
Last position-specific scoring matrix computed, weighted observed percentages rounded down, information per position, and relative weight of gapless real matches to pseudocounts
           A  R  N  D  C  Q  E  G  H  I  L  K  M  F  P  S  T  W  Y  V   A   R   N   D   C   Q   E   G   H   I   L   K   M   F   P   S   T   W   Y   V
    1 M   -2 -2 -3 -4 -2 -1 -3 -4 -3  1  1 -2  9 -1 -4 -2 -2 -2 -2  0    0   0   0   0   0   0   0   0   0   1   0   0  99   0   0   0   0   0   0   0  1.09 0.18
    2 G    0 -3 -1 -2 -3 -3 -3  6 -3 -5 -4 -2 -3 -4 -3 -1 -2 -3 -4 -4    0   0   0   0   0   0   0  99   0   0   0   0   0   0   0   0   0   0   0   0  1.33 0.12
    3 G    0 -3 -1 -2 -3 -2 -3  6 -3 -5 -4 -2 -3 -4 -3 -1 -2 -3 -4 -4    1   0   1   0   0   0   0  96   0   0   0   0   0   0   0   2   0   0   0   0  1.26 0.11
    4 K   -1  2 -1 -1 -4  1  0 -2 -1 -3 -3  6 -2 -4 -2 -1 -1 -4 -3 -3    0   0   0   0   0   1   0   0   0   0   0  99   0   0   0   0   0   0   0   0  0.89 0.13
    5 W   -4 -4 -5 -6 -2 -3 -4 -4 -4 -4 -3 -4 -3  0 -5 -4 -4 12  1 -4    0   0   0   0   1   0   0   0   0   0   0   0   0   0   0   0   0  99   0   0  3.11 0.21
    6 S    1 -1  0 -1 -2 -1 -1 -1 -2 -3 -3 -1 -2 -3 -2  5  1 -4 -2 -2    0   0   0   0   0   0   0   0   0   0   0   0   0   0   0 100   0   0   0   0  0.78 0.13
    7 K   -1  2 -1 -1 -4  1  0 -2 -1 -4 -3  6 -2 -4 -2 -1 -1 -4 -3 -3    0   0   0   0   0   0   0   0   0   0   0 100   0   0   0   0   0   0   0   0  0.89 0.13
    8 R   -1  5  0 -2  2  0 -1 -2 -1 -3 -2  1 -2 -3 -1  2 -1 -3 -2 -2    0  53   4   0   7   0   0   1   1   0   2   0   0   0   2  28   0   0   0   0  0.44 0.08
    9 S    0  0  0 -1 -1 -1 -1  0 -1 -1 -3  0 -2 -3 -1  5  1 -3 -2 -2    1   4   1   0   0   0   0   2   0   4   1   4   0   0   0  78   2   0   0   1  0.46 0.09
   10 M    0 -1 -2 -3 -2 -2 -2  1 -3  2  1 -1  3 -1 -2 -1 -1 -3 -2  3    2   3   0   0   0   0   2  18   0   8   8   2  16   1   0   0   2   0   0  36  0.15 0.04
   11 A    0 -2 -1  0 -2 -2 -1  2 -2  1 -1 -2 -1 -1  2  0  0 -3 -2  2    4   1   1   4   0   0   3  24   0   7   1   1   0   1  12   5   2   0   0  32  0.17 0.03
   12 G    0 -3 -1 -2 -3 -2 -2  6 -3 -4 -4 -2 -3 -4 -3 -1 -2 -3 -4 -4    0   0   0   1   0   0   2  96   0   0   0   0   0   0   0   0   0   0   0   0  1.25 0.11
   13 W   -4 -4 -5 -5 -3 -3 -4 -4 -4 -4 -3 -4 -3  0 -5 -4 -4 12  1 -4    0   0   0   0   0   0   0   0   0   0   0   0   0   0   0   0   0  99   0   0  3.11 0.21
   14 P    0 -2 -1 -1 -3 -1 -1 -2 -2 -3 -3 -1 -3 -3  7  1  0 -4 -3 -3    3   0   2   2   0   1   0   0   0   0   0   0   0   1  71  17   3   0   0   0  1.42 0.11
   15 T    4 -1 -1 -2 -1 -1 -1 -1 -2 -2 -2  0 -1 -3 -1  1  3 -3 -2 -1   59   3   1   0   0   0   0   0   0   1   0   3   0   0   0   2  30   0   0   1  0.37 0.07
   16 V   -1 -3 -4 -4 -1 -3 -3 -4 -4  4  1 -3  0 -1 -3 -2 -1 -3 -2  5    0   0   0   0   0   0   0   0   0  27   0   0   0   0   0   0   0   0   0  73  0.55 0.09
   17 R   -2  7 -1 -2 -4  0 -1 -3 -1 -4 -3  2 -2 -3 -3 -1 -2 -3 -2 -3    0  97   0   0   0   0   0   0   0   0   0   0   0   0   0   0   0   0   0   0  1.11 0.13
   18 E   -1 -1 -1  2 -4  1  6 -3 -1 -4 -4  0 -3 -4 -2 -1 -1 -4 -3 -3    0   0   0   5   0   0  91   0   0   0   0   0   0   0   0   0   0   0   0   0  0.95 0.12
   19 R   -2  7 -1 -2 -4  0 -1 -3 -1 -4 -3  2 -2 -3 -3 -1 -2 -3 -2 -3    0  92   0   0   0   0   0   0   0   0   0   4   0   0   0   0   0   0   0   0  1.03 0.12
   20 M   -2 -2 -3 -4 -2 -1 -3 -3 -2  1  1 -2  8 -1 -3 -2 -1 -2 -2  0    0   0   0   0   0   0   0   0   0   4   1   0  91   0   0   0   0   0   0   1  0.89 0.15
   21 R   -2  6 -1 -2 -3  1  0 -2 -1 -3 -2  2 -2 -3 -2 -1 -1 -3 -2 -3    1  79   1   0   0   1   1   1   0   0   1  10   1   0   0   1   1   0   0   1  0.80 0.09
   22 R   -2  6 -1 -2 -4  1  0 -3 -1 -3 -2  2 -1 -3 -2 -1 -2 -3 -2 -3    1  86   0   0   0   5   1   1   0   0   1   1   1   0   0   1   1   0   0   1  0.89 0.10
   23 A    4 -1 -1 -2 -1 -1 -1 -1 -2 -1 -2 -1 -1 -2 -1  1  2 -3 -2  0   62   4   0   0   0   0   1   1   0   1   1   0   1   0   0   1  23   0   0   2  0.34 0.07
   24 E   -1  1 -1  1 -3  2  5 -1 -1 -3 -3  1 -2 -3 -1  0 -1 -3 -2 -2    4   6   1   3   0   3  64   4   0   1   1   4   0   0   1   1   1   0   0   3  0.50 0.07
   25 P   -1 -1 -2 -2 -3 -1 -1 -2 -2 -3 -3 -1 -2 -4  8 -1 -1 -3 -3 -3    2   4   1   1   0   0   2   1   0   1   1   1   1   0  83   1   1   0   0   1  1.71 0.11
   26 A    3  0 -1 -1 -1  0  0  0 -1 -1 -1  0  0 -1  0  1  1 -1 -1  0   41   5   2   2   1   2   6   5   1   2   4   2   3   2   4   3   8   1   1   5  0.11 0.02
   27 A    2  2 -1  0 -1  0  0  0 -1 -1 -1  0 -1 -1  0  0  0 -1 -1 -1   31  16   2   3   1   2   6   4   1   2   4   3   1   2   4   3   7   1   1   3  0.10 0.01
   28 E    0  1  0  2 -2  1  3 -1  0 -1 -1  0 -1 -2  0  0  0 -1 -1 -1    9  11   2  13   1   2  27   5   1   2   4   3   2   2   3   4   3   1   1   3  0.15 0.01
   29 R    1  3  0 -1 -1  0  0  1 -1 -1 -1  1 -1 -2  2  0  0 -1 -1 -1   14  25   2   2   1   2   7  11   1   3   4   3   2   2   9   3   3   1   1   3  0.14 0.01
   30 M    1  2  0  0 -1  0  1  0 -1  0 -1  0  0 -1  0  0  0 -1 -1  0   13  15   2   4   1   2  11   6   1   3   5   4   5   2   5   4   3   1   2  11  0.05 0.00
   31 R    1  3  0 -1 -1  0  0  0 -1 -1 -1  1 -1 -2  2  0  0 -1 -1 -1   13  25   2   2   1   3   5   6   1   2   4   8   1   2  11   4   3   1   1   3  0.16 0.01
   32 R    1  3  0 -1 -2  2  1 -1  0 -2 -1  1 -1 -2  1  0  0 -2 -1 -1   16  28   2   2   1  16   6   3   1   2   3   3   1   1   5   3   3   0   1   3  0.19 0.02
   33 A    3 -1 -1 -1 -1 -1  0  0 -1 -1 -1 -1 -1 -2  0  1  1 -2 -1  0   43   3   2   3   1   2   3   4   1   2   3   2   1   1   4   3  16   0   1   5  0.14 0.02
   34 E    0  0 -1  1 -3  1  5 -2 -1 -2 -2  0 -2 -2 -1  0 -1 -2 -2 -2    6   2   1   2   0   1  70   2   1   1   2   1   1   1   2   2   1   0   1   2  0.52 0.06
   35 P   -1 -2 -2 -1 -2 -1 -1 -2 -2 -2 -2 -1 -2 -3  7 -1 -1 -3 -2 -2    4   1   1   1   0   1   4   2   1   1   2   2   1   1  71   2   2   0   1   2  1.34 0.07
   36 A    5 -2 -2 -2 -1 -1 -1  0 -2 -2 -2 -1 -1 -3 -1  1 -1 -3 -2 -1   92   1   0   0   0   0   0   1   0   0   1   1   0   0   1   0   0   0   0   0  0.59 0.10
   37 A    5 -2 -2 -2 -1 -1 -1  0 -2 -2 -2 -1 -1 -3 -1  1 -1 -3 -2 -1   92   1   0   1   0   0   1   0   0   0   1   0   0   0   0   0   0   0   0   1  0.58 0.10
   38 D    0 -1  0  5 -3  0  3 -1 -1 -2 -3 -1 -2 -3 -1  0 -1 -4 -3 -1    7   1   0  51   0   0  24   1   0   1   1   1   0   0   1   1   2   0   0   7  0.51 0.06
   39 G    0 -3 -1 -2 -3 -2 -3  6 -3 -4 -4 -2 -3 -4 -3 -1 -2 -3 -4 -3    2   0   0   0   0   0   0  95   0   0   0   0   0   0   0   0   0   0   0   1  1.23 0.11
   40 V    0 -3 -3 -4 -1 -3 -3 -3 -4  2  0 -3  0 -1 -3 -2 -1 -3 -2  5    2   0   0   0   0   0   0   1   0   0   0   0   0   0   0   0   0   0   0  95  0.60 0.11
   41 G    0 -3 -1 -2 -3 -2 -2  6 -3 -4 -4 -2 -3 -4 -3 -1 -2 -3 -4 -4    1   0   0   0   0   0   1  95   0   0   0   0   0   0   0   0   0   0   0   0  1.23 0.11
   42 A    5 -2 -2 -2 -1 -1 -1  0 -2 -2 -2 -1 -2 -3 -1  1 -1 -3 -2 -1   96   0   0   0   0   0   0   0   0   0   0   0   0   0   1   1   0   0   0   0  0.66 0.11
   43 V    2 -3 -3 -3 -1 -2 -2 -2 -3  1  0 -2  0 -2 -2 -1  0 -3 -2  4   29   0   0   0   0   0   0   1   0   0   0   0   0   0   0   0   0   0   0  68  0.38 0.08
   44 S    1 -1  0 -1 -2 -1 -1 -1 -2 -3 -3 -1 -2 -3 -2  5  1 -4 -2 -2    0   0   0   0   0   0   0   0   0   0   0   0   0   0   0  99   0   0   0   1  0.76 0.13
   45 R   -2  7 -1 -2 -4  1 -1 -3 -1 -4 -3  2 -2 -4 -3 -1 -2 -4 -2 -3    0  97   0   0   0   2   0   0   0   0   0   0   0   0   0   0   0   0   0   0  1.13 0.13
   46 D   -3 -2  1  7 -4 -1  1 -2 -2 -4 -5 -1 -4 -4 -2 -1 -2 -5 -4 -4    0   0   0 100   0   0   0   0   0   0   0   0   0   0   0   0   0   0   0   0  1.34 0.14
   47 L   -2 -3 -4 -4 -2 -3 -4 -4 -4  1  5 -3  2  0 -4 -3 -2 -2 -2  0    0   0   0   0   0   0   0   0   0   0 100   0   0   0   0   0   0   0   0   0  0.72 0.10
   48 E   -1 -1 -1  2 -4  1  6 -2 -1 -4 -4  0 -3 -4 -2 -1 -2 -4 -3 -3    4   0   0   4   0   0  90   2   0   0   0   0   0   0   0   0   0   0   0   0  0.92 0.12
   49 R   -1  4 -1 -1 -4  1  0 -2 -1 -3 -3  5 -2 -4 -2 -1 -1 -4 -2 -3    1  28   0   0   0   2   1   0   1   0   0  65   0   0   0   0   1   0   0   0  0.67 0.09
   50 H   -3  0  0 -2 -4  0 -1 -3  9 -4 -3 -1 -2 -2 -3 -2 -3 -3  3 -4    0   3   0   0   0   0   0   0  90   0   0   0   0   0   0   0   0   0   7   0  1.38 0.16
   51 G    0 -3 -1 -2 -3 -3 -3  6 -3 -5 -5 -2 -3 -4 -3 -1 -2 -3 -4 -4    0   0   0   0   0   0   0 100   0   0   0   0   0   0   0   0   0   0   0   0  1.35 0.12
   52 A    5 -2 -2 -2 -1 -1 -2  0 -2 -2 -2 -1 -2 -3 -1  1 -1 -3 -3 -1  100   0   0   0   0   0   0   0   0   0   0   0   0   0   0   0   0   0   0   0  0.71 0.12
   53 I   -2 -4 -4 -4 -2 -3 -4 -5 -4  6  1 -3  1 -1 -3 -3 -1 -3 -2  2    0   0   0   0   0   0   0   0   0  90   5   0   0   0   0   0   0   0   0   4  0.67 0.11
   54 T   -1 -2 -1 -2 -2 -1 -2 -2 -3 -1 -2 -1 -1 -3 -2  1  6 -3 -2 -1    0   0   0   0   0   0   0   0   0   0   0   0   0   0   0   0 100   0   0   0  0.88 0.14
   55 S    1 -1  1 -1 -2 -1 -1 -1 -2 -3 -3 -1 -2 -3 -2  5  1 -4 -2 -2    0   0   2   0   0   0   0   0   0   0   0   0   0   0   0  95   3   0   0   0  0.72 0.12
   56 S    1 -1  1 -1 -2 -1 -1 -1 -2 -3 -3 -1 -2 -3 -2  5  1 -4 -2 -2    0   1   3   0   0   0   0   0   0   0   0   0   0   0   0  95   1   0   0   0  0.72 0.12
   57 N   -2 -1  7  1 -4 -1 -1 -1  0 -4 -4 -1 -3 -4 -3  0 -1 -5 -3 -4    0   0  99   0   0   0   0   0   0   0   0   0   0   0   0   0   0   0   0   0  1.18 0.14
   58 T   -1 -2 -1 -2 -2 -1 -2 -2 -2 -1 -2 -1 -1 -3 -2  1  6 -3 -2 -1    0   0   0   0   0   0   0   0   0   0   0   0   0   0   0   0 100   0   0   0  0.87 0.14
   59 A    5 -2 -2 -2 -1 -1 -1 -1 -2 -2 -2 -1 -2 -3  2  1 -1 -3 -3 -1   88   0   0   0   0   0   0   0   0   0   0   0   0   0  10   1   0   0   0   1  0.61 0.10
   60 A    5 -2 -1 -2 -1 -1 -1  0 -2 -2 -2 -1 -2 -3 -1  1  1 -3 -2 -1   82   0   1   1   0   0   0   2   0   0   0   0   0   0   0   3  11   0   0   0  0.51 0.09
   61 T   -1 -1  4  0 -2 -1 -1 -2 -1 -2 -2 -1 -2 -3 -2  1  5 -4 -2 -1    0   0  34   0   0   0   0   0   0   0   0   0   0   0   0   2  63   0   0   0  0.60 0.10
   62 N   -2 -1  7  1 -4 -1 -1 -1  0 -4 -4 -1 -3 -4 -3  0 -1 -5 -3 -4    0   0 100   0   0   0   0   0   0   0   0   0   0   0   0   0   0   0   0   0  1.21 0.15
   63 A    5 -2 -2 -2 -1 -1 -1  0 -2 -2 -2 -1 -2 -3  0  1 -1 -3 -3 -1   95   0   0   1   0   0   0   0   0   0   0   0   0   0   2   1   0   0   0   0  0.65 0.11
   64 D    0 -2  1  7 -4 -1  1 -2 -2 -4 -4 -1 -3 -4 -2 -1 -1 -5 -4 -3   12   0   0  86   0   0   0   0   0   0   0   0   0   0   0   0   1   0   0   0  1.01 0.11
   65 C   -1 -4 -4 -5 10 -4 -5 -3 -4 -2 -2 -4 -2 -3 -4 -2 -2 -3 -3 -1    0   0   0   0  97   0   0   0   0   1   0   0   0   0   0   0   0   0   0   1  1.93 0.17
   66 A    5 -2 -2 -2 -1 -1 -2  0 -2 -2 -2 -1 -2 -3 -1  1 -1 -3 -3 -1  100   0   0   0   0   0   0   0   0   0   0   0   0   0   0   0   0   0   0   0  0.71 0.12
   67 W   -4 -3 -5 -6 -4 -3 -4 -4 -4 -4 -3 -4 -3  0 -5 -4 -4 12  1 -4    0   1   0   0   0   0   0   0   0   0   0   0   0   0   0   0   0  99   0   0  3.13 0.21
   68 L   -2 -3 -4 -4 -2 -3 -4 -4 -4  1  5 -3  2  0 -4 -3 -2 -2 -2  1    0   0   0   0   0   0   0   0   0   0  98   0   0   0   0   0   0   0   0   2  0.71 0.10
   69 E   -1 -1 -1  1 -5  1  6 -3 -1 -4 -4  0 -3 -4 -2 -1 -2 -4 -3 -3    1   0   0   0   0   0  99   0   0   0   0   0   0   0   0   0   0   0   0   0  1.07 0.13
   70 A    5 -2 -2 -2 -1 -1 -2  0 -2 -2 -2 -1 -2 -3 -1  1 -1 -3 -3 -1   99   0   0   0   0   0   0   1   0   0   0   0   0   0   0   1   0   0   0   0  0.70 0.12
   71 Q   -2  0 -1 -1 -4  7  1 -3  0 -4 -3  1 -1 -4 -2 -1 -2 -3 -2 -3    0   0   0   0   0  99   0   0   1   0   0   0   0   0   0   0   0   0   0   0  1.13 0.16
   72 E   -2 -1 -1  1 -5  2  6 -3 -1 -4 -4  0 -3 -4 -2 -1 -2 -4 -3 -3    0   0   0   0   0   1  97   0   0   0   0   1   0   0   0   0   0   0   0   0  1.05 0.13
   73 E   -2 -1  0  4 -4  1  5 -2 -1 -4 -4  0 -3 -4 -2 -1 -2 -4 -3 -3    0   0   0  32   0   0  67   0   0   0   0   0   0   0   0   0   0   0   0   0  0.85 0.10
   74 E   -2 -1 -1  1 -5  1  6 -3 -1 -4 -4  0 -3 -4 -2 -1 -2 -4 -3 -3    0   0   0   2   0   0  98   0   0   0   0   0   0   0   0   0   0   0   0   0  1.07 0.13
   75 E   -2 -1 -1  2 -5  1  6 -3 -1 -4 -4  0 -3 -4 -2 -1 -2 -4 -3 -3    0   0   0   4   0   0  95   0   0   0   0   0   0   0   0   0   0   0   0   0  1.02 0.13
   76 V   -1 -3 -4 -4 -1 -3 -3 -4 -4  2  0 -3  0 -2 -3 -2 -1 -4 -2  5    0   0   0   0   0   0   0   0   0   0   0   0   0   0   0   0   0   0   0 100  0.68 0.12
   77 G    0 -3 -1 -2 -3 -3 -3  7 -3 -5 -5 -2 -4 -4 -3 -1 -2 -3 -4 -4    0   0   0   0   0   0   0 100   0   0   0   0   0   0   0   0   0   0   0   0  1.36 0.12
   78 F   -3 -4 -4 -4 -3 -4 -4 -4 -2 -1  0 -4 -1  8 -5 -3 -3  0  2 -2    0   0   0   0   0   0   0   0   0   0   0   0   0 100   0   0   0   0   0   0  1.27 0.14
   79 P   -2 -3 -3 -2 -4 -2 -2 -3 -3 -4 -4 -2 -3 -5  8 -2 -2 -5 -4 -3    0   0   0   0   0   0   0   0   0   0   0   0   0   0 100   0   0   0   0   0  2.36 0.15
   80 V   -1 -3 -4 -4 -1 -3 -3 -4 -4  2  0 -3  0 -2 -3 -2 -1 -4 -2  5    0   0   0   0   0   0   0   0   0   0   0   0   0   0   0   0   0   0   0  99  0.69 0.12
   81 R   -2  6 -1 -2 -4  0 -1 -3 -1 -4 -3  3 -2 -4 -3 -1 -1 -3 -2 -3    0  82   0   0   0   0   0   0   0   0   0  14   0   0   0   0   2   0   0   0  0.92 0.11
   82 P   -2 -3 -3 -2 -4 -2 -2 -3 -3 -4 -4 -2 -3 -5  8 -2 -2 -5 -4 -3    0   0   0   0   0   0   0   0   0   0   0   0   0   0 100   0   0   0   0   0  2.34 0.15
   83 Q   -2  0 -1 -1 -4  7  1 -3  0 -4 -3  1 -1 -4 -2 -1 -2 -3 -2 -3    0   0   0   0   0 100   0   0   0   0   0   0   0   0   0   0   0   0   0   0  1.15 0.16
   84 V   -1 -3 -4 -4 -1 -3 -3 -4 -4  2  0 -3  0 -2 -3 -2 -1 -4 -2  5    0   0   0   0   0   0   0   0   0   0   0   0   0   0   0   0   0   0   0 100  0.69 0.12
   85 P   -2 -3 -3 -2 -4 -2 -2 -3 -3 -4 -4 -2 -3 -5  8 -2 -2 -5 -4 -3    0   0   0   0   0   0   0   0   0   0   0   0   0   0 100   0   0   0   0   0  2.36 0.15
   86 L   -2 -3 -4 -4 -2 -3 -4 -4 -4  1  5 -3  2  0 -4 -3 -2 -2 -2  0    0   0   0   0   0   0   0   0   0   0  98   0   0   0   0   0   0   0   0   1  0.71 0.10
   87 R   -2  7 -1 -2 -4  0 -1 -3 -1 -4 -3  2 -2 -4 -3 -2 -2 -4 -3 -3    0 100   0   0   0   0   0   0   0   0   0   0   0   0   0   0   0   0   0   0  1.18 0.14
   88 P   -2 -3 -3 -2 -4 -2 -2 -3 -3 -4 -4 -2 -3 -5  8 -2 -2 -5 -4 -3    0   0   0   0   0   0   0   0   0   0   0   0   0   0 100   0   0   0   0   0  2.34 0.15
   89 M   -2 -2 -3 -4 -2 -1 -3 -4 -3  0  1 -2  9 -1 -4 -2 -2 -2 -2  0    0   0   0   0   0   0   0   0   0   0   0   0 100   0   0   0   0   0   0   0  1.10 0.18
   90 T   -1 -2 -1 -2 -2 -1 -2 -2 -2 -1 -2 -1 -1 -3 -2  1  6 -3 -2 -1    0   0   0   1   0   0   0   0   0   0   0   0   0   0   0   0  99   0   0   0  0.85 0.14
   91 H   -3 -2 -3 -4 -3 -2 -3 -4  1 -2 -2 -3 -2  3 -3 -2 -2  2  8 -2    0   1   0   0   0   0   0   0   1   0   0   0   0   8   1   0   0   0  88   0  1.25 0.14
   92 K   -1  2 -1 -1 -4  1  0 -2 -1 -4 -3  6 -2 -4 -2 -1 -1 -4 -3 -3    0   3   0   0   0   1   0   0   0   0   0  96   0   0   0   0   0   0   0   0  0.86 0.12
   93 A    3 -2 -1 -2 -2 -2 -2  5 -2 -3 -3 -2 -2 -3 -2  0 -1 -3 -3 -2   41   0   0   0   0   0   0  55   0   0   0   0   0   0   0   1   0   0   0   0  0.67 0.08
   94 A    5 -2 -2 -2 -1 -1 -2  0 -2 -2 -2 -1 -2 -3 -1  1 -1 -3 -3 -1   99   0   0   0   0   0   0   0   0   0   0   0   0   0   0   1   0   0   0   0  0.71 0.12
   95 M   -1 -2 -4 -4 -2 -3 -3 -4 -3  2  3 -3  1  1 -3 -3 -1 -2 -1  3    0   1   0   0   0   0   0   0   0   3  46   0   2   6   0   0   0   0   0  40  0.37 0.06
   96 D   -3 -2  1  7 -4 -1  1 -2 -2 -4 -5 -1 -4 -4 -2 -1 -2 -5 -3 -4    0   0   1  99   0   0   0   0   0   0   0   0   0   0   0   0   0   0   1   0  1.31 0.13
   97 L   -2 -3 -4 -4 -2 -3 -4 -4 -4  1  5 -3  2  0 -4 -3 -2 -2 -2  0    0   0   0   0   0   0   0   0   0   3  96   0   1   0   0   0   0   0   0   0  0.69 0.10
   98 S    1 -1  0 -1 -2 -1 -1 -1 -2 -3 -3 -1 -2 -3 -2  5  1 -4 -2 -2    0   0   0   0   0   0   0   0   0   0   0   0   0   0   0 100   0   0   0   0  0.78 0.13
   99 H   -3 -1  0 -2 -4  0 -1 -3 10 -4 -4 -2 -3 -2 -3 -2 -3 -3  1 -4    0   0   0   0   0   0   0   0  99   0   0   0   0   1   0   0   0   0   0   0  1.62 0.17
  100 F   -3 -4 -4 -4 -3 -4 -4 -4 -2 -1  0 -4 -1  8 -5 -3 -3  0  2 -2    0   0   0   0   0   0   0   0   0   0   0   0   0  99   0   1   0   0   0   0  1.26 0.14
  101 L   -2 -3 -4 -4 -2 -3 -4 -4 -4  1  5 -3  2  0 -4 -3 -2 -2 -2  0    0   0   0   0   0   0   0   0   0   1  99   0   0   0   0   0   0   0   0   0  0.72 0.10
  102 K   -1  3 -1 -1 -4  1  0 -2 -1 -3 -3  6 -2 -4 -2 -1 -1 -4 -3 -3    0  11   0   0   0   0   0   0   0   0   0  88   0   0   0   0   0   0   0   0  0.79 0.11
  103 E   -2 -1 -1  1 -5  1  6 -3 -1 -4 -4  0 -3 -4 -2 -1 -1 -4 -3 -3    0   0   0   0   0   0  98   0   0   0   0   1   0   0   0   0   1   0   0   0  1.05 0.13
  104 K   -1  2 -1 -1 -4  1  1 -2 -1 -3 -3  6 -2 -4 -2 -1 -1 -4 -3 -3    0   0   0   0   0   1   2   0   0   0   0  96   0   0   0   0   0   0   0   0  0.84 0.12
  105 G    0 -3 -1 -2 -3 -3 -3  7 -3 -5 -5 -2 -4 -4 -3 -1 -2 -3 -4 -4    0   0   0   0   0   0   0 100   0   0   0   0   0   0   0   0   0   0   0   0  1.36 0.12
  106 G    0 -3 -1 -2 -3 -3 -3  7 -3 -5 -5 -2 -4 -4 -3 -1 -2 -3 -4 -4    0   0   0   0   0   0   0 100   0   0   0   0   0   0   0   0   0   0   0   0  1.36 0.12
  107 L   -2 -3 -4 -4 -2 -3 -4 -4 -4  1  5 -3  2  0 -4 -3 -2 -2 -2  0    0   0   0   0   0   0   0   0   0   0 100   0   0   0   0   0   0   0   0   0  0.73 0.10
  108 E   -2 -1 -1  2 -4  1  6 -3 -1 -4 -4  0 -3 -4 -2 -1 -2 -4 -3 -3    0   0   0   8   0   0  92   0   0   0   0   0   0   0   0   0   0   0   0   0  0.99 0.12
  109 G    0 -3 -1 -2 -3 -3 -3  7 -3 -5 -5 -2 -3 -4 -3 -1 -2 -3 -4 -4    0   0   0   0   0   0   0 100   0   0   0   0   0   0   0   0   0   0   0   0  1.35 0.12
  110 L   -2 -3 -4 -4 -2 -3 -4 -4 -3  1  5 -3  2  0 -4 -3 -2 -2 -2  0    0   0   0   0   0   0   0   0   0   3  95   0   1   0   0   0   0   0   0   0  0.68 0.10
  111 I   -2 -4 -4 -4 -2 -3 -4 -4 -4  5  1 -3  1 -1 -3 -3 -1 -3 -2  3    0   0   0   0   0   0   0   0   0  79   0   0   0   0   0   0   1   0   0  17  0.59 0.10
  112 H   -3 -2 -2 -3 -3 -1 -2 -3  6 -3 -2 -2 -2  2 -3 -2 -2  4  7 -2    0   0   0   0   0   0   0   0  31   0   0   0   0   2   0   0   0   5  61   0  1.01 0.12
  113 S    1 -2  0 -1 -1 -1 -1 -1 -2 -3 -3 -1 -2 -3 -2  5  1 -4 -2 -2    0   0   0   0   1   0   0   0   0   0   0   0   0   1   0  98   0   0   0   0  0.75 0.13
  114 Q   -2  0 -1 -1 -4  7  1 -3  0 -4 -3  1 -1 -4 -2 -1 -2 -3 -2 -3    0   1   0   0   0  97   0   0   1   0   0   0   0   0   1   0   0   0   0   0  1.10 0.15
  115 Q   -1  3 -1 -1 -4  3  0 -2 -1 -3 -3  5 -2 -4 -2 -1 -1 -3 -2 -3    0  18   0   0   0  14   0   0   0   0   0  66   0   0   0   0   0   0   0   0  0.65 0.09
  116 R   -2  7 -1 -2 -4  0 -1 -3 -1 -4 -3  2 -2 -4 -3 -2 -2 -4 -3 -3    0 100   0   0   0   0   0   0   0   0   0   0   0   0   0   0   0   0   0   0  1.18 0.14
  117 Q   -2  1 -1 -1 -4  7  1 -3  0 -4 -3  1 -1 -4 -2 -1 -1 -3 -2 -3    0   4   0   0   0  95   0   0   0   0   0   1   0   0   0   0   0   0   0   0  1.07 0.15
  118 D   -2 -2  1  7 -4 -1  2 -2 -2 -4 -4 -1 -4 -4 -2 -1 -2 -5 -4 -4    0   0   0  87   0   0  12   0   0   0   0   0   0   0   0   0   0   0   0   0  1.13 0.12
  119 I   -2 -4 -4 -4 -2 -4 -4 -5 -4  6  1 -4  1 -1 -4 -3 -1 -3 -2  2    0   0   0   0   0   0   0   0   0 100   0   0   0   0   0   0   0   0   0   0  0.78 0.12
  120 L   -2 -3 -4 -4 -2 -3 -4 -4 -4  1  5 -3  2  0 -4 -3 -2 -2 -2  0    0   0   0   0   0   0   0   0   0   0 100   0   0   0   0   0   0   0   0   0  0.73 0.10
  121 D   -3 -2  1  7 -4 -1  1 -2 -2 -4 -5 -1 -4 -4 -2 -1 -2 -5 -4 -4    0   0   0 100   0   0   0   0   0   0   0   0   0   0   0   0   0   0   0   0  1.34 0.14
  122 L   -2 -3 -4 -4 -2 -3 -4 -4 -4  1  5 -3  2  0 -3 -3 -2 -2 -2  0    0   0   0   0   0   0   0   0   0   0  99   0   0   0   0   0   0   0   0   0  0.71 0.10
  123 W   -4 -4 -5 -6 -4 -3 -4 -4 -4 -4 -3 -4 -3  0 -5 -4 -4 12  1 -4    0   0   0   0   0   0   0   0   0   0   0   0   0   0   0   0   0 100   0   0  3.16 0.21
  124 V   -1 -3 -4 -4 -1 -3 -3 -4 -4  3  1 -3  1 -1 -3 -2 -1 -3 -2  5    0   0   0   0   0   0   0   0   0  20   0   0   1   0   0   0   0   0   0  79  0.58 0.09
  125 Y   -3 -3 -3 -4 -3 -2 -3 -4  1 -2 -2 -3 -2  2 -4 -3 -3  2  8 -2    0   0   0   0   0   0   0   0   1   0   0   0   0   0   0   0   0   0  99   0  1.45 0.16
  126 H   -3 -1  2 -1 -4  0 -1 -3  9 -4 -4 -2 -3 -2 -3 -2 -2 -3  1 -4    0   0   7   0   0   0   0   0  92   0   0   0   0   0   0   0   0   0   0   0  1.44 0.16
  127 T   -1 -2 -1 -2 -2 -1 -2 -2 -3 -1 -2 -1 -1 -3 -2  1  6 -3 -2 -1    0   0   0   0   0   0   0   0   0   0   0   0   0   0   0   0 100   0   0   0  0.87 0.14
  128 Q   -2  0 -1 -1 -4  7  1 -3  0 -4 -3  1 -1 -4 -2 -1 -2 -3 -2 -3    0   0   0   0   0 100   0   0   0   0   0   0   0   0   0   0   0   0   0   0  1.15 0.16
  129 G    0 -3 -1 -2 -3 -3 -3  7 -3 -5 -5 -2 -4 -4 -3 -1 -2 -3 -4 -4    0   0   0   0   0   0   0 100   0   0   0   0   0   0   0   0   0   0   0   0  1.36 0.12
  130 Y   -3 -3 -3 -4 -3 -2 -3 -4  1 -2 -2 -3 -2  3 -4 -3 -3  2  8 -2    0   0   0   0   0   0   0   0   0   0   0   0   0   6   0   0   0   0  94   0  1.39 0.15
  131 F   -3 -4 -4 -4 -3 -4 -4 -4 -2 -1  0 -4 -1  8 -5 -3 -3  0  2 -2    0   0   0   0   0   0   0   0   0   0   0   0   0 100   0   0   0   0   0   0  1.28 0.14
  132 P   -2 -3 -3 -2 -4 -2 -2 -3 -3 -4 -4 -2 -3 -5  8 -2 -2 -5 -4 -3    0   0   0   0   0   0   0   0   0   0   0   0   0   0 100   0   0   0   0   0  2.36 0.15
  133 D   -3 -2  1  7 -4 -1  1 -2 -2 -4 -5 -1 -4 -4 -2 -1 -2 -5 -4 -4    0   0   0 100   0   0   0   0   0   0   0   0   0   0   0   0   0   0   0   0  1.34 0.14
  134 W   -4 -4 -5 -6 -4 -3 -4 -4 -4 -4 -3 -4 -3  0 -5 -4 -4 12  1 -4    0   0   0   0   0   0   0   0   0   0   0   0   0   0   0   0   0 100   0   0  3.16 0.21
  135 Q   -2  0 -1 -1 -4  7  1 -3  1 -4 -3  1 -1 -4 -2 -1 -2 -3 -2 -3    0   0   0   1   0  96   0   0   3   0   0   0   0   0   0   0   0   0   0   0  1.09 0.15
  136 N   -2 -1  7  1 -2 -1 -1 -1  0 -4 -4 -1 -3 -4 -3  0 -1 -5 -3 -4    0   0  98   0   1   0   0   1   0   0   0   0   0   0   0   0   0   0   0   0  1.16 0.14
  137 Y   -3 -3 -3 -4 -3 -2 -3 -4  1 -2 -2 -3 -2  2 -4 -3 -3  2  8 -2    0   0   0   0   0   0   0   0   0   0   0   0   0   0   0   0   0   0 100   0  1.49 0.16
  138 T   -1 -2 -1 -2 -2 -1 -2 -2 -3 -1 -2 -1 -1 -3 -2  1  6 -3 -2 -1    0   0   0   0   0   0   0   0   0   0   0   0   0   0   0   0 100   0   0   0  0.88 0.14
  139 P   -1 -3 -3 -2 -4 -2 -2 -3 -3 -4 -4 -1 -3 -5  8 -1 -2 -5 -4 -3    0   0   0   0   0   1   0   0   0   0   0   2   0   0  96   1   0   0   0   0  2.20 0.15
  140 G    0 -3 -1 -2 -3 -3 -3  6 -3 -5 -4 -2 -3 -4 -3 -1 -2 -3 -4 -4    0   0   0   0   0   0   0  99   0   0   0   0   0   0   0   0   0   0   0   0  1.35 0.12
  141 G    0 -3 -1 -2 -3 -3 -3  7 -3 -5 -5 -2 -4 -4 -3 -1 -2 -3 -4 -4    0   0   0   0   0   0   0 100   0   0   0   0   0   0   0   0   0   0   0   0  1.36 0.12
  142 T   -1 -3 -2 -3 -1 -2 -2 -3 -3  3  0 -2  0 -1 -2 -1  3 -3 -2  3    0   0   0   0   0   0   0   0   0  40   0   0   0   0   1   0  36   0   0  21  0.33 0.07
  143 R   -2  7 -1 -2 -4  0 -1 -3 -1 -4 -3  2 -2 -4 -3 -2 -2 -4 -3 -3    0 100   0   0   0   0   0   0   0   0   0   0   0   0   0   0   0   0   0   0  1.18 0.14
  144 W   -3 -3 -3 -4 -3 -3 -3 -4  1 -2 -1 -3 -1  5 -4 -3 -3  3  7 -2    0   0   0   0   0   0   0   0   0   0   0   0   0  23   0   0   0   2  74   0  1.15 0.13
  145 P   -2 -3 -3 -2 -4 -2 -2 -3 -3 -4 -4 -2 -3 -5  8 -2 -2 -5 -4 -3    0   0   0   0   0   0   0   0   0   0   0   0   0   0 100   0   0   0   0   0  2.36 0.15
  146 L   -2 -3 -4 -4 -2 -3 -4 -4 -4  1  5 -3  2  0 -4 -3 -2 -2 -2  0    0   0   0   0   0   0   0   0   0   1  99   0   0   0   0   0   0   0   0   0  0.72 0.10
  147 T   -1 -2 -1 -2  1 -1 -2 -2 -3 -1 -2 -1 -1 -3 -2  1  6 -3 -2 -1    0   0   0   0   4   0   0   0   0   0   0   0   0   0   0   0  96   0   0   0  0.82 0.13
  148 F   -3 -4 -4 -4 -3 -4 -4 -4 -2 -1  0 -4 -1  8 -5 -3 -3  0  3 -2    0   0   0   0   0   0   0   0   0   0   2   0   0  97   0   0   0   0   1   0  1.20 0.14
  149 G    0 -3 -1 -2 -3 -2 -3  6 -3 -5 -5 -2 -3 -4 -3 -1 -2 -3 -4 -4    0   1   0   0   0   0   0  99   0   0   0   0   0   0   0   0   0   0   0   0  1.34 0.12
  150 W   -4 -4 -5 -6 -4 -3 -4 -4 -4 -4 -3 -4 -3  0 -5 -4 -4 12  1 -4    0   0   0   0   0   0   0   0   0   0   0   0   0   0   0   0   0 100   0   0  3.16 0.21
  151 C   -1 -4 -4 -5 10 -4 -5 -4 -4 -2 -2 -4 -2 -3 -4 -2 -2 -3 -3 -2    0   0   0   0 100   0   0   0   0   0   0   0   0   0   0   0   0   0   0   0  2.02 0.18
  152 F   -3 -4 -4 -4 -3 -4 -4 -4 -2 -1  0 -4 -1  8 -5 -3 -3  1  3 -2    0   0   0   0   0   0   0   0   0   0   0   0   0  97   0   0   0   0   3   0  1.23 0.14
  153 K   -1  2 -1 -1 -4  1  0 -2 -1 -4 -3  6 -2 -4 -2 -1 -1 -4 -3 -3    0   1   0   0   0   0   0   0   0   0   0  99   0   0   0   0   0   0   0   0  0.89 0.13
  154 L   -2 -3 -4 -4 -2 -3 -4 -4 -4  1  5 -3  2  0 -4 -3 -2 -2 -2  0    0   0   0   0   0   0   0   0   0   0 100   0   0   0   0   0   0   0   0   0  0.73 0.10
  155 V   -1 -3 -4 -4 -1 -3 -3 -4 -4  2  0 -3  0 -2 -3 -2 -1 -4 -2  5    0   0   0   0   0   0   0   0   0   0   0   0   0   0   0   0   0   0   0  99  0.68 0.12
  156 P   -2 -3 -3 -2 -4 -2 -2 -3 -3 -4 -4 -2 -3 -5  8 -2 -2 -5 -4 -3    0   0   0   0   0   0   0   0   0   0   0   0   0   0 100   0   0   0   0   0  2.36 0.15
  157 V   -1 -3 -4 -4 -1 -3 -3 -4 -4  2  1 -3  1 -1 -3 -2 -1 -3 -2  5    0   0   0   0   0   0   0   0   0   1   7   0   3   0   0   0   0   0   0  88  0.57 0.10
  158 E   -2 -1  0  4 -4  1  5 -2 -1 -4 -4  0 -3 -4 -2 -1 -1 -4 -3 -3    0   0   0  31   0   0  66   0   0   0   0   0   0   0   0   0   0   0   0   0  0.84 0.10
  159 P   -1 -3 -3 -2 -4 -1 -2 -3 -3 -4 -4 -1 -3 -5  8 -1 -2 -5 -4 -3    1   0   0   0   0   3   0   0   0   0   0   1   0   0  95   0   0   0   0   0  2.16 0.14
  160 E   -2 -1  0  4 -4  1  5 -2 -1 -4 -4  0 -3 -4 -2 -1 -2 -4 -3 -3    0   0   0  29   0   0  69   1   0   0   0   0   0   0   0   0   0   0   0   0  0.85 0.10
  161 K   -1  2 -1  0 -4  3  2 -2 -1 -3 -3  5 -2 -4 -2 -1 -1 -3 -2 -3    0   2   0   2   0  16   8   0   0   0   0  71   0   0   0   0   1   0   0   0  0.62 0.09
  162 I   -1 -3 -4 -4 -1 -3 -3 -4 -4  3  1 -3  0 -1 -3 -2 -1 -3 -2  5    0   0   0   0   0   0   0   0   0  25   0   0   0   0   0   0   0   0   0  74  0.55 0.09
  163 E   -2 -1 -1  1 -5  1  6 -3 -1 -4 -4  0 -3 -4 -2 -1 -2 -4 -3 -3    0   0   0   0   0   0  99   0   0   0   0   0   0   0   0   0   0   0   0   0  1.08 0.13
  164 E   -1  0 -1  1 -4  1  6 -3 -1 -4 -3  2 -3 -4 -2 -1 -1 -4 -3 -3    1   0   0   0   0   1  83   0   0   0   0  14   0   0   0   0   0   0   0   0  0.85 0.11
  165 A    5 -2 -2 -2 -1 -1 -1  0 -2 -2 -2 -1 -2 -3 -1  1 -1 -3 -2  0   95   0   0   0   0   0   0   0   0   1   0   0   0   0   0   0   0   0   0   1  0.63 0.11
  166 N   -2 -1  7  0 -3 -1 -1 -1  0 -4 -4 -1 -3 -4 -3  0  2 -4 -3 -3    0   0  85   0   0   0   0   0   0   0   0   0   0   0   0   1  14   0   0   0  0.94 0.12
  167 A    0  0 -1  1 -4  2  6 -2 -1 -3 -3  1 -2 -4 -2 -1 -1 -4 -3 -2    5   0   0   0   0   2  81   0   0   0   0   8   0   0   0   0   1   0   0   2  0.76 0.10
  168 G    0 -3 -1 -2 -3 -2 -3  6 -3 -5 -4 -2 -3 -4 -3 -1 -2 -3 -4 -4    0   1   0   0   0   0   0  98   0   0   0   0   0   0   0   0   0   0   0   0  1.31 0.12
  169 E   -2 -1 -1  1 -5  1  6 -3 -1 -4 -4  0 -3 -4 -2 -1 -2 -4 -3 -3    0   0   0   0   0   0 100   0   0   0   0   0   0   0   0   0   0   0   0   0  1.09 0.13
  170 N   -2 -1  7  1 -4 -1 -1 -1  0 -4 -4 -1 -3 -4 -3  0  0 -5 -3 -4    0   0  95   2   0   0   0   0   0   0   0   0   0   0   0   0   2   0   0   0  1.11 0.14
  171 N   -2 -1  7  1 -3 -1 -1 -1  0 -4 -4 -1 -3 -4 -3  0  0 -5 -3 -4    0   0  96   0   0   0   0   0   0   1   0   1   0   0   0   1   1   0   0   0  1.11 0.14
  172 C    0 -2 -1 -3  8 -2 -3 -2 -3 -2 -2 -2 -2 -3 -3  2  0 -3 -3 -1    0   1   1   0  59   0   0   0   0   1   0   0   0   0   0  32   1   0   0   3  0.91 0.11
  173 L   -2 -3 -4 -4 -2 -3 -4 -4 -4  1  5 -3  2  0 -4 -3 -2 -2 -2  0    0   0   0   0   0   0   0   0   0   0 100   0   0   0   0   0   0   0   0   0  0.73 0.10
  174 L   -2 -3 -4 -4 -2 -3 -4 -4 -4  1  5 -3  2  0 -4 -3 -2 -2 -2  0    0   0   0   0   0   0   0   0   0   0 100   0   0   0   0   0   0   0   0   0  0.73 0.10
  175 H   -3 -1  0 -2 -4  0 -1 -3 10 -4 -4 -2 -3 -2 -3 -2 -3 -3  1 -4    0   0   0   0   0   0   0   0 100   0   0   0   0   0   0   0   0   0   0   0  1.64 0.17
  176 P   -2 -3 -3 -2 -4 -2 -2 -3 -3 -4 -4 -2 -3 -5  8 -1 -2 -5 -4 -3    0   0   0   0   0   0   0   0   0   0   0   0   0   0  99   1   0   0   0   0  2.32 0.15
  177 M   -2 -2 -3 -4 -2 -1 -3 -4 -3  2  2 -2  8 -1 -3 -2 -1 -2 -2  1    0   0   0   0   0   0   0   0   0  11   3   0  82   0   0   0   0   0   0   3  0.80 0.14
  178 S    1 -1  2 -1 -1 -1 -1 -1 -1 -3 -3 -1 -2 -3 -2  5  1 -4 -2 -2    1   0  11   0   1   0   0   1   0   0   0   0   0   0   0  86   0   0   0   0  0.63 0.11
  179 Q   -2  0 -1 -2 -3  6  1 -3 -1 -1  2  0  0 -2 -2 -1 -1 -3 -2 -2    0   0   0   0   0  70   0   0   0   0  30   0   0   0   0   0   0   0   0   0  0.59 0.11
  180 H   -3 -1  0 -2 -4  0 -1 -3  9 -4 -4 -2 -3 -2 -3 -2 -3 -3  1 -4    0   0   0   0   0   1   0   0  99   0   0   0   0   0   0   0   0   0   0   0  1.61 0.17
  181 G    0 -3 -1 -2 -3 -3 -3  7 -3 -5 -5 -2 -4 -4 -3 -1 -2 -3 -4 -4    0   0   0   0   0   0   0 100   0   0   0   0   0   0   0   0   0   0   0   0  1.36 0.12
  182 M   -2 -2 -3 -4 -2 -1 -3 -4 -3  1  1 -2  8 -1 -3 -2 -2 -2 -2  0    0   0   0   0   0   0   0   0   0   5   0   0  93   0   0   0   0   0   0   2  0.96 0.16
  183 D   -2 -2  1  6 -4  0  3 -2 -2 -4 -4 -1 -4 -4 -2 -1 -2 -5 -4 -4    0   0   0  82   0   0  18   0   0   0   0   0   0   0   0   0   0   0   0   0  1.08 0.11
  184 D   -3 -2  1  7 -4 -1  1 -2 -2 -4 -5 -1 -4 -4 -2 -1 -2 -5 -4 -4    0   0   0 100   0   0   0   0   0   0   0   0   0   0   0   0   0   0   0   0  1.34 0.14
  185 P   -1 -3 -3 -2 -4 -2 -2 -3 -3 -4 -4 -2 -3 -5  8 -2 -1 -5 -4 -3    0   0   0   0   0   1   0   0   0   0   0   0   0   0  97   0   1   0   0   0  2.24 0.15
  186 E   -2 -1 -1  1 -5  1  6 -3 -1 -4 -4  0 -3 -4 -2 -1 -2 -4 -3 -3    0   0   0   1   0   0  99   0   0   0   0   0   0   0   0   0   0   0   0   0  1.09 0.13
  187 R   -1  4 -1 -2 -4  1  0  0 -1 -4 -3  4 -2 -4 -2 -1 -1 -3 -2 -3    0  38   0   0   0   0   0   9   0   0   0  52   0   0   0   0   0   0   0   0  0.62 0.09
  188 E   -2 -1 -1  1 -5  1  6 -3 -1 -4 -4  0 -3 -4 -2 -1 -2 -4 -3 -3    0   0   0   0   0   1  99   0   0   0   0   0   0   0   0   0   0   0   0   0  1.09 0.13
  189 G   -1 -3 -4 -4 -1 -3 -3 -3 -4  2  0 -3  0 -2 -3 -2 -1 -4 -2  5    0   0   0   0   0   0   0   1   0   0   1   0   0   0   0   0   0   0   0  99  0.67 0.12
  190 L   -2 -3 -4 -4 -2 -3 -4 -4 -4  1  5 -3  2  0 -4 -3 -2 -2 -2  0    0   0   0   0   0   0   0   0   0   0 100   0   0   0   0   0   0   0   0   0  0.73 0.10
  191 E   -1 -1 -2 -2 -2  2  2 -3 -2  1  0 -1  4 -2 -2 -1 -1 -3 -2  3    1   0   0   0   0  12  20   0   0   1   0   1  29   0   0   0   0   0   0  34  0.24 0.07
  192 W   -4 -4 -5 -6 -4 -3 -4 -4 -4 -4 -3 -4 -3  0 -5 -4 -4 12  1 -4    0   0   0   0   0   0   0   0   0   0   0   0   0   0   0   0   0 100   0   0  3.16 0.21
  193 R   -1  4 -1 -2 -4  1  0 -2 -1 -3 -3  5 -2 -4 -2 -1 -1 -4 -2 -3    0  27   0   0   0   0   0   0   0   0   0  72   0   0   0   0   0   0   0   0  0.74 0.10
  194 F   -3 -4 -4 -4 -3 -4 -4 -4 -2 -1  0 -4 -1  8 -5 -3 -3  0  2 -2    0   0   0   0   0   0   0   0   0   0   0   0   0 100   0   0   0   0   0   0  1.28 0.14
  195 D   -2 -2  1  7 -4 -1  1 -2 -2 -4 -5 -1 -4 -4 -2 -1 -2 -5 -4 -4    0   0   0 100   0   0   0   0   0   0   0   0   0   0   0   0   0   0   0   0  1.33 0.14
  196 S    1 -1  0 -1 -2 -1 -1 -1 -2 -3 -3 -1 -2 -3 -2  5  1 -4 -2 -2    0   0   0   0   0   0   0   1   0   0   0   0   0   0   0  99   0   0   0   0  0.77 0.13
  197 R   -2  6 -1 -2 -3  0 -1 -3  2 -4 -3  2 -2 -3 -3 -1 -1 -3 -2 -3    0  85   0   0   0   0   0   0   6   0   1   3   0   0   0   3   1   0   0   0  0.89 0.11
  198 L   -2 -3 -4 -4 -2 -3 -4 -4 -4  1  5 -3  2  0 -4 -3 -2 -2 -2  0    0   0   0   0   0   0   0   0   0   0 100   0   0   0   0   0   0   0   0   0  0.72 0.10
  199 A    5 -2 -2 -2 -1 -1 -2  0 -2 -2 -2 -1 -2 -3 -1  1 -1 -3 -3 -1   99   0   0   0   0   0   0   1   0   0   0   0   0   0   0   0   0   0   0   0  0.71 0.12
  200 F   -3 -4 -4 -4 -3 -4 -4 -4 -2 -1  0 -4 -1  8 -5 -3 -3  0  3 -2    0   0   0   0   0   0   0   0   0   0   2   0   0  96   0   0   0   0   1   0  1.20 0.14
  201 H   -2  1  0 -2 -4  0 -1 -3  9 -4 -4 -1 -2 -2 -3 -2 -2 -3  1 -4    0  10   0   0   0   1   0   0  88   0   0   0   0   0   0   0   0   0   0   0  1.33 0.15
  202 H   -3 -1  0 -2 -4  0 -1 -3 10 -4 -4 -2 -3 -2 -3 -2 -3 -3  1 -4    0   0   0   0   0   0   0   0 100   0   0   0   0   0   0   0   0   0   0   0  1.63 0.17
  203 V   -1 -1 -3 -4 -2 -1 -3 -4 -3  1  1 -2  6 -1 -3 -2 -1 -2 -2  3    0   3   0   0   0   0   0   0   0   1   0   2  56   0   0   0   1   0   0  36  0.50 0.11
  204 A    5 -2 -2 -2 -1 -1 -2  0 -2 -2 -2 -1 -2 -3 -1  1 -1 -3 -3 -1  100   0   0   0   0   0   0   0   0   0   0   0   0   0   0   0   0   0   0   0  0.71 0.12
  205 R   -2  7 -1 -2 -4  0 -1 -3 -1 -4 -3  2 -2 -4 -3 -1 -2 -4 -2 -3    0  98   0   0   0   0   0   0   0   0   0   2   0   0   0   0   0   0   0   0  1.15 0.13
  206 E   -2 -1 -1  1 -5  1  6 -3 -1 -4 -4  0 -3 -4 -2 -1 -2 -4 -3 -3    0   0   0   2   0   0  98   0   0   0   0   0   0   0   0   0   0   0   0   0  1.07 0.13
  207 L   -2 -1 -3 -3 -2 -1 -2 -4 -3  1  4  1  2  0 -3 -2 -1 -2 -2  0    0   0   0   0   0   2   0   0   0   2  72  16   6   0   0   0   0   0   0   1  0.38 0.07
  208 H   -3 -1  0 -2 -4  0 -1 -3  9 -4 -4 -2 -3 -2 -3 -2 -3 -3  1 -4    0   0   0   0   0   0   0   0  99   0   0   0   0   0   0   0   0   0   1   0  1.60 0.17
  209 P   -2 -3 -3 -2 -4 -2 -2 -3 -3 -4 -4 -2 -3 -5  8 -2 -2 -5 -4 -3    0   0   0   0   0   0   0   0   0   0   0   0   0   0 100   0   0   0   0   0  2.36 0.15
  210 E   -2 -1 -1  1 -5  1  6 -3 -1 -4 -4  0 -3 -4 -2 -1 -2 -4 -3 -3    0   0   0   1   0   0  98   0   0   0   0   0   0   0   0   0   0   0   0   0  1.07 0.13
  211 Y   -3 -3 -3 -4 -3 -2 -3 -4  1 -2 -2 -3 -2  3 -4 -3 -3  1  8 -2    0   0   0   0   0   0   0   0   0   0   0   0   0   7   0   0   0   0  92   0  1.35 0.15
  212 Y   -3 -3 -3 -4 -3 -2 -3 -4  1 -2 -2 -3 -2  4 -4 -3 -3  1  8 -2    0   0   0   0   0   0   0   0   0   0   0   0   0  10   0   0   0   0  90   0  1.31 0.15
  213 K   -1  2 -1 -1 -4  1  0 -2 -1 -4 -3  6 -2 -4 -2 -1 -1 -4 -3 -3    0   1   0   0   0   1   1   0   0   0   0  98   0   0   0   0   0   0   0   0  0.87 0.13
  214 N   -2 -2  5  5 -4 -1  0 -1 -1 -4 -4 -1 -3 -4 -2  0 -1 -5 -3 -4    0   0  47  52   0   0   0   0   0   0   0   0   0   0   0   0   0   0   0   0  0.90 0.10

                      K         Lambda
Standard Ungapped    0.1339     0.3178
Standard Gapped      0.0521     0.2670
PSI Ungapped         0.1703     0.3145
PSI Gapped           0.0521     0.2670
