
Last position-specific scoring matrix computed, weighted observed percentages rounded down, information per position, and relative weight of gapless real matches to pseudocounts
           A  R  N  D  C  Q  E  G  H  I  L  K  M  F  P  S  T  W  Y  V   A   R   N   D   C   Q   E   G   H   I   L   K   M   F   P   S   T   W   Y   V
    1 M   -3 -4 -4 -5 -4 -3 -4 -5 -4 -1  0 -4 10 -2 -5 -4 -3 -4 -3 -1    0   0   0   0   0   0   0   0   0   0   0   0 100   0   0   0   0   0   0   0  2.26 0.51
    2 A    4 -2  1  0 -2 -1  2  0 -2 -3 -3 -1 -3 -4  0  0 -1 -4 -3 -2   57   0   8   5   0   0  15   5   0   0   0   1   0   0   3   4   0   0   0   0  0.51 0.21
    3 S    0 -1  0 -2  0  0 -1 -2 -2 -3 -3  1 -2 -3  1  4  1 -4 -3  0    7   1   4   0   2   3   0   0   0   0   0  11   0   1   7  50   6   0   0   7  0.48 0.24
    4 F   -3 -4 -5 -5 -2 -4 -4 -5 -4  3  4 -4  2  2 -4 -4 -2  1 -1  3    0   0   0   0   1   0   0   0   0  14  44   0   5   8   0   0   0   2   1  27  0.71 0.26
    5 T   -1 -3 -1  0 -3 -1 -2 -3 -1 -1 -3  0 -1 -4 -1  3  5 -4 -3 -1    3   0   2   4   0   2   0   0   1   3   0   5   1   0   2  26  48   0   0   4  0.68 0.32
    6 V   -3 -5 -5 -6 -3 -5 -5 -5 -4  2 -1 -5  0  4 -5 -4 -3 -3  2  6    0   0   0   0   0   0   0   0   0   7   1   0   1  22   0   0   0   0   7  63  1.16 0.42
    7 K   -4 -1 -3 -4 -6 -2 -2 -5 -4 -6 -6  8 -5 -6 -4 -1 -4 -6 -5 -5    0   0   0   0   0   0   0   0   0   0   0  97   0   0   0   3   0   0   0   0  2.17 0.68
    8 A    5 -4 -4 -4 -1 -3 -3 -3 -4  0 -1 -3 -2 -3 -3 -1 -2 -4 -3  4   55   0   0   0   1   0   0   0   0   5   3   0   0   0   0   2   0   0   0  30  0.87 0.39
    9 Y   -4 -4 -5 -5  1 -4 -5 -5  0 -4 -4 -4 -4  4 -5  0 -4 -1  9 -4    0   0   0   0   3   0   0   0   1   0   0   0   0  15   0   6   0   0  71   0  2.05 0.64
   10 L   -1 -4 -4 -4  0 -3 -1 -5 -4  0  5 -3  1 -1 -4 -3 -2 -3  1  0    5   0   0   0   2   0   5   0   0   2  69   1   2   2   0   0   2   0   5   3  0.83 0.36
   11 L   -1  0 -2 -2 -1  2 -2 -4 -3  0  3  0  1  0 -3 -2 -1 -3  0  1    3   5   1   2   1  14   1   0   0   4  39   4   2   3   0   1   4   0   4  11  0.28 0.20
   12 G   -2 -2  3 -2 -4 -2 -2  5 -2 -3 -4 -1 -2 -3 -3  1  0  2 -3 -3    0   2  14   0   0   1   3  48   1   1   1   4   1   1   0  12   6   4   0   1  0.74 0.32
   13 K    0  0  1  0 -4 -1  1  1 -2 -4 -4  5 -3 -4 -1  0 -2 -4 -1 -4    6   2   7   6   0   1  10   9   0   0   1  45   0   0   3   6   0   0   3   0  0.58 0.32
   14 E   -1 -1  1  5 -5 -1  5  0  0 -5 -5 -2 -4 -5 -3 -2 -3 -5 -3 -4    4   3   7  33   0   1  39   7   2   0   0   0   0   0   1   1   0   0   1   0  0.92 0.39
   15 E   -2 -2  0  3 -4  0  3  2 -1 -4 -3  0 -3 -2  2  1 -1 -4 -3 -3    0   1   2  23   0   3  21  14   1   0   2   5   0   2  10  10   4   0   0   2  0.42 0.22
   16 A    2 -2  0 -2 -1  1  0  0  3 -2 -1 -1 -1 -3 -2  1  1  2 -1  0   24   0   3   1   1   7   5   8   8   1   5   2   1   0   1  13   7   3   1   8  0.18 0.15
   17 T    2 -2  1 -2 -2 -1 -1 -2  3  0 -2  1 -2 -3  0 -1  1 -4 -2  2   20   0   8   1   0   1   3   1   8   5   1  11   0   0   5   3   9   0   1  22  0.20 0.18
   18 R    0  4 -2 -1 -3  0  0  0 -2 -3 -2  2 -2 -3  2 -1  0 -3 -1 -1    8  29   0   3   0   2   4   6   0   0   4  15   0   0  12   2   7   0   2   5  0.34 0.19
   19 E   -1 -3 -3 -1 -5  0  7 -4 -3 -5 -5 -2 -4 -4 -3 -2  0 -4  1 -4    4   0   0   0   0   1  78   1   0   0   1   0   0   0   0   0   6   0   5   0  1.49 0.54
   20 I   -3 -5 -5 -5 -3 -5 -5 -5 -5  7 -1 -5 -1 -3 -5 -4 -1 -5 -4  4    0   0   0   0   0   0   0   0   0  68   1   0   0   0   0   0   2   0   0  24  1.46 0.50
   21 R   -5  8 -4 -5 -7 -2 -4 -6  0 -7 -6  1 -5 -6 -6 -4 -5 -6 -5 -6    0  92   0   0   0   0   0   0   2   0   0   6   0   0   0   0   0   0   0   0  2.44 0.80
   22 R   -5  7  0 -5 -7 -2 -3 -6 -4 -6 -6  3 -5 -6 -5 -4 -4 -6 -5 -3    0  74   5   0   0   0   0   0   0   0   0  19   0   0   0   0   0   0   0   2  1.98 0.76
   23 F   -5 -6 -7 -7 -6 -7 -7 -7 -5  1  0 -6 -3  8 -7 -6 -5 -3  0  0    0   0   0   0   0   0   0   0   0   6   8   0   0  76   0   0   0   0   1   8  2.14 0.77
   24 S    1 -2  0 -2 -1  1  0  0 -1 -2 -1  0 -2 -3  1  2  2 -4 -3 -1   10   1   4   1   1   5   5   8   1   2   7   7   0   0   8  23  15   0   0   2  0.23 0.21
   25 F   -3 -4 -4 -5 -3 -4 -4  0 -3  3  2 -4  1  4 -4 -1 -3 -3  2  2    0   0   0   0   0   0   0   7   0  18  23   0   2  20   0   5   0   0   8  15  0.56 0.32
   26 C   -1 -1  1  1  5 -1  0 -1  1 -2 -1 -1 -1 -1  1  0  0 -2  0 -2    5   4   8  10  16   1   7   4   5   2   5   2   1   3   6   9   6   0   4   2  0.19 0.14
   27 F   -1 -1 -1  1 -1  1 -1 -1 -1 -1  0  0  0  2  2  0  1 -2  1 -1    3   2   1  10   1   8   2   4   1   3  10   8   2  11   9   6   9   0   6   4  0.09 0.10
   28 S    0 -1  1  1  0  0  1 -1  1 -1 -2 -1  1 -2  2  2  1 -2 -1 -1    6   3   7   6   2   2   9   4   4   2   3   3   6   1   9  19   9   0   2   3  0.15 0.11
   29 P   -1 -1  0 -1 -2 -1 -1 -2 -2 -1  0  0  0  0  4 -1  0 -2 -2  1    5   3   4   3   1   1   3   2   1   3  10   8   2   5  27   5   6   0   1  11  0.32 0.14
   30 E    0 -1  0  0 -2  1  2  0 -1  0  0  0  0 -2  0  0  0 -2 -1  0    9   2   4   6   1   5  18   7   1   6   8   4   2   1   4   3   8   0   1  10  0.07 0.06
   31 P   -1  1 -1 -1 -2 -1  0  0 -1 -1 -1  2 -1 -1  4  0  0 -2 -2  0    4   7   2   3   1   2   5   8   1   3   6  14   1   2  22   8   5   1   1   6  0.25 0.11
   32 E   -1 -1 -1  2 -2  0  3 -1 -1 -2 -2  2 -1 -2  1  0  0 -2  0  0    5   2   2  10   1   3  26   3   1   2   4  12   1   2   6   5   4   1   5   7  0.21 0.12
   33 A    1 -1 -1  0 -1  0  1  0 -1  0 -1  1 -1 -1 -1  0 -1  2 -1  0   19   2   2   4   1   4  12   6   1   9   5  11   1   2   3   3   2   4   1   8  0.09 0.07
   34 E   -1  1  1  2 -2  0  2 -1 -1  0 -1  0 -1 -2  1 -1 -1 -2 -1  0    5  11   7  14   1   2  18   3   1   5   4   5   1   2   7   3   3   1   1   7  0.17 0.09
   35 A    2 -1  0 -1 -1  0  0  0 -1  0  0  0 -1 -1  1  0  1 -2 -1  0   23   3   5   2   1   5   5   6   1   5   8   4   1   2   5   5  11   1   1   5  0.08 0.07
   36 Q    0  0 -1  0 -2  0  1  0 -1 -1 -1  2  1 -1 -1  0  0 -1  1  0    7   5   2   3   1   3  13   8   1   2   7  17   5   1   2   4   6   0   6   6  0.08 0.08
   37 A    1  0  1  2  3  1  0  0 -2 -2 -1 -1 -1 -2  0  0  0 -2 -1  0   14   5   6  13   8   6   5   6   0   1   7   1   0   1   3   5   7   0   3   7  0.10 0.10
   38 A    2  2 -1 -1 -2  1  0 -2 -2  0  0  1 -1 -1 -2  1  0 -2 -2  0   20  12   2   2   0   8   4   2   0   6   9   7   0   3   1  12   4   0   1   5  0.13 0.13
   39 A    2 -1  0  2  0 -1  0 -1 -2 -2 -1 -2  1  1  0  1  0 -2 -2 -2   19   3   5  15   2   1   7   4   0   1   5   1   5   9   4  11   7   0   1   1  0.15 0.16
   40 G    0 -1  1 -1 -2 -1  0  2 -2 -1 -1  1  0 -1  1  0  0  0 -2  2    6   2   8   3   0   1   6  16   0   2   3   8   3   3   8   6   4   1   1  19  0.13 0.14
   41 P    0  0  0 -3  1  0  0 -1 -3 -1 -1  0 -3 -1  4  1 -1 -3  1  0    7   5   5   1   3   3   5   5   0   3   5   5   0   2  22  13   2   0   6   7  0.29 0.23
   42 G    1  1  0 -1 -1  0 -1  1  0 -1 -1  0 -1 -2  0  0  2 -3 -1 -1   14   9   4   2   2   3   2   9   2   5   4   5   2   2   5   7  17   0   2   4  0.11 0.13
   43 P   -1  1  4 -1  3  0 -3 -2 -3 -2 -1 -1  1 -2  3  1  1 -4 -3 -3    5   9  19   3   6   5   1   3   0   3   5   2   4   2  14  11   8   0   0   1  0.34 0.26
   44 C   -1 -1 -5 -6  4  0 -5 -5 -4  0  0 -5 -4  6 -6 -2 -4 -3  5 -4    6   4   0   0  10   4   0   0   0   5  10   0   0  34   0   4   0   0  21   0  1.13 0.56
   45 E    0  0  1  1  0  2  1 -1  1 -1 -1  0  0 -1 -1  0  0 -4 -3  0    7   5   6   9   3  10  11   3   3   3   6   6   3   3   3   6   6   0   0   7  0.09 0.12
   46 R    0  0  0  0  2  0  0 -1  1  0 -1  0 -2  0  0  0  0  3  1 -1    5   5   5   5   5   5   5   5   5   5   5   5   0   5   5   5   5   5   5   5  0.06 0.08
   47 L   -3 -4 -5 -5 -3 -4 -4 -5 -4  2  5 -4  0  3 -4 -4 -2 -3  2  1    1   0   0   0   0   0   0   0   0  10  57   0   2  10   0   0   1   0   8   7  0.89 0.41
   48 L   -1  3  0 -1  2  1 -1 -3  0 -2  1  1  1 -2 -3  2  0 -1  0 -2    2  17   3   3   5   8   2   0   2   0  15  10   4   1   0  17   4   1   4   2  0.20 0.21
   49 S    0  2  0  1 -2  1  2 -1  0 -3 -3  1 -1 -4 -3  3  0 -4 -3 -2    7  13   4   6   1   7  13   4   2   0   2   7   1   0   0  25   3   0   0   3  0.29 0.23
   50 R   -2  3 -1 -2 -4  0  1 -4  2 -4 -1  5 -3 -4 -2 -2 -1 -4 -1 -2    1  18   2   1   0   2   9   1   5   0   6  43   0   0   2   1   3   0   2   3  0.70 0.40
   51 V   -1 -4 -4 -4  0 -2 -4 -4 -4  5  2 -4  0 -2 -4 -3  0 -4 -3  4    3   0   0   0   2   2   0   1   0  32  16   0   1   0   0   1   4   0   0  35  0.78 0.39
   52 A    2  2  0 -1  0  2  0 -1 -2 -2 -1  1  0 -3 -1  1  0 -2 -2  0   24  13   3   2   2  12   4   2   0   1   6   7   2   0   2   9   4   1   1   6  0.18 0.18
   53 V    1 -1  1  1 -3  2  2 -2 -2 -2 -3  0 -2 -3 -1  1  1 -3  1  0   16   2   5   9   0  10  12   1   0   2   0   3   0   0   2  11  12   0   6   8  0.21 0.21
   54 L   -2 -1 -4 -1 -3 -4 -4 -5 -2  2  4 -4  0  0 -4 -2 -1 -4 -1  3    2   4   0   5   0   0   0   0   1  13  41   0   1   2   0   3   3   0   2  22  0.53 0.33
   55 F   -4 -5 -5 -5 -5  0 -5  0 -2 -2 -1 -5  0  7 -5 -2 -2  1  3 -1    0   0   0   0   0   6   0   8   1   2   5   0   2  56   0   4   2   2   9   3  1.20 0.55
   56 P   -1 -2 -2 -3 -5  2 -2 -2 -4 -5 -5 -3 -5 -6  7  2 -1 -6 -5 -3    4   2   1   1   0  10   2   3   0   0   0   0   0   0  56  16   3   0   0   1  1.45 0.65
   57 T    0 -2  2  3 -3  2  1  0  0 -2 -1 -1 -1 -4 -2  1  0 -4 -3 -1    6   0  12  17   0  11  11   8   2   2   6   2   2   0   1  11   7   0   0   3  0.26 0.22
   58 L   -3 -4 -3 -1 -4 -4 -3 -3 -2  1  5 -4  3  1 -2 -2 -2 -4 -3  0    0   0   1   5   0   0   2   2   1   7  58   0   9   5   2   3   1   0   0   3  0.74 0.42
   59 R    0  4  0 -2 -4  1  0 -2  0 -3 -1  3  0 -4  2  0 -1 -4 -3 -3    6  22   4   2   0   5   5   2   3   1   7  21   2   0   9   9   2   0   0   1  0.36 0.25
   60 P   -2  0  2  0 -4  0  1  2  0 -2 -4  0 -4 -4  4 -1  0  1 -4 -3    2   4   9   5   0   4  10  20   3   3   0   5   0   0  22   3   6   2   0   1  0.45 0.29
   61 G    0  2 -1  1  1 -1 -1  1 -1 -2 -4  2 -3 -2  3  0 -1 -4 -2 -2    5  11   2   8   4   1   3  11   1   2   0  16   0   2  18   7   3   0   1   3  0.32 0.23
   62 G    1  0  1  2  0  0  1  1 -1 -2 -2  0 -2 -1 -1  0  1 -3 -1 -1   12   3   6  15   2   2  12  11   1   2   3   4   0   3   2   7   9   0   1   5  0.13 0.11
   63 F   -2 -1 -4 -1  0  0 -4 -4  0  0  0 -4 -2  6 -5 -2 -3  6  2  0    2   3   0   5   2   6   0   0   2   6   7   0   0  39   0   3   0  11   7   6  0.81 0.40
   64 Q   -1  2  0  0 -3  3  0 -2  1 -1 -2  2 -1  1  0  0  1 -3 -2 -1    3  14   4   4   0  19   3   2   3   4   3  11   1   7   5   5   8   0   0   4  0.21 0.18
   65 A    0 -3 -4 -4 -3 -3 -4 -4 -4  2  3 -3  3  3 -4 -3  1 -3 -2  1   10   0   0   0   0   0   0   0   0  15  26   0  10  16   0   0  11   0   0   9  0.47 0.26
   66 H    0 -2  0 -2  1  0 -1 -1  2 -3 -2  0 -2  2  2  1  2 -3  1 -1    7   0   5   0   3   3   3   4   7   0   3   4   0  11  12  12  19   0   5   3  0.24 0.22
   67 Y   -2 -4  0 -5 -4 -4 -4 -1  2 -4  0 -4 -3  2 -5 -1 -4  9  5 -4    4   0   5   0   0   0   0   4   4   0   8   0   0   9   0   5   0  36  22   0  1.53 0.60
   68 R    0  0  0  0  2  1  0  0  2  0 -1  0 -1  0  1 -1  0 -3 -1  0    6   6   6   6   6   6   6   6   6   6   6   6   0   6   6   0   6   0   0   6  0.04 0.09
   69 D   -1 -3  2  5 -5  0  2 -3  0 -5 -5  0 -4 -5  1 -1 -3 -5 -1 -4    5   0  10  43   0   4  14   0   2   0   0   6   0   0   8   4   0   0   2   0  0.83 0.41
   70 E    0 -1  0  2  3  0  2 -2  0 -2 -2  0 -1 -2  0  1  1 -4 -3 -2    8   3   3  15   7   2  16   2   2   2   4   5   2   2   5  10   9   0   0   2  0.19 0.17
   71 D   -1  0  2  4 -4  2  2 -3  1 -3 -3  0 -3  1 -3 -1  0 -3  1 -3    5   4   8  28   0   8  18   0   4   0   1   5   0   8   0   0   5   0   5   0  0.44 0.26
   72 G    0  1  1  1 -2  1  1  0  2  0 -1  1 -1 -2 -2  0  0 -3 -2  0    7   7   7   7   0   7   7   7   7   7   7   7   0   0   0   7   7   0   0   7  0.07 0.08
   73 D   -4 -1  0  7 -6 -1  3 -1 -4 -3 -6 -2 -5 -6 -4 -2 -4 -6 -5 -5    0   3   3  62   0   2  17   5   0   2   0   2   0   0   0   2   0   0   0   0  1.41 0.59
   74 L   -2 -1  0  0 -2  3  3 -4 -1 -1  1  0  2 -1 -2 -1 -1 -4 -1 -2    2   3   4   4   1  14  27   0   1   4  16   6   6   2   1   3   2   0   2   1  0.31 0.26
   75 V   -3 -5 -5 -5  1 -5 -3 -1 -5  6 -1 -5 -2  0  0 -4 -2 -5 -4  4    0   0   0   0   3   0   2   5   0  48   4   0   0   4   4   0   2   0   0  26  0.96 0.47
   76 A    1 -1 -2  0 -3  1  2 -3  2  0  0 -1  0 -3 -3  0  1  1 -1  1   17   2   1   4   0   6  16   0   6   5   8   3   2   0   0   4  10   2   1  13  0.17 0.19
   77 F   -3 -2 -2  1  0 -3 -3 -4 -4  4  1 -1  1  4 -4 -2 -3 -3 -2  2    0   1   1   8   2   0   0   0   0  29  11   5   3  20   0   3   0   0   0  15  0.51 0.30
   78 S   -1 -2  1 -1  3  1  1  0  0 -2 -1  1 -2 -2 -3  3  0 -4 -3  0    3   0   6   1   6   5   7   6   3   2   7   9   0   1   0  30   5   0   0   7  0.24 0.24
   79 S    0 -1  3 -1  1 -1 -3 -2 -3 -4 -4 -1 -3 -2  1  3  3 -5 -4 -3    5   3  16   2   3   2   0   2   0   0   0   3   0   2   7  29  24   0   0   0  0.60 0.40
   80 D   -3 -3  0  5 -1  2  0 -2  1 -2 -4 -3 -1 -4  2  0 -1 -5 -1 -1    1   0   4  40   2   9   4   2   3   2   1   0   2   0   9   7   4   0   2   6  0.66 0.38
   81 E    0  0  1  2 -4 -1  3 -2  1 -1 -2 -1  2 -3 -2  0 -2  3  0 -2   10   5   6  12   0   2  26   2   3   3   3   3   5   0   2   5   2   4   4   3  0.30 0.23
   82 E   -2  0 -2  3 -4  1  4 -3  1 -3 -2  0 -3 -4 -3  0  0  4 -3 -1    1   4   0  18   0   4  39   1   3   0   4   5   0   0   0   5   4   6   0   5  0.61 0.35
   83 L   -1 -5 -5 -5  3 -4 -5 -5 -4  1  4 -5  3  2 -5 -1 -4 -4  3  1    6   0   0   0   5   0   0   1   0   7  38   0   8   8   0   6   0   0  10   8  0.71 0.35
   84 T    0  0  0  0  2  0  0 -1  1  0 -1  0  1  0  0  0  0 -2  1  0    5   5   5   5   5   5   5   5   5   5   5   5   5   5   5   5   5   0   5   5  0.03 0.05
   85 M   -2 -1 -1 -1 -4  3  1 -3 -1  4  0  0  4 -3 -4 -1 -2 -4 -2  0    3   4   3   4   0  14   8   1   1  24   9   4  11   0   0   5   1   0   1   7  0.35 0.33
   86 A    4  0 -4 -4 -1 -1 -4  0 -1 -4 -2  1 -3  2 -4 -1 -2 -4  1  0   42   5   0   0   1   3   0   7   1   0   4  11   0  10   0   3   2   0   5   7  0.53 0.45
   87 M   -4 -2 -6 -4 -5 -3 -3 -6 -6  2  5 -2  4  1 -4 -4 -2  3 -4  0    1   2   0   1   0   1   2   0   0   8  56   3   9   5   1   1   2   3   0   4  0.94 0.58
   88 S    0  0  0  2  3  1  2 -1  3 -3 -3  0 -2 -3  0  1  0 -4 -2 -3    8   5   4  11   7   7  13   5   8   1   1   5   1   1   5  11   5   0   1   1  0.24 0.24
   89 Y   -1 -1  1 -1  1  0  3 -3  0 -2 -2  2 -1  0 -3  1  0 -4  2 -2    4   3   8   2   3   4  25   1   2   2   3  11   1   3   1  10   5   0  10   3  0.30 0.31
   90 V    0  0 -1 -1  3 -1 -2 -1 -2  1  0  0  3  0 -1 -1  0 -3 -1  1    5   6   3   3   9   2   2   4   1   8   9   7  13   5   3   3   6   0   1  11  0.11 0.15
   91 K    0  1  1  0 -3  1  1 -1  1 -2 -1  2  0 -1 -1  1  1 -3 -2 -1    6   9   6   3   0   6   7   3   5   2   6  17   3   2   2   9   8   0   0   4  0.14 0.16
   92 D    0 -1  2  3 -3  1  1  0 -1 -2 -1  1  0 -1  0  1  0 -3 -3 -1    6   2   9  17   0   6  10   7   1   1   5   8   3   3   3  10   4   0   0   4  0.17 0.16
   93 D   -1  0  2  2 -3  1  1  1  3 -2 -2  0  0 -2  0  0  0 -3 -2 -1    5   3  13  15   0   7   8   9   9   2   3   4   3   1   4   4   4   0   1   4  0.21 0.19
   94 I   -2 -1 -1 -3 -1  0 -2 -3  1  2  1  1  2  0  0 -2  1 -3  0  2    2   3   3   1   1   4   0   1   4  16  12  12   7   3   5   0  10   0   3  13  0.17 0.22
   95 F    0  0  0 -3  1  0 -2 -3  2 -1  2 -1  1  2  0 -1 -1 -2  1  1    7   6   7   0   3   4   2   0   6   2  22   3   3  12   5   2   2   0   5  10  0.14 0.18
   96 R   -2  3  0 -2 -4  0  0 -2  2  0 -2  3 -2 -1  1 -1  0 -4 -1  1    2  17   4   2   0   4   4   3   6   5   3  19   0   2   6   3   6   0   2  14  0.22 0.24
   97 I   -1  0 -2 -1 -3  0  0 -3  0  2  2 -1  1  1  0 -1 -1 -3 -2  0    6   4   0   3   0   5   8   0   3  13  25   4   2   6   4   5   4   0   0   6  0.11 0.15
   98 Y   -1  0  0 -1 -3  3  0 -3  2 -1 -1  0  1  0  1  0 -1 -2  3  0    4   4   6   3   0  15   6   1   7   4   3   4   4   5   8   6   4   0  12   6  0.18 0.20
   99 I    0 -2  0  0  2  0 -1  0  2  0 -1  0 -1  1  1  0  0 -2  1  0    6   0   6   6   6   6   0   6   6   6   6   6   0   6   6   6   6   0   6   6  0.05 0.10
  100 K   -1  0  0 -1  0  0  0 -3  2  0 -1  3  1 -1  1 -1  0  1  0  0    3   4   4   3   2   4   6   0   6   5   4  19   5   3   8   4   8   2   3   5  0.15 0.18
  101 E    0 -2  0  0  1  0  2 -1  1  0  0  0  0 -3  2  0  0 -4 -3  0    5   0   4   5   4   5  14   4   3   4   8   7   3   0  12   9   5   0   0   7  0.14 0.16
  102 K    0  0  0  0  2  0  0  0  1  0 -1  0 -1  0  1  0  0 -2  1  0    6   6   5   6   5   5   6   6   5   6   6   6   0   5   6   6   6   0   5   6  0.03 0.06
  103 K    0  0 -1 -1 -1  0  0  1  0 -3 -3  3  0 -2  1  2 -2 -5 -3 -2    9   4   3   3   1   3   7  10   2   2   2  22   2   1   7  15   1   0   1   3  0.26 0.27
  104 E    0 -1  1  1 -5  1  4 -3 -1 -2 -3  0 -1 -5  0  1  0 -5 -2 -2    6   2   6   8   0   5  31   2   1   3   2   6   1   0   5  13   5   0   1   2  0.43 0.38
  105 C   -1 -2 -1  0  5  0  1  0  2 -1 -1  0 -1 -2  1  0  0  0 -1 -1    4   2   3   4  16   5   9   6   6   4   6   6   1   1   6   8   5   2   2   4  0.22 0.21
  106 R    0  3 -1 -1 -4  1 -1 -1 -1 -3 -3  3 -1 -2  2  1 -1  0 -1 -2    7  15   3   3   0   6   3   5   1   1   2  19   2   2  12   9   3   2   2   3  0.29 0.27
  107 R    0  3  0  0 -3  1  1  0  1 -1 -2  1 -1 -1 -1  1 -1 -3 -1 -1    6  17   4   5   0   8   8   7   3   3   4   9   1   2   3  11   3   0   2   4  0.16 0.17
  108 E    0 -1  0  3 -4  0  3 -1  1 -2 -2  0  0 -2  1  0  0 -4 -3 -1    7   2   5  15   0   3  20   3   4   2   3   4   3   2   7   8   7   0   0   5  0.24 0.24
  109 H   -1 -1  1  0 -3  0  0 -2  4 -1 -2  0 -1  2  2  0  0 -3  0  0    6   3   6   6   0   4   7   3  13   4   4   5   2   9   9   5   6   0   3   7  0.15 0.17
  110 R    0  3  0  1 -1  1  1 -2  1 -2 -2  0 -3 -1  1  2 -1 -4 -3 -1    6  17   4   8   2   6   8   3   4   2   3   6   0   2   8  15   4   0   0   4  0.21 0.23
  111 P    0 -1  0  0  1  0  0 -1  1 -1  0 -1  1 -1  2  1  0 -3 -1 -1    5   2   4   6   4   5   7   4   4   3   7   3   5   3  11  12   7   0   2   4  0.09 0.12
  112 P    0  0  0  0 -2  1  0  0  1  0 -1  0  1  0  1  0  0 -2  1  0    6   6   5   6   0   5   6   6   5   6   6   6   5   5   6   6   6   0   5   6  0.03 0.06
  113 C    0 -1  0  1  5  0  0 -2  1  0 -2  0 -1 -1  2  0  0  1 -1 -1    9   2   4   8  13   4   7   2   4   8   2   5   1   3   9   5   5   2   2   5  0.18 0.20
  114 A    1 -1  1  1 -3  1  0 -1  1 -2 -2  0  0 -1  2  1  0 -3 -1 -1   15   2   6   7   0   7   6   4   4   2   2   4   4   3   9  14   5   0   2   4  0.14 0.17
  115 Q   -1  0  0  0 -4  3  2 -1  2 -2 -1  0  0 -1  1  0 -1 -3 -1 -2    6   3   3   5   0  16  13   4   7   3   6   6   3   3   8   5   3   0   2   3  0.19 0.21
  116 E   -1  0  0  1 -4  1  3 -1  1 -1 -2  1  0  0  1  0  0 -4 -3 -3    5   5   5   7   0   6  21   5   4   4   4   7   3   4   7   9   5   0   0   0  0.20 0.21
  117 A    0  0  0  0  2  0  0  0  1  0 -1  0  1  0  1  0  0 -3 -1  0    6   6   5   6   5   5   6   6   5   6   6   6   5   5   6   6   6   0   0   6  0.03 0.07
  118 P    0 -2  1 -1 -4  0 -1 -1  1 -1 -3 -1  0 -2  5  1 -1 -5  0 -2    7   2   7   3   0   4   3   4   4   4   2   4   2   1  33  11   4   0   3   2  0.55 0.41
  119 R   -1  2  1  0 -4  1  2  0  1 -2 -2  0  0  0  1 -1  0 -4 -3 -1    5  13   8   5   0   5  13   8   3   2   3   4   3   5   8   4   6   0   0   4  0.16 0.18
  120 N   -2  1  2  0  1  0  0  0  2 -1 -1  0  0  1  0 -1  0  2  0 -1    3   7  11   5   3   5   6   7   5   3   7   7   3   5   5   4   5   3   3   4  0.09 0.09
  121 M    0  0  0  0 -2  1  0  0  1  0 -1  0  1  0  1  0  0 -2  1  0    6   6   5   6   0   5   6   6   5   6   6   6   5   5   6   6   6   0   5   6  0.03 0.06
  122 V   -1 -2 -2 -2  1  0 -2 -2  2  2  0  0  1  2 -1 -1 -1  2  0  3    5   1   1   2   4   4   3   2   5  11   6   5   3  11   4   6   2   3   3  20  0.18 0.18
  123 H   -3  0  1  0 -6 -2 -2 -2  9 -3 -4 -1 -5 -2 -1 -1  0 -6 -1 -2    2   4   7   5   0   2   2   3  47   2   2   3   0   2   4   5   6   0   2   3  1.34 0.70
  124 P   -3 -2 -2  1 -1 -1 -1 -2  5 -3 -2  0 -5 -1  4 -2 -2  7 -1 -3    2   2   2   7   1   3   3   4  16   2   4   5   0   2  23   3   2  15   1   2  0.86 0.51
  125 N   -1  0  2  1 -4 -1  0  2  3 -1 -1 -1  0 -1 -1 -1 -1  4  0 -2    3   4  12   8   0   3   5  17   9   3   7   3   3   3   3   3   3   5   3   3  0.21 0.18
  126 V    1 -1 -4 -4 -4 -4 -4 -1  1  3 -1 -1  1  0 -4 -1 -1 -4  0  4   12   4   0   0   0   0   0   5   4  18   4   4   4   4   0   4   4   0   4  27  0.41 0.29
  127 I    1 -1  2 -2 -1  0  1 -2 -1  2 -1 -1  1 -1 -1  1  1 -3 -1  0   10   3  10   1   1   3   9   1   1  17   3   3   3   3   3  12  10   0   2   5  0.12 0.14
  128 C   -1 -5 -5 -5 11 -5 -1 -1 -5 -5 -5 -1 -5 -5 -5 -4 -4 -5 -5 -4    5   0   0   0  74   0   4   5   0   0   1   5   0   0   0   1   1   0   0   1  2.82 0.85
  129 D   -4  0  1  6  0 -3 -2  0 -1 -4 -5 -3  1 -5 -4  0 -3 -5 -5 -1    1   5   6  55   2   0   1   7   1   0   1   0   4   0   0   8   1   0   0   5  1.11 0.48
  130 G   -1 -2  1 -2 -1 -1 -2  3  3 -2 -2 -2 -1 -3 -3  2 -1  5 -2  0    3   2   8   1   1   2   2  25   8   2   3   2   1   0   0  20   2   8   1   7  0.43 0.26
  131 C   -4 -1  0 -5 11  0 -5 -5 -5 -5 -5 -5 -5 -5 -5 -1 -4 -5 -5 -4    1   3   5   0  76   4   1   1   0   0   1   0   0   0   0   5   1   0   0   1  2.95 0.88
  132 N   -3  1  2  3 -4  4  2  2  1 -4 -3 -1 -1 -2 -3 -1 -3 -4 -1 -4    1   6  12  14   0  19  14  14   3   0   3   3   2   2   0   2   1   0   2   1  0.46 0.28
  133 G    0  3  1  0 -1  1 -1  2 -1 -3 -3  1 -2 -2 -3  1 -1 -2 -3  0    8  16   6   5   1   7   2  19   1   1   0   9   1   1   0  10   4   1   0   8  0.26 0.19
  134 P   -2  3 -1 -1 -1 -1 -2  0 -2 -2 -2  0 -2 -2  5  0 -1 -5 -3  1    2  18   3   3   1   2   2   7   1   2   3   5   1   2  29   6   4   0   1  10  0.51 0.29
  135 V   -1 -4 -4 -2  2 -4 -4 -4 -4  6  1 -4 -2 -3 -4 -4 -3 -4 -3  2    5   1   1   2   5   1   1   1   0  51  13   1   0   0   1   1   1   0   0  15  1.00 0.40
  136 V    0  1 -3 -1  2 -1 -2 -3  0  2 -1 -1  0  0 -3 -2  0  2  1  3    7  10   1   4   5   2   2   1   2  12   2   3   2   4   1   2   4   3   4  29  0.24 0.16
  137 G   -3 -4 -3 -3 -4 -4 -2  7 -4 -5 -5 -4 -4 -4 -4 -3 -2 -4 -4 -4    1   1   1   1   0   1   3  82   0   1   1   1   0   1   1   1   2   0   0   1  1.83 0.53
  138 T   -1 -1 -2 -2 -2 -2 -2 -3  2  2 -1 -2  3  3  0 -1  1 -2  1  2    4   4   2   2   1   1   1   1   5  11   2   2   9  18   5   3  12   0   3  15  0.26 0.17
  139 R   -4  8 -4 -4 -5 -3 -3 -5 -3 -5 -4 -2 -4 -5 -4 -4 -4 -5 -4 -5    1  88   1   1   0   1   1   1   0   1   1   1   0   0   1   1   1   0   0   1  2.37 0.69
  140 Y   -4 -4 -4 -4 -4 -4 -4 -4  2 -3 -3 -4 -3  5 -4 -4 -4  5  8 -3    1   1   1   1   0   1   1   1   4   1   1   1   0  25   1   1   1   7  50   1  1.75 0.51
  141 K   -4  2 -2 -4 -1  3 -2 -4  0 -5 -5  6 -3 -5 -4 -2 -3 -5 -4 -5    1  11   1   0   1  15   0   1   2   0   1  61   1   0   0   2   1   0   0   0  1.42 0.53
  142 C   -3 -5  0 -5 10 -4 -5 -1 -4 -4 -4 -4 -4 -4 -5  2 -3 -4  2 -4    1   0   4   0  60   0   1   5   0   0   1   0   0   0   0  19   0   0   6   1  2.07 0.67
  143 S    0 -1 -1  0  0 -1 -2  0 -2  1  2  0  1 -1 -2  0  1  2 -1  0    5   2   2   5   2   2   1   6   0  11  21   5   5   2   0   8  13   3   1   6  0.10 0.11
  144 V   -1  0 -1 -1 -3  2  1 -3  0  0  0 -1  3 -3 -3 -1  3 -3 -3  2    2   5   2   3   0  10  13   1   2   5   6   2   9   0   0   3  20   0   0  17  0.25 0.21
  145 C   -1 -1 -4 -5 10 -4 -4 -4 -4 -3 -4 -1 -4  1 -4 -3 -1 -4 -4 -1    5   3   1   1  65   0   1   1   0   1   1   4   0   6   1   1   4   0   0   4  2.11 0.63
  146 P   -1 -2 -1  1 -4 -1  0 -3  3 -2 -3 -2 -4 -2  6 -1 -2 -4  1 -2    5   2   3   8   0   2   5   2   8   2   2   2   0   2  44   4   2   0   6   3  0.87 0.36
  147 D   -1 -3  2  6 -1  1  0 -2 -3 -4 -5 -3 -4 -5 -3  1 -2 -5 -4 -4    5   0  11  60   1   5   2   2   0   0   1   0   0   0   0   8   2   0   0   1  1.15 0.40
  148 Y   -4 -4 -4 -5 -4 -4 -4 -5 -2 -4 -3  1 -3  3 -5 -4 -4  6  8 -4    1   0   0   0   0   0   1   1   0   0   1   9   0  11   0   1   0  11  61   1  1.83 0.54
  149 D   -4 -4  2  7 -5 -3  0 -1 -3 -5 -5 -3 -5 -5 -4 -2 -3 -5 -2 -5    1   0   9  72   0   0   4   5   0   0   1   0   0   0   0   2   0   0   2   1  1.55 0.48
  150 L   -2  1 -3 -4  0 -2 -3 -4 -2  2  4 -2  1  1 -3 -3 -1 -2  0  0    1  10   1   1   2   2   1   1   1  12  51   1   2   4   1   1   3   0   4   3  0.50 0.22
  151 C   -3 -4 -4 -4 10 -4 -4 -4 -4 -3 -3  1 -3 -4 -4 -3 -3 -4 -4 -3    1   1   1   1  76   1   1   1   0   1   1  10   0   1   1   1   1   0   1   1  2.55 0.59
  152 S    0 -1  0  0 -2  1  2  0 -2  1 -2  0 -1 -2 -1  2  0 -3 -2 -2    8   1   2   3   0   8  19   8   0  11   1   4   2   2   2  21   5   0   1   1  0.20 0.14
  153 V    0  0  0  2 -1  0  0  0 -1 -1 -1  0  0 -2  0  0  1 -3 -2  1    9   3   5  16   1   4   4   6   1   2   5   8   3   1   3   7   9   0   1  13  0.08 0.06
  154 C   -3 -4 -4  1 10 -4 -4 -4 -4 -3 -3 -4 -3 -4 -4 -3 -3 -4 -4 -3    1   1   1  10  76   1   1   1   0   1   1   1   0   1   1   1   1   0   1   1  2.57 0.59
  155 E   -2 -1 -1 -1 -4  1  5 -3  0 -2 -3  2  2 -1 -3 -2 -2 -3  0 -2    2   1   2   1   0   4  54   1   2   2   1  11   6   3   1   2   1   0   3   2  0.76 0.32
  156 G    2  0  1  0 -3  0  0  1  1 -1 -1  0  2 -3  0  1  1 -4 -3 -1   18   5   6   4   0   4   4  10   4   3   4   7   6   0   3  10   9   0   0   3  0.13 0.17
  157 K    0  0  0  0 -3  0  0  0  0 -1  0  2  0 -1  0  0  0 -3  0 -1    8   4   3   4   0   4   5   6   3   3  10  19   3   3   4   8   6   0   3   3  0.07 0.11
  158 G   -1 -1  0  0 -2 -1  0  4  2 -3 -3 -2 -2 -2  2 -1 -3 -4  0 -1    3   4   4   5   1   3   6  39   5   1   2   2   1   2  10   4   0   0   4   6  0.45 0.28
  159 L    0  0  0 -3 -1 -1 -2 -2  1  1  1  1  0 -1 -3 -1  1 -3  2  1    8   4   4   0   1   3   1   3   4  10  14  11   2   1   0   3  12   0   9   9  0.12 0.15
  160 H    0 -4  0 -3 -6 -4 -4 -5 10 -6 -6 -4 -5 -5 -1 -3 -2  3 -3 -6    8   0   5   2   0   0   0   0  71   0   1   0   0   0   3   2   2   4   0   0  2.50 0.92
  161 R    0  1  0  0 -4  0  0 -3  4 -4 -3  2 -3 -3  4  1  0 -4 -2 -3    6   7   3   4   0   3   6   1  10   0   2  15   0   1  21  10   7   0   1   1  0.44 0.28
  162 E   -2  0  2  3 -5  0  5 -1  2 -3 -4 -1 -4 -3 -4 -1  0 -5 -4 -3    3   4   8  18   0   2  39   4   4   1   1   2   0   1   0   3   5   0   0   2  0.70 0.39
  163 H   -5 -4 -4 -5 -6 -4 -1 -5 11 -6 -6 -5 -5 -5 -6 -1 -5 -6 -3 -6    1   0   0   0   0   0   5   1  85   0   1   0   0   0   0   5   0   0   0   0  3.28 1.10
  164 S    0  1  1  0  0 -1 -1 -1  0  0 -1 -1  0 -1  2  0  0 -1  1  1    9  11   8   6   2   1   4   3   2   4   5   3   3   2  10   5   4   1   5  11  0.07 0.09
  165 K   -2 -3 -4 -4 -4 -3 -1 -3  1 -2  2  1  7  4 -4 -3 -3 -4 -3 -1    3   0   0   0   0   0   5   2   3   0  20   9  32  15   0   2   1   0   0   4  0.85 0.47
  166 L   -2 -2 -4 -4 -3 -3 -2 -4  0  3  3 -3  1  0  0 -3 -2  1  0  2    3   2   0   0   0   0   2   1   2  17  35   1   3   4   5   1   1   2   3  17  0.49 0.28
  167 I   -1  5 -3 -2 -5 -1 -3 -4 -3 -2 -2  4  1 -5  0  0 -2 -5 -4 -2    6  40   0   2   0   1   0   1   0   2   4  22   4   0   5   6   2   0   0   3  0.80 0.44
  168 F   -3 -2 -3 -3 -3 -2 -4 -4 -4  4  2 -4  4  4 -4 -3 -3 -3  0  1    1   3   1   2   0   1   1   1   0  28  15   1  14  18   1   2   1   0   3   7  0.66 0.35
  169 P   -1  3 -1 -2  2  0 -1 -3 -2 -3 -2 -1 -3 -2  5 -1  1  0 -1  0    5  17   2   2   5   5   3   1   1   1   4   2   0   2  28   4   8   1   2   8  0.51 0.31
  170 N   -1  2  2  0 -2  0  0 -2  1 -2 -2  1 -2 -3  0  1  2 -4 -3 -1    3  15  13   4   1   4   7   2   3   2   2   7   1   1   4  12  15   0   0   5  0.25 0.21
  171 P   -1 -4  1 -4 -1 -2 -2 -2 -4 -5 -2 -3 -4 -3  7 -1 -2 -5 -1 -2    6   0   6   0   1   2   2   3   0   0   4   2   0   1  59   4   3   0   3   4  1.40 0.63
  172 F   -1 -1 -1 -1 -2  0 -1 -2 -2  1  1 -1  1  2  2 -1 -1 -1  0  1    5   3   3   4   1   4   4   3   1   8  13   2   4  10  10   4   3   1   4  14  0.08 0.09
  173 G   -1  0  0  1 -1  0  0  2  2 -1 -1 -1  1 -2  0 -1  0  1 -2  1    5   4   5  10   1   4   6  16   6   2   6   2   5   1   6   3   7   2   0  11  0.10 0.12
  174 H   -2 -2  1 -2  0 -1 -1  2  6 -1 -1 -2  1 -2  2 -1 -1  2  0 -2    3   2   8   2   2   2   3  15  22   4   5   2   4   2  11   3   3   3   3   2  0.42 0.29
  175 L   -1  0 -2 -2 -1  0  0 -1 -1  0  1  0  1  0  2  1  0  0 -1  0    4   7   0   1   1   5   6   5   1   6  13   5   4   4  12  14   4   1   2   6  0.10 0.12
  176 S   -1  1 -1  0 -2 -1 -2 -1  1 -2 -1 -1  0  1  1  3  0 -1 -1 -1    5  10   3   5   1   2   1   3   4   1   6   4   2   6   8  26   4   1   2   5  0.19 0.21
  177 D    0  2 -2  0 -2  1  4 -2  2 -3 -2 -1 -1 -2  0 -1 -2 -1 -1 -2    9  11   1   6   1   5  31   3   5   1   4   2   1   2   5   5   2   1   2   3  0.38 0.30
  178 S   -1  0 -1  0 -4 -1 -2  2  1 -2  0 -1  0 -1  2  0 -1  7 -1 -2    6   6   2   5   0   3   2  14   3   2  10   3   2   2  10   6   3  17   2   3  0.42 0.28
  179 F    0 -2 -2 -4 -5 -5 -3 -1 -2  0  1 -3 -1  6 -3 -1 -3 -1  1  0    7   2   2   1   0   0   2   5   1   6  14   2   1  39   2   4   1   1   4   7  0.72 0.40
  180 S    0  1 -2 -3  2 -2 -1 -2  3 -3 -2 -1 -1 -3  3  3  1 -5 -3 -3    7   8   1   1   4   1   4   3   6   1   4   3   2   1  16  26   9   0   1   1  0.45 0.35
  181 H   -2  3 -3 -4 -1 -1 -1 -1  8 -2 -3  0 -1  0  2 -2 -4 -5 -1 -2    3  19   0   1   1   2   4   5  32   2   3   5   2   4   9   3   1   0   2   4  0.92 0.51
  182 S   -1  2 -1 -3 -2 -2 -2  3  1 -2 -1 -1  0 -1  1  3 -1 -4 -3 -1    4  11   3   1   1   1   3  20   3   2   6   2   3   2   6  23   4   0   1   5  0.30 0.27
  183 R   -3  6 -2 -3 -6  0 -1 -2  1 -4 -5  3 -5 -3 -1 -2 -3 -3 -5 -4    2  50   1   1   0   3   4   3   4   1   1  18   0   1   4   2   2   1   0   1  1.23 0.63
  184 W   -2  0 -4 -4  0 -2 -4 -1  3 -4 -2  3 -2  3  0 -3 -1  9  3 -5    3   5   1   1   2   2   1   4   6   1   4  16   1  10   4   1   4  26   9   0  1.04 0.55
  185 L    0 -1 -2 -2  1 -3 -3  0  1 -1  2 -2  3  2  1  1  0  3 -2 -2    7   3   1   2   4   1   1   7   3   2  20   2   7  10   7  11   5   4   0   2  0.21 0.21
  186 R   -2  6  0 -4 -5 -1 -1 -3  2 -2 -2  2  1 -3  1 -3 -1  1 -4 -2    4  39   4   0   0   3   3   1   5   2   5  12   4   1   7   1   3   2   0   3  0.74 0.45
  187 K   -3  3 -1 -4 -5  1 -2 -3  2 -1 -2  5 -4 -3  0 -1 -2 -2 -2 -2    1  17   3   0   0   7   2   2   4   4   4  39   0   1   5   4   2   1   1   2  0.76 0.46
  188 L   -1  1  0 -3 -2 -2 -2 -2  0  1  1  0  4  2  0  0 -1  1  1  1    3   7   5   1   1   1   1   3   2   7  13   6  12   9   5   6   2   2   4   9  0.14 0.15
  189 K   -1  3 -1 -1  0  0  0  0  3 -3 -2  3 -1 -3 -2  1 -1 -4 -1  0    5  17   3   2   2   3   5   6   7   0   4  19   2   1   2   9   3   0   2   8  0.26 0.23
  190 H    0  1 -2 -1  1 -1 -1 -1  8 -5 -4  0 -4  0  0 -1 -3 -5  0 -2    8   8   1   4   3   3   4   6  35   0   2   7   0   4   5   3   2   0   3   3  0.81 0.45
  191 G    0  2 -1 -1  3 -1 -2  4  2 -3 -3  0 -1 -3  0  0 -1 -4 -1 -1    7  11   3   3   6   2   1  29   6   1   3   5   2   1   4   5   4   0   3   4  0.34 0.25
  192 H   -1  0 -1 -2  1 -3 -3  2  7 -2 -1 -2  2 -1 -1 -2 -2 -4  1 -2    6   6   3   3   3   0   2  15  30   3   6   2   5   2   3   3   2   0   4   3  0.66 0.39
  193 F   -2  1 -1 -2  4 -2  0 -1  1  0 -1 -2 -2  4  1 -1 -2  5  1 -1    2  10   3   3   8   1   5   5   3   6   4   2   0  20   6   3   2   8   3   4  0.35 0.25
  194 G    0  0  1  1  0 -1  1  4  1 -2 -3  0 -2 -1  0 -1 -2  1 -2 -3    6   4   6   8   2   2   8  29   3   2   3   7   1   3   4   4   2   2   1   2  0.29 0.20
  195 W   -2  1 -3 -1  4  2 -1  1  2 -2 -1 -2 -3  2 -1 -2 -1  7  0 -3    2   8   1   3  10  10   3  11   5   3   5   2   0   8   3   2   3  15   3   2  0.52 0.33
  196 P    0  0 -1  0  3 -1 -1 -1  1 -3 -2 -1 -4 -1  5  0 -2 -2 -3 -2    8   6   3   6   7   3   3   4   3   1   5   4   0   3  32   6   2   1   1   3  0.55 0.35
  197 G    0  0  0  0  1  0  0  3 -2 -3 -3  0  0 -1  1  0 -1 -1 -2 -2    8   6   3   6   3   5   5  26   1   1   2   6   3   2   7   7   3   1   1   3  0.24 0.19
  198 W    0  1 -2 -1  2 -1 -1 -1  2 -2 -2 -1  1  3  0 -2  1  6  0 -3    9   8   2   4   4   3   4   6   5   1   3   3   5  13   5   3   8  11   3   1  0.31 0.24
  199 E    0  2  0  0  0  2  2  0  0 -3 -2  1 -1 -1  1  0  0 -4 -2 -2    7  10   4   5   2   9  15   8   2   1   4   7   1   3   7   5   5   0   1   2  0.18 0.16
  200 M    1 -1  0 -1  3  1  0 -1  2 -1 -1 -1  3  0  0 -1 -1 -3 -1  0   13   3   5   3   6   7   5   5   5   3   4   4  10   5   5   4   3   0   2   7  0.11 0.14
  201 G    0 -1  0 -2  3  0 -2  2  3 -3 -2 -1 -1 -3  1  0  1  0 -2  1    9   3   5   2   7   5   2  18   7   0   3   2   2   1   6   6   8   2   1  11  0.21 0.21
  202 P    1  1  1  0  4 -1 -2 -1  0 -2 -3 -1 -1 -1  4 -2 -2  0  0 -3   11   9   7   5   8   2   2   6   3   2   2   3   2   3  25   2   3   1   4   2  0.43 0.31
  203 P    0  0  0 -1  1  1 -1  0  1 -1 -2 -2 -2 -2  5  0 -2 -2 -4 -3    8   6   4   3   3   6   4   7   3   3   3   2   1   2  30   6   3   1   0   1  0.49 0.34
  204 G    1  0  1 -2  2  0  0  3 -1 -4 -3 -2 -3  2 -1  1  0 -4 -2  0   12   5   6   1   4   4   5  21   2   0   1   2   0   9   3  12   6   0   1   6  0.25 0.23
  205 N    0 -1  3  2 -2  1  0  1  2 -3 -4  0 -1 -2  1  1 -2 -1  0 -3    7   3  15  14   1   5   4  11   4   2   0   6   1   2   8   9   2   1   3   2  0.27 0.23
  206 W    0 -1 -1 -2 -1  0  1 -2  0 -2 -2 -2 -3  1  0  1 -1  8 -1 -1    7   3   4   2   2   5   9   3   2   2   3   2   1   5   6  11   4  24   1   4  0.66 0.42
  207 S    1  1  2 -1  1  2 -1  1  1 -2 -2 -2  3 -1 -3  2 -1 -3 -4 -2   12   9   9   3   3   8   2   9   4   2   3   2   8   3   1  15   4   0   0   3  0.21 0.23
  208 P    0 -1  0  0 -5  3  1 -2  4 -5 -5 -1 -2 -1  4 -1  0  2  2 -3    6   3   3   5   0  15   8   4  10   0   0   3   1   2  19   4   5   3   6   1  0.51 0.39
  209 R    0  3  2 -2  3  1  2  0  1 -3 -3  2 -4 -2 -1 -1 -2  0  0 -3    6  16  11   1   6   6  14   7   3   1   2  11   0   2   3   4   2   1   3   1  0.33 0.28
  210 P   -1  0  0  0  2  0  0 -1  2  0 -1  0  2  1  0 -1  0  3  1 -1    5   5   5   5   5   5   5   5   5   5   5   5   5   5   5   5   5   5   5   5  0.09 0.08
  211 P    0 -1  0 -1  1  2  0  0  2 -1 -6  1  1  0  2  0 -1  3  0 -2    8   3   4   3   3   9   5   7   5   4   0   8   3   4  12   6   5   4   3   4  0.21 0.21
  212 R    0  2  0  1  0  1  0 -1  2 -1 -2 -1 -1  0  1  0  0 -3  1 -1    7  13   4   7   3   7   7   4   7   3   2   3   2   5   6   7   5   0   5   3  0.12 0.15
  213 A    2 -1  0  0  0  1  0  0  1 -4 -2 -1  0 -1  2  0  1 -5 -4 -2   21   4   5   5   2   8   6   7   3   0   4   2   2   2   9   7   9   0   0   3  0.20 0.23
  214 G    0  0  0  0  1  1  0  1  1 -3 -2  0  0  0  0  0  0  2  1 -1    7   3   6   5   3   9   6  13   4   0   3   7   3   4   4   4   5   3   6   4  0.09 0.12
  215 D    0  0  1  0  2  1  0  0  2 -2 -3  0 -2  0  1  0  0  3 -1 -1    6   6   6   6   6   6   6   6   6   0   1   6   0   6   6   6   6   6   0   6  0.13 0.15
  216 G    2  1  1  0  1  1  0  1  2 -3 -3  0 -3 -2  0  1  0 -4 -2 -3   16   8   6   5   3   6   6  12   6   1   2   4   0   1   5  12   5   0   1   1  0.19 0.21
  217 R    1  2  0  0  0  1  0  0  2 -1 -2  0 -1 -2  2  0 -1 -4  0 -2   12  15   3   6   2   7   5   7   5   3   2   6   1   2  10   5   4   0   3   2  0.15 0.17
  218 P    0  2  0 -2  0  0 -1 -1  0 -3 -2  1 -1 -1  4  1 -2 -5 -2 -2    7  13   4   2   2   4   3   4   2   1   4   7   2   3  25  11   2   0   2   2  0.40 0.34
  219 C    0 -1  0  1  5  0  1  0  2 -3 -2 -1 -1 -1  0  1 -1 -5 -4 -3    7   4   4   8  16   4  12   7   6   1   4   4   1   2   5   9   3   0   0   1  0.30 0.28
  220 P    0  0  0  0  1  2  0 -1  2 -1 -2  0 -3 -4  4  0 -1 -4  0 -2    9   5   5   4   3   9   6   4   4   3   4   6   0   0  19   6   4   0   3   3  0.26 0.24
  221 T    0  1  1  0  0  0  0  1  2 -2 -1 -1  0  0  0  0  0  1  0 -1    9   7   9   5   3   4   5   9   6   0   4   3   4   4   4   8   6   3   3   5  0.08 0.11
  222 A    2  1  1 -2  3  1  1 -1  2 -2 -3  0 -1 -3  1  1 -1 -5 -4 -1   19   7   6   1   6   5  11   4   5   2   2   5   1   1   7  10   3   0   0   4  0.21 0.24
  223 E    0 -1  0  0 -1  1  5 -2  3 -5 -3  0 -1 -2  0 -1 -1 -5 -1 -5   10   2   3   4   2   6  36   3   8   0   3   5   1   2   4   4   3   0   2   0  0.56 0.46
  224 S    1  0  1 -1  3  1  1 -1  2 -2 -3  0 -1 -1 -1  2 -1 -5 -3 -2   12   6   6   3   7   7   7   5   5   3   2   4   2   3   3  21   3   0   0   2  0.22 0.26
  225 A    2  1  1  0  0  0  0  0  2 -2 -2 -1  0 -1 -1  1  1 -4 -2 -1   20   7   7   5   2   5   4   7   6   2   4   3   2   2   2   9   8   0   1   3  0.13 0.17
  226 S    0 -1  1  0  0  1  0  0  3 -1 -3  0  0 -1  0  2  1 -4 -3 -2    7   2   8   5   2   7   7   8   8   4   2   5   2   2   4  15   8   0   0   2  0.17 0.20
  227 A    1 -1  0  0  1  0 -1  1  1 -2 -3 -1 -1 -1  1  1  0  2  0 -2   13   4   3   6   3   5   3  13   4   2   1   4   1   3   8  11   6   3   3   2  0.14 0.17
  228 P    0 -1  0 -1  0  1  1  1  0 -2 -3  1 -3 -2  3  1 -1 -1 -2 -1    7   3   4   2   2   8   7   9   3   3   3   7   0   2  18  13   3   1   1   4  0.25 0.24
  229 P    1  1  0 -1 -4  0  0 -1  0 -3 -3 -1  0 -1  3  0  0  5 -1  0   11   8   5   2   0   4   5   4   3   0   1   4   3   2  16   8   5   8   2   9  0.27 0.26
  230 E    0  0 -1 -1 -3  1  1 -1  3  0  0  1  0 -1 -1  1  0  0 -2 -1    7   5   3   3   0   9   8   4   8   6  10   8   2   3   3  10   6   1   0   4  0.08 0.13
  231 D    0  0  0  3  0  1  0 -1  3 -1 -2 -1 -3 -1  0  1 -1  1 -1 -1   10   5   4  16   2   7   6   4   8   4   2   2   0   3   4   9   4   2   2   4  0.14 0.19
  232 P    1 -1  1 -2 -4  2 -1 -2  0 -1 -2 -1 -1 -2  4  1  0 -4 -1 -2   10   3   7   2   0  10   3   3   2   4   2   4   2   2  23  12   5   0   2   3  0.35 0.32
  233 N   -1  0  2 -1 -3  1  0  0  3 -3 -1  0 -1  1  0  1  0  1  1 -2    5   6  12   3   0   7   5   7   7   0   5   3   2   7   5  12   4   2   5   3  0.14 0.19
  234 V   -1 -1  0 -1 -1  0  1 -1  3  0  0 -1  2 -1  1 -1 -1 -4 -2  3    5   3   4   4   1   4   9   4   8   4   6   4   7   3   7   3   2   0   0  23  0.15 0.21
  235 N   -1  0  2  2 -4  1  3  0  2 -4 -3  0 -4 -2  3 -1  0  1 -2 -4    4   4   9  11   0   6  19   6   4   0   2   6   0   1  13   3   7   2   1   0  0.36 0.32
  236 F   -1  0 -4 -3 -1 -1 -2 -4  0  0  1 -1  3  5 -1 -2 -1 -1  3 -1    4   4   0   1   1   3   3   1   2   4  12   4   8  26   4   2   4   1  12   3  0.46 0.35
  237 L   -1 -1 -1 -2  0 -2 -2 -1 -1  0  3 -1  4  1 -4 -2 -1 -3 -1  0    4   4   4   3   2   2   2   6   1   3  33   4  11   7   0   3   3   0   1   7  0.28 0.26
  238 K   -2  1  2  0 -4  1  1 -1  0 -3 -3  4 -1 -5 -2  1  1 -5 -3 -3    2   5   9   4   0   5   8   5   2   2   2  33   2   0   1   9   7   0   1   2  0.46 0.37
  239 N   -2 -1  5  1 -1  2  0 -1  2  0 -2 -1 -1 -3  0  1  0 -4 -2 -3    2   3  27   8   1   8   5   5   4   5   4   3   1   1   5  10   5   0   1   1  0.35 0.31
  240 V   -1 -1  1 -2 -1 -2 -2 -3 -3  2  1 -1  1  1 -1 -2  0 -1  2  2    3   3  10   2   1   2   2   2   0  15  10   3   4   7   3   2   5   1   7  19  0.19 0.20
  241 G   -1  0 -3 -1 -4 -1 -1  4 -3  0 -2  1  1 -2  1  0 -2 -4 -1 -1    3   5   0   4   0   3   4  33   0   7   3   8   4   1   7   9   2   0   2   5  0.33 0.28
  242 E    0 -1  2  1 -1  2  3 -2  0 -2 -1 -1 -1 -2  0  0  0 -4 -2 -2    8   2  11   6   1   8  25   3   3   2   6   3   1   1   4   8   5   0   1   2  0.27 0.26
  243 S    0 -1  3 -1 -3  0  0  0  1 -1 -2 -1  0 -1  1  1  1 -4 -3  0    5   3  15   3   0   3   7   8   4   3   2   3   3   2   8  14   8   0   0   8  0.16 0.19
  244 V   -1 -2 -2 -2 -3 -3 -3 -2 -2  3  1 -2  3  1 -1 -1  0 -3 -1  3    4   2   1   3   0   0   2   2   1  15  11   2  10   7   3   4   5   0   2  24  0.32 0.27
  245 A    3 -2  1  0  0  0 -1 -2 -2 -2 -1 -2  0 -1 -2  2  2 -4 -1  0   23   2   6   5   2   4   3   1   1   1   6   2   3   2   2  14  14   0   2   7  0.22 0.25
  246 A    2 -2  2  1 -3  2  0 -2  1 -2 -3  0 -1 -3  2  1  1 -4 -3 -2   18   2   9   6   0  12   5   2   3   3   1   5   1   1   9   9  11   0   0   3  0.27 0.28
  247 A    2 -1 -3 -4 -3 -2 -3 -2 -1  0  1 -2  3  4  0 -1 -1 -3  0  0   20   4   0   0   0   2   0   3   1   5  11   2   8  18   5   5   4   0   2   8  0.28 0.27
  248 L   -1 -2 -3 -1 -3 -1 -2 -2  0 -1  4 -2  1  0 -2 -2  1 -4 -1  0    6   2   1   4   0   2   2   4   3   2  44   2   3   4   2   2   9   0   2   6  0.38 0.32
  249 S    0  0  0  0  2  1  0  0  1  0 -1  0  1 -2  1  0  0 -3  1  0    6   6   5   6   5   5   6   6   5   6   6   6   5   0   6   6   6   0   5   6  0.04 0.08
  250 P    0  0  1  0 -3  1  0  0  2 -2 -1  0  1 -2  1  0  0 -2  1  0    6   6   6   6   0   6   6   6   6   0   6   6   6   0   6   6   6   0   6   6  0.07 0.10
  251 L    0  0  1  1  1  0  1 -1  0 -1  0  0  1  0  0 -1 -1  2 -2  0    6   6   7   9   3   5   8   4   3   3  11   4   4   6   5   4   4   3   0   5  0.04 0.07
  252 G    0 -3  0 -1  0 -1 -1  4 -3 -2 -1 -1  0 -1  1 -1  0 -4  1 -1    8   0   4   4   2   3   4  32   0   3   6   3   3   2   7   4   7   0   5   3  0.27 0.25
  253 I    0 -1  0  0 -3 -2 -1  0  0  3  0 -1  0 -1  1  0  0 -3 -1  0    6   4   5   4   0   0   4   8   3  26   8   3   2   2   6   6   5   0   2   5  0.11 0.17
  254 E    0 -1  0  3  1  2  2  0  1 -2 -4  1 -3 -4  2 -1  0 -4 -1 -2    7   2   3  17   3  10  15   7   3   2   1   7   0   0   9   3   7   0   2   3  0.29 0.26
  255 V    0  1  0 -1 -3 -2  0 -2  0  0 -1  0  1  0  1  0  1  1 -2  2    8   7   4   2   0   0   7   2   2   5   3   8   4   5   6   4   8   2   0  22  0.10 0.18
  256 D    0 -1  1  4 -1 -1  0 -1  1 -3 -4 -1 -3 -1  2  1  1 -5 -2 -3    6   4   6  28   2   3   6   4   4   1   1   3   1   3   9  10   9   0   1   2  0.39 0.32
  257 I   -1 -1 -2 -2  1 -2 -1 -2 -1  4  0  0  2  0 -2 -1  0  0  0  2    5   3   2   1   4   1   4   3   1  25   5   7   6   3   2   3   5   1   4  16  0.22 0.22
  258 D    0 -2 -1  5 -4  0  1 -1  0 -2 -3  0  2 -3 -1  1  0 -5 -1 -2    9   2   2  32   0   5   7   5   2   2   1   5   6   1   2   9   5   0   2   3  0.41 0.35
  259 V    1 -3 -1 -3  0 -2 -1 -2 -2  1 -1 -2  1 -1 -1  0  1 -4 -2  4   14   0   2   1   2   2   4   2   1   7   4   3   3   3   4   7   9   0   1  31  0.30 0.29
  260 E   -1  0 -1  3 -5  1  4 -3  1 -4 -4  0 -1 -5 -1 -1  0 -5 -2 -1    5   4   2  14   0   6  35   1   3   0   1   6   2   0   4   4   7   0   1   5  0.55 0.43
  261 H    0 -1  2  0 -2  2 -1 -1  7 -4 -3  0  0 -4  0 -1 -1 -5 -3 -2    9   3  12   5   1   9   4   4  26   0   2   5   3   0   4   5   4   0   0   4  0.56 0.42
  262 G   -1 -2  1  2 -1  0  1  2  0 -4 -2  0 -2 -2  2  0  0 -4 -2 -2    4   1   6  13   2   5  12  17   3   0   3   7   1   1  10   5   5   0   1   2  0.25 0.24
  263 G    1 -2  1  2 -4  0  0  3  0 -3 -4  0 -4 -5  1  0 -1 -5 -2 -2   10   2   6  11   0   4   7  28   2   1   1   5   0   0   8   6   3   0   1   3  0.37 0.32
  264 K    0  1  0  1  0  3  0 -2 -3 -2 -4  3  0 -2 -1  0 -1 -4 -4 -2    9   9   5   8   2  13   6   3   0   2   1  20   3   2   3   8   3   0   0   3  0.30 0.29
  265 R   -1  5  1 -1 -1  0 -1 -2 -1 -3 -5  2 -4 -1  1  0 -1 -5 -2 -3    6  32   8   4   1   3   3   4   2   2   0  13   0   3   7   7   3   0   2   2  0.49 0.40
  266 S    0 -1  0 -1 -1  1  2  0  0 -4 -3  1 -2 -4  2  2  2 -4 -2 -2    7   3   3   3   2   6  12   6   2   0   2   8   1   0   9  20  12   0   1   2  0.27 0.28
  267 R   -1  3 -2  0 -1  2  1 -3 -1 -3 -3  4 -1 -5  0 -1 -1 -5 -4 -3    5  19   2   4   1   9   9   1   1   2   2  29   2   0   4   3   4   0   0   2  0.53 0.42
  268 L    1  0 -1 -1  2 -1 -1 -2 -2  0  0  0  0 -1 -1  0  0 -3  0  2   10   4   3   3   6   3   3   3   1   6   8   5   2   2   3   7   6   0   4  21  0.08 0.13
  269 T    1 -1 -1 -1 -2  1  0 -1 -1 -1 -2  0  1 -2  1  1  3  0 -1 -2   12   4   3   2   1   6   6   5   1   4   2   4   4   2   6   9  24   1   3   2  0.20 0.25
  270 P    0 -2 -2 -1  1 -1 -1  0 -2 -3 -4  1 -4 -5  5  0  2 -5 -5 -2    7   2   2   3   3   3   4   8   1   2   1   9   0   0  33   8  11   0   0   2  0.65 0.47
  271 T    1 -1  1 -1 -1  1  0  0 -1 -2 -2  0 -2 -2  1  1  2 -4 -1  0   12   2   7   3   1   6   6   8   1   2   3   5   1   2   8  10  15   0   2   7  0.14 0.18
  272 T    1  0  0 -1  2  1  0 -1  0 -2 -2  0 -1  0  2  2  1  2 -3  0   10   5   3   3   4   5   6   3   3   1   2   7   1   4  10  15   7   3   0   7  0.14 0.18
  273 P   -1 -1  1  0 -4  1 -1 -1 -1 -4 -2  0 -1 -1  5  0  1  1  0 -2    6   3   7   5   0   6   3   5   2   0   3   5   2   2  28   7   8   2   3   3  0.41 0.33
  274 E    1 -1  2  0  1  1  2  0  0 -2 -2  1 -2 -1  0  1  0 -4 -3 -1   12   3  11   4   3   5  13   6   3   2   3   7   0   3   5  12   4   0   0   4  0.15 0.18
  275 S   -1 -1  0 -1  3  3  0  0 -1 -2 -3  0 -3 -1  0  2  1 -4 -1 -1    4   3   3   4   8  13   6   7   2   2   2   5   0   2   4  20  10   0   2   3  0.22 0.28
  276 S    0  0  0  0 -3  1  2  0  1 -1 -1  1  0 -1  0  1  0 -3 -1 -1    8   4   3   6   0   6  15   6   3   3   4   8   3   2   5  10   7   0   2   5  0.10 0.13
  277 S    0  0  2  0  0  0  0  1  1 -4 -3  1 -3 -4  1  2  0  0 -3 -2    7   4   9   4   2   4   4  10   4   0   2  11   0   0   6  20   6   2   0   2  0.24 0.28
  278 T    1 -1  1  0  0  0  0  0  0 -1 -2 -1  0 -2  1  1  2  1 -2 -1   11   4   8   4   2   5   5   8   2   3   3   2   2   2   7   9  15   3   0   4  0.12 0.15
  279 G    0  0  2  1 -1 -1  0  1  0 -2 -2  1 -3 -1 -1  2  0 -3 -1 -2    9   4   9   8   1   2   7  12   3   2   2   9   0   2   3  17   5   0   2   3  0.15 0.18
  280 T    2 -1  0  0  0  0  0  1 -1 -2 -2  0 -1 -4  0  2  2 -1 -3 -1   15   2   5   5   2   4   5   9   1   1   2   7   1   0   5  18  12   1   0   3  0.19 0.22
  281 E   -1 -1 -1  0 -1  1  4  0  1 -3 -3  1 -1 -4  2  0 -1 -4  0 -2    5   2   3   5   1   4  35   6   3   1   3   7   2   0   9   5   3   0   3   3  0.42 0.37
  282 D    0  0  0  0 -2  1  0  0  1  0 -1  0  1  0  1  0  0 -2  1  0    6   6   5   6   0   5   6   6   5   6   6   6   5   5   6   6   6   0   5   6  0.03 0.06
  283 K   -1  0  1 -1  0  1  0  1  1 -2 -2  2  1 -1  0  1  0 -3 -1 -1    4   6   8   3   2   5   5  11   3   2   3  13   4   2   5  13   5   0   2   3  0.11 0.15
  284 S    1  0  0  1  3  0  0  0 -2 -1 -1  0  0  0  0  2  0 -4 -3 -1   10   5   5   7   7   5   6   6   0   3   4   4   2   4   4  18   5   0   0   5  0.12 0.16
  285 N    0  0  2  1  0  0  0  0  0 -1 -3  1 -1 -2  1  2  0  0 -1 -1    7   5   9   7   2   4   4   8   2   3   2   7   1   2   6  21   4   2   2   4  0.14 0.19
  286 T    0 -1  0 -1 -1  0  1  0 -3 -2 -2  1  0 -2  1  2  2 -4 -2 -1    8   2   5   2   1   5  11   7   0   2   3   8   2   2   8  14  16   0   1   3  0.19 0.23
  287 Q   -1 -1  1  1 -2  3  1 -1  0 -2 -2  0 -3  1  1  0  0 -1 -1 -1    6   3   6   9   1  16   9   5   2   1   3   7   0   6   7   6   5   1   1   4  0.18 0.21
  288 P    0 -1  2  2 -4  0  0  0 -1 -1 -3  0 -1 -2  4  0 -1 -5 -4 -2    8   2  11  10   0   4   5   7   1   3   2   7   2   2  20   7   4   0   0   3  0.33 0.28
  289 S    1  0 -1  0 -1  2  0  1 -1 -1 -2  0  0 -3 -1  2  1 -4 -1 -2   13   5   2   4   1  11   7  12   1   4   3   6   2   1   2  14   7   0   2   2  0.15 0.18
  290 S    0 -1  3 -1 -1  1  1  0 -1 -2 -3  1 -4 -5  0  2  0  0 -4 -2    8   2  14   3   1   7  11   5   1   2   2   9   0   0   4  19   7   2   0   3  0.30 0.30
  291 C    0 -2 -1 -1  4 -2 -1  1  0  0 -1 -1 -2  0  0  0  0  0 -1  2    9   1   2   3  10   1   4  11   3   6   3   4   0   5   4   8   7   1   1  16  0.14 0.17
  292 S    0 -1  1  0  1  3  0 -1 -2 -2 -3  1 -1 -3  0  2  1 -4 -4 -1    6   3   6   6   3  16   5   5   1   2   2  11   2   1   4  14   9   0   0   4  0.22 0.25
  293 S    0 -2  0  1 -2  0  0  1  0 -1 -3  1 -2 -5  0  3  3 -5 -4 -1    6   2   4   7   1   3   6  10   2   3   1   8   1   0   5  21  16   0   0   4  0.28 0.29
  294 E    0 -2 -2  2 -2  0  2  0 -3 -2  0  3 -3 -3  0  0  0 -1 -2 -1    6   1   1  14   1   2  15   7   0   2   8  18   0   1   4   6   6   1   1   5  0.23 0.26
  295 V    0  0 -1  0 -1  1 -1  0 -2 -1 -2 -1 -1 -1  4  0  0  0 -4  0   10   4   3   4   1   8   3   7   1   3   3   4   1   2  23   7   6   1   0   8  0.30 0.27
  296 S    0  0  2  2 -1  0  1 -1  1 -3 -4 -1 -3 -2 -1  3  1 -1  0 -3    6   4  10  14   2   3   8   4   3   2   1   3   1   2   3  21   8   1   3   2  0.26 0.27
  297 K   -1  0  0  0 -1  1  1  0 -3 -1 -3  3 -2 -4 -3  0 -1  4 -3  0    5   5   4   6   2   6   9   7   0   3   1  24   1   0   1   7   4   7   0   7  0.32 0.29
  298 P    0 -1  3 -1 -3  0  1 -1 -4 -3 -2  1 -4 -2  5  0 -1 -5 -4 -2    6   3  14   3   1   3   8   4   0   1   4   8   0   2  28   8   4   0   0   3  0.53 0.40
  299 D   -1  0  2  3  0  1  2  0  0 -2 -4  1 -2 -4  1  0 -1 -5 -4 -1    6   4   9  19   2   5  12   7   2   2   0   7   1   0   7   8   4   0   0   4  0.29 0.25
  300 G    0 -1  1 -1 -4  1  0  2 -1 -2 -3  0 -2  0 -1  1  2 -4 -3 -1    6   3   6   3   0   5   7  19   1   2   1   6   1   5   2  11  15   0   0   5  0.21 0.23
  301 A    1 -2  3  2 -4 -1  2 -1 -3 -2 -3  0 -1 -3  2  0  1 -1 -4 -1   11   2  13  11   0   2  12   5   0   2   3   5   1   1  10   7   8   1   0   5  0.25 0.26
  302 G    0  0  1  0 -2 -1  1  1 -1 -1 -3  1 -2 -4  2  2  0 -4 -3  0    9   4   6   4   1   2   8   9   1   3   1   8   1   0   9  17   6   0   1   8  0.17 0.21
  303 E    2 -2 -1  0 -2  2  4 -2 -3 -2 -3 -1 -2 -3  0  0  0 -5 -3  0   19   1   3   5   1   9  25   3   0   2   1   4   1   1   4   6   6   0   1   8  0.34 0.35
  304 G    0 -2  1 -1 -4  0  1  3 -1 -2 -3  0  0 -3 -1  0  2 -5 -4 -1    7   1   5   4   0   4   8  25   2   2   2   7   2   1   2   7  14   0   0   5  0.28 0.29
  305 P   -1  1  0 -2 -1 -1  2 -3 -1 -1 -3 -1  1 -5  4  0  2 -5 -3  0    5   8   5   2   1   2  13   2   1   3   2   4   3   0  20   6  15   0   1   6  0.37 0.35
  306 A    2 -1  0 -2 -4 -1  0 -1 -1 -2 -2  2 -1 -2  0  1  1  0 -1  2   16   2   4   1   0   3   7   5   1   2   3  13   2   1   5  11   7   1   2  14  0.15 0.21
  307 Q    0  0  1  1 -4  3  2 -1 -1 -2 -1 -1  0 -4  1  0  0  0 -1  0    8   5   8   7   0  13  13   4   1   2   6   3   2   0   6   5   7   1   2   6  0.16 0.21
  308 S    0 -1  1  0 -1  0  0  1  0 -2 -2  0  0  0  0  2  1  2 -3 -1    8   3   6   4   1   3   5  11   2   2   4   5   3   5   4  16   8   3   0   5  0.10 0.15
  309 L    0  0  0  1 -1 -1 -1 -2 -3  1  2 -1  0 -1  0  0  0  1 -3  2    6   5   4   7   1   2   3   3   0   6  19   4   2   2   4   7   5   2   0  14  0.07 0.13
  310 T    2 -2  0  1  0  1  1 -2  0 -2 -2  1  0 -2 -1  0  2  0 -2 -1   17   2   5   7   2   7   9   2   3   1   3   7   3   2   3   8  14   1   1   3  0.18 0.22
  311 E    0 -2  0  1 -1  0  4 -1 -1 -2 -3  0  0 -2  0  1  0 -5 -1 -1    7   2   5   7   1   3  28   5   1   2   2   5   2   1   5  10   5   0   3   4  0.29 0.31
  312 Q   -2  0  0  0 -5  5  2 -1 -3 -2 -2  1 -4 -5  1  0  0 -5 -4 -1    3   5   4   6   0  24  13   4   0   2   5   9   0   0   6   8   6   0   0   4  0.41 0.36
  313 M    0 -1 -1  0 -3  1 -1  0  0  1  0  0  5 -3  1 -1  1 -4 -3  0    8   3   3   6   0   6   3   7   2   8   6   5  16   0   6   5   9   0   0   6  0.19 0.22
  314 K   -1  0  1  1 -4  3  1 -1 -1 -1 -4  3 -3 -3  2  1  0 -5 -4 -2    3   5   5   7   0  15   8   5   1   4   1  17   0   1   9  11   5   0   0   2  0.34 0.32
  315 K   -1 -1  0  2 -4  0  1 -2 -1 -4 -2  4 -1 -5  1  0 -1  1 -4 -1    5   2   4  13   0   4  10   2   1   0   3  24   2   0   8   8   3   2   0   5  0.34 0.33
  316 I    1 -1 -1  0 -3  1  0 -2 -1  3 -1 -1  3 -1  0 -1 -1 -4 -2  0   11   3   2   7   0   6   7   2   2  18   5   4  11   2   6   3   4   0   1   7  0.16 0.21
  317 A    2  0  1 -1  0  0  0  0  1 -1 -2 -1 -2 -3  0  1  0 -4 -3  1   20   4   8   2   2   3   8   6   4   3   4   3   1   1   5  10   5   0   0  12  0.13 0.18
  318 L    0 -1 -1  0  0 -1 -1 -1 -2  1  2  0  0 -1  0  0 -1 -1 -2  1    7   3   3   5   2   3   4   4   1   9  21   7   1   1   5   7   3   1   1  12  0.06 0.10
  319 E    1 -1 -2  3 -2  0  3 -1 -3 -2 -3  0 -1 -2  1  1  0 -5 -3 -2   10   2   1  14   1   3  25   5   0   2   1   6   2   1   6   9   6   0   1   3  0.34 0.32
  320 S    1 -1  2 -1 -2 -1  0 -1 -1 -2 -3 -1  0 -3  3  3  0 -5 -1 -3   10   2   8   3   1   2   7   5   1   2   3   2   3   1  17  26   4   0   2   1  0.38 0.35
  321 V    0 -2 -1 -1  1  0  0  0 -1  1 -1  0 -1 -2  2  0  0 -4 -3  2    8   2   3   3   3   3   5   7   2   7   6   5   1   1  12   9   6   0   0  16  0.11 0.14
  322 G    1 -1 -1  0 -1 -1 -1  1 -3 -2 -3 -1 -1 -1  3  3  0 -1 -2 -1   13   3   2   4   1   3   3  13   0   3   1   3   2   2  13  21   5   1   1   5  0.25 0.25
  323 Q    0  0  0  0  2  0  0  0  1  0 -1  0  1  0  0  0  0 -3 -1  0    5   5   5   5   5   5   5   5   5   5   5   5   5   5   5   5   5   0   0   5  0.00 0.07
  324 P    0  0  0  0 -2  1  0  0  1  0  0  0  1  0  1  0  0 -3 -1  0    6   6   6   6   0   6   6   6   6   6   6   6   6   6   6   6   6   0   0   6  0.04 0.07
  325 E    0 -2  0  0 -3  1  1 -1  1 -1 -1  0  1 -1  2  0  0  2 -2 -1   10   0   3   5   0   7  12   5   5   3   5   5   5   3  11   7   6   3   0   3  0.12 0.17
  326 E    0 -1  0  1 -4  0  4 -2 -3 -2 -2  0 -3 -1  0  0  1  2 -3 -1    7   3   4   7   0   4  33   3   0   3   3   5   0   3   3   8   8   3   0   4  0.32 0.32
  327 Q    0  0  0  0 -4  3  1 -2  2 -2 -1  1 -1 -1  1  0  0  0 -1 -2    8   4   4   4   0  20   9   3   4   2   5   7   1   2   6   8   7   1   2   3  0.19 0.22
  328 M    0  0 -2 -2  0  0  1 -1  0 -1  0  0  4 -1 -1  1  1  1 -3 -1    9   4   1   2   2   4   8   4   2   3   6   5  15   2   3  13  10   2   0   4  0.15 0.22
  329 E    0 -1 -1  1 -1  0  4 -4  0 -2 -3  2 -1 -5 -1  0  0 -5 -4 -2    9   3   3   8   1   3  35   0   2   2   2  11   2   0   3   5   6   0   0   3  0.49 0.40
  330 S    1 -1  1  0 -4  0  0 -1 -3 -3 -2  1 -3 -2  2  3  1 -4 -1 -1   11   2   5   5   0   4   6   5   0   0   4   8   0   1  10  24   8   0   2   5  0.25 0.27
  331 G    0 -2  1  2 -4 -1  1  2 -1 -2 -2 -1 -2 -4  1  2  0  2 -3 -2    8   1   7  14   0   2   7  17   1   2   3   3   1   0   6  15   6   3   0   2  0.26 0.25
  332 N    0 -1  3  0 -4  0  1  0  0 -2 -3  1 -3 -2  0  2  0 -4 -3 -1    7   2  15   6   0   4  12   8   2   2   2   7   0   2   4  17   6   0   0   5  0.24 0.24
  333 C    0 -1  0  0  3  0  1 -1 -1 -1 -1 -1  0 -1  2  1  0  1 -2  0    9   3   4   6   7   4   9   3   1   3   4   3   2   2   9  15   5   2   1   7  0.12 0.14
  334 S    1 -2  0  0  0  1  0 -1  0  0 -2  0 -3 -4  1  3  1  2 -1 -2   13   1   5   4   2   7   4   3   2   5   3   5   0   0   7  25   7   3   2   1  0.23 0.27
  335 G    0  0  0  0  2  0  0  0 -1  0  0  0  1  0  1  0  0 -2  1  0    6   6   5   6   5   5   6   6   0   6   6   6   5   5   6   6   6   0   5   6  0.03 0.06
  336 G    0 -1  0 -1  1  0  0  1  0  1  0  0  1 -1  0  1  0  1 -2  0    7   2   5   3   4   4   6  12   2   9   7   5   6   3   5  10   5   2   0   7  0.04 0.08
  337 D    0  0  0  0  2  0  0 -1  1  0 -1  0  1  0  0  0  0  3 -2  0    5   5   5   5   5   5   5   5   5   5   5   5   5   5   5   5   5   5   0   5  0.05 0.09
  338 D    0 -1  1  1 -4  0  1 -1  1 -1 -2  0  0  1  2  0  0  2  0 -3    8   4   7   9   0   4  11   5   3   4   3   4   3   6   9   6   8   3   3   0  0.13 0.16
  339 D   -1 -3  2  3 -1  1  3  0 -1 -1 -2 -1 -1 -4  1 -1  1  0 -4 -2    5   0   8  14   1   5  21   6   1   4   4   3   2   0   8   4   9   1   0   2  0.29 0.29
  340 W   -1 -2  0  0 -4  1  1 -2  0 -3 -2 -1 -3  2  0  0  1  7  0  0    5   1   5   6   0   7   8   3   2   0   4   3   0   9   5   5   8  17   3   7  0.40 0.33
  341 T    0 -1  0  0 -1  0  1 -2 -3 -1 -2  1 -3 -4  1  1  3 -4 -2 -1    8   2   4   6   1   4   9   3   0   3   3  10   0   0   8  10  24   0   2   3  0.25 0.29
  342 H    0 -2  1 -2 -3  1  1 -2  4 -1 -1 -1  2  0  0  1 -1 -4 -1 -1   10   1   6   1   0   6  12   3  12   4   5   3   8   3   5   9   4   0   2   5  0.18 0.22
  343 L    0 -1 -1 -1 -2  0 -1 -1  0  1  1  0  2 -1  0 -1  0  1 -1  1    8   2   2   4   1   4   4   5   3   8  15   5   9   2   4   4   5   2   1  11  0.04 0.09
  344 S    0 -2  2  1 -4  0  1  0 -1 -3 -3 -1 -3  1  1  2  1 -4 -1 -1    6   2  10   8   0   5   9   6   1   0   2   3   0   7   6  19   9   0   1   5  0.21 0.25
  345 S    1  0  0  1 -3 -1  0 -2 -1  1 -2  0 -2 -3  2  2  0 -4 -2 -1   10   5   4   9   0   2   5   2   2   9   4   5   0   0  10  19   6   0   1   5  0.16 0.21
  346 K    1  0  2  0 -4  0  2 -1 -1 -2 -3  3  1 -1  0  1  0 -4 -2 -2   10   4   9   5   0   3  12   4   1   2   1  19   5   2   4  10   4   0   1   3  0.22 0.23
  347 E   -1 -1  0  1 -4  1  3 -1 -1 -1 -2  1  1 -4  0  1  1 -4 -3 -1    5   3   3   8   0   5  21   5   1   4   4  11   4   0   4   9   8   0   0   4  0.21 0.22
  348 V    0 -1 -1 -1  0 -2 -1  0 -3  1 -1  0 -2 -3  3  1  2 -1 -3  1    9   3   2   4   2   0   3   6   0   9   5   5   0   0  14  10  13   1   0  13  0.20 0.22
  349 D   -1 -1  1  3  0  1  0 -1  0 -1 -1  0 -2 -3  1  1  1 -4 -1 -1    4   2   7  19   2   6   6   3   2   4   5   5   0   0   8  11   7   0   2   5  0.19 0.20
  350 P    0 -1  0 -1  0  0  1 -1  2  0 -2  0  1 -3  3  0  0  1 -1  0    8   2   4   2   2   4  10   5   7   7   1   4   5   0  15   6   7   2   2   6  0.17 0.19
  351 S    1  0 -1 -1 -3  0  0 -1  1  0 -1  1 -2 -3  2  2  0 -4 -1  0   11   3   2   3   0   5   5   4   3   6   4  11   0   0   8  17   5   0   2   8  0.12 0.18
  352 T    1  0  0  0  1  0  0  0  0 -1 -2  0 -2  0  0  1  2 -3 -2 -1   13   5   4   5   3   5   5   5   2   3   3   4   0   5   5  12  16   0   0   3  0.12 0.16
  353 G    1  0  0  0 -2  0  0  1  0 -1 -1  0  0 -1  1  0  0 -3 -2  0   12   4   5   7   0   4   7  11   3   3   3   7   3   4   6   5   8   0   0   8  0.07 0.09
  354 E    0 -1  0 -1 -3  1  3  0 -2 -1 -2  1 -1 -1  1  1  1 -4 -3 -2    5   2   3   3   0   5  23   8   0   4   3   7   1   2   7  11  10   0   0   2  0.21 0.25
  355 L    0 -1  0 -1  1  0  0  0 -2 -1  1 -1  0  1  0  1  1 -3  0  0    6   2   4   3   3   6   5   6   0   2  14   3   3   6   3  16   9   0   2   5  0.06 0.12
  356 Q    0  1  1  0 -3  1  0 -2 -2  0 -2  0  1 -2  1  0  0  4  1  0    7   7   7   7   0   7   7   0   0   7   1   7   6   0   7   7   7   6   6   7  0.13 0.15
  357 S    0 -1  1 -1 -4  0 -2 -1 -3 -2 -3 -1  0 -4  2  4  2 -5 -2 -1    6   3   7   3   0   5   2   5   0   2   2   3   2   0   9  33  11   0   1   4  0.39 0.38
  358 L    0 -1 -1 -1  0  0  0  0 -1  0  1 -1  0 -1  1  1 -1  0 -1  0    9   2   2   3   2   3   5   9   1   7  19   4   2   3   7  11   3   1   2   5  0.04 0.08
  359 Q    0  0 -1 -1 -1  3  1 -2 -1 -1 -2  0 -3 -1  1  0  2 -4 -1 -2    9   6   3   3   1  14  10   3   2   4   2   5   0   3   7   7  17   0   2   2  0.20 0.25
  360 M    1 -2  2  0 -3 -1 -1 -2  0  0  0  0  3  1  1  0  1 -3 -1  0   11   0  10   4   0   3   4   2   2   4   6   6  11   6   7   5   8   0   1   8  0.11 0.18
  361 P    1 -2  1 -1 -4  0 -1  0 -3 -2 -2 -1  1 -1  4  0  0 -4 -1  0   13   1   8   3   0   5   3   6   0   2   2   2   4   3  25   7   6   0   2   6  0.37 0.31
  362 E   -1 -1  0  1 -3  0  2  0 -1 -1 -1  2 -1 -3  2  0  0  0 -3 -1    4   1   3   8   0   3  19   6   1   3   8  13   1   0  11   8   4   1   0   5  0.20 0.21
  363 S    0 -1  1  1  1  2  0  0  0 -1 -2  0  0 -3  0  1  2 -4 -1 -1    5   3   7   7   3  11   6   6   2   4   3   4   2   0   5  13  13   0   2   4  0.14 0.18
  364 E    0 -1  0  2 -3  1  2  0 -2 -1 -2  0  1 -2  1  1  1 -4 -3 -1    8   2   3  13   0   6  17   6   0   3   3   4   4   2   8   8   9   0   0   4  0.20 0.21
  365 G    2 -2  1  0 -1  0  1  1  0 -2 -3  0 -2 -1  0  1  1  2 -1 -1   19   0   7   4   1   5   8  12   2   2   2   4   0   3   5   8   9   3   2   4  0.15 0.18
  366 P    0  0  0 -2 -1  0 -2  0 -3 -2 -2  0 -3 -2  5  1  1 -5 -1 -2    7   4   5   2   2   4   2   9   0   2   3   5   0   2  32   9   9   0   2   3  0.52 0.38
  367 S    1 -1 -1 -3  0  2  0 -1 -1 -2 -2  0 -3 -2  1  3  1  2 -1 -1   12   3   2   0   2   8   4   4   1   2   3   4   0   2   6  29   8   3   1   4  0.28 0.31
  368 S    1 -1 -1 -1  0 -1 -1 -1 -1 -2 -2  0  0 -2  3  3  1 -4 -2 -1   10   3   2   3   2   2   4   3   1   2   2   4   2   2  14  30   7   0   1   4  0.32 0.32
  369 L    0 -1  0 -3 -1  1  1 -2 -3 -1  2 -1  0  0  2  0  1 -3 -3  0    8   3   4   0   1   9   9   2   0   3  22   2   2   3   9   6  10   0   0   7  0.15 0.20
  370 D    0 -2  1  3 -3  0  0  0 -1 -1 -2 -1 -2 -4  1  1  1 -4 -2 -1   10   2   8  21   0   5   6   8   1   5   3   2   1   0   7  10   7   0   1   3  0.23 0.22
  371 P    0 -4 -2 -1 -4 -1 -2  0  0 -2 -3  1 -2 -2  6  0  0 -5 -4  0    9   0   2   3   0   3   2   7   2   3   2   7   1   1  39   6   6   0   0   6  0.72 0.47
  372 S    1 -2  0 -2 -1 -2 -1  0 -3 -1 -2  0 -1 -1  4  2  2 -4 -1  0   10   2   4   2   1   0   4   6   0   3   3   7   1   3  19  18  11   0   2   6  0.29 0.28
  373 Q    0 -1  0 -2  0  5  0 -1 -2 -4 -2 -1 -2 -4  3  0 -1 -1 -1 -1    8   3   4   1   2  29   5   4   1   0   5   3   1   0  17   7   3   1   2   5  0.48 0.42
  374 E    0 -1  0  0 -4  2  4 -2 -1 -3 -2 -1  0 -4  3  1 -1 -4 -4 -2    7   2   4   4   0  10  26   2   1   1   3   2   3   0  15  12   4   0   0   2  0.43 0.37
  375 G    1 -1 -1 -1 -3  0  1  3 -2 -3 -2  0 -2 -2  1  0 -1  1 -2 -1   12   3   2   2   0   5  11  28   1   1   4   4   1   2   7   5   4   2   2   4  0.27 0.24
  376 P   -1 -3  0 -1 -4  1  0 -1  0 -1 -1  0  1  0  4  0 -1  3 -3  0    3   0   4   3   0   7   5   4   3   4   7   5   4   4  26   7   3   4   0   7  0.35 0.27
  377 T    0  0  1 -2 -3  0  0  0  1  0 -1  1  1 -3  0  0  3 -3  0  0    7   3   6   0   0   5   5   6   3   5   4   8   4   0   4   6  24   0   4   6  0.15 0.20
  378 G    0 -1  1  0 -3  0  0  2  0  0 -2  0 -1 -3  1  1  0 -4 -3 -1    5   3   7   4   0   5   6  18   2   7   2   7   2   0   8  11   7   0   0   5  0.16 0.17
  379 L    0 -1 -1 -1 -1  0  0 -2 -3  0  1 -1  0 -1  2  1  1 -3 -1  1    5   3   2   3   1   4   5   1   0   5  17   3   2   3  13  14   7   0   2   9  0.13 0.16
  380 K    0  1 -1  0 -3  0  1 -2  1 -1 -2  2 -1 -3  0  2  0  1 -1 -1    7  10   2   5   0   4   8   3   4   4   2  12   2   0   5  21   3   2   2   4  0.18 0.21
  381 E    0 -1  2  0  2  1  3  0 -2 -2 -4  0 -3 -4  1  1  1 -4 -4 -2    6   2  10   5   4   6  23   6   0   2   1   6   0   0   8  10   8   0   0   3  0.31 0.28
  382 A    2 -1  0 -1 -3  2  0  0  0 -1 -3  1  0 -3  0  0  0 -3  1  0   20   2   3   2   0  13   5   6   2   2   1  12   3   0   5   7   4   0   5   8  0.18 0.23
  383 A    2  0  1 -1 -3 -1 -1 -1  0 -1 -2  0 -1  0  3  1  1 -3 -1 -1   17   5   6   2   0   2   2   5   2   5   3   6   1   6  16  10   7   0   2   2  0.19 0.19
  384 L    0 -2  1 -1 -2 -1  0 -1 -1  2  1 -1  0 -1  2  0  0 -1 -1  1    8   1   7   2   0   2   5   4   1  15  14   2   2   2  10   8   5   1   2   8  0.09 0.12
  385 Y    0  0 -1 -1 -4  1  0 -2  1 -3 -3  2  1  0  0 -2 -2 -2  6 -1    9   4   3   3   0   6   7   2   2   1   2  11   3   3   4   2   2   0  29   6  0.45 0.36
  386 P   -1 -2  0 -1 -5 -1  0 -2 -4 -4 -3 -1 -4 -2  7  0 -3 -5 -2 -3    4   2   4   3   0   3   7   2   0   1   3   4   0   2  54   7   1   0   2   2  1.21 0.63
  387 H   -1  0  1  0 -3  1  0 -1  5 -2 -2  0 -2  0  1  1  0 -3 -2 -1    5   4   6   5   0   6   5   4  17   3   4   7   0   4   6  14   5   0   0   3  0.22 0.21
  388 L    0  0  0  1 -2  0  0 -1  0  0  1  0 -1 -1  0  0  0 -2  0  0    8   4   5   8   0   5   4   5   2   6  22   6   0   0   3   4   5   0   5   7  0.04 0.09
  389 P   -2 -1  0 -1  0  1  0  0 -3  0 -1 -2  1  0  4  0  0 -3 -1  0    1   3   4   3   3   6   5   8   0   6   5   0   4   5  27   5   6   0   2   7  0.32 0.26
  390 P    0  0  0  0 -2  1  0  0  2  0  0 -1  1  1  1  0  0 -2  1  0    6   6   6   6   0   6   6   6   6   6   6   0   6   6   6   6   6   0   6   6  0.04 0.08
  391 E    0 -2  0  1 -4  0  3 -3  6 -4 -3  1 -3 -4  1  1  0 -4 -3 -2    7   0   4   8   0   3  21   0  22   0   3   7   0   0   6   9   5   0   0   3  0.53 0.36
  392 A    1  0 -2  0 -2  0  1  0  1  0 -1  0  0 -1  2  0  0  2 -2  0   11   3   0   4   0   4   8   5   5   9   5   8   3   4   9   8   6   3   0   4  0.08 0.10
  393 D   -1  0  3  4 -4  1  0 -1 -2 -1 -2  0 -3 -4 -3  0  0 -4  0 -1    5   6  14  27   0   6   6   4   0   4   4   6   0   0   0   5   6   0   4   4  0.34 0.27
  394 P   -1  0  1 -2  0  0  0 -4 -3 -4 -2  0 -4 -5  6  1 -3 -5 -4 -2    4   5   6   2   2   4   6   0   0   0   4   5   0   0  44  13   0   0   0   2  0.92 0.49
  395 R   -1  3  0 -2 -1  1  0 -2  3 -1 -3  3 -2 -1  0  1 -1  0 -2 -2    2  17   4   0   1   6   4   2   9   4   2  20   0   3   5  13   4   1   0   2  0.30 0.26
  396 L   -1 -3 -2 -4 -3 -1 -3 -2  0  4  2 -2 -1  0 -1 -1 -1 -3  0  1    4   0   2   0   0   2   0   3   2  32  22   2   0   4   4   5   3   0   4  10  0.34 0.27
  397 I    2 -1  3  1 -3  3  1 -2  0  1 -2 -1  0 -3 -1 -1  0 -4 -3 -1   19   2  16   8   0  14   7   0   2   9   3   3   3   0   3   3   5   0   0   3  0.24 0.24
  398 E    1  0  1  0 -4  2  4 -2  2 -3 -2  0 -3 -4  0  0 -1 -4 -3 -1   14   4   7   3   0   8  33   2   5   0   3   5   0   0   3   6   3   0   0   5  0.37 0.27
  399 S    5 -3 -3 -3  3 -3 -1 -1 -3 -3 -3 -3 -3 -4  0  3  0 -4 -4 -1   49   0   0   0   8   0   3   4   0   0   1   0   0   0   4  23   5   0   0   3  0.74 0.43
  400 L   -1 -1 -1 -4 -3 -3 -4 -2 -4  3  3 -3  1 -2 -4 -3 -2 -4 -3  3    4   4   4   0   0   0   0   3   0  19  38   0   3   0   0   0   0   0   0  22  0.54 0.31
  401 S    0 -1  1  2 -3  1  2 -2  3  0 -3  1 -1 -3 -3  2 -1 -4 -3  0    8   3   6  11   0   6  14   0   8   8   0   8   1   0   0  19   2   0   0   6  0.24 0.21
  402 Q    2  0  0 -3 -4  6  0 -3  0 -2 -1  0 -3 -4 -3 -1  1 -4 -3 -2   16   4   5   0   0  42   3   0   2   3   5   4   0   0   0   2  10   0   0   2  0.67 0.44
  403 M   -4 -5 -1 -6 -5 -4 -5 -6 -5 -2  2 -5 10 -3  0 -5 -4 -5 -5 -3    0   0   4   0   0   0   0   0   0   0  19   0  72   0   5   0   0   0   0   0  2.20 0.85
  404 L   -2 -2 -4 -4 -4  1  0 -3 -4  1  3 -1  6 -2 -4 -3 -1 -4 -3  1    2   1   0   0   0   9   8   2   0   7  29   3  27   1   0   0   3   0   0  11  0.59 0.36
  405 S    3 -2  0 -3 -3  1 -1 -1 -3 -3 -3 -1 -1 -4  0  4  0 -4 -2 -2   34   1   3   0   0   6   3   4   0   0   2   2   1   0   4  33   3   0   1   1  0.52 0.35
  406 M   -2 -4 -4 -5 -4 -3 -4 -5 -4  0 -1 -4 10 -3 -5  0 -3 -4 -4 -2    3   0   0   0   0   0   0   0   0   5   3   0  79   0   0   6   0   0   0   0  2.14 0.68
  407 G   -2 -4 -3 -4 -5 -4 -4  7 -4 -5 -5 -4 -5 -5 -4 -3 -4 -5 -5 -5    1   0   0   0   0   0   0  94   0   0   1   0   0   0   0   0   0   0   0   0  2.10 0.59
  408 F   -4 -4 -4 -4 -4 -4 -4 -4 -3 -1 -1 -4 -2  8 -4 -4 -4 -2  1 -3    1   1   1   1   0   1   1   1   0   3   3   1   0  82   1   1   1   0   2   1  1.94 0.53
  409 S   -1 -2  2  1 -2  0  2 -1 -1 -3 -4  0 -3 -4 -3  3  2 -4 -3 -1    0   1  12   8   0   3  12   4   1   0   0   4   0   0   0  36  12   0   0   6  0.42 0.24
  410 D   -2 -3  6  5 -5 -2  0 -2 -2 -5 -5 -2 -4 -5 -4 -1 -2 -5 -4 -5    3   0  53  34   0   0   3   1   0   0   0   0   0   0   0   3   0   0   0   0  1.34 0.45
  411 E   -2 -2  0  2  2  1  5 -3  2 -4 -4  0 -3  1 -3  0 -2 -4 -2 -4    0   0   4  13   5   5  46   0   6   0   0   3   0   6   0   7   2   0   0   0  0.66 0.29
  412 G   -2 -3  2  2 -4 -1 -2  5 -3 -5 -5 -1 -4 -4 -3  1 -2 -4 -4 -4    0   0   9  14   0   3   0  58   0   0   1   2   0   0   0  11   0   0   0   0  0.97 0.33
  413 G    0 -3 -1 -2 -4 -3 -2  6 -4 -3 -5  0 -4 -5 -4  0 -3 -5 -5 -4    6   0   2   1   0   0   3  73   0   1   0   6   0   0   0   6   0   0   0   0  1.28 0.41
  414 W   -4 -3 -5 -3  0 -1 -4 -4 -2 -3 -1 -1  2  0  1 -4 -4 11 -1 -4    0   1   0   1   2   2   0   0   1   1   5   4   6   3   7   0   0  62   0   0  2.26 0.57
  415 L   -1 -1 -5 -5 -3 -4 -2 -5 -4 -1  5 -4  0  1 -5 -4 -3 -3 -3 -1    6   3   0   0   0   0   3   0   0   0  80   0   0   6   0   0   0   0   0   0  1.05 0.41
  416 T    1  0 -2 -3 -3 -2 -2 -3 -3 -1 -2 -1 -2 -4 -1  1  6 -4 -2 -1   11   5   0   0   0   1   1   0   0   3   3   3   0   0   2   6  60   0   1   2  0.79 0.37
  417 R   -2  3  0  0  0  4  0 -3  3 -4 -3  2 -3 -4 -3  1 -2 -4  0 -2    0  22   5   4   3  25   4   0   7   0   1  13   0   0   0  10   0   0   3   4  0.50 0.26
  418 L   -4 -4 -5 -5 -4  0 -4 -6 -5  1  6 -4  3 -2 -5 -4 -3 -4 -3 -1    0   0   0   0   0   6   0   0   0   5  80   0   7   0   0   0   0   0   0   1  1.22 0.44
  419 L    0 -4 -5 -5 -3 -4 -4 -5 -5  1  5 -2  0 -2 -4 -4 -3 -4 -3  1   11   0   0   0   0   0   0   0   0   7  73   3   1   0   0   0   0   0   0   6  0.94 0.35
  420 Q   -1 -1 -1  2 -2  4  4 -2  2  0 -3  0 -2 -4 -3 -1 -1 -4 -3  0    4   0   1  10   1  25  29   1   5   7   0   5   0   0   0   2   2   0   0   8  0.50 0.25
  421 T    2 -1  0  0 -2 -1  0  0 -2 -2 -3  0 -2 -4  0  2  3 -4 -3 -1   20   3   3   4   0   2   7   6   0   1   1   4   0   0   5  21  21   0   0   3  0.30 0.17
  422 K   -2  1 -1 -3 -2  0  0 -1  1 -3 -1  5  1 -1 -3 -2 -1 -4  0  0    0   3   2   0   1   3   4   6   3   0   6  51   5   2   0   0   4   0   3   6  0.49 0.26
  423 N   -3 -1  6  3 -5  0  1  0 -2 -5 -5  1 -3 -5 -3  0 -2 -5 -4 -5    0   3  43  20   0   3  11   7   0   0   0   9   1   0   0   4   0   0   0   0  0.84 0.31
  424 Y   -3 -5 -3 -4  3 -4 -5  6 -3 -4 -5 -4 -4  0 -5 -3 -4 -3  4 -5    0   0   0   0   6   0   0  70   0   1   0   0   0   4   0   0   0   0  19   0  1.50 0.45
  425 D   -4 -4  5  6 -6 -3 -1 -3  0 -6 -6 -3 -5 -6 -4 -2 -3 -7 -5 -6    0   0  36  61   0   0   1   0   2   0   0   0   0   0   0   1   0   0   0   0  1.71 0.49
  426 I   -1 -5 -5 -5 -3 -5 -5 -6 -5  7  1 -5 -1 -3 -5 -4 -2 -5 -4  2    6   0   0   0   0   0   0   0   0  78   7   0   0   0   0   0   1   0   0   8  1.38 0.43
  427 G    0 -1  3  1 -2  0  0  3 -2 -2 -4 -2 -3 -4  1  2 -1 -4 -4 -3    5   3  15   9   0   3   6  26   0   2   0   0   0   0   6  21   1   0   0   1  0.40 0.19
  428 A    4  1 -2 -3 -3  0  1 -2 -3  0 -2  3  0 -4 -3 -1 -2 -4 -3 -2   47   9   1   0   0   4   9   0   0   6   1  19   2   0   0   1   0   0   0   0  0.51 0.27
  429 A    5 -4 -4 -4 -3 -3 -3 -3 -4  1 -2 -3  0 -4 -3 -1  0 -5 -4  4   54   0   0   0   0   0   0   0   0   5   0   0   2   0   0   2   4   0   0  33  0.83 0.35
  430 L   -4 -4 -6 -6 -3 -4 -5 -6 -5  3  5 -5  0  0 -5 -5 -3 -4 -3  0    0   0   0   0   0   0   0   0   0  18  76   0   1   2   0   0   0   0   0   4  1.19 0.38
  431 D   -4 -4  1  7 -6 -2  2 -4 -3 -6 -6 -1 -5 -6 -4 -3 -4 -7 -5 -6    0   0   4  78   0   0  15   0   0   0   0   3   0   0   0   0   0   0   0   0  1.82 0.51
  432 T    1 -2 -2  0 -2 -2 -1 -3  1  1  1 -1  0  0 -3  0  1 -3 -2  2   19   1   0   6   0   0   2   0   5  10  17   2   1   4   0   3  11   0   0  19  0.16 0.13
  433 I   -3 -4 -5 -5 -3 -4 -5 -6 -5  5  4 -4  5 -2 -5 -4 -3 -4 -3  0    0   0   0   0   0   0   0   0   0  42  42   0  17   0   0   0   0   0   0   0  1.12 0.37
  434 Q   -2 -1  0 -2 -4  6  0 -3  3 -4 -3  1 -2 -4 -3  1  2 -4 -1 -3    1   1   3   0   0  46   1   0   9   0   2   8   0   0   0  12  14   0   2   0  0.76 0.31
  435 Y   -1 -1 -2 -4 -4 -1 -3 -2 -1 -2 -3 -3 -2  0  6 -1 -1 -2  5 -1    6   3   1   0   0   3   0   3   1   1   0   0   1   3  43   2   2   0  27   3  1.02 0.31
  436 S    2 -1  0 -2 -2 -2 -2  0  1  0 -1 -2 -2 -3 -2  3  1 -4 -2  1   20   4   5   0   0   0   1   4   4   7   4   0   0   0   0  35   7   0   0  10  0.27 0.16
  437 K   -1  3  1 -2 -4  3 -1 -2  0 -4 -4  5 -3 -4  1 -1 -2 -4 -3 -4    3  12   6   0   0  18   0   1   2   0   0  47   0   0   7   2   0   0   0   0  0.72 0.25
  438 H   -2  2  3 -2 -4  3 -1 -2  5 -3 -4  3 -2 -4 -1  0 -2 -4 -2 -3    1  13  15   0   0  15   0   1  23   2   0  23   0   0   2   5   1   0   0   0  0.57 0.20
  439 P   -1 -3  0 -2 -4 -2 -2 -2 -3 -2 -3 -1 -3 -4  7  0  0 -5 -4 -3    1   0   6   0   0   0   0   1   0   2   1   4   0   0  77   4   4   0   0   0  1.65 0.19
  440 P   -1  0 -2 -2 -3  1 -1 -2 -1 -2 -3  1 -2 -4  6  0  0 -4 -3 -1    3   3   0   0   0   7   0   1   2   0   1   9   0   0  57   6   4   0   0   6  1.05 0.12
  441 P   -1 -2 -1 -2 -3 -1 -1 -3  4 -3 -3 -1 -3 -3  7 -1 -2 -4 -2 -3    0   0   2   0   0   0   0   0  21   0   1   0   0   0  75   2   0   0   0   0  1.59 0.10
  442 L   -2 -2 -4 -4 -1 -2 -3 -4 -3  2  4 -3  2  0 -3 -3 -1 -2 -1  1    0   0   0   0   0   0   0   0   0   0  97   0   1   0   0   0   0   0   0   1  0.47 0.01

                      K         Lambda
Standard Ungapped    0.1326     0.3130
Standard Gapped      0.0353     0.2670
PSI Ungapped         0.1151     0.3040
PSI Gapped           0.0353     0.2670

