
Last position-specific scoring matrix computed, weighted observed percentages rounded down, information per position, and relative weight of gapless real matches to pseudocounts
           A  R  N  D  C  Q  E  G  H  I  L  K  M  F  P  S  T  W  Y  V   A   R   N   D   C   Q   E   G   H   I   L   K   M   F   P   S   T   W   Y   V
    1 M   -2 -2 -3 -4 -2 -1 -3 -3 -2  1  2 -2  8 -1 -3 -2 -1 -2 -2  0    0   0   0   0   0   0   0   0   0   0   0   0 100   0   0   0   0   0   0   0  0.81 0.09
    2 S    1 -1  0 -1 -1 -1 -1 -1 -1 -3 -3 -1 -2 -3 -1  5  1 -3 -2 -2    0   0   0   0   0   0   0   0   0   0   0   0   0   0   0 100   0   0   0   0  0.64 0.07
    3 T    0 -2  0 -2 -1 -1 -1 -2 -2 -1 -2 -1 -1 -3 -2  1  6 -3 -2  0    0   0   0   0   0   0   0   0   0   0   0   0   0   0   0   0 100   0   0   0  0.72 0.07
    4 N   -2 -1  7  1 -3  0 -1 -1  0 -3 -4 -1 -3 -4 -3  0  0 -4 -3 -3    0   0  98   0   0   0   0   0   0   1   0   0   0   0   0   0   0   0   0   0  0.98 0.07
    5 P   -1 -3 -3 -2 -3 -2 -2 -2 -3 -3 -4 -2 -3 -4  8 -1 -2 -4 -4 -3    0   0   0   0   0   0   0   1   0   0   0   0   0   0  99   0   0   0   0   0  2.22 0.08
    6 K   -1  2 -1 -1 -4  1  0 -2 -1 -3 -3  6 -2 -4 -1 -1 -1 -4 -2 -3    0   0   0   0   0   0   0   0   0   0   0 100   0   0   0   0   0   0   0   0  0.75 0.07
    7 P   -1 -3 -3 -2 -3 -2 -2 -3 -3 -3 -4 -2 -3 -4  8 -1 -2 -4 -4 -3    0   0   0   0   0   0   0   0   0   0   0   0   0   0 100   0   0   0   0   0  2.24 0.08
    8 Q   -1  1  0 -1 -4  7  1 -2  0 -3 -3  1 -1 -4 -2 -1 -1 -3 -2 -3    0   0   0   0   0 100   0   0   0   0   0   0   0   0   0   0   0   0   0   0  0.97 0.08
    9 R   -2  7 -1 -2 -4  1 -1 -3 -1 -4 -3  2 -2 -3 -3 -1 -2 -3 -2 -3    0 100   0   0   0   0   0   0   0   0   0   0   0   0   0   0   0   0   0   0  1.02 0.07
   10 K   -1  2 -1 -1 -4  1  0 -2 -1 -3 -3  6 -2 -4 -1 -1 -1 -4 -2 -3    0   0   0   0   0   1   0   0   0   0   0  99   0   0   0   0   0   0   0   0  0.74 0.07
   11 T    0 -2  0 -2 -1 -1 -1 -2 -2 -1 -2 -1 -1 -3 -2  1  6 -3 -2  0    0   0   0   0   0   0   0   0   0   1   0   0   0   0   0   0  99   0   0   0  0.71 0.07
   12 K   -1  2  0 -1 -4  1  0 -2 -1 -3 -3  6 -2 -4 -1 -1 -1 -4 -2 -3    0   0   2   0   0   0   0   0   0   0   0  97   0   0   0   0   0   0   0   0  0.71 0.06
   13 R   -2  6 -1 -2 -4  1 -1 -3  0 -4 -3  2 -2 -3 -3 -1 -2 -3 -2 -3    0  99   0   0   0   0   0   0   1   0   0   0   0   0   0   0   0   0   0   0  1.00 0.07
   14 N   -2 -1  7  1 -3  0 -1 -1  0 -4 -4 -1 -3 -4 -3  0  0 -4 -3 -3    0   0  99   0   0   0   0   0   0   0   0   0   0   0   0   0   1   0   0   0  1.00 0.07
   15 T    0 -2 -1 -2 -1 -1 -1 -2 -2 -1 -2 -1 -1 -3 -2  1  6 -3 -2  0    0   0   0   0   0   0   0   0   0   2   0   0   0   0   0   0  98   0   0   0  0.69 0.07
   16 N   -2 -1  7  1 -3  0 -1 -1  0 -4 -4 -1 -3 -3 -3  0  0 -4 -1 -3    0   0  96   0   0   0   0   0   0   0   0   0   0   0   0   0   1   0   2   0  0.94 0.07
   17 R   -2  7 -1 -2 -4  1 -1 -3 -1 -4 -3  2 -2 -3 -3 -1 -2 -3 -2 -3    0 100   0   0   0   0   0   0   0   0   0   0   0   0   0   0   0   0   0   0  1.03 0.07
   18 R   -2  7 -1 -2 -4  1 -1 -3 -1 -4 -3  2 -2 -3 -3 -1 -2 -3 -2 -3    0 100   0   0   0   0   0   0   0   0   0   0   0   0   0   0   0   0   0   0  1.03 0.07
   19 P   -1 -3 -3 -2 -3 -2 -2 -3 -3 -3 -4 -2 -3 -4  8 -1 -2 -4 -4 -3    0   0   0   0   0   0   0   0   0   0   0   0   0   0 100   0   0   0   0   0  2.25 0.08
   20 Q   -1  1 -1 -1 -4  7  1 -2  0 -3 -3  1 -1 -4 -2 -1 -1 -3 -2 -3    0   0   0   0   0 100   0   0   0   0   0   0   0   0   0   0   0   0   0   0  0.97 0.08
   21 D   -2 -2  1  7 -4 -1  1 -2 -2 -4 -4 -1 -4 -4 -2 -1 -2 -5 -4 -4    0   0   0 100   0   0   0   0   0   0   0   0   0   0   0   0   0   0   0   0  1.18 0.07
   22 V   -1 -3 -3 -4 -1 -3 -3 -4 -4  2  0 -3  0 -1 -3 -2  0 -3 -2  5    0   0   0   0   0   0   0   0   0   1   0   0   0   0   0   0   0   0   0  99  0.56 0.06
   23 K   -1  2 -1 -1 -4  1  0 -2 -1 -3 -3  6 -2 -4 -1 -1 -1 -4 -2 -3    0   0   0   0   0   0   0   0   0   0   0 100   0   0   0   0   0   0   0   0  0.76 0.07
   24 F   -3 -3 -4 -4 -3 -4 -4 -4 -2 -1  0 -4  0  7 -4 -3 -3  1  3 -1    0   0   0   0   0   0   0   0   0   0   0   0   0 100   0   0   0   0   0   0  1.08 0.07
   25 P   -1 -3 -3 -2 -3 -2 -2 -3 -3 -3 -4 -2 -3 -4  8 -1 -2 -4 -4 -3    0   0   0   0   0   0   0   0   0   0   0   0   0   0 100   0   0   0   0   0  2.25 0.08
   26 G    0 -3 -1 -2 -3 -2 -3  6 -3 -4 -4 -2 -3 -4 -3 -1 -2 -3 -4 -4    0   0   0   0   0   0   0 100   0   0   0   0   0   0   0   0   0   0   0   0  1.23 0.06
   27 G    0 -3 -1 -2 -3 -2 -3  6 -3 -4 -4 -2 -3 -4 -3 -1 -2 -3 -4 -4    0   0   0   0   0   0   0 100   0   0   0   0   0   0   0   0   0   0   0   0  1.24 0.06
   28 G    0 -3 -1 -2 -3 -2 -3  6 -3 -4 -4 -2 -3 -4 -3 -1 -2 -3 -4 -4    0   0   0   0   0   0   0 100   0   0   0   0   0   0   0   0   0   0   0   0  1.24 0.06
   29 Q   -1  1 -1 -1 -4  7  1 -2  0 -3 -3  1 -1 -4 -2 -1 -1 -3 -2 -3    0   0   0   0   0  99   0   0   0   0   0   0   0   0   0   0   0   0   0   0  0.96 0.08
   30 I   -2 -4 -4 -4 -2 -3 -4 -4 -4  5  1 -3  1 -1 -3 -3 -1 -3 -2  2    0   0   0   0   0   0   0   0   0 100   0   0   0   0   0   0   0   0   0   0  0.63 0.06
   31 V   -1 -3 -3 -4 -1 -3 -3 -4 -4  2  0 -3  0 -1 -3 -2  0 -3 -2  5    0   0   0   0   0   0   0   0   0   0   0   0   0   0   0   0   0   0   0 100  0.56 0.06
   32 G    0 -3 -1 -2 -3 -2 -3  6 -3 -4 -4 -2 -3 -4 -3 -1 -2 -3 -4 -4    0   0   0   0   0   0   0 100   0   0   0   0   0   0   0   0   0   0   0   0  1.24 0.06
   33 G    0 -3 -1 -2 -3 -2 -3  6 -3 -4 -4 -2 -3 -4 -3 -1 -2 -3 -4 -4    0   0   0   0   0   0   0 100   0   0   0   0   0   0   0   0   0   0   0   0  1.24 0.06
   34 V   -1 -3 -3 -4 -1 -3 -3 -4 -4  2  0 -3  0 -1 -3 -2  0 -3 -2  5    0   0   0   0   0   0   0   0   0   0   0   0   0   1   0   0   0   0   0  99  0.54 0.06
   35 Y   -2 -2 -3 -4 -3 -2 -3 -4  2 -2 -2 -2 -2  3 -4 -2 -2  2  8 -2    0   0   0   0   0   0   0   0   1   0   0   0   0   0   0   0   0   0  99   0  1.25 0.09
   36 L   -2 -3 -4 -4 -2 -3 -3 -4 -3  1  5 -3  2  0 -3 -3 -2 -2 -1  1    0   0   0   0   0   0   0   0   0   0 100   0   0   0   0   0   0   0   0   0  0.62 0.05
   37 L   -2 -3 -4 -4 -1 -3 -3 -4 -3  1  5 -3  2  1 -3 -3 -2 -2 -1  0    0   0   0   0   0   0   0   0   0   0  97   0   0   2   0   0   0   0   0   0  0.59 0.05
   38 T   -1 -3 -3 -2 -3 -2 -2 -3 -3 -3 -3 -2 -3 -4  8 -1 -1 -4 -4 -3    0   0   0   0   0   0   0   0   0   0   0   0   0   0  99   0   1   0   0   0  2.21 0.08
   39 R   -2  7 -1 -2 -4  1 -1 -3 -1 -4 -3  2 -2 -3 -3 -1 -2 -3 -2 -3    0 100   0   0   0   0   0   0   0   0   0   0   0   0   0   0   0   0   0   0  1.03 0.07
   40 R   -2  6 -1 -2 -4  1 -1 -2 -1 -4 -3  2 -2 -3 -3 -1 -2 -3 -2 -3    0  98   0   0   0   0   0   1   0   0   0   0   0   0   0   0   0   0   0   0  0.99 0.07
   41 G    0 -3 -1 -2 -3 -2 -3  6 -3 -4 -4 -2 -3 -4 -3 -1 -2 -3 -4 -4    0   0   0   0   0   0   0  99   0   0   0   0   0   0   0   1   0   0   0   0  1.23 0.06
   42 P   -1 -3 -3 -2 -3 -2 -2 -3 -3 -3 -4 -2 -3 -4  8 -1 -2 -4 -4 -3    0   0   0   0   0   0   0   0   0   0   0   0   0   0 100   0   0   0   0   0  2.25 0.08
   43 R   -2  6 -1 -2 -4  1  0 -3 -1 -4 -3  2 -2 -3 -3 -1 -1 -3 -2 -3    0  94   0   0   0   0   0   0   0   0   0   4   0   0   0   0   2   0   0   0  0.94 0.07
   44 L   -2 -3 -4 -4 -2 -3 -3 -4 -3  1  5 -3  2  0 -3 -3 -2 -2 -1  1    0   0   0   0   0   0   0   0   0   0  99   0   1   0   0   0   0   0   0   0  0.62 0.05
   45 G    0 -3 -1 -2 -3 -2 -3  6 -3 -4 -4 -2 -3 -4 -3 -1 -2 -3 -4 -4    0   0   0   0   0   0   0 100   0   0   0   0   0   0   0   0   0   0   0   0  1.24 0.06
   46 V   -1 -3 -3 -4 -1 -3 -3 -4 -4  2  0 -3  0 -1 -3 -2  0 -3 -2  5    0   0   0   0   0   0   0   0   0   0   0   0   0   0   0   0   0   0   0 100  0.56 0.06
   47 R   -2  6 -1 -2 -3  1 -1 -3 -1 -4 -3  2 -2 -3 -3 -1 -2 -3 -2 -3    0  99   0   0   0   0   0   0   0   0   0   0   0   0   0   0   0   0   0   0  1.01 0.07
   48 A    5 -2 -2 -2 -1 -1 -1  0 -2 -2 -2 -1 -1 -3 -1  1  0 -3 -2 -1   99   0   0   0   0   0   0   0   0   0   0   0   0   0   0   0   1   0   0   0  0.58 0.06
   49 T    0 -2 -1 -2 -1 -1 -1 -2 -2 -1 -2 -1 -1 -3  0  1  6 -3 -2 -1    0   0   0   0   0   0   0   0   0   0   0   0   0   0   4   0  95   0   0   0  0.67 0.07
   50 R   -2  7 -1 -2 -4  1 -1 -3 -1 -4 -3  2 -2 -3 -3 -1 -2 -3 -2 -3    0 100   0   0   0   0   0   0   0   0   0   0   0   0   0   0   0   0   0   0  1.03 0.07
   51 K   -1  2 -1 -1 -4  1  0 -2 -1 -3 -3  6 -2 -4 -1 -1 -1 -4 -2 -3    0   0   0   0   0   0   0   0   0   0   0 100   0   0   0   0   0   0   0   0  0.76 0.07
   52 T    0 -2  0 -2 -1 -1 -1 -2 -2 -1 -2 -1 -1 -3 -2  1  6 -3 -2  0    0   0   0   0   0   0   0   0   0   0   0   0   0   0   0   0 100   0   0   0  0.73 0.07
   53 S    1 -1  0 -1 -1 -1 -1 -1 -1 -3 -3 -1 -2 -3 -1  5  1 -2 -2 -2    0   0   0   0   0   0   0   0   0   0   0   0   0   0   0 100   0   0   0   0  0.65 0.07
   54 E   -1 -1 -1  1 -4  2  6 -2 -1 -4 -3  0 -3 -4 -2 -1 -1 -3 -3 -3    0   0   0   0   0   0 100   0   0   0   0   0   0   0   0   0   0   0   0   0  0.95 0.07
   55 R   -2  7 -1 -2 -4  1 -1 -3 -1 -4 -3  2 -2 -3 -3 -1 -2 -3 -2 -3    0 100   0   0   0   0   0   0   0   0   0   0   0   0   0   0   0   0   0   0  1.03 0.07
   56 S    1 -1  0 -1 -1 -1 -1 -1 -1 -3 -3 -1 -2 -3 -1  5  1 -3 -2 -2    0   0   0   0   0   0   0   0   0   0   0   0   0   0   1  99   0   0   0   0  0.65 0.07
   57 Q   -1  1  0 -1 -4  7  1 -2  0 -3 -3  1 -1 -4 -2 -1 -1 -3 -2 -3    0   0   0   0   0  99   0   0   1   0   0   0   0   0   0   0   0   0   0   0  0.96 0.08
   58 P   -1 -3 -3 -2 -3 -2 -2 -3 -3 -3 -4 -2 -3 -4  8 -1 -2 -4 -4 -3    0   0   0   0   0   0   0   0   0   0   0   0   0   0 100   0   0   0   0   0  2.25 0.08
   59 R   -2  7 -1 -2 -4  1 -1 -3 -1 -4 -3  2 -2 -3 -3 -1 -2 -3 -2 -3    0 100   0   0   0   0   0   0   0   0   0   0   0   0   0   0   0   0   0   0  1.03 0.07
   60 G    0 -3 -1 -2 -3 -2 -2  6 -3 -4 -4 -2 -3 -4 -3 -1 -2 -3 -4 -4    0   0   0   0   0   0   0 100   0   0   0   0   0   0   0   0   0   0   0   0  1.23 0.06
   61 R   -2  7 -1 -2 -4  1 -1 -3 -1 -4 -3  2 -2 -3 -3 -1 -2 -2 -2 -3    0 100   0   0   0   0   0   0   0   0   0   0   0   0   0   0   0   0   0   0  1.02 0.07
   62 R   -2  7 -1 -2 -4  1 -1 -3 -1 -4 -3  2 -2 -3 -3 -1 -2 -3 -2 -3    0 100   0   0   0   0   0   0   0   0   0   0   0   0   0   0   0   0   0   0  1.03 0.07
   63 Q   -1  1 -1 -1 -4  7  1 -2  0 -3 -3  1 -1 -4 -2 -1 -1 -3 -2 -3    0   0   0   0   0 100   0   0   0   0   0   0   0   0   0   0   0   0   0   0  0.97 0.08
   64 P   -1 -3 -3 -2 -3 -2 -2 -3 -2 -3 -4 -2 -3 -4  8 -1 -2 -4 -4 -3    0   0   0   0   0   0   0   0   0   0   0   0   0   0 100   0   0   0   0   0  2.23 0.08
   65 I   -2 -4 -4 -4 -2 -3 -4 -4 -4  5  1 -3  1 -1 -3 -3 -1 -3 -2  2    0   0   0   0   0   0   0   0   0 100   0   0   0   0   0   0   0   0   0   0  0.63 0.06
   66 P   -1 -3 -3 -2 -3 -2 -2 -3 -3 -3 -4 -2 -3 -4  8 -1 -2 -4 -4 -3    0   0   0   0   0   0   0   0   0   0   0   0   0   0 100   0   0   0   0   0  2.23 0.08
   67 K   -1  2 -1 -1 -4  1  0 -2 -1 -3 -3  6 -2 -4 -1 -1 -1 -4 -2 -3    0   1   0   0   0   0   0   0   0   0   0  99   0   0   0   0   0   0   0   0  0.75 0.07
   68 A    5 -2 -2 -2 -1 -1 -1  0 -2 -1 -2 -1 -1 -3 -1  1  0 -3 -2  0   96   0   0   1   0   0   0   0   0   0   0   0   0   0   0   0   0   0   0   3  0.54 0.06
   69 R   -2  7 -1 -2 -4  1 -1 -3 -1 -4 -3  2 -2 -3 -3 -1 -2 -3 -2 -3    0 100   0   0   0   0   0   0   0   0   0   0   0   0   0   0   0   0   0   0  1.03 0.07
   70 R   -2  5 -1 -1 -4  4  1 -3  1 -3 -3  2 -1 -3 -2 -1 -1 -3 -2 -3    0  58   0   0   0  38   0   0   3   0   0   0   0   0   1   0   0   0   0   0  0.69 0.05
   71 P   -1 -3 -2 -2 -3 -2 -2 -3 -2 -3 -3 -2 -3 -4  8 -1 -1 -4 -3 -3    0   0   0   0   0   0   0   0   1   0   1   0   0   0  96   2   0   0   0   0  2.11 0.08
   72 E   -1 -1 -1  1 -4  2  6 -3 -1 -4 -3  0 -3 -4 -2 -1 -1 -3 -3 -3    0   0   0   0   0   0 100   0   0   0   0   0   0   0   0   0   0   0   0   0  0.95 0.07
   73 G    0 -3 -1 -2 -3 -2 -3  6 -3 -4 -4 -2 -3 -4 -3 -1 -2 -3 -4 -4    0   0   0   0   0   0   0 100   0   0   0   0   0   0   0   0   0   0   0   0  1.24 0.06
   74 R   -2  6 -1 -2 -4  1 -1 -3 -1 -4 -3  2 -2 -3 -3 -1 -2 -2 -2 -3    0  99   0   0   0   0   0   0   0   0   0   0   0   0   0   0   0   0   0   0  1.01 0.07
   75 A    4 -2 -1 -2 -1 -1 -1 -1 -2 -1 -2 -1 -1 -3 -1  1  3 -3 -2  0   62   0   0   0   0   0   0   0   0   0   0   0   0   0   0   3  33   0   0   1  0.39 0.04
   76 W   -3 -4 -5 -5 -3 -3 -4 -3 -3 -3 -2 -4 -2  0 -5 -4 -3 12  2 -4    0   0   0   0   0   0   0   0   0   0   0   0   0   0   0   0   0 100   0   0  2.89 0.11
   77 A    5 -2 -2 -2 -1 -1 -1  0 -2 -2 -2 -1 -1 -3 -1  1  0 -3 -2 -1  100   0   0   0   0   0   0   0   0   0   0   0   0   0   0   0   0   0   0   0  0.59 0.06
   78 Q   -1  1 -1 -1 -4  7  1 -2  0 -3 -3  1 -1 -4 -2 -1 -1 -3 -2 -3    0   0   0   0   0 100   0   0   0   0   0   0   0   0   0   0   0   0   0   0  0.97 0.08
   79 P   -1 -3 -3 -2 -3 -2 -2 -3 -3 -3 -4 -2 -3 -4  8 -1 -2 -4 -4 -3    0   0   0   0   0   0   0   0   0   0   0   0   0   0 100   0   0   0   0   0  2.25 0.08
   80 G    0 -3 -1 -2 -3 -2 -3  6 -3 -4 -4 -2 -3 -4 -3 -1 -2 -3 -4 -4    0   0   0   0   0   0   0 100   0   0   0   0   0   0   0   0   0   0   0   0  1.24 0.06
   81 Y   -2 -2 -3 -4 -3 -2 -3 -4  2 -2 -2 -2 -2  3 -4 -2 -2  2  8 -2    0   0   0   0   0   0   0   0   1   0   0   0   0   0   0   0   0   0  99   0  1.25 0.09
   82 P   -1 -3 -3 -2 -3 -2 -2 -3 -3 -3 -4 -2 -3 -4  8 -1 -2 -4 -4 -3    0   0   0   0   0   0   0   0   0   0   0   0   0   0 100   0   0   0   0   0  2.23 0.08
   83 W   -3 -4 -5 -5 -3 -3 -4 -3 -3 -3 -2 -4 -2  0 -5 -4 -3 12  2 -4    0   0   0   0   0   0   0   0   0   0   0   0   0   0   0   0   0 100   0   0  2.89 0.11
   84 P   -1 -3 -3 -2 -3 -2 -2 -3 -3 -3 -4 -2 -3 -4  8 -1 -2 -4 -4 -3    0   0   0   0   0   0   0   0   0   0   0   0   0   0 100   0   0   0   0   0  2.25 0.08
   85 L   -2 -3 -4 -4 -2 -3 -3 -4 -3  1  5 -3  2  0 -3 -3 -2 -2 -1  1    0   0   0   0   0   0   0   0   0   0 100   0   0   0   0   0   0   0   0   0  0.62 0.05
   86 Y   -2 -2 -3 -4 -3 -2 -3 -4  1 -2 -2 -2 -2  3 -4 -2 -2  2  8 -2    0   0   0   0   0   0   0   0   0   0   0   0   0   1   0   0   0   0  99   0  1.26 0.09
   87 G    0 -3 -1 -2 -3 -2 -3  6 -3 -4 -4 -2 -3 -4 -3 -1 -2 -3 -4 -4    2   0   0   0   0   0   0  98   0   0   0   0   0   0   0   0   0   0   0   0  1.21 0.06
   88 N   -2 -1  7  1 -3  0 -1 -1  0 -4 -4 -1 -3 -4 -3  0 -1 -4 -3 -4    0   0 100   0   0   0   0   0   0   0   0   0   0   0   0   0   0   0   0   0  1.03 0.08
   89 E   -1 -1 -1  1 -4  2  6 -3 -1 -4 -3  0 -3 -4 -2 -1 -1 -3 -3 -3    0   0   0   0   0   0 100   0   0   0   0   0   0   0   0   0   0   0   0   0  0.96 0.07
   90 G    0 -3 -1 -2 -3 -2 -3  6 -3 -4 -4 -2 -3 -4 -3 -1 -2 -3 -4 -4    0   0   0   0   0   0   0 100   0   0   0   0   0   0   0   0   0   0   0   0  1.23 0.06
   91 L   -2 -2 -3 -4  2 -1 -3 -3 -2  1  3 -2  6  0 -3 -2 -1 -2 -1  0    0   0   0   0   5   0   0   0   0   0  32   0  62   0   0   0   0   0   0   0  0.51 0.06
   92 G    0 -3 -1 -2 -3 -2 -3  6 -3 -4 -4 -2 -3 -4 -3 -1 -2 -3 -4 -4    0   0   0   0   0   0   0 100   0   0   0   0   0   0   0   0   0   0   0   0  1.24 0.06
   93 W   -3 -4 -5 -5 -3 -3 -4 -3 -3 -3 -2 -4 -2  0 -5 -4 -3 12  2 -4    0   0   0   0   0   0   0   0   0   0   0   0   0   0   0   0   0 100   0   0  2.89 0.11
   94 A    5 -2 -2 -2 -1 -1 -1  0 -2 -2 -2 -1 -1 -3 -1  1  0 -3 -2 -1   98   0   0   0   0   0   0   0   0   0   0   0   1   0   0   0   1   0   0   0  0.58 0.06
   95 G    0 -3 -1 -2 -3 -2 -2  6 -3 -4 -4 -2 -3 -4 -3 -1 -2 -3 -4 -4    0   0   0   0   0   0   0 100   0   0   0   0   0   0   0   0   0   0   0   0  1.23 0.06
   96 W   -3 -4 -5 -5 -3 -3 -4 -3 -3 -3 -2 -4 -2  0 -5 -4 -3 12  2 -4    0   0   0   0   0   0   0   0   0   0   0   0   0   0   0   0   0 100   0   0  2.89 0.11
   97 L   -2 -3 -4 -4 -2 -3 -3 -4 -3  1  5 -3  2  0 -3 -3 -2 -2 -1  1    0   0   0   0   0   0   0   0   0   0  99   0   0   1   0   0   0   0   0   0  0.61 0.05
   98 L   -2 -3 -4 -4 -2 -3 -3 -4 -3  1  5 -3  2  0 -3 -3 -2 -2 -1  1    0   0   0   0   0   0   0   0   0   0  99   0   0   0   0   0   0   0   0   0  0.62 0.05
   99 S    1 -1  0 -1 -1 -1 -1 -1 -1 -3 -3 -1 -2 -3 -1  5  1 -3 -2 -2    0   0   0   0   0   0   0   0   0   0   0   0   0   0   0 100   0   0   0   0  0.66 0.07
  100 P   -1 -3 -3 -2 -3 -2 -2 -3 -3 -3 -4 -2 -3 -4  8 -1 -2 -4 -4 -3    0   0   0   0   0   0   0   0   0   0   0   0   0   0 100   0   0   0   0   0  2.25 0.08
  101 R   -2  6 -1 -2 -4  1 -1 -3  1 -4 -3  2 -2 -3 -3 -1 -2 -3 -2 -3    0  97   0   0   0   0   0   0   3   0   0   0   0   0   0   0   0   0   1   0  0.97 0.07
  102 G    0 -3 -1 -2 -3 -2 -3  6 -3 -4 -4 -2 -3 -4 -3 -1 -2 -3 -4 -4    0   0   0   0   0   0   0 100   0   0   0   0   0   0   0   0   0   0   0   0  1.24 0.06
  103 S    1 -1  0 -1 -1 -1 -1 -1 -1 -3 -3 -1 -2 -3 -1  5  1 -3 -2 -2    0   0   0   0   0   0   0   0   0   0   0   0   0   0   0 100   0   0   0   0  0.66 0.07
  104 R   -2  7 -1 -2 -4  1 -1 -3 -1 -4 -3  2 -2 -3 -3 -1 -2 -3 -2 -3    0 100   0   0   0   0   0   0   0   0   0   0   0   0   0   0   0   0   0   0  1.02 0.07
  105 P   -1 -3 -3 -2 -3 -2 -2 -3 -3 -3 -4 -2 -3 -4  8 -1 -2 -4 -4 -3    0   0   0   0   0   0   0   0   0   0   0   0   0   0  99   1   0   0   0   0  2.22 0.08
  106 S    1 -1  1 -1 -1  0 -1 -1 -1 -3 -3 -1 -2 -3 -1  5  1 -3 -2 -2    0   1   6   0   0   0   0   0   0   0   0   0   0   0   0  93   0   0   0   0  0.60 0.06
  107 W   -3 -4 -5 -5 -3 -3 -4 -3 -3 -3 -2 -4 -2  0 -5 -4 -3 12  2 -4    0   0   0   0   0   0   0   0   0   0   0   0   0   0   0   0   0 100   0   0  2.89 0.11
  108 G    0 -3 -1 -2 -3 -2 -3  6 -3 -4 -4 -2 -3 -4 -3 -1 -2 -3 -4 -4    0   0   0   0   0   0   0 100   0   0   0   0   0   0   0   0   0   0   0   0  1.24 0.06
  109 P   -1 -3 -3 -2 -3 -2 -2 -3 -3 -3 -3 -2 -3 -4  8 -1 -2 -4 -4 -3    0   0   0   0   0   0   0   0   0   0   0   0   0   0  97   2   0   0   0   0  2.16 0.08
  110 T    0 -1  2 -1 -1 -1 -1 -1 -2 -1 -2 -1 -1 -3 -2  2  5 -3 -2 -1    0   0  12   0   0   0   0   1   0   0   0   0   0   0   0   9  78   0   0   0  0.53 0.05
  111 D   -2 -2  1  7 -4 -1  1 -2 -2 -4 -4 -1 -4 -4 -2 -1 -2 -5 -4 -4    0   0   0 100   0   0   0   0   0   0   0   0   0   0   0   0   0   0   0   0  1.19 0.07
  112 P   -1 -3 -3 -2 -3 -2 -2 -3 -3 -3 -4 -2 -3 -4  8 -1 -2 -4 -4 -3    0   0   0   0   0   0   0   0   0   0   0   0   0   0 100   0   0   0   0   0  2.25 0.08
  113 R   -2  7 -1 -2 -4  1 -1 -3 -1 -4 -3  2 -2 -3 -3 -1 -2 -3 -2 -3    0 100   0   0   0   0   0   0   0   0   0   0   0   0   0   0   0   0   0   0  1.03 0.07
  114 R   -2  6 -1 -2 -4  1 -1 -3  0 -4 -3  2 -2 -3 -3 -1 -2 -3 -2 -3    0  99   0   0   0   0   0   0   1   0   0   0   0   0   0   0   0   0   0   0  1.01 0.07
  115 R   -2  6 -1 -2 -4  1 -1 -3 -1 -4 -3  2 -2 -3 -3 -1 -2 -3 -2 -3    0  98   0   0   0   0   0   0   0   0   0   2   0   0   0   0   0   0   0   0  1.00 0.07
  116 S    1 -1  0 -1 -1 -1 -1 -1 -1 -3 -3 -1 -2 -3 -1  5  1 -3 -2 -2    0   0   0   0   0   0   0   0   0   0   0   0   0   0   0 100   0   0   0   0  0.66 0.07
  117 R   -2  7 -1 -2 -4  1 -1 -3 -1 -4 -3  2 -2 -3 -3 -1 -2 -3 -2 -3    0 100   0   0   0   0   0   0   0   0   0   0   0   0   0   0   0   0   0   0  1.03 0.07
  118 N   -2 -1  7  1 -3  0 -1 -1  0 -4 -4 -1 -3 -4 -3  0 -1 -4 -3 -4    0   0 100   0   0   0   0   0   0   0   0   0   0   0   0   0   0   0   0   0  1.03 0.08
  119 L   -2 -3 -4 -4 -2 -3 -3 -4 -3  1  5 -3  2  0 -3 -3 -2 -2 -1  1    0   0   0   0   0   0   0   0   0   0  99   0   0   0   0   0   0   0   0   1  0.62 0.05
  120 G    0 -3 -1 -2 -3 -2 -3  6 -3 -4 -4 -2 -3 -4 -3 -1 -2 -3 -4 -4    0   0   0   0   0   0   0 100   0   0   0   0   0   0   0   0   0   0   0   0  1.24 0.06
  121 K   -1  2 -1 -1 -4  1  0 -2 -1 -3 -3  6 -2 -4 -1 -1 -1 -4 -2 -3    0   0   0   0   0   0   0   0   0   0   0 100   0   0   0   0   0   0   0   0  0.76 0.07
  122 V   -1 -3 -3 -4 -1 -3 -3 -4 -4  2  0 -3  0 -1 -3 -2  0 -3 -2  5    0   0   0   0   0   0   0   0   0   0   0   0   0   0   0   0   0   0   0 100  0.56 0.06
  123 I   -2 -4 -4 -4 -2 -3 -4 -4 -4  5  1 -3  1 -1 -3 -3 -1 -3 -2  2    0   0   0   0   0   0   0   0   0 100   0   0   0   0   0   0   0   0   0   0  0.63 0.06
  124 D   -2 -2  1  7 -4 -1  1 -2 -2 -4 -4 -1 -4 -4 -2 -1 -2 -5 -4 -4    0   0   0 100   0   0   0   0   0   0   0   0   0   0   0   0   0   0   0   0  1.19 0.07
  125 T    0 -2  0 -2 -1 -1 -1 -2 -2 -1 -2 -1 -1 -3 -2  1  6 -3 -2  0    0   0   0   0   0   0   0   0   0   0   0   0   0   0   0   0 100   0   0   0  0.73 0.07
  126 L   -2 -3 -4 -4 -2 -3 -3 -4 -3  1  5 -3  2  0 -3 -3 -2 -2 -1  1    0   0   0   0   0   0   0   0   0   0 100   0   0   0   0   0   0   0   0   0  0.61 0.05
  127 T    0 -2  0 -2 -1 -1 -1 -2 -2 -1 -2 -1 -1 -3 -2  1  6 -3 -2  0    0   0   0   0   0   0   0   0   0   0   0   0   0   0   0   0 100   0   0   0  0.73 0.07
  128 C   -1 -4 -3 -4 10 -4 -4 -3 -4 -2 -2 -4 -2 -3 -4 -1 -1 -3 -3 -1    0   0   0   0 100   0   0   0   0   0   0   0   0   0   0   0   0   0   0   0  1.76 0.09
  129 G    0 -3 -1 -2 -3 -2 -3  6 -3 -4 -4 -2 -3 -4 -3 -1 -2 -3 -4 -4    0   0   0   0   0   0   0 100   0   0   0   0   0   0   0   0   0   0   0   0  1.23 0.06
  130 F   -3 -3 -4 -4 -3 -4 -4 -4 -2  0  0 -4  0  7 -4 -3 -3  0  3 -1    0   0   0   0   0   0   0   0   0   0   3   0   0  96   0   0   0   0   0   0  1.02 0.07
  131 A    5 -2 -2 -2 -1 -1 -1  0 -2 -2 -2 -1 -1 -3 -1  1  0 -3 -2 -1  100   0   0   0   0   0   0   0   0   0   0   0   0   0   0   0   0   0   0   0  0.59 0.06
  132 D   -2 -2  1  7 -4 -1  1 -2 -2 -4 -4 -1 -4 -4 -2 -1 -2 -5 -4 -4    0   0   0 100   0   0   0   0   0   0   0   0   0   0   0   0   0   0   0   0  1.19 0.07
  133 L   -2 -3 -4 -4 -2 -3 -3 -4 -3  1  5 -3  2  0 -3 -3 -2 -2 -1  1    0   0   0   0   0   0   0   0   0   0  99   0   0   0   0   0   0   0   0   0  0.61 0.05
  134 M   -2 -2 -3 -4 -2 -1 -3 -3 -2  1  2 -2  8 -1 -3 -2 -1 -2 -2  0    0   0   0   0   0   0   0   0   0   0   0   0 100   0   0   0   0   0   0   0  0.83 0.09
  135 G    0 -3 -1 -2 -3 -2 -3  6 -3 -4 -4 -2 -3 -4 -3 -1 -2 -3 -4 -4    0   0   0   0   0   0   0 100   0   0   0   0   0   0   0   0   0   0   0   0  1.24 0.06
  136 Y   -2 -2 -3 -4 -3 -2 -3 -4  1 -2 -2 -2 -2  3 -4 -2 -2  2  8 -2    0   0   0   0   0   0   0   0   0   0   0   0   0   0   0   0   0   0 100   0  1.27 0.09
  137 I   -2 -4 -4 -4 -2 -3 -4 -4 -4  5  1 -3  1 -1 -3 -3 -1 -3 -2  2    0   0   0   0   0   0   0   0   0  99   0   0   0   0   0   0   0   0   0   0  0.62 0.06
  138 P   -1 -3 -3 -2 -3 -2 -2 -3 -3 -3 -4 -2 -3 -4  8 -1 -2 -4 -4 -3    0   0   0   0   0   0   0   0   0   0   0   0   0   0 100   0   0   0   0   0  2.25 0.08
  139 L   -2 -3 -4 -4 -2 -3 -3 -4 -3  1  5 -3  2  0 -3 -3 -2 -2 -1  1    0   0   0   0   0   0   0   0   0   0  99   0   0   0   0   0   0   0   0   1  0.61 0.05
  140 V   -1 -3 -3 -4 -1 -3 -3 -4 -4  2  0 -3  0 -1 -3 -2  0 -3 -2  5    0   0   0   0   0   0   0   0   0   0   0   0   0   0   0   0   0   0   0 100  0.56 0.06
  141 G    0 -3 -1 -2 -3 -2 -3  6 -3 -4 -4 -2 -3 -4 -3 -1 -2 -3 -4 -4    0   0   0   0   0   0   0 100   0   0   0   0   0   0   0   0   0   0   0   0  1.24 0.06
  142 A    5 -2 -2 -2 -1 -1 -1  0 -2 -2 -2 -1 -1 -3 -1  1  0 -3 -2 -1   96   0   0   0   0   0   0   3   0   0   0   0   0   0   1   0   0   0   0   0  0.56 0.06
  143 P   -1 -3 -3 -2 -3 -2 -2 -3 -3 -3 -4 -2 -3 -4  8 -1 -2 -4 -4 -3    0   0   0   0   0   0   0   0   0   0   0   0   0   0 100   0   0   0   0   0  2.25 0.08
  144 L   -2 -3 -4 -4 -2 -3 -3 -4 -3  1  5 -3  2  0 -3 -3 -2 -2 -1  1    0   0   0   0   0   0   0   0   0   0 100   0   0   0   0   0   0   0   0   0  0.62 0.05
  145 G    0 -3 -1 -2 -3 -2 -3  6 -3 -4 -4 -2 -3 -4 -3 -1 -2 -3 -4 -4    0   0   0   0   0   0   0 100   0   0   0   0   0   0   0   0   0   0   0   0  1.24 0.06
  146 G    0 -3 -1 -2 -3 -2 -3  6 -3 -4 -4 -2 -3 -4 -3 -1 -2 -3 -4 -4    0   0   0   0   0   0   0 100   0   0   0   0   0   0   0   0   0   0   0   0  1.24 0.06
  147 A    4 -2 -2 -2 -1 -1 -2 -1 -2  0 -1 -1 -1 -2 -1  0  0 -3 -2  2   78   0   0   0   0   0   0   0   0   0   0   0   0   0   0   0   0   0   0  22  0.39 0.05
  148 S    5 -2 -2 -2 -1 -1 -1  0 -2 -2 -2 -1 -1 -3 -1  1  0 -3 -2 -1   99   0   0   0   0   0   0   0   0   0   0   0   0   0   0   1   0   0   0   0  0.58 0.06
  149 R   -2  6 -1 -2 -4  1 -1 -3 -1 -4 -3  2 -2 -3 -3 -1 -2 -3 -2 -3    0  99   0   0   0   0   0   0   0   0   0   1   0   0   0   0   0   0   0   0  1.01 0.07
  150 A    5 -2 -2 -2 -1 -1 -1  0 -2 -1 -2 -1 -1 -3 -1  1  0 -3 -2  0   96   0   0   0   0   0   0   0   0   0   0   0   0   0   0   0   0   0   0   4  0.55 0.06
  151 L   -2 -3 -4 -4 -2 -3 -3 -4 -3  1  5 -3  2  0 -3 -3 -2 -2 -1  1    0   0   0   0   0   0   0   0   0   0 100   0   0   0   0   0   0   0   0   0  0.62 0.05
  152 A    5 -2 -2 -2 -1 -1 -1  0 -2 -2 -2 -1 -1 -3 -1  1  0 -3 -2 -1  100   0   0   0   0   0   0   0   0   0   0   0   0   0   0   0   0   0   0   0  0.59 0.06
  153 H   -2 -1  0 -2 -4  0 -1 -3  9 -4 -4 -1 -2 -2 -3 -1 -2 -3  1 -4    0   0   0   0   0   0   0   0 100   0   0   0   0   0   0   0   0   0   0   0  1.37 0.09
  154 G    0 -3 -1 -2 -3 -2 -3  6 -3 -4 -4 -2 -3 -4 -3 -1 -2 -3 -4 -4    0   0   0   0   0   0   0 100   0   0   0   0   0   0   0   0   0   0   0   0  1.24 0.06
  155 V   -1 -3 -3 -4 -1 -3 -3 -4 -4  2  0 -3  0 -1 -3 -2  0 -3 -2  5    0   0   0   0   0   0   0   0   0   0   0   0   0   0   0   0   0   0   0 100  0.56 0.06
  156 R   -2  7 -1 -2 -4  1 -1 -3 -1 -4 -3  2 -2 -3 -3 -1 -2 -3 -2 -3    0 100   0   0   0   0   0   0   0   0   0   0   0   0   0   0   0   0   0   0  1.03 0.07
  157 V    0 -3 -3 -4 -1 -3 -3 -4 -4  2  0 -3  0 -1 -3 -2  0 -3 -2  5    3   0   0   0   0   0   0   0   0   0   1   0   0   0   0   0   0   0   0  97  0.52 0.06
  158 L   -2 -3 -4 -4 -2 -3 -3 -4 -3  1  4 -3  2  0 -3 -3 -1 -2 -1  1    0   0   0   0   0   0   0   0   0   0  95   0   0   0   0   0   0   0   0   5  0.58 0.05
  159 E   -1 -1 -1  1 -4  2  6 -3 -1 -4 -3  0 -3 -4 -2 -1 -1 -3 -3 -3    0   0   0   0   0   0 100   0   0   0   0   0   0   0   0   0   0   0   0   0  0.96 0.07
  160 D   -2 -2  1  7 -4 -1  1 -2 -2 -4 -4 -1 -4 -4 -2 -1 -2 -5 -4 -3    0   0   0  99   0   0   0   0   0   0   0   0   0   0   0   0   0   0   0   1  1.17 0.07
  161 G    0 -3 -1 -2 -3 -2 -2  6 -2 -4 -4 -2 -3 -4 -3  0 -2 -3 -4 -4    0   0   0   0   0   0   0  96   0   0   0   0   0   0   0   4   0   0   0   0  1.16 0.06
  162 V   -1 -3 -3 -4 -1 -3 -3 -4 -4  2  0 -3  0 -1 -3 -2  0 -3 -2  5    0   0   0   0   0   0   0   0   0   0   0   0   0   0   0   0   0   0   0 100  0.55 0.06
  163 N   -2 -1  7  1 -3  0 -1 -1  0 -4 -4 -1 -3 -4 -3  0 -1 -4 -3 -4    0   0 100   0   0   0   0   0   0   0   0   0   0   0   0   0   0   0   0   0  1.03 0.08
  164 Y   -2 -2 -3 -4 -3 -2 -3 -4  1 -2 -2 -2 -2  3 -4 -2 -2  2  8 -2    0   0   0   0   0   0   0   0   0   0   0   0   0   1   0   0   0   0  99   0  1.26 0.09
  165 A    5 -2 -2 -2 -1 -1 -1  0 -2 -2 -2 -1 -1 -3 -1  1  0 -3 -2 -1  100   0   0   0   0   0   0   0   0   0   0   0   0   0   0   0   0   0   0   0  0.59 0.06
  166 T    0 -2  0 -2 -1 -1 -1 -2 -2 -1 -2 -1 -1 -3 -2  1  6 -3 -2  0    0   0   0   0   0   0   0   0   0   0   0   0   0   0   0   0 100   0   0   0  0.73 0.07
  167 G    0 -3 -1 -2 -3 -2 -3  6 -3 -4 -4 -2 -3 -4 -3 -1 -2 -3 -4 -4    0   0   0   0   0   0   0 100   0   0   0   0   0   0   0   0   0   0   0   0  1.24 0.06
  168 N   -2 -1  7  1 -3  0 -1 -1  0 -4 -4 -1 -3 -4 -3  0 -1 -4 -3 -4    0   0 100   0   0   0   0   0   0   0   0   0   0   0   0   0   0   0   0   0  1.03 0.08
  169 L   -2 -3 -4 -4 -2 -3 -3 -4 -3  1  5 -3  2  0 -3 -3 -2 -2 -1  1    0   0   0   0   0   0   0   0   0   1  96   0   3   0   0   0   0   0   0   0  0.59 0.05
  170 P   -1 -3 -3 -2 -3 -2 -2 -3 -3 -3 -4 -2 -3 -4  8 -1 -2 -4 -4 -3    1   0   0   0   0   0   0   0   0   0   0   0   0   0  99   0   0   0   0   0  2.22 0.08
  171 G    0 -3 -1 -2 -3 -2 -3  6 -3 -4 -4 -2 -3 -4 -3 -1 -2 -3 -4 -4    0   0   0   0   0   0   0 100   0   0   0   0   0   0   0   0   0   0   0   0  1.23 0.06
  172 C   -1 -4 -3 -4 10 -4 -4 -3 -4 -2 -2 -4 -2 -3 -4 -1 -1 -3 -3 -1    0   1   0   0  99   0   0   0   0   0   0   0   0   0   0   0   0   0   0   0  1.74 0.09
  173 S    1 -1  0 -1 -1 -1 -1 -1 -1 -3 -3 -1 -2 -3  0  5  1 -3 -2 -2    0   0   0   0   0   0   0   0   0   0   0   0   0   0   3  97   0   0   0   0  0.63 0.07
  174 F   -3 -3 -4 -4 -3 -4 -4 -4 -2 -1  0 -4  0  7 -4 -3 -3  1  3 -1    0   0   0   0   0   0   0   0   0   0   0   0   0 100   0   0   0   0   0   0  1.08 0.07
  175 S    1 -1  0 -1 -1 -1 -1 -1 -1 -3 -3 -1 -2 -3 -1  5  1 -3 -2 -2    0   0   0   0   0   0   0   0   0   0   0   0   0   0   0 100   0   0   0   0  0.65 0.07
  176 I   -2 -4 -4 -4 -2 -3 -4 -4 -4  5  1 -3  1 -1 -3 -3 -1 -3 -2  2    0   0   0   0   0   0   0   0   0  98   1   0   0   0   0   0   0   0   0   1  0.61 0.06
  177 F   -3 -3 -4 -4 -3 -4 -4 -4 -2 -1  0 -4  0  7 -4 -3 -3  1  3 -1    0   0   0   0   0   0   0   0   0   0   0   0   0 100   0   0   0   0   0   0  1.08 0.07
  178 L   -2 -3 -4 -4 -2 -3 -3 -4 -3  1  5 -3  2  0 -3 -3 -2 -2 -1  1    0   0   0   0   0   0   0   0   0   0  99   0   0   1   0   0   0   0   0   0  0.62 0.05
  179 S   -2 -3 -4 -4 -2 -3 -3 -4 -3  1  5 -3  2  0 -3 -3 -2 -2 -1  0    0   0   0   0   0   0   0   0   0   0  99   0   0   0   0   1   0   0   0   0  0.60 0.05
  180 A    5 -2 -2 -2 -1 -1 -1  0 -2 -2 -2 -1 -1 -3 -1  1  0 -3 -2 -1   99   0   0   0   0   0   0   0   0   0   0   0   0   0   0   0   0   0   0   0  0.58 0.06
  181 L   -2 -3 -4 -4 -2 -3 -3 -4 -3  1  5 -3  2  0 -3 -3 -2 -2 -1  1    0   0   0   0   0   0   0   0   0   0 100   0   0   0   0   0   0   0   0   0  0.62 0.05
  182 M   -2 -3 -4 -4 -2 -3 -3 -4 -3  1  5 -3  2  0 -3 -3 -2 -2 -1  1    0   0   0   0   0   0   0   0   0   0  98   0   1   0   0   0   0   0   0   0  0.61 0.05
  183 S    1 -1  0 -1 -1 -1 -1 -1 -1 -3 -3 -1 -2 -3 -1  5  1 -3 -2 -2    0   0   0   0   0   0   0   0   0   0   0   0   0   0   0  99   0   0   0   0  0.65 0.07
  184 C   -1 -4 -3 -4 10 -4 -4 -3 -4 -2 -2 -4 -2 -3 -4 -1 -1 -3 -3 -1    0   0   0   0  99   0   0   1   0   0   0   0   0   0   0   1   0   0   0   0  1.71 0.09
  185 L   -2 -3 -4 -4 -2 -3 -3 -4 -3  1  5 -3  2  0 -3 -3 -2 -2 -1  1    0   0   0   0   0   0   0   0   0   0  99   0   0   0   0   1   0   0   0   0  0.61 0.05
  186 T    0 -2  0 -2 -1 -1 -1 -2 -2 -1 -2 -1 -1 -2 -2  1  6 -3 -2  0    0   0   0   0   0   0   0   0   0   0   0   0   0   0   0   0  99   0   0   0  0.71 0.07
  187 A   -1 -3 -3 -3 -1 -3 -3 -4 -3  5  1 -3  1 -1 -3 -2  1 -3 -2  3    1   0   0   0   0   0   0   0   0  78   0   0   0   0   0   0  10   0   0  11  0.44 0.05
  188 P   -1 -3 -3 -2 -3 -2 -2 -3 -3 -3 -4 -2 -3 -4  8 -1 -2 -4 -4 -3    0   0   0   0   0   0   0   0   0   0   0   0   0   0 100   0   0   0   0   0  2.23 0.08
  189 A    4 -2 -2 -2 -1 -1 -1  0 -2 -1 -2 -1 -1 -3 -1  1  0 -3 -2  0   88   0   0   0   0   0   0   0   0   0   0   0   0   0   0   0   4   0   0   8  0.47 0.05
  190 S    1 -1  0 -1 -1 -1 -1 -1 -1 -3 -3 -1 -2 -3 -1  5  1 -3 -2 -2    0   0   0   0   0   0   0   0   0   0   0   0   0   0   0  99   1   0   0   0  0.65 0.07
  191 A    5 -2 -2 -2 -1 -1 -1  0 -2 -2 -2 -1 -1 -3 -1  1  0 -3 -2 -1   99   0   0   0   0   0   0   0   0   0   0   0   0   0   0   0   1   0   0   0  0.59 0.06
  192 Y   -2 -2 -3 -4 -3 -2 -3 -4  2 -1 -1 -2 -1  3 -4 -2 -2  2  7 -1    0   0   0   0   0   0   0   0   4   5   0   0   0   2   0   0   0   0  88   0  1.04 0.07
  193 E   -1  0 -1  1 -4  2  6 -3  0 -4 -3  0 -2 -4 -2 -1 -1 -3 -3 -3    0   0   0   0   0   6  94   0   0   0   0   0   0   0   0   0   0   0   0   0  0.91 0.07
  194 V   -1 -3 -3 -4 -1 -3 -3 -4 -4  2  0 -3  1 -1 -3 -2  0 -3 -2  5    0   0   0   0   0   0   0   0   0   0   0   0   1   0   0   0   0   0   0  99  0.55 0.06
  195 R   -2  6 -1 -2 -3  1 -1 -3  1 -4 -3  2 -2 -3 -3 -1 -2 -3 -2 -3    0  95   0   0   1   0   0   0   4   0   0   0   0   0   0   0   0   0   0   0  0.94 0.07
  196 N   -2 -1  7  1 -3  0 -1 -1  0 -4 -4 -1 -3 -4 -3  0 -1 -4 -3 -4    0   0 100   0   0   0   0   0   0   0   0   0   0   0   0   0   0   0   0   0  1.03 0.08
  197 V    2 -2 -3 -3 -1 -2 -2 -2 -3  2  0 -2  0 -2 -2  0  0 -3 -2  4   30   0   0   0   0   0   0   0   0   0   0   0   0   0   0   4   1   0   0  64  0.29 0.04
  198 S    1 -1  0 -1 -1 -1 -1 -1 -1 -3 -3 -1 -2 -3 -1  5  1 -3 -2 -2    0   0   0   0   0   0   0   0   0   0   0   0   0   0   0  98   2   0   0   0  0.64 0.07
  199 G    0 -3 -1 -2 -3 -2 -2  6 -3 -4 -4 -2 -3 -4 -3 -1 -2 -3 -4 -4    0   0   0   0   0   0   1  99   0   0   0   0   0   0   0   0   0   0   0   0  1.22 0.06
  200 I    1 -3 -3 -3 -1 -2 -3 -2 -3  2  1 -2  1 -1 -3 -1  0 -3 -2  4   12   0   0   0   0   0   0   2   0  10   8   0   5   0   0   1   0   0   0  62  0.29 0.03
  201 Y   -2 -2 -3 -4 -2 -2 -3 -4  1 -2 -2 -2 -2  3 -4 -2 -2  2  8 -2    0   0   0   0   0   0   0   0   0   0   0   0   0   0   0   0   0   0 100   0  1.26 0.09
  202 H   -2 -1  0 -2 -4  1 -1 -3  9 -4 -3 -1 -2 -2 -3 -1 -2 -3  1 -4    0   0   0   0   0   3   0   0  95   0   1   0   0   0   0   0   0   0   0   0  1.25 0.09
  203 V   -1 -3 -3 -4 -1 -3 -3 -4 -4  2  0 -3  0 -1 -3 -2  0 -3 -2  5    0   0   0   0   0   0   0   0   0   0   0   0   0   0   0   0   0   0   0 100  0.56 0.06
  204 T    0 -2  0 -2 -1 -1 -1 -2 -2 -1 -2 -1 -1 -3 -2  1  6 -3 -2  0    0   0   0   0   0   0   0   0   0   0   0   0   0   0   0   0 100   0   0   0  0.73 0.07
  205 N   -2 -1  7  1 -3  0 -1 -1  0 -4 -4 -1 -3 -4 -3  0 -1 -4 -3 -4    0   0 100   0   0   0   0   0   0   0   0   0   0   0   0   0   0   0   0   0  1.03 0.08
  206 D   -2 -2  1  7 -4 -1  1 -2 -2 -4 -4 -1 -4 -4 -2 -1 -2 -5 -4 -4    0   0   0 100   0   0   0   0   0   0   0   0   0   0   0   0   0   0   0   0  1.19 0.07
  207 C   -1 -4 -3 -4 10 -4 -4 -3 -4 -2 -2 -4 -2 -3 -4 -1 -1 -3 -3 -1    0   0   0   0 100   0   0   0   0   0   0   0   0   0   0   0   0   0   0   0  1.76 0.09
  208 S    1 -1  0 -1 -1 -1 -1 -1 -1 -3 -3 -1 -2 -3  1  5  1 -3 -2 -2    3   0   0   0   0   0   0   1   0   0   0   0   0   0   4  91   0   0   0   0  0.58 0.06
  209 N   -2 -1  7  1 -3  0 -1 -1  0 -4 -4 -1 -3 -4 -3  0 -1 -4 -3 -4    0   0 100   0   0   0   0   0   0   0   0   0   0   0   0   0   0   0   0   0  1.03 0.08
  210 S    2 -1  0 -1 -1 -1 -1 -1 -1 -2 -2 -1 -2 -3 -1  4  2 -3 -2 -2   19   0   0   0   0   0   0   0   0   0   0   0   0   0   0  74   7   0   0   0  0.48 0.05
  211 S    1 -1  0 -1 -1 -1 -1 -1 -1 -3 -3 -1 -2 -3 -1  5  1 -3 -2 -2    0   0   0   0   0   0   0   0   0   0   0   0   0   0   0 100   0   0   0   0  0.66 0.07
  212 I   -2 -4 -4 -4 -2 -3 -4 -4 -4  5  1 -3  1 -1 -3 -3 -1 -3 -2  2    0   0   0   0   0   0   0   0   0  98   0   0   0   0   0   0   0   0   0   2  0.62 0.06
  213 A    0 -3 -3 -4 -1 -3 -3 -4 -4  2  0 -3  0 -1 -3 -2  0 -3 -2  5    1   0   0   0   0   0   0   0   0   1   0   0   0   0   0   0   0   0   0  98  0.54 0.06
  214 Y   -2 -2 -3 -4 -3 -2 -3 -4  1 -2 -2 -2 -1  3 -4 -2 -2  2  8 -2    0   0   0   0   0   0   0   0   0   0   0   0   0   4   0   0   0   0  96   0  1.21 0.08
  215 E   -1 -1 -1  1 -4  2  6 -2 -1 -4 -3  0 -3 -4 -2 -1 -1 -3 -3 -3    0   0   0   0   0   0  99   0   0   0   0   0   0   0   0   0   0   0   0   0  0.95 0.07
  216 A    4 -2 -2 -2 -1 -1 -1  0 -2 -1 -2 -1 -1 -3 -1  1  1 -3 -2  0   84   0   0   0   0   0   0   0   0   0   0   0   1   0   0   0  13   0   0   2  0.46 0.05
  217 A    4 -2 -2 -1 -1 -1  0  0 -2 -2 -2 -1 -1 -3 -1  1  0 -3 -2  0   86   0   0   1   0   0   6   0   0   0   0   0   0   0   0   1   2   0   0   2  0.45 0.05
  218 G   -2 -2  1  7 -4 -1  1 -1 -2 -4 -4 -1 -4 -4 -2 -1 -2 -5 -4 -4    0   0   0  97   0   0   0   3   0   0   0   0   0   0   0   0   0   0   0   0  1.13 0.07
  219 M   -1 -2 -3 -4 -2 -1 -3 -3 -2  2  2 -2  7  0 -3 -2 -1 -2 -2  2    2   0   0   0   0   0   0   0   0   6   7   0  72   0   0   0   1   0   0  12  0.51 0.06
  220 I   -2 -4 -4 -4 -2 -3 -4 -4 -4  5  1 -3  1 -1 -3 -3 -1 -3 -2  2    0   0   0   0   0   0   0   0   0 100   0   0   0   0   0   0   0   0   0   0  0.63 0.06
  221 M   -2 -2 -3 -4 -2 -1 -3 -3 -2  1  2 -2  7  0 -3 -2 -1 -2 -2  0    0   0   0   0   0   0   0   0   0   1  11   0  88   0   0   0   0   0   0   0  0.70 0.08
  222 H   -2 -1  0 -1 -4  0 -1 -3  9 -4 -4 -1 -2 -2 -3 -1 -2 -3  1 -4    0   0   0   1   0   0   0   0  99   0   0   0   0   0   0   0   0   0   0   0  1.35 0.09
  223 T    0 -2  0 -2 -1 -1 -1 -2 -2  0 -1 -1 -1 -2 -2  1  5 -3 -2  0    7   0   1   0   0   0   0   0   0   7   1   0   0   0   0   4  79   0   0   1  0.48 0.05
  224 P   -1 -3 -3 -2 -3 -2 -2 -3 -3 -3 -4 -2 -3 -4  8 -1 -2 -4 -4 -3    0   0   0   0   0   0   0   0   0   0   0   0   0   0 100   0   0   0   0   0  2.25 0.08
  225 G    0 -3 -1 -2 -3 -2 -3  6 -3 -4 -4 -2 -3 -4 -3 -1 -2 -3 -4 -4    0   0   0   0   0   0   0 100   0   0   0   0   0   0   0   0   0   0   0   0  1.24 0.06
  226 C   -1 -4 -3 -4 10 -4 -4 -3 -4 -2 -2 -4 -2 -3 -4 -1 -1 -3 -3 -1    0   0   0   0 100   0   0   0   0   0   0   0   0   0   0   0   0   0   0   0  1.76 0.09
  227 V   -1 -3 -3 -4 -1 -3 -3 -4 -4  2  1 -3  0 -1 -3 -2  0 -3 -2  5    0   0   0   0   0   0   0   0   0   0   1   0   0   0   0   0   0   0   0  99  0.55 0.06
  228 P   -1 -3 -3 -2 -3 -2 -2 -3 -3 -3 -4 -2 -3 -4  8 -1 -2 -4 -4 -3    0   0   0   0   0   0   0   0   0   0   0   0   0   0 100   0   0   0   0   0  2.25 0.08
  229 C   -1 -4 -3 -4 10 -4 -4 -3 -4 -2 -2 -4 -2 -3 -4 -1 -1 -3 -3 -1    0   0   0   0 100   0   0   0   0   0   0   0   0   0   0   0   0   0   0   0  1.76 0.09
  230 V   -1 -3 -3 -4 -1 -3 -3 -4 -4  2  0 -3  0 -1 -3 -2  0 -3 -2  5    0   0   0   0   0   0   0   0   0   0   0   0   0   0   0   0   0   0   0 100  0.56 0.06
  231 R   -2  6 -1 -2 -4  1  0 -3 -1 -3 -2  2 -2 -3 -3 -1 -2 -1 -2 -3    0  94   0   0   0   5   0   0   0   0   1   0   0   0   0   0   0   1   0   0  0.93 0.07
  232 E   -1 -1 -1  2 -4  2  6 -3 -1 -4 -3  0 -3 -4 -2 -1 -1 -3 -3 -3    0   0   0   2   0   0  97   0   0   0   0   0   0   0   0   0   0   0   0   0  0.92 0.07
  233 D    0 -1  4  2 -3 -1  0  3  0 -4 -4 -1 -3 -3 -2  1 -1 -4 -3 -3    4   0  40  17   0   0   1  31   1   0   0   1   0   0   0   5   0   0   0   0  0.51 0.03
  234 N   -2 -1  7  1 -3  0 -1 -1  0 -4 -4 -1 -3 -3 -2  0  0 -4 -3 -3    0   0  93   2   0   0   0   1   0   0   0   1   0   0   0   2   1   0   0   0  0.92 0.07
  235 S    1 -1  0 -1 -1 -1 -1 -1 -1 -1 -1 -1 -1 -1 -1  4  1 -3 -1  0    4   1   0   1   0   0   0   0   1   3   3   0   0   4   0  71   6   0   1   6  0.33 0.04
  236 S    1 -1  0 -1 -1 -1 -1 -1 -1 -3 -3 -1 -2 -3 -1  5  1 -3 -2 -2    0   0   0   0   0   0   0   0   0   0   0   0   0   0   0  99   0   0   0   0  0.65 0.07
  237 R   -2  6 -1 -2 -4  1 -1 -3  0 -4 -3  2 -2 -3 -3 -1 -2 -3 -2 -3    0  97   0   0   0   0   0   0   1   0   0   1   0   0   0   0   0   0   0   0  0.98 0.07
  238 C   -1 -4 -3 -4 10 -4 -4 -3 -4 -2 -2 -4 -2 -3 -4 -1 -1 -3 -3 -1    0   0   0   0 100   0   0   0   0   0   0   0   0   0   0   0   0   0   0   0  1.76 0.09
  239 W   -3 -4 -5 -5 -3 -3 -4 -3 -3 -3 -2 -4 -2  0 -5 -4 -3 12  2 -4    0   0   0   0   0   0   0   0   0   0   0   0   0   0   0   0   0 100   0   0  2.89 0.11
  240 V    0 -3 -3 -4 -1 -3 -3 -3 -4  2  0 -3  1 -1 -3 -2  0 -3 -2  5    3   0   0   0   0   0   0   0   0   1   0   0   1   0   0   0   0   0   0  94  0.50 0.06
  241 A    5 -2 -2 -2 -1 -1 -1  0 -2 -2 -2 -1 -1 -3 -1  1  0 -3 -2 -1   99   0   0   0   0   0   0   0   0   0   0   0   0   0   0   0   0   0   0   0  0.59 0.06
  242 L   -2 -3 -4 -4 -2 -3 -3 -4 -3  1  5 -3  2  0 -3 -3 -2 -2 -1  1    0   0   0   0   0   0   0   0   0   0  98   0   1   0   0   0   0   0   0   1  0.60 0.05
  243 T    0 -2  0 -2 -1 -1 -1 -2 -2 -1 -2 -1 -1 -3 -2  1  6 -3 -2  0    2   0   0   0   0   0   0   0   0   0   0   0   0   0   0   0  98   0   0   0  0.71 0.07
  244 P   -1 -3 -3 -2 -3 -2 -2 -3 -3 -3 -3 -2 -3 -4  8 -1 -2 -4 -4 -3    0   0   0   0   0   0   0   0   0   0   0   0   0   0  99   0   0   0   0   0  2.22 0.08
  245 T    0 -2  0 -2 -1 -1 -1 -2 -2 -1 -2 -1 -1 -3 -2  1  6 -3 -2  0    0   0   0   0   0   0   0   0   0   0   0   0   0   0   0   0 100   0   0   0  0.73 0.07
  246 L   -2 -3 -4 -4 -2 -3 -3 -4 -3  1  5 -3  2  0 -3 -3 -2 -2 -1  1    0   0   0   0   0   0   0   0   0   1  96   0   0   0   0   0   0   0   0   3  0.59 0.05
  247 A    5 -2 -2 -2 -1 -1 -1  0 -2 -2 -2 -1 -1 -3 -1  1  0 -3 -2 -1  100   0   0   0   0   0   0   0   0   0   0   0   0   0   0   0   0   0   0   0  0.59 0.06
  248 A    5 -2 -2 -2 -1 -1 -1  0 -2 -2 -2 -1 -1 -3 -1  1  0 -3 -2  0   95   0   0   0   0   0   0   1   0   0   0   0   0   0   0   0   3   0   0   1  0.54 0.06
  249 R   -2  6 -1 -2 -4  1 -1 -3 -1 -4 -3  2 -2 -3 -3 -1 -2 -3 -2 -3    0  97   0   0   0   0   0   0   0   0   0   3   0   0   0   0   0   0   0   0  0.99 0.07
  250 N   -2 -1  7  2 -3  0 -1 -1  0 -4 -4 -1 -3 -4 -3  0 -1 -4 -3 -3    0   0  94   4   0   0   0   0   0   0   0   0   0   0   0   1   0   0   0   0  0.96 0.07
  251 A    3 -1  0 -2 -1 -1 -1  1 -2 -1 -2 -1 -1 -2 -1  2  1 -3 -1  0   55   2   3   0   0   0   0   6   0   2   0   0   0   1   1  22   4   0   1   3  0.28 0.03
  252 S    1 -1  0 -1 -1  0 -1 -1 -1 -3 -3  0 -2 -3 -1  5  1 -3 -2 -2    0   0   1   0   0   0   0   0   0   0   0   3   0   0   0  91   5   0   0   0  0.58 0.06
  253 V   -1 -3 -3 -4 -1 -3 -3 -4 -4  4  1 -3  1 -1 -3 -2 -1 -3 -2  4    0   0   0   0   0   0   0   0   0  35   3   0   0   0   0   0   0   0   0  61  0.45 0.04
  254 P   -1 -3 -3 -2 -3 -2 -2 -3 -3 -3 -4 -2 -3 -4  8 -1 -2 -4 -4 -3    0   0   0   0   0   0   0   0   0   0   0   0   0   0 100   0   0   0   0   0  2.25 0.08
  255 T    0 -2 -1 -2 -1 -1 -1 -2 -2 -1 -2 -1 -1 -3 -2  1  6 -3 -2  0    0   0   0   0   0   0   0   0   0   1   0   0   0   0   0   0  97   0   0   1  0.69 0.07
  256 T    1 -1 -1 -2 -1 -1 -1 -2 -2 -1 -2  0  0 -3 -2  1  5 -3 -2  0    8   0   0   0   0   0   0   0   0   0   0   4   2   0   0   0  85   0   0   0  0.54 0.06
  257 T    1 -1 -1 -2 -1  0 -1 -2 -2 -1 -2 -1 -1 -3 -1  1  5 -3 -2  0   15   0   0   0   0   3   0   0   0   0   0   0   0   0   0   1  81   0   0   0  0.52 0.06
  258 I   -2 -3 -4 -4 -2 -3 -4 -4 -4  5  2 -3  1  0 -3 -3 -1 -3 -2  2    0   0   0   0   0   0   0   0   0  92   6   0   2   0   0   0   0   0   0   1  0.56 0.06
  259 R   -2  7 -1 -2 -4  1 -1 -3 -1 -4 -3  2 -2 -3 -3 -1 -2 -3 -2 -3    0 100   0   0   0   0   0   0   0   0   0   0   0   0   0   0   0   0   0   0  1.03 0.07
  260 R   -2  6 -1 -2 -4  1 -1 -3  1 -4 -3  2 -2 -3 -3 -1 -2 -3 -2 -3    0  97   0   0   0   0   0   0   2   0   0   0   0   0   0   0   0   0   1   0  0.96 0.07
  261 H   -2 -1  0 -2 -4  0 -1 -3  9 -4 -4 -1 -2 -2 -3 -1 -2 -3  1 -4    0   0   0   0   0   0   0   0 100   0   0   0   0   0   0   0   0   0   0   0  1.37 0.09
  262 V   -1 -3 -3 -4 -1 -3 -3 -4 -4  3  1 -3  0 -1 -3 -2  0 -3 -2  5    0   0   0   0   0   0   0   0   0   6   0   0   0   0   0   0   0   0   0  94  0.53 0.06
  263 D   -2 -2  1  7 -4 -1  1 -2 -2 -4 -4 -1 -4 -4 -2 -1 -2 -5 -4 -4    0   0   0 100   0   0   0   0   0   0   0   0   0   0   0   0   0   0   0   0  1.19 0.07
  264 L   -2 -3 -4 -4 -2 -3 -3 -4 -3  1  5 -3  2  0 -3 -3 -2 -2 -1  1    0   0   0   0   0   0   0   0   0   0  99   0   0   0   0   0   0   0   0   1  0.61 0.05
  265 L   -2 -3 -4 -4 -2 -3 -3 -4 -3  1  5 -3  2  0 -3 -3 -2 -2 -1  1    0   0   0   0   0   0   0   0   0   0 100   0   0   0   0   0   0   0   0   0  0.62 0.05
  266 V   -1 -3 -3 -4 -1 -3 -3 -4 -4  2  0 -3  0 -1 -3 -2  0 -3 -2  5    0   0   0   0   0   0   0   0   0   0   0   0   0   0   0   0   0   0   0 100  0.56 0.06
  267 G    0 -3 -1 -2 -3 -2 -3  6 -3 -4 -4 -2 -3 -4 -3 -1 -2 -3 -4 -4    0   0   0   0   0   0   0 100   0   0   0   0   0   0   0   0   0   0   0   0  1.24 0.06
  268 A    4 -2 -2 -2 -1 -1 -1  0 -2 -1 -2 -1 -1 -3 -1  1  1 -3 -2  0   81   0   0   0   0   0   0   1   0   0   0   0   0   0   0   3  13   0   0   2  0.44 0.05
  269 A    5 -2 -2 -2 -1 -1 -1  0 -2 -2 -2 -1 -1 -3 -1  1  0 -3 -2 -1  100   0   0   0   0   0   0   0   0   0   0   0   0   0   0   0   0   0   0   0  0.59 0.06
  270 T    4 -2 -2 -2 -1 -1 -1  0 -2 -1 -2 -1 -1 -3 -1  1  1 -3 -2  0   83   0   0   0   0   0   0   0   0   0   0   0   0   0   1   0  14   0   0   2  0.45 0.05
  271 L   -3 -3 -4 -4 -3 -3 -4 -4 -2  0  2 -3  0  6 -4 -3 -2  0  2 -1    0   0   0   0   0   0   0   0   0   0  19   0   0  80   0   0   0   0   0   0  0.79 0.06
  272 C   -1 -4 -3 -4 10 -4 -4 -3 -4 -2 -2 -4 -2 -3 -4 -1 -1 -3 -3 -1    0   0   0   0 100   0   0   0   0   0   0   0   0   0   0   0   0   0   0   0  1.75 0.09
  273 S    1 -1  0 -1 -1 -1 -1 -1 -1 -3 -3 -1 -2 -3 -1  5  1 -3 -2 -2    0   0   0   0   0   0   0   0   0   0   0   0   0   0   0 100   0   0   0   0  0.66 0.07
  274 A    5 -2 -2 -2 -1 -1 -1  0 -2 -1 -2 -1 -1 -3 -1  1  0 -3 -2  0   94   0   0   0   0   0   0   0   0   0   0   0   0   0   0   0   0   0   0   6  0.52 0.06
  275 M   -2 -2 -3 -4 -2 -1 -3 -3 -2  1  2 -2  8 -1 -3 -2 -1 -2 -2  0    0   0   0   0   0   0   0   0   0   0   3   0  96   0   0   0   0   0   0   0  0.78 0.09
  276 Y   -2 -2 -3 -4 -3 -2 -3 -4  1 -2 -2 -2 -2  3 -4 -2 -2  2  8 -2    0   0   0   0   0   0   0   0   0   0   0   0   0   0   0   0   0   0 100   0  1.27 0.09
  277 V   -1 -3 -3 -4 -1 -3 -3 -4 -4  2  0 -3  0 -1 -3 -2  0 -3 -2  5    0   0   0   0   0   0   0   0   0   0   0   0   0   0   0   0   0   0   0 100  0.56 0.06
  278 G    0 -3 -1 -2 -3 -2 -3  6 -3 -4 -4 -2 -3 -4 -3 -1 -2 -3 -4 -4    0   0   0   0   0   0   0 100   0   0   0   0   0   0   0   0   0   0   0   0  1.24 0.06
  279 D   -2 -2  1  7 -4 -1  1 -2 -2 -4 -4 -1 -4 -4 -2 -1 -2 -5 -4 -4    0   0   0 100   0   0   0   0   0   0   0   0   0   0   0   0   0   0   0   0  1.19 0.07
  280 L   -2 -3 -4 -4 -2 -3 -3 -4 -3  1  5 -3  2  0 -3 -3 -2 -2 -1  1    0   0   0   0   0   0   0   0   0   0  99   0   0   1   0   0   0   0   0   0  0.61 0.05
  281 C   -1 -4 -3 -4 10 -4 -4 -3 -4 -2 -2 -4 -2 -3 -4 -1 -1 -3 -3 -1    0   0   0   0 100   0   0   0   0   0   0   0   0   0   0   0   0   0   0   0  1.76 0.09
  282 G    0 -3 -1 -2 -3 -2 -3  6 -3 -4 -4 -2 -3 -4 -3 -1 -2 -3 -4 -4    0   0   0   0   0   0   0 100   0   0   0   0   0   0   0   0   0   0   0   0  1.24 0.06
  283 S    1 -1  0 -1 -1 -1 -1  0 -1 -3 -3 -1 -2 -3 -1  5  1 -3 -2 -2    0   0   0   0   0   0   0   1   0   0   0   0   0   0   0  98   0   0   0   0  0.64 0.07
  284 V   -1 -3 -3 -4 -1 -3 -3 -4 -4  2  1 -3  0 -1 -3 -2  0 -3 -2  5    0   0   0   0   0   0   0   0   0   3   0   0   0   1   0   0   0   0   0  96  0.53 0.06
  285 F   -2 -3 -4 -4 -3 -4 -4 -4 -2  0  1 -4  0  7 -4 -3 -2  0  2 -1    1   0   0   0   0   0   0   0   0   0  13   0   0  86   0   0   0   0   0   0  0.87 0.06
  286 L   -2 -3 -4 -4 -2 -3 -3 -4 -3  1  5 -3  2  0 -3 -3 -2 -2 -1  1    0   0   0   0   0   0   0   0   0   0 100   0   0   0   0   0   0   0   0   0  0.62 0.05
  287 V   -1 -3 -3 -4 -1 -3 -3 -4 -4  3  1 -3  0 -1 -3 -2  0 -3 -2  5    0   0   0   0   0   0   0   0   0   6   2   0   0   0   0   0   0   0   0  91  0.51 0.05
  288 S    1 -1  0 -1 -1 -1 -1  0 -1 -3 -3 -1 -2 -2 -1  5  1 -3 -2 -2    2   0   0   0   0   0   0   5   0   0   0   0   0   1   0  92   0   0   0   0  0.57 0.06
  289 Q   -1  1 -1 -1 -4  7  1 -2  0 -3 -3  1 -1 -4 -1 -1 -1 -3 -2 -3    0   0   0   0   0  99   0   0   0   0   0   0   0   0   1   0   0   0   0   0  0.95 0.08
  290 L   -2 -3 -4 -4 -2 -3 -3 -4 -3  1  5 -3  2  0 -3 -3 -2 -2 -1  1    0   0   0   0   0   0   0   0   0   0  99   0   0   0   0   0   0   0   0   0  0.62 0.05
  291 I   -3 -3 -4 -4 -3 -4 -4 -4 -2  0  0 -4  0  7 -4 -3 -3  1  3 -1    0   0   0   0   0   0   0   0   0   1   0   0   0  99   0   0   0   0   0   0  1.06 0.07
  292 T    0 -2 -1 -2 -1 -1 -1 -2 -2 -1 -2 -1 -1 -3 -2  1  6 -3 -2  0    0   0   0   0   0   0   0   0   0   1   0   0   0   0   0   1  94   0   0   4  0.64 0.07
  293 F   -3 -3 -4 -4 -3 -4 -4 -4 -2  0  1 -4  0  7 -4 -3 -3  0  3 -1    0   0   0   0   0   0   0   0   0   2   4   0   0  94   0   0   0   0   0   0  0.97 0.07
  294 S    1 -1  0 -1 -1 -1 -1 -1 -1 -3 -3 -1 -2 -3 -1  5  1 -3 -2 -2    0   1   0   0   0   0   0   0   0   0   0   0   0   0   0  98   0   0   0   0  0.63 0.07
  295 P   -1 -3 -3 -2 -3 -2 -2 -3 -3 -3 -4 -2 -3 -4  8 -1 -2 -4 -4 -3    0   0   0   0   0   0   0   0   0   0   0   0   0   0 100   0   0   0   0   0  2.25 0.08
  296 R   -2  7 -1 -2 -4  1 -1 -3 -1 -4 -3  2 -2 -3 -3 -1 -2 -3 -2 -3    0 100   0   0   0   0   0   0   0   0   0   0   0   0   0   0   0   0   0   0  1.03 0.07
  297 R   -2  6 -1 -2 -4  2  0 -3  0 -3 -2  2 -1 -3 -3 -1 -2  0 -2 -3    0  83   0   0   0  10   0   0   1   1   3   0   0   0   0   0   0   2   0   0  0.77 0.06
  298 Y   -2 -1  0 -2 -4  0 -1 -3  8 -3 -3 -1 -2  0 -3 -2 -2 -1  4 -3    0   0   0   0   0   0   0   0  82   0   0   0   0   0   0   0   0   0  18   0  1.11 0.08
  299 E   -1  0  0  1 -4  2  5 -2  0 -3 -3  1 -2 -3 -2 -1 -1  3 -2 -2    2   1   1   1   0   7  76   0   2   0   0   2   1   0   0   0   2   5   0   1  0.65 0.05
  300 T    0 -2 -1 -2 -1 -1 -1 -2 -2 -1 -2 -1 -1 -3 -2  1  6 -3 -2  0    0   0   0   0   0   0   0   0   0   1   0   0   0   0   0   0  99   0   0   0  0.71 0.07
  301 V    0 -3 -3 -3 -1 -2 -2 -3 -3  2  1 -2  1 -1 -3 -2  0 -3 -2  4    2   0   0   0   0   0   1   0   0   3   4   0   1   0   0   0   6   0   0  84  0.41 0.05
  302 Q   -1  1 -1 -1 -4  7  1 -2  0 -3 -3  1 -1 -4 -2 -1 -1 -3 -2 -3    0   0   0   0   0 100   0   0   0   0   0   0   0   0   0   0   0   0   0   0  0.97 0.08
  303 D   -2 -2  1  6 -4 -1  1 -1 -1 -4 -4 -1 -3 -4 -2  0 -1 -5 -4 -3    0   0   3  92   0   0   2   1   0   0   0   0   0   0   0   1   0   0   0   1  1.05 0.06
  304 C   -1 -4 -3 -4 10 -4 -4 -3 -4 -2 -2 -4 -2 -3 -3 -1 -1 -3 -3 -1    0   0   0   0  99   0   0   0   0   0   0   0   0   0   0   1   0   0   0   0  1.72 0.09
  305 N   -2 -1  7  1 -3  0 -1 -1  0 -4 -4 -1 -3 -4 -3  0 -1 -4 -3 -4    0   0 100   0   0   0   0   0   0   0   0   0   0   0   0   0   0   0   0   0  1.03 0.08
  306 C   -1 -4 -3 -4 10 -4 -4 -3 -4 -2 -2 -4 -2 -2 -4 -1 -1 -3 -3 -1    0   0   0   0  99   0   0   0   0   0   0   0   0   1   0   0   0   0   0   0  1.72 0.09
  307 S    1 -1  0 -1 -1 -1 -1 -1 -1 -3 -3 -1 -2 -3 -1  5  1 -3 -2 -2    0   0   0   0   0   0   0   0   0   0   0   0   0   0   0 100   0   0   0   0  0.66 0.07
  308 L   -2 -3 -4 -4 -2 -3 -4 -4 -3  5  2 -3  1  0 -3 -3 -1 -3 -2  2    0   0   0   0   0   0   0   0   1  89  10   0   0   0   0   0   0   0   0   0  0.55 0.05
  309 Y   -2 -2 -3 -4 -3 -2 -3 -4  1 -2 -2 -2 -2  3 -4 -2 -2  2  8 -2    0   0   0   0   0   0   0   0   0   0   0   0   0   0   0   0   0   0 100   0  1.27 0.09
  310 P   -1 -3 -2 -2 -3 -2 -2 -3 -3 -3 -3 -1 -3 -4  8  0 -1 -4 -3 -3    0   0   0   0   0   0   0   0   0   0   1   0   0   0  94   4   0   0   0   0  2.05 0.08
  311 G    0 -3 -1 -2 -3 -2 -3  6 -3 -4 -4 -2 -3 -4 -3 -1 -2 -3 -4 -4    0   0   0   0   0   0   0 100   0   0   0   0   0   0   0   0   0   0   0   0  1.24 0.06
  312 H   -2  0  0 -2 -4  0 -1 -3  9 -4 -3 -1 -2 -2 -2 -1 -2 -3  1 -4    0   2   0   0   0   0   0   0  97   0   0   0   0   0   0   0   0   0   1   0  1.30 0.09
  313 V   -1 -3 -3 -4 -1 -3 -3 -4 -4  3  1 -3  1 -1 -3 -2 -1 -3 -2  4    0   0   0   0   0   0   0   0   0  11   9   0   0   0   0   0   0   0   0  79  0.45 0.05
  314 S    0 -1  0 -1 -1 -1 -1 -1 -2 -2 -2 -1 -2 -3 -1  4  4 -3 -2 -1    0   0   0   0   0   0   0   0   0   0   0   0   0   0   0  60  40   0   0   0  0.50 0.05
  315 G    0 -3 -1 -2 -3 -2 -3  6 -3 -4 -4 -2 -3 -4 -3 -1 -2 -3 -4 -4    0   0   0   0   0   0   0 100   0   0   0   0   0   0   0   0   0   0   0   0  1.24 0.06
  316 H   -2 -1  0 -2 -4  0 -1 -3  9 -4 -4 -1 -2 -2 -3 -1 -2 -3  1 -4    0   0   0   0   0   1   0   0  99   0   0   0   0   0   0   0   0   0   0   0  1.35 0.09
  317 R   -2  6 -1 -2 -4  1 -1 -3  0 -4 -3  2 -2 -3 -3 -1 -2 -3 -2 -3    0  99   0   0   0   0   0   0   0   0   0   0   0   0   0   0   0   0   0   0  1.01 0.07
  318 M   -2 -2 -3 -4 -2 -1 -3 -3 -2  1  2 -2  8 -1 -3 -2 -1 -2 -2  0    0   0   0   0   0   0   0   0   0   0   0   0 100   0   0   0   0   0   0   0  0.83 0.09
  319 A    5 -2 -2 -2 -1 -1 -1  0 -2 -2 -2 -1 -1 -3 -1  1  0 -3 -2 -1  100   0   0   0   0   0   0   0   0   0   0   0   0   0   0   0   0   0   0   0  0.59 0.06
  320 W   -3 -4 -5 -5 -3 -3 -4 -3 -3 -3 -2 -4 -2  0 -5 -4 -3 12  2 -4    0   0   0   0   0   0   0   0   0   0   0   0   0   0   0   0   0 100   0   0  2.89 0.11
  321 D   -2 -2  1  7 -4 -1  1 -2 -2 -4 -4 -1 -4 -4 -2 -1 -2 -5 -4 -4    0   0   0 100   0   0   0   0   0   0   0   0   0   0   0   0   0   0   0   0  1.19 0.07
  322 M   -2 -2 -3 -4 -2 -1 -3 -3 -2  1  2 -2  8 -1 -3 -2 -1 -2 -2  0    0   0   0   0   0   0   0   0   0   0   0   0 100   0   0   0   0   0   0   0  0.83 0.09
  323 M   -2 -2 -3 -4 -2 -1 -3 -3 -2  1  2 -2  8 -1 -3 -2 -1 -2 -2  0    0   0   0   0   0   0   0   0   0   1   0   0  99   0   0   0   0   0   0   0  0.82 0.09
  324 M   -2 -2 -3 -4 -2 -1 -3 -3 -2  1  2 -2  8 -1 -3 -2 -1 -2 -2  0    0   0   0   0   0   0   0   0   0   0   0   0 100   0   0   0   0   0   0   0  0.83 0.09
  325 N   -2 -1  7  1 -3  0 -1 -1  0 -4 -4 -1 -3 -4 -3  0  0 -4 -3 -4    0   0  99   0   0   0   0   0   0   0   0   0   0   0   0   1   0   0   0   0  1.02 0.08
  326 W   -3 -4 -5 -5 -3 -3 -4 -3 -3 -3 -2 -4 -2  0 -5 -4 -3 12  2 -4    0   0   0   0   0   0   0   0   0   0   0   0   0   0   0   0   0 100   0   0  2.89 0.11
  327 S    1 -1  0 -1 -1 -1 -1 -1 -1 -3 -3 -1 -2 -3 -1  5  1 -3 -2 -2    0   0   0   0   0   0   0   0   0   0   0   0   0   0   0 100   0   0   0   0  0.65 0.07
  328 P   -1 -3 -3 -2 -3 -2 -2 -3 -3 -3 -4 -2 -3 -4  8 -1 -2 -4 -4 -3    0   0   0   0   0   0   0   0   0   0   0   0   0   0 100   0   0   0   0   0  2.25 0.08
  329 T    0 -2  0 -2 -1 -1 -1 -2 -2 -1 -2 -1 -1 -3 -2  1  6 -3 -2  0    2   0   0   0   0   0   0   0   0   0   0   0   0   0   0   1  98   0   0   0  0.70 0.07
  330 A    3 -2 -1 -2 -1 -1 -1 -1 -2 -1 -2 -1 -1 -3 -1  1  4 -3 -2  0   39   0   0   0   0   0   0   0   0   0   0   0   0   0   0   1  59   0   0   0  0.43 0.05
  331 A    5 -2 -2 -2 -1 -1 -1  0 -2 -2 -2 -1 -1 -3 -1  1  0 -3 -2 -1  100   0   0   0   0   0   0   0   0   0   0   0   0   0   0   0   0   0   0   0  0.59 0.06
  332 L   -2 -3 -4 -4 -2 -3 -3 -4 -3  1  5 -3  2  0 -3 -3 -2 -2 -1  1    0   0   0   0   0   0   0   0   0   2  98   0   0   0   0   0   0   0   0   0  0.61 0.05
  333 V    0 -3 -3 -4 -1 -3 -3 -4 -4  2  1 -3  1 -1 -3 -2  0 -2 -2  5    1   0   0   0   0   0   0   0   0   1   2   0   1   0   0   0   0   0   0  95  0.51 0.06
  334 V    0 -3 -3 -4 -1 -3 -3 -4 -4  2  1 -3  1 -1 -3 -2  0 -3 -2  5    1   0   0   0   0   0   0   0   0   0   2   0   1   0   0   0   0   0   0  97  0.53 0.06
  335 S    1 -1  0 -1 -1 -1 -1 -1 -1 -3 -3 -1 -2 -3 -1  5  1 -3 -2 -2    3   0   0   0   0   0   0   0   0   0   0   0   0   0   0  97   0   0   0   0  0.63 0.07
  336 Q   -1  1 -1 -1 -4  7  1 -2  0 -3 -3  1 -1 -4 -2 -1 -1 -3 -2 -3    0   0   0   0   0 100   0   0   0   0   0   0   0   0   0   0   0   0   0   0  0.97 0.08
  337 L   -2 -3 -4 -4 -2 -3 -3 -4 -3  2  4 -3  2  0 -3 -3 -2 -2 -1  1    0   0   0   0   0   0   0   0   0   3  94   0   1   0   0   1   0   0   0   1  0.58 0.05
  338 L   -2 -3 -4 -4 -2 -3 -3 -4 -3  1  5 -3  2  0 -3 -3 -2 -2 -1  1    0   0   0   0   0   0   0   0   0   0 100   0   0   0   0   0   0   0   0   0  0.62 0.05
  339 R   -2  7 -1 -2 -4  1 -1 -3 -1 -4 -3  2 -2 -3 -3 -1 -2 -3 -2 -3    0 100   0   0   0   0   0   0   0   0   0   0   0   0   0   0   0   0   0   0  1.03 0.07
  340 I   -2 -4 -4 -4 -2 -3 -4 -4 -4  5  1 -3  1 -1 -3 -3 -1 -3 -2  2    0   0   0   0   0   0   0   0   0  96   2   0   0   0   0   0   0   0   0   1  0.60 0.06
  341 P   -1 -2 -3 -2 -3 -2 -2 -3 -3 -3 -4 -2 -3 -4  8 -1 -2 -4 -4 -3    0   1   0   0   0   0   0   0   0   0   0   0   0   0  99   0   0   0   0   0  2.22 0.08
  342 Q   -1  1  0 -1 -4  7  2 -2  0 -3 -3  1 -1 -4 -2 -1 -1 -3 -2 -3    0   0   0   0   0  98   1   0   0   0   0   0   0   0   0   0   0   0   0   0  0.95 0.08
  343 A    5 -2 -2 -2 -1 -1 -1  0 -2 -2 -2 -1 -1 -3 -1  1  0 -3 -2 -1   96   0   0   0   0   0   0   0   0   0   0   0   0   0   0   1   3   0   0   0  0.56 0.06
  344 V    0 -3 -3 -4 -1 -3 -3 -4 -4  3  1 -3  1 -1 -3 -2  0 -3 -2  4    2   0   0   0   0   0   0   0   0  19   0   0   0   0   0   0   0   0   0  78  0.46 0.05
  345 V   -1 -3 -3 -4 -1 -2 -3 -3 -3  2  1 -3  3 -1 -3 -2 -1 -3 -2  4    0   0   0   0   0   0   0   1   0   1   7   0  15   0   0   0   0   0   0  76  0.41 0.05
  346 D   -2 -2  1  7 -4 -1  1 -2 -2 -4 -4 -1 -4 -4 -2 -1 -2 -5 -4 -4    0   0   0 100   0   0   0   0   0   0   0   0   0   0   0   0   0   0   0   0  1.18 0.07
  347 I   -1 -2 -3 -4 -2 -1 -3 -3 -2  1  2 -2  7 -1 -3 -2 -1 -2 -2  1    0   0   0   0   0   0   0   0   0   4   0   0  92   0   0   0   0   0   0   4  0.71 0.09
  348 V   -1 -3 -3 -4 -1 -3 -3 -3 -4  3  1 -3  1 -1 -3 -2  0 -3 -2  5    0   0   0   0   0   0   0   0   0   6   0   0   0   0   0   0   0   0   0  93  0.52 0.06
  349 A    5 -2 -2 -2 -1 -1 -1  0 -2 -1 -2 -1 -1 -3 -1  1  0 -3 -2  0   91   0   0   0   0   0   0   2   0   0   0   0   0   0   0   1   4   0   0   3  0.50 0.05
  350 G    0 -3 -1 -2 -3 -2 -3  6 -3 -4 -4 -2 -3 -4 -3 -1 -2 -3 -4 -4    0   0   0   0   0   0   0 100   0   0   0   0   0   0   0   0   0   0   0   0  1.24 0.06
  351 A    5 -2 -2 -2 -1 -1 -1  0 -2 -2 -2 -1 -1 -3 -1  1  0 -3 -2 -1   98   0   0   0   0   0   0   1   0   0   0   0   0   0   0   1   0   0   0   0  0.58 0.06
  352 H   -2 -1  0 -2 -4  0 -1 -3  9 -4 -4 -1 -2 -2 -3 -1 -2 -3  1 -4    0   0   0   0   0   0   0   0 100   0   0   0   0   0   0   0   0   0   0   0  1.37 0.09
  353 W   -3 -4 -5 -5 -3 -3 -4 -3 -3 -3 -2 -4 -2  0 -5 -4 -3 12  2 -4    0   0   0   0   0   0   0   0   0   0   0   0   0   0   0   0   0 100   0   0  2.89 0.11
  354 G    0 -3 -1 -2 -3 -2 -3  6 -3 -4 -4 -2 -3 -4 -3 -1 -2 -3 -4 -4    0   0   0   0   0   0   0 100   0   0   0   0   0   0   0   0   0   0   0   0  1.24 0.06
  355 V   -1 -3 -3 -4 -1 -3 -3 -4 -4  3  1 -3  0 -1 -3 -2  0 -3 -2  5    0   0   0   0   0   0   0   0   0  12   0   0   0   0   0   0   0   0   0  88  0.51 0.05
  356 L   -2 -3 -4 -4 -2 -3 -3 -4 -3  1  5 -3  2  0 -3 -3 -2 -2 -1  1    0   0   0   0   0   0   0   0   0   0 100   0   0   0   0   0   0   0   0   0  0.62 0.05
  357 A    5 -2 -2 -2 -1 -1 -1  0 -2 -2 -2 -1 -1 -3 -1  1  0 -3 -2 -1   99   0   0   0   0   0   0   0   0   0   0   0   0   0   0   0   0   0   0   0  0.58 0.06
  358 G    0 -3 -1 -2 -3 -2 -3  6 -3 -4 -4 -2 -3 -4 -3 -1 -2 -3 -4 -4    1   0   0   0   0   0   0  99   0   0   0   0   0   0   0   0   0   0   0   0  1.22 0.06
  359 L   -2 -3 -4 -4 -2 -3 -3 -4 -3  2  4 -3  2  0 -3 -3 -2 -2 -1  1    0   0   0   0   0   0   0   0   0   4  95   0   1   0   0   0   0   0   0   0  0.59 0.05
  360 A    5 -2 -2 -2 -1 -1 -1  0 -2 -2 -2 -1 -1 -3 -1  1  0 -3 -2  0   98   0   0   0   0   0   0   1   0   0   0   0   0   0   0   0   0   0   0   1  0.58 0.06
  361 Y   -2 -2 -3 -4 -3 -2 -3 -4  1 -2 -2 -2 -2  3 -4 -2 -2  2  8 -2    0   0   0   0   0   0   0   0   0   0   0   0   0   0   0   0   0   0 100   0  1.27 0.09
  362 Y   -2 -2 -3 -4 -3 -2 -3 -4  1 -2 -2 -2 -2  3 -4 -2 -2  2  8 -2    0   0   0   0   0   0   0   0   0   0   0   0   0   4   0   0   0   0  96   0  1.22 0.08
  363 P    1 -1  0 -1 -1 -1 -1 -1 -1 -3 -3 -1 -2 -3 -1  5  1 -3 -2 -2    1   0   0   0   0   0   0   0   0   0   0   0   0   0   1  98   0   0   0   0  0.63 0.07
  364 M   -2 -2 -3 -4 -2 -1 -3 -3 -2  1  2 -2  8 -1 -3 -2 -1 -2 -2  0    0   0   0   0   0   0   0   0   0   0   0   0 100   0   0   0   0   0   0   0  0.83 0.09
  365 V    1 -3 -3 -3 -1 -2 -3 -3 -3  2  0 -2  0 -1 -2 -1  0 -3 -2  4   16   0   0   0   0   0   0   0   0   1   0   0   0   0   0   0   0   0   0  83  0.40 0.05
  366 G    0 -3 -1 -2 -3 -2 -3  6 -3 -4 -4 -2 -3 -4 -3 -1 -2 -3 -4 -4    2   0   0   0   0   0   0  98   0   0   0   0   0   0   0   0   0   0   0   0  1.20 0.06
  367 N   -2 -1  7  1 -3  0 -1 -1  0 -4 -4 -1 -3 -4 -3  0 -1 -4 -3 -4    0   0 100   0   0   0   0   0   0   0   0   0   0   0   0   0   0   0   0   0  1.03 0.08
  368 W   -3 -4 -5 -5 -3 -3 -4 -3 -3 -3 -2 -4 -2  0 -5 -4 -3 12  2 -4    0   0   0   0   0   0   0   0   0   0   0   0   0   0   0   0   0 100   0   0  2.89 0.11
  369 A    5 -2 -2 -2 -1 -1 -1  0 -2 -2 -2 -1 -1 -3 -1  1  0 -3 -2 -1  100   0   0   0   0   0   0   0   0   0   0   0   0   0   0   0   0   0   0   0  0.59 0.06
  370 K   -1  2 -1 -1 -4  1  0 -2 -1 -3 -3  6 -2 -4 -1 -1 -1 -4 -2 -3    0   0   0   0   0   0   0   0   0   0   0 100   0   0   0   0   0   0   0   0  0.76 0.07
  371 V   -1 -3 -3 -4 -1 -3 -3 -4 -4  2  1 -3  0 -1 -3 -2  0 -3 -2  5    0   0   0   0   0   0   0   0   0   0   1   0   0   0   0   0   0   0   0  99  0.55 0.06
  372 L   -2 -3 -4 -4 -2 -3 -3 -4 -3  1  5 -3  2  0 -3 -3 -2 -2 -1  1    0   0   0   0   0   0   0   0   0   0  96   0   1   1   0   0   0   0   0   2  0.59 0.05
  373 I   -2 -3 -4 -4 -2 -3 -4 -4 -4  5  1 -3  1 -1 -3 -3 -1 -3 -2  3    0   0   0   0   0   0   0   0   0  86   1   0   0   0   0   0   0   0   0  13  0.55 0.05
  374 V    0 -3 -3 -4 -1 -3 -3 -4 -4  2  0 -3  0 -1 -3 -2  0 -3 -2  5    1   0   0   0   0   0   0   0   0   0   0   0   0   0   0   0   0   0   0  99  0.55 0.06
  375 M   -1 -2 -3 -4 -2 -1 -3 -3 -2  1  2 -2  7  0 -3 -2 -1 -2 -2  0    0   0   0   0   0   0   0   0   0   0   9   0  89   0   0   0   0   0   0   0  0.70 0.08
  376 L   -2 -3 -4 -4 -2 -3 -3 -4 -3  1  5 -3  2  0 -3 -3 -2 -2 -1  1    0   0   0   0   0   0   0   0   0   0 100   0   0   0   0   0   0   0   0   0  0.62 0.05
  377 L   -2 -2 -4 -4 -2 -3 -3 -4 -3  1  5 -3  2  0 -3 -3 -2 -2 -1  1    0   0   0   0   0   0   0   0   0   0  99   0   0   0   0   0   0   0   0   0  0.61 0.05
  378 F   -3 -3 -4 -4 -3 -4 -4 -4 -2 -1  0 -4  0  7 -4 -3 -3  1  3 -1    0   0   0   0   0   0   0   0   0   0   0   0   0 100   0   0   0   0   0   0  1.08 0.07
  379 A    5 -2 -2 -2 -1 -1 -1  0 -2 -2 -2 -1 -1 -3 -1  1  0 -3 -2  0   96   0   0   0   0   0   0   0   0   0   0   0   0   0   0   2   1   0   0   1  0.56 0.06
  380 G    0 -3 -1 -2 -3 -2 -3  6 -3 -4 -4 -2 -3 -4 -3 -1 -2 -3 -4 -4    0   0   0   0   0   0   0 100   0   0   0   0   0   0   0   0   0   0   0   0  1.24 0.06
  381 V    0 -3 -3 -4 -1 -3 -3 -4 -4  2  0 -3  0 -1 -3 -2  0 -3 -2  5    1   0   0   0   0   0   0   0   0   0   0   0   0   0   0   0   0   0   0  99  0.54 0.06
  382 D   -2 -2  1  7 -4 -1  1 -2 -2 -4 -4 -1 -4 -4 -2 -1 -2 -5 -4 -4    0   0   0 100   0   0   0   0   0   0   0   0   0   0   0   0   0   0   0   0  1.18 0.07
  383 G    0 -3 -1 -1 -3 -2 -2  6 -2 -4 -4 -2 -3 -3 -2 -1 -2 -3 -3 -3    3   0   0   1   0   0   0  93   0   0   0   0   0   0   0   0   0   0   0   0  1.08 0.05
  384 A    1  0  0  0 -1  0  0  2  0 -1 -1  0 -1 -1  0  1  1 -1 -1  0   14   4   2   3   1   3   4  17   3   3   5   3   1   2   3  16   7   1   2   6  0.08 0.00
  385 N   -1  0  2  1 -2  1  1 -1  1 -2 -2  0 -1 -2 -1  1  2 -2 -1 -1    2   3  11  10   1  10  10   4   5   2   2   5   1   1   1   5  25   0   1   2  0.16 0.01
  386 T    0 -1  0 -1 -1 -1 -1 -2 -1 -1 -2 -1 -1 -2 -2  1  5 -3 -1  0    0   0   0   0   0   0   0   0   1   1   1   0   0   0   0   1  93   0   1   0  0.62 0.06
  387 H   -1  2 -1 -2 -3  0 -1 -2  5 -2 -2  0 -1  1 -2 -1 -1  1  5 -1    1  19   1   1   0   2   0   1  26   1   2   1   0   0   0   2   3   1  32   3  0.36 0.03
  388 T    0 -2 -2 -2 -1 -2 -2 -2 -3  1  0 -2  0 -1 -2  0  3 -3 -1  3    5   0   0   0   0   0   0   0   0   2   3   0   1   0   0   1  37   0   0  50  0.27 0.04
  389 V    0 -2 -1 -1 -1 -1 -1 -1 -2  0 -1 -1  1 -2 -2  2  4 -3 -2  1    2   0   0   0   0   0   0   3   0   6   2   0   7   0   0  21  51   0   0   9  0.27 0.03
  390 G    0 -3 -1 -2 -3 -2 -2  6 -2 -4 -4 -2 -3 -3 -2 -1 -2 -3 -3 -3    1   0   0   0   0   0   0  95   0   0   0   0   0   0   0   0   0   0   0   1  1.11 0.05
  391 G    1 -2 -1 -1 -3 -1 -1  6 -2 -4 -4 -2 -3 -3 -2  0 -1 -3 -3 -3    8   1   0   0   0   1   3  83   0   0   0   0   0   0   0   3   1   0   0   0  0.90 0.05
  392 T    2  0 -1 -1 -1  1  0 -1 -1 -1 -1  0 -1 -2 -1  1  2 -2 -2  1   31   5   1   0   0   7   3   1   1   0   1   4   0   0   0  14  19   0   0  13  0.16 0.02
  393 E    2 -1 -1 -1 -1  2  0 -1 -1 -1 -1  0  0 -2 -1  1  1 -3 -1  1   39   0   0   0   0  23   3   0   1   1   2   0   1   0   1   5   9   0   1  13  0.18 0.02
  394 G    3 -2 -1 -2 -1 -1 -1  4 -2 -3 -3 -1 -2 -3 -1  1 -1 -3 -3 -2   47   0   0   0   0   0   0  40   0   0   0   0   0   0   0  10   0   0   0   0  0.49 0.03
  395 F   -1  4  0 -1 -3  1  0 -2  4 -3 -2  1 -1  0 -2  0 -1 -2  1 -2    1  47   0   1   0   8   0   0  23   0   1   2   0   6   0   5   0   0   6   0  0.43 0.04
  396 T    1 -1  2  0 -1  0 -1  0  0 -1 -2 -1 -1 -2 -1  2  3 -3 -2 -1   14   1  13   3   0   1   1   5   2   1   1   1   1   1   0  11  44   0   0   1  0.26 0.03
  397 T    1 -2 -1 -2 -1 -1 -1 -2 -2  0 -1 -1 -1 -2 -1  1  4 -3 -2  1   20   0   0   0   0   0   0   0   0   3   3   0   0   0   0   1  65   0   0   7  0.36 0.04
  398 Q    0  2  1 -1 -2  1  0 -1  2 -2 -1  0 -1  0 -2  1  0 -2  1 -2    4  23   6   0   0  11   0   3   7   0   6   2   0   5   0  23   1   0   8   0  0.16 0.02
  399 R    0  1  0 -1 -2  0 -1  4 -2 -3 -3  0 -2 -3 -2  1  0 -3 -3 -2    2  15   1   0   0   2   0  52   0   0   0   2   1   0   0  16   7   0   0   1  0.46 0.03
  400 F   -2 -3 -3 -4 -2 -3 -3 -4 -2  1  3 -3  1  5 -3 -3 -2  0  1  1    0   0   0   0   0   0   0   0   0   4  39   0   1  48   0   0   0   1   0   6  0.46 0.04
  401 T    2 -1 -1 -2 -1 -1 -1 -1 -2  0 -1 -1 -1 -2 -1  1  4 -3 -2  1   26   1   0   0   0   0   0   1   0   0   0   0   1   0   0   2  52   0   1  16  0.30 0.04
  402 S    1  0  1 -1 -1  0 -1  1 -1 -3 -3  0 -2 -2 -1  4  1 -3 -2 -2    4   4   3   0   0   0   0  10   0   0   0   2   0   1   0  73   2   0   1   0  0.41 0.04
  403 L   -2 -3 -4 -4 -2 -3 -3 -4 -3  2  4 -3  2  3 -3 -3 -2 -1  0  1    0   0   0   0   0   0   0   0   0   7  67   0   4  19   0   0   0   0   0   1  0.42 0.03
  404 F   -3 -3 -3 -4 -3 -4 -4 -4 -2  0  1 -3  0  7 -4 -3 -2  0  3 -1    0   0   0   0   0   0   0   0   0   0   7   0   0  91   0   0   0   0   0   0  0.92 0.06
  405 T    1  0  0 -1 -1 -1 -1 -1 -1 -2 -2  0 -1 -2 -1  3  3 -3 -1 -1    9   3   2   0   0   0   0   0   0   0   0   2   1   0   0  46  32   0   1   2  0.33 0.03
  406 L    0  0 -1 -2 -2  0 -1 -2 -1 -1  0 -1 -1 -1  5  1  0 -3 -2 -1    7   8   0   0   0   3   0   0   0   1  10   0   0   4  33  24   5   0   0   4  0.43 0.02
  407 G    0 -3 -1 -2 -3 -2 -3  6 -2 -4 -4 -2 -3 -4 -3 -1 -2 -2 -3 -4    0   0   0   0   0   0   0  98   0   0   0   0   0   0   0   0   0   0   0   0  1.19 0.06
  408 P    2 -2 -2 -2 -2 -1 -1 -1 -2 -3 -3 -1 -2 -3  6  1 -1 -4 -3 -2   29   0   0   0   0   1   0   0   0   0   0   0   0   0  57  12   0   0   0   0  1.07 0.05
  409 S    2  0  0 -1 -1  1  0 -1  0 -2 -2  1 -1 -3 -1  3  1 -3 -2 -1   15   4   1   0   0   8   1   0   2   0   1   7   0   0   0  55   5   0   0   1  0.31 0.03
  410 Q   -1  1 -1 -1 -4  7  2 -2  0 -3 -3  1 -1 -4 -2 -1 -1 -3 -2 -3    0   0   0   0   0  99   1   0   0   0   0   0   0   0   0   0   0   0   0   0  0.97 0.08
  411 K   -1  2  3  0 -3  1  0 -2  0 -3 -3  4 -2 -3 -2  0 -1 -4 -2 -3    0   8  25   1   0   1   1   0   1   0   0  61   0   0   0   1   0   0   0   0  0.49 0.04
  412 I   -2 -3 -4 -4 -2 -3 -4 -4 -4  5  2 -3  1  0 -3 -3 -1 -3 -2  2    0   0   0   0   0   0   0   0   0  89   7   0   0   0   0   0   0   0   0   3  0.56 0.05
  413 Q   -1  1 -1 -1 -4  7  1 -2  0 -3 -3  1 -1 -4 -2 -1 -1 -3 -2 -3    0   0   0   0   0  99   0   0   1   0   0   0   0   0   0   0   0   0   0   0  0.96 0.08
  414 L   -2 -3 -4 -4 -2 -3 -3 -4 -3  1  5 -3  2  0 -3 -3 -2 -2 -1  1    0   0   0   0   0   0   0   0   0   0 100   0   0   0   0   0   0   0   0   0  0.62 0.05
  415 I   -1 -3 -4 -4 -1 -3 -3 -4 -4  4  1 -3  1 -1 -3 -2 -1 -3 -2  4    0   0   0   0   0   0   0   0   0  54   0   0   0   0   0   0   0   0   0  46  0.47 0.04
  416 N   -2 -1  7  1 -3  0 -1 -1  1 -4 -4  0 -3 -3 -3  0 -1 -4 -2 -3    0   0  96   0   0   0   0   0   2   0   0   1   0   0   0   0   0   0   0   0  0.96 0.07
  417 T    0 -1  0 -1 -1 -1 -1 -2 -2 -1 -2 -1 -1 -3 -2  2  5 -3 -2 -1    0   0   1   0   0   0   0   0   0   0   0   0   0   0   0   7  92   0   0   0  0.65 0.07
  418 N   -2 -1  7  1 -3  0 -1 -1  0 -4 -4 -1 -3 -4 -3  0 -1 -4 -3 -4    0   0  99   0   0   0   1   0   0   0   0   0   0   0   0   0   0   0   0   0  1.02 0.08
  419 G    0 -3 -1 -2 -3 -2 -3  6 -3 -4 -4 -2 -3 -4 -3 -1 -2 -3 -4 -4    0   0   0   0   0   0   0 100   0   0   0   0   0   0   0   0   0   0   0   0  1.24 0.06
  420 S    1 -1  0 -1 -1 -1 -1 -1 -1 -3 -3 -1 -2 -3 -1  5  1 -3 -2 -2    0   0   1   0   0   0   0   0   0   0   0   0   0   0   0  99   0   0   0   0  0.65 0.07
  421 W   -3 -4 -5 -5 -3 -3 -4 -3 -3 -3 -2 -4 -2  0 -5 -4 -3 12  2 -4    0   0   0   0   0   0   0   0   0   0   0   0   0   0   0   0   0 100   0   0  2.89 0.11
  422 H   -2 -1  0 -2 -4  0 -1 -3  9 -4 -4 -1 -2 -2 -3 -1 -2 -3  1 -4    0   0   0   0   0   0   0   0 100   0   0   0   0   0   0   0   0   0   0   0  1.37 0.09
  423 I   -2 -4 -4 -4 -2 -3 -4 -4 -4  5  1 -3  1 -1 -3 -3 -1 -3 -2  2    0   0   0   0   0   0   0   0   0  99   0   0   0   0   0   0   0   0   0   1  0.62 0.06
  424 N   -2 -1  7  1 -3  0 -1 -1  0 -4 -4 -1 -3 -4 -3  0 -1 -4 -3 -4    0   0 100   0   0   0   0   0   0   0   0   0   0   0   0   0   0   0   0   0  1.03 0.08
  425 R   -2  6 -1 -2 -4  1 -1 -3 -1 -4 -3  2 -2 -3 -3 -1 -2 -3 -2 -3    0  99   0   0   0   0   0   0   0   0   0   0   0   0   0   1   0   0   0   0  1.00 0.07
  426 T    0 -2  0 -2 -1 -1 -1 -2 -2 -1 -2 -1 -1 -3 -2  1  6 -3 -2  0    0   0   0   0   0   0   0   0   0   0   0   0   0   0   0   0 100   0   0   0  0.73 0.07
  427 A    5 -2 -2 -2 -1 -1 -1  0 -2 -2 -2 -1 -1 -3 -1  1  0 -3 -2 -1   99   0   0   0   0   0   0   0   0   0   0   0   0   0   0   1   0   0   0   0  0.59 0.06
  428 L   -2 -3 -4 -4 -2 -3 -3 -4 -3  1  5 -3  2  0 -3 -3 -2 -2 -1  1    0   0   0   0   0   0   0   0   0   0 100   0   0   0   0   0   0   0   0   0  0.61 0.05
  429 N   -2 -1  7  1 -3  0 -1 -1  0 -4 -4 -1 -3 -4 -3  0  0 -4 -3 -3    0   0  97   0   0   0   0   0   0   0   0   0   0   0   0   2   0   0   0   0  0.99 0.07
  430 C   -1 -4 -3 -4 10 -4 -4 -3 -4 -2 -2 -4 -2 -3 -4 -1 -1 -3 -3 -1    0   0   0   0 100   0   0   0   0   0   0   0   0   0   0   0   0   0   0   0  1.76 0.09
  431 N   -2 -1  7  1 -3  0 -1 -1  0 -4 -4  0 -3 -4 -3  0 -1 -4 -3 -4    0   0  99   0   0   0   0   0   0   0   0   1   0   0   0   0   0   0   0   0  1.01 0.08
  432 D   -2 -2  1  6 -4 -1  2 -2 -2 -4 -4 -1 -4 -4 -2 -1 -1 -5 -4 -4    2   0   0  92   0   0   6   0   0   0   0   0   0   0   0   0   0   0   0   0  1.07 0.06
  433 S    1 -1  0 -1 -1 -1 -1 -1 -1 -3 -3 -1 -2 -3 -1  5  2 -3 -2 -2    0   0   0   0   0   0   0   0   0   0   0   0   0   0   0  93   7   0   0   0  0.60 0.06
  434 F   -2 -3 -4 -4 -2 -3 -3 -4 -2  1  4 -3  2  1 -3 -3 -2 -2 -1  1    0   0   0   0   0   0   0   0   1   2  94   0   0   3   0   0   0   0   1   0  0.56 0.05
  435 K   -1  0  4  0 -3  4  1 -2  3 -3 -3  1 -2 -3 -2  0 -1 -3 -1 -3    0   1  36   1   0  41   1   0  11   0   0   7   0   0   0   2   1   0   0   0  0.51 0.04
  436 T    0 -2  0 -2 -1 -1 -1 -2 -2 -1 -2 -1 -1 -3 -2  1  6 -3 -2 -1    0   0   0   0   0   0   0   0   0   0   0   0   0   0   0   1  99   0   0   0  0.71 0.07
  437 G    0 -3 -1 -2 -3 -2 -3  6 -3 -4 -4 -2 -3 -4 -3 -1 -2 -3 -4 -4    0   0   0   0   0   0   0 100   0   0   0   0   0   0   0   0   0   0   0   0  1.24 0.06
  438 F   -3 -3 -4 -4 -3 -4 -4 -4 -2 -1  0 -4 -1  7 -4 -3 -3  5  3 -1    0   0   0   0   0   0   0   0   0   0   0   0   0  91   0   0   0   9   0   0  1.04 0.07
  439 L   -2 -3 -4 -4 -2 -3 -3 -4 -3  3  4 -3  2  1 -3 -3 -1 -2 -1  1    0   0   0   0   0   0   0   0   0  26  66   0   0   5   0   0   0   0   0   4  0.44 0.03
  440 A    5 -2 -2 -2 -1 -1 -1  0 -2 -2 -2 -1 -1 -3 -1  1  0 -3 -2 -1   97   0   0   0   0   0   0   0   0   0   0   1   0   0   0   2   1   0   0   0  0.57 0.06
  441 A    5 -2 -2 -2 -1 -1 -1  1 -2 -2 -2 -1 -1 -3 -1  1  0 -3 -2 -1   90   0   0   0   0   0   0   5   0   0   0   0   0   0   0   5   0   0   0   0  0.52 0.05
  442 L   -2 -3 -4 -4 -2 -3 -3 -4 -3  1  5 -3  2  0 -3 -3 -2 -2 -1  1    0   0   0   0   0   0   0   0   0   0  99   0   0   0   0   0   0   0   0   1  0.62 0.05
  443 F   -3 -3 -4 -4 -3 -4 -4 -4 -2  0  0 -4  0  7 -4 -3 -3  0  3 -1    0   0   0   0   0   0   0   0   0   2   2   0   0  95   0   0   0   0   0   1  0.99 0.07
  444 Y   -2 -2 -3 -4 -3 -2 -3 -4  1 -2 -2 -2 -2  3 -4 -2 -2  2  8 -2    0   0   0   0   0   0   0   0   0   0   0   0   0   0   0   0   0   0 100   0  1.26 0.09
  445 V    2 -1 -1 -2 -1 -1 -1 -1  0  0 -1  0 -1 -2 -1  1  3 -3  0  1   28   2   0   0   0   0   0   0   3   0   0   4   0   0   0   1  45   0   3  12  0.23 0.03
  446 H   -2  2  2 -1 -3  0 -1 -2  8 -4 -3  0 -2 -2 -3 -1 -2 -3  1 -3    0  12  12   0   0   0   0   0  67   0   0   3   0   0   0   2   0   0   2   0  0.77 0.06
  447 K   -1  4  0 -1 -3  1  0 -2 -1 -3 -3  4 -2 -3 -2  0 -1 -3 -2 -3    0  31   4   0   0   0   1   0   0   0   0  54   0   0   0   9   0   0   0   0  0.51 0.04
  448 F   -3 -3 -4 -4 -3 -4 -4 -4 -2  0  0 -4  0  7 -4 -3 -3  0  3 -1    0   0   0   0   0   0   0   0   0   2   3   0   0  94   0   0   0   0   0   1  0.98 0.07
  449 N   -2 -1  7  1 -3  0 -1 -1  0 -4 -4 -1 -3 -4 -3  0 -1 -4 -3 -4    0   0  99   1   0   0   0   0   0   0   0   0   0   0   0   0   0   0   0   0  1.02 0.08
  450 A    3 -1  0  0 -1 -1 -1  0 -2 -2 -2 -1 -1 -3 -1  3  1 -3 -2 -1   41   0   0   3   0   0   0   1   0   0   1   0   1   0   0  52   2   0   0   0  0.39 0.04
  451 S    1 -1  0 -1 -1 -1 -1 -1 -1 -3 -3 -1 -2 -3 -1  5  1 -3 -2 -2    0   0   0   0   0   0   0   0   0   0   0   0   0   0   0  97   2   0   0   0  0.62 0.07
  452 G    0 -2 -1 -2 -3 -2 -3  6 -3 -4 -4 -2 -3 -4 -3 -1 -2 -3 -4 -4    1   1   0   0   0   0   0  99   0   0   0   0   0   0   0   0   0   0   0   0  1.21 0.06
  453 C   -1 -4 -3 -4 10 -4 -4 -3 -4 -2 -2 -4 -2 -3 -4 -1 -1 -3 -3 -1    1   0   0   0  99   0   0   1   0   0   0   0   0   0   0   0   0   0   0   0  1.72 0.09
  454 P   -1 -2 -2 -2 -3 -1 -1 -2 -2 -3 -2 -1 -2 -4  7  0 -1 -4 -3 -3    1   1   0   0   0   1   1   0   0   0   4   0   0   0  84   6   2   0   0   0  1.70 0.06
  455 E   -1 -1 -1  1 -4  2  6 -2  0 -4 -3  0 -2 -4 -2  0 -1 -3 -3 -3    0   0   0   1   0   3  93   1   0   0   0   0   0   0   0   1   0   0   0   0  0.87 0.06
  456 H   -2  6 -1 -2 -4  1 -1 -3  0 -4 -3  2 -2 -3 -3 -1 -2 -3 -2 -3    0  98   0   0   0   0   0   0   1   0   0   0   0   0   0   0   0   0   0   1  0.99 0.07
  457 M   -2 -2 -3 -4 -2 -1 -3 -3 -2  1  3 -2  7  0 -3 -2 -1 -2 -2  0    0   0   0   0   0   0   0   0   0   0  20   0  80   0   0   0   0   0   0   0  0.64 0.07
  458 A    5 -2 -2 -2 -1 -1 -1  0 -2 -2 -2 -1 -1 -3 -1  1  0 -3 -2 -1   95   0   1   0   0   0   0   0   0   0   0   0   0   0   0   3   1   0   0   0  0.55 0.06
  459 S    1 -1  0 -1 -1  0  0  0  1 -3 -3  0 -2 -3 -1  5  1 -3 -2 -2    0   2   0   0   0   1   0   1   3   0   0   1   0   0   0  90   1   0   0   0  0.54 0.06
  460 C   -1 -4 -3 -4 10 -4 -4 -3 -4 -2 -2 -4 -2 -3 -4 -1 -1 -3 -3 -1    0   0   0   0 100   0   0   0   0   0   0   0   0   0   0   0   0   0   0   0  1.76 0.09
  461 R   -2  6 -1 -2 -4  1  0 -3  1 -3 -2  2 -2 -3 -3 -1 -2 -3 -2 -3    0  92   0   0   0   2   0   0   3   0   2   1   0   0   0   2   0   0   0   0  0.88 0.06
  462 P   -1 -2 -1 -2 -3 -1 -1 -2 -2 -3 -3 -1 -3 -3  7  2  0 -4 -3 -3    0   1   0   0   0   0   0   0   0   0   0   0   0   1  69  26   3   0   0   0  1.37 0.06
  463 I   -2 -3 -4 -4 -2 -3 -4 -4 -4  5  2 -3  1  0 -3 -3 -1 -3 -2  2    0   0   0   0   0   0   0   0   0  93   5   0   0   0   0   0   0   0   0   1  0.58 0.06
  464 D   -1 -2  1  6 -4 -1  1  0 -1 -3 -4 -1 -3 -4 -2  0  0 -4 -3 -3    2   1   3  80   0   0   2   4   0   0   0   0   0   0   0   5   3   0   0   0  0.84 0.05
  465 K   -1  1  0  1 -3  2  3 -2 -1 -3 -3  3 -2 -3 -1  0  1 -1 -2 -2    3   3   1   6   0   7  25   1   0   0   0  42   0   0   0   3   9   1   0   0  0.36 0.03
  466 F   -3 -3 -4 -4 -3 -4 -4 -4 -2 -1  0 -4  0  7 -4 -3 -3  1  3 -1    0   0   0   0   0   0   0   0   0   0   0   0   0 100   0   0   0   0   0   0  1.08 0.07
  467 D    3 -2  0  4 -2 -1  0 -1 -2 -2 -2 -1 -2 -3 -1  1  0 -4 -3 -1   51   0   1  39   0   0   1   0   0   0   0   1   0   0   0   3   2   0   0   2  0.40 0.04
  468 Q   -1  1 -1 -1 -4  7  1 -2  0 -3 -3  1 -1 -4 -2 -1 -1 -3 -2 -3    0   0   0   0   0 100   0   0   0   0   0   0   0   0   0   0   0   0   0   0  0.97 0.08
  469 G    0 -3 -1 -2 -3 -2 -3  6 -3 -4 -4 -2 -3 -4 -3 -1 -2 -3 -4 -4    0   0   0   0   0   0   0 100   0   0   0   0   0   0   0   0   0   0   0   0  1.24 0.06
  470 W   -3 -3 -5 -5 -3 -3 -4 -3 -3 -3 -2 -4 -2  0 -5 -4 -3 12  2 -4    0   0   0   0   0   0   0   0   0   0   0   0   0   0   0   0   0  99   0   0  2.84 0.11
  471 G    0 -3 -1 -2 -3 -2 -3  6 -3 -4 -4 -2 -3 -4 -3 -1 -2 -3 -4 -4    0   0   0   0   0   0   0 100   0   0   0   0   0   0   0   0   0   0   0   0  1.24 0.06
  472 P   -1 -3 -2 -2 -3 -2 -2 -3 -2 -3 -3 -2 -3 -4  8 -1 -1 -4 -3 -3    0   0   0   0   0   0   0   0   0   0   0   0   0   0  96   3   0   0   0   0  2.13 0.08
  473 V   -2 -4 -4 -4 -2 -3 -4 -4 -4  5  1 -3  1 -1 -3 -3 -1 -3 -2  2    0   0   0   0   0   0   0   0   0  97   1   0   0   0   0   0   0   0   0   2  0.60 0.06
  474 T    0 -1  0 -1 -1 -1 -1 -2 -2 -1 -2 -1 -1 -3 -2  1  6 -3 -2 -1    0   1   0   0   0   0   0   0   0   0   0   0   0   0   0   5  94   0   0   0  0.66 0.07
  475 Y   -2 -2 -2 -3 -3 -2 -2 -4  4 -2 -2 -2 -2  2 -3 -2 -2  1  7 -2    0   0   0   0   0   0   0   0  13   0   0   0   0   0   0   0   0   0  86   0  1.08 0.08
  476 A    3 -2  0  0 -1 -1 -1  0 -2 -1 -2 -1 -1 -2 -1  1  2 -3 -2  0   56   0   4   6   0   0   0   3   0   0   0   0   0   0   0   2  19   0   0   8  0.26 0.03
  477 E   -1  0  0  1 -3  1  4  1 -1 -3 -3  1 -1 -3 -2  0 -1 -3 -2 -2    1   3   4   4   0   1  54  12   0   0   0  11   1   0   0   2   2   0   0   4  0.39 0.03
  478 P    0 -1 -1 -1 -3  0 -1  0  1 -3 -3 -1 -2 -3  6  1  0 -4 -2 -2    3   4   0   1   0   4   1   6   5   0   1   0   0   0  56  16   2   0   0   1  0.97 0.04
  479 S    0  2  2  1 -1  0  0  1  2 -3 -3  0 -2 -3  2  1  0 -3 -2 -2    3  17  12  11   2   3   1  14  10   0   1   1   0   0  10  13   2   0   0   1  0.23 0.01
  480 I    0 -1  2  2 -2 -1  0  2 -1 -1 -2 -1 -2 -3  0  2  0 -3 -2 -1    2   3  10  17   0   0   0  19   0   6   0   0   0   0   3  36   2   0   0   2  0.25 0.02
  481 S    0 -1 -1 -2 -2  0 -1 -2 -2 -1  1 -1  0 -2  3  2  0 -2 -2 -1    1   1   0   0   0   5   0   0   0   0  31   0   1   0  16  43   1   0   0   1  0.26 0.03
  482 E   -2 -2  1  7 -4 -1  1 -2 -1 -4 -4 -1 -4 -4 -2 -1 -2 -5 -4 -4    0   0   0  97   0   0   2   1   0   0   0   0   0   0   0   0   0   0   0   0  1.14 0.07
  483 Q   -1  1  0 -1 -4  7  1 -2  1 -3 -3  1 -1 -4 -2 -1 -1 -3 -2 -3    0   0   0   0   0  98   0   0   2   0   0   0   0   0   0   0   0   0   0   0  0.95 0.08
  484 R   -2  6 -1 -2 -4  1  0 -3 -1 -4 -3  2 -2 -3 -3 -1 -2 -3 -2 -3    0  91   0   0   0   0   0   0   0   0   0   9   0   0   0   0   0   0   0   0  0.93 0.06
  485 P   -1 -3 -3 -2 -3 -2 -2 -3 -3 -3 -3 -2 -3 -4  8 -1 -2 -4 -4 -3    0   0   0   0   0   0   0   0   0   0   1   0   0   0  99   0   0   0   0   0  2.20 0.08
  486 Y   -2 -2 -3 -4 -3 -2 -3 -4  1 -2 -2 -2 -2  3 -4 -2 -2  2  8 -2    0   0   0   0   0   0   0   0   0   0   0   0   0   0   0   0   0   0 100   0  1.27 0.09
  487 C   -1 -4 -3 -4 10 -4 -4 -3 -4 -2 -2 -4 -2 -3 -4 -1 -1 -3 -3 -1    0   0   0   0 100   0   0   0   0   0   0   0   0   0   0   0   0   0   0   0  1.76 0.09
  488 W   -3 -3 -5 -5 -3 -3 -4 -3 -3 -3 -2 -4 -2  0 -5 -3 -3 12  2 -4    0   0   0   0   0   0   0   0   0   0   0   0   0   0   0   1   0  99   0   0  2.86 0.11
  489 H   -2 -1  0 -2 -4  0 -1 -3  9 -4 -4 -1 -2 -2 -3 -1 -2 -3  1 -4    0   0   0   0   0   0   0   0  99   0   0   0   0   0   0   1   0   0   0   0  1.35 0.09
  490 Y   -2 -2 -3 -4 -3 -2 -3 -4  1 -2 -2 -2 -2  3 -4 -2 -2  2  8 -2    0   0   0   0   0   0   0   0   0   0   0   0   0   0   0   0   0   0 100   0  1.27 0.09
  491 A    5 -2 -2 -2 -1 -1 -1  0 -2 -2 -2 -1 -1 -3  2  1  0 -3 -2 -1   91   0   0   0   0   0   0   0   0   0   0   0   0   0   9   0   0   0   0   0  0.55 0.06
  492 P   -1 -3 -3 -2 -3 -2 -2 -3 -3 -3 -3 -2 -3 -4  8 -1 -1 -4 -4 -3    0   0   0   0   0   0   0   0   0   0   1   0   0   0  99   0   0   0   0   0  2.20 0.08
  493 R   -1  5  0 -1 -4  4  1 -2  0 -3 -3  2 -1 -3 -1 -1 -1 -3 -2 -3    0  53   0   0   0  32   2   0   0   0   0  11   0   0   2   1   0   0   0   0  0.63 0.05
  494 P   -1 -1 -2 -2 -3  1 -1 -3 -2 -3 -3 -1 -3 -4  8 -1 -1 -4 -3 -3    0   3   0   0   0  11   0   0   0   0   0   2   0   0  84   0   0   0   0   0  1.74 0.07
  495 C   -1 -4 -3 -4 10 -4 -4 -3 -4 -2 -2 -4 -2 -3 -4 -1 -1 -3 -3 -1    0   0   0   0 100   0   0   0   0   0   0   0   0   0   0   0   0   0   0   0  1.76 0.09
  496 G    0 -3 -1 -1 -3 -2 -2  6 -2 -4 -4 -2 -3 -4 -3  0 -2 -3 -3 -3    0   0   0   1   0   0   0  96   0   0   0   0   0   0   0   1   1   0   0   0  1.15 0.06
  497 T   -1 -3 -3 -3 -2 -3 -3 -4 -4  5  1 -3  1 -1 -3 -2  1 -3 -2  2    0   0   0   0   0   0   0   0   0  84   1   0   0   0   0   0   9   0   0   6  0.47 0.05
  498 I   -1 -3 -3 -3 -1 -3 -2 -4 -4  3  1 -3  0 -1 -3 -2  0 -3 -2  5    0   0   0   0   0   0   2   0   0  13   0   0   0   0   0   0   1   0   0  84  0.46 0.05
  499 P   -1 -2 -2 -2 -3 -2 -2 -3 -3 -3 -3 -1 -3 -4  8 -1 -2 -4 -4 -3    0   0   0   0   0   0   0   0   0   0   0   1   0   0  97   2   0   0   0   0  2.14 0.08
  500 A    5 -2 -2 -2 -1 -1 -1  0 -2 -2 -2 -1 -1 -3 -1  1  0 -3 -2 -1   99   0   0   0   0   0   0   0   0   0   0   0   0   0   0   0   1   0   0   0  0.58 0.06
  501 S    2 -1  0 -1 -1  0 -1 -1 -1 -2 -1  0 -1 -3 -1  4  1 -3 -2 -2   17   2   0   0   0   0   0   0   0   0   6   2   0   0   0  71   0   0   0   0  0.38 0.05
  502 E   -1  1  0  0 -3  5  3 -2  0 -3 -3  1 -1 -4 -2  0  0 -3 -2 -3    0   1   1   1   0  61  22   2   0   0   0   5   0   0   0   3   4   0   0   0  0.59 0.05
  503 V   -1 -3 -3 -4 -1 -3 -3 -4 -4  2  0 -3  0 -1 -3 -2  0 -3 -2  5    0   0   0   0   0   0   0   0   0   0   0   0   0   0   0   0   0   0   0 100  0.56 0.06
  504 C   -1 -4 -3 -4 10 -4 -4 -3 -4 -2 -2 -4 -2 -3 -4 -1 -1 -3 -3 -1    0   0   0   0 100   0   0   0   0   0   0   0   0   0   0   0   0   0   0   0  1.76 0.09
  505 G    0 -3 -1 -2 -3 -2 -3  6 -3 -4 -4 -2 -3 -4 -3 -1 -2 -3 -4 -4    0   0   0   0   0   0   0 100   0   0   0   0   0   0   0   0   0   0   0   0  1.24 0.06
  506 P   -1 -3 -3 -2 -3 -2 -2 -3 -3 -3 -4 -2 -3 -4  8 -1 -2 -4 -4 -3    0   0   0   0   0   0   0   0   0   0   0   0   0   0 100   0   0   0   0   0  2.25 0.08
  507 V   -1 -3 -3 -4 -1 -3 -3 -4 -4  2  0 -3  0 -1 -3 -2  0 -3 -2  5    0   0   0   0   0   0   0   0   0   0   0   0   0   0   0   0   0   0   0 100  0.56 0.06
  508 Y   -2 -2 -3 -4 -3 -2 -3 -4  1 -2 -2 -2 -2  3 -4 -2 -2  2  8 -2    0   0   0   0   0   0   0   0   0   0   0   0   0   0   0   0   0   0 100   0  1.26 0.09
  509 C   -1 -4 -3 -4 10 -4 -4 -3 -4 -2 -2 -4 -2 -3 -4 -1 -1 -3 -3 -1    0   0   0   0 100   0   0   0   0   0   0   0   0   0   0   0   0   0   0   0  1.76 0.09
  510 F   -3 -3 -4 -4 -3 -4 -4 -4 -2 -1  0 -4  0  7 -4 -3 -3  1  3 -1    0   0   0   0   0   0   0   0   0   0   0   0   0 100   0   0   0   0   0   0  1.08 0.07
  511 T    0 -2  0 -2 -1 -1 -1 -2 -2 -1 -2 -1 -1 -3 -2  1  6 -3 -2  0    0   0   0   0   0   0   0   0   0   0   0   0   0   0   0   0 100   0   0   0  0.73 0.07
  512 P   -1 -3 -3 -2 -3 -2 -2 -3 -3 -3 -4 -2 -3 -4  8 -1 -2 -4 -4 -3    0   0   0   0   0   0   0   0   0   0   0   0   0   0 100   0   0   0   0   0  2.25 0.08
  513 S    1 -1  0 -1 -1 -1 -1 -1 -1 -3 -3 -1 -2 -3 -1  5  1 -3 -2 -2    0   0   0   0   0   0   0   0   0   0   0   0   0   0   0 100   0   0   0   0  0.65 0.07
  514 P   -1 -3 -3 -2 -3 -2 -2 -3 -3 -3 -4 -2 -3 -4  8 -1 -2 -4 -4 -3    0   0   0   0   0   0   0   0   0   0   0   0   0   0 100   0   0   0   0   0  2.25 0.08
  515 V   -1 -3 -3 -4 -1 -3 -3 -4 -4  2  0 -3  0 -1 -3 -2  0 -3 -2  5    0   0   0   0   0   0   0   0   0   1   0   0   0   0   0   0   0   0   0  99  0.55 0.06
  516 V    0 -3 -3 -4 -1 -3 -3 -3 -4  2  0 -3  0 -1 -3 -2  0 -3 -2  5    1   0   0   0   0   0   0   1   0   0   0   0   0   0   0   0   0   0   0  98  0.52 0.06
  517 V   -1 -3 -3 -4 -1 -3 -3 -3 -4  2  0 -3  0 -1 -3 -2  0 -3 -2  5    0   0   0   0   0   0   0   1   0   0   0   0   0   0   0   0   0   0   0  99  0.53 0.06
  518 G    0 -3 -1 -2 -3 -2 -3  6 -3 -4 -4 -2 -3 -4 -3 -1 -2 -1 -3 -4    0   0   0   0   0   0   0  99   0   0   0   0   0   0   0   0   0   1   0   0  1.22 0.06
  519 T    0 -2  0 -2 -1 -1 -1 -2 -2 -1 -2 -1 -1 -3 -2  1  6 -3 -2  0    0   0   0   0   0   0   0   0   0   0   0   0   0   0   0   0 100   0   0   0  0.72 0.07
  520 T    0 -2  0 -2 -1 -1 -1 -2 -2 -1 -2 -1 -1 -3 -1  1  6 -3 -2  0    0   0   0   0   0   0   0   0   0   0   0   0   0   0   0   1  99   0   0   0  0.71 0.07
  521 D   -2 -2  1  7 -4 -1  1 -2 -2 -3 -4 -1 -4 -4 -2 -1 -2 -5 -4 -4    0   0   1  99   0   0   0   0   0   1   0   0   0   0   0   0   0   0   0   0  1.16 0.07
  522 R   -2  6 -1 -2 -4  1  0 -3  1 -4 -3  2 -2 -3 -3 -1 -2 -3 -2 -3    0  91   0   0   0   1   0   0   4   0   0   2   0   0   0   0   0   0   0   0  0.89 0.06
  523 F   -2 -3 -4 -4 -3 -3 -4 -4 -2  0  1 -3  0  7 -4 -3 -2  0  3 -1    0   0   0   0   0   0   0   0   0   0  14   0   0  85   0   0   0   0   1   0  0.79 0.05

                      K         Lambda
Standard Ungapped    0.1366     0.3215
Standard Gapped      0.0504     0.2670
PSI Ungapped         0.1659     0.3157
PSI Gapped           0.0504     0.2670
