
Last position-specific scoring matrix computed, weighted observed percentages rounded down, information per position, and relative weight of gapless real matches to pseudocounts
           A  R  N  D  C  Q  E  G  H  I  L  K  M  F  P  S  T  W  Y  V   A   R   N   D   C   Q   E   G   H   I   L   K   M   F   P   S   T   W   Y   V
    1 M   -2 -2 -3 -4 -2 -1 -3 -3 -2  1  2 -2  8 -1 -3 -2 -1 -2 -2  0    0   0   0   0   0   0   0   0   0   0   0   0 100   0   0   0   0   0   0   0  0.80 0.09
    2 S    1 -1  0 -1 -1 -1 -1 -1 -1 -3 -3 -1 -2 -3 -1  5  1 -3 -2 -2    0   0   0   0   0   0   0   1   0   0   0   0   0   0   0  99   0   0   0   0  0.64 0.06
    3 T    0 -2  0 -2 -1 -1 -1 -2 -2 -1 -2 -1 -1 -3 -2  1  6 -3 -2  0    0   0   0   0   0   0   0   0   0   0   0   0   0   0   0   0 100   0   0   0  0.71 0.07
    4 N   -2 -1  7  1 -3  0 -1 -1  0 -3 -4 -1 -3 -4 -3  0  0 -4 -3 -3    0   0  99   0   0   0   0   0   0   1   0   0   0   0   0   0   0   0   0   0  0.98 0.07
    5 P   -1 -3 -3 -2 -3 -2 -2 -2 -3 -3 -3 -2 -3 -4  8 -1 -2 -4 -4 -3    0   0   0   0   0   0   0   0   0   0   0   0   0   0 100   0   0   0   0   0  2.22 0.08
    6 K   -1  2 -1 -1 -4  1  0 -2 -1 -3 -3  6 -2 -4 -1 -1 -1 -4 -2 -3    0   0   0   0   0   0   0   0   0   0   0 100   0   0   0   0   0   0   0   0  0.74 0.06
    7 P   -1 -3 -3 -2 -3 -2 -2 -3 -3 -3 -3 -2 -3 -4  8 -1 -2 -4 -4 -3    0   0   0   0   0   0   0   0   0   0   0   0   0   0 100   0   0   0   0   0  2.24 0.08
    8 Q   -1  1  0 -1 -4  7  1 -2  0 -3 -3  1 -1 -4 -2 -1 -1 -3 -2 -3    0   0   0   0   0 100   0   0   0   0   0   0   0   0   0   0   0   0   0   0  0.95 0.08
    9 R   -2  6 -1 -2 -4  1 -1 -3 -1 -4 -3  2 -2 -3 -3 -1 -2 -3 -2 -3    0 100   0   0   0   0   0   0   0   0   0   0   0   0   0   0   0   0   0   0  1.01 0.07
   10 K   -1  2 -1 -1 -4  1  0 -2 -1 -3 -3  6 -2 -4 -1 -1 -1 -4 -2 -3    0   0   0   0   0   1   0   0   0   0   0  98   0   0   0   0   0   0   0   0  0.72 0.06
   11 T    0 -2  0 -2 -1 -1 -1 -2 -2 -1 -2 -1 -1 -3 -2  1  6 -3 -2  0    0   0   0   0   0   0   0   0   0   1   0   0   0   0   0   0  99   0   0   0  0.70 0.07
   12 K   -1  2  0 -1 -4  1  0 -2 -1 -3 -3  6 -2 -4 -1 -1 -1 -3 -2 -3    0   0   2   0   0   0   0   0   0   0   0  97   0   0   0   0   0   0   0   0  0.70 0.06
   13 R   -2  6 -1 -2 -4  1 -1 -3  0 -4 -3  2 -2 -3 -3 -1 -2 -3 -2 -3    0  99   0   0   0   0   0   0   1   0   0   0   0   0   0   0   0   0   0   0  0.99 0.07
   14 N   -2 -1  7  1 -3  0 -1 -1  0 -4 -4 -1 -3 -4 -3  0  0 -4 -3 -3    0   0  99   0   0   0   0   0   0   0   0   0   0   0   0   0   1   0   0   0  0.99 0.07
   15 T    0 -2  0 -2 -1 -1 -1 -2 -2 -1 -2 -1 -1 -3 -2  1  6 -3 -2  0    0   0   0   0   0   0   0   0   0   2   0   0   0   0   0   0  98   0   0   0  0.68 0.07
   16 N   -2 -1  7  1 -3  0 -1 -1  0 -4 -4 -1 -3 -3 -3  0  0 -4 -1 -3    0   0  96   0   0   0   0   0   0   0   0   0   0   0   0   0   1   0   2   0  0.93 0.07
   17 R   -2  6 -1 -2 -4  1 -1 -3 -1 -4 -3  2 -2 -3 -3 -1 -2 -3 -2 -3    0 100   0   0   0   0   0   0   0   0   0   0   0   0   0   0   0   0   0   0  1.01 0.07
   18 R   -2  7 -1 -2 -4  1 -1 -3 -1 -4 -3  2 -2 -3 -3 -1 -2 -3 -2 -3    0 100   0   0   0   0   0   0   0   0   0   0   0   0   0   0   0   0   0   0  1.02 0.07
   19 P   -1 -3 -3 -2 -3 -2 -2 -3 -3 -3 -4 -2 -3 -4  8 -1 -2 -4 -4 -3    0   0   0   0   0   0   0   0   0   0   0   0   0   0 100   0   0   0   0   0  2.24 0.08
   20 Q   -1  1  0 -1 -4  7  1 -2  0 -3 -3  1 -1 -4 -2 -1 -1 -3 -2 -3    0   0   0   0   0 100   0   0   0   0   0   0   0   0   0   0   0   0   0   0  0.96 0.08
   21 D   -2 -2  1  7 -4 -1  1 -2 -2 -4 -4 -1 -4 -4 -2 -1 -2 -5 -4 -4    0   0   0 100   0   0   0   0   0   0   0   0   0   0   0   0   0   0   0   0  1.17 0.07
   22 V   -1 -3 -3 -4 -1 -3 -3 -4 -4  2  0 -3  0 -1 -3 -2  0 -3 -2  5    0   0   0   0   0   0   0   0   0   1   0   0   0   0   0   0   0   0   0  99  0.55 0.06
   23 K   -1  2 -1 -1 -4  1  0 -2 -1 -3 -3  6 -2 -4 -1 -1 -1 -4 -2 -3    0   0   0   0   0   0   0   0   0   0   0 100   0   0   0   0   0   0   0   0  0.75 0.07
   24 F   -3 -3 -4 -4 -3 -4 -4 -4 -2 -1  0 -4  0  7 -4 -3 -3  1  3 -1    0   0   0   0   0   0   0   0   0   0   0   0   0 100   0   0   0   0   0   0  1.07 0.07
   25 P   -1 -3 -3 -2 -3 -2 -2 -3 -3 -3 -4 -2 -3 -4  8 -1 -2 -4 -4 -3    0   0   0   0   0   0   0   0   0   0   0   0   0   0 100   0   0   0   0   0  2.24 0.08
   26 G    0 -3 -1 -2 -3 -2 -3  6 -3 -4 -4 -2 -3 -4 -3 -1 -2 -3 -4 -4    0   0   0   0   0   0   0 100   0   0   0   0   0   0   0   0   0   0   0   0  1.23 0.06
   27 G    0 -3 -1 -2 -3 -2 -3  6 -3 -4 -4 -2 -3 -4 -3 -1 -2 -3 -4 -4    0   0   0   0   0   0   0 100   0   0   0   0   0   0   0   0   0   0   0   0  1.24 0.06
   28 G    0 -3 -1 -2 -3 -2 -3  6 -3 -4 -4 -2 -3 -4 -3 -1 -2 -3 -4 -4    0   0   0   0   0   0   0 100   0   0   0   0   0   0   0   0   0   0   0   0  1.24 0.06
   29 Q   -1  1  0 -1 -4  7  1 -2  0 -3 -3  1 -1 -4 -2 -1 -1 -3 -2 -3    0   0   0   0   0  99   0   0   0   0   0   0   0   0   0   0   0   0   0   0  0.95 0.08
   30 I   -2 -4 -4 -4 -2 -3 -4 -4 -4  5  1 -3  1 -1 -3 -3 -1 -3 -2  2    0   0   0   0   0   0   0   0   0 100   0   0   0   0   0   0   0   0   0   0  0.62 0.06
   31 V   -1 -3 -3 -4 -1 -3 -3 -4 -4  2  0 -3  0 -1 -3 -2  0 -3 -2  5    0   0   0   0   0   0   0   0   0   0   0   0   0   0   0   0   0   0   0 100  0.55 0.06
   32 G    0 -3 -1 -2 -3 -2 -3  6 -3 -4 -4 -2 -3 -4 -3 -1 -2 -3 -4 -4    0   0   0   0   0   0   0 100   0   0   0   0   0   0   0   0   0   0   0   0  1.24 0.06
   33 G    0 -3 -1 -2 -3 -2 -3  6 -3 -4 -4 -2 -3 -4 -3 -1 -2 -3 -4 -4    0   0   0   0   0   0   0 100   0   0   0   0   0   0   0   0   0   0   0   0  1.24 0.06
   34 V   -1 -3 -3 -4 -1 -3 -3 -4 -4  2  0 -3  0 -1 -3 -2  0 -3 -2  5    0   0   0   0   0   0   0   0   0   0   0   0   0   1   0   0   0   0   0  99  0.54 0.06
   35 Y   -2 -2 -3 -4 -3 -2 -3 -4  2 -2 -2 -2 -2  3 -4 -2 -2  2  8 -2    0   0   0   0   0   0   0   0   1   0   0   0   0   0   0   0   0   0  99   0  1.23 0.08
   36 L   -2 -3 -4 -4 -2 -3 -3 -4 -3  1  5 -3  2  0 -3 -3 -2 -2 -1  1    0   0   0   0   0   0   0   0   0   0 100   0   0   0   0   0   0   0   0   0  0.61 0.05
   37 L   -2 -3 -4 -4 -1 -3 -3 -4 -3  1  5 -3  2  1 -3 -3 -2 -2 -1  1    0   0   0   0   0   0   0   0   0   0  97   0   0   2   0   0   0   0   0   0  0.58 0.05
   38 P   -1 -3 -3 -2 -3 -2 -2 -3 -3 -3 -3 -2 -3 -4  8 -1 -1 -4 -4 -3    0   0   0   0   0   0   0   0   0   0   0   0   0   0  99   0   1   0   0   0  2.22 0.08
   39 R   -2  7 -1 -2 -4  1 -1 -3 -1 -4 -3  2 -2 -3 -3 -1 -2 -3 -2 -3    0 100   0   0   0   0   0   0   0   0   0   0   0   0   0   0   0   0   0   0  1.02 0.07
   40 R   -2  6 -1 -2 -4  1 -1 -2 -1 -4 -3  2 -2 -3 -3 -1 -2 -3 -2 -3    0  99   0   0   0   0   0   1   0   0   0   0   0   0   0   0   0   0   0   0  0.99 0.07
   41 G    0 -3 -1 -2 -3 -2 -3  6 -3 -4 -4 -2 -3 -4 -3 -1 -2 -3 -4 -4    0   0   0   0   0   0   0  99   0   0   0   0   0   0   0   1   0   0   0   0  1.22 0.06
   42 P   -1 -3 -3 -2 -3 -2 -2 -3 -3 -3 -4 -2 -3 -4  8 -1 -2 -4 -4 -3    0   0   0   0   0   0   0   0   0   0   0   0   0   0 100   0   0   0   0   0  2.24 0.08
   43 R   -2  6 -1 -2 -4  1  0 -2 -1 -3 -3  2 -2 -3 -3 -1 -1 -3 -2 -3    0  94   0   0   0   0   0   1   0   0   0   4   0   0   0   0   2   0   0   0  0.92 0.06
   44 L   -2 -3 -4 -4 -2 -3 -3 -4 -3  1  5 -3  2  0 -3 -3 -2 -2 -1  1    0   0   0   0   0   0   0   0   0   0  99   0   1   0   0   0   0   0   0   0  0.61 0.05
   45 G    0 -3 -1 -2 -3 -2 -3  6 -3 -4 -4 -2 -3 -4 -3 -1 -2 -3 -4 -4    0   0   0   0   0   0   0 100   0   0   0   0   0   0   0   0   0   0   0   0  1.24 0.06
   46 V   -1 -3 -3 -4 -1 -3 -3 -4 -4  2  0 -3  0 -1 -3 -2  0 -3 -2  5    0   0   0   0   0   0   0   0   0   0   0   0   0   0   0   0   0   0   0 100  0.55 0.06
   47 R   -2  6 -1 -2 -3  1 -1 -3 -1 -4 -3  2 -2 -3 -3 -1 -2 -3 -2 -3    0  99   0   0   0   0   0   0   0   0   0   0   0   0   0   0   0   0   0   0  1.00 0.07
   48 A    5 -2 -2 -2 -1 -1 -1  0 -2 -2 -2 -1 -1 -3 -1  1  0 -3 -2 -1   99   0   0   0   0   0   0   0   0   0   0   0   0   0   0   0   1   0   0   0  0.57 0.06
   49 T    0 -2 -1 -2 -1 -1 -1 -2 -2 -1 -2 -1 -1 -3  0  1  6 -3 -2 -1    0   0   0   0   0   0   0   0   0   0   0   0   0   0   4   0  95   0   0   0  0.66 0.07
   50 R   -2  7 -1 -2 -4  1 -1 -3 -1 -4 -3  2 -2 -3 -3 -1 -2 -3 -2 -3    0 100   0   0   0   0   0   0   0   0   0   0   0   0   0   0   0   0   0   0  1.02 0.07
   51 K   -1  2 -1 -1 -4  1  0 -2 -1 -3 -3  6 -2 -4 -1 -1 -1 -4 -2 -3    0   0   0   0   0   0   0   0   0   0   0 100   0   0   0   0   0   0   0   0  0.75 0.07
   52 T    0 -2  0 -2 -1 -1 -1 -2 -2 -1 -2 -1 -1 -3 -2  1  6 -3 -2  0    0   0   0   0   0   0   0   0   0   0   0   0   0   0   0   0 100   0   0   0  0.72 0.07
   53 S    1 -1  0 -1 -1 -1 -1 -1 -1 -3 -3 -1 -2 -3 -1  5  1 -1 -2 -2    0   0   0   0   0   0   0   0   0   0   0   0   0   0   0  99   0   1   0   0  0.64 0.07
   54 E   -1 -1 -1  1 -4  2  6 -2 -1 -4 -3  0 -3 -4 -2 -1 -1 -3 -3 -3    0   0   0   0   0   0 100   0   0   0   0   0   0   0   0   0   0   0   0   0  0.94 0.07
   55 R   -2  7 -1 -2 -4  1 -1 -3 -1 -4 -3  2 -2 -3 -3 -1 -2 -3 -2 -3    0 100   0   0   0   0   0   0   0   0   0   0   0   0   0   0   0   0   0   0  1.02 0.07
   56 S    1 -1  0 -1 -1 -1 -1 -1 -1 -3 -3 -1 -2 -3 -1  5  1 -3 -2 -2    0   0   0   0   0   0   0   0   0   0   0   0   0   0   1  99   0   0   0   0  0.64 0.07
   57 Q   -1  1  0 -1 -4  7  2 -2  0 -3 -3  1 -1 -4 -2 -1 -1 -3 -2 -3    0   0   0   0   0  99   0   0   1   0   0   0   0   0   0   0   0   0   0   0  0.95 0.08
   58 P   -1 -3 -3 -2 -3 -2 -2 -3 -3 -3 -4 -2 -3 -4  8 -1 -2 -4 -4 -3    0   0   0   0   0   0   0   0   0   0   0   0   0   0 100   0   0   0   0   0  2.24 0.08
   59 R   -2  7 -1 -2 -4  1 -1 -3 -1 -4 -3  2 -2 -3 -3 -1 -2 -3 -2 -3    0 100   0   0   0   0   0   0   0   0   0   0   0   0   0   0   0   0   0   0  1.02 0.07
   60 G    0 -3 -1 -2 -3 -2 -2  6 -3 -4 -4 -2 -3 -4 -3 -1 -2 -3 -4 -4    0   0   0   0   0   0   0 100   0   0   0   0   0   0   0   0   0   0   0   0  1.23 0.06
   61 R   -2  7 -1 -2 -4  1 -1 -3 -1 -4 -3  2 -2 -3 -3 -1 -2 -3 -2 -3    0 100   0   0   0   0   0   0   0   0   0   0   0   0   0   0   0   0   0   0  1.02 0.07
   62 R   -2  7 -1 -2 -4  1 -1 -3 -1 -4 -3  2 -2 -3 -3 -1 -2 -3 -2 -3    0 100   0   0   0   0   0   0   0   0   0   0   0   0   0   0   0   0   0   0  1.02 0.07
   63 Q   -1  1  0 -1 -4  7  1 -2  0 -3 -3  1 -1 -4 -2 -1 -1 -3 -2 -3    0   0   0   0   0 100   0   0   0   0   0   0   0   0   0   0   0   0   0   0  0.96 0.08
   64 P   -1 -3 -3 -2 -3 -2 -2 -3 -2 -3 -4 -2 -3 -4  8 -1 -2 -4 -4 -3    0   0   0   0   0   0   0   0   0   0   0   0   0   0 100   0   0   0   0   0  2.23 0.08
   65 I   -2 -4 -4 -4 -2 -3 -4 -4 -4  5  1 -3  1 -1 -3 -3 -1 -3 -2  2    0   0   0   0   0   0   0   0   0 100   0   0   0   0   0   0   0   0   0   0  0.62 0.06
   66 P   -1 -2 -3 -2 -3 -2 -2 -3 -3 -3 -4 -2 -3 -4  8 -1 -2 -4 -4 -3    0   0   0   0   0   0   0   0   0   0   0   0   0   0 100   0   0   0   0   0  2.23 0.08
   67 K   -1  2 -1 -1 -4  1  0 -2 -1 -3 -3  6 -2 -4 -1 -1 -1 -4 -2 -3    0   1   0   0   0   0   0   0   0   0   0  99   0   0   0   0   0   0   0   0  0.74 0.07
   68 A    5 -2 -2 -2 -1 -1 -1  0 -2 -1 -2 -1 -1 -3 -1  1  0 -3 -2  0   96   0   0   1   0   0   0   0   0   0   0   0   0   0   0   0   0   0   0   3  0.54 0.06
   69 R   -2  7 -1 -2 -4  1 -1 -3 -1 -4 -3  2 -2 -3 -3 -1 -2 -3 -2 -3    0 100   0   0   0   0   0   0   0   0   0   0   0   0   0   0   0   0   0   0  1.02 0.07
   70 R   -2  5 -1 -1 -4  4  1 -3  1 -3 -3  2 -1 -3 -2 -1 -1 -3 -2 -3    0  58   0   0   0  37   0   0   3   0   0   0   0   0   1   0   0   0   0   0  0.68 0.05
   71 P   -1 -3 -2 -2 -3 -2 -2 -3 -2 -3 -3 -2 -3 -4  8 -1 -1 -4 -3 -3    0   0   0   0   0   0   0   0   1   0   1   0   0   0  95   2   0   0   0   0  2.08 0.07
   72 E   -1 -1 -1  1 -4  2  6 -3 -1 -4 -3  0 -3 -4 -2 -1 -1 -3 -3 -3    0   0   0   0   0   0 100   0   0   0   0   0   0   0   0   0   0   0   0   0  0.95 0.07
   73 G    0 -3 -1 -2 -3 -2 -3  6 -3 -4 -4 -2 -3 -4 -3 -1 -2 -3 -4 -4    0   0   0   0   0   0   0 100   0   0   0   0   0   0   0   0   0   0   0   0  1.24 0.06
   74 R   -2  6 -1 -2 -4  1 -1 -3 -1 -4 -3  2 -2 -3 -3 -1 -2 -2 -2 -3    0  99   0   0   0   0   0   0   0   0   0   1   0   0   0   0   0   0   0   0  1.00 0.07
   75 A    4 -2 -1 -2 -1 -1 -1 -1 -2 -1 -2 -1 -1 -3 -1  1  3 -3 -2  0   61   0   0   0   0   0   0   0   0   0   0   0   0   0   0   5  32   0   0   2  0.38 0.04
   76 W   -3 -3 -5 -5 -3 -3 -4 -3 -3 -3 -2 -4 -2  0 -5 -4 -3 12  2 -4    0   0   0   0   0   0   0   0   0   0   0   0   0   0   0   0   0 100   0   0  2.87 0.11
   77 A    5 -2 -2 -2 -1 -1 -1  0 -2 -2 -2 -1 -1 -3 -1  1  0 -3 -2 -1  100   0   0   0   0   0   0   0   0   0   0   0   0   0   0   0   0   0   0   0  0.59 0.06
   78 Q   -1  1  0 -1 -4  7  1 -2  0 -3 -3  1 -1 -4 -2 -1 -1 -3 -2 -3    0   0   0   0   0 100   0   0   0   0   0   0   0   0   0   0   0   0   0   0  0.96 0.08
   79 P   -1 -3 -3 -2 -3 -2 -2 -3 -3 -3 -4 -2 -3 -4  8 -1 -2 -4 -4 -3    0   0   0   0   0   0   0   0   0   0   0   0   0   0 100   0   0   0   0   0  2.24 0.08
   80 G    0 -3 -1 -2 -3 -2 -3  6 -3 -4 -4 -2 -3 -4 -3 -1 -2 -3 -4 -4    0   0   0   0   0   0   0 100   0   0   0   0   0   0   0   0   0   0   0   0  1.24 0.06
   81 Y   -2 -2 -3 -4 -3 -2 -3 -4  2 -2 -2 -2 -2  3 -4 -2 -2  2  8 -2    0   0   0   0   0   0   0   0   1   0   0   0   0   0   0   0   0   0  99   0  1.23 0.08
   82 P   -1 -3 -3 -2 -3 -2 -2 -3 -3 -3 -3 -2 -3 -4  8 -1 -2 -4 -4 -3    0   0   0   0   0   0   0   0   0   0   0   0   0   0 100   0   0   0   0   0  2.23 0.08
   83 W   -3 -3 -5 -5 -3 -3 -4 -3 -3 -3 -2 -4 -2  0 -5 -4 -3 12  2 -4    0   0   0   0   0   0   0   0   0   0   0   0   0   0   0   0   0 100   0   0  2.87 0.11
   84 P   -1 -3 -3 -2 -3 -2 -2 -3 -3 -3 -4 -2 -3 -4  8 -1 -2 -4 -4 -3    0   0   0   0   0   0   0   0   0   0   0   0   0   0 100   0   0   0   0   0  2.24 0.08
   85 L   -2 -3 -4 -4 -2 -3 -3 -4 -3  1  5 -3  2  0 -3 -3 -2 -2 -1  1    0   0   0   0   0   0   0   0   0   0 100   0   0   0   0   0   0   0   0   0  0.62 0.05
   86 Y   -2 -2 -3 -4 -3 -2 -3 -4  1 -2 -2 -2 -2  3 -4 -2 -2  2  8 -2    0   0   0   0   0   0   0   0   0   0   0   0   0   1   0   0   0   0  99   0  1.24 0.08
   87 G    0 -3 -1 -2 -3 -2 -3  6 -3 -4 -4 -2 -3 -4 -3 -1 -2 -3 -4 -4    2   0   0   0   0   0   0  98   0   0   0   0   0   0   0   0   0   0   0   0  1.20 0.06
   88 N   -2 -1  7  1 -3  0 -1 -1  0 -4 -4 -1 -3 -4 -3  0  0 -4 -3 -4    0   0 100   0   0   0   0   0   0   0   0   0   0   0   0   0   0   0   0   0  1.02 0.07
   89 E   -1 -1 -1  1 -4  2  6 -3 -1 -4 -3  0 -3 -4 -2 -1 -1 -3 -3 -3    0   0   0   0   0   0 100   0   0   0   0   0   0   0   0   0   0   0   0   0  0.95 0.07
   90 G    0 -3 -1 -2 -3 -2 -3  6 -3 -4 -4 -2 -3 -4 -3 -1 -2 -3 -4 -4    0   0   0   0   0   0   0 100   0   0   0   0   0   0   0   0   0   0   0   0  1.23 0.06
   91 L   -1 -2 -3 -4  2 -1 -3 -3 -2  1  3 -2  6  0 -3 -2 -1 -2 -1  0    0   0   0   0   5   0   0   0   0   0  33   0  61   0   0   0   0   0   0   0  0.49 0.06
   92 G    0 -3 -1 -2 -3 -2 -3  6 -3 -4 -4 -2 -3 -4 -3 -1 -2 -3 -4 -4    0   0   0   0   0   0   0 100   0   0   0   0   0   0   0   0   0   0   0   0  1.24 0.06
   93 W   -3 -3 -5 -5 -3 -3 -4 -3 -3 -3 -2 -4 -2  0 -5 -4 -3 12  2 -4    0   0   0   0   0   0   0   0   0   0   0   0   0   0   0   0   0 100   0   0  2.87 0.11
   94 A    5 -2 -2 -2 -1 -1 -1  0 -2 -2 -2 -1 -1 -3 -1  1  0 -3 -2 -1   98   0   0   0   0   0   0   0   0   0   0   0   1   0   0   0   1   0   0   0  0.57 0.06
   95 G    0 -3 -1 -2 -3 -2 -2  6 -3 -4 -4 -2 -3 -4 -3 -1 -2 -3 -4 -4    0   0   0   0   0   0   0 100   0   0   0   0   0   0   0   0   0   0   0   0  1.23 0.06
   96 W   -3 -3 -5 -5 -3 -3 -4 -3 -3 -3 -2 -4 -2  0 -5 -4 -3 12  2 -4    0   0   0   0   0   0   0   0   0   0   0   0   0   0   0   0   0 100   0   0  2.87 0.11
   97 L   -2 -3 -4 -4 -2 -3 -3 -4 -3  1  5 -3  2  0 -3 -3 -2 -2 -1  1    0   0   0   0   0   0   0   0   0   0  99   0   0   1   0   0   0   0   0   0  0.61 0.05
   98 L   -2 -3 -4 -4 -2 -2 -3 -4 -3  1  5 -3  2  0 -3 -3 -2 -2 -1  1    0   0   0   0   0   0   0   0   0   0  99   0   0   0   0   0   0   0   0   0  0.60 0.05
   99 S    1 -1  0 -1 -1 -1 -1 -1 -1 -3 -3 -1 -2 -3 -1  5  1 -3 -2 -2    0   0   0   0   0   0   0   0   0   0   0   0   0   0   0 100   0   0   0   0  0.65 0.07
  100 P   -1 -3 -3 -2 -3 -2 -2 -3 -3 -3 -4 -2 -3 -4  8 -1 -2 -4 -4 -3    0   0   0   0   0   0   0   0   0   0   0   0   0   0 100   0   0   0   0   0  2.24 0.08
  101 R   -2  6 -1 -2 -4  1 -1 -3  0 -4 -3  2 -2 -3 -3 -1 -2 -3 -2 -3    0  97   0   0   0   0   0   0   2   0   0   0   0   0   0   0   0   0   1   0  0.97 0.07
  102 G    0 -3 -1 -2 -3 -2 -3  6 -3 -4 -4 -2 -3 -4 -3 -1 -2 -3 -4 -4    0   0   0   0   0   0   0 100   0   0   0   0   0   0   0   0   0   0   0   0  1.24 0.06
  103 S    1 -1  0 -1 -1 -1 -1 -1 -1 -3 -3 -1 -2 -3 -1  5  1 -3 -2 -2    0   0   0   0   0   0   0   0   0   0   0   0   0   0   0 100   0   0   0   0  0.65 0.07
  104 R   -2  6 -1 -2 -4  1 -1 -3 -1 -4 -3  2 -2 -3 -3 -1 -2 -3 -2 -3    0 100   0   0   0   0   0   0   0   0   0   0   0   0   0   0   0   0   0   0  1.01 0.07
  105 P   -1 -3 -3 -2 -3 -2 -2 -3 -3 -3 -4 -2 -3 -4  8 -1 -2 -4 -4 -3    0   0   0   0   0   0   0   0   0   0   0   0   0   0  99   1   0   0   0   0  2.22 0.08
  106 S    1 -1  1 -1 -1  0 -1 -1 -1 -3 -3 -1 -2 -3 -1  5  1 -3 -2 -2    0   1   7   0   0   0   0   0   0   0   0   0   0   0   0  93   0   0   0   0  0.59 0.06
  107 W   -3 -3 -5 -5 -3 -3 -4 -3 -3 -3 -2 -4 -2  0 -5 -4 -3 12  2 -4    0   0   0   0   0   0   0   0   0   0   0   0   0   0   0   0   0 100   0   0  2.87 0.11
  108 G    0 -3 -1 -2 -3 -2 -3  6 -3 -4 -4 -2 -3 -4 -3 -1 -2 -3 -4 -4    0   0   0   0   0   0   0 100   0   0   0   0   0   0   0   0   0   0   0   0  1.24 0.06
  109 P   -1 -3 -2 -2 -3 -2 -2 -3 -3 -3 -3 -2 -3 -4  8 -1 -2 -4 -4 -3    0   0   0   0   0   0   0   0   0   0   0   0   0   0  97   2   0   0   0   0  2.15 0.08
  110 T    0 -1  2 -1 -1 -1 -1 -1 -2 -1 -2 -1 -1 -3 -2  2  5 -3 -2 -1    0   0  12   0   0   0   0   1   0   0   0   0   0   0   0  10  76   0   0   0  0.52 0.05
  111 D   -2 -2  1  7 -4 -1  1 -2 -2 -4 -4 -1 -4 -4 -2 -1 -2 -5 -4 -4    0   0   0 100   0   0   0   0   0   0   0   0   0   0   0   0   0   0   0   0  1.18 0.07
  112 P   -1 -3 -3 -2 -3 -2 -2 -3 -3 -3 -4 -2 -3 -4  8 -1 -2 -4 -4 -3    0   0   0   0   0   0   0   0   0   0   0   0   0   0 100   0   0   0   0   0  2.23 0.08
  113 R   -2  7 -1 -2 -4  1 -1 -3 -1 -4 -3  2 -2 -3 -3 -1 -2 -3 -2 -3    0 100   0   0   0   0   0   0   0   0   0   0   0   0   0   0   0   0   0   0  1.02 0.07
  114 R   -2  6 -1 -2 -4  1 -1 -3  0 -4 -3  2 -2 -3 -3 -1 -2 -3 -2 -3    0  99   0   0   0   0   0   0   1   0   0   0   0   0   0   0   0   0   0   0  1.00 0.07
  115 R   -2  6 -1 -2 -4  1 -1 -3 -1 -4 -3  2 -2 -3 -3 -1 -2 -3 -2 -3    0  98   0   0   0   0   0   0   0   0   0   2   0   0   0   0   0   0   0   0  1.00 0.07
  116 S    1 -1  0 -1 -1 -1 -1 -1 -1 -3 -3 -1 -2 -3 -1  5  1 -3 -2 -2    0   0   0   0   0   0   0   0   0   0   0   0   0   0   0 100   0   0   0   0  0.65 0.07
  117 R   -2  7 -1 -2 -4  1 -1 -3 -1 -4 -3  2 -2 -3 -3 -1 -2 -3 -2 -3    0 100   0   0   0   0   0   0   0   0   0   0   0   0   0   0   0   0   0   0  1.02 0.07
  118 N   -2 -1  7  1 -3  0 -1 -1  0 -4 -4 -1 -3 -4 -3  0  0 -4 -3 -4    0   0 100   0   0   0   0   0   0   0   0   0   0   0   0   0   0   0   0   0  1.02 0.07
  119 L   -2 -3 -4 -4 -2 -3 -3 -4 -3  1  5 -3  2  0 -3 -3 -2 -2 -1  1    0   0   0   0   0   0   0   0   0   0  99   0   0   0   0   0   0   0   0   1  0.61 0.05
  120 G    0 -3 -1 -2 -3 -2 -3  6 -3 -4 -4 -2 -3 -4 -3 -1 -2 -3 -4 -4    0   0   0   0   0   0   0 100   0   0   0   0   0   0   0   0   0   0   0   0  1.24 0.06
  121 K   -1  2 -1 -1 -4  1  0 -2 -1 -3 -3  6 -2 -4 -1 -1 -1 -4 -2 -3    0   0   0   0   0   0   0   0   0   0   0 100   0   0   0   0   0   0   0   0  0.75 0.07
  122 V   -1 -3 -3 -4 -1 -3 -3 -4 -4  2  0 -3  0 -1 -3 -2  0 -3 -2  5    0   0   0   0   0   0   0   0   0   0   0   0   0   0   0   0   0   0   0 100  0.55 0.06
  123 I   -2 -4 -4 -4 -2 -3 -4 -4 -4  5  1 -3  1 -1 -3 -3 -1 -3 -2  2    0   0   0   0   0   0   0   0   0 100   0   0   0   0   0   0   0   0   0   0  0.62 0.06
  124 D   -2 -2  1  7 -4 -1  1 -2 -2 -4 -4 -1 -4 -4 -2 -1 -2 -5 -4 -4    0   0   0 100   0   0   0   0   0   0   0   0   0   0   0   0   0   0   0   0  1.18 0.07
  125 T    0 -2  0 -2 -1 -1 -1 -2 -2 -1 -2 -1 -1 -3 -2  1  6 -3 -2  0    0   0   0   0   0   0   0   0   0   0   0   0   0   0   0   0 100   0   0   0  0.72 0.07
  126 L   -2 -3 -4 -4 -2 -3 -3 -4 -3  1  5 -3  2  0 -3 -3 -2 -2 -1  1    0   0   0   0   0   0   0   0   0   0 100   0   0   0   0   0   0   0   0   0  0.61 0.05
  127 T    0 -2  0 -2 -1 -1 -1 -2 -2 -1 -2 -1 -1 -3 -2  1  6 -3 -2  0    0   0   0   0   0   0   0   0   0   0   0   0   0   0   0   0 100   0   0   0  0.72 0.07
  128 C   -1 -4 -3 -4 10 -4 -4 -3 -4 -2 -2 -4 -2 -3 -4 -1 -1 -3 -3 -1    0   0   0   0 100   0   0   0   0   0   0   0   0   0   0   0   0   0   0   0  1.74 0.09
  129 G    0 -3 -1 -2 -3 -2 -3  6 -3 -4 -4 -2 -3 -4 -3 -1 -2 -3 -4 -4    0   0   0   0   0   0   0 100   0   0   0   0   0   0   0   0   0   0   0   0  1.23 0.06
  130 F   -3 -3 -4 -4 -3 -4 -4 -4 -2  0  0 -4  0  7 -4 -3 -3  0  3 -1    0   0   0   0   0   0   0   0   0   0   3   0   0  96   0   0   0   0   0   0  1.01 0.07
  131 A    5 -2 -2 -2 -1 -1 -1  0 -2 -2 -2 -1 -1 -3 -1  1  0 -3 -2 -1  100   0   0   0   0   0   0   0   0   0   0   0   0   0   0   0   0   0   0   0  0.59 0.06
  132 D   -2 -2  1  7 -4 -1  1 -2 -2 -4 -4 -1 -4 -4 -2 -1 -2 -5 -4 -4    0   0   0 100   0   0   0   0   0   0   0   0   0   0   0   0   0   0   0   0  1.18 0.07
  133 L   -2 -3 -4 -4 -2 -3 -3 -4 -3  1  5 -3  2  0 -3 -3 -2 -2 -1  1    0   0   0   0   0   0   0   0   0   0  99   0   0   0   0   0   0   0   0   0  0.60 0.05
  134 M   -2 -2 -3 -4 -2 -1 -3 -3 -2  1  2 -2  8 -1 -3 -2 -1 -2 -2  0    0   0   0   0   0   0   0   0   0   0   0   0 100   0   0   0   0   0   0   0  0.81 0.09
  135 G    0 -3 -1 -2 -3 -2 -3  6 -3 -4 -4 -2 -3 -4 -3 -1 -2 -3 -4 -4    0   0   0   0   0   0   0 100   0   0   0   0   0   0   0   0   0   0   0   0  1.24 0.06
  136 Y   -2 -2 -3 -4 -3 -2 -3 -4  1 -2 -2 -2 -2  3 -4 -2 -2  2  8 -2    0   0   0   0   0   0   0   0   0   0   0   0   0   0   0   0   0   0 100   0  1.25 0.08
  137 I   -2 -4 -4 -4 -2 -3 -4 -4 -4  5  1 -3  1 -1 -3 -3 -1 -3 -2  2    0   0   0   0   0   0   0   0   0  99   0   0   0   0   0   0   0   0   0   0  0.61 0.06
  138 P   -1 -3 -3 -2 -3 -2 -2 -3 -3 -3 -4 -2 -3 -4  8 -1 -2 -4 -4 -3    0   0   0   0   0   0   0   0   0   0   0   0   0   0 100   0   0   0   0   0  2.24 0.08
  139 L   -2 -3 -4 -4 -2 -3 -3 -4 -3  1  5 -3  2  0 -3 -3 -2 -2 -1  1    0   0   0   0   0   0   0   0   0   0  99   0   0   0   0   0   0   0   0   1  0.61 0.05
  140 V   -1 -3 -3 -4 -1 -3 -3 -4 -4  2  0 -3  0 -1 -3 -2  0 -3 -2  5    0   0   0   0   0   0   0   0   0   0   0   0   0   0   0   0   0   0   0 100  0.55 0.06
  141 G    0 -3 -1 -2 -3 -2 -3  6 -3 -4 -4 -2 -3 -4 -3 -1 -2 -3 -4 -4    0   0   0   0   0   0   0 100   0   0   0   0   0   0   0   0   0   0   0   0  1.24 0.06
  142 A    5 -2 -2 -2 -1 -1 -1  0 -2 -2 -2 -1 -1 -3 -1  1  0 -3 -2 -1   96   0   0   0   0   0   0   3   0   0   0   0   0   0   1   0   0   0   0   0  0.55 0.06
  143 P   -1 -3 -3 -2 -3 -2 -2 -3 -3 -3 -4 -2 -3 -4  8 -1 -2 -4 -4 -3    0   0   0   0   0   0   0   0   0   0   0   0   0   0 100   0   0   0   0   0  2.24 0.08
  144 L   -2 -3 -4 -4 -2 -3 -3 -4 -3  1  5 -3  2  0 -3 -3 -2 -2 -1  1    0   0   0   0   0   0   0   0   0   0 100   0   0   0   0   0   0   0   0   0  0.62 0.05
  145 G    0 -3 -1 -2 -3 -2 -3  6 -3 -4 -4 -2 -3 -4 -3 -1 -2 -3 -4 -4    0   0   0   0   0   0   0 100   0   0   0   0   0   0   0   0   0   0   0   0  1.24 0.06
  146 G    0 -3 -1 -2 -3 -2 -3  6 -3 -4 -4 -2 -3 -4 -3 -1 -2 -3 -4 -4    0   0   0   0   0   0   0 100   0   0   0   0   0   0   0   0   0   0   0   0  1.24 0.06
  147 A    4 -2 -2 -2 -1 -1 -2 -1 -2  0 -1 -1 -1 -2 -1  0  0 -3 -2  2   77   0   0   0   0   0   0   0   0   0   0   0   0   0   0   0   0   0   0  23  0.38 0.05
  148 A    5 -2 -2 -2 -1 -1 -1  0 -2 -2 -2 -1 -1 -3 -1  1  0 -3 -2 -1   99   0   0   0   0   0   0   0   0   0   0   0   0   0   0   1   0   0   0   0  0.58 0.06
  149 R   -2  6 -1 -2 -4  1 -1 -3 -1 -4 -3  2 -2 -3 -3 -1 -2 -3 -2 -3    0  99   0   0   0   0   0   0   0   0   0   1   0   0   0   0   0   0   0   0  1.01 0.07
  150 A    5 -2 -2 -2 -1 -1 -1  0 -2 -1 -2 -1 -1 -3 -1  1  0 -3 -2  0   96   0   0   0   0   0   0   0   0   0   0   0   0   0   0   0   0   0   0   4  0.54 0.06
  151 L   -2 -3 -4 -4 -2 -3 -3 -4 -3  1  5 -3  2  0 -3 -3 -2 -2 -1  1    0   0   0   0   0   0   0   0   0   0 100   0   0   0   0   0   0   0   0   0  0.61 0.05
  152 A    5 -2 -2 -2 -1 -1 -1  0 -2 -2 -2 -1 -1 -3 -1  1  0 -3 -2 -1  100   0   0   0   0   0   0   0   0   0   0   0   0   0   0   0   0   0   0   0  0.59 0.06
  153 H   -2 -1  0 -2 -4  0 -1 -3  9 -4 -3 -1 -2 -2 -3 -1 -2 -3  1 -4    0   0   0   0   0   0   0   0 100   0   0   0   0   0   0   0   0   0   0   0  1.36 0.09
  154 G    0 -3 -1 -2 -3 -2 -3  6 -3 -4 -4 -2 -3 -4 -3 -1 -2 -3 -4 -4    0   0   0   0   0   0   0 100   0   0   0   0   0   0   0   0   0   0   0   0  1.24 0.06
  155 V   -1 -3 -3 -4 -1 -3 -3 -4 -4  2  0 -3  0 -1 -3 -2  0 -3 -2  5    0   0   0   0   0   0   0   0   0   0   0   0   0   0   0   0   0   0   0 100  0.55 0.06
  156 R   -2  7 -1 -2 -4  1 -1 -3 -1 -4 -3  2 -2 -3 -3 -1 -2 -3 -2 -3    0 100   0   0   0   0   0   0   0   0   0   0   0   0   0   0   0   0   0   0  1.02 0.07
  157 V    0 -3 -3 -4 -1 -3 -3 -4 -4  2  0 -3  0 -1 -3 -2  0 -3 -2  5    3   0   0   0   0   0   0   0   0   0   1   0   0   0   0   0   0   0   0  97  0.51 0.06
  158 L   -2 -3 -4 -4 -2 -3 -3 -4 -3  1  4 -3  2  0 -3 -3 -1 -2 -1  1    0   0   0   0   0   0   0   0   0   0  94   0   0   0   0   0   0   0   0   6  0.57 0.05
  159 E   -1 -1 -1  1 -4  2  6 -3 -1 -4 -3  0 -3 -4 -2 -1 -1 -3 -3 -3    0   0   0   0   0   0 100   0   0   0   0   0   0   0   0   0   0   0   0   0  0.95 0.07
  160 D   -2 -2  1  7 -4 -1  1 -2 -2 -4 -4 -1 -4 -4 -2 -1 -2 -5 -4 -3    0   0   0  99   0   0   0   0   0   0   0   0   0   0   0   0   0   0   0   1  1.16 0.07
  161 S    0 -3 -1 -2 -3 -2 -2  6 -2 -4 -4 -2 -3 -4 -3  0 -2 -3 -3 -4    0   0   0   0   0   0   0  95   0   0   0   0   0   0   0   5   0   0   0   0  1.14 0.06
  162 V   -1 -3 -3 -4 -1 -3 -3 -4 -4  2  0 -3  0 -1 -3 -2  0 -3 -2  5    0   0   0   0   0   0   0   0   0   0   0   0   0   0   0   0   0   0   0 100  0.55 0.06
  163 N   -2 -1  7  1 -3  0 -1 -1  0 -4 -4 -1 -3 -4 -3  0  0 -4 -3 -4    0   0 100   0   0   0   0   0   0   0   0   0   0   0   0   0   0   0   0   0  1.02 0.07
  164 Y   -2 -2 -3 -4 -3 -2 -3 -4  1 -2 -2 -2 -2  3 -4 -2 -2  2  8 -2    0   0   0   0   0   0   0   0   0   0   0   0   0   1   0   0   0   0  99   0  1.24 0.08
  165 A    5 -2 -2 -2 -1 -1 -1  0 -2 -2 -2 -1 -1 -3 -1  1  0 -3 -2 -1  100   0   0   0   0   0   0   0   0   0   0   0   0   0   0   0   0   0   0   0  0.59 0.06
  166 T    0 -2  0 -2 -1 -1 -1 -2 -2 -1 -2 -1 -1 -3 -2  1  6 -3 -2  0    0   0   0   0   0   0   0   0   0   0   0   0   0   0   0   0 100   0   0   0  0.72 0.07
  167 G    0 -3 -1 -2 -3 -2 -3  6 -3 -4 -4 -2 -3 -4 -3 -1 -2 -3 -4 -4    0   0   0   0   0   0   0 100   0   0   0   0   0   0   0   0   0   0   0   0  1.24 0.06
  168 N   -2 -1  7  1 -3  0 -1 -1  0 -4 -4 -1 -3 -4 -3  0  0 -4 -3 -4    0   0 100   0   0   0   0   0   0   0   0   0   0   0   0   0   0   0   0   0  1.02 0.07
  169 L   -2 -3 -4 -4 -2 -2 -3 -4 -3  1  5 -3  2  0 -3 -3 -2 -2 -1  1    0   0   0   0   0   0   0   0   0   1  96   0   3   0   0   0   0   0   0   0  0.59 0.05
  170 P   -1 -3 -3 -2 -3 -2 -2 -3 -3 -3 -3 -2 -3 -4  8 -1 -2 -4 -4 -3    1   0   0   0   0   0   0   0   0   0   0   0   0   0  99   0   0   0   0   0  2.22 0.08
  171 G    0 -3 -1 -2 -3 -2 -3  6 -3 -4 -4 -2 -3 -4 -3 -1 -2 -3 -4 -4    0   0   0   0   0   0   0 100   0   0   0   0   0   0   0   0   0   0   0   0  1.23 0.06
  172 C   -1 -4 -3 -4 10 -4 -4 -3 -4 -2 -2 -4 -2 -3 -4 -1 -1 -3 -3 -1    0   1   0   0  99   0   0   0   0   0   0   0   0   0   0   0   0   0   0   0  1.72 0.09
  173 S    1 -1  0 -1 -1 -1 -1 -1 -1 -3 -3 -1 -2 -3  0  5  1 -3 -2 -2    0   0   0   0   0   0   0   0   0   0   0   0   0   0   3  97   0   0   0   0  0.62 0.06
  174 F   -3 -3 -4 -4 -3 -4 -4 -4 -2 -1  0 -4  0  7 -4 -3 -3  1  3 -1    0   0   0   0   0   0   0   0   0   0   0   0   0 100   0   0   0   0   0   0  1.07 0.07
  175 S    1 -1  0 -1 -1 -1 -1 -1 -1 -3 -3 -1 -2 -3 -1  5  1 -3 -2 -2    0   0   0   0   0   0   0   0   0   0   0   0   0   0   0 100   0   0   0   0  0.65 0.07
  176 I   -2 -4 -4 -4 -2 -3 -4 -4 -4  5  1 -3  1 -1 -3 -3 -1 -3 -2  2    0   0   0   0   0   0   0   0   0  98   2   0   0   0   0   0   0   0   0   1  0.60 0.06
  177 F   -3 -3 -4 -4 -3 -4 -4 -4 -2 -1  0 -4  0  7 -4 -3 -3  1  3 -1    0   0   0   0   0   0   0   0   0   0   0   0   0 100   0   0   0   0   0   0  1.07 0.07
  178 L   -2 -3 -4 -4 -2 -3 -3 -4 -3  1  5 -3  2  0 -3 -3 -2 -2 -1  1    0   0   0   0   0   0   0   0   0   0  99   0   0   1   0   0   0   0   0   0  0.61 0.05
  179 L   -2 -3 -4 -4 -2 -3 -3 -4 -3  1  5 -3  2  0 -3 -3 -2 -2 -1  1    0   0   0   0   0   0   0   0   0   0  99   0   0   0   0   1   0   0   0   0  0.60 0.05
  180 A    5 -2 -2 -2 -1 -1 -1  0 -2 -2 -2 -1 -1 -3 -1  1  0 -3 -2 -1   99   0   0   0   0   0   0   0   0   0   0   0   0   0   0   0   0   0   0   0  0.58 0.06
  181 L   -2 -3 -4 -4 -2 -3 -3 -4 -3  1  5 -3  2  0 -3 -3 -2 -2 -1  1    0   0   0   0   0   0   0   0   0   0 100   0   0   0   0   0   0   0   0   0  0.62 0.05
  182 L   -2 -3 -4 -4 -2 -3 -3 -4 -3  1  5 -3  2  0 -3 -3 -2 -2 -1  1    0   0   0   0   0   0   0   0   0   0  99   0   1   0   0   0   0   0   0   0  0.61 0.05
  183 S    1 -1  0 -1 -1 -1 -1 -1 -1 -3 -3 -1 -2 -3 -1  5  1 -3 -2 -2    0   0   0   0   0   0   0   0   0   0   0   0   0   0   0  99   0   0   0   0  0.64 0.07
  184 C   -1 -4 -3 -4 10 -4 -4 -3 -4 -2 -2 -4 -2 -3 -3 -1 -1 -3 -3 -1    0   0   0   0  99   0   0   1   0   0   0   0   0   0   0   1   0   0   0   0  1.70 0.09
  185 L   -2 -3 -4 -4 -2 -3 -3 -4 -3  1  5 -3  2  0 -3 -3 -2 -2 -1  1    0   0   0   0   0   0   0   0   0   0  99   0   0   0   0   1   0   0   0   0  0.61 0.05
  186 T    0 -2  0 -2 -1 -1 -1 -2 -2 -1 -2 -1 -1 -2 -2  1  6 -3 -2  0    0   0   0   0   0   0   0   0   0   0   0   0   0   0   0   0  99   0   0   0  0.71 0.07
  187 I   -1 -3 -3 -3 -1 -3 -3 -4 -3  5  1 -3  1 -1 -3 -2  1 -3 -2  3    0   0   0   0   0   0   0   0   0  77   0   0   0   0   0   0  10   0   0  12  0.44 0.05
  188 P   -1 -3 -3 -2 -3 -2 -2 -3 -3 -3 -4 -2 -3 -4  8 -1 -2 -4 -4 -3    0   0   0   0   0   1   0   0   0   0   0   0   0   0  99   0   0   0   0   0  2.22 0.08
  189 A    4 -2 -2 -2 -1 -1 -1  0 -2 -1 -2 -1 -1 -3 -1  1  0 -3 -2  0   87   0   0   0   0   0   0   0   0   0   0   0   0   0   0   0   5   0   0   7  0.46 0.05
  190 S    1 -1  0 -1 -1 -1 -1 -1 -1 -3 -3 -1 -2 -3 -1  5  1 -3 -2 -2    0   0   0   0   0   0   0   0   0   0   0   0   0   0   0  99   1   0   0   0  0.64 0.07
  191 A    5 -2 -2 -2 -1 -1 -1  0 -2 -2 -2 -1 -1 -3 -1  1  0 -3 -2 -1   99   0   0   0   0   0   0   0   0   0   0   0   0   0   0   0   1   0   0   0  0.58 0.06
  192 Y   -2 -2 -3 -4 -3 -2 -3 -4  2 -1 -1 -2 -1  3 -4 -2 -2  2  7 -1    0   0   0   0   0   0   0   0   4   5   0   0   0   2   0   0   0   0  89   0  1.04 0.07
  193 E   -1  0 -1  1 -4  2  6 -3  0 -4 -3  0 -2 -4 -2 -1 -1 -3 -3 -3    0   0   0   0   0   5  95   0   0   0   0   0   0   0   0   0   0   0   0   0  0.91 0.06
  194 V   -1 -3 -3 -4 -1 -3 -3 -4 -4  2  0 -3  1 -1 -3 -2  0 -3 -2  5    0   0   0   0   0   0   0   0   0   0   0   0   1   0   0   0   0   0   0  98  0.54 0.06
  195 R   -2  6 -1 -2 -3  1 -1 -3  1 -4 -3  2 -2 -3 -3 -1 -2 -3 -2 -3    0  95   0   0   1   0   0   0   4   0   0   0   0   0   0   0   0   0   0   0  0.94 0.07
  196 N   -2 -1  7  1 -3  0 -1 -1  0 -4 -4 -1 -3 -4 -3  0  0 -4 -3 -4    0   0 100   0   0   0   0   0   0   0   0   0   0   0   0   0   0   0   0   0  1.02 0.07
  197 V    2 -2 -2 -3 -1 -2 -2 -2 -3  1  0 -2  0 -2 -2  0  0 -3 -2  4   31   0   0   0   0   0   0   0   0   0   0   0   0   0   0   4   1   0   0  63  0.28 0.04
  198 S    1 -1  0 -1 -1 -1 -1 -1 -1 -3 -3 -1 -2 -3 -1  5  1 -3 -2 -2    0   0   0   0   0   0   0   0   0   0   0   0   0   0   0  98   2   0   0   0  0.63 0.06
  199 G    0 -3 -1 -2 -3 -2 -2  6 -3 -4 -4 -2 -3 -4 -3 -1 -2 -3 -4 -4    0   0   0   0   0   0   1  99   0   0   0   0   0   0   0   0   0   0   0   0  1.21 0.06
  200 V    1 -3 -3 -3 -1 -2 -3 -2 -3  2  1 -2  1 -1 -3 -1  0 -3 -2  4   12   0   0   0   0   0   0   2   0  10   8   0   5   0   0   1   0   0   0  63  0.29 0.03
  201 Y   -2 -2 -3 -4 -2 -2 -3 -4  1 -2 -2 -2 -2  3 -4 -2 -2  2  8 -2    0   0   0   0   0   0   0   0   0   0   0   0   0   0   0   0   0   0 100   0  1.24 0.08
  202 H   -2 -1  0 -2 -4  1 -1 -3  9 -4 -3 -1 -2 -2 -3 -1 -2 -3  1 -4    0   0   0   0   0   3   0   0  96   0   1   0   0   0   0   0   0   0   0   0  1.25 0.08
  203 V   -1 -3 -3 -4 -1 -3 -3 -4 -4  2  1 -3  0 -1 -3 -2  0 -3 -2  5    0   0   0   0   0   0   0   0   0   0   0   0   0   0   0   0   0   0   0 100  0.55 0.06
  204 T    0 -2  0 -2 -1 -1 -1 -2 -2 -1 -2 -1 -1 -3 -2  1  6 -3 -2  0    0   0   0   0   0   0   0   0   0   0   0   0   0   0   0   0 100   0   0   0  0.72 0.07
  205 N   -2 -1  7  1 -3  0 -1 -1  0 -4 -4 -1 -3 -4 -3  0  0 -4 -3 -4    0   0 100   0   0   0   0   0   0   0   0   0   0   0   0   0   0   0   0   0  1.02 0.07
  206 D   -2 -2  1  7 -4 -1  1 -2 -2 -4 -4 -1 -4 -4 -2 -1 -2 -5 -4 -4    0   0   0 100   0   0   0   0   0   0   0   0   0   0   0   0   0   0   0   0  1.18 0.07
  207 C   -1 -4 -3 -4 10 -4 -4 -3 -4 -2 -2 -4 -2 -3 -4 -1 -1 -3 -3 -1    0   0   0   0 100   0   0   0   0   0   0   0   0   0   0   0   0   0   0   0  1.74 0.09
  208 S    1 -1  0 -1 -1 -1 -1 -1 -1 -3 -3 -1 -2 -3  1  5  1 -3 -2 -2    3   0   0   0   0   0   0   1   0   0   0   0   0   0   4  92   0   0   0   0  0.58 0.06
  209 N   -2 -1  7  1 -3  0 -1 -1  0 -4 -4 -1 -3 -4 -3  0  0 -4 -3 -4    0   0 100   0   0   0   0   0   0   0   0   0   0   0   0   0   0   0   0   0  1.02 0.07
  210 S    2 -1  0 -1 -1 -1 -1 -1 -1 -2 -2 -1 -2 -3 -1  4  2 -3 -2 -2   18   0   0   0   0   0   0   0   0   0   0   0   0   0   0  74   8   0   0   0  0.47 0.05
  211 S    1 -1  0 -1 -1 -1 -1 -1 -1 -3 -3 -1 -2 -3 -1  5  1 -3 -2 -2    0   0   0   0   0   0   0   0   0   0   0   0   0   0   0 100   0   0   0   0  0.65 0.07
  212 I   -2 -4 -4 -4 -2 -3 -4 -4 -4  5  1 -3  1 -1 -3 -3 -1 -3 -2  2    0   0   0   0   0   0   0   0   0  98   0   0   0   0   0   0   0   0   0   2  0.61 0.06
  213 V    0 -3 -3 -4 -1 -3 -3 -4 -4  2  0 -3  0 -1 -3 -2  0 -3 -2  5    1   0   0   0   0   0   0   0   0   1   0   0   0   0   0   0   0   0   0  99  0.54 0.06
  214 Y   -2 -2 -3 -4 -3 -2 -3 -4  1 -2 -2 -2 -1  3 -4 -2 -2  2  8 -2    0   0   0   0   0   0   0   0   0   0   0   0   0   4   0   0   0   1  96   0  1.20 0.08
  215 E   -1 -1 -1  1 -4  2  6 -2 -1 -4 -3  0 -3 -4 -2 -1 -1 -3 -3 -3    0   0   0   0   0   0  99   0   0   0   0   0   0   0   0   0   0   0   0   0  0.94 0.07
  216 A    4 -2 -2 -2 -1 -1 -1  0 -2 -1 -2 -1 -1 -3 -1  1  2 -3 -2  0   82   0   0   0   0   0   0   0   0   0   0   0   1   0   0   0  15   0   0   2  0.44 0.05
  217 A    4 -2 -2 -1 -1 -1  0  0 -2 -2 -2 -1 -1 -3 -1  1  0 -3 -2  0   85   0   0   2   0   0   7   0   0   0   0   0   0   0   0   1   2   0   0   2  0.43 0.05
  218 D   -2 -2  1  7 -4 -1  1 -1 -2 -4 -4 -1 -4 -4 -2 -1 -2 -5 -4 -4    0   0   0  97   0   0   0   3   0   0   0   0   0   0   0   0   0   0   0   0  1.12 0.07
  219 L   -1 -2 -3 -4 -2 -1 -3 -3 -2  2  2 -2  6  0 -3 -2 -1 -2 -2  1    2   0   0   0   0   0   0   0   0   6   8   0  72   0   0   0   1   0   0  11  0.49 0.06
  220 I   -2 -4 -4 -4 -2 -3 -4 -4 -4  5  1 -3  1 -1 -3 -3 -1 -3 -2  2    0   0   0   0   0   0   0   0   0 100   0   0   0   0   0   0   0   0   0   0  0.62 0.06
  221 M   -2 -2 -3 -4 -2 -1 -3 -3 -2  1  2 -2  7  0 -3 -2 -1 -2 -2  0    0   0   0   0   0   0   0   0   0   1  11   0  88   0   0   0   0   0   0   0  0.69 0.08
  222 H   -2 -1  0 -1 -4  0 -1 -3  9 -4 -3 -1 -2 -2 -3 -1 -2 -3  1 -4    0   0   0   1   0   0   0   0  99   0   0   0   0   0   0   0   0   0   0   0  1.34 0.09
  223 A    0 -2  0 -2 -1 -1 -1 -2 -2  0 -1 -1 -1 -2 -2  1  5 -3 -2  0    7   0   1   0   0   0   0   0   0   6   1   0   0   0   0   4  79   0   0   1  0.47 0.05
  224 P   -1 -3 -3 -2 -3 -2 -2 -3 -3 -3 -4 -2 -3 -4  8 -1 -2 -4 -4 -3    0   0   0   0   0   0   0   0   0   0   0   0   0   0 100   0   0   0   0   0  2.24 0.08
  225 G    0 -3 -1 -2 -3 -2 -3  6 -3 -4 -4 -2 -3 -4 -3 -1 -2 -3 -4 -4    0   0   0   0   0   0   0 100   0   0   0   0   0   0   0   0   0   0   0   0  1.24 0.06
  226 C   -1 -4 -3 -4 10 -4 -4 -3 -4 -2 -2 -4 -2 -3 -4 -1 -1 -3 -3 -1    0   0   0   0 100   0   0   0   0   0   0   0   0   0   0   0   0   0   0   0  1.74 0.09
  227 V   -1 -3 -3 -4 -1 -3 -3 -4 -4  2  1 -3  0 -1 -3 -2  0 -3 -2  5    0   0   0   0   0   0   0   0   0   0   1   0   0   0   0   0   0   0   0  98  0.54 0.06
  228 P   -1 -3 -3 -2 -3 -2 -2 -3 -3 -3 -4 -2 -3 -4  8 -1 -2 -4 -4 -3    0   0   0   0   0   0   0   0   0   0   0   0   0   0 100   0   0   0   0   0  2.24 0.08
  229 C   -1 -4 -3 -4 10 -4 -4 -3 -4 -2 -2 -4 -2 -3 -4 -1 -1 -3 -3 -1    0   0   0   0 100   0   0   0   0   0   0   0   0   0   0   0   0   0   0   0  1.74 0.09
  230 V   -1 -3 -3 -4 -1 -3 -3 -4 -4  2  0 -3  0 -1 -3 -2  0 -3 -2  5    0   0   0   0   0   0   0   0   0   0   0   0   0   0   0   0   0   0   0 100  0.55 0.06
  231 R   -2  6 -1 -2 -4  1  0 -3 -1 -3 -2  2 -2 -3 -3 -1 -2 -1 -2 -3    0  94   0   0   0   4   0   0   0   0   1   0   0   0   0   0   0   1   0   0  0.92 0.06
  232 E   -1 -1 -1  2 -4  2  6 -3 -1 -4 -3  0 -3 -4 -2 -1 -1 -3 -3 -3    0   0   0   2   0   0  97   0   0   0   0   0   0   0   0   0   0   0   0   0  0.92 0.07
  233 N    0 -1  4  2 -3 -1  0  3  0 -4 -4 -1 -3 -3 -2  1 -1 -4 -3 -3    3   0  42  15   0   0   1  33   1   0   0   1   0   0   0   5   0   0   0   0  0.52 0.03
  234 N   -2 -1  7  1 -3  0 -1 -1  0 -4 -4 -1 -3 -3 -2  0  0 -4 -3 -3    0   0  94   2   0   0   0   1   0   0   0   0   0   0   0   2   0   0   0   0  0.93 0.07
  235 S    1 -1  0 -1 -1 -1 -1 -1 -1 -1 -1 -1 -1 -1 -1  4  1 -3 -1  0    5   0   0   1   0   0   0   0   1   3   3   0   0   3   0  71   7   0   1   5  0.32 0.04
  236 S    1 -1  0 -1 -1 -1 -1 -1 -1 -3 -3 -1 -2 -3 -1  5  1 -3 -2 -2    0   0   0   0   0   0   0   0   0   0   0   0   0   0   0  99   0   0   0   0  0.64 0.07
  237 R   -2  6 -1 -2 -4  1 -1 -3  0 -4 -3  2 -2 -3 -3 -1 -2 -3 -2 -3    0  98   0   0   0   0   0   0   1   0   0   1   0   0   0   0   0   0   0   0  0.98 0.07
  238 C   -1 -4 -3 -4 10 -4 -4 -3 -4 -2 -2 -4 -2 -3 -4 -1 -1 -3 -3 -1    0   0   0   0 100   0   0   0   0   0   0   0   0   0   0   0   0   0   0   0  1.74 0.09
  239 W   -3 -3 -5 -5 -3 -3 -4 -3 -3 -3 -2 -4 -2  0 -5 -4 -3 12  2 -4    0   0   0   0   0   0   0   0   0   0   0   0   0   0   0   0   0 100   0   0  2.87 0.11
  240 V    0 -3 -3 -4 -1 -3 -3 -3 -4  2  0 -3  1 -1 -3 -2  0 -3 -2  5    4   0   0   0   0   0   0   0   0   1   0   0   1   0   0   0   0   0   0  94  0.49 0.05
  241 A    5 -2 -2 -2 -1 -1 -1  0 -2 -2 -2 -1 -1 -3 -1  1  0 -3 -2 -1   99   0   0   0   0   0   0   0   0   0   0   0   0   0   0   1   0   0   0   0  0.57 0.06
  242 L   -2 -3 -4 -4 -2 -3 -3 -4 -3  1  5 -3  2  0 -3 -3 -2 -2 -1  1    0   0   0   0   0   0   0   0   0   0  97   0   1   0   0   0   0   0   0   1  0.60 0.05
  243 T    0 -2  0 -2 -1 -1 -1 -2 -2 -1 -2 -1 -1 -3 -2  1  6 -3 -2  0    2   0   0   0   0   0   0   0   0   0   0   0   0   0   0   0  98   0   0   0  0.70 0.07
  244 P   -1 -3 -3 -2 -3 -2 -2 -3 -3 -3 -3 -2 -3 -4  8 -1 -2 -4 -4 -3    0   0   0   0   0   0   0   0   0   0   0   0   0   0  99   0   0   0   0   0  2.22 0.08
  245 T    0 -2  0 -2 -1 -1 -1 -2 -2 -1 -2 -1 -1 -3 -2  1  6 -3 -2  0    0   0   0   0   0   0   0   0   0   0   0   0   0   0   0   0 100   0   0   0  0.72 0.07
  246 L   -2 -3 -4 -4 -2 -3 -3 -4 -3  1  4 -3  2  0 -3 -3 -2 -2 -1  1    0   0   0   0   0   0   0   0   0   1  96   0   0   0   0   0   0   0   0   3  0.58 0.05
  247 A    5 -2 -2 -2 -1 -1 -1  0 -2 -2 -2 -1 -1 -3 -1  1  0 -3 -2 -1  100   0   0   0   0   0   0   0   0   0   0   0   0   0   0   0   0   0   0   0  0.59 0.06
  248 A    5 -2 -2 -2 -1 -1 -1  0 -2 -2 -2 -1 -1 -3 -1  1  0 -3 -2  0   95   0   0   0   0   0   0   1   0   0   0   0   0   0   0   0   3   0   0   1  0.54 0.06
  249 R   -2  6 -1 -2 -4  1 -1 -3 -1 -4 -3  2 -2 -3 -3 -1 -2 -3 -2 -3    0  99   0   0   0   0   0   0   0   0   0   1   0   0   0   0   0   0   0   0  1.00 0.07
  250 N   -2 -1  7  2 -3  0 -1 -1  0 -4 -4 -1 -3 -4 -2  0  0 -4 -3 -3    0   0  94   5   0   0   0   0   0   0   0   0   0   0   0   1   0   0   0   0  0.94 0.07
  251 T    3 -1  0 -1 -1 -1 -1  1 -2 -1 -2 -1 -1 -2 -1  2  1 -3 -1  0   55   2   3   0   0   0   0   6   0   2   0   0   0   1   1  22   4   0   1   3  0.27 0.03
  252 S    1 -1  0 -1 -1  0 -1 -1 -1 -3 -3  0 -2 -3 -1  5  2 -3 -2 -2    0   0   1   0   0   0   0   0   0   0   0   4   0   0   0  91   5   0   0   0  0.57 0.06
  253 I   -1 -3 -3 -4 -1 -3 -3 -4 -4  4  1 -3  1 -1 -3 -2 -1 -3 -2  4    0   0   0   0   0   0   0   0   0  34   3   0   0   0   0   1   0   0   0  61  0.44 0.04
  254 P   -1 -3 -3 -2 -3 -2 -2 -3 -3 -3 -4 -2 -3 -4  8 -1 -2 -4 -4 -3    0   0   0   0   0   0   0   0   0   0   0   0   0   0 100   0   0   0   0   0  2.24 0.08
  255 T    0 -2 -1 -2 -1 -1 -1 -2 -2 -1 -2 -1 -1 -3 -2  1  6 -3 -2  0    0   0   0   0   0   0   0   0   0   1   0   0   0   0   0   0  97   0   0   1  0.68 0.07
  256 T    1 -1 -1 -2 -1 -1 -1 -2 -2 -1 -2  0  0 -3 -1  1  5 -3 -2  0    8   1   0   0   0   0   0   0   0   0   0   4   2   0   0   0  84   0   0   1  0.52 0.06
  257 T    1 -1 -1 -1 -1  0 -1 -2 -2 -1 -2 -1 -1 -3 -1  1  5 -3 -2  0   15   0   0   0   0   3   0   0   0   0   0   0   0   0   0   1  80   0   0   0  0.51 0.05
  258 I   -2 -3 -4 -4 -2 -3 -4 -4 -4  5  2 -3  1  0 -3 -3 -1 -3 -2  2    0   0   0   0   0   0   0   0   0  91   6   0   2   0   0   0   0   0   0   1  0.56 0.05
  259 R   -2  7 -1 -2 -4  1 -1 -3 -1 -4 -3  2 -2 -3 -3 -1 -2 -3 -2 -3    0 100   0   0   0   0   0   0   0   0   0   0   0   0   0   0   0   0   0   0  1.02 0.07
  260 R   -2  6 -1 -2 -4  1 -1 -3  1 -4 -3  2 -2 -3 -3 -1 -2 -3 -2 -3    0  96   0   0   0   0   0   0   2   0   0   0   0   0   0   0   0   0   1   0  0.95 0.07
  261 H   -2 -1  0 -2 -4  0 -1 -3  9 -4 -3 -1 -2 -2 -3 -1 -2 -3  1 -4    0   0   0   0   0   0   0   0 100   0   0   0   0   0   0   0   0   0   0   0  1.36 0.09
  262 V   -1 -3 -3 -4 -1 -3 -3 -4 -4  3  1 -3  0 -1 -3 -2  0 -3 -2  5    0   0   0   0   0   0   0   0   0   6   0   0   0   0   0   0   0   0   0  94  0.52 0.05
  263 D   -2 -2  1  7 -4 -1  1 -2 -2 -4 -4 -1 -4 -4 -2 -1 -2 -5 -4 -4    0   0   0 100   0   0   0   0   0   0   0   0   0   0   0   0   0   0   0   0  1.18 0.07
  264 L   -2 -3 -4 -4 -2 -3 -3 -4 -3  1  5 -3  2  0 -3 -3 -2 -2 -1  1    0   0   0   0   0   0   0   0   0   0  99   0   0   0   0   0   0   0   0   1  0.61 0.05
  265 L   -2 -3 -4 -4 -2 -3 -3 -4 -3  1  5 -3  2  0 -3 -3 -2 -2 -1  1    0   0   0   0   0   0   0   0   0   1  99   0   0   0   0   0   0   0   0   0  0.61 0.05
  266 V   -1 -3 -3 -4 -1 -3 -3 -4 -4  2  0 -3  0 -1 -3 -2  0 -3 -2  5    0   0   0   0   0   0   0   0   0   0   0   0   0   0   0   0   0   0   0 100  0.55 0.06
  267 G    0 -3 -1 -2 -3 -2 -3  6 -3 -4 -4 -2 -3 -4 -3 -1 -2 -3 -4 -4    0   0   0   0   0   0   0 100   0   0   0   0   0   0   0   0   0   0   0   0  1.24 0.06
  268 A    4 -2 -2 -2 -1 -1 -1  0 -2 -1 -2 -1 -1 -3 -1  1  1 -3 -2  0   82   0   0   0   0   0   0   1   0   0   0   0   0   0   0   2  13   0   0   2  0.44 0.05
  269 A    5 -2 -2 -2 -1 -1 -1  0 -2 -2 -2 -1 -1 -3 -1  1  0 -3 -2 -1  100   0   0   0   0   0   0   0   0   0   0   0   0   0   0   0   0   0   0   0  0.58 0.06
  270 T    4 -2 -2 -2 -1 -1 -1  0 -2 -1 -2 -1 -1 -3 -1  1  2 -3 -2  0   82   0   0   0   0   0   0   0   0   0   0   0   0   0   1   0  15   0   0   2  0.44 0.05
  271 F   -3 -3 -4 -4 -3 -3 -4 -4 -2  0  2 -3  0  6 -4 -3 -2  0  2 -1    0   0   0   0   0   0   0   0   0   0  19   0   0  80   0   0   0   0   0   0  0.79 0.06
  272 C   -1 -4 -3 -4 10 -4 -4 -3 -4 -2 -2 -4 -2 -3 -3 -1 -1 -3 -3 -1    0   0   0   0 100   0   0   0   0   0   0   0   0   0   0   0   0   0   0   0  1.73 0.09
  273 S    1 -1  0 -1 -1 -1 -1 -1 -1 -3 -3 -1 -2 -3 -1  5  1 -3 -2 -2    0   0   0   0   0   0   0   0   0   0   0   0   0   0   0 100   0   0   0   0  0.65 0.07
  274 A    5 -2 -2 -2 -1 -1 -1  0 -2 -1 -2 -1 -1 -3 -1  1  0 -3 -2  0   93   0   0   0   0   0   0   0   0   0   0   0   0   0   0   0   0   0   0   7  0.51 0.05
  275 M   -2 -2 -3 -4 -2 -1 -3 -3 -2  1  2 -2  8  0 -3 -2 -1 -2 -2  0    0   0   0   0   0   0   0   0   0   0   3   0  96   0   0   0   0   0   0   0  0.77 0.09
  276 Y   -2 -2 -3 -4 -3 -2 -3 -4  1 -2 -2 -2 -2  3 -4 -2 -2  2  8 -2    0   0   0   0   0   0   0   0   0   0   0   0   0   0   0   0   0   0 100   0  1.25 0.08
  277 V   -1 -3 -3 -4 -1 -3 -3 -4 -4  2  0 -3  0 -1 -3 -2  0 -3 -2  5    0   0   0   0   0   0   0   0   0   0   0   0   0   0   0   0   0   0   0 100  0.55 0.06
  278 G    0 -3 -1 -2 -3 -2 -3  6 -3 -4 -4 -2 -3 -4 -3 -1 -2 -3 -4 -4    0   0   0   0   0   0   0 100   0   0   0   0   0   0   0   0   0   0   0   0  1.24 0.06
  279 D   -2 -2  1  7 -4 -1  1 -2 -2 -4 -4 -1 -4 -4 -2 -1 -2 -5 -4 -4    0   0   0 100   0   0   0   0   0   0   0   0   0   0   0   0   0   0   0   0  1.18 0.07
  280 L   -2 -3 -4 -4 -2 -3 -3 -4 -3  1  5 -3  2  0 -3 -3 -2 -2 -1  1    0   0   0   0   0   0   0   0   0   0  98   0   0   2   0   0   0   0   0   0  0.60 0.05
  281 C   -1 -4 -3 -4 10 -4 -4 -3 -4 -2 -2 -4 -2 -3 -4 -1 -1 -3 -3 -1    0   0   0   0 100   0   0   0   0   0   0   0   0   0   0   0   0   0   0   0  1.74 0.09
  282 G    0 -3 -1 -2 -3 -2 -3  6 -3 -4 -4 -2 -3 -4 -3 -1 -2 -3 -4 -4    0   0   0   0   0   0   0 100   0   0   0   0   0   0   0   0   0   0   0   0  1.24 0.06
  283 S    1 -1  0 -1 -1 -1 -1  0 -1 -3 -3 -1 -2 -3 -1  5  1 -3 -2 -2    0   0   0   0   0   0   0   1   0   0   0   0   0   0   0  98   0   0   0   0  0.63 0.07
  284 V   -1 -3 -3 -4 -1 -3 -3 -4 -4  2  1 -3  0 -1 -3 -2  0 -3 -2  5    0   0   0   0   0   0   0   0   0   2   0   0   0   1   0   0   0   0   0  97  0.53 0.06
  285 F   -2 -3 -4 -4 -3 -4 -4 -4 -2  0  1 -4  0  7 -4 -3 -2  0  2 -1    1   0   0   0   0   0   0   0   0   0  12   0   0  87   0   0   0   0   0   0  0.87 0.06
  286 L   -2 -3 -4 -4 -2 -3 -3 -4 -3  1  5 -3  2  0 -3 -3 -2 -2 -1  1    0   0   0   0   0   0   0   0   0   0 100   0   0   0   0   0   0   0   0   0  0.61 0.05
  287 V   -1 -3 -3 -4 -1 -3 -3 -4 -4  3  1 -3  0 -1 -3 -2  0 -3 -2  5    0   0   0   0   0   0   0   0   0   6   2   0   0   0   0   0   0   0   0  91  0.50 0.05
  288 S    1 -1  0 -1 -1 -1 -1  0 -1 -3 -3 -1 -2 -2 -1  5  1 -3 -2 -2    2   0   0   0   0   0   0   5   0   0   0   0   0   1   0  91   0   0   0   0  0.56 0.06
  289 Q   -1  1  0 -1 -4  7  1 -2  0 -3 -3  1 -1 -4 -1 -1 -1 -3 -2 -3    0   0   0   0   0  99   0   0   0   0   0   0   0   0   1   0   0   0   0   0  0.94 0.08
  290 L   -2 -3 -4 -4 -2 -3 -3 -4 -3  1  5 -3  2  0 -3 -3 -2 -2 -1  1    0   0   0   0   0   0   0   0   0   0  99   0   0   0   0   0   0   0   0   0  0.61 0.05
  291 F   -3 -3 -4 -4 -3 -4 -4 -4 -2 -1  0 -4  0  7 -4 -3 -3  1  3 -1    0   0   0   0   0   0   0   0   0   0   0   0   0 100   0   0   0   0   0   0  1.06 0.07
  292 T    0 -2 -1 -2 -1 -1 -1 -2 -2 -1 -1 -1 -1 -3 -2  1  5 -3 -2  0    1   0   0   0   0   0   0   0   0   1   0   0   0   0   0   1  92   0   0   5  0.62 0.06
  293 F   -3 -3 -4 -4 -3 -4 -4 -4 -2  0  0 -4  0  7 -4 -3 -3  0  3 -1    0   0   0   0   0   0   0   0   0   2   4   0   0  94   0   0   0   0   0   0  0.97 0.07
  294 S    1 -1  0 -1 -1  0 -1 -1 -1 -3 -3 -1 -2 -3 -1  5  1 -3 -2 -2    0   1   0   0   0   0   0   0   0   0   0   0   0   0   0  99   0   0   0   0  0.64 0.07
  295 P   -1 -3 -3 -2 -3 -2 -2 -3 -3 -3 -4 -2 -3 -4  8 -1 -2 -4 -4 -3    0   0   0   0   0   0   0   0   0   0   0   0   0   0 100   0   0   0   0   0  2.24 0.08
  296 R   -2  7 -1 -2 -4  1 -1 -3 -1 -4 -3  2 -2 -3 -3 -1 -2 -3 -2 -3    0 100   0   0   0   0   0   0   0   0   0   0   0   0   0   0   0   0   0   0  1.02 0.07
  297 R   -2  6 -1 -2 -4  2  0 -3  0 -3 -2  2 -1 -3 -3 -1 -2  0 -2 -3    0  83   0   0   0   9   0   0   2   1   3   0   0   0   0   0   0   2   0   0  0.75 0.06
  298 H   -2 -1  0 -2 -4  0 -1 -3  8 -3 -3 -1 -2  0 -3 -2 -2 -1  4 -3    0   0   0   0   0   0   0   0  83   0   0   0   0   0   0   0   0   0  17   0  1.10 0.08
  299 E   -1  0 -1  1 -4  2  5 -2  0 -3 -3  1 -2 -3 -2 -1 -1  3 -2 -2    2   1   1   1   0   6  76   0   2   0   0   2   1   0   0   0   2   5   0   1  0.63 0.05
  300 T    0 -2  0 -2 -1 -1 -1 -2 -2 -1 -2 -1 -1 -3 -2  1  6 -3 -2  0    0   0   0   0   0   0   0   0   0   1   0   0   0   0   0   0  99   0   0   0  0.70 0.07
  301 L    0 -3 -3 -3 -1 -2 -2 -3 -3  2  1 -2  1 -1 -3 -2  1 -3 -2  4    2   0   0   0   0   0   1   0   0   3   4   0   1   0   0   0   6   0   0  82  0.40 0.05
  302 Q   -1  1  0 -1 -4  7  1 -2  0 -3 -3  1 -1 -4 -2 -1 -1 -3 -2 -3    0   0   0   0   0 100   0   0   0   0   0   0   0   0   0   0   0   0   0   0  0.96 0.08
  303 D   -2 -2  1  6 -4 -1  1 -2 -1 -3 -4 -1 -3 -4 -2  0 -1 -5 -4 -3    0   0   3  92   0   0   2   1   0   0   0   0   0   0   0   1   0   0   0   1  1.04 0.06
  304 C   -1 -4 -3 -4 10 -4 -4 -3 -4 -2 -2 -4 -2 -3 -3 -1 -1 -3 -3 -1    0   0   0   0  99   0   0   0   0   0   0   0   0   0   0   1   0   0   0   0  1.70 0.09
  305 N   -2 -1  7  1 -3  0 -1 -1  0 -4 -4 -1 -3 -4 -3  0  0 -4 -3 -4    0   0 100   0   0   0   0   0   0   0   0   0   0   0   0   0   0   0   0   0  1.02 0.07
  306 C   -1 -4 -3 -4 10 -4 -4 -3 -4 -2 -2 -4 -2 -2 -4 -1 -1 -3 -3 -1    0   0   0   0  99   0   0   0   0   0   0   0   0   1   0   0   0   0   0   0  1.70 0.09
  307 S    1 -1  0 -1 -1 -1 -1 -1 -1 -3 -3 -1 -2 -3 -1  5  1 -3 -2 -2    0   0   0   0   0   0   0   0   0   0   0   0   0   0   0 100   0   0   0   0  0.65 0.07
  308 I   -2 -3 -4 -4 -2 -3 -4 -4 -3  5  2 -3  1  0 -3 -3 -1 -3 -2  2    0   0   0   0   0   0   0   0   1  88  11   0   0   0   0   0   0   0   0   0  0.54 0.05
  309 Y   -2 -2 -3 -4 -3 -2 -3 -4  1 -2 -2 -2 -2  3 -4 -2 -2  2  8 -2    0   0   0   0   0   0   0   0   0   0   0   0   0   0   0   0   0   0 100   0  1.25 0.08
  310 P   -1 -3 -2 -2 -3 -2 -2 -3 -3 -3 -3 -1 -3 -4  8  0 -1 -4 -3 -3    0   0   0   0   0   0   0   0   0   0   1   0   0   0  94   5   0   0   0   0  2.03 0.07
  311 G    0 -3 -1 -2 -3 -2 -3  6 -3 -4 -4 -2 -3 -4 -3 -1 -2 -3 -4 -4    0   0   0   0   0   0   0 100   0   0   0   0   0   0   0   0   0   0   0   0  1.24 0.06
  312 H   -2  0  0 -2 -4  0 -1 -3  9 -4 -3 -1 -2 -2 -2 -1 -2 -3  1 -4    0   3   0   0   0   0   0   0  96   0   0   0   0   0   0   0   0   0   1   0  1.26 0.09
  313 L   -1 -3 -3 -4 -1 -3 -3 -4 -4  3  1 -3  1 -1 -3 -2 -1 -3 -2  4    0   0   0   0   0   0   0   0   0  12   9   0   0   0   0   0   0   0   0  79  0.45 0.04
  314 S    0 -1  0 -1 -1 -1 -1 -1 -2 -2 -2 -1 -2 -3 -1  4  4 -3 -2 -1    0   0   0   0   0   0   0   0   0   0   0   0   0   0   0  60  40   0   0   0  0.50 0.05
  315 G    0 -3 -1 -2 -3 -2 -3  6 -3 -4 -4 -2 -3 -4 -3 -1 -2 -3 -4 -4    0   0   0   0   0   0   0 100   0   0   0   0   0   0   0   0   0   0   0   0  1.24 0.06
  316 H   -2 -1  0 -2 -4  0 -1 -3  9 -4 -3 -1 -2 -2 -3 -1 -2 -3  1 -4    0   0   0   0   0   1   0   0  99   0   0   0   0   0   0   0   0   0   0   0  1.34 0.09
  317 R   -2  6 -1 -2 -4  1 -1 -3  0 -4 -3  2 -2 -3 -3 -1 -2 -3 -2 -3    0  99   0   0   0   0   0   0   0   0   0   0   0   0   0   0   0   0   0   0  1.00 0.07
  318 M   -2 -2 -3 -4 -2 -1 -3 -3 -2  1  2 -2  8 -1 -3 -2 -1 -2 -2  0    0   0   0   0   0   0   0   0   0   0   0   0 100   0   0   0   0   0   0   0  0.81 0.09
  319 A    5 -2 -2 -2 -1 -1 -1  0 -2 -2 -2 -1 -1 -3 -1  1  0 -3 -2 -1  100   0   0   0   0   0   0   0   0   0   0   0   0   0   0   0   0   0   0   0  0.59 0.06
  320 W   -3 -3 -5 -5 -3 -3 -4 -3 -3 -3 -2 -4 -2  0 -5 -4 -3 12  2 -4    0   0   0   0   0   0   0   0   0   0   0   0   0   0   0   0   0 100   0   0  2.85 0.11
  321 D   -2 -2  1  7 -4 -1  1 -2 -2 -4 -4 -1 -4 -4 -2 -1 -2 -5 -4 -4    0   0   0 100   0   0   0   0   0   0   0   0   0   0   0   0   0   0   0   0  1.18 0.07
  322 M   -2 -2 -3 -4 -2 -1 -3 -3 -2  1  2 -2  8 -1 -3 -2 -1 -2 -2  0    0   0   0   0   0   0   0   0   0   0   0   0 100   0   0   0   0   0   0   0  0.81 0.09
  323 M   -2 -2 -3 -4 -2 -1 -3 -3 -2  1  2 -2  8 -1 -3 -2 -1 -2 -2  0    0   0   0   0   0   0   0   0   0   1   0   0  99   0   0   0   0   0   0   0  0.80 0.09
  324 M   -2 -2 -3 -4 -2 -1 -3 -3 -2  1  2 -2  8 -1 -3 -2 -1 -2 -2  0    0   0   0   0   0   0   0   0   0   0   0   0 100   0   0   0   0   0   0   0  0.81 0.09
  325 N   -2 -1  7  1 -3  0 -1 -1  0 -4 -4 -1 -3 -4 -3  0  0 -4 -3 -3    0   0  99   0   0   0   0   0   0   0   0   0   0   0   0   1   0   0   0   0  1.01 0.07
  326 W   -3 -3 -5 -5 -3 -3 -4 -3 -3 -3 -2 -4 -2  0 -5 -4 -3 12  2 -4    0   0   0   0   0   0   0   0   0   0   0   0   0   0   0   0   0 100   0   0  2.85 0.11
  327 S    1 -1  0 -1 -1 -1 -1 -1 -1 -3 -3 -1 -2 -3 -1  5  1 -3 -2 -2    0   0   0   0   0   0   0   0   0   0   0   0   0   0   0 100   0   0   0   0  0.65 0.07
  328 P   -1 -3 -3 -2 -3 -2 -2 -3 -3 -3 -4 -2 -3 -4  8 -1 -2 -4 -4 -3    0   0   0   0   0   0   0   0   0   0   0   0   0   0 100   0   0   0   0   0  2.24 0.08
  329 T    0 -2  0 -2 -1 -1 -1 -2 -2 -1 -2 -1 -1 -3 -2  1  6 -3 -2  0    2   0   0   0   0   0   0   0   0   0   0   0   0   0   0   1  97   0   0   0  0.69 0.07
  330 T    3 -2 -1 -2 -1 -1 -1 -1 -2 -1 -2 -1 -1 -3 -1  1  4 -3 -2  0   39   0   0   0   0   0   0   0   0   0   0   0   0   0   0   1  59   0   0   0  0.42 0.05
  331 A    5 -2 -2 -2 -1 -1 -1  0 -2 -2 -2 -1 -1 -3 -1  1  0 -3 -2 -1  100   0   0   0   0   0   0   0   0   0   0   0   0   0   0   0   0   0   0   0  0.58 0.06
  332 L   -2 -3 -4 -4 -2 -3 -3 -4 -3  1  5 -3  2  0 -3 -3 -2 -2 -1  1    0   0   0   0   0   0   0   0   0   2  98   0   0   0   0   0   0   0   0   0  0.60 0.05
  333 V   -1 -3 -3 -4 -1 -3 -3 -4 -4  2  1 -3  1 -1 -3 -2  0 -2 -2  5    0   0   0   0   0   0   0   0   0   1   2   0   1   0   0   0   0   0   0  95  0.51 0.06
  334 V    0 -3 -3 -4 -1 -3 -3 -4 -4  2  1 -3  1 -1 -3 -2  0 -3 -2  5    1   0   0   0   0   0   0   0   0   0   2   0   1   0   0   0   0   0   0  97  0.52 0.06
  335 S    1 -1  0 -1 -1 -1 -1 -1 -1 -3 -3 -1 -2 -3 -1  5  1 -3 -2 -2    3   0   0   0   0   0   0   0   0   0   0   0   0   0   0  97   0   0   0   0  0.62 0.06
  336 Q   -1  1  0 -1 -4  7  1 -2  0 -3 -3  1 -1 -4 -2 -1 -1 -3 -2 -3    0   0   0   0   0 100   0   0   0   0   0   0   0   0   0   0   0   0   0   0  0.96 0.08
  337 L   -2 -3 -4 -4 -2 -3 -3 -4 -3  2  4 -3  2  0 -3 -3 -1 -2 -1  1    0   0   0   0   0   0   0   0   0   3  94   0   1   0   0   1   0   0   0   2  0.56 0.05
  338 L   -2 -3 -4 -4 -2 -3 -3 -4 -3  1  5 -3  2  0 -3 -3 -2 -2 -1  1    0   0   0   0   0   0   0   0   0   0 100   0   0   0   0   0   0   0   0   0  0.62 0.05
  339 R   -2  7 -1 -2 -4  1 -1 -3 -1 -4 -3  2 -2 -3 -3 -1 -2 -3 -2 -3    0 100   0   0   0   0   0   0   0   0   0   0   0   0   0   0   0   0   0   0  1.02 0.07
  340 I   -2 -4 -4 -4 -2 -3 -4 -4 -4  5  1 -3  1 -1 -3 -3 -1 -3 -2  2    0   0   0   0   0   0   0   0   0  96   2   0   0   0   0   0   0   0   0   1  0.59 0.06
  341 P   -1 -2 -3 -2 -3 -2 -2 -3 -3 -3 -3 -2 -3 -4  8 -1 -2 -4 -4 -3    0   1   0   0   0   0   0   0   0   0   0   0   0   0  99   0   0   0   0   0  2.22 0.08
  342 Q   -1  1  0 -1 -4  7  2 -2  0 -3 -3  1 -1 -4 -2 -1 -1 -3 -2 -3    0   0   0   0   0  98   1   0   0   0   0   0   0   0   0   0   0   0   0   0  0.94 0.08
  343 T    5 -2 -2 -2 -1 -1 -1  0 -2 -2 -2 -1 -1 -3 -1  1  0 -3 -2 -1   96   0   0   0   0   0   0   0   0   0   0   0   0   0   0   1   3   0   0   0  0.55 0.06
  344 V    0 -3 -3 -4 -1 -3 -3 -4 -4  3  1 -3  1 -1 -3 -2  0 -3 -2  4    2   0   0   0   0   0   0   0   0  19   0   0   0   0   0   0   0   0   0  78  0.46 0.05
  345 V   -1 -3 -3 -4 -1 -2 -3 -3 -3  2  1 -3  3 -1 -3 -2 -1 -3 -2  4    0   0   0   0   0   0   0   1   0   1   6   0  16   0   0   0   0   0   0  77  0.41 0.05
  346 D   -2 -2  1  7 -4 -1  1 -2 -2 -4 -4 -1 -4 -4 -2 -1 -2 -5 -4 -4    0   0   0 100   0   0   0   0   0   0   0   0   0   0   0   0   0   0   0   0  1.17 0.07
  347 M   -1 -2 -3 -4 -2 -1 -3 -3 -2  1  2 -2  8 -1 -3 -2 -1 -2 -2  1    0   0   0   0   0   0   0   0   0   3   0   0  94   0   0   0   0   0   0   3  0.72 0.08
  348 V   -1 -3 -3 -4 -1 -3 -3 -3 -4  3  1 -3  1 -1 -3 -2  0 -3 -2  5    0   0   0   0   0   0   0   0   0   6   0   0   0   0   0   0   0   0   0  93  0.51 0.05
  349 T    5 -2 -2 -2 -1 -1 -1  0 -2 -2 -2 -1 -1 -3 -1  1  0 -3 -2  0   91   0   0   0   0   0   0   2   0   0   0   0   0   0   0   1   4   0   0   3  0.50 0.05
  350 G    0 -3 -1 -2 -3 -2 -3  6 -3 -4 -4 -2 -3 -4 -3 -1 -2 -3 -4 -4    0   0   0   0   0   0   0 100   0   0   0   0   0   0   0   0   0   0   0   0  1.24 0.06
  351 A    5 -2 -2 -2 -1 -1 -1  0 -2 -2 -2 -1 -1 -3 -1  1  0 -3 -2 -1   98   0   0   0   0   0   0   1   0   0   0   0   0   0   0   1   0   0   0   0  0.57 0.06
  352 H   -2 -1  0 -2 -4  0 -1 -3  9 -4 -3 -1 -2 -2 -3 -1 -2 -3  1 -4    0   0   0   0   0   0   0   0 100   0   0   0   0   0   0   0   0   0   0   0  1.36 0.09
  353 W   -3 -3 -5 -5 -3 -3 -4 -3 -3 -3 -2 -4 -2  0 -5 -4 -3 12  2 -4    0   0   0   0   0   0   0   0   0   0   0   0   0   0   0   0   0 100   0   0  2.87 0.11
  354 G    0 -3 -1 -2 -3 -2 -3  6 -3 -4 -4 -2 -3 -4 -3 -1 -2 -3 -4 -4    0   0   0   0   0   0   0 100   0   0   0   0   0   0   0   0   0   0   0   0  1.24 0.06
  355 V   -1 -3 -3 -4 -1 -3 -3 -4 -4  3  1 -3  0 -1 -3 -2  0 -3 -2  5    0   0   0   0   0   0   0   0   0  13   0   0   0   0   0   0   0   0   0  87  0.50 0.05
  356 L   -2 -3 -4 -4 -2 -3 -3 -4 -3  1  5 -3  2  0 -3 -3 -2 -2 -1  1    0   0   0   0   0   0   0   0   0   0 100   0   0   0   0   0   0   0   0   0  0.62 0.05
  357 A    5 -2 -2 -2 -1 -1 -1  0 -2 -2 -2 -1 -1 -3 -1  1  0 -3 -2 -1   99   0   0   0   0   0   0   0   0   0   0   0   1   0   0   0   0   0   0   0  0.57 0.06
  358 G    0 -3 -1 -2 -3 -2 -3  6 -3 -4 -4 -2 -3 -4 -3 -1 -2 -3 -4 -4    1   0   0   0   0   0   0  99   0   0   0   0   0   0   0   0   0   0   0   0  1.21 0.06
  359 L   -2 -3 -4 -4 -2 -3 -3 -4 -3  2  4 -3  2  0 -3 -3 -2 -2 -1  1    0   0   0   0   0   0   0   0   0   4  95   0   1   0   0   0   0   0   0   0  0.58 0.05
  360 A    5 -2 -2 -2 -1 -1 -1  0 -2 -2 -2 -1 -1 -3 -1  1  0 -3 -2  0   98   0   0   0   0   0   0   1   0   0   0   0   0   0   0   0   0   0   0   1  0.57 0.06
  361 Y   -2 -2 -3 -4 -3 -2 -3 -4  1 -2 -2 -2 -2  3 -4 -2 -2  2  8 -2    0   0   0   0   0   0   0   0   0   0   0   0   0   0   0   0   0   0 100   0  1.25 0.08
  362 Y   -2 -2 -3 -4 -3 -2 -3 -4  1 -2 -2 -2 -1  3 -4 -2 -2  2  8 -2    0   0   0   0   0   0   0   0   0   0   0   0   0   4   0   0   0   0  96   0  1.20 0.08
  363 S    1 -1  0 -1 -1 -1 -1 -1 -1 -3 -3 -1 -2 -3 -1  5  1 -3 -2 -2    1   0   0   0   0   0   0   0   0   0   0   0   0   0   0  98   0   0   0   0  0.63 0.06
  364 M   -2 -2 -3 -4 -2 -1 -3 -3 -2  1  2 -2  8 -1 -3 -2 -1 -2 -2  0    0   0   0   0   0   0   0   0   0   0   0   0 100   0   0   0   0   0   0   0  0.81 0.09
  365 V    1 -3 -3 -3 -1 -2 -3 -3 -3  2  0 -2  0 -1 -2 -1  0 -3 -2  4   17   0   0   0   0   0   0   0   0   1   0   0   0   0   0   0   0   0   0  82  0.39 0.05
  366 G    0 -3 -1 -2 -3 -2 -3  6 -3 -4 -4 -2 -3 -4 -3 -1 -2 -3 -4 -4    2   0   0   0   0   0   0  98   0   0   0   0   0   0   0   0   0   0   0   0  1.20 0.06
  367 N   -2 -1  7  1 -3  0 -1 -1  0 -4 -4 -1 -3 -4 -3  0  0 -4 -3 -4    0   0 100   0   0   0   0   0   0   0   0   0   0   0   0   0   0   0   0   0  1.02 0.07
  368 W   -3 -3 -5 -5 -3 -3 -4 -3 -3 -3 -2 -4 -2  0 -5 -4 -3 12  2 -4    0   0   0   0   0   0   0   0   0   0   0   0   0   0   0   0   0 100   0   0  2.87 0.11
  369 A    5 -2 -2 -2 -1 -1 -1  0 -2 -2 -2 -1 -1 -3 -1  1  0 -3 -2 -1  100   0   0   0   0   0   0   0   0   0   0   0   0   0   0   0   0   0   0   0  0.59 0.06
  370 K   -1  2 -1 -1 -4  1  0 -2 -1 -3 -3  6 -2 -4 -1 -1 -1 -4 -2 -3    0   0   0   0   0   0   0   0   0   0   0 100   0   0   0   0   0   0   0   0  0.75 0.07
  371 V   -1 -3 -3 -4 -1 -3 -3 -4 -4  2  1 -3  0 -1 -3 -2  0 -3 -2  5    0   0   0   0   0   0   0   0   0   0   1   0   0   0   0   0   0   0   0  99  0.55 0.06
  372 L   -2 -3 -4 -4 -2 -3 -3 -4 -3  1  5 -3  2  0 -3 -3 -2 -2 -1  1    0   0   0   0   0   0   0   0   0   0  96   0   1   1   0   0   0   0   0   2  0.59 0.05
  373 I   -2 -3 -4 -4 -2 -3 -4 -4 -4  5  1 -3  1 -1 -3 -3 -1 -3 -2  3    0   0   0   0   0   0   0   0   0  86   1   0   0   0   0   0   0   0   0  13  0.54 0.05
  374 V    0 -3 -3 -4 -1 -3 -3 -4 -4  2  0 -3  0 -1 -3 -2  0 -3 -2  5    1   0   0   0   0   0   0   0   0   0   0   0   0   0   0   0   0   0   0  99  0.54 0.06
  375 M   -2 -2 -3 -4 -2 -1 -3 -3 -2  1  2 -2  7  0 -3 -2 -1 -2 -2  0    0   0   0   0   0   0   0   0   0   1  10   0  88   0   0   0   0   0   0   0  0.68 0.08
  376 L   -2 -3 -4 -4 -2 -3 -3 -4 -3  1  5 -3  2  0 -3 -3 -2 -2 -1  1    0   0   0   0   0   0   0   0   0   0 100   0   0   0   0   0   0   0   0   0  0.62 0.05
  377 L   -2 -2 -4 -4 -2 -3 -3 -4 -3  1  5 -3  2  0 -3 -3 -2 -2 -1  1    0   0   0   0   0   0   0   0   0   0  99   0   0   0   0   0   0   0   0   0  0.60 0.05
  378 F   -3 -3 -4 -4 -3 -4 -4 -4 -2 -1  0 -4  0  7 -4 -3 -3  1  3 -1    0   0   0   0   0   0   0   0   0   0   0   0   0 100   0   0   0   0   0   0  1.07 0.07
  379 A    5 -2 -2 -2 -1 -1 -1  0 -2 -2 -2 -1 -1 -3 -1  1  0 -3 -2  0   96   0   0   0   0   0   0   0   0   0   0   0   0   0   0   2   1   0   0   1  0.55 0.06
  380 G    0 -3 -1 -2 -3 -2 -3  6 -3 -4 -4 -2 -3 -4 -3 -1 -2 -3 -4 -4    0   0   0   0   0   0   0 100   0   0   0   0   0   0   0   0   0   0   0   0  1.24 0.06
  381 V    0 -3 -3 -4 -1 -3 -3 -4 -4  2  0 -3  0 -1 -3 -2  0 -3 -2  5    1   0   0   0   0   0   0   0   0   0   0   0   0   0   0   0   0   0   0  99  0.53 0.06
  382 D   -2 -2  1  7 -4 -1  1 -2 -2 -4 -4 -1 -4 -4 -2 -1 -2 -5 -4 -4    0   0   0 100   0   0   0   0   0   0   0   0   0   0   0   0   0   0   0   0  1.18 0.07
  383 G    1 -3 -1 -2 -3 -2 -2  6 -2 -4 -4 -2 -3 -4 -2  0 -2 -3 -3 -3    8   0   0   0   0   0   0  92   0   0   0   0   0   0   0   0   0   0   0   0  1.08 0.05
  384 T    0  0  2  1 -2  1  1  1  1 -2 -2  0 -2 -3 -1  1  1 -3 -2 -1    3   3  11   8   0   8   8  14   6   0   0   3   0   0   1  13  18   0   0   3  0.20 0.01
  385 T    0 -2  0 -1 -1 -1 -1 -2 -2 -1 -2 -1 -1 -3 -1  1  6 -3 -2  0    0   0   0   0   0   0   0   0   0   1   0   0   0   0   0   1  96   0   0   0  0.66 0.06
  386 H   -2  2 -1 -2 -3  0 -1 -2  5 -2 -2  0 -1  1 -3 -1  0  1  5 -1    0  18   1   1   0   2   0   1  27   1   2   1   0   0   0   3   6   1  34   3  0.39 0.04
  387 V    0 -2 -2 -2 -1 -2 -2 -2 -3  1  0 -2  0 -2 -2  0  3 -3 -2  3    7   0   0   0   0   0   0   0   0   2   3   0   1   0   0   0  37   0   0  49  0.27 0.03
  388 T    0 -2 -1 -1 -1 -1 -1 -2 -2  0 -1 -1  1 -2 -2  2  4 -3 -2  1    2   0   0   0   0   0   0   0   0   7   2   0   6   0   0  20  54   0   0   9  0.30 0.03
  389 G    0 -3 -1 -2 -3 -2 -3  6 -2 -4 -4 -2 -3 -4 -3 -1 -2 -3 -3 -3    1   0   0   0   0   0   0  97   0   0   0   0   0   0   0   0   0   0   0   1  1.17 0.06
  390 G    1 -2 -1 -1 -3 -1 -1  6 -2 -4 -4 -1 -3 -3 -2  0 -1 -3 -3 -3    9   1   0   0   0   1   3  82   0   0   0   1   0   0   0   2   1   0   0   0  0.88 0.04
  391 A    2  0 -1 -1 -1  1  0 -1 -1 -1 -1  0 -1 -2 -1  2  2 -2 -2  0   33   4   0   0   0   7   3   1   1   0   1   4   0   0   0  15  18   0   0  12  0.17 0.02
  392 T    2 -1 -1 -1 -1  2  0 -1 -1 -1 -1  0  0 -2 -1  1  1 -3 -1  0   40   0   0   0   0  24   3   0   1   1   2   0   1   0   1   4  10   0   1  11  0.19 0.02
  393 G    3 -2 -1 -2 -1 -1 -1  4 -2 -2 -3 -1 -2 -3 -1  1 -1 -3 -2 -1   48   0   0   0   0   0   0  40   0   0   0   0   0   0   0  11   0   0   0   0  0.49 0.03
  394 H   -1  4  0 -1 -3  1  0 -2  4 -3 -2  1 -1  0 -2  0 -1 -2  1 -2    1  47   0   1   0   8   0   0  23   0   1   2   0   5   0   4   0   0   7   0  0.43 0.04
  395 T    1 -1  2  0 -1  0 -1  0  0 -2 -2 -1 -1 -2 -1  2  3 -3 -2 -1   15   1  14   3   0   1   1   5   2   0   1   1   1   0   0  12  42   0   0   1  0.25 0.02
  396 T    2 -2 -1 -2 -1 -1 -1 -2 -2  0 -1 -1  0 -2 -1  1  4 -3 -2  1   21   0   0   0   0   0   0   0   0   4   3   0   0   0   0   1  61   0   0   8  0.34 0.04
  397 S    0  2  1 -1 -2  1  0 -1  2 -2 -1  0 -1  0 -2  1  0 -1  1 -2    3  23   6   0   0  11   0   3   8   0   7   1   0   5   0  23   1   0   7   0  0.16 0.02
  398 G    0  1  0 -1 -2 -1 -1  4 -2 -3 -3  0 -2 -3 -2  1  0 -3 -3 -2    2  15   1   0   0   1   0  53   0   0   0   2   1   0   0  16   7   0   0   1  0.47 0.03
  399 I   -2 -3 -3 -4 -2 -3 -3 -4 -2  1  3 -3  1  5 -3 -3 -2  0  1  1    0   0   0   0   0   0   0   0   0   4  38   0   1  48   0   0   0   1   0   6  0.47 0.03
  400 A    2 -1 -1 -2 -1 -1 -1 -1 -2  0 -1 -1  0 -2 -1  1  4 -3 -2  1   26   1   0   0   0   0   0   0   0   0   0   0   1   0   0   2  53   0   1  16  0.30 0.04
  401 S    1  0  1 -1 -1  0 -1  1 -1 -3 -3  0 -2 -2 -1  4  1 -3 -2 -2    4   3   4   0   0   0   0  10   0   0   0   2   0   1   0  74   2   0   1   0  0.42 0.04
  402 L   -2 -3 -4 -4 -2 -3 -3 -4 -3  2  4 -3  2  3 -3 -3 -2 -1  0  1    0   0   0   0   0   0   0   0   0   8  68   0   4  18   0   0   0   0   0   1  0.43 0.03
  403 F   -3 -3 -3 -4 -3 -4 -4 -4 -2  0  1 -4  0  7 -4 -3 -2  0  3 -1    0   0   0   0   0   0   0   0   0   0   6   0   0  92   0   0   0   0   0   0  0.93 0.06
  404 L    1  0  0 -1 -1 -1 -1 -1 -1 -2 -2  0 -1 -2 -1  3  3 -3 -1 -1   10   3   2   0   0   0   0   0   0   0   0   2   1   0   0  47  29   0   1   2  0.32 0.03
  405 P    0  0 -1 -2 -2  0 -1 -2 -2 -1  0 -1 -1 -1  5  1  0 -3 -2 -1    8   8   0   0   0   3   0   0   0   1   9   0   0   4  34  23   4   0   0   5  0.45 0.02
  406 G    0 -3 -1 -2 -3 -2 -3  6 -2 -4 -4 -2 -3 -4 -3 -1 -2 -2 -3 -4    0   0   0   0   0   0   0  98   0   0   0   0   0   0   0   0   0   0   0   0  1.19 0.06
  407 A    2 -2 -2 -2 -2 -1 -1 -1 -2 -3 -3 -1 -2 -3  6  1 -1 -4 -3 -2   29   0   0   0   0   1   0   0   0   0   0   0   0   0  57  12   0   0   0   0  1.07 0.04
  408 S    2  0  0 -1 -1  1  0 -1  0 -2 -2  1 -1 -3 -1  3  1 -3 -2 -1   15   4   1   0   0   9   1   0   2   0   1   7   0   0   0  55   5   0   0   1  0.31 0.03
  409 Q   -1  1  0 -1 -4  7  2 -2  0 -3 -3  1 -1 -4 -2 -1 -1 -3 -2 -3    0   0   0   0   0  99   1   0   0   0   0   0   0   0   0   0   0   0   0   0  0.96 0.08
  410 K   -1  2  3  0 -3  1  0 -2  0 -3 -3  4 -2 -3 -2  0 -1 -4 -2 -3    0   9  24   1   0   1   1   0   1   0   0  61   0   0   0   1   0   0   0   0  0.49 0.04
  411 I   -2 -3 -4 -4 -2 -3 -4 -4 -4  5  2 -3  1  0 -3 -3 -1 -3 -2  2    0   0   0   0   0   0   0   0   0  88   8   0   0   0   0   0   0   0   0   3  0.54 0.05
  412 Q   -1  1  0 -1 -4  7  1 -2  0 -3 -3  1 -1 -4 -2 -1 -1 -3 -2 -3    0   0   0   0   0  99   0   0   1   0   0   0   0   0   0   0   0   0   0   0  0.95 0.08
  413 L   -2 -3 -4 -4 -2 -3 -3 -4 -3  1  5 -3  2  0 -3 -3 -2 -2 -1  1    0   0   0   0   0   0   0   0   0   0 100   0   0   0   0   0   0   0   0   0  0.62 0.05
  414 I   -1 -3 -4 -4 -1 -3 -3 -4 -4  4  1 -3  1 -1 -3 -2 -1 -3 -2  4    0   0   0   0   0   0   0   0   0  55   0   0   0   0   0   0   0   0   0  45  0.47 0.04
  415 N   -2 -1  7  1 -3  0 -1 -1  1 -4 -4  0 -3 -3 -3  0 -1 -4 -2 -3    0   0  96   0   0   0   0   0   3   0   0   1   0   0   0   0   0   0   0   0  0.95 0.07
  416 T    0 -1  0 -1 -1 -1 -1 -2 -2 -1 -2 -1 -1 -3 -2  2  5 -3 -2 -1    0   0   1   0   0   0   0   0   0   0   0   0   0   0   0   7  92   0   0   0  0.64 0.06
  417 N   -2 -1  7  1 -3  0 -1 -1  0 -4 -4 -1 -3 -4 -3  0  0 -4 -3 -3    0   0  99   0   0   0   1   0   0   0   0   0   0   0   0   0   0   0   0   0  1.01 0.07
  418 G    0 -3 -1 -2 -3 -2 -3  6 -3 -4 -4 -2 -3 -4 -3 -1 -2 -3 -4 -4    0   0   0   0   0   0   0 100   0   0   0   0   0   0   0   0   0   0   0   0  1.24 0.06
  419 S    1 -1  0 -1 -1 -1 -1 -1 -1 -3 -3 -1 -2 -3 -1  5  1 -3 -2 -2    0   0   1   0   0   0   0   0   0   0   0   0   0   0   0  99   0   0   0   0  0.64 0.07
  420 W   -3 -3 -5 -5 -3 -3 -4 -3 -3 -3 -2 -4 -2  0 -5 -4 -3 12  2 -4    0   0   0   0   0   0   0   0   0   0   0   0   0   0   0   0   0 100   0   0  2.87 0.11
  421 H   -2 -1  0 -2 -4  0 -1 -3  9 -4 -3 -1 -2 -2 -3 -1 -2 -3  1 -4    0   0   0   0   0   0   0   0 100   0   0   0   0   0   0   0   0   0   0   0  1.36 0.09
  422 I   -2 -4 -4 -4 -2 -3 -4 -4 -4  5  1 -3  1 -1 -3 -3 -1 -3 -2  2    0   0   0   0   0   0   0   0   0  99   0   0   0   0   0   0   0   0   0   1  0.61 0.06
  423 N   -2 -1  7  1 -3  0 -1 -1  0 -4 -4 -1 -3 -4 -3  0  0 -4 -3 -4    0   0 100   0   0   0   0   0   0   0   0   0   0   0   0   0   0   0   0   0  1.02 0.07
  424 R   -2  6 -1 -2 -4  1 -1 -3 -1 -4 -3  2 -2 -3 -3 -1 -2 -3 -2 -3    0  99   0   0   0   0   0   0   0   0   0   0   0   0   0   1   0   0   0   0  1.00 0.07
  425 T    0 -2  0 -2 -1 -1 -1 -2 -2 -1 -2 -1 -1 -3 -2  1  6 -3 -2  0    0   0   0   0   0   0   0   0   0   0   0   0   0   0   0   0 100   0   0   0  0.72 0.07
  426 A    5 -2 -2 -2 -1 -1 -1  0 -2 -2 -2 -1 -1 -3 -1  1  0 -3 -2 -1   99   0   0   0   0   0   0   0   0   0   0   0   0   0   0   1   0   0   0   0  0.58 0.06
  427 L   -2 -3 -4 -4 -2 -3 -3 -4 -3  1  5 -3  2  0 -3 -3 -2 -2 -1  1    0   0   0   0   0   0   0   0   0   0 100   0   0   0   0   0   0   0   0   0  0.62 0.05
  428 N   -2 -1  7  1 -3  0 -1 -1  0 -4 -4 -1 -3 -4 -3  0  0 -4 -3 -3    0   0  97   0   0   0   0   0   0   0   0   0   0   0   0   2   0   0   0   0  0.98 0.07
  429 C   -1 -4 -3 -4 10 -4 -4 -3 -4 -2 -2 -4 -2 -3 -4 -1 -1 -3 -3 -1    0   0   0   0 100   0   0   0   0   0   0   0   0   0   0   0   0   0   0   0  1.74 0.09
  430 N   -2 -1  7  1 -3  0 -1 -1  0 -4 -4  0 -3 -4 -3  0  0 -4 -3 -3    0   0  99   0   0   0   0   0   0   0   0   1   0   0   0   0   0   0   0   0  1.00 0.07
  431 D   -2 -2  1  6 -4  0  2 -2 -1 -4 -4 -1 -4 -4 -2 -1 -1 -5 -4 -4    1   0   0  92   0   0   7   0   0   0   0   0   0   0   0   0   0   0   0   0  1.07 0.06
  432 S    1 -1  0 -1 -1 -1 -1 -1 -1 -3 -3 -1 -2 -3 -1  5  2 -3 -2 -2    0   0   0   0   0   0   0   0   0   0   0   0   0   0   0  92   8   0   0   0  0.59 0.06
  433 L   -2 -3 -4 -4 -2 -3 -3 -4 -2  1  4 -3  2  1 -3 -3 -2 -2 -1  1    0   0   0   0   0   0   0   0   1   2  94   0   0   2   0   0   0   0   1   0  0.56 0.05
  434 N   -1  0  4  0 -3  4  1 -2  3 -3 -3  1 -2 -3 -2  0 -1 -3 -1 -3    0   1  37   1   0  39   0   0  12   0   0   7   0   0   0   2   1   0   0   0  0.51 0.04
  435 T    0 -2  0 -2 -1 -1 -1 -2 -2 -1 -2 -1 -1 -3 -2  1  6 -3 -2  0    1   0   0   0   0   0   0   0   0   0   0   0   0   0   0   1  98   0   0   0  0.70 0.07
  436 G    0 -3 -1 -2 -3 -2 -3  6 -3 -4 -4 -2 -3 -4 -3 -1 -2 -3 -4 -4    0   0   0   0   0   0   0 100   0   0   0   0   0   0   0   0   0   0   0   0  1.24 0.06
  437 F   -3 -3 -4 -4 -3 -4 -4 -4 -2 -1  0 -4 -1  7 -4 -3 -3  5  3 -1    0   0   0   0   0   0   0   0   0   0   0   0   0  91   0   0   0   9   0   0  1.03 0.07
  438 L   -2 -3 -4 -4 -2 -3 -3 -4 -3  3  4 -3  2  1 -3 -3 -1 -2 -1  1    0   0   0   0   0   0   0   0   0  27  66   0   0   4   0   0   0   0   0   3  0.44 0.03
  439 A    5 -2 -2 -2 -1 -1 -1  0 -2 -2 -2 -1 -1 -3 -1  1  0 -3 -2 -1   97   0   0   0   0   0   0   0   0   0   0   1   0   0   0   2   1   0   0   0  0.56 0.06
  440 A    5 -2 -2 -2 -1 -1 -1  1 -2 -2 -2 -1 -1 -3 -1  1  0 -3 -2 -1   90   0   0   0   0   0   0   5   0   0   0   0   0   0   0   5   0   0   0   0  0.51 0.05
  441 L   -2 -3 -4 -4 -2 -3 -3 -4 -3  1  5 -3  2  0 -3 -3 -2 -2 -1  1    0   0   0   0   0   0   0   0   0   0  99   0   0   0   0   0   0   0   0   1  0.61 0.05
  442 F   -3 -3 -4 -4 -3 -4 -4 -4 -2  0  0 -4  0  7 -4 -3 -3  0  3 -1    0   0   0   0   0   0   0   0   0   2   2   0   0  95   0   0   0   0   0   1  0.99 0.07
  443 Y   -2 -2 -3 -4 -3 -2 -3 -4  1 -2 -2 -2 -2  3 -4 -2 -2  2  8 -2    0   0   0   0   0   0   0   0   0   0   0   0   0   0   0   0   0   0 100   0  1.25 0.08
  444 T    2 -1 -1 -2 -1 -1 -1 -1 -1  0 -1  0 -1 -2 -1  1  3 -2  0  1   30   2   0   0   0   0   0   0   1   0   0   4   0   0   0   2  44   0   3  12  0.23 0.03
  445 H   -2  2  2 -1 -3  0  0 -2  7 -4 -3  0 -2 -2 -3 -1 -2 -3  1 -3    0  12  13   0   0   0   0   0  66   0   0   4   0   0   0   2   0   0   2   0  0.75 0.06
  446 K   -1  4  0 -1 -3  1  0 -2 -1 -3 -3  4 -2 -3 -2  1 -1 -3 -2 -3    0  29   4   0   0   0   1   0   0   0   0  55   0   0   0  10   0   0   0   0  0.51 0.04
  447 F   -3 -3 -4 -4 -3 -4 -4 -4 -2  0  0 -4  0  7 -4 -3 -3  0  3 -1    0   0   0   0   0   0   0   0   0   2   3   0   0  94   0   0   0   0   0   1  0.97 0.07
  448 N   -2 -1  7  1 -3  0 -1 -1  0 -4 -4 -1 -3 -4 -3  0  0 -4 -3 -4    0   0  99   1   0   0   0   0   0   0   0   0   0   0   0   0   0   0   0   0  1.01 0.07
  449 A    3 -1  0  0 -1 -1 -1  0 -2 -2 -2 -1 -1 -3 -1  3  1 -3 -2 -1   41   0   0   2   0   0   0   1   0   0   1   0   1   0   0  53   2   0   0   0  0.39 0.04
  450 S    1 -1  0 -1 -1 -1 -1 -1 -1 -3 -3 -1 -2 -3 -1  5  1 -3 -2 -2    0   0   0   0   0   0   0   0   0   0   0   0   0   0   0  97   3   0   0   0  0.62 0.06
  451 G    0 -2 -1 -2 -3 -2 -3  6 -3 -4 -4 -2 -3 -4 -3 -1 -2 -3 -4 -4    1   1   0   0   0   0   0  99   0   0   0   0   0   0   0   0   0   0   0   0  1.21 0.06
  452 C   -1 -4 -3 -4 10 -4 -4 -3 -4 -2 -2 -4 -2 -3 -3 -1 -1 -3 -3 -1    1   0   0   0  99   0   0   1   0   0   0   0   0   0   0   0   0   0   0   0  1.70 0.09
  453 P   -1 -2 -2 -2 -3 -1 -1 -2 -2 -3 -2 -1 -2 -4  7  0 -1 -4 -3 -2    1   1   0   0   0   1   1   0   0   0   5   0   0   0  83   6   2   0   0   0  1.66 0.06
  454 E   -1 -1 -1  1 -4  2  6 -2  0 -4 -3  0 -2 -4 -2  0 -1 -3 -2 -3    0   0   0   1   0   3  93   1   0   0   0   0   0   0   0   1   0   0   0   0  0.87 0.06
  455 R   -2  6 -1 -2 -4  1 -1 -3  0 -3 -3  2 -2 -3 -3 -1 -2 -3 -2 -3    0  99   0   0   0   0   0   0   1   0   0   0   0   0   0   0   0   0   0   1  0.99 0.07
  456 L   -2 -2 -3 -4 -2 -1 -3 -3 -2  1  3 -2  7  0 -3 -2 -1 -2 -2  0    0   0   0   0   0   0   0   0   0   0  20   0  80   0   0   0   0   0   0   0  0.63 0.07
  457 A    5 -2 -2 -2 -1 -1 -1  0 -2 -2 -2 -1 -1 -3 -1  1  0 -3 -2 -1   95   0   1   0   0   0   0   0   0   0   0   0   0   0   0   2   1   0   0   0  0.54 0.06
  458 S    1 -1  0 -1 -1  0  0  0  1 -3 -3  0 -2 -3 -1  5  1 -3 -2 -2    0   2   0   0   0   1   0   1   3   0   0   1   0   0   0  90   1   0   0   0  0.54 0.06
  459 C   -1 -4 -3 -4 10 -4 -4 -3 -4 -2 -2 -4 -2 -3 -4 -1 -1 -3 -3 -1    0   0   0   0 100   0   0   0   0   0   0   0   0   0   0   0   0   0   0   0  1.74 0.09
  460 R   -2  6 -1 -2 -4  1  0 -3  1 -3 -2  2 -2 -3 -3 -1 -2 -3 -2 -3    0  92   0   0   0   2   0   0   3   0   2   1   0   0   0   1   0   0   0   0  0.88 0.06
  461 S   -1 -2 -1 -2 -3 -1 -1 -2 -2 -3 -3 -1 -3 -3  7  2  0 -4 -3 -3    0   1   0   0   0   0   0   0   0   0   0   0   0   1  69  26   3   0   0   0  1.36 0.06
  462 I   -2 -3 -4 -4 -2 -3 -4 -4 -4  5  2 -3  1  0 -3 -3 -1 -3 -2  2    0   0   0   0   0   0   0   0   0  93   5   0   0   0   0   0   0   0   0   1  0.57 0.06
  463 D   -1 -2  1  6 -4 -1  1  0 -1 -3 -4 -1 -3 -4 -2  0  0 -4 -3 -3    1   0   3  80   0   0   2   4   0   0   0   0   0   0   0   5   4   0   0   0  0.83 0.05
  464 G    0  1  0  1 -3  2  3 -2 -1 -3 -3  3 -2 -3 -1  0  1 -2 -2 -2    3   2   1   6   0   7  24   1   0   0   0  42   0   0   0   4  10   1   1   0  0.35 0.03
  465 F   -3 -3 -4 -4 -3 -4 -4 -4 -2 -1  0 -4  0  7 -4 -3 -3  1  3 -1    0   0   0   0   0   0   0   0   0   0   0   0   0 100   0   0   0   0   0   0  1.07 0.07
  466 D    3 -2  0  4 -2 -1  0 -1 -2 -2 -2 -1 -2 -3 -1  1  0 -4 -3 -1   51   0   1  40   0   0   1   0   0   0   0   0   0   0   0   3   2   0   0   2  0.40 0.04
  467 Q   -1  1  0 -1 -4  7  1 -2  0 -3 -3  1 -1 -4 -2 -1 -1 -3 -2 -3    0   0   0   0   0 100   0   0   0   0   0   0   0   0   0   0   0   0   0   0  0.96 0.08
  468 G    0 -3 -1 -2 -3 -2 -3  6 -3 -4 -4 -2 -3 -4 -3 -1 -2 -3 -4 -4    0   0   0   0   0   0   0 100   0   0   0   0   0   0   0   0   0   0   0   0  1.24 0.06
  469 W   -3 -3 -4 -5 -3 -3 -4 -3 -2 -3 -2 -4 -2  0 -5 -4 -3 12  2 -4    0   0   0   0   0   0   0   0   0   0   0   0   0   0   0   0   0  99   0   0  2.82 0.11
  470 G    0 -3 -1 -2 -3 -2 -3  6 -3 -4 -4 -2 -3 -4 -3 -1 -2 -3 -4 -4    0   0   0   0   0   0   0 100   0   0   0   0   0   0   0   0   0   0   0   0  1.24 0.06
  471 P   -1 -3 -2 -2 -3 -2 -2 -3 -2 -3 -3 -2 -3 -4  8 -1 -1 -4 -3 -3    0   0   0   0   0   0   0   0   0   0   0   0   0   0  97   3   0   0   0   0  2.13 0.07
  472 I   -2 -4 -4 -4 -2 -3 -4 -4 -4  5  1 -3  1 -1 -3 -3 -1 -3 -2  2    0   0   0   0   0   0   0   0   0  97   1   0   0   0   0   0   0   0   0   2  0.59 0.06
  473 T    0 -1  0 -1 -1 -1 -1 -2 -2 -1 -2 -1 -1 -3 -2  1  5 -3 -2 -1    0   1   0   0   0   0   0   1   0   0   0   0   0   0   0   4  94   0   0   0  0.65 0.06
  474 Y   -2 -2 -2 -3 -3 -2 -2 -4  4 -2 -2 -2 -2  2 -3 -2 -2  2  7 -2    0   0   0   0   0   0   0   0  13   0   0   0   0   0   0   0   0   0  87   0  1.07 0.07
  475 T    3 -2  0  0 -1 -1 -1  0 -2 -1 -2 -1 -1 -2 -1  1  2 -3 -2  0   56   0   5   6   0   0   0   3   0   0   0   0   0   0   0   2  19   0   0   9  0.25 0.03
  476 E   -1  0  1  1 -3  1  4  1 -1 -3 -3  1 -2 -3 -2  0 -1 -3 -2 -2    1   3   5   4   0   1  53  12   0   0   0  11   1   0   0   2   2   0   0   5  0.38 0.03
  477 P    0 -1 -1 -1 -3  0 -1  0  1 -3 -3 -1 -2 -3  6  1  0 -3 -2 -2    3   4   0   1   0   4   1   6   5   0   1   0   0   0  55  17   2   0   0   1  0.94 0.04
  478 G    0  2  2  1 -1  0  0  2  2 -3 -3  0 -2 -3  2  1  0 -3 -2 -2    3  17  11  10   2   3   1  16  10   0   1   0   0   0  10  13   2   0   0   1  0.23 0.01
  479 D    0 -1  2  2 -2 -1  0  2 -1 -1 -2 -1 -2 -3  0  2  0 -3 -2 -1    2   2  10  18   0   0   0  19   0   6   0   0   0   0   3  34   2   0   0   2  0.25 0.02
  480 S    0 -1 -1 -2 -2  0 -1 -2 -2 -1  1 -1  0 -2  3  2  0 -2 -2 -1    1   2   0   0   0   5   0   0   0   0  31   0   1   0  17  42   1   0   0   1  0.26 0.03
  481 D   -2 -2  1  7 -4 -1  1 -2 -1 -4 -4 -1 -4 -4 -2 -1 -2 -5 -4 -4    0   0   0  98   0   0   1   1   0   0   0   0   0   0   0   0   0   0   0   0  1.14 0.07
  482 Q   -1  1  0 -1 -4  7  1 -2  1 -3 -3  1 -1 -4 -2 -1 -1 -3 -2 -3    0   1   0   0   0  97   0   0   2   0   0   0   0   0   0   0   0   0   0   0  0.92 0.08
  483 K   -2  6 -1 -2 -4  1  0 -3 -1 -4 -3  2 -2 -3 -3 -1 -2 -3 -2 -3    0  92   0   0   0   0   0   0   0   0   0   8   0   0   0   0   0   0   0   0  0.93 0.06
  484 P   -1 -3 -3 -2 -3 -2 -2 -3 -3 -3 -3 -2 -3 -4  8 -1 -2 -4 -4 -3    0   0   0   0   0   0   0   0   0   0   0   0   0   0  99   0   0   0   0   0  2.21 0.08
  485 Y   -2 -2 -3 -4 -3 -2 -3 -4  1 -2 -2 -2 -2  3 -4 -2 -2  2  8 -2    0   0   0   0   0   0   0   0   0   0   0   0   0   0   0   0   0   0 100   0  1.25 0.08
  486 C   -1 -4 -3 -4 10 -4 -4 -3 -4 -2 -2 -4 -2 -3 -4 -1 -1 -3 -3 -1    0   0   0   0 100   0   0   0   0   0   0   0   0   0   0   0   0   0   0   0  1.74 0.09
  487 W   -3 -3 -4 -5 -3 -3 -4 -3 -3 -3 -2 -4 -2  0 -4 -3 -3 12  2 -4    0   0   0   0   0   0   0   0   0   0   0   0   0   0   0   1   0  99   0   0  2.84 0.11
  488 H   -2 -1  0 -2 -4  0 -1 -3  9 -4 -3 -1 -2 -2 -3 -1 -2 -3  1 -4    0   0   0   0   0   0   0   0  99   0   0   0   0   0   0   1   0   0   0   0  1.34 0.09
  489 Y   -2 -2 -3 -4 -3 -2 -3 -4  1 -2 -2 -2 -2  3 -4 -2 -2  2  8 -2    0   0   0   0   0   0   0   0   0   0   0   0   0   0   0   0   0   0 100   0  1.25 0.08
  490 A    5 -2 -2 -2 -1 -1 -1  0 -2 -2 -2 -1 -1 -3  2  1  0 -3 -2 -1   90   0   0   0   0   0   0   0   0   0   0   0   0   0  10   0   0   0   0   0  0.54 0.05
  491 P   -1 -3 -3 -2 -3 -2 -2 -3 -3 -3 -3 -2 -3 -4  8 -1 -2 -4 -4 -3    0   0   0   0   0   0   0   0   0   0   0   0   0   0 100   0   0   0   0   0  2.23 0.08
  492 Q   -1  5  0 -1 -4  4  1 -2  0 -3 -3  2 -1 -3 -1 -1 -1 -3 -2 -3    0  53   0   0   0  31   2   0   0   0   0  11   0   0   2   1   0   0   0   0  0.62 0.04
  493 R   -1 -1 -2 -2 -3  1 -1 -3 -2 -3 -3 -1 -3 -4  7 -1 -1 -4 -3 -3    0   3   0   0   0  11   0   0   0   0   0   2   0   0  84   0   0   0   0   0  1.74 0.06
  494 C   -1 -4 -3 -4 10 -4 -4 -3 -4 -2 -2 -4 -2 -3 -4 -1 -1 -3 -3 -1    0   0   0   0 100   0   0   0   0   0   0   0   0   0   0   0   0   0   0   0  1.74 0.09
  495 S    0 -3 -1 -1 -3 -2 -2  6 -2 -4 -4 -2 -3 -4 -3  0 -2 -3 -3 -3    0   0   0   1   0   0   0  96   0   0   0   0   0   0   0   1   1   0   0   0  1.14 0.06
  496 V   -1 -3 -3 -3 -2 -3 -3 -4 -4  5  1 -3  1 -1 -3 -2  0 -3 -2  2    0   0   0   0   0   0   0   0   0  86   1   0   0   0   0   0   8   0   0   5  0.48 0.05
  497 V   -1 -3 -3 -3 -1 -2 -2 -4 -3  3  1 -3  0 -1 -3 -2  0 -3 -2  5    0   0   0   0   0   0   2   0   0  13   0   0   0   0   0   0   0   0   0  85  0.46 0.05
  498 S   -1 -2 -2 -2 -3 -2 -2 -3 -3 -3 -3 -1 -3 -4  8 -1 -2 -4 -4 -3    0   0   0   0   0   0   0   0   0   0   0   0   0   0  97   2   0   0   0   0  2.15 0.08
  499 A    5 -2 -2 -2 -1 -1 -1  0 -2 -2 -2 -1 -1 -3 -1  1  0 -3 -2 -1   99   0   0   0   0   0   0   0   0   0   0   0   0   0   0   0   1   0   0   0  0.58 0.06
  500 A    2 -1  0 -1 -1  0  0 -1 -1 -2 -1  0 -1 -3 -1  4  1 -3 -2 -2   17   2   0   0   0   1   1   0   0   0   6   2   0   0   0  71   0   0   0   0  0.38 0.04
  501 D   -1  1  0  0 -3  5  3 -2  0 -3 -3  1 -1 -4 -2  0  0 -3 -2 -3    0   1   1   2   0  60  23   1   0   0   0   5   0   0   0   2   5   0   0   0  0.59 0.05
  502 V   -1 -3 -3 -4 -1 -3 -3 -4 -4  2  0 -3  0 -1 -3 -2  0 -3 -2  5    0   0   0   0   0   0   0   0   0   0   0   0   0   0   0   0   0   0   0 100  0.55 0.06
  503 C   -1 -4 -3 -4 10 -4 -4 -3 -4 -2 -2 -4 -2 -3 -4 -1 -1 -3 -3 -1    0   0   0   0 100   0   0   0   0   0   0   0   0   0   0   0   0   0   0   0  1.74 0.09
  504 G    0 -3 -1 -2 -3 -2 -3  6 -3 -4 -4 -2 -3 -4 -3 -1 -2 -3 -4 -4    0   0   0   0   0   0   0 100   0   0   0   0   0   0   0   0   0   0   0   0  1.24 0.06
  505 P   -1 -3 -3 -2 -3 -2 -2 -3 -3 -3 -4 -2 -3 -4  8 -1 -2 -4 -4 -3    0   0   0   0   0   0   0   0   0   0   0   0   0   0 100   0   0   0   0   0  2.24 0.08
  506 V   -1 -3 -3 -4 -1 -3 -3 -4 -4  2  0 -3  0 -1 -3 -2  0 -3 -2  5    0   0   0   0   0   0   0   0   0   0   0   0   0   0   0   0   0   0   0 100  0.55 0.06
  507 Y   -2 -2 -3 -4 -3 -2 -3 -4  1 -2 -2 -2 -2  3 -4 -2 -2  2  8 -2    0   0   0   0   0   0   0   0   0   0   0   0   0   0   0   0   0   0 100   0  1.25 0.08
  508 C   -1 -4 -3 -4 10 -4 -4 -3 -4 -2 -2 -4 -2 -3 -4 -1 -1 -3 -3 -1    0   0   0   0 100   0   0   0   0   0   0   0   0   0   0   0   0   0   0   0  1.74 0.09
  509 F   -3 -3 -4 -4 -3 -4 -4 -4 -2 -1  0 -4  0  7 -4 -3 -3  1  3 -1    0   0   0   0   0   0   0   0   0   0   0   0   0 100   0   0   0   0   0   0  1.07 0.07
  510 T    0 -2  0 -2 -1 -1 -1 -2 -2 -1 -2 -1 -1 -3 -2  1  6 -3 -2  0    0   0   0   0   0   0   0   0   0   0   0   0   0   0   0   0 100   0   0   0  0.72 0.07
  511 P   -1 -3 -3 -2 -3 -2 -2 -3 -3 -3 -4 -2 -3 -4  8 -1 -2 -4 -4 -3    0   0   0   0   0   0   0   0   0   0   0   0   0   0 100   0   0   0   0   0  2.24 0.08
  512 S    1 -1  0 -1 -1 -1 -1 -1 -1 -3 -3 -1 -2 -3 -1  5  1 -3 -2 -2    0   0   0   0   0   0   0   0   0   0   0   0   0   0   0  99   1   0   0   0  0.64 0.07
  513 P   -1 -3 -3 -2 -3 -2 -2 -3 -3 -3 -4 -2 -3 -4  8 -1 -2 -4 -4 -3    0   0   0   0   0   0   0   0   0   0   0   0   0   0 100   0   0   0   0   0  2.24 0.08

                      K         Lambda
Standard Ungapped    0.1364     0.3213
Standard Gapped      0.0498     0.2670
PSI Ungapped         0.1638     0.3144
PSI Gapped           0.0498     0.2670
