
Last position-specific scoring matrix computed, weighted observed percentages rounded down, information per position, and relative weight of gapless real matches to pseudocounts
           A  R  N  D  C  Q  E  G  H  I  L  K  M  F  P  S  T  W  Y  V   A   R   N   D   C   Q   E   G   H   I   L   K   M   F   P   S   T   W   Y   V
    1 M   -2 -2 -3 -4 -2 -1 -3 -4 -3  0  1 -2  9 -1 -4 -2 -2 -2 -2  0    0   0   0   0   0   0   0   0   0   0   0   0 100   0   0   0   0   0   0   0  1.07 0.18
    2 R   -2  7 -1 -2 -4  1 -1 -3 -1 -4 -3  2 -2 -4 -3 -2 -2 -4 -3 -3    0  97   0   0   0   1   0   0   0   0   0   1   0   0   0   0   0   0   0   0  1.17 0.15
    3 G    0 -2 -1 -2  4 -1 -2  3 -2 -3 -3 -2 -2 -3 -2  4  1  4 -2 -3    0   0   0   0  11   0   0  23   0   0   0   0   0   0   0  55   3   8   0   0  0.52 0.11
    4 Q   -2  4 -2 -2  3  3 -1 -3 -1 -3 -3  0 -2 -2  0  0 -2  7 -1 -3    0  36   0   0   9  21   0   0   0   0   0   0   0   0   3   6   0  23   0   0  0.72 0.12
    5 R   -1  5 -1 -2 -4  4  0 -3 -1 -3 -2  1  0 -3  2  0 -1 -1 -2 -3    2  48   0   0   0  28   0   0   0   0   2   2   5   0  10   4   0   1   0   0  0.57 0.11
    6 S   -1  4 -1 -2 -3  0 -1 -1 -2 -4 -3  0 -2 -2 -3  3 -1  8 -1 -3    0  37   2   0   0   2   0   2   0   0   0   0   0   0   0  33   0  25   0   0  0.74 0.13
    7 L    0 -2 -2 -3  0  2 -1 -3 -2  0  2 -1  4 -1 -3  1 -1 -2 -1  0    5   0   0   0   2  17   0   0   0   1  33   0  24   0   0  14   0   0   1   3  0.23 0.08
    8 L   -1 -1 -3 -4 -2 -3 -3 -2 -2  1  3 -3  1  4 -3 -1 -2 -1  1  1    2   3   0   0   0   0   0   2   0   6  35   0   1  35   0   5   0   0   2   8  0.33 0.08
    9 L    2 -1 -2 -2 -1 -1 -2 -2 -2  0  2 -1  0  0 -1  2  0  1 -1  0   22   2   0   0   0   0   0   0   0   2  29   0   0   4   2  27   2   2   0   7  0.15 0.06
   10 G    2  2  0 -2  0  0 -1  3  2 -3 -2  0 -2 -3 -2  0 -1 -3 -2 -2   33  21   3   0   3   2   0  26   6   0   2   0   0   0   0   3   0   0   0   0  0.31 0.08
   11 P    0 -2 -2 -3 -2 -2 -2 -2 -1  1  0 -2  2 -2  4 -1 -1 -3 -2  2    8   1   0   0   0   0   0   2   2   4   9   0   8   0  27   5   2   0   0  33  0.39 0.08
   12 A    2 -2 -3 -3 -2 -2 -2 -2 -3  0  2 -2  6 -1 -3 -1  0 -3 -2  0   26   0   0   0   0   0   0   0   0   3  14   0  46   0   0   0   5   0   0   4  0.44 0.14
   13 R   -2  7 -1 -3 -4  0 -1 -3  2 -3 -2  1  0 -1 -3 -1 -2 -3 -2 -3    0  81   0   0   0   0   0   0   6   0   2   0   3   4   0   2   0   0   0   0  0.95 0.19
   14 L   -2  0 -3 -3 -2 -2 -3 -3 -1  1  4 -2  1  2 -2 -2 -1  0 -1  0    1   6   0   0   0   0   1   1   2   2  67   1   0   9   2   2   1   1   0   3  0.37 0.10
   15 C    0 -2 -3 -3  7 -3 -3 -2 -3  0  2 -3  0  0 -3 -1 -1 -2 -2  0    8   2   0   0  37   0   0   2   0   0  35   0   0   5   0   4   0   0   0   3  0.53 0.11
   16 L   -2 -2 -3 -3 -2 -1 -3 -4 -3  1  4 -2  1  0 -3 -1 -1 -2 -2  2    0   2   0   0   0   2   0   0   0   1  67   0   1   2   0   8   0   0   0  14  0.42 0.12
   17 R   -2  6 -2 -3 -4  0 -1 -3  0 -1 -1  3 -2 -2 -3 -2 -2 -1 -2 -3    0  65   0   0   0   0   0   0   2   4   8  19   0   1   0   0   0   1   0   0  0.82 0.20
   18 L   -2 -1 -4 -4  6 -3 -3 -3 -3 -1  3 -1  3 -1 -4 -3 -2  7 -1 -1    0   3   0   0  27   0   0   1   0   0  34   6   9   0   0   0   0  19   0   0  0.77 0.18
   19 L   -2  1 -3 -4  4 -2 -3 -4 -3  1  3 -1  3  0 -2 -2 -2 -3 -2  1    0  10   0   0  14   1   0   0   0   3  41   4  11   2   1   2   0   0   0  10  0.32 0.12
   20 L   -2  4 -2 -3  3  0 -2 -4 -2 -1  2  1  0 -2 -2 -2 -1  1 -1  0    0  37   0   0   9   2   0   0   0   0  31   5   0   0   2   0   1   2   1  10  0.35 0.13
   21 L   -2  0 -3 -4  2 -1 -3 -2 -1  1  3 -2  1  0 -2 -2 -1 -3 -2  2    0   8   0   0   6   3   0   4   2   6  46   0   0   3   1   2   0   0   0  18  0.25 0.10
   22 L   -1  0 -1 -2  6 -1 -2  0  0  1  2 -2  0 -1 -2 -1  0 -2 -2  0    1   7   2   1  22   1   2   7   4  11  28   1   0   0   1   4   6   0   0   1  0.21 0.09
   23 G   -1  4 -1 -2  0 -1 -2  3 -2 -3 -2  2 -2 -3  0 -1 -1  4 -2 -3    0  27   0   0   2   0   0  33   0   0   4  18   0   0   5   1   2   6   0   0  0.48 0.15
   24 Y   -2  4 -1 -3  1  0 -2  0  0 -3 -2  0  0  0 -1 -1 -2  6  3 -3    0  37   3   0   4   3   0   7   2   0   3   3   3   3   2   2   1  15  13   0  0.52 0.17
   25 R   -2  6  0 -3 -4  1 -1 -1  0 -3 -1  1 -2 -4 -3 -1 -1 -4 -3 -3    1  64   4   0   0   5   0   6   2   0   7   4   0   0   0   4   3   0   0   0  0.75 0.22
   26 R   -2  5  1 -1  0  0  1  0  0 -4 -3  1 -3  0 -3  0 -1 -4 -2 -3    0  53   6   2   2   2   8   7   1   0   1   3   0   5   0   9   1   0   0   0  0.56 0.19
   27 R   -2  5  1 -2 -4  0  0 -1  0 -1 -2  2 -2 -1 -3 -1 -1 -3 -1 -2    1  47   5   0   0   1   6   6   2   4   3  13   0   4   0   3   2   0   2   1  0.46 0.17
   28 C    0  2 -3 -3  5 -2 -3 -2 -2 -1  0 -1 -1  4 -1 -1 -1  0  0 -1   11  16   0   1  16   0   0   2   0   0  10   1   0  28   4   3   4   1   1   3  0.31 0.15
   29 P   -2  0 -2 -2 -4  0 -1 -2 -3 -3 -1  2 -2 -1  6  1 -2  1 -3 -3    1   5   0   0   0   4   1   3   0   0   9  20   0   3  41  10   0   3   0   0  0.75 0.21
   30 P    0  2  1 -1 -3  0  1 -1 -1 -2 -1  2 -2 -3  3  1  0 -2 -1 -2    6  13   8   1   0   0   8   4   0   1   7  13   0   0  18  12   3   1   2   1  0.25 0.09
   31 L   -2  1 -4 -4  0 -2 -3 -3 -3  2  3 -2  1  2 -1 -3 -2  4 -1  0    1  11   0   0   2   1   1   1   0  16  39   1   2   9   3   0   1   7   0   4  0.34 0.16
   32 L   -1 -2 -3 -3 -1 -2 -3 -2 -1  2  3 -2  0  2 -2 -2 -1  3  1  2    2   2   0   0   1   1   0   3   1  12  32   3   0  10   2   2   2   4   5  17  0.21 0.10
   33 R   -1  5  0 -2 -4  2 -1 -1  0 -4 -3  2 -2 -3 -3  1  0 -1 -2 -3    2  42   2   1   0   9   1   3   2   0   2  14   0   1   0  13   5   1   1   0  0.53 0.20
   34 G   -1  3  1 -1  0  2 -1  1  0 -1 -2  1 -2 -2 -3  1  0 -1  0 -1    0  18   8   1   3  16   1  15   2   7   1   9   0   1   0   9   4   1   3   3  0.20 0.12
   35 L    0 -3 -1 -3 -1 -3 -3 -3 -3  2  3 -3  2  2 -1 -2  0  0  0  2    8   1   4   0   1   0   0   0   0  14  30   0   7   9   3   0   6   1   3  15  0.24 0.12
   36 V   -1  3 -1 -2 -3  0  1 -2 -1  0  0  2 -1 -1 -2 -1 -1  2 -1  1    1  19   3   0   0   4  11   3   1   3  12  18   0   2   1   2   0   3   2  15  0.16 0.11
   37 Q   -1  1 -1  0 -4  5  2 -3 -1 -2 -1  2  0 -2 -3 -1 -1  1 -2 -3    2   8   2   4   0  36  16   1   0   1   6  10   2   2   0   1   4   3   0   0  0.46 0.21
   38 R   -1  3  1 -2 -3  1 -1 -3  0 -1  2  2 -1 -2 -2 -2 -1 -2 -1 -2    3  20   9   1   0   6   1   0   3   1  29  18   0   1   1   0   2   1   2   1  0.24 0.15
   39 W   -4 -5 -6 -6  3 -4 -5 -5 -4 -1 -2 -5 -2  2 -6 -5 -4 11  3 -4    0   0   0   0   8   0   0   0   0   4   4   0   1   8   0   0   0  65  10   1  2.52 0.52
   40 R    0  3  1 -1 -3  1 -1 -2  4 -3 -2  0 -2  0 -3  2 -1  4  0 -3    6  20   5   2   0   7   2   2  13   1   4   3   0   5   0  18   2   7   3   0  0.29 0.15
   41 Y   -2  2 -1 -4  0 -1 -3 -4 -1 -2 -1  0 -2  1 -4 -2 -3  0  7 -1    2  11   3   0   2   2   0   0   0   2   5   7   0   3   0   1   0   1  55   5  0.89 0.31
   42 G    1 -3 -2 -3  1 -2 -3  3 -3  0  1 -2  1  1 -3  0 -1  2 -1  0   14   0   0   0   3   0   0  29   0   7  13   0   6   9   0   6   2   4   2   5  0.23 0.12
   43 K   -2  4 -1 -2 -4  2  0 -3  5 -3 -2  5 -1 -4 -3 -1 -2 -4 -2 -3    0  22   1   0   0   7   2   0  16   1   3  41   1   0   0   4   0   0   0   1  0.69 0.26
   44 V   -2 -3 -2 -4 -2 -1 -3 -4  0  3  4 -3  2  2 -4 -3 -2 -2  0  2    0   0   2   0   0   3   0   0   3  18  45   1   4   7   0   0   0   0   3  13  0.45 0.18
   45 C   -1 -4 -3 -4  8 -3 -3 -4 -4  2  1 -3  1 -1 -4 -2  2  1 -1  1    3   0   0   0  35   0   1   0   0  12  11   0   3   2   0   1  16   2   2  10  0.67 0.23
   46 L   -1 -3 -4 -4 -2 -3 -4 -4 -3  1  3 -3  1  4 -4 -2 -2  3  2  0    4   0   0   0   0   0   0   0   0   9  42   0   2  21   0   2   1   4   7   5  0.50 0.19
   47 R   -1  5  0 -2 -2  1 -1 -2  2 -2 -1  3 -1 -2 -3 -2 -2 -3 -1 -2    4  41   3   1   1   5   0   1   7   2   9  22   1   1   0   1   0   0   2   1  0.51 0.21
   48 S   -1 -1 -1 -2 -3 -2 -2 -2 -3 -4 -4 -2 -3 -4 -3  6  0  3 -3 -3    1   2   2   0   0   0   0   0   0   0   0   0   0   0   0  85   3   4   0   1  1.21 0.43
   49 L   -4 -4 -6 -6 -1 -4 -5 -6 -5  0  6 -5  1  1 -5 -5 -3 -3 -1 -1    0   0   0   0   1   0   0   0   0   0  91   0   2   4   0   0   0   0   1   0  1.27 0.39
   50 L   -1 -4 -4 -4  3 -3 -4 -4 -3  1  2 -4 -1  5 -4 -2  1 -1  3  0    3   0   0   0   7   0   0   0   0   5  28   0   0  29   0   1  11   0  11   6  0.51 0.21
   51 Y   -4 -4 -2 -5 -1 -4 -4 -5  2 -3 -3 -4 -3  4 -5 -4 -3  3  9 -3    0   0   2   0   1   0   0   0   5   0   0   0   0  15   0   0   2   3  71   0  1.75 0.47
   52 N   -4 -3  8 -1 -5 -3 -3 -3 -2 -4 -5 -3 -5 -1 -5 -2 -3 -6 -4 -5    0   0  93   0   0   0   0   0   0   1   1   0   0   3   0   0   0   0   0   0  2.09 0.59
   53 S    1 -2 -1  0  2  0  0 -2  4 -4 -4  0 -3 -2 -3  4 -1 -4 -1 -3   11   0   1   5   6   3   6   0  13   0   0   5   0   1   0  44   1   0   2   1  0.49 0.25
   54 F   -1 -3 -1 -4 -4  0 -3 -4  4 -1  1 -3 -1  7 -4 -2 -2 -2  1 -2    4   0   4   0   0   4   0   0  11   2  14   0   0  54   0   2   1   0   2   0  0.85 0.31
   55 G   -1 -2  0 -1  4 -2 -2  0 -3 -1  1 -2  3  1 -3 -1  4 -3 -2 -1    3   1   5   3  11   0   1   7   0   1  15   0  11   7   0   2  32   0   0   0  0.30 0.20
   56 G   -1 -2  5  3  1 -2 -1  0 -2 -4 -4 -1 -3 -4 -3  2  0 -5 -4 -2    2   0  38  20   3   0   0   7   0   0   0   2   0   0   0  20   4   0   0   3  0.69 0.28
   57 S   -1  0 -2 -3  0  0 -2  1  0 -3 -2 -1 -3  0  1  3 -1  7  1 -3    1   4   0   0   2   4   2  12   2   1   3   2   0   4   6  31   2  18   4   0  0.50 0.25
   58 D   -1 -2  1  6 -4 -2 -1 -1 -3 -5 -4 -2 -4 -5 -3  3 -1 -1 -2 -4    3   2   6  48   0   0   2   4   0   0   2   0   0   0   0  30   1   1   2   0  0.89 0.37
   59 T   -1  1 -1 -3 -3 -2 -3 -1  0 -1 -2 -1  0  0 -4 -1  2 -2  5  3    4   8   3   0   0   0   0   4   1   0   1   3   2   1   0   4  17   0  27  24  0.38 0.25
   60 A    3 -3 -4 -3  3 -3 -3 -3 -4  1  0 -1  1 -1 -4 -2 -1 -4 -2  4   28   0   0   1   6   0   0   0   0   7   8   4   3   2   0   0   1   0   1  38  0.47 0.27
   61 V   -1 -4 -3 -2  4 -3 -4 -3 -4  2  3 -2  0  0 -4 -1 -1 -2 -2  3    2   0   0   3  10   0   0   2   0  13  30   2   1   4   0   4   3   1   0  25  0.40 0.22
   62 D   -4 -4 -2  7 -6 -3  1 -2 -2 -2 -4 -3 -5  3 -4 -2 -4 -5 -2 -5    0   0   0  70   0   0   5   2   1   2   1   0   0  13   0   2   0   0   1   0  1.43 0.51
   63 A    2  3 -1 -3  2 -2 -2 -1 -3  0 -2 -1 -1 -2 -3  2  2 -4 -3  0   16  20   2   0   6   0   0   3   0   8   1   2   1   1   0  20  12   0   0   7  0.28 0.22
   64 A    1 -4 -4 -5  7 -4 -4 -3 -4 -1  3 -4  0  0 -3 -2  0 -4 -3  1   16   0   0   0  26   0   0   1   0   1  33   0   2   3   1   1   7   0   0   8  0.71 0.33
   65 F   -4 -5 -5 -6 -1 -5 -5 -6 -4  0  2 -5  5  7 -6 -5 -4 -2 -1 -1    0   0   0   0   1   0   0   0   0   3  19   0  18  54   0   0   0   0   0   2  1.40 0.50
   66 E   -2  1 -1 -1 -5  0  6 -3 -1 -3 -4  2 -4 -5 -3 -2  0 -1 -4 -1    3   6   2   1   0   3  59   2   1   1   0  11   0   0   0   0   6   1   0   5  0.91 0.42
   67 P   -2  1 -5 -4  3 -4 -4 -5 -1 -5 -4 -3 -5 -5  8 -3 -1  4  0 -5    3   7   0   0   5   0   0   0   1   0   1   1   0   0  67   0   4   5   4   0  1.77 0.58
   68 V   -3 -4 -5 -5  2 -4 -5 -4 -5  4  2 -4  4 -2 -5 -4 -2 -4 -2  4    0   0   0   0   5   0   0   1   0  28  16   0  13   0   0   0   1   0   1  34  0.81 0.35
   69 Y   -2 -3 -4 -2 -3 -1  3 -1 -2  0 -1 -1 -1  5 -4 -3 -3 -2  6 -2    2   0   0   2   1   2  20   5   0   4   5   3   2  26   0   0   0   0  27   2  0.68 0.35
   70 W   -3  3  1 -1  2 -4 -5 -4  0 -3 -3 -2 -1 -1 -6 -4 -5 11 -1 -5    2  20   6   3   4   0   0   1   2   2   2   2   2   2   0   0   0  51   1   0  1.94 0.63
   71 L    0 -4 -5 -5  1 -3 -4 -5 -4  2  3 -4  0  5 -5 -3 -1  2 -1  2    7   0   0   0   3   1   0   0   0  12  27   0   1  28   0   1   4   2   0  13  0.60 0.29
   72 V    1 -5 -5 -5 -3 -4 -5  0 -2  0  0 -4  0  1 -5 -3 -1 -5 -3  6   12   0   0   0   0   0   0   7   1   2   7   0   1   5   0   1   4   0   0  60  0.84 0.43
   73 D   -3  0  1  7 -6 -2  2 -4 -4 -6 -6 -2 -6 -6 -4 -2 -2 -7 -6 -4    2   5   6  66   0   1  14   0   0   0   0   1   0   0   0   2   2   0   0   1  1.47 0.56
   74 N   -2  4  4 -3 -5  0 -2 -2  5 -3 -3  2 -3 -2 -2 -1  0  1  0 -3    2  22  23   0   0   2   0   1  18   2   2  11   0   1   1   4   5   2   3   1  0.62 0.34
   75 V    0 -4 -5 -5 -1 -4 -4 -4 -4  2  2 -4  0  4 -5 -2 -1 -3  2  3    6   0   0   0   1   0   0   1   0  10  22   0   1  18   0   3   2   0   8  28  0.55 0.29
   76 I   -1 -3 -4 -5  4 -4 -4 -5 -5  3 -1 -3  2 -3 -2 -2  5 -5 -4  1    4   1   0   0   9   0   0   0   0  17   5   1   6   0   2   0  45   0   0  10  0.80 0.43
   77 R   -1  6 -1 -2 -4  0 -2  2  4 -3 -4  2 -4 -5 -3 -1 -3 -2 -2 -4    6  41   1   2   0   2   1  15  11   1   1  11   0   0   1   2   0   1   1   0  0.75 0.38
   78 W    1  0 -3 -5  2  0 -4 -1 -3 -1 -1 -1 -2 -1 -5 -2 -3  9  2 -1   15   5   1   0   5   6   0   6   0   4   7   3   1   2   0   1   0  32   7   4  0.92 0.40
   79 F    1 -3 -4 -4  0 -4 -4 -4 -4  1  3 -4  1  5 -4 -2 -2 -2 -1  0   15   1   0   0   2   0   0   1   0   8  29   0   3  29   0   2   1   0   0   6  0.56 0.28
   80 G   -3 -3 -4 -5 -6 -5 -3  8 -6 -8 -7 -5 -6 -7 -3 -4 -5 -6 -7 -7    0   1   0   0   0   0   2  95   0   0   0   0   0   0   1   0   0   0   0   0  2.33 0.77
   81 V   -3  0 -5 -4 -5 -1 -4 -5 -5 -3 -3  0 -2 -3  7 -3 -2 -2 -5  2    1   5   0   0   0   2   0   0   0   1   2   7   1   2  58   1   1   1   0  18  1.42 0.54
   82 V   -1 -4 -5 -5 -1 -4 -4 -2 -4  3  1 -4 -1  3 -4 -4 -2  1  0  4    4   0   0   0   1   0   0   3   0  20  12   0   1  15   0   0   1   2   3  37  0.63 0.31
   83 F   -4 -3 -5 -5 -1 -5 -5 -5 -4  0  2 -5  2  8 -5 -5 -4 -2  0 -2    1   2   0   0   1   0   0   1   0   4  19   0   4  63   0   0   0   0   1   1  1.49 0.53
   84 V    0 -5 -3 -5 -2 -5 -5 -5 -5  3 -1 -5 -1 -3 -5 -4 -2 -5 -2  6    6   0   2   0   1   0   0   0   0  14   3   0   1   0   0   0   2   0   1  69  1.23 0.51
   85 V    3 -3 -3 -2  4 -3 -3  0 -3  0  0 -3 -2  2 -3 -1  1 -3 -1  2   26   0   0   2   9   0   0   9   0   5  11   0   0  10   1   2   7   0   1  16  0.29 0.22
   86 L   -1 -4 -4 -5  0 -4 -4 -1 -4  2  4 -4  2  3 -4 -2 -2 -3 -2  0    5   0   0   0   2   0   0   5   0  10  48   0   6  15   0   3   1   0   0   3  0.63 0.32
   87 V    4 -5 -5 -5  0 -4 -5 -2 -5 -1 -1 -4 -3 -3 -4 -2 -2 -5 -4  6   33   0   0   0   2   0   0   3   0   0   4   0   0   1   0   2   1   0   0  54  1.03 0.51
   88 I    0 -4 -2 -4 -1 -4 -4 -4 -2  4  0 -4  0 -1 -4  0  0  2  1  3    9   0   1   0   1   0   0   0   1  32   6   0   1   2   0   6   5   3   4  26  0.52 0.30
   89 V    1 -3 -3 -3  1 -3 -3  2 -3  2  1 -2 -1  2 -3 -1  0 -3 -2  2   13   0   1   0   3   0   0  16   0  12  16   3   1  11   0   5   7   0   0  14  0.21 0.17
   90 L   -1 -5 -2 -6 -4 -5 -5 -4 -5  2  6 -5  2 -2 -5 -3 -4 -4 -3 -1    4   0   2   0   0   0   0   2   0   9  72   0   5   1   0   2   0   0   1   1  1.11 0.48
   91 T   -2 -4 -2 -3  2 -4 -4 -5 -5  5  1 -4  0 -3 -4 -1  5 -5 -3  0    2   0   2   1   5   0   0   0   0  32  10   0   2   0   0   4  36   0   1   5  0.74 0.40
   92 G    0 -3 -2 -1  2 -2 -3  1 -3  0 -1 -3 -2 -1 -3  4  2 -4 -3  0    8   0   0   3   5   1   1  12   0   5   7   0   1   3   0  34  15   0   0   6  0.37 0.28
   93 S    1 -3 -3 -3  0 -3 -3 -1 -3  0  1 -3  1  1 -2  4  1 -2 -2  0   11   0   0   0   2   0   0   4   0   4  13   0   4   7   1  37   9   1   1   5  0.38 0.29
   94 I   -1 -4 -4 -3  3 -4 -4  2 -4  4  0 -4  2 -2 -4 -3 -1 -4 -3  3    4   0   0   2   6   0   0  17   0  27   6   0   6   1   0   0   3   0   0  26  0.55 0.30
   95 V    1 -5 -5 -5 -2 -4 -5 -3 -5  2  0 -4  0 -2 -2 -2  0 -5 -4  6   14   0   0   0   1   0   0   2   0   9   5   0   2   1   1   1   7   0   0  55  0.84 0.42
   96 A    2 -3 -2 -4 -1 -3 -3 -2 -1  1  1 -3  2  3 -4  0  0 -2  3  2   18   0   2   0   1   0   0   3   1   9  13   0   5  11   0   7   4   0  12  14  0.27 0.21
   97 I   -1 -5 -5 -5  3 -3 -5 -3 -5  6 -1 -4  0 -3 -5  0  1 -5 -2  2    6   0   0   0   7   1   0   2   0  49   4   0   2   0   0   6   8   0   2  12  0.79 0.39
   98 A    2 -4 -4 -1  2 -3 -2 -2  1 -1 -1 -4 -1  4 -4 -1 -2  2  3  2   20   0   0   4   5   0   2   2   4   1   4   0   1  23   0   3   2   2   9  16  0.41 0.27
   99 Y   -4 -2 -5  0 -5 -4 -5 -6 -3 -3 -1 -3 -4  6 -6 -2 -3  1  8 -4    1   2   0   5   0   1   0   0   0   1   4   1   0  28   0   4   1   1  50   0  1.58 0.61
  100 L    0 -2 -2  0 -3 -2 -1 -1 -3  2  1  0  0  1 -3 -1  0  5  1  1    6   1   1   7   0   1   4   4   0  14  15   6   1   6   0   4   7   9   5   9  0.15 0.13
  101 C   -1 -5 -5 -6  7 -5 -5 -3 -2  4 -1 -5  0  0 -5 -3 -3 -5 -1  4    4   0   0   0  24   0   0   2   1  26   4   0   1   4   0   1   0   0   2  30  1.01 0.43
  102 V   -2 -4 -3 -4 -3 -4 -4  1 -4  4  3 -4  0 -1 -4 -3 -3 -4 -1  3    1   0   1   0   0   0   1  13   0  26  27   0   1   1   0   1   0   0   2  23  0.59 0.30
  103 L   -1 -3 -4 -4 -3 -1 -3 -3 -3  1  4 -3  2  3 -3 -2 -3 -3  0  1    6   1   0   1   0   3   1   1   0   6  49   1   4  13   1   2   1   0   2   7  0.56 0.28
  104 P   -4 -4 -4 -4 -5 -4 -4 -4 -1 -5 -4 -4 -5 -3  8 -3 -4 -5 -5 -5    1   1   1   1   0   1   1   1   2   1   2   1   0   1  85   1   1   0   0   1  2.50 0.74
  105 L   -2 -1 -1 -2 -3 -3 -2 -4  1 -1  2 -1  1  3 -4 -2  0  5  5 -1    2   3   3   2   0   0   2   1   3   2  20   4   3  10   1   3   6   8  24   3  0.49 0.26
  106 I   -2 -2 -3 -3 -3  0  1 -4 -1  4  0 -2 -1  0  0 -2 -1  6  3  0    3   2   0   1   0   4   9   1   2  25   9   1   1   2   4   3   3  12  11   6  0.42 0.24
  107 L   -1  0 -4 -4 -1  0 -3 -3  0  0  3 -2  0  0 -4 -2 -2  8  0  0    6   5   0   1   2   5   1   2   3   4  30   2   2   3   1   2   2  23   2   7  0.68 0.30
  108 R   -1  1  1 -1 -4  3  0 -2  1 -3 -2  0 -2 -3  4  0 -1 -1 -2 -2    6  10   8   2   0  17   6   1   3   1   4   4   1   1  22   8   2   1   2   2  0.41 0.23
  109 T   -2  1  1  0 -2  0  0 -3  0 -2  0  1 -1 -3  0 -1  4  2 -1 -2    1   9   5   5   0   4   4   1   2   1   8  10   1   0   5   3  31   3   2   2  0.28 0.23
  110 Y   -2  0 -1  0  0 -2 -2 -3  3 -3 -1 -1 -2  1  1  1 -1  3  5 -2    3   6   2   6   2   0   2   1   7   1   7   3   1   4   6  13   3   5  27   1  0.41 0.25
  111 S   -2 -3  1 -1 -4 -1  0  0  2 -4 -2 -1 -3 -4  3  3  3 -4  0 -3    1   1   5   3   0   2   6   6   6   0   3   2   0   0  17  23  19   0   3   1  0.44 0.29
  112 V    0 -2 -2 -3 -2 -1 -2 -2 -3  0  1 -1 -1  2  3  0  2  2  0  0    6   2   2   0   1   3   1   2   0   3  14   2   1   9  18   7  15   3   4   7  0.26 0.18
  113 P    2 -2 -2 -3 -1 -2 -2  1  0 -1  1 -2  0  1  2 -1  0  1 -1 -1   18   2   1   0   1   1   1  12   3   2  20   0   3   7  12   4   4   2   2   4  0.18 0.15
  114 R   -1  1 -2 -4 -3 -1 -2  1 -3 -2 -1 -2 -1  0 -1 -2  1  9  2 -2    6   8   1   0   0   3   2   9   0   2   6   1   1   4   3   2  12  29   6   3  0.76 0.32
  115 L   -1 -1 -3 -3 -3 -3 -3 -1 -1  4  1 -2  0 -1 -1  1  0  1 -1  1    4   3   1   0   0   0   0   5   1  31  15   1   1   2   3  14   5   2   2   8  0.24 0.18
  116 C    1 -3 -3 -2  6 -3 -3 -2 -2  2  1 -3 -1 -1 -1 -1  0  2 -1  1   10   1   0   2  20   0   1   3   1  13  18   1   1   2   3   4   5   4   1  11  0.36 0.20
  117 W   -1 -4  1 -4 -1 -4 -4 -4 -2  2  2 -4 -2  3 -4 -3 -1  8 -1  0    6   0   9   0   1   0   0   1   1  11  25   0   0  13   1   0   3  22   1   5  0.77 0.33
  118 H   -2 -3 -1 -1 -4 -2 -3 -3  8 -2  1 -3 -2  2 -1 -1 -1 -3  2 -1    4   1   2   3   0   1   1   2  42   1  14   1   0   7   3   4   4   0   6   4  0.85 0.36
  119 F   -1 -4 -4 -4 -1 -3 -4 -2 -2  2  3 -4  1  3 -4 -2 -1 -1  1  1    5   0   0   0   1   0   0   3   1  14  39   0   2  13   0   3   2   1   4  11  0.44 0.22
  120 F    1 -3 -3 -4  3 -3 -3 -2 -3  2  1 -3  3  2  1 -1  0 -3 -2  2   16   0   0   0   7   0   0   2   0  15   9   0   8   9   6   3   7   0   0  14  0.26 0.18
  121 Y   -3 -4 -4 -4  1 -4 -4 -4 -2  2  1 -4 -1  4 -2 -3 -2  6  5  1    1   0   0   0   3   0   1   1   0  12  15   0   1  15   2   1   2  10  23  11  0.66 0.28
  122 S    0 -4 -2 -3  4 -3 -3  5 -3  0 -2 -3 -3 -3 -3  1 -1 -4 -2 -3    5   1   1   1  10   0   1  48   0   6   4   1   0   1   1  14   4   0   1   1  0.73 0.31
  123 H    0 -3  3 -3  0 -1 -2 -3  7  0  0 -1  0 -1 -3 -2 -1 -2 -2 -1    9   0  18   0   2   1   1   1  33   7  10   3   2   3   0   1   4   1   0   4  0.63 0.31
  124 W   -4 -4 -5 -5 -2 -4 -5 -5 -4 -2  1 -5 -3  2 -5 -4 -3 11  5 -2    1   1   0   0   1   0   1   1   0   2  11   0   0   6   0   1   1  52  16   3  2.13 0.61
  125 N   -3 -3  3 -3 -3 -3 -3 -4 -2  2  4 -3  0  1 -4 -2  0 -1 -2  0    1   0  20   0   0   0   1   1   1  11  41   1   2   5   0   1   7   1   0   6  0.48 0.26
  126 L    0 -3 -2 -4 -3 -3 -3 -3 -3  0  5 -2  0  0 -2 -3 -2 -3 -2  1   10   1   2   1   0   1   1   2   0   4  58   2   1   4   2   1   2   0   0   8  0.57 0.27
  127 I   -1 -3 -4 -4 -3 -1 -3 -4 -3  4  1 -3  1  2 -4 -2 -1  2  1  3    6   0   0   0   0   4   0   1   0  27  15   0   2  11   0   2   2   2   4  23  0.42 0.22
  128 L   -3 -4  7 -1  2 -3 -4 -1 -1 -3  0 -3  6 -4 -5 -2 -3 -5 -4 -3    1   0  47   2   4   0   0   5   1   0   9   0  25   0   0   2   0   0   0   1  1.20 0.49
  129 I   -3 -5 -5 -4 -3 -4 -5 -5 -5  6  2 -4  2 -1 -5 -3 -1 -4 -3  2    0   0   0   1   0   0   0   0   0  53  18   0   5   2   0   1   3   0   0  14  1.02 0.38
  130 V    0 -3 -4 -4  2 -1 -3 -4  0  1  2 -3  2  2 -4 -2 -1 -2  1  4    7   0   0   0   5   3   0   0   3   7  19   0   5   8   0   3   2   0   4  32  0.37 0.21
  131 F   -2 -5 -5 -5 -5 -5 -5 -3 -1 -2 -2 -5  1  8 -5 -4 -3  1  4 -2    4   0   0   0   0   0   0   3   1   1   2   0   3  64   0   0   2   2  13   2  1.60 0.52
  132 H   -5 -3  6 -3 -6  0 -3 -4  9 -6 -6 -4 -5 -5 -5 -3 -4 -5 -1 -6    0   1  34   0   0   3   0   0  56   0   1   0   0   0   0   0   0   0   1   0  2.18 0.68
  133 Y   -5 -5 -5 -6 -5 -2 -5 -6 -2 -5 -3 -5 -4  2 -6 -5 -5 -2 10 -4    0   0   0   0   0   2   0   0   0   0   2   0   0   7   0   0   0   0  84   1  2.65 0.78
  134 Y   -2 -3 -5 -5 -3 -3 -5 -3 -1 -1  0 -4 -3  4 -5 -4 -4  2  8 -1    4   1   0   0   0   1   0   2   1   4  11   0   0  13   0   0   0   2  55   3  1.40 0.50
  135 Q   -3 -1  1 -4 -4  0 -3 -3  0 -2  0  4  7 -2 -4 -1 -3  2  1 -3    1   2   8   0   0   4   0   1   2   1   9  24  34   1   0   4   0   3   6   0  0.82 0.41
  136 A    5 -4 -4 -4  2 -4 -4  2 -4 -3 -4 -3 -3 -5 -4 -1  1 -5 -4  1   58   0   0   0   4   0   0  15   0   0   1   0   0   0   0   3   7   0   0   8  0.92 0.42
  137 I   -1 -1 -4 -5  5 -4 -4 -5 -4  4 -1 -4  3 -2 -4 -2  1 -4 -2  3    5   4   0   0  13   0   0   0   0  30   2   0   8   1   0   3   8   0   1  23  0.66 0.31
  138 T   -2  0 -1 -4  2 -3 -3 -3 -2  2 -1  0 -1  3 -4 -1  5 -1 -2 -1    1   6   2   0   5   0   0   2   1  12   4   5   2  14   0   3  37   1   0   4  0.49 0.30
  139 T   -2 -2 -3 -4 -2 -4 -4 -5 -5  1 -1 -3 -1 -4 -4 -1  6 -5 -4  3    1   2   1   0   1   0   0   0   0   9   6   1   1   0   0   2  54   0   0  20  1.01 0.46
  140 P   -2 -1  0  1 -2 -2 -1  1 -1 -5 -4 -2 -4 -5  6  3 -3 -5 -4 -4    2   3   4   7   1   1   4  10   1   0   1   2   0   0  34  28   0   0   0   0  0.84 0.38
  141 P    0 -5 -5 -4 -5 -4 -4 -5 -5 -5 -5 -4 -5 -6  8 -2 -3 -6 -5 -5    7   1   0   1   0   0   1   1   0   1   1   1   0   0  81   3   1   0   0   1  2.41 0.71
  142 G   -1 -5 -4 -4 -5 -5 -5  7 -5 -6 -6 -4 -5 -5 -1 -3 -4 -5 -2 -2    5   0   0   0   0   0   0  80   0   0   1   0   0   0   4   1   0   0   1   3  1.79 0.59
  143 Y   -1 -1 -1 -2 -3 -1 -2 -1  6 -2 -3  0 -3  3 -4  0 -1  1  5 -3    5   3   3   2   0   3   2   6  21   2   1   5   0  13   0   6   3   1  23   1  0.63 0.30
  144 P    0 -4 -1 -4 -1 -4 -4 -4  2 -1 -3 -2 -1 -5  7 -2 -1 -5 -4  2    7   0   3   0   1   0   0   1   5   4   1   2   1   0  53   2   4   0   0  14  1.26 0.47
  145 P   -3 -3 -2  0 -5 -4 -2 -1 -5 -2 -3 -4 -5 -6  8 -1 -3 -6 -5 -5    1   2   2   6   0   0   2   6   0   2   3   0   0   0  67   5   2   0   0   0  1.73 0.58
  146 Q    0  1 -2  0 -2  5  2 -1  0 -3 -1  2 -1 -3  2 -1 -1 -4 -3 -3    7   5   1   4   1  27  14   4   2   1   5  11   2   1   9   2   3   0   0   2  0.40 0.24
  147 G    0 -1  1  0 -3 -1  0  2 -1 -1 -1  0  0 -3  2  0  0 -3 -3  0    9   1   6   6   0   1   7  20   1   3   4   7   4   0  10   7   4   0   0   9  0.16 0.11
  148 R    0  2 -1  0 -2  0  1 -1  0 -1 -2  2 -2 -3  1  1 -1  1 -3 -1    6  11   2   4   1   3  10   4   2   3   3  16   0   1   8  15   3   2   0   4  0.19 0.13
  149 N   -1  2  2  1 -2  2  1  0  0 -2  0 -1  0 -2 -1  1  1 -3 -1 -1    4  11  10   9   1   9   7   6   2   1   9   2   2   1   2   8  11   0   2   3  0.12 0.10
  150 D   -1 -2  1  4 -3  0  1 -1  1  1 -1 -2 -2 -2 -1  0 -1 -3  0 -1    3   2   7  30   0   3   7   4   4   9   7   1   0   1   3   8   3   0   3   3  0.27 0.14
  151 I    0 -1 -1 -1  0 -1  0 -1 -1  1  1 -1  0 -1  2  0  1 -2 -1  0    8   4   1   3   2   2   6   3   2   9  14   2   1   1  13   7  11   0   3   8  0.09 0.06
  152 A    1 -1 -1 -1 -1  1  1  0 -1 -1 -1 -1  1 -2  3  0  1 -2 -1 -1   13   1   2   3   1   6  12   6   2   3   4   3   6   1  14   8   8   0   2   5  0.15 0.08
  153 T    2 -1 -1 -1 -1  0 -1  0  1 -1 -1 -1 -1  0  0  1  1  1  2 -1   18   3   1   2   1   4   3   9   3   3   3   3   1   5   3   9  12   2  10   4  0.10 0.09
  154 V   -1  0 -1 -2  0 -2  0 -2 -2  0  1 -1  0 -2  0  0  0  1 -1  3    3   6   2   2   2   1   7   2   1   3  12   4   2   1   4   7   4   2   2  31  0.13 0.11
  155 S   -1  3 -1 -1 -3  2 -1 -1  1 -3 -3  1 -2 -3 -2  3  1 -3 -1 -2    3  18   2   2   0  10   2   4   4   1   2   7   0   1   1  30   9   0   2   2  0.38 0.21
  156 I   -2  0 -2 -3 -3  0 -3 -3 -1  3  1 -1  2  3 -3 -2  0  2  2  1    1   5   1   1   0   5   1   1   1  25  10   4   5  13   1   3   4   3   8   6  0.27 0.15
  157 C    0 -1 -4 -4 11 -4 -4 -4 -4 -3 -3 -4 -3 -4 -4 -3 -3 -4 -2 -3    8   5   1   1  74   1   1   1   0   1   1   1   0   1   1   1   1   0   1   1  2.14 0.46
  158 K   -1  3  0 -1 -3  2  0 -2 -1 -1 -2  4 -1 -2 -2  0 -1 -3  1 -1    2  19   3   2   0   9   4   2   1   5   2  31   1   1   1   7   1   0   5   4  0.32 0.15
  159 K   -2  3 -2 -2 -3  0 -1 -2  0  0  0  5 -1 -2 -1 -1 -1 -3 -1 -1    2  15   1   1   0   1   1   2   2   5   9  45   1   2   2   3   3   0   2   5  0.43 0.19
  160 C   -3 -5 -4 -4 11 -4  0 -4 -4 -4 -4 -4 -4 -4  0 -2 -3 -4 -4 -3    1   1   0   1  78   0   7   1   0   1   1   1   0   0   5   2   1   0   0   1  2.41 0.53
  161 I   -1  1  1 -1 -2  1 -1  0  0  3  0 -1  0 -1 -1  0 -1 -3 -2  0    2   7  10   2   0   8   3   6   2  27   8   3   1   3   2   9   2   0   1   3  0.08 0.09
  162 Y    1  0  0 -1 -1  0  0  0 -1  0  0  0  0 -1 -1  1  0 -1  1  0   12   7   4   2   1   3   9   7   0   4  10   5   2   1   1   9   7   0  10   5  0.04 0.03
  163 P   -1  0 -2 -2 -3 -2 -2 -2  0 -2 -2 -2 -1 -1  7 -1 -2  2  2 -2    3   7   1   1   0   1   1   2   2   2   2   1   2   2  52   3   2   3   8   3  0.98 0.23
  164 K    0  2 -1  1 -3  0 -1 -1 -2 -3 -3  6 -2 -4 -2 -1 -2 -3 -3 -3    7   9   1   8   0   1   1   4   0   1   1  62   0   1   1   1   1   0   0   1  0.73 0.25
  165 P    0 -3 -2 -2 -3 -2 -1 -3 -3 -3 -3 -2 -3 -4  7  0 -2 -4 -3 -3    7   1   2   1   0   1   3   1   0   2   3   1   0   1  68   6   2   0   1   1  1.50 0.30
  166 A    2  1 -2  0 -3 -1  2 -2 -2 -2 -3 -1 -2 -3  4 -1 -1  5 -2 -2   24   7   1   4   0   0  19   1   0   1   2   2   1   0  24   1   2   8   0   1  0.51 0.18
  167 R   -2  7 -1 -3 -4 -1 -2  2 -2 -4 -3  0 -3 -4 -3 -1 -2 -4 -3 -4    1  70   2   1   0   0   1  15   0   1   3   1   0   0   1   3   1   0   0   1  1.07 0.31
  168 T    2 -2 -1 -2  0 -2 -2  2 -3 -2 -3 -2 -2 -3 -2  1  5 -3 -3 -2   23   1   1   1   2   0   1  14   0   1   1   1   0   0   1   9  44   0   0   1  0.53 0.22
  169 H   -3 -2 -2 -3 -4 -2  0 -4 10 -4 -4 -3 -3  2 -4 -3 -3 -3  0 -4    1   1   0   1   0   0   7   1  75   1   1   1   0   9   1   1   1   0   0   1  1.86 0.43
  170 H   -3 -2 -1 -3 -4 -2 -2  2 10 -4 -4 -3 -3 -3 -3 -2  0 -4 -1 -4    1   1   0   1   0   0   1  14  71   1   1   1   0   0   1   1   6   0   0   1  1.68 0.41
  171 C   -2 -4 -3 -4 10 -3 -4  0 -3 -3 -3 -3 -3  1 -3 -2 -2 -3 -3 -2    1   1   1   1  70   1   1   7   0   1   2   1   0   7   1   1   1   0   1   1  1.80 0.36
  172 S    1  2 -1 -2 -2  0 -1 -1  0 -3 -3 -1 -2 -3  1  4  0 -3 -3 -2    8  15   1   1   0   2   1   4   2   1   1   1   0   0   8  48   4   0   0   2  0.46 0.20
  173 I   -2  0 -3 -3 -2 -2 -3 -3 -1  4  1  0  2 -1 -3 -2 -1 -3 -2  3    1   7   1   1   0   1   1   1   1  35  11   6   8   0   1   1   1   0   0  23  0.36 0.15
  174 C    0 -4 -4 -4 10 -4 -4 -4 -4 -3 -3 -4 -3 -4  1 -2 -3 -4 -4 -3    8   1   1   1  75   1   1   1   0   1   1   1   0   0   6   1   1   0   0   1  2.10 0.43
  175 N   -2  2  5  1 -3  0  0  1 -1 -3 -3  2 -3 -3  1  0 -1 -4 -3 -3    2  12  37   5   0   3   4   9   0   1   1  14   0   0   6   5   1   0   0   1  0.46 0.17
  176 R   -2  5  0 -2 -2  0 -1 -3  3 -2 -3  3 -2 -3 -3  0  0 -3 -2 -1    1  43   3   1   1   1   1   1   8   2   2  18   1   0   1   8   6   0   0   4  0.56 0.20
  177 C   -1  1 -2 -3  9 -2 -3  0  2 -2 -2 -2 -2 -3  1 -1 -2 -3 -2 -2    1  11   1   1  54   1   1   9   8   1   1   1   0   1   9   1   1   0   0   1  0.91 0.22
  178 V   -1 -1 -2 -2 -2  0 -2 -3 -1  2  0 -2  1  1 -2 -1  2 -1  2  2    1   4   1   1   0   4   1   1   0  16   6   1   6   4   1   1  17   0  12  24  0.15 0.09
  179 L    1 -2 -2 -2 -1 -2 -2 -2 -2  1  2 -2  2 -1 -2  0  2 -2  0  0   15   1   1   1   0   0   1   1   0   4  34   1   5   0   1   5  22   0   4   4  0.18 0.10
  180 K    0  2 -1 -1 -1  1  0 -1  0 -2 -2  3 -1 -3  2 -1 -1 -3 -1 -2    8  15   2   1   2   8   2   5   2   1   3  32   2   1  11   1   1   0   2   2  0.28 0.11
  181 M   -1 -2 -2 -2 -2 -1 -2  1 -1 -1  1 -2  2  2  2  0 -1 -1  2 -1    1   1   1   1   0   1   1  13   0   1  14   1  13  13  13  13   1   0  13   1  0.18 0.08
  182 D    0 -1  0  3 -2  2  0 -1 -1 -2 -2  0 -2 -3  3  0  1 -3 -2 -2   10   1   1  28   0  15   1   1   0   1   2   1   0   1  16   1  16   0   1   1  0.34 0.08
  183 H    0 -2 -1 -2 -4 -1 -2 -3  9 -4 -4 -2 -3 -3  0  0 -2 -3  0 -4    7   1   1   1   0   1   1   1  73   1   1   1   0   0   5   6   1   0   0   1  1.46 0.36
  184 H   -1  1 -1 -2 -4 -1  0 -3  9 -4 -4 -2 -3 -3 -3 -2 -3 -3  0 -4    4   9   1   1   0   1   5   1  73   1   1   1   0   0   1   1   1   0   0   1  1.49 0.36
  185 C    0 -4 -3 -4 10 -3 -4 -3 -3 -2 -2 -3  0 -3  0 -2  0 -3 -3  0    5   1   1   1  66   1   1   1   0   1   1   1   3   0   6   1   4   0   0   7  1.42 0.32
  186 P   -1  2 -2 -2 -3 -1 -2 -3  3 -2 -3 -1 -3 -4  7 -2 -2 -4 -3 -2    3  16   1   1   0   1   1   1   9   2   1   1   0   1  57   2   1   0   0   3  1.21 0.29
  187 W   -3 -1 -3 -3 -3 -3 -3 -2 -3  3 -1 -3 -2 -1  0 -3 -2 10  0 -1    1   4   1   1   0   1   1   4   0  22   4   1   0   1   4   1   1  48   1   2  1.35 0.31
  188 L   -2 -3 -3 -3  2 -2 -3 -3  0  3  3 -3  1  0 -3 -2 -1 -2 -1  1    1   1   1   1   6   1   1   1   4  22  45   1   3   4   1   1   3   0   0   6  0.37 0.15
  189 N   -1 -2  6  0 -3 -1 -1 -1  0 -3  0 -1 -2 -3  1  1 -1 -4 -3 -3    5   1  51   3   0   0   1   2   2   1  11   2   0   0   7  14   1   0   0   1  0.57 0.23
  190 N   -1  1  5 -1 -3  3 -1 -2  0 -3 -1 -1 -2 -3  1  0 -1 -3 -2 -3    2   6  36   1   0  23   1   2   2   1   8   1   0   0   8   7   2   0   0   1  0.45 0.20
  191 C    0 -1 -3 -3  9 -3 -3 -3 -3 -3 -3 -3 -3 -3  0  2 -2 -3 -2 -2    7   4   0   1  60   0   1   1   0   1   1   1   0   0   5  15   1   0   1   1  1.33 0.35
  192 V    0 -3 -3 -3  3 -3 -3 -1 -3  2  2 -3  0 -1 -3 -2 -1 -3 -2  4    6   1   1   1   7   0   1   4   0   5  21   1   0   0   1   1   1   0   0  50  0.41 0.19
  193 G   -1  0 -1 -2 -3  0 -2  5 -2 -3 -1 -2 -2 -3 -2  2 -1 -3 -3 -3    2   4   1   1   0   6   1  55   0   1   6   1   0   0   1  19   1   0   0   1  0.65 0.22
  194 H   -2  0  1 -1 -3  1  1 -3  6 -1  0  1 -1  1 -2 -1 -2 -2  2 -2    2   5   6   1   0   7  10   1  27   3  13   9   0   6   1   2   1   0   6   1  0.29 0.15
  195 Y   -2  0 -1 -2 -3  0  0 -2  3 -1  2 -1  1  3 -3 -2 -2  1  4 -1    2   5   3   1   0   3   6   3   9   1  22   2   6  13   1   1   1   1  20   1  0.24 0.13
  196 N    0 -2  6  1 -3 -1 -1 -2 -1 -4 -4 -2 -3 -4  3  0  0 -4 -3 -3    6   1  56   6   0   0   1   1   0   1   1   1   0   0  15   6   4   0   0   1  0.82 0.27
  197 H   -2 -1 -1 -2 -3  0  1  0  8 -3 -3 -2 -1 -2 -3  0  2 -3  1 -3    2   2   0   1   0   2   9   6  46   1   1   1   2   0   1   5  16   0   4   1  0.74 0.27
  198 R    1  6 -1 -2 -3  1 -1 -2  2 -3 -3  1 -2 -3 -2  1 -1 -3 -2 -2   11  55   0   1   0   6   1   1   6   1   1   2   0   0   1  11   1   0   0   1  0.67 0.25
  199 Y    0  0 -1 -3  2 -2 -2 -3  4 -2 -1 -2 -2  1 -3  0 -2  0  6 -2   10   5   2   1   6   1   1   1  15   1   7   1   0   3   1   6   1   0  39   1  0.53 0.21
  200 F   -1  1 -3 -3 -3 -3 -3 -3 -2 -2 -1 -2 -2  7  0 -3 -3  5  2 -2    5  12   1   1   0   1   1   1   0   1   1   1   0  57   5   1   1   9   2   1  0.85 0.27
  201 F   -1 -2 -2 -3 -1 -2 -2 -3 -2  1  0 -2  0  4  4 -1  0  0  2  1    1   1   1   1   1   1   1   1   0  10   4   1   2  22  20   4   8   1   9  12  0.34 0.13
  202 S   -1 -2 -2 -2  2 -1 -2 -3 -2  0  3 -2  1 -1  0  1  0 -2 -1  0    1   1   1   1   6   4   1   1   0   5  43   1   3   1   5  18   4   0   2   2  0.23 0.14
  203 F   -2 -3 -3 -3 -3 -3 -3 -3 -2 -1  0 -3 -1  7 -3  0 -1 -1  3 -1    1   1   1   1   0   1   1   1   0   1   6   1   0  63   1   7   3   0   8   3  0.93 0.28
  204 C   -1 -2 -3  0  5  0 -2 -3 -3  0  3 -2  5 -1 -3 -2 -2 -3 -2  0    4   1   1   6  14   5   1   1   0   3  27   1  27   1   1   1   1   0   0   4  0.42 0.22
  205 F    1 -2 -2 -3 -1 -2 -2 -2 -2  1  2 -2  0  2  0  0  0 -2 -1  2   19   1   1   1   1   0   1   1   0   9  20   1   1  13   4   7   4   0   0  17  0.16 0.11
  206 F   -1 -3 -2 -3 -3 -3 -3 -3  0  0  0 -3 -1  4 -3 -1 -2  4  6 -2    6   1   2   1   0   0   1   1   2   5  11   1   0  22   1   6   1   5  35   1  0.62 0.24
  207 M    0 -2 -2 -2 -2 -1  0 -3 -2  0  2 -2  5 -1 -2  1  1 -3 -2  1    8   1   1   1   0   0   6   1   0   2  23   1  23   2   1  12  12   0   0   9  0.24 0.17
  208 T    0  0 -2 -2  0 -2 -2 -2 -2 -1 -1 -2 -1 -1  3  1  2  5 -1  1    8   5   1   1   2   0   1   1   0   2   2   1   1   3  14  13  20  10   0  15  0.31 0.16
  209 L   -1 -3 -3 -3 -1 -2 -2 -3 -3  2  3 -2  4  1 -2 -1 -1 -2 -1  2    5   1   1   1   1   0   2   1   0  11  38   1  14   5   1   3   1   0   0  13  0.32 0.16
  210 G    2 -2 -1 -2  0 -2 -2  5 -2 -3 -3  0 -2 -3  1  1 -1 -3 -3 -2   16   1   1   1   2   1   1  47   0   1   1   6   0   1   6  11   1   0   1   2  0.55 0.19
  211 C    0 -3 -2 -3  8 -1 -2 -1 -3  0  0 -2 -1 -2 -2  1  1 -3 -2  0    6   1   1   1  37   2   1   3   0   5  10   1   1   1   1  14   9   0   1   5  0.56 0.21
  212 V    1 -2 -2 -2  1 -2 -2 -1 -2  2  1 -2  1  1  1 -1  0  1 -1  1   12   1   1   1   4   1   1   3   0  20  18   1   2   7   7   4   3   2   1  10  0.12 0.08
  213 Y    0 -2 -2 -2  2 -2 -2 -2  3 -1  0 -2 -1  4 -2 -1  0  1  5 -1    7   1   1   1   5   1   2   2   8   3   7   1   1  17   1   2   6   2  28   3  0.37 0.15
  214 C    1 -2 -1 -2  4 -2 -2  0 -2  1  0 -2  0  2 -2 -1 -1 -1  0  1   15   1   2   1  12   1   2   6   1  12   9   1   1  11   1   3   3   0   3  14  0.11 0.07
  215 S    2 -2 -1 -2  2 -1 -1 -1 -2  1  0 -1  1  0 -2  2  0 -2 -1  1   23   1   2   1   4   1   1   3   0   9   6   1   6   4   1  20   4   0   2  10  0.11 0.10
  216 Y   -1 -2 -2 -3 -1 -2 -2 -2 -2  3  2 -2  0  2 -2 -1  0 -1  2  1    5   1   1   1   1   1   1   2   0  27  17   1   1  11   1   3   5   0  10   9  0.19 0.11
  217 G    0 -2 -1 -2  1 -2 -2  1 -2  0  1 -2  0  3 -2  1  1  1 -1  1    7   2   1   1   3   1   1  11   1   4  12   1   3  17   1  14   8   2   1  10  0.10 0.10
  218 S    0 -3 -1 -2  0 -2 -2  4 -3 -1  0 -2  0 -2 -2  1 -1 -3 -3  1    6   1   2   1   3   1   1  42   0   3   8   1   2   2   1  12   2   0   1  11  0.39 0.19
  219 W   -2  0 -3 -3 -3 -2 -2 -3 -2 -1 -1 -2  2  2 -3 -2 -3  9  4 -1    4   6   1   1   0   2   3   2   0   4   3   2   5   8   1   2   1  32  17   5  0.96 0.32
  220 D   -1  0  0  2  0  1  2 -1  0 -1 -1 -1 -1 -2  2  0  0 -3 -2  0    3   7   5  14   2   5  16   4   2   4   8   1   0   1  10   5   6   0   1   6  0.15 0.09
  221 L    0 -1 -2  0  1 -1 -1 -2  1  1  1  0  3 -1  1 -1 -1 -2  0  0    7   2   1   6   4   2   2   3   5   6  17   6  13   2   7   4   2   0   3   8  0.07 0.08
  222 F   -1 -3 -3 -3 -3 -2 -1 -2  1  1  0 -3 -1  6 -3 -2 -2 -1  4  0    4   1   1   1   0   1   5   4   3   7   5   1   1  39   1   2   1   0  15   7  0.57 0.24
  223 R   -1  2 -1 -1 -2  0  0 -1 -1  0  0  0  1  1 -1  0  0  3  1 -1    3  17   2   2   0   3   5   3   0   5  12   3   5   5   3   7   7   5   7   4  0.08 0.07
  224 E   -1  0  0  3 -3  2  3 -2  1 -1  0 -1 -1 -2  1  0 -1 -1 -2 -2    4   3   2  20   0  10  22   2   3   4   9   2   1   1   6   5   2   1   1   2  0.25 0.14
  225 A    3 -2 -1 -2  0  0 -1 -1  3 -1  0 -1  0  1 -1  0 -1 -1  0  0   35   1   2   2   2   5   2   2  11   2   8   1   2   6   2   7   3   1   2   4  0.19 0.15
  226 Y   -2 -2 -3 -3 -3 -2 -2 -3  0 -1  2 -3  2  4 -3 -2 -2  4  5  0    1   2   1   1   0   1   2   1   2   2  23   1   5  17   1   3   1   5  26   6  0.53 0.24
  227 A    1 -1  1  1 -1 -1 -1  1 -1 -1 -1 -1 -1  0  1  0  0  2  0  0   16   4   8   8   1   1   3  13   1   2   4   2   1   4   6   7   5   3   3   7  0.08 0.06
  228 A    3  1 -1 -1 -2 -1  0  0 -2 -1  0 -1  0  1 -2  0  0  1 -1 -1   32   7   3   3   0   2   5   5   0   3  11   2   2   6   1   6   3   2   2   4  0.11 0.12
  229 I   -1 -1  1 -1 -2  0 -1 -2 -1  2  1 -2  1  1 -1  0  0 -2  0  1    2   2   8   2   0   6   4   2   1  21  12   1   5   6   2   5   7   0   3   8  0.08 0.10
  230 E   -1 -1  0  1 -1  2  4 -2 -1 -2 -2 -1 -2 -1  0  1  1  1  0 -2    2   2   4   9   1  11  29   2   1   2   3   2   0   3   4  10   7   2   3   2  0.28 0.18
  231 T    0  0 -1 -1 -1  0  0 -2 -2 -1 -1 -1 -2  1  3  1  3 -1  0  0    7   4   2   3   1   3   6   1   1   2   4   3   0   6  14   8  22   1   3   8  0.19 0.14
  232 Y   -2 -1  0  0 -3 -1  1  0  1 -2 -1 -1 -1  1  0  0 -2  5  5 -2    2   2   4   5   0   2  13   8   3   1   6   2   1   4   6   6   2   8  22   2  0.32 0.20
  233 H   -2 -2  0 -2 -3 -1 -2 -2  5 -2  0 -1 -2  0  0 -1 -2  6  5 -2    1   2   4   2   0   2   2   3  18   2   9   3   1   3   5   4   2  11  20   3  0.54 0.27
  234 Q   -1  0  1  2 -2  4  1 -1  0 -2 -2 -1 -1 -1  0  0 -1 -1  1 -2    5   4   8  12   1  25   6   5   2   2   3   2   1   2   4   6   3   1   6   2  0.26 0.19
  235 T    0 -2 -2 -1  0 -1 -1  0  1 -1  0 -1  0 -1  1  0  3  3  1 -1    6   1   1   4   2   2   2   9   3   2   9   2   2   3   7   5  28   5   6   3  0.19 0.17
  236 P   -2 -2  0 -2 -4 -1 -2 -2  5 -3 -2 -2 -1 -2  6  0 -2 -1  2 -1    3   2   4   2   0   3   2   2  13   1   4   2   2   1  39   8   2   1   6   5  0.81 0.36
  237 P   -1 -1 -2 -2 -3 -1 -1 -3 -1  0 -1  0 -1  0  6  0  0 -2  0 -1    5   4   1   2   0   2   3   2   2   5   6   5   1   4  36   8   5   1   4   5  0.55 0.25
  238 P   -2 -1 -2 -1 -1 -2 -2 -2 -1 -1 -3 -1 -3 -2  6 -1 -2  4 -2  1    3   4   2   3   2   1   3   2   2   4   2   3   0   2  44   4   2   6   1   9  0.85 0.34
  239 T   -1  1  0  0 -1  0 -1 -2 -1  0  0 -1 -1 -1  1  1  3 -3 -1  0    4   8   4   5   1   4   4   2   1   7   8   3   1   2   7   8  23   0   1   7  0.13 0.12
  240 F   -1 -2 -1 -2  1 -2 -2 -3 -1  2  0 -1  1  4 -2 -2 -1  2  2  1    5   1   3   2   4   1   2   2   1  11   9   4   4  23   2   2   2   3   6  11  0.25 0.15
  241 S    0 -1  2 -1  2 -1 -1 -2  1 -2 -2 -1 -1 -2  1  3  2 -3 -1 -1    7   2  10   3   4   2   4   2   4   1   3   3   2   1   7  27  13   0   2   3  0.27 0.18
  242 F   -1 -2  1 -1 -2 -1  0 -2 -2 -1  0 -2  0  5 -1  0 -1  4  0 -2    4   2   9   4   1   3   7   4   1   3   7   2   2  30   4   6   3   5   2   2  0.35 0.20
  243 R    0  3  0 -1 -2  0  0  0 -1 -1 -1  0  0 -1  0  1  0 -1 -1 -1    7  21   5   3   1   3   4   6   1   2   6   5   2   2   5  12   6   1   2   5  0.13 0.10
  244 E   -1  0 -1  1 -3  3  2 -1  1 -1 -1  0 -1 -1  0 -1 -1 -2  0 -2    5   5   3   9   1  15  18   6   3   3   7   3   1   3   5   4   3   0   4   3  0.17 0.12
  245 R   -1  4 -1 -1 -1  1  0 -1  0  0  0  1 -1 -1 -1  0 -1 -1  0 -1    6  25   3   3   1   5   5   6   2   8   7   6   2   3   3   7   3   1   3   2  0.14 0.11
  246 I    2 -2 -2 -2 -2 -2 -2 -2 -1  2  1 -2  2  1 -2  0  0 -1  1  1   18   2   1   2   0   1   2   2   1  15  10   2   7   6   2   9   5   1   5   7  0.13 0.12
  247 T    0 -1 -2  0 -3 -2 -1 -2 -1  0 -1 -1  0  3  3  0  1 -2  0 -1    9   3   1   4   0   1   4   3   2   7   4   2   3  17  18   6   8   0   3   3  0.24 0.16
  248 H   -1  4  0 -3 -1  0 -1 -3  7 -2 -2  0 -3  1 -1 -2 -2 -1  0 -3    5  22   4   1   2   3   3   2  28   2   4   6   0   5   4   3   1   1   3   2  0.67 0.33
  249 K    0  2  0 -2 -3  0 -2 -1  0  0 -1  3 -1  0  0  0  0 -3 -1  0    7  12   4   1   0   3   1   4   2   6   6  25   1   4   4   8   6   0   1   6  0.18 0.16
  250 S    2 -2 -2 -3  4 -2 -2 -1 -3 -1  1 -3  0 -1 -3  3  0 -2  0  0   19   2   1   1   8   1   2   4   0   3  13   1   3   2   1  27   4   1   3   5  0.31 0.24
  251 L   -2 -4 -4 -4 -3 -4 -4 -4 -2  4  1 -4  1  2 -2 -1 -1  0 -1  3    3   1   0   1   0   0   1   1   1  25  14   1   4  10   2   5   4   1   1  26  0.52 0.27
  252 V   -1 -4 -4 -3  1 -1 -4 -4 -4  4  1 -4  2 -1 -1 -2  0  2 -3  4    5   0   0   1   3   2   1   1   0  25  12   0   6   3   3   3   4   2   0  27  0.48 0.27
  253 Y   -2 -4 -5 -6 -5 -5 -5 -6 -4 -1  1 -5  2  7 -4 -4 -3 -3  6 -2    4   1   0   0   0   0   0   0   0   3  14   0   5  41   1   1   1   0  24   2  1.30 0.55
  254 L    2 -3 -3 -3  2 -2  0 -4 -4  1  2 -3  4 -2 -4  1  0 -4 -3  0   18   0   0   1   5   2   7   0   0   7  25   0  11   1   0   9   6   0   0   5  0.34 0.26
  255 W    2 -5 -5 -5 -2 -4 -4 -2 -4  0  0 -4 -2  4 -5 -1 -2  9  4 -4   15   0   0   0   1   0   1   3   0   5   7   1   1  19   0   4   3  24  15   0  1.08 0.47
  256 F   -2 -3 -4 -5 -3 -3 -4  1 -3  3  2 -4  1  3 -4 -3 -2 -1 -2  4    2   2   0   0   0   1   0  11   1  14  21   0   3  11   0   2   1   1   0  30  0.51 0.29
  257 L   -3 -5 -5 -6 -4 -5 -5 -3 -5  3  5 -5  1 -3 -5 -5 -1 -5 -4  1    2   0   0   0   0   0   0   2   0  14  63   0   2   0   0   0   4   0   0   9  1.08 0.48
  258 C    3 -4  0 -4  8 -4 -2 -3 -4 -4 -3 -4 -4 -5 -2  2  2 -5 -5 -4   28   0   5   0  31   0   3   1   0   0   2   0   0   0   2  15  11   0   0   0  1.09 0.51
  259 S    0  0 -2 -2  2 -2 -2  0 -2  1  0 -2 -1  1 -2  1  1 -2 -1  1    9   7   0   0   6   0   1   7   0   8  10   0   0   9   0  17   8   0   0  17  0.10 0.12
  260 S    1 -2 -1 -1  2 -1 -1  1 -2  0  0  0 -1  0  0  1  0 -2 -1  1   15   0   0   4   5   0   1  13   0   7   6  10   0   7   4  10   7   0   0  10  0.06 0.08
  261 V    0 -3 -2 -1  1 -2 -2 -2 -3  2  1 -2  2 -1 -3 -1  2 -3 -2  3    6   0   0   3   3   0   1   4   0  11  15   0   8   0   0   1  16   0   0  31  0.24 0.16
  262 A    2 -2 -2 -2  3 -2 -1  1 -2  0  0 -2 -1  2 -2  0  1  3 -1  1   20   0   0   0   7   0   3  13   0   3   7   1   0  12   0   6   8   4   0  13  0.14 0.12
  263 L    0 -3 -3 -3  0 -2 -3 -2 -1  2  3 -2  1  1 -2  0 -1 -2 -1  2    7   0   0   0   2   0   1   3   2  16  34   0   1   7   2   9   2   0   0  14  0.21 0.13
  264 A    5 -3 -3 -3  0 -2 -2 -1 -3 -1 -1 -2  0 -1 -1  0  1 -3 -3 -1   65   0   0   0   2   0   0   2   0   3   3   0   2   4   1   3   8   0   0   3  0.56 0.29
  265 L   -2 -3 -3 -4 -2 -3 -3 -4 -3  2  4 -3  2  0 -3 -1 -1 -3 -2  3    1   0   0   0   0   0   1   1   0  10  44   1   4   3   0   5   3   0   0  26  0.44 0.21
  266 G    0 -3 -2 -2  2 -2 -3  5 -3 -1 -2 -2  0 -2  0  0  0 -3 -3 -1    4   1   1   1   6   1   1  53   0   5   4   1   4   2   4   4   5   0   0   5  0.55 0.21
  267 A    2 -2 -2 -2 -1 -2 -2  1 -2  1  0 -2  1  0 -1  1  0  2 -1  1   21   1   1   1   1   0   1  15   0  10   6   1   6   4   2   9   5   3   1  14  0.12 0.10
  268 L   -2 -3 -4 -4  2 -3 -3 -1 -3  0  4 -3  4  2 -3 -3 -2 -2 -2 -1    1   1   0   1   5   0   1   5   0   1  61   1  14   8   1   1   1   0   0   1  0.62 0.27
  269 T    1 -2 -2 -3  3 -2 -2 -1 -3 -1  2 -2  1  2 -2  0  3 -2 -2  0   14   1   1   1   7   0   1   5   0   2  21   1   4  10   1   5  24   0   0   3  0.22 0.16
  270 M    1 -2 -2 -3 -1 -2 -2  1 -2  1  1 -2  0  2 -2  0  0  3  0  1   14   2   0   1   1   0   1  14   0   8  19   1   2   9   1   8   4   4   2  10  0.12 0.09
  271 W   -4 -4 -5 -5 -1 -4 -4 -4 -4  1 -2 -4 -1  1 -5 -3 -3 12  3 -4    1   0   0   1   1   0   1   1   0   8   2   1   2   4   1   1   2  67   7   1  2.54 0.59
  272 H   -4 -2  2 -3 -5  3 -2 -4 10 -5 -4 -2 -3 -4 -4 -3 -3 -4 -1 -5    1   0   8   0   0  16   1   1  68   0   1   1   0   0   0   1   1   0   0   1  1.92 0.55
  273 A    2 -3 -3 -3  1 -2 -3  0 -3  1  1 -2  2  0 -3  0 -1  0  0  1   27   0   0   0   3   0   0   9   0   6  14   0   9   3   0   4   2   2   4  14  0.18 0.14
  274 V    0  1 -2 -2 -2 -1 -2 -1  0 -1 -1  2 -1  1 -3 -1 -2  5  5  0    7   8   0   1   0   1   0   4   2   3   7  17   1   4   0   2   2  10  23   7  0.34 0.19
  275 L   -2 -3 -2 -4 -1 -2 -4 -1 -3  1  5 -3  2 -1 -4 -1 -2 -3 -3  0    1   0   2   0   1   2   0   6   1   5  66   0   4   1   0   4   1   0   0   5  0.63 0.28
  276 I   -2 -4 -5 -5 -3 -4 -4 -5 -5  7  0 -4 -1 -2 -4 -4 -2 -4 -3  3    2   0   0   0   0   0   0   1   0  73   3   0   0   0   0   1   2   0   0  16  1.21 0.41
  277 S    1 -2 -1 -2  0 -2 -2 -1 -3 -1  1 -1  1 -1 -3  4  3 -3 -3 -1   10   1   1   0   2   0   0   2   0   3  16   2   3   2   0  36  19   0   0   1  0.34 0.23
  278 R   -2  5  1 -2 -1  0 -2 -3  0  0 -2  2 -2 -4 -3 -1  2 -2 -2 -2    0  44   6   1   2   2   0   1   2   8   2   9   1   0   0   2  17   0   1   1  0.57 0.28
  279 G    1 -4  3 -1 -4 -3 -3  6 -3 -5 -5 -3 -4 -5 -4 -1 -3 -4 -4 -4   12   0  14   2   0   0   0  66   0   0   0   0   0   0   0   2   0   0   0   0  1.19 0.39
  280 E   -3 -2 -2 -1  1  4  6 -4 -2 -5 -3  1 -3 -3 -3 -2 -3 -4 -4 -4    0   1   0   0   3  18  64   0   0   0   2   6   0   2   0   1   0   0   0   0  1.16 0.44
  281 T   -3 -4 -2 -4 -3 -3 -3 -2 -4 -3 -4 -3 -3 -5 -4 -1  8 -5 -4 -3    0   0   1   0   0   0   0   2   0   0   0   0   0   0   0   1  91   0   0   0  1.75 0.60
  282 S    0 -3 -1 -3 -1 -1 -2 -2 -3 -4 -3 -2 -3 -2 -3  5  3 -4  1 -3    3   0   1   0   1   2   0   1   0   0   2   0   0   2   0  60  20   0   5   0  0.83 0.39
  283 I   -3 -5 -5 -5 -1 -4 -5 -5 -5  6  1 -4 -1 -2 -4 -4 -2 -4 -3  4    0   0   0   0   1   0   0   0   0  62   8   0   0   0   0   0   0   0   0  25  1.11 0.39
  284 E   -3 -3 -2  2 -6  0  7 -4 -3 -5 -5 -2 -4 -5 -3 -3 -3 -5 -4 -5    0   0   0  10   0   2  84   0   0   0   0   0   0   0   0   0   0   0   0   0  1.66 0.54
  285 R    1  4 -1 -3 -3  0 -2 -1  1 -3 -2 -1 -2  2 -3  1 -1  1  3 -2   14  26   1   1   0   3   0   4   3   0   1   1   1  12   0  15   2   2  13   2  0.35 0.23
  286 H   -4  0 -2 -4 -5  2 -2 -5  8 -1  0 -3  1 -2 -5 -3 -4  5  4 -3    0   4   1   0   0   9   1   0  39   3  10   0   4   0   0   1   0   9  17   1  1.04 0.41
  287 I   -2 -2  0  3 -3  0 -2 -4 -1  5  1 -1 -1 -2 -4 -2 -2 -4 -3  0    1   2   5  17   0   5   1   1   1  49   9   4   0   1   0   1   1   0   0   2  0.49 0.28
  288 N   -3 -3  7 -1 -5 -1  0 -3  3 -3 -3 -2 -4  0  0 -2  0 -5 -3 -3    1   0  62   2   0   1   7   0   8   1   2   0   0   5   4   0   5   0   0   2  1.06 0.43
  289 K    0  3  0  0 -3  2  2 -3  1 -4 -2  3 -2 -1 -2  1  0 -4 -2 -3    5  14   3   5   0   7  17   1   3   0   4  20   1   3   1  10   4   0   1   1  0.33 0.21
  290 K    1  1 -1  1 -4 -1  0 -1  1 -2 -3  4 -1 -1 -3 -1  1 -2  2 -1   11   5   1   8   0   1   3   3   3   2   1  34   1   2   0   4   8   1   9   4  0.31 0.23
  291 E    0 -1 -2  1 -2  0  4 -3 -2 -2 -1 -1  0 -1 -2 -1 -1 -3  3 -3   10   3   1   7   1   3  37   0   0   2   5   3   3   1   1   3   4   0  14   0  0.44 0.28
  292 R    1  5 -2 -2 -2  0 -1 -2 -1 -3 -3  3 -1 -4 -1  0  1 -4 -3 -3   11  38   0   1   1   2   2   2   1   1   1  18   1   0   2   8   9   0   0   1  0.59 0.31
  293 R    0  3  0  2  0  2  0 -3 -2 -3 -3  4 -2 -4 -3  0 -2 -1 -3 -3    8  14   3  10   2  11   5   1   0   2   2  31   1   0   0   6   2   1   0   1  0.44 0.25
  294 R   -1  5 -1 -1 -4 -1  0 -3 -1 -1 -2  2 -1 -4  0 -1 -1 -2 -2  0    5  40   3   2   0   1   4   2   1   3   4  15   2   0   4   3   2   1   1   6  0.49 0.27
  295 L    2 -1 -2 -3  2 -1 -2 -3 -1  1  2 -1  1  1 -1 -1 -1 -2  1  0   21   3   2   0   5   2   2   1   2   7  27   2   3   7   3   2   1   0   7   3  0.17 0.15
  296 Q    0  3 -1 -2 -4  3  0 -3  0 -3 -2  4 -2 -4 -2  0 -2 -3 -3 -3    9  19   2   1   0  17   4   1   2   1   4  28   0   0   2   8   1   0   0   0  0.52 0.28
  297 A    2  1 -1  0 -2  3  1 -2 -1 -3 -3  2  0 -4 -1  1 -1  0 -3 -2   20   8   2   4   1  13   9   2   1   0   2  18   2   0   2  10   2   1   0   2  0.27 0.19
  298 K   -1  4  0 -1 -2  2  1 -3  0 -2  0  3 -1 -3 -2 -1  0 -1 -3 -2    4  24   3   2   1  10   9   1   2   2   9  20   2   1   2   2   6   1   0   2  0.33 0.19
  299 G   -2 -1  1  0 -4  1 -1  6 -1 -5 -5  0 -4 -4 -4 -2 -3 -4 -4 -4    2   3   7   5   0   6   4  62   1   1   1   5   0   0   1   2   1   0   0   1  1.02 0.38
  300 R   -3  3 -2  0 -4  1  3 -2 -2 -2 -2  3 -1  0 -1 -1 -1 -2 -3 -2    0  17   1   5   0   6  21   2   0   2   4  24   1   5   3   2   2   1   0   3  0.41 0.25
  301 V   -2  0  0 -2 -3 -2 -1 -3 -3  2  0 -1  0 -1 -3 -1  2 -4 -3  4    1   4   5   1   0   1   4   1   0  13   7   4   1   2   1   4  14   0   0  36  0.32 0.24
  302 F   -5 -2 -5 -6 -5 -5 -5 -4 -3 -3 -2 -5  0  7 -6 -4 -5  5  7 -4    0   2   0   0   0   0   0   1   0   1   2   0   2  48   0   1   0   6  34   0  1.77 0.61
  303 R   -2  5 -2 -4 -2  1 -2 -4 -1  2 -1  1  0 -3 -4 -2 -1 -4  0  2    1  33   1   0   1   6   2   0   1  14   3   8   3   0   0   3   2   0   3  18  0.48 0.29
  304 N   -4 -4  8 -2 -5 -3 -4 -3  0 -3 -6 -4 -5  1 -5 -1 -3 -6 -1 -5    1   0  78   0   0   1   0   1   2   2   0   0   0   6   0   3   1   0   2   0  1.87 0.69
  305 P   -3 -3 -2 -4  1 -3 -1 -5 -1 -5 -3 -3  1 -6  8  0 -3 -6 -5 -3    1   2   2   0   3   1   3   0   1   0   2   1   5   0  67   8   1   0   0   2  1.71 0.60
  306 Y   -5 -5 -1 -6 -5 -2 -5 -6  1 -3 -2 -5 -4  3 -6 -5 -5 -2  9 -4    0   0   3   0   0   2   0   0   2   1   4   0   0  10   0   0   0   0  76   0  2.26 0.73
  307 N   -4 -4  5  6 -6 -1 -2 -4  2 -4 -6 -3 -5 -6 -4  1 -3 -7 -5 -6    0   0  27  52   0   2   0   0   5   1   0   0   0   0   0  11   0   0   0   0  1.42 0.55
  308 Y   -4 -1 -3 -5 -1 -2 -4 -5  0  0  3  0  1  5 -5 -4 -4 -2  5 -2    0   3   1   0   1   1   0   0   2   3  28   6   3  29   0   0   0   0  19   1  0.79 0.36
  309 G   -2 -3 -4 -5 -6 -5 -5  7 -1 -7 -7 -5 -6 -6 -5 -3 -5 -6 -6 -6    1   1   0   0   0   0   0  93   1   0   0   0   0   0   0   1   0   0   0   0  2.24 0.70
  310 C   -1  2 -3 -3  3 -2 -3 -3 -3 -1 -2  1 -1  3  2  0  0  5  1 -1    3  11   0   0   8   0   0   1   0   3   2  11   2  12  11   9   6  10   5   3  0.36 0.22
  311 L   -1  4 -3 -3 -2 -1 -2 -4 -2  0  1  3 -1  0 -4 -2 -2  5  0 -1    4  23   1   0   1   2   1   0   0   5  19  20   1   3   0   1   1   9   2   5  0.43 0.25
  312 D    0  2  2  2 -4  1  2 -1  0 -4 -3  3 -2 -4 -2  0 -1 -4 -3 -3    6  10  11  14   0   7  15   4   2   0   1  17   1   0   1   6   2   0   0   2  0.35 0.20
  313 N   -5  1  9 -2 -6 -4 -4 -4 -3 -7 -7 -3 -6 -6 -5 -3 -4 -7 -6 -6    0   7  90   0   0   0   0   0   0   0   0   1   0   0   0   0   0   0   0   0  2.48 0.81
  314 W   -5 -7 -8 -8 -6 -6 -7 -7 -7 -5  2 -7  0  2 -8 -7 -6 12 -2 -4    1   0   0   0   0   0   0   0   0   0  21   0   2   7   0   0   0  68   0   1  3.15 0.90
  315 K   -2  4 -3 -2 -3  2  2 -3 -2 -3 -1  5 -2 -3 -4 -2 -3 -5 -3 -4    2  19   0   2   1   7  11   1   0   2   6  46   1   1   0   2   0   0   1   0  0.80 0.40
  316 V   -2  0  2 -1 -1  1  0 -3 -1  1  2 -1 -1 -1 -4 -1 -1 -4 -2  2    0   6  13   2   1   7   5   0   1  10  27   3   0   1   0   4   2   0   1  17  0.21 0.19
  317 F   -4 -6 -7 -7 -6 -7 -7 -7 -5 -2 -1 -7 -1  9 -7 -6 -3 -3  0  0    1   0   0   0   0   0   0   0   0   2   4   0   1  84   0   0   1   0   0   6  2.31 0.74
  318 L   -4 -5 -5 -6 -5 -5 -5 -6 -5 -1  5  0 -1  6 -5 -5 -4 -1  0 -3    0   0   0   0   0   0   0   0   0   1  54   6   0  34   0   0   0   1   2   0  1.22 0.49
  319 G   -2 -2  4 -1 -2  1 -3  6 -2 -6 -5 -3 -5 -5 -4 -3 -4 -3 -5 -5    1   1  23   3   1   7   0  60   1   0   1   1   0   0   0   0   0   0   0   0  1.29 0.49
  320 V   -3 -4 -4 -5 -3 -4 -4 -4 -4  3  3 -4  0  0 -1 -4 -1 -4 -2  4    0   1   0   0   0   0   0   1   0  20  29   0   1   3   3   0   2   0   1  37  0.70 0.31
  321 D   -1  1  0  3  0  0  1  2  1 -1 -3  0 -2 -2 -2  0 -1 -3 -1 -1    2  11   4  19   3   2  10  17   3   4   1   7   0   1   1   5   2   0   2   6  0.20 0.12
  322 T   -2  3  1  1 -3  1  0  0 -1 -2 -2  1 -1 -3  0  0  2 -3 -2 -1    1  20   6   8   0   8   6   8   1   1   2   8   1   0   5   6  14   0   1   4  0.22 0.15
  323 G   -2  3  2  0 -2  0 -1  4 -2 -4 -3  0 -2 -2  2 -1 -2 -2 -3 -4    1  18  12   5   1   3   2  32   1   1   2   6   1   2   9   3   2   1   0   1  0.46 0.24
  324 R    0  1  1  1 -3  1  0  0  2 -2 -1  0 -2  1  1  0  0 -2  1 -2    7   7   7   7   0   7   7   7   6   0   7   7   0   6   7   7   7   0   6   0  0.10 0.11
  325 H   -2  1 -1  0 -3 -1 -2 -2  4 -1 -1  0 -2  0  1  0  1  5  4 -2    1   7   2   5   0   2   0   3  12   3   4   5   0   3   7   9  10   8  18   2  0.32 0.24
  326 W   -4 -4 -4 -5 -4 -4 -4 -4  1 -1 -1 -4 -3  5  3 -1 -2 10 -1 -2    1   0   0   0   0   0   1   1   4   3   4   0   0  22  16   6   3  35   0   3  1.41 0.56
  327 L   -1 -3 -3 -4 -3 -3 -3 -3 -3  0  2 -2  1  2 -1 -2 -1  8  3  0    6   1   1   1   0   1   1   1   0   5  21   3   4   9   3   3   3  22   9   6  0.62 0.28
  328 T   -1  3  0 -2  1 -1 -2 -3 -2 -2  0  0  1  0 -3  0  2  3  2 -1    5  20   4   1   3   2   1   1   0   1   8   5   5   3   1   4  18   5  10   3  0.23 0.20
  329 R    0  2 -1  0  0  0 -1 -1  5 -3 -2  0 -2 -2  0  0  2 -3  0 -1    6  16   2   5   2   3   3   4  15   1   3   5   0   1   5   5  18   0   2   5  0.24 0.19
  330 V   -2 -4 -4 -4 -3 -2 -4 -4 -4  4  2 -4  0  0 -4 -3 -1  4  0  4    2   0   0   0   0   2   0   0   0  22  21   0   2   3   0   2   4   6   3  30  0.58 0.30
  331 L   -2 -4 -5 -5  0 -4 -4 -5 -4  1  5 -4  2  2 -4 -4 -2 -3 -3  0    3   0   0   0   2   0   0   1   0   7  63   0   5   9   0   0   2   0   0   5  0.88 0.40
  332 L   -2 -4 -5 -5 -4 -4 -5 -5 -4  1  4 -4  1  5 -2 -4 -3  2  2 -1    2   0   0   0   0   0   0   0   0   7  46   0   2  27   2   0   0   2   7   2  0.83 0.39
  333 P   -4 -5 -5 -4  0 -4 -4 -5 -5 -5 -5 -4 -5 -6  8 -4  1 -6 -5 -2    0   0   0   0   2   0   0   0   0   0   1   0   0   0  80   0  10   0   0   3  2.34 0.77
  334 S   -1 -2  0 -3 -1 -3 -3 -3 -1 -1  1 -1 -1  2 -3  5  0  5 -1 -2    2   2   3   0   1   0   0   0   2   4  13   2   1   8   0  45   4   9   1   2  0.55 0.36
  335 S    1  3  0 -3 -2 -2 -2 -1 -3 -1 -1 -1 -1  0  3  2  2  1 -2 -1   10  18   3   0   1   0   0   3   0   3   5   3   1   4  13  17  12   2   1   3  0.24 0.21
  336 H   -2  0 -3 -4 -1 -1 -1  1  7  2 -1 -3 -2 -1 -4 -2  0 -4  1  0    2   7   0   0   2   1   4  11  33  15   5   0   0   2   0   1   6   0   5   7  0.57 0.34
  337 L   -1  1 -1 -1 -4 -1  0 -1 -1 -2  0  1  0 -2  5 -1 -1 -4 -3 -1    4   8   3   3   0   2   5   5   1   2  12  10   2   1  31   3   2   0   1   4  0.44 0.24
  338 P   -4 -5 -5 -5 -6 -5 -5 -2 -5 -6 -3 -1  0 -6  8 -4 -4 -6 -1 -5    0   0   0   0   0   0   0   3   0   0   3   3   2   0  84   0   0   0   3   0  2.45 0.79
  339 H   -1  0 -1  0  0  1  1 -4  2  0 -1  0 -1  1  2 -1 -2  0  4 -2    3   5   2   5   2   6  13   0   5   6   7   5   1   4   9   5   1   1  18   2  0.20 0.17
  340 G   -2 -2 -2 -1 -5 -4 -2  6 -5 -2 -6 -4 -5 -6 -5  0  2 -6 -6 -5    1   3   1   3   0   0   3  67   0   2   0   0   0   0   0   6  14   0   0   0  1.31 0.54
  341 N   -5 -4  5  7 -6 -3 -2 -4 -1 -6 -7 -3 -6 -7 -5 -2  1 -7 -6 -6    0   0  24  64   0   0   1   0   1   0   0   1   0   0   0   2   7   0   0   0  1.71 0.63
  342 G   -3 -6 -4 -5 -6 -5 -6  8 -6 -7 -7 -5 -6 -7 -6 -1 -5 -6 -7 -7    0   0   0   0   0   0   0  95   0   0   0   0   0   0   0   5   0   0   0   0  2.33 0.70
  343 M   -3  1 -4 -5  1 -3 -4 -5 -3  2  3  0  2  1 -5 -4 -3  3  2  0    0  10   0   0   4   0   0   0   0  14  39   7   5   4   0   0   0   5   8   5  0.51 0.27
  344 S   -1 -1  1  0 -3 -1  0 -3  0 -1 -2  0 -1 -4 -3  2  4 -4 -2  1    3   3   6   4   0   2   7   0   3   2   2   5   1   0   0  21  27   0   1  13  0.31 0.24
  345 W   -7 -7 -8 -8 -7 -6 -7 -7 -5 -6 -5 -7 -5  4 -8 -7 -6 12  4 -6    0   0   0   0   0   0   0   0   0   0   0   0   0  16   0   0   0  73  11   0  3.61 0.89
  346 D    1 -1  0  2 -4 -2  3 -3  3 -4 -4 -1 -4 -4  5 -2 -2 -5 -2 -4   13   4   3  14   0   0  18   1   8   0   1   2   0   0  32   1   1   0   2   0  0.75 0.30
  347 P   -1  2 -2 -3  1 -2 -2 -4 -1  0 -1  1 -2 -2  2 -1  4 -4 -2  2    3  14   1   0   3   0   0   0   1   4   6  10   0   1   9   1  30   0   0  17  0.34 0.22
  348 P   -1  4 -1 -3 -2 -1 -2 -3  3 -3 -1  1 -2 -1  4 -1 -2 -3 -1 -2    6  34   2   0   1   1   0   0   8   0   7   8   0   3  20   2   1   0   2   3  0.51 0.21
  349 P    0  0 -2  0 -4  1  2 -3 -1 -4 -3 -1 -3 -4  6 -1  1 -4 -3 -3    8   5   0   4   0   5  13   0   2   0   1   1   0   0  46   2  10   0   0   0  0.92 0.26
  350 W   -1 -1 -2  0  4 -2 -2  4 -3 -3 -2  0 -2  1 -3 -1 -1  4  1 -2    3   4   0   5  10   0   0  40   0   0   5   6   0   6   0   3   3   7   5   1  0.45 0.18
  351 V   -1 -2 -3 -3  6 -1 -1 -2 -2  0  0  0  1  0  0 -2 -2  1  2  2    5   2   0   0  23   2   4   2   1   2  11   6   3   3   4   2   0   2  10  18  0.31 0.17
  352 T    0 -1  0  0 -3  2  1 -2  4 -2  0 -1 -1 -3 -2  0  3 -4 -1 -1    7   2   2   5   0  10  10   1  16   0  10   1   2   0   1   5  25   0   1   3  0.28 0.18
  353 A    0  3  1  1 -4  4  2 -1  1 -3 -1  0 -2 -4 -1 -1 -1  1 -3 -3    6  20   6   7   0  23  11   4   3   0   8   2   0   0   3   2   2   2   0   0  0.33 0.18
  354 H   -2  1 -2 -3 -5  3 -1 -3  7 -4 -3 -1 -3 -1  1 -3 -2 -2  5 -4    3   8   0   0   0  18   1   2  33   0   2   2   0   1   9   0   1   0  20   0  0.86 0.33
  355 S   -1  2  0 -1 -3  1 -1 -3  4 -3 -2  1 -2 -4 -2  2  2 -4 -2 -1    1  14   2   2   0   6   0   0  16   0   4  10   0   0   1  22  19   0   0   4  0.39 0.21
  356 A    2 -1 -3 -2 -2 -2 -2 -1 -3 -1  3 -1 -1 -2  2 -1  0 -3 -3 -1   27   4   0   1   0   0   2   4   0   0  41   2   0   0  11   0   8   0   0   1  0.31 0.19
  357 S   -1 -3  0  0  0 -2  0  1 -3 -3 -3 -2 -3 -4  4  2  4 -4 -3 -2    2   0   4   5   2   0   6  10   0   0   0   0   0   0  19  16  36   0   0   0  0.53 0.21
  358 V   -2 -3 -4 -4 -2 -3 -2 -4 -4  4  3 -3  3 -1 -2 -1 -2 -3 -2  3    0   0   0   0   0   0   3   0   0  31  25   0  10   0   2   6   0   0   0  24  0.48 0.19
  359 M   -2  0 -3 -2 -3 -1  4 -4 -2 -1  3 -2  4  1 -3 -2 -2 -3 -2 -1    0   6   0   0   0   0  37   0   0   0  37   0  14   7   0   0   0   0   0   0  0.47 0.21
  360 A    5 -2 -2  1 -2  2 -1 -1 -2 -3 -3 -1 -2 -4 -2  0 -1 -4 -3 -2   77   0   0  10   0  12   0   0   0   0   0   0   0   0   0   1   0   0   0   0  0.63 0.19
  361 V   -2 -4 -4 -4 -2 -3 -4 -5 -4  5  2 -3  0 -1 -4 -3 -1 -4 -2  4    0   0   0   0   0   0   0   0   0  54  10   0   0   0   0   0   0   0   0  36  0.64 0.14

                      K         Lambda
Standard Ungapped    0.1430     0.3303
Standard Gapped      0.0437     0.2670
PSI Ungapped         0.1431     0.3188
PSI Gapped           0.0437     0.2670
