
Last position-specific scoring matrix computed, weighted observed percentages rounded down, information per position, and relative weight of gapless real matches to pseudocounts
           A  R  N  D  C  Q  E  G  H  I  L  K  M  F  P  S  T  W  Y  V   A   R   N   D   C   Q   E   G   H   I   L   K   M   F   P   S   T   W   Y   V
    1 M   -1 -2 -3 -4 -2 -1 -3 -3 -2  1  2 -2  7  0 -3 -2 -1 -2 -1  0    0   0   0   0   0   0   0   0   0   0   3   0  97   0   0   0   0   0   0   0  0.66 0.10
    2 A    4 -2 -2 -2 -1 -1 -1  0 -2  0 -1 -1 -1 -2 -1  1  0 -3 -2  1   76   0   0   0   0   0   0   3   0  10   0   0   0   0   0   6   0   0   0   6  0.33 0.04
    3 R    0  3 -1 -1  0  0 -1 -2 -1 -2 -1  0 -1 -3  5  2  0 -3 -2 -2    0  25   0   0   2   4   0   0   0   0   7   0   0   0  29  33   0   0   0   0  0.49 0.05
    4 G    1 -1  3  0 -2 -1 -1  4 -1 -3 -3 -1 -2 -3 -2  0 -1 -3 -3 -3   19   2  31   3   0   0   0  43   0   0   0   0   0   0   0   3   0   0   0   0  0.49 0.05
    5 S    1 -2 -2 -2 -2 -2 -2 -2 -2 -1 -1 -2 -1 -1  3  1 -1  8  0  0   19   0   0   0   0   0   0   0   0   0   5   0   0   0  17  17   0  30   0  12  0.61 0.05
    6 L   -2 -1 -3 -3 -2 -2 -3 -4 -3  1  3 -2  1 -1  5 -2 -1 -3 -2  0    0   3   0   0   0   0   0   0   0   0  64   0   0   0  30   0   0   0   0   3  0.57 0.06
    7 R   -1  4 -2 -3  6  1 -1 -3  0 -2  0  1 -1 -2  0 -1 -1 -3 -2 -2    0  49   0   0  28   5   0   0   2   0  12   0   0   0   4   0   0   0   0   0  0.45 0.06
    8 R    1  2 -1 -2 -2 -1 -1 -2 -2 -3 -3  0 -2 -3  6  1 -1  3 -2 -2   19  16   0   0   0   0   0   0   0   0   0   0   0   0  44  16   0   5   0   0  0.76 0.05
    9 L   -2  0 -3 -4 -2 -1 -3 -4 -3  1  4 -2  3  0 -3 -2 -1 -2 -1  0    0   9   0   0   0   2   0   0   0   0  76   0  12   0   0   0   0   0   0   0  0.40 0.06
   10 L    1 -1 -2 -2 -2 -1 -1 -2 -2 -1  1 -1  0 -1  5 -1 -1 -2 -2 -1   21   4   1   1   0   1   1   1   0   1  29   1   0   1  35   1   1   0   0   1  0.47 0.03
   11 R   -1  4 -1 -1 -3  3  0 -2 -1 -2  0  1 -1 -2  2 -1 -1 -2 -2 -2    1  35   1   1   0  29   1   1   0   1  12   1   0   1  12   1   1   0   0   1  0.34 0.04
   12 L   -1 -2 -2 -3 -1 -2 -2 -3 -2  2  3 -2  1  2 -2 -2  0 -1  0  1    1   1   1   1   0   1   1   1   0  25  42   1   0  10   1   1   9   0   0   3  0.20 0.02
   13 L   -1 -2 -3 -3 -2 -2 -3 -3 -2  1  4 -2  1  2 -3 -2 -1 -1  0  1    1   1   1   1   0   1   1   1   0   1  66   1   0  14   1   1   1   0   0  10  0.34 0.05
   14 V   -1 -3 -3 -3 -1 -2 -3 -3 -3  3  2 -3  1 -1 -3 -2 -1 -3 -1  3    3   0   0   0   0   0   0   0   0  14  31   0   2   0   0   0   0   0   0  48  0.34 0.06
   15 L   -2 -3 -4 -4  6 -3 -4 -4 -3  1  4 -3  2 -1 -3 -2 -2 -2 -2  0    0   0   0   0  31   0   0   0   0   0  58   0   8   0   0   0   0   0   0   3  0.59 0.10
   16 G    0 -3 -1 -2 -3 -3 -3  7 -3 -5 -5 -2 -4 -4 -3 -1 -2 -3 -4 -4    0   0   0   0   0   0   0 100   0   0   0   0   0   0   0   0   0   0   0   0  1.36 0.14
   17 L   -2 -3 -4 -4 -2 -3 -4 -4 -3  2  4 -3  1  4 -4 -3 -2 -1  0  0    0   0   0   0   0   0   0   0   0   8  64   0   0  26   0   0   0   0   0   1  0.52 0.09
   18 W    0 -2 -2 -2 -2 -2 -3  4 -3  2  1 -2  0 -1 -3  0 -1  3 -2  1    2   1   0   0   0   0   0  40   0  24  13   0   0   0   0   8   0   5   0   7  0.28 0.06
   19 L    0 -3 -4 -4 -2 -3 -3 -4 -3  2  4 -3  1  0  2 -2 -1 -3 -2  1    8   0   0   0   0   0   0   0   0  21  58   0   0   0  10   0   0   0   0   3  0.38 0.07
   20 A    4 -1 -2 -3 -1 -2 -2 -1 -3  0 -1 -2 -1 -2 -2  0 -1 -3 -2  3   62   2   0   0   0   0   0   1   0   0   0   0   0   0   0   0   0   0   0  34  0.36 0.10
   21 L    1 -2 -3 -3 -1 -2 -3 -3 -3  1  3 -2  1 -1 -3 -1  0  0 -2  1   22   0   0   0   0   0   0   0   0   0  61   0   0   0   0   0   8   1   0   8  0.30 0.07
   22 L   -1 -2 -3 -3 -2 -2 -3 -2 -3  2  3 -2  4  0 -1 -2 -1 -2 -1  2    1   0   0   0   0   0   0   3   0   7  39   0  21   0   3   0   0   0   0  22  0.28 0.06
   23 R    0  5 -1 -2 -3  0 -1  1 -1 -2 -2  1 -2 -3 -2  0  1 -3 -2 -1    8  55   0   0   0   0   0  13   1   0   1   0   0   0   1   1  11   0   0   6  0.42 0.11
   24 S    3 -1  1 -1 -1 -1  0  0 -2 -2 -2  0 -2 -3 -1  2  1 -3 -2 -1   40   0   8   0   0   0   5   3   0   0   3   4   0   0   1  28   6   0   0   3  0.28 0.08
   25 V    3 -2 -3 -3 -1 -2 -2 -2 -3  0  1 -2  0  1 -1  0  0 -3 -1  2   47   0   0   0   0   0   0   0   0   0  15   0   0   8   2   0   6   0   0  22  0.23 0.09
   26 A    3  1  0 -2 -2  1 -1 -1  3 -2 -2  0 -2 -2 -2  1  0  1  0 -1   50  10   6   0   0  10   0   0  10   1   0   0   0   0   0   5   2   2   4   0  0.28 0.10
   27 G    0 -1 -1 -2  0 -3 -3  6 -3 -5 -4 -2 -4 -4 -3 -1 -2 -3 -4 -4    1   3   0   0   2   0   0  93   0   0   0   0   0   0   0   0   0   0   0   0  1.26 0.19
   28 E    0 -1 -1  0 -4  1  6 -2 -1 -2 -3  0 -2 -3 -1 -1 -1 -4 -3  0    5   0   0   0   0   0  75   3   0   0   0   0   0   0   2   0   0   0   0  13  0.66 0.17
   29 Q   -1  1  0 -1  0  4  1 -2 -1 -2 -2  0 -2 -3  4  1 -1  0 -2 -2    0   7   2   0   3  39   6   0   0   2   2   1   0   0  20  12   0   2   0   2  0.46 0.13
   30 A    3 -2 -2 -2  0 -1 -1  0 -2  1 -1 -1 -1 -2 -1  1  0 -2 -2  2   48   1   1   1   1   1   1   3   0   6   4   1   0   1   2   6   4   0   1  18  0.21 0.08
   31 P    0 -1  0 -1 -2  2  1 -2 -1 -2 -2 -1 -2 -3  6  0  0 -3 -2 -2    9   2   3   1   0  13   7   1   0   1   3   1   0   1  46   4   4   0   1   1  0.75 0.10
   32 G    1 -1  0  0  1 -1 -1  4 -1 -2 -2 -1 -2 -2 -1  0 -1 -2 -2 -2    9   1   5   3   5   1   5  49   1   1   3   2   1   1   1   8   2   0   1   2  0.39 0.06
   33 T    0  0  0 -1 -2  2  0 -2 -1  0 -2  1 -1 -2  0  1  3 -2 -2 -1    7   1   2   1   0  12   3   1   0   6   1  12   0   1   3   7  40   0   1   1  0.23 0.08
   34 A    1  2  0 -1 -2  0  0  1 -1 -2 -2  0 -1 -2  0  1  2 -2 -2 -1   18  16   4   1   0   1   4  11   0   1   1   4   0   1   3  15  17   0   1   2  0.17 0.04
   35 P   -1 -1 -1  2 -2  2  1 -2 -1 -2 -1  0 -1 -2  5  0 -1 -2 -2 -2    2   1   1  15   0  18   6   2   1   1   7   1   1   1  35   4   1   0   1   1  0.56 0.08
   36 C   -1 -3 -3 -3  9 -3 -3 -3 -3 -1  1 -3 -1 -2 -3 -2 -1 -2 -2 -1    1   1   1   1  70   1   1   1   0   1  16   1   0   1   1   1   1   0   0   1  1.17 0.17
   37 S    0  0  1 -1 -2 -1 -1  2 -1 -3 -3 -1 -2 -3  4  2  0 -3 -2 -2    2   4   6   1   0   1   1  22   0   1   1   1   0   1  21  32   3   0   0   1  0.41 0.07
   38 R   -1  3  1 -1 -2  0  0  0  0 -1 -2  0 -1 -2 -1  1  0 -2 -2  1    1  25  11   1   0   2   6   9   2   1   1   1   0   1   2  16   1   0   1  18  0.13 0.05
   39 G    0 -2 -1 -1 -2 -1 -2  5 -2 -3 -3 -1 -2 -3 -2  1  0 -2 -2 -2    2   1   1   1   0   1   1  62   0   1   1   3   0   1   1  16   6   0   1   1  0.62 0.10
   40 S    0  1  0  0 -2  2  3 -1 -1 -2 -2  0 -1 -3 -1  2  1 -2 -2 -2    1   7   1   2   0   8  36   1   0   1   4   1   0   1   1  27   6   0   1   1  0.31 0.07
   41 S    1 -2 -1 -1 -2 -1 -1 -1 -1 -1 -1 -1 -1  2  3  3  0 -2  0  0    9   1   1   1   0   1   1   1   0   1   1   1   0  17  15  41   1   0   1   7  0.27 0.08
   42 W   -2  2 -3 -3 -3 -2 -2 -3 -2 -3 -2 -2 -2  0 -3 -2 -2 11  2 -3    1  16   1   1   0   1   1   1   0   1   1   1   0   1   1   1   1  62   7   1  1.61 0.19
   43 S    0 -1  2  0 -2 -1 -1 -1 -1 -3 -3 -1 -2 -3 -1  5  1 -3 -2 -2    1   1  13   1   0   1   1   1   0   1   1   1   0   1   1  73   1   0   0   1  0.52 0.14
   44 A    2 -1 -1 -1 -1  0  0  2 -1 -2 -2 -1 -2 -3  2  2  0 -2 -2 -1   29   1   1   1   0   5   3  18   0   1   1   1   0   1  11  24   1   0   0   2  0.29 0.06
   45 D    1 -2  0  6 -3 -1  1 -1 -2 -3 -3 -1 -3 -3 -2  0 -1 -3 -3 -3   16   1   1  71   0   1   1   1   0   1   1   1   0   1   1   1   1   0   0   1  0.76 0.14
   46 L   -2  2 -2 -3 -2 -1 -2 -2 -2  1  4 -1  1  0 -2 -2 -1 -2  0  0    1  15   1   1   0   1   1   4   0   4  63   1   0   1   1   1   1   0   2   2  0.27 0.08
   47 D   -1 -1  0  5 -3  0  3  1 -1 -3 -3 -1 -3 -3 -2 -1 -1 -3 -3 -3    1   1   1  47   0   1  30  11   0   1   1   1   0   1   1   1   1   0   0   1  0.60 0.10
   48 K   -1  1 -1 -1 -3  1  1 -1 -1 -2 -2  4 -1 -2  3 -1 -1 -3 -2  0    1   1   1   1   0   4   6   3   0   1   1  50   0   2  15   1   1   0   0  11  0.35 0.09
   49 C   -1 -3 -3 -3  9 -3 -3 -2 -3 -2 -2 -3 -2 -2 -2 -1 -1 -2 -2 -1    1   1   1   1  71   1   1   1   0   1   1   1   0   1   1   1   1   0   0   1  1.14 0.19
   50 M   -1 -2 -2 -3 -2 -1 -2 -3 -2  2  1 -2  6 -1 -2 -2 -1 -2 -1  1    1   1   1   1   0   1   1   1   0  16   4   1  43   1   1   1   1   0   0  10  0.22 0.13
   51 D    0 -1  1  4 -2  0  1 -1 -1 -2 -2 -1 -2 -2  2  1 -1 -2 -2 -2    5   1   3  34   0   1   7   2   1   1   2   1   1   1  10  10   1   0   1   1  0.21 0.06
   52 C   -1 -2 -2 -2  9 -2 -2 -2 -2 -1 -1 -2 -2 -2 -2 -1 -1 -2 -2 -1    2   1   1   1  61   1   1   2   1   1   2   1   1   1   1   2   1   0   1   1  0.82 0.16
   53 A    2 -1  0  0 -1  0  0  0 -1 -1 -2 -1 -1 -2 -1  2  1 -2 -1 -1   26   1   1   4   0   1   7   3   1   1   2   1   1   1   1  22   7   0   1   1  0.07 0.05
   54 S    0 -1 -1 -1 -1 -1 -1 -1 -1  1 -1 -1 -1 -1 -1  2  1 -1  2  1    1   1   1   1   0   1   1   1   0  10   1   1   0   1   1  32   6   0  10  16  0.04 0.07
   55 C   -1 -3 -3 -3  9 -3 -3 -2 -3 -2 -2 -3 -2  2 -3 -2 -1 -2 -1 -1    1   1   1   1  60   1   1   1   0   1   1   1   0  10   1   1   1   0   0   1  0.86 0.19
   56 R   -1  1 -1 -1 -2  3  0 -2 -1 -2 -1  2 -1 -2  3  0 -1 -2 -2 -2    1   7   1   1   0  22   1   1   0   1   7  18   0   1  17   3   1   0   0   1  0.22 0.08
   57 A    1  0  0 -1 -2  1  0 -1  1  0 -1  1 -1 -1 -1  0  0 -2 -1  0   21   3   6   1   0  12   1   1   4  13   1   8   0   3   1   2   3   0   0   2  -0.01 0.04
   58 R   -1  3 -1 -1 -2  1  0 -2  0 -2 -1  1 -1  0 -2  0 -1 -1  3 -2    1  24   1   1   0  10   1   1   0   1   6  11   0   1   1   7   1   0  18   1  0.12 0.07
   59 P   -1 -2  1 -1 -2 -1  0 -2 -2 -2 -2 -1 -2 -3  6 -1  0 -3 -2 -2    1   1  10   1   0   1   7   1   0   1   1   1   0   1  52   1   5   0   0   1  0.80 0.13
   60 H   -1  2  0 -1 -3  1  0 -2  4 -2 -2  3  0 -2 -1 -1 -1 -2  0 -2    1  14   2   1   0   2   1   1  16   1   1  35   3   1   1   1   1   0   3   1  0.20 0.09
   61 S    0 -1  2  0 -1  0 -1 -1 -1 -2 -2 -1 -1 -2 -1  2  2 -2 -1 -1    2   1  15   1   0   1   1   2   1   1   2   1   1   1   1  31  19   0   1   1  0.13 0.07
   62 D   -1 -1  0  5 -2 -1  0 -1 -1 -2 -1 -1 -2 -2  3 -1 -1 -2 -2 -2    2   1   1  44   0   1   1   2   1   1   7   1   1   1  13   2   1   0   1   1  0.31 0.08
   63 F   -1 -2 -2 -2 -2 -2 -2 -2 -2  0 -1 -2 -1  5 -2  1 -1 -1  1  0    1   1   1   1   0   1   1   1   0   1   1   1   0  44   1  18   1   0   0  11  0.20 0.11
   64 C   -1 -3 -2 -3  9 -2 -3 -2 -3 -2 -2 -3 -2 -3  2 -1 -1 -2 -2 -2    1   1   1   1  60   1   1   1   0   1   1   1   0   1  11   1   1   0   0   1  0.90 0.19
   65 L    0  0  1  2 -2  2  0 -2 -1 -2  0 -1 -1 -2  1  1  0 -3 -2 -2    8   6  10  12   0  12   0   0   0   0  17   0   0   0   8  10   5   0   0   0  0.08 0.10
   66 G    1 -2  2 -1 -2 -2 -2  2 -2 -3 -3 -1 -2 -3  2  1  2 -3 -3 -2   12   0  12   0   0   0   0  21   0   0   0   0   0   0  11   8  24   0   0   0  0.28 0.15
   67 C   -2 -4 -3 -4 10 -3 -4  0 -4 -2 -2 -4  1 -3 -3 -2 -2 -3 -3 -2    1   0   0   0  73   0   1   7   0   0   1   1   5   0   0   1   1   0   0   1  1.57 0.35
   68 A    2 -1 -1 -2 -2 -1 -1  2 -2 -1 -2  1 -1 -3  2  0  1 -3 -2  0   23   1   0   1   0   0   1  15   0   1   1  15   0   0  10   5  14   0   0  12  0.20 0.10
   69 A    2 -1 -1  1 -2 -1  0  0 -1 -2 -2  1 -1  0 -1  1  1 -2  0 -1   23   1   0   9   0   0   6   4   0   1   1  10   0   7   1  16  11   0   4   5  0.13 0.08
   70 A    2 -1 -1 -1 -2 -1  1 -2 -2  0 -1  0 -1 -2  3  0  1 -3 -2  1   23   1   0   1   0   0  10   1   0   6   1   7   0   0  17   5  12   0   0  15  0.23 0.10
   71 P    0  0 -1  2 -3  2  2 -2 -1 -3 -3  0 -2 -3  5 -1  0 -3 -3 -2   10   4   1  13   0  13  13   1   0   1   1   3   0   0  32   1   5   0   0   1  0.57 0.13
   72 P   -2 -2 -2 -1 -3  1  4 -3 -2 -3 -3 -1 -3 -4  6 -1 -2 -3 -3 -3    1   1   1   1   0   5  36   1   0   1   1   1   0   0  46   4   1   0   0   1  1.04 0.21
   73 A    2  0 -1 -1 -2  2 -1 -1  2 -2 -2 -1  0 -2  1  1  2 -3 -2 -1   23   5   1   3   0  12   1   1   9   1   1   1   2   0   8   9  23   0   0   2  0.23 0.10
   74 P    0 -1  1  2 -2 -1 -1 -1  1 -2 -3 -1 -2 -3  5  2  0 -3 -2 -2    4   2   8  16   0   0   1   1   4   1   1   1   0   0  30  24   3   0   0   3  0.51 0.10
   75 F   -2 -2 -1  1 -2 -2 -1 -2 -2 -1 -1 -2 -1  4 -2 -1  2  6  1 -1    1   1   1  13   0   1   1   1   0   1   2   1   0  31   1   1  26  16   1   1  0.46 0.13
   76 R   -1  3  1 -1 -2  0 -1 -1  0 -1 -1  1 -1  0  2 -1 -1 -2 -1  0    4  23  10   1   0   4   1   3   2   1   6  12   0   8  12   1   1   0   0  13  0.15 0.06
   77 L   -2 -2  1 -2 -2  0 -2 -3 -2  1  3 -2  1  0 -3 -2 -2  7  0  0    1   1  13   1   0   5   1   1   0  10  39   1   4   0   1   1   1  22   0   1  0.48 0.12
   78 L    1 -1 -2 -2 -2 -1 -2 -2 -2  1  2  1  0 -1 -2 -1 -1  5 -1  0   16   1   1   1   0   1   1   1   0   7  39  13   0   1   1   1   1  12   1   1  0.22 0.08
   79 W    1 -3 -3 -4 -2 -2 -3 -3 -3 -2  1 -3  2  0 -3 -2 -2 10  0 -2   15   1   1   1   0   0   1   1   0   1  13   1   9   0   1   1   1  53   0   1  1.33 0.22
   80 P    1 -2 -3 -2 -2 -2 -2 -2 -3  2  1 -2  0 -2  4 -1 -1 -3 -2  2   13   1   1   1   0   0   1   1   0  18  13   1   0   0  28   1   1   0   0  21  0.40 0.09
   81 I    1 -2 -2 -2 -1 -2 -2 -2 -2  3  1 -2  0  0 -2  0  1 -2 -1  2   11   1   1   1   0   1   1   1   0  31   7   1   0   4   1   5  12   0   1  21  0.14 0.05
   82 L    1 -2 -1 -2 -1 -1 -2  0 -2  1  2 -1  0 -1 -2  1  0 -2 -1  1   11   1   1   1   0   1   1   8   0   7  29   1   0   1   1  18   1   0   1  17  0.10 0.04
   83 G    0 -2 -1 -2 -2 -2 -2  4 -2 -1  0 -2 -1  3 -2 -1 -2 -1  0 -2    7   1   1   1   0   1   1  45   0   1  12   1   0  24   1   1   1   0   1   1  0.37 0.08
   84 G    1 -2 -1 -1 -1 -1 -1  3 -2 -1 -2 -1 -1 -2 -1  2  0 -2 -2  0   10   1   1   1   0   1   1  34   0   1   1   1   0   1   1  31   1   0   1  14  0.29 0.07
   85 A    2 -2 -1 -2 -1 -1 -1 -1 -2  0  0 -1  0 -2  0  2  1 -2 -2  1   30   1   1   1   0   1   1   1   0   1   7   1   0   1   4  21   6   0   1  22  0.16 0.06
   86 L    0 -2 -2 -3 -2 -2 -2  0 -2  1  3 -2  1  2 -2 -2 -1 -1 -1  1    7   1   1   1   0   1   1   8   0   1  57   1   0  11   1   1   1   0   1   6  0.23 0.07
   87 S    2 -2 -1 -1 -1 -1 -1  3 -2 -2 -2 -1 -2 -2 -1  2  0 -2 -2 -1   19   1   1   2   1   1   1  30   0   1   1   1   0   1   1  30   2   0   1   7  0.29 0.06
   88 L    1 -2 -2 -3 -1 -2 -2 -1 -2  1  3 -2  1 -1 -2 -1 -1 -2 -1  2   14   1   1   1   0   1   1   6   0   1  40   1   0   1   1   1   1   0   1  29  0.18 0.06
   89 T    1 -2 -2 -2 -1 -2 -2 -2 -2  1  1 -2  0  1 -2  0  0 -2 -1  3   19   1   1   1   0   1   1   1   0   4   8   1   2   7   1   4   4   0   1  43  0.15 0.06
   90 F   -1 -2 -2 -3 -1 -2 -2 -3 -2  1  3 -2  1  2 -2 -1  0 -1  0  1    6   1   1   1   0   1   1   1   0   5  50   1   0  11   1   1   7   0   1  11  0.22 0.06
   91 V   -1 -2 -2 -3 -1 -2 -2 -1 -3  3  2 -2  1 -1 -2 -2  0 -2 -1  3    1   1   1   1   0   1   1   7   0  20  23   1   0   1   1   1   3   0   1  37  0.21 0.06
   92 L    2 -2 -2 -2 -1 -2 -2 -2 -2  1  3 -2  1 -1 -2 -1  0 -2 -1  0   27   1   1   1   0   1   1   1   0   7  48   1   0   1   1   1   5   0   1   2  0.20 0.07
   93 G    2 -2 -1 -2 -1 -1 -1  3 -2  0  0 -1 -1 -2 -1  1  0 -2 -2  1   30   1   1   1   0   1   1  24   0   4   7   1   0   1   1  10   1   0   1  16  0.18 0.05
   94 L    0 -2 -3 -3 -1 -2 -2 -2 -2  2  4 -2  2  0 -2 -2 -1 -2 -1  1    7   1   1   1   0   1   1   2   0  16  57   1   4   1   1   1   1   0   1   3  0.29 0.07
   95 L   -1 -2 -2 -3 -1 -2 -2 -1 -2  3  2 -2  2  0 -2 -2  0 -2 -1  2    1   1   1   1   0   1   1   5   0  33  30   1   6   2   1   1   4   0   1   9  0.21 0.06
   96 S    0 -2 -1 -1 -1 -1 -1  1 -2  2 -1 -1 -1  0 -2  2  0 -2 -1  0    4   1   1   1   0   1   1  13   0  28   1   1   0   4   1  33   4   0   1   4  0.12 0.06
   97 G    0 -2 -1 -2 -2 -2 -2  5 -2 -1 -1 -2 -2 -2 -2  0 -1 -2 -2 -2    3   1   1   1   0   1   1  66   0   7   8   1   0   1   1   4   2   0   1   1  0.60 0.10
   98 F    0 -2 -2 -2 -1 -2 -2  0 -2  1  1 -2  0  3 -2 -1  1 -1  0  2    6   1   1   1   0   1   1   7   0  10   8   1   0  24   1   1  11   0   1  25  0.13 0.05
   99 L   -1 -2 -3 -3 -1 -2 -2 -3 -2  2  3 -2  4  0 -2 -2 -1 -2 -1  2    1   1   1   1   0   1   1   1   0  12  37   1  23   1   1   2   1   0   1  14  0.28 0.07
  100 V   -1 -2 -2 -3 -1 -2 -2 -3 -2  2  1 -2  1  0 -2 -2  0 -2  1  4    1   1   1   1   0   1   1   1   0   6  12   1   2   4   1   1   4   0   7  54  0.24 0.08
  101 W   -2 -2 -2 -3 -2 -1 -2 -2  5 -1  0 -2 -1  0 -3 -2 -2  9  3 -1    1   1   1   1   0   1   1   1  26   1  10   1   0   1   1   1   1  33  12   7  0.82 0.13
  102 R    1  5 -1 -2 -2  0 -1 -2  2 -2 -2  1 -1 -2 -1  0  0 -2 -1 -2   18  50   1   1   0   1   1   2   6   1   2   3   0   1   1   1   8   0   1   1  0.37 0.09
  103 R   -2  6 -1 -2 -3  1  0 -2  4 -3 -2  1 -2 -3 -2 -1 -1 -3 -1 -3    1  65   1   1   0   4   1   1  17   1   1   1   0   1   1   1   1   0   1   1  0.67 0.13
  104 C   -1 -1 -2 -2  9 -2 -2 -2 -2 -2 -2  2 -2 -3 -2 -1 -1 -3 -2 -2    1   3   1   1  61   1   1   1   0   1   1  19   0   1   1   1   4   0   1   1  0.92 0.15
  105 R    0  5  0 -1 -2  0  0 -2  0 -3 -2  2 -2 -3 -2  1 -1 -3 -2 -2    6  50   2   1   0   1   1   1   2   1   1  11   0   1   1  18   1   0   1   1  0.42 0.09
  106 R   -1  5  1 -1 -3  1  0 -2  4 -3 -2  1 -2 -2 -2  1 -1 -2 -1 -2    1  45   6   1   0   4   1   1  17   1   1   5   0   1   1  11   1   0   1   1  0.43 0.09
  107 R   -1  5  0 -1 -3  1  0 -2 -1 -3 -2  3 -2 -3 -2 -1 -1 -3 -2 -2    1  55   3   1   0   1   1   1   0   1   1  28   0   1   1   1   1   0   1   1  0.60 0.11
  108 E   -1  3  0  0 -3  1  4 -2 -1 -3 -2  1 -2 -3 -1  1 -1 -3 -2 -2    1  20   1   1   0   2  45   1   0   1   4   1   0   1   1  18   1   0   1   1  0.39 0.09
  109 K   -1  1 -1 -1 -3  0  0 -2 -2 -3 -3  4 -2 -3  5 -1 -1 -3 -2 -2    1   1   1   1   0   1   1   1   0   1   1  51   0   1  34   1   1   0   1   1  0.73 0.12
  110 F   -2 -2 -3 -3 -2 -3 -3 -3 -2  0  3 -3  0  6 -3 -2 -2  0  1 -1    1   1   1   1   0   1   1   1   0   1  35   1   0  51   1   1   1   0   1   1  0.50 0.11
  111 T   -1  4 -1 -2 -2  0 -1 -2 -1 -2 -2  0 -1 -2 -2  0  4 -2 -2 -1    1  34   1   1   0   1   1   1   0   1   1   1   0   1   1   1  51   0   1   1  0.45 0.12
  112 T   -1 -1 -1  0 -2  0  3 -2 -2 -2 -3  0 -2 -3 -2  2  4 -3 -2 -2    0   0   0   0   0   0  33   0   0   0   0   5   0   0   0  17  45   0   0   0  0.47 0.13
  113 P    0 -3 -3 -2 -4 -2 -2 -3 -3 -4 -4 -2 -3 -5  8 -1 -2 -5 -4 -3    7   0   0   0   0   0   0   0   0   0   0   0   0   0  93   0   0   0   0   0  2.15 0.21
  114 I   -2 -4 -4 -4 -2 -4 -4 -1 -4  6  1 -3  0 -1 -4 -3 -2 -3 -2  2    0   0   0   0   0   0   0   7   0  93   0   0   0   0   0   0   0   0   0   0  0.68 0.16
  115 E   -2 -1 -1  1 -5  1  6 -3 -1 -4 -4  0 -3 -4 -2 -1 -2 -4 -3 -3    0   0   0   0   0   0 100   0   0   0   0   0   0   0   0   0   0   0   0   0  1.16 0.20
  116 E   -2 -1 -1  1 -4  1  6 -3 -1 -4 -4  0 -3 -4 -2 -1  0 -4 -3 -3    0   0   0   0   0   0  93   0   0   0   0   0   0   0   0   0   7   0   0   0  1.01 0.18
  117 T   -1 -2 -1 -2 -2 -2 -2 -3 -3 -1 -2 -2 -1  1 -2  1  6 -3 -2 -1    0   0   0   0   0   0   0   0   0   0   0   0   0   7   0   0  93   0   0   0  0.81 0.19
  118 G    1 -2 -1 -2 -2 -2 -2  5 -2 -3 -3 -2 -2 -3 -2  0  1 -3 -3 -2   17   0   0   0   0   0   0  63   0   0   1   0   0   0   0   1  14   0   0   0  0.67 0.10
  119 G    0 -3 -1 -2 -3 -2 -2  6 -2 -4 -4 -2 -3 -3 -2  0 -2 -3 -3 -3    1   0   0   0   0   0   0  86   0   0   1   0   0   0   0   8   0   0   0   0  1.07 0.13
  120 E   -2  0  0  1 -4  1  4 -3  5 -3 -3  0 -2  1 -2 -1 -2 -3  0 -3    0   1   0   2   0   0  59   0  29   0   0   0   0   8   0   0   0   0   0   0  0.59 0.08
  121 G    0 -2  0 -1 -2 -1 -2  5 -2 -3 -3 -1 -2 -3 -2  2  1 -3 -3 -3    2   0   0   0   0   0   0  61   0   0   0   0   0   0   0  29   8   0   0   0  0.66 0.06
  122 C    2 -2 -3 -3  9 -3 -3 -1 -3 -2 -2 -3 -2 -3 -3 -1 -1 -3 -3 -1   25   1   0   0  70   0   0   4   0   0   0   0   0   0   0   0   0   0   0   0  1.02 0.10
  123 P   -1 -2 -2 -1 -4 -1  2 -3 -2 -3 -3 -1 -3 -4  8 -1 -1 -4 -3 -3    0   0   0   0   0   0  20   0   0   0   0   0   0   0  80   0   0   0   0   0  1.65 0.08
  124 A    2 -2 -1 -1 -2 -1  0  5 -2 -3 -3 -1 -3 -3 -2  0 -1 -3 -3 -2   24   0   0   0   0   0   7  70   0   0   0   0   0   0   0   0   0   0   0   0  0.72 0.05
  125 V    0 -3 -3 -3 -1 -2 -2 -3 -3  2  1 -2  1 -1 -3  0  1 -3 -2  4    2   0   0   0   0   0   0   0   0   0  15   0   0   0   0   7   7   0   0  70  0.29 0.05
  126 A    4 -2 -2 -2 -1 -1 -2 -1 -2 -1  1 -1  0 -2 -1  0  0 -3 -2  0   75   0   0   0   0   0   0   0   0   0  25   0   0   0   0   0   0   0   0   0  0.30 0.04
  127 L   -2 -3 -4 -4 -2 -3 -3 -4 -3  3  4 -3  2  0 -3 -3 -1 -2 -1  1    0   0   0   0   0   0   0   0   0  25  75   0   0   0   0   0   0   0   0   0  0.46 0.04
  128 I   -2 -3 -4 -4 -1 -3 -4 -4 -4  5  2 -3  1  0 -3 -3 -1 -3 -2  3    0   0   0   0   0   0   0   0   0 100   0   0   0   0   0   0   0   0   0   0  0.45 0.03
  129 Q   -1  1  0 -1 -3  6  2 -2  0 -3 -2  1 -1 -4 -2  0 -1 -2 -2 -3    0   4   0   0   0  96   0   0   0   0   0   0   0   0   0   0   0   0   0   0  0.71 0.04

                      K         Lambda
Standard Ungapped    0.1409     0.3273
Standard Gapped      0.0365     0.2670
PSI Ungapped         0.1197     0.3161
PSI Gapped           0.0365     0.2670
