
Last position-specific scoring matrix computed, weighted observed percentages rounded down, information per position, and relative weight of gapless real matches to pseudocounts
           A  R  N  D  C  Q  E  G  H  I  L  K  M  F  P  S  T  W  Y  V   A   R   N   D   C   Q   E   G   H   I   L   K   M   F   P   S   T   W   Y   V
    1 M   -2 -3 -4 -5 -3 -2 -4 -4 -3  1  2 -3  9 -1 -4 -3 -2 -3 -2 -1    0   0   0   0   0   0   0   0   0   3  17   0  81   0   0   0   0   0   0   0  1.28 0.28
    2 T    2  2 -1  0 -2 -1  0 -2 -2 -1 -2 -1 -2 -3  1  0  3  0 -2  0   20  17   0   7   0   0   6   0   0   0   0   0   0   0   6   4  28   1   0  11  0.23 0.10
    3 R   -1  4  1  3 -2 -1  2 -1 -2 -1 -3  0 -3 -4  1 -1 -2 -4 -3 -2    3  36   5  24   1   0  12   4   0   6   0   0   0   0   6   0   0   0   0   3  0.44 0.16
    4 A    3 -2 -2 -2 -2 -2 -1  1 -3 -2 -1  0 -2 -1  2  1  1 -3 -3 -2   41   0   0   1   0   0   1  10   0   0   6   7   0   3  11  13   8   0   0   0  0.33 0.14
    5 L   -1 -1 -3 -4 -3 -2 -3  1 -3  3  2 -2  4  0  0 -1 -2 -3 -2  1    3   5   0   0   0   0   0  13   0  20  21   0  20   3   4   5   0   0   0   5  0.27 0.15
    6 C    2  2 -2 -3  3 -1 -2 -1  1 -2  0  0  0  0  2  0 -1 -3 -2 -2   26  13   1   0   9   0   0   4   4   0  11   5   3   5  10   8   1   0   0   0  0.20 0.13
    7 S    1  1 -2 -2  6 -1 -2 -2 -3 -2  0 -2 -2 -1  1  3 -1 -4 -3 -1   10   9   0   1  19   3   1   2   0   0   9   0   0   3   8  28   1   0   0   5  0.34 0.18
    8 A    1 -2 -2 -4  6 -3 -3 -2 -3 -1  1 -1 -1 -1 -3  1  0 -3  0  2   13   1   1   0  21   0   0   2   0   0  19   3   0   2   0  10   3   0   3  20  0.35 0.18
    9 L   -3 -2 -5 -6 -1 -4 -5 -6 -4  2  5 -4  3  3 -5 -4 -3 -3  0  0    1   2   0   0   1   0   0   0   0  11  61   0   8  11   0   0   0   0   3   3  0.86 0.32
   10 R    1  1 -2 -3  1  0 -2 -2 -1  0  2 -1  0  1 -1  0 -1 -3  0  1   14   8   0   0   3   4   1   2   2   4  25   2   0   9   2   9   3   0   2  10  0.10 0.11
   11 Q    1 -2 -2 -3  2  0 -1 -2 -3  0  2 -2 -1  2  1  1 -1 -3 -2  0   12   2   1   0   5   5   2   1   0   4  28   0   0  10   8  13   1   0   0   7  0.18 0.15
   12 A    3 -3 -3 -3  4 -3 -3 -2 -3  0  1 -3  0  0 -3  1  0  1 -2  0   35   0   0   1  10   0   0   2   0   5  16   0   1   5   0  12   5   2   0   5  0.33 0.20
   13 L   -1 -3 -5 -5 -3 -4 -5 -5 -5  1  4 -4  1  0 -5 -2 -2 -4 -3  4    4   1   0   0   0   0   0   0   0   3  49   0   3   2   0   2   2   0   0  33  0.76 0.31
   14 L   -2 -3 -5 -5  0 -4 -4 -4 -4  1  4 -4  1  3 -3 -3  0 -3 -1  1    2   1   0   0   2   0   0   1   0   6  54   0   3  12   1   1   5   0   1  11  0.64 0.28
   15 L   -1 -4 -5 -5  4 -4 -5 -5 -4  2  3 -4 -1  4 -5 -2 -3  2  1  1    5   0   0   0  11   0   0   0   0   9  37   0   0  20   0   3   0   3   3   9  0.64 0.27
   16 L   -2 -3 -5 -5 -3 -4 -3 -5 -4  2  4 -4  1  4 -4 -2 -2 -3  0  2    2   1   0   0   0   0   1   0   0  11  44   0   3  17   0   3   1   0   1  14  0.62 0.26
   17 A    0 -3 -2 -3  0 -2 -3  2 -1  0  0 -2 -2  2 -3  2  0 -3 -2  1    8   0   0   0   1   0   0  20   2   7   8   1   0  10   0  24   5   0   0  11  0.23 0.17
   18 A    2 -1 -1 -3  4 -2 -2  1  2 -2 -1 -2 -1 -2 -3  2  2 -3  1 -1   18   3   2   0   9   1   0  11   6   2   4   0   1   0   0  16  17   0   7   4  0.26 0.18
   19 A    1  1 -2 -3  1 -2 -2  2 -3  1  1 -2 -1  1  0  1 -1 -3 -2  0   15  11   1   0   3   0   0  15   0   8  16   0   1   6   3  12   1   0   0   6  0.13 0.13
   20 A    1 -1 -2 -1  1 -2 -2 -2 -2  1  0 -2  0  2  0  1  0  3 -1  1   12   4   1   3   4   1   0   1   1  12   9   1   2  10   5  15   5   5   0  11  0.11 0.11
   21 E    1  1  0  2  0  3  0 -1  3 -2 -2 -1 -2 -2 -1  1  0 -2  0 -2   11  10   3  13   3  17   4   4   7   1   4   1   0   1   3   9   5   0   3   2  0.19 0.14
   22 L   -1 -2 -3 -2  0 -2  0  0 -2  2  2 -2 -1  1  1 -1 -1  1 -1  1    4   1   0   1   2   1  10   9   1  13  21   0   0   7   8   5   2   2   1  11  0.11 0.11
   23 S    1 -2  0 -3  1 -3 -3  0 -1 -1 -2 -3 -2 -1 -3  2  2 -4 -1  3   15   1   6   0   3   0   0   8   1   1   0   0   0   2   0  15  15   0   2  31  0.32 0.23
   24 P    1 -1  1  3 -4  2  1 -2  1 -2 -3 -1 -3 -3  0  0  1 -4 -3 -2   16   2   8  20   0  13  10   1   3   2   2   0   0   1   4   5  11   0   0   2  0.31 0.20
   25 G    5 -5 -4 -4 -1 -4 -3  5 -5 -5 -5 -3 -5 -6 -4 -2 -3 -5 -5 -4   47   0   0   0   1   0   1  49   0   0   0   1   0   0   0   0   1   0   0   0  1.36 0.49
   26 L   -5 -6 -7 -7 -5 -6 -6 -7 -6  2  6 -6 -1 -3 -6 -6 -4 -5 -4 -1    0   0   0   0   0   0   0   0   0   8  91   0   0   0   0   0   0   0   0   2  1.77 0.60
   27 K   -4  2 -3 -4 -6  5 -1 -5 -2 -3 -1  6 -4 -5 -4 -2 -1  1 -4 -5    0  11   0   0   0  24   1   0   1   1   7  49   0   0   0   1   3   2   0   0  1.10 0.48
   28 C   -5 -8 -8 -8 12 -8 -9 -7 -8 -6 -6 -8 -6 -7 -8 -6 -6 -7 -7 -5    0   0   0   0 100   0   0   0   0   0   0   0   0   0   0   0   0   0   0   0  4.34 1.08
   29 V   -2 -2  2 -3 -5 -3 -4 -5  7 -2 -1 -2 -2  3 -5 -3 -3 -3  6  1    2   1  10   1   0   0   0   0  27   1   6   2   0  10   0   1   1   0  29   9  1.02 0.43
   30 C   -5 -8 -8 -8 12 -8 -9 -7 -8 -6 -6 -8 -6 -7 -8 -6 -6 -7 -7 -5    0   0   0   0 100   0   0   0   0   0   0   0   0   0   0   0   0   0   0   0  4.34 1.08
   31 L   -4 -3  0  6 -5  2  0 -4  4 -4 -2 -1 -4 -5 -2  0  2 -6 -4 -5    0   0   3  42   0  12   5   0  10   1   4   2   0   0   2   8  12   0   0   0  0.83 0.39
   32 L   -2  2  2  0 -4  0 -1 -4  0  4  1 -2 -1 -2 -3 -2 -1  2 -1  0    1  15  10   6   0   3   4   0   2  28  17   0   1   0   1   2   2   3   2   3  0.28 0.22
   33 C   -5 -8 -7 -8 12 -8 -8 -7 -8 -6 -6 -8 -6 -7 -4 -5 -2 -7 -7 -5    0   0   0   0  96   0   0   0   0   0   0   0   0   0   1   0   2   0   0   0  4.07 1.04
   34 D    0 -1  0 -1  0  0  2 -2 -2 -1 -2  3 -2 -3  2  0  2 -3 -3  0    6   2   5   2   3   4  13   3   0   3   3  20   0   1   8   6  15   0   0   7  0.20 0.14
   35 S   -1 -1  0  3 -1  1  3 -1  1 -3 -3  3 -3 -4 -1  1 -1 -3 -2 -3    2   2   3  19   1   7  17   4   3   1   1  20   0   1   2  12   1   0   1   1  0.40 0.20
   36 S    1 -1  1  2 -3 -1  0 -3 -3 -3 -4 -1 -3 -4 -1  2  5 -4 -4 -2   13   2   5  11   0   1   6   1   0   0   1   2   0   0   3  17  35   0   0   1  0.53 0.30
   37 N   -5 -4  9 -1 -7 -4 -1  0 -3 -7 -7 -4 -6 -7 -6 -3 -4 -8 -6 -7    0   0  85   3   0   0   3   8   0   0   0   0   0   0   0   1   0   0   0   0  2.32 0.78
   38 F   -3 -1  2 -2  1  0 -2 -3  4 -4 -3 -2 -3  4 -5  2 -2 -3  5 -4    1   3   9   2   3   3   2   1  13   0   1   1   0  19   0  20   1   0  20   0  0.65 0.35
   39 T   -3 -3 -2 -1 -4 -1  0 -5 -5  2 -4 -3 -4 -5 -4  1  7 -6 -5 -2    0   1   1   3   0   3   5   0   0  10   0   1   0   0   0   7  66   0   0   2  1.25 0.56
   40 C   -2 -8 -7 -8 12 -8 -8 -7 -8 -6 -6 -8 -6 -7 -7 -5 -5 -7 -7 -5    3   0   0   0  97   0   0   0   0   0   0   0   0   0   0   0   0   0   0   0  4.11 1.07
   41 Q   -3 -3 -1 -2 -5  1  6 -2  0 -1 -4 -2 -2 -3 -4 -2  1 -5  0  2    0   0   2   0   0   6  52   3   2   4   0   1   1   1   0   1   9   0   3  14  0.80 0.43
   42 T   -4 -5 -4 -5 -5 -5 -2 -6 -6 -5 -6 -5 -5 -6 -5 -3  8 -7 -6 -4    0   0   0   0   0   0   2   0   0   0   0   0   0   0   0   0  98   0   0   0  2.54 0.91
   43 E   -5 -5 -2  8 -7 -4  0 -3 -5 -7 -7 -2 -7 -7 -5 -4 -1 -8 -2 -7    0   0   1  84   0   0   5   1   0   0   0   3   0   0   0   0   4   0   2   0  2.18 0.75
   44 G   -4 -6 -4 -5 -7 -6 -6  8 -6 -8 -8 -6 -7 -7 -6 -4 -6 -7 -7 -7    0   0   0   0   0   0   0 100   0   0   0   0   0   0   0   0   0   0   0   0  2.69 0.84
   45 A    2 -3 -5 -6 -4 -4 -5 -5 -3 -1  2 -4  1  1 -5 -4 -3 -2  6  2   22   1   0   0   0   0   0   0   0   3  21   0   4   4   0   0   0   0  31  14  0.82 0.41
   46 C   -5 -8 -8 -9 12 -8 -9 -7 -8 -6 -6 -8 -6 -7 -8 -6 -6 -7 -7 -6    0   0   0   0 100   0   0   0   0   0   0   0   0   0   0   0   0   0   0   0  4.39 1.16
   47 W   -4 -5 -6 -7 -6 -6 -6 -7 -4 -1  0 -6  5  8 -7 -6 -4  5  3 -2    1   0   0   0   0   0   0   0   0   3   6   0  13  58   0   0   0   7   9   2  1.76 0.65
   48 A    4 -4 -1 -5 -4 -4 -4 -4 -5 -1 -3 -2 -3 -5 -4 -2  4 -6 -5  4   33   0   3   0   0   0   0   0   0   1   1   2   0   0   0   1  30   0   0  28  0.89 0.50
   49 S    0 -2 -2 -4 -5 -2 -2 -4 -5 -3 -6 -4 -5 -3 -5  7 -1 -6 -5 -3    7   2   1   0   0   1   2   0   0   1   0   0   0   1   0  81   2   0   0   2  1.58 0.74
   50 V    0 -3 -4 -5 -4 -4 -4 -4 -5  3 -1 -3 -2 -2 -4 -2  4 -5 -4  5    6   1   0   0   0   0   0   1   0  17   4   1   0   1   0   1  29   0   0  39  0.84 0.44
   51 M   -2  0 -1 -3 -4  0  1 -4 -2 -1 -2 -1  3  2 -4  3  3 -4  1 -1    1   4   3   0   0   3   9   0   1   2   1   2   9   8   0  23  24   0   6   4  0.40 0.33
   52 L   -3  2  1 -3 -4 -1  1 -5 -3 -1  3  3  1  0 -4 -3 -3 -4 -2 -1    1  10   6   0   0   2   8   0   0   1  36  24   3   3   0   0   0   0   1   3  0.48 0.33
   53 T   -2 -2  0  3 -4  0  2 -3 -2  0 -1  1 -1 -3 -3  2  3 -5 -4 -1    1   0   4  16   0   3  13   0   1   7   5   8   2   1   0  19  18   0   0   3  0.34 0.27
   54 N   -2 -1  4  3 -4  0  1  1  1 -5 -5  1 -1 -5 -2  1  2 -5 -4 -4    2   3  20  17   0   2   7  12   3   0   0   9   1   0   1  10  13   0   0   0  0.46 0.29
   55 G   -2 -4  1  4 -6 -4  0  5 -4 -7 -6 -4 -6 -6 -5  1 -4 -6 -6 -6    1   0   6  25   0   0   6  50   0   0   0   0   0   0   0  11   0   0   0   0  1.20 0.54
   56 K   -1  2  0 -3 -4  1  0 -1 -1 -1 -2  4 -1 -4 -3  0  0 -5 -3  2    2   8   4   0   0   7   4   4   1   3   3  32   2   0   0   7   6   0   0  15  0.35 0.27
   57 E   -3 -3 -1 -1 -4  1  2 -5 -3  5 -1 -1 -1 -3 -1 -2  1 -5 -1  3    0   1   2   3   0   6  16   0   0  33   2   4   1   0   3   1   8   0   2  18  0.48 0.33
   58 Q   -2  0 -3 -3 -4  1  2 -4  1  3 -2  1  1 -4 -4 -1  3 -4 -2  0    1   4   0   0   0   6  13   1   4  24   1  11   3   0   0   3  23   0   1   4  0.40 0.31
   59 V   -2 -1 -2 -4 -4  1 -2 -4  6  0 -2 -3 -2  3 -3 -2  0 -2  5  1    2   3   1   0   0   6   2   1  22   6   2   0   1  13   1   2   7   0  22   9  0.70 0.36
   60 I    2  0  2 -2 -3  1  0 -2 -2  0 -2 -1  1 -2 -3  2  0 -2 -3  1   20   5  10   1   0   7   6   2   0   7   2   2   3   1   0  20   3   1   0  10  0.21 0.20
   61 K   -3  5 -3 -4 -5 -1 -2 -4  0 -4 -4  2 -2  2 -4  1 -2 -2  6 -4    1  28   1   0   0   2   1   1   1   0   1  11   1   8   0  11   2   0  31   1  0.92 0.44
   62 S   -2  6 -2 -3 -4  1 -2 -1  0 -1 -2 -1  3 -3 -4  2 -1 -1 -3 -3    3  42   2   1   0   7   2   4   2   4   2   1   8   1   0  16   4   1   0   2  0.66 0.36
   63 C   -4 -6 -6 -6 12 -6 -6 -6 -6 -5 -5 -6 -5 -6 -6 -3 -5 -6 -6 -5    1   0   0   0  90   0   1   1   0   0   1   0   0   0   0   2   0   0   0   1  3.73 1.02
   64 V   -3 -4 -4 -4 -3 -3 -4 -5 -3  4  3 -2  2  0 -4 -3 -2  1  3  2    1   0   0   0   0   1   1   1   0  24  31   3   5   3   0   1   1   2  10  15  0.60 0.30
   65 S    0 -2  3  3 -2  0  0 -1  3 -4 -4 -1 -3 -3  3  2  0 -4 -3 -3    7   1  13  19   1   3   6   3   9   0   1   2   0   1  13  14   5   0   0   2  0.41 0.25
   66 L   -2  2 -2 -1 -4  0  2 -3 -1 -2  0  3  1  3  0 -1 -2 -3 -1 -1    2  12   1   3   0   3  13   1   1   0  12  21   3  14   4   5   0   0   1   4  0.26 0.21
   67 P   -1 -1  0  2 -4 -1  0 -3 -3 -1 -3  1 -3 -3  4  2 -1 -4 -1 -1    4   3   3  10   0   3   6   1   0   5   2   9   0   1  22  21   3   0   2   5  0.40 0.25
   68 E   -1 -1 -2  3 -5  2  3 -4 -3 -5 -5  1 -4 -5  5 -2 -3 -5 -2 -4    5   2   1  14   0   9  22   1   0   0   1   7   0   0  32   2   0   0   2   1  0.88 0.41
   69 L   -2 -1 -3 -2 -4 -2  0 -2 -2 -1  3 -3  2 -2  5 -1 -1  0 -3 -2    3   4   1   2   0   1   6   3   1   3  33   0   5   1  26   3   4   1   0   1  0.52 0.30
   70 N   -2 -2  2  4 -4 -1  3  1 -1 -2 -4  0  0 -1 -1 -1 -2 -4 -1 -1    2   1  11  25   0   1  20  10   1   2   1   5   3   3   3   3   1   0   2   5  0.40 0.25
   71 A    0  4  1  0 -4  0 -2 -1  0 -3 -3  0 -3 -3  4 -1 -3 -4  2 -4    9  26   6   6   0   3   1   4   2   1   1   6   0   1  21   3   1   0   9   1  0.54 0.30
   72 Q   -3 -2 -4 -4 -5  2 -2 -5 -4 -4 -2 -2  1 -1  7  1 -4 -5 -5 -4    2   2   0   0   0  10   2   1   0   1   3   2   3   3  59  10   0   0   0   1  1.51 0.59
   73 V   -2 -2 -2 -4 -1 -4 -4 -4  0  3  1 -3  1  5 -2 -2 -2 -3 -1  2    3   2   2   1   1   0   1   1   3  19   9   2   2  31   2   2   1   0   1  16  0.58 0.28
   74 F   -2 -4 -4 -4  1 -1 -1 -4 -1  1 -1 -4  0  4 -4 -1 -2  8  3  2    3   1   0   1   3   3   4   1   2   9   4   1   2  18   1   4   2  22   8  14  0.77 0.33
   75 C   -4 -6 -6 -6 12 -6 -6 -2 -6 -5 -3 -6 -5 -6 -6 -5 -5 -6 -6 -5    1   0   0   0  87   0   1   3   0   0   3   0   0   0   0   1   0   0   0   1  3.55 0.98
   76 H    1  0  2 -2 -4 -1 -1 -3  6 -4  0  1  2 -1 -4 -1 -1 -4  1 -4   15   4  10   1   0   3   4   1  25   0  11   7   6   2   0   5   3   0   4   0  0.50 0.32
   77 S   -2 -1  2  1 -4 -1  0 -2 -2 -4 -4 -1 -4 -3  4  3  2 -6 -4 -2    1   4  11   6   0   3   6   2   0   0   1   3   0   1  21  25  12   0   0   4  0.53 0.34
   78 S    1  0  3  0 -4 -2 -3 -2 -2 -2 -5  1 -3 -4 -2  5  0 -6 -5 -3    8   6  11   4   0   1   0   1   1   2   1   8   1   1   1  49   4   0   0   2  0.73 0.44
   79 N   -2  1  2  2 -4 -1  2 -2 -3 -3 -3  1  3 -1  1  1  0 -5 -2 -2    1   6  12  12   0   1  14   2   0   1   1   8   9   4   6  12   7   0   1   2  0.29 0.23
   80 N   -2  1  4  1  4 -1 -1  1 -1 -4 -4 -1 -4 -3 -1  1  2 -5 -4 -3    2   8  19   8  11   2   2  11   1   0   0   3   0   1   4  12  15   0   0   2  0.44 0.29
   81 V   -1 -1 -2 -3 -3 -1 -2  1 -1  3  1 -1 -1 -1 -2 -1  1 -4  0  2    2   4   1   1   0   2   2  13   2  20  13   3   1   2   2   5   9   0   3  16  0.16 0.16
   82 T    1  1  1 -2 -3 -1 -2 -1  0  0  0 -1  0  1 -3  1  2 -3  1  0   15   8   8   1   0   1   1   4   2   6   7   1   3   6   0  13  12   0   7   4  0.13 0.15
   83 K   -1  1  2 -1 -4 -1  1 -1  3 -2 -2  1 -2 -1 -2  0  0 -3  2  2    3   7  11   3   0   1  11   4   8   0   2   9   1   2   1   6   4   0  10  18  0.20 0.20
   84 T   -1 -2 -4 -5 -4 -3 -4 -4 -5  4 -2 -4  0 -2  4  1  3 -5 -3  1    4   3   0   0   0   1   0   1   0  30   1   0   2   1  18  10  20   0   1  10  0.64 0.34
   85 E   -2  0 -1  2  5  1  2 -3  4 -2 -1 -1  1 -2 -4 -1 -2 -4  1 -2    3   6   2  14  16   5  15   1  11   2   5   4   4   2   0   2   2   0   5   1  0.41 0.24
   86 C   -5 -8 -8 -9 12 -8 -9 -8 -8 -6  1 -8 -6 -7 -8 -6 -6 -7 -7 -5    0   0   0   0  89   0   0   0   0   0  11   0   0   0   0   0   0   0   0   0  3.82 1.02
   87 C   -5 -7 -1 -1 11 -3 -7 -7  0  2 -5 -1 -5 -7 -7 -4 -5 -7 -7 -5    0   0   4   4  73   1   0   0   2  11   0   4   0   0   0   1   0   0   0   0  2.78 0.82
   88 F   -1 -1  3  3 -5 -1  0 -4  2 -4 -4  0 -3  1  2  0  0 -4  3 -4    4   3  14  20   0   2   4   0   6   0   1   6   1   5  12   7   5   0  11   0  0.41 0.25
   89 T   -1  3 -1 -1 -4  0  2 -2 -2 -2 -3  0 -1 -3 -4  2  3 -2 -4 -2    3  19   3   2   0   4  14   2   1   2   1   5   1   1   0  14  24   1   0   2  0.41 0.27
   90 D   -6 -6 -2  8 -8 -5 -1 -6  0 -8 -8 -5 -8 -8 -3 -3 -5 -9 -7 -8    0   0   1  91   0   0   3   0   2   0   0   0   0   0   1   1   0   0   0   0  2.61 0.82
   91 F   -5  2 -6 -7 -6 -5 -6 -4  2 -4  0 -5  3  6 -7 -5 -5  2  6 -4    0  12   0   0   0   0   0   1   4   0   7   0   6  38   0   0   0   2  29   0  1.44 0.53
   92 C   -4 -5 -5 -5 12 -5 -5 -5 -5 -4 -4 -5 -4 -5 -5 -4 -4 -5 -5 -4    1   1   1   1  87   1   1   1   0   1   1   1   0   0   1   1   1   0   0   1  3.52 0.92
   93 N   -4 -4  9 -2 -5 -3 -3 -4 -3 -5 -5 -3 -5 -5 -4 -3 -3 -5 -5 -5    1   1  88   1   0   1   1   1   0   1   1   1   0   0   1   1   1   0   0   1  2.46 0.78
   94 N   -2  4  3 -1 -5  1 -1 -4 -3 -5 -3  4 -4 -5  0  0  0 -5 -4 -3    2  19  16   2   0   5   3   0   0   0   2  32   0   0   4   7   5   0   0   2  0.66 0.45
   95 I   -2 -3  1  2 -1 -2  1 -3 -1  3  1 -1 -1 -1  3 -1 -1  0  0  0    2   0   7  11   1   1  10   1   1  21  12   3   1   1  13   4   2   1   3   5  0.21 0.22
   96 T   -1  0  1  2 -3  0  1 -3 -1  0 -1  0  0 -3  2  0  2 -4 -1 -1    3   5   5  12   0   4   7   0   2   8   7   7   2   0  12   4  16   0   2   3  0.18 0.19
   97 L   -2 -1  0 -1 -3 -1 -1 -2 -3  1  3  0 -1  0  2 -1 -1 -3 -1  0    2   3   4   3   0   2   4   3   0   8  38   6   0   5   9   3   2   0   2   4  0.22 0.23
   98 H   -1  0 -2 -1 -3  1  0 -2  4  0 -2  0  2  0  2  0  0 -3  1 -1    4   5   0   3   0   5   5   2  14   5   3   7   8   5  12   9   7   0   4   2  0.21 0.22
   99 L    0 -3  0 -1 -3 -1 -1 -3  0  1  2 -1  0  2  2 -1  0 -3  0  1    6   0   4   3   0   3   3   0   2   7  20   4   2  10  12   4   4   0   2  12  0.15 0.16
  100 P    0  0  1  0 -3 -1  0  0  2  0 -1  0 -2 -2  1  0  0  4 -2  0    7   7   7   7   0   0   7   7   7   7   7   7   0   0   7   7   7   7   0   7  0.10 0.12
  101 T   -1  0  1  1 -3  0  1 -1  1 -1 -1  0 -2 -1  2  1  1 -4 -2  0    4   4   7  10   0   5   8   4   3   5   5   4   0   4  10   9  13   0   0   6  0.13 0.14
  102 A    0  0  1  0 -3  1  0  0  2 -2 -1  0 -1  0  1  0  0 -2  1 -1    6   6   6   6   0   6   6   6   6   0   6   6   0   6   6   6   6   0   6   6  0.07 0.08
  103 S    0  0  0 -1 -1  0  1  0  1 -2 -2  0 -1 -2  3  2  1 -2 -1 -1    5   3   1   1   1   1  11   8   4   2   1   4   1   1  14  23  11   0   1   4  0.21 0.05
  104 P    0  0  0  0 -2  0  1 -1  0 -2 -1  0 -1 -2  4  1  1 -3 -2 -1    8   3   2   3   0   1  15   3   2   1   6   6   1   2  20  13   9   0   0   4  0.25 0.05
  105 N    0  0  2  1 -3  1  1  0 -1 -2 -3  1 -2 -3  3  1  1 -3 -2 -1    3   5  13   7   0   6  12   5   0   0   0   6   1   1  13  15   8   0   0   5  0.24 0.05
  106 A    1  0 -1  0 -3  0  2  0 -1 -2 -3  1 -2 -3  4  1  0 -3 -3 -2    9   4   1   4   0   2  18   8   0   1   1   7   0   1  20  16   6   0   0   3  0.33 0.06
  107 P    0 -1 -1 -1 -2  0  0  2 -1 -2 -2 -1 -2 -3  4  2  0  0 -3 -2    6   3   1   2   1   2   6  22   1   1   2   1   0   0  23  22   2   2   0   3  0.39 0.07
  108 K    0  2  1 -1 -3  0  0  2  0 -3 -2  2 -1 -3  1  1  1 -3 -2 -2    3  12   6   0   0   3   2  18   2   0   1  16   1   0   8  15  12   0   0   0  0.24 0.06
  109 L    0 -3 -4 -4 -3 -3 -4 -3 -3  0  3 -3  0  2 -4 -3 -2  8  0  0    8   0   0   0   0   0   0   1   0   4  40   0   1   7   0   0   1  31   0   4  0.82 0.14
  110 G    0 -2  0  0 -3 -2 -1  5 -2 -3 -3 -2 -3 -4 -2  1  0 -4 -3 -1    2   1   4   3   0   0   3  60   0   0   1   0   0   0   1  13   4   0   0   8  0.64 0.11
  111 P    0  0 -1 -2 -3 -2 -2 -1 -1 -3 -3 -1 -2 -4  6  1  3 -4 -3 -1    5   5   2   0   0   0   0   3   1   0   1   3   0   0  42   8  27   0   0   3  0.77 0.12
  112 M   -1 -1 -4 -4 -2 -3 -3 -4 -3  1  1 -3  1  0 -2 -3 -1  8  0  3    3   5   0   0   0   0   0   0   0   3  14   0   5   2   1   0   1  24   2  41  0.61 0.12
  113 E    0  0 -1  0 -3  2  5 -1 -1 -2 -3  1 -2 -4 -2  0 -1 -4 -3 -1    7   2   0   0   0  10  52   2   0   1   1  10   1   0   1   5   1   0   0   7  0.48 0.11
  114 L   -1 -3 -4 -4 -2 -3 -3 -4 -3  1  4 -3  3  0 -3 -3 -1 -3 -2  1    5   0   0   0   0   0   0   0   0   5  66   1  12   1   0   0   3   0   0   5  0.52 0.11
  115 A    4 -2 -2 -3 -1 -2 -2 -1 -3  0 -1 -2  0 -2 -2  0  2 -3 -2  3   49   0   0   0   0   0   0   3   0   1   1   0   2   0   0   0  13   0   0  30  0.36 0.11
  116 I    3 -2 -3 -3 -1 -2 -2 -1 -3  1  2 -2  1 -1 -2 -1 -1 -3 -2  2   40   1   0   0   0   0   0   4   0   7  23   0   2   0   1   0   0   0   0  21  0.25 0.08
  117 I    1 -3 -3 -3 -1 -2 -3 -2 -3  2  1 -2  2  0 -3 -1  1 -1 -1  3   14   0   0   0   0   0   0   2   0  17   5   0   6   5   0   1   9   1   0  38  0.25 0.07
  118 I   -2 -4 -4 -4 -2 -4 -4 -5 -4  6  1 -4  0 -1 -4 -2 -1 -4 -2  3    0   0   0   0   0   0   0   0   0  76   2   0   0   0   0   2   1   0   0  19  0.78 0.15
  119 T    4 -2 -2 -3 -1 -2 -2 -1 -3  0  0 -2  1 -1 -1  0  1 -3 -2  0   60   0   0   0   0   0   0   3   0   4  10   0   3   3   1   1  10   0   0   4  0.33 0.10
  120 V   -1 -3 -2 -3  2 -3 -3  4 -3  1  0 -3  0 -2 -3 -2 -1 -3 -2  3    1   0   0   0   5   0   0  39   0   8   9   0   3   1   0   0   0   0   0  33  0.38 0.09
  121 P    0 -3 -3 -3 -4 -2 -2 -3 -3 -3 -4 -2 -3 -5  8 -2 -2 -5 -4 -3    6   1   0   0   0   0   0   1   0   1   1   0   0   0  88   1   0   0   0   1  2.07 0.21
  122 V   -1 -3 -3 -3 -1 -3 -3 -3 -3  3  1 -3  0 -1 -3 -1  1 -3 -2  4    0   1   0   0   1   0   0   1   0  25   4   0   1   0   0   6   9   0   0  52  0.42 0.10
  123 C   -1 -4 -4 -4  9 -4 -4 -2 -4 -1  0 -4  0  2 -3 -2 -2 -3 -2  0    2   0   0   0  62   0   0   4   0   2   8   0   2  13   1   0   0   0   0   5  1.13 0.17
  124 L    0 -3 -3 -4  0 -3 -3 -3 -3  2  3 -3  1  3 -3 -2 -1 -2  0  2   10   0   0   0   1   0   0   1   0   8  38   0   2  16   0   1   0   0   0  22  0.30 0.07
  125 L   -1 -3 -4 -4 -1 -3 -3 -3 -3  3  4 -3  2  0 -3 -2 -1 -3 -2  2    3   0   0   0   1   0   0   1   0  18  51   0   2   1   1   1   1   0   0  19  0.42 0.09
  126 S    0 -3 -2 -3  9 -2 -3 -2 -3 -2 -2 -3 -2  0 -3  2 -1 -3 -2 -1    6   0   0   0  58   1   0   2   0   1   2   0   0   6   0  19   1   0   0   3  1.02 0.16
  127 I   -1 -3 -3 -4 -1 -3 -3 -4 -3  3  2 -3  1  1 -3 -2 -1 -2 -1  3    3   0   0   0   0   0   0   0   0  28  27   0   2   8   0   0   2   0   0  26  0.36 0.07
  128 A    1 -2 -2 -3  0 -2 -2  0 -3  2  2 -2  0  0 -2  0  0 -3 -1  2   11   1   0   0   1   0   0   7   0  11  20   0   1   4   0  11   3   0   0  29  0.15 0.05
  129 A    1 -2 -3 -3 -2 -2 -3 -1 -3  2  2 -2  1  1 -3 -1  0 -2 -1  2   14   1   0   0   0   0   0   6   0  11  25   0   4   8   0   1   3   0   0  27  0.20 0.06
  130 M   -1 -3 -3 -4 -2 -2 -3 -4 -3  2  3 -3  5  0 -3 -2  0 -3 -2  2    3   0   0   0   0   0   0   0   0  11  29   0  36   1   0   0   4   0   0  14  0.45 0.10
  131 L   -1 -3 -3 -4 -1 -3 -3 -3 -3  3  3 -3  1 -1 -3 -2  0 -3 -2  3    4   0   0   0   0   0   0   1   0  18  43   0   2   0   0   3   3   0   0  25  0.36 0.07
  132 T    1 -2 -2 -2 -1 -2 -2  1 -2  2  0 -2  0 -1 -2  0  1 -3 -2  2   20   0   0   0   0   0   0  14   0  19   3   0   3   2   0   7  12   0   1  18  0.15 0.05
  133 V    0 -3 -3 -3 -2 -2 -3 -3 -2  1  1 -3  1  3 -3 -2 -1  3  3  2   13   0   0   0   0   0   0   0   0   8  17   0   2  13   0   0   1   5  14  25  0.25 0.06
  134 W   -2 -3 -1 -3  6 -2 -3 -3  3 -2 -1 -3 -1  3 -4 -2 -2  5  5 -1    0   0   3   0  21   1   0   1   9   0   3   0   1  15   0   2   1   8  32   2  0.63 0.11
  135 A    0 -1 -3 -3 -1 -2 -2 -3 -2  2  1 -2  1  2 -3 -1  1  3  0  2    9   5   0   0   1   0   0   0   0  21  11   0   3  10   0   1  13   5   2  18  0.16 0.05
  136 C   -1 -1 -3 -4  7 -2 -3 -3  2 -1 -1 -2 -1  2  0 -2 -2  4  2  0    4   4   0   0  39   2   0   1   6   3   3   1   1  10   4   0   0   6   9   6  0.56 0.10
  137 Q   -1  1  0 -2 -1  4  0 -2  6 -2 -2  0  1 -2 -2 -1 -1 -3  0 -2    2   8   4   0   1  36   0   1  27   1   3   3   5   0   0   3   1   0   2   2  0.45 0.10
  138 G   -1  1  2 -1 -2  1 -1  3  2 -3 -3  0 -2 -1 -2  1  0  1  2 -3    2   8  13   1   0   6   1  26   8   0   0   6   0   1   1   8   7   2  10   0  0.24 0.05
  139 R   -2  5 -1 -2  0  1 -1 -3  5 -4 -3  2 -2 -3 -3 -1 -2  0  0 -3    0  51   1   1   3   5   0   1  23   0   0   8   1   0   0   2   0   1   3   0  0.64 0.11
  140 Q   -1  3 -1 -1 -2  3  0 -1  2 -3 -1  2 -1 -2  0  0  0  3  0 -2    1  25   1   0   1  24   0   2   8   0   5  11   0   0   4   4   6   4   2   1  0.30 0.06
  141 C   -1  4 -2 -2  6  0 -1 -1 -1 -2 -2  1 -2 -3 -1 -1 -1  0 -2  0    2  32   0   0  30   4   0   4   1   1   1  10   0   0   2   1   1   1   1   9  0.45 0.09
  142 S    1  1  0 -1  0  0 -1  0 -1  0  0  0  0 -2  1  0  1 -3 -2  0   23  13   4   3   2   3   0   5   1   8   7   1   1   1   6   3  11   0   0   7  0.07 0.03
  143 Y    0  1 -1 -2 -2  0 -1 -1  5 -2 -2  0 -1  1  0 -1 -1  1  4 -2    9  10   2   1   0   4   0   4  26   0   2   5   1   6   4   1   2   1  22   1  0.31 0.07
  144 R   -1  4  1 -2 -3  1 -1  0  4 -1 -1  1 -1 -2 -2  1 -1 -3 -1 -2    2  31   6   0   0   5   1   6  17   6   5   4   2   0   1  11   2   0   1   0  0.25 0.06
  145 K   -1  4  1 -1 -3  0 -1  0  5 -4 -3  2 -2 -2  0 -1 -1 -3  1 -3    2  31   5   1   0   0   0   9  24   0   0  16   0   0   4   0   2   0   5   0  0.42 0.08
  146 K    1  2 -1 -1 -1  0  0 -1  2 -1 -1  1 -1  1  0  0 -1 -1  1 -1   17  21   1   1   1   3   2   3   8   3   4  10   0  10   4   2   3   0   6   2  0.10 0.02
  147 K    0  3 -1 -1 -2  2  0 -2  2 -2 -2  2 -1 -2  2  0  0 -2 -1 -2    6  19   1   1   0  15   2   1   9   1   3  18   2   1  10   5   5   0   1   2  0.24 0.03
  148 R    0  4 -1  1 -2  1  0 -2 -1 -1 -1  1 -1 -2  0 -1 -1 -3 -1  1    7  35   0  10   1   7   3   0   1   1   2   7   1   1   4   0   1   0   1  18  0.21 0.05
  149 P   -1 -2 -1  1 -3  1 -1 -2  0 -2  0 -1 -1 -2  6 -1 -1 -3 -2 -2    2   0   2  10   0  10   0   1   4   1  14   0   1   2  48   3   1   0   0   1  0.76 0.08
  150 N   -1 -1  4  3 -2  0  1 -1 -1 -3 -3  0 -2 -1  1  2  0 -3 -2 -3    2   1  31  20   1   0  10   2   0   0   2   2   0   3   5  18   0   0   1   0  0.35 0.06
  151 V    0 -2 -1  0 -2 -1  2 -2 -2  1  1 -1  2 -2  2 -1 -1 -3 -2  2    7   1   1   4   0   0  19   1   0  11  10   0   9   0   9   3   0   0   0  22  0.12 0.03
  152 E   -1 -1  0  2 -4  1  5 -2  0 -3 -2  1 -2 -4 -2  0 -1 -4 -3 -2    1   0   2   5   0   2  76   1   1   1   3   3   1   0   0   3   0   0   0   2  0.69 0.10
  153 E    0 -1  0  4 -3  0  4 -2  0 -2 -2  0 -1 -3 -2  0 -1 -4 -3 -2   12   0   2  34   0   1  38   0   1   2   2   0   2   0   0   5   0   0   0   1  0.47 0.06
  154 P    0 -2 -1  1 -3 -1 -1 -2 -2 -2 -3 -1 -2 -4  7  0 -1 -4 -3 -2    5   1   2   9   0   0   1   0   0   2   1   0   1   0  66   6   1   0   0   3  1.25 0.09
  155 L    0 -1 -1  1 -2 -1  0 -1 -2  0  2 -1  0 -1 -1  2  0 -3 -2  0    4   1   0  13   0   1   4   2   0   0  31   0   1   0   2  32   2   0   0   5  0.12 0.04
  156 S    0  0 -1  1  4  0  0 -1  0 -1  0 -1  1 -2 -1  1  0 -3 -1 -1    3   8   1  10  13   3   5   3   3   2   6   0  11   0   2  21   5   0   1   3  0.10 0.03
  157 E   -1 -1  1  4 -4  1  4 -2 -1 -3 -3  0 -3 -3  2  0 -1 -3 -1 -3    1   0   3  29   0   2  41   1   0   0   0   1   0   0  11   3   3   0   3   1  0.55 0.07
  158 C   -1  1  0  0  4  1  0  0  3 -2 -2  0  0 -2  1 -1 -1 -2 -1 -2    3  13   3   5  16  11   4   6  15   1   2   1   6   0   8   1   2   0   2   1  0.19 0.04
  159 N   -1 -1  2 -1  1 -1 -1 -2 -1 -1  0 -1  1 -2  5  0  0 -3 -2 -1    3   2  20   2   5   2   1   1   1   2  12   1   8   0  31   6   2   0   0   1  0.40 0.04
  160 L   -2 -2 -3 -2 -2 -2 -2 -3 -1  2  3 -2  1  3  0 -2 -1 -1  2  1    1   1   1   2   0   1   1   1   1  12  40   1   1  21   6   1   1   0   7   3  0.25 0.04
  161 V   -1 -2 -2 -3 -2 -2 -2 -1 -3  3  2 -2  2 -1  1 -2 -1 -2 -2  2    1   0   1   1   0   2   0   7   0  35  16   0  11   0   6   1   0   0   0  16  0.20 0.04
  162 N    1 -1  2 -1 -2  0 -1  0 -1 -1  0 -1 -1 -2  0  2  1 -3 -2 -1    9   0  18   0   0   3   0   4   0   2  18   0   0   0   4  34   7   0   0   0  0.18 0.04
  163 A    0 -1  0  0 -2  1  1  2 -1 -2 -2  1 -1 -3  3  1  0 -3 -2 -1    6   0   2   5   0   4  13  16   0   0   1  12   2   0  16  14   3   0   0   4  0.26 0.03
  164 G    0 -2  1  2 -3 -2 -1  5 -1 -4 -4 -1 -3 -4  0  0 -1 -3 -3 -3    3   2   4  19   0   0   1  63   1   0   0   0   0   0   3   1   2   0   0   0  0.67 0.06
  165 K    0  1  0 -1 -2  1  0 -2  1 -1 -2  3 -1 -3 -1  0  2 -3 -2  0    2   2   4   0   0   5   0   0   4   0   0  40   0   0   2   4  21   0   0  15  0.21 0.04
  166 T    0 -2  0 -1  2 -1 -1 -2 -2 -2 -2 -1 -1 -3 -2  2  5 -3 -2 -1    1   0   0   0   7   0   0   0   0   0   0   0   0   0   0  21  70   0   0   0  0.54 0.08
  167 L   -2 -3 -4 -4 -2 -3 -3 -4 -3  3  4 -3  2  0 -3 -3 -1 -2 -2  1    0   0   0   0   0   0   0   0   0  24  74   0   0   0   0   0   0   0   0   0  0.52 0.06
  168 K   -1  3 -1 -1 -4  3  1 -2  1 -3 -3  5 -2 -3 -1 -1 -1 -3 -2 -3    0  20   0   0   0  16   1   0   3   0   0  59   0   0   0   0   0   0   0   0  0.58 0.06
  169 D   -2 -2  1  6 -4 -1  2 -2  0 -4 -4 -1 -4 -4 -2 -1 -2 -5 -3 -4    0   0   1  85   0   0   9   1   2   0   0   0   0   0   0   0   0   0   0   0  1.02 0.09
  170 L   -2 -2 -4 -4 -2 -2 -3 -4 -3  2  4 -3  4  0 -3 -3 -1 -2 -1  1    0   0   0   0   0   0   0   0   0   6  68   0  24   1   0   0   0   0   0   0  0.51 0.06
  171 I   -2 -3 -4 -4 -2 -3 -3 -4 -3  5  2 -3  1  0 -3 -3 -1 -3 -1  2    0   0   0   0   0   0   0   0   0  76  13   0   2   0   0   0   0   0   1   5  0.49 0.07
  172 Y   -1 -1 -1 -1  0 -1 -1 -1  1 -1 -1 -1 -1  3 -1 -1 -1  1  6 -1    3   2   2   3   3   2   5   3   1   2   3   2   1  11   2   3   3   0  47   2  0.35 0.03
  173 D   -2 -2  1  6 -4  0  3 -2 -1 -4 -4 -1 -3 -4 -2 -1 -1 -4 -3 -3    0   0   4  66   0   0  26   0   0   0   0   0   0   0   0   0   1   0   0   0  0.83 0.07
  174 V   -1 -2 -3 -4 -2 -1 -3 -2 -2  1  2 -2  7  0 -3 -2 -1  1 -1  0    1   0   0   0   0   0   0   2   0   0  15   1  72   1   0   0   1   2   1   3  0.57 0.09
  175 T    0 -2  0 -1 -1 -1 -1 -2 -2 -2 -2 -1 -1 -3 -1  3  5 -3 -2 -1    1   0   0   0   0   0   2   0   0   0   0   0   0   0   0  25  71   0   0   0  0.56 0.08
  176 A    0 -2 -1 -2 -1 -1 -1 -2  0 -1 -2 -1 -1 -2 -2  1  6 -3 -1 -1    5   0   0   0   1   1   0   0   2   0   0   0   0   0   0   1  86   0   2   0  0.60 0.09
  177 S    1 -1  0 -1 -1 -1 -1 -1 -1 -3 -3 -1 -2 -3 -1  5  1 -3 -2 -2    0   0   0   0   0   0   0   1   0   0   0   0   0   0   0  95   0   0   0   0  0.66 0.10
  178 G    0 -3 -1 -2 -3 -2 -3  6 -3 -4 -4 -2 -3 -4 -3 -1 -2 -3 -4 -4    0   0   0   0   0   0   0  98   0   0   0   1   0   0   0   0   0   0   0   0  1.27 0.09
  179 S    1 -1  0 -1 -2 -1 -1 -1 -2 -3 -3 -1 -2 -3 -1  5  1 -4 -2 -2    0   0   0   0   0   0   0   0   0   0   0   0   0   0   1  98   0   0   0   0  0.71 0.10
  180 G    0 -3 -1 -2 -3 -2 -3  6 -3 -4 -4 -2 -3 -4 -3 -1 -2 -3 -4 -4    0   0   0   0   0   0   0  98   0   0   0   0   0   0   0   1   0   0   0   0  1.27 0.09
  181 S    1 -1  0 -1 -2 -1 -1 -1 -1 -3 -3  0 -2 -3 -1  5  1 -4 -2 -2    0   0   0   0   0   0   0   0   0   0   0   5   0   0   0  95   1   0   0   0  0.66 0.09
  182 G    0 -3 -1 -1 -3 -2 -2  6 -3 -4 -4 -2 -3 -4 -3  0 -2 -3 -4 -4    0   0   0   3   0   0   0  92   0   0   0   0   0   0   0   5   0   0   0   0  1.15 0.08
  183 L   -2 -3 -4 -4 -2 -3 -3 -4 -3  1  5 -3  2  0 -3 -2 -2 -2 -2  0    0   0   0   0   0   0   0   0   0   0  96   0   0   0   0   3   0   0   0   1  0.62 0.07
  184 P   -1 -3 -3 -2 -4 -2 -2 -2 -3 -4 -4 -2 -3 -5  8 -1 -2 -5 -4 -3    0   0   0   0   0   0   0   3   0   0   0   0   0   0  97   0   0   0   0   0  2.21 0.11
  185 L   -2 -3 -4 -4 -2 -3 -4 -4 -2  1  5 -3  2  1 -4 -3 -2 -2 -1  0    0   0   0   0   0   0   0   0   1   1  95   0   0   3   0   0   0   0   0   0  0.63 0.07
  186 L   -2 -3 -4 -4 -2 -3 -4 -4 -3  1  4 -3  2  2 -4 -3 -2 -2 -1  0    0   0   0   0   0   0   0   0   0   3  86   0   0  11   0   0   0   0   0   0  0.57 0.07
  187 V   -1 -3 -4 -4  1 -3 -3 -4 -4  2  1 -3  0 -1 -3 -2 -1 -4 -2  5    0   0   0   0   3   0   0   0   0   0   2   0   0   0   0   0   0   0   0  95  0.58 0.09
  188 Q   -2  0 -1 -1 -4  7  1 -3  0 -4 -3  1 -1 -4  0 -1 -1 -3 -2 -3    0   0   0   0   0  97   0   0   0   0   0   0   0   0   3   0   0   0   0   0  1.03 0.12
  189 R   -2  7 -1 -2 -4  1  0 -3 -1 -4 -3  2 -2 -4 -3 -1 -2 -3 -2 -3    0  97   0   0   0   0   3   0   0   0   0   0   0   0   0   0   0   0   0   0  1.07 0.10
  190 T    0 -2  0 -1 -1 -1 -1 -2 -2 -2 -2 -1 -1 -3 -1  3  5 -3 -2 -1    3   0   0   0   0   0   0   0   0   0   0   0   0   0   0  27  68   0   0   0  0.54 0.07
  191 I   -2 -3 -4 -4 -2 -3 -4 -4 -4  5  1 -3  1 -1 -3 -3 -1 -3 -2  3    0   0   0   0   0   0   0   0   0  84   3   0   0   0   0   0   0   0   0  12  0.57 0.07
  192 A    5 -2 -2 -2 -1 -1 -1  0 -2 -2 -2 -1 -1 -3 -1  1  0 -3 -2 -1   95   0   0   0   0   0   0   0   0   0   0   0   0   0   0   0   3   0   0   0  0.60 0.08
  193 R   -2  7 -1 -2 -4  1 -1 -3 -1 -3 -3  2 -2 -3 -3 -1 -2 -3 -2 -3    0  95   0   0   0   0   0   0   0   0   0   0   0   0   0   0   0   0   0   0  1.01 0.09
  194 T   -1 -1  0 -1 -2  4  0 -2 -1 -2 -2  0 -1 -3 -2  1  4 -3 -2 -1    0   0   0   0   0  38   0   0   0   0   0   0   0   0   0   1  57   0   0   0  0.50 0.07
  195 I   -2 -3 -4 -3 -2 -3 -4 -4 -4  5  1 -3  1 -1 -3 -3 -1 -3 -2  2    0   0   0   0   0   0   0   0   0  92   0   0   0   0   0   0   0   0   0   4  0.59 0.08
  196 V   -1  0 -2 -2 -2  3 -1 -3  0  2  0 -1  0 -2 -2 -1  0 -3 -2  3    2   3   0   0   0  31   0   0   3   6   0   0   0   0   0   0   1   0   0  52  0.26 0.06
  197 L   -2 -3 -4 -4 -2 -3 -3 -4 -3  1  5 -3  2  0 -3 -2 -2 -2 -2  0    0   0   0   0   0   0   0   0   0   1  94   0   0   0   0   3   0   0   0   1  0.58 0.07
  198 Q   -1  0 -1 -2  3  5  0 -2  0  0 -1  0  0 -3 -2  0 -1 -3 -2  1    1   1   0   0   9  55   0   1   1   1   1   0   2   0   0   5   0   0   0  22  0.35 0.06
  199 E   -1 -1 -1  2 -4  1  5 -2  2 -4 -3  0 -3 -4 -2 -1 -1 -3 -2 -3    0   0   0   5   0   0  81   2   8   0   0   1   0   0   0   0   0   0   0   1  0.76 0.08
  200 I    0 -2 -2 -2  0 -2 -2 -2 -3  3  0 -2  0 -1 -1  1  2 -3 -2  2    3   0   0   0   2   1   0   0   0  43   3   0   0   0   1  20  18   0   0   9  0.19 0.04
  201 V   -1 -2 -3 -4 -2 -3 -3 -4 -4  5  1 -3  1 -1 -3 -3 -1 -3 -2  3    0   3   0   0   0   0   0   0   0  71   0   0   0   0   0   0   0   0   0  24  0.49 0.06
  202 G    0 -3 -1 -2 -3 -2 -3  6 -3 -4 -4 -2 -3 -4 -3 -1 -2 -3 -4 -4    0   0   0   0   0   0   0  98   0   0   0   0   0   0   0   0   0   0   0   0  1.25 0.09
  203 K   -1  2 -1 -1 -4  1  0 -2 -1 -3 -3  6 -2 -4 -2 -1 -1 -4 -2 -3    0   3   0   0   0   1   0   0   0   0   0  94   0   0   0   0   0   0   0   0  0.76 0.09
  204 G    0 -3 -1 -2 -3 -2 -3  6 -3 -4 -4 -2 -3 -4 -3 -1 -1 -3 -4 -4    0   0   0   0   0   0   0  95   0   0   0   0   0   0   0   0   3   0   0   0  1.19 0.08
  205 R   -2  7 -1 -2 -4  1 -1 -3  0 -4 -3  2 -2 -3 -3 -1 -2 -3 -2 -3    0  96   0   0   0   1   0   0   1   0   0   0   0   0   0   0   0   0   0   0  1.04 0.10
  206 F   -2 -3 -3 -4 -3 -3 -4 -4 -1 -1  0 -3 -1  7 -4 -3 -3  1  4 -1    3   0   0   0   0   0   0   0   0   0   0   0   0  82   0   0   0   0  14   0  0.94 0.09
  207 G    0 -3 -1 -2 -3 -2 -3  6 -3 -4 -4 -2 -3 -4 -3 -1 -2 -3 -4 -4    0   0   0   0   0   0   0  98   0   0   0   0   0   0   0   0   0   0   0   0  1.25 0.09
  208 E   -1 -1 -1  1 -4  1  6 -3 -1 -4 -2  0 -2 -4 -2 -1 -1 -3 -3 -3    0   0   0   0   0   0  95   0   0   0   3   0   0   0   0   0   0   0   0   0  0.92 0.09
  209 V   -1 -3 -4 -4 -1 -3 -3 -4 -4  2  0 -3  0 -1 -3 -2 -1 -4 -2  5    0   0   0   0   0   0   0   0   0   0   0   0   0   0   0   0   0   0   0 100  0.64 0.09
  210 W   -4 -4 -5 -5 -3 -3 -4 -4 -3 -4 -3 -4 -2  0 -5 -4 -3 12  2 -4    0   0   0   0   0   0   0   0   0   0   0   0   0   0   0   0   0  97   3   0  2.95 0.16
  211 H   -2  6 -1 -2 -4  1  0 -3  2 -4 -3  2 -2 -3 -3 -1 -2 -3 -2 -3    0  86   0   0   0   2   0   0   6   0   0   5   0   0   0   1   0   0   0   0  0.91 0.09
  212 G    0 -3 -1 -2 -3 -2 -3  6 -3 -5 -4 -2 -3 -4 -3 -1 -2 -3 -4 -4    0   0   0   0   0   0   0 100   0   0   0   0   0   0   0   0   0   0   0   0  1.31 0.09
  213 R   -2  5  0 -2 -4  1  0 -2  0 -3 -2  4 -2 -3 -2 -1 -1 -3 -2 -3    0  47   2   0   0   1   0   0   1   0   2  47   0   0   0   0   0   0   0   0  0.65 0.07
  214 W   -4 -4 -5 -5 -3 -3 -4 -4 -3 -4 -3 -4 -2  0 -5 -4 -3 12  2 -4    0   0   0   0   0   0   0   0   0   0   0   0   0   0   0   0   0  98   2   0  2.97 0.16
  215 C   -2  6 -1 -3  5  0 -1 -3  0 -3 -2  1 -2 -3 -3 -1 -2 -3 -2 -3    0  72   1   0  22   0   0   0   1   0   2   0   0   0   0   0   0   0   0   0  0.76 0.08
  216 G    0 -3 -1 -2 -3 -2 -3  6 -3 -4 -4 -2 -3 -4 -3 -1 -2 -3 -4 -4    2   0   0   0   0   0   0  96   0   0   0   0   0   0   0   1   0   0   0   0  1.22 0.09
  217 E   -1 -1 -1  1 -4  2  6  1 -1 -4 -4  0 -3 -4 -2 -1 -1 -4 -3 -3    0   0   0   2   0   2  85  11   0   0   0   0   0   0   0   0   0   0   0   0  0.80 0.08
  218 D   -2 -1  4  5 -4  0  2 -2 -1 -4 -4 -1 -3 -4  0  0 -1 -4 -3 -3    0   0  29  43   0   1  18   0   0   0   0   0   0   0   3   4   2   0   0   0  0.63 0.05
  219 V   -1 -3 -4 -4 -1 -3 -3 -4 -4  2  0 -3  0 -1 -3 -2 -1 -4 -2  5    0   0   0   0   0   0   0   0   0   0   0   0   0   0   0   0   0   0   0 100  0.64 0.09
  220 A    5 -2 -2 -2 -1 -1 -1  0 -2 -2 -2 -1 -2 -3 -1  1 -1 -3 -2 -1  100   0   0   0   0   0   0   0   0   0   0   0   0   0   0   0   0   0   0   0  0.66 0.09
  221 V   -1 -3 -4 -4 -1 -3 -3 -4 -4  2  0 -3  0 -1 -3 -2 -1 -4 -2  5    0   0   0   0   0   0   0   0   0   0   0   0   0   0   0   0   0   0   0 100  0.64 0.09
  222 K   -1  2 -1 -1 -4  1  0 -2 -1 -3 -3  6 -2 -4 -2 -1 -1 -4 -3 -3    0   0   0   0   0   0   0   0   0   0   0 100   0   0   0   0   0   0   0   0  0.84 0.10
  223 I   -2 -4 -4 -4 -2 -4 -4 -5 -4  6  1 -3  1 -1 -4 -3 -1 -3 -2  2    0   0   0   0   0   0   0   0   0  98   0   0   0   0   0   0   0   0   0   2  0.70 0.09
  224 F   -3 -4 -4 -4 -3 -4 -4 -4 -2 -1  0 -4 -1  8 -5 -3 -3  0  3 -1    0   0   0   0   0   0   0   0   0   1   0   0   0  99   0   0   0   0   0   0  1.17 0.11
  225 S    1 -1  0 -1 -1 -1 -1 -1 -2 -3 -3 -1 -2 -3 -1  5  1 -4 -2 -2    0   0   0   0   1   0   0   0   0   0   0   0   0   0   2  97   0   0   0   0  0.69 0.10
  226 S    1 -1  0 -1 -2 -1 -1 -1 -2 -3 -3 -1 -2 -3 -1  5  1 -4 -2 -2    0   0   0   0   0   0   0   0   0   0   0   0   0   0   0  97   3   0   0   0  0.70 0.10
  227 R   -2  7 -1 -2 -4  0 -1 -3 -1 -4 -3  2 -2 -4 -3 -1 -2 -3 -2 -3    0  99   0   0   0   0   0   0   0   0   0   0   0   0   0   1   0   0   0   0  1.09 0.10
  228 D   -2 -1  0  5 -4  1  5 -2 -1 -4 -4  0 -3 -4 -2 -1 -1 -4 -3 -3    0   0   0  40   0   0  60   0   0   0   0   0   0   0   0   0   0   0   0   0  0.85 0.08
  229 E   -2 -1 -1  1 -5  1  6 -3 -1 -4 -4  0 -3 -4 -2 -1 -2 -4 -3 -3    0   0   0   0   0   0 100   0   0   0   0   0   0   0   0   0   0   0   0   0  1.04 0.10
  230 R   -2  6 -1 -2  3  1 -1 -3 -1 -3 -3  2 -2 -3 -3 -1 -2 -3 -2 -3    0  84   0   0  10   1   0   0   0   0   0   4   0   0   0   1   0   0   0   0  0.86 0.09
  231 S    1 -1  0 -1 -2 -1 -1 -1 -2 -3 -3 -1 -2 -3 -1  5  1 -4 -2 -2    0   0   0   0   0   0   0   0   0   0   0   0   0   0   0 100   0   0   0   0  0.73 0.10
  232 W   -4 -4 -5 -5 -3 -3 -4 -3 -3 -4 -3 -4 -2  0 -5 -4 -4 12  1 -4    0   0   0   0   0   0   0   0   0   0   0   0   0   0   0   0   0 100   0   0  3.03 0.16
  233 F   -3 -4 -4 -4 -3 -4 -4 -4 -2  0  0 -4 -1  7 -4 -3 -3  0  3 -1    0   0   0   0   0   0   0   0   0   2   0   0   0  96   0   0   0   0   2   0  1.13 0.10
  234 R   -2  7 -1 -2 -4  0 -1 -3 -1 -4 -3  2 -2 -4 -3 -1 -2 -4 -2 -3    0 100   0   0   0   0   0   0   0   0   0   0   0   0   0   0   0   0   0   0  1.12 0.11
  235 E   -2 -1 -1  1 -5  1  6 -3 -1 -4 -4  0 -3 -4 -2 -1 -2 -4 -3 -3    0   0   0   0   0   0 100   0   0   0   0   0   0   0   0   0   0   0   0   0  1.04 0.10
  236 A    5 -2 -2 -2 -1 -1 -2  0 -2 -1 -2 -1 -1 -3 -1  1 -1 -3 -2  0   93   0   0   0   0   0   0   0   0   0   0   0   0   0   0   0   0   0   0   7  0.57 0.08
  237 E   -2 -1 -1  1 -4  2  6 -3 -1 -4 -4  0 -3 -4 -2 -1 -2 -4 -3 -3    0   0   0   0   0   2  98   0   0   0   0   0   0   0   0   0   0   0   0   0  1.02 0.10
  238 I   -2 -4 -4 -4 -2 -4 -4 -5 -4  6  1 -3  1 -1 -4 -3 -1 -3 -2  2    0   0   0   0   0   0   0   0   0  99   0   0   1   0   0   0   0   0   0   0  0.70 0.09
  239 Y   -3 -3 -3 -4 -3 -2 -3 -4  1 -2 -2 -3 -2  3 -4 -3 -2  2  8 -2    0   0   0   0   0   0   0   0   0   0   0   0   0   1   0   0   0   0  99   0  1.38 0.12
  240 Q   -2  0 -1 -1 -4  7  1 -3  0 -4 -3  1 -1 -4 -2 -1 -1 -3 -2 -3    0   0   0   0   0 100   0   0   0   0   0   0   0   0   0   0   0   0   0   0  1.08 0.12
  241 T   -1 -2 -1 -2 -2 -1 -2 -2 -2 -1 -2 -1 -1 -3 -2  1  6 -3 -2 -1    0   0   0   0   0   0   0   0   0   0   0   0   0   0   0   0 100   0   0   0  0.81 0.11
  242 V   -1 -3 -3 -4 -1 -3 -3 -4 -4  3  1 -3  0 -1 -3 -2  0 -3 -2  5    0   0   0   0   0   0   0   0   0  22   0   0   0   0   0   0   2   0   0  76  0.50 0.07
  243 M   -2 -2 -3 -4 -2 -1 -3 -4 -2  0  1 -2  8 -1 -3 -2 -1 -2 -2  0    0   0   0   0   0   0   0   0   0   0   1   0  99   0   0   0   0   0   0   0  0.98 0.13
  244 L   -2 -3 -4 -4 -2 -3 -4 -4 -3  1  5 -3  2  0 -4 -3 -2 -2 -2  0    0   0   0   0   0   0   0   0   0   0 100   0   0   0   0   0   0   0   0   0  0.68 0.08
  245 R   -2  7 -1 -2 -4  0 -1 -3 -1 -4 -3  2 -2 -3 -3 -1 -2 -3 -2 -3    0  96   0   0   0   0   0   0   0   0   0   0   0   0   0   0   0   0   0   0  1.02 0.09
  246 H   -2 -1  0 -2 -4  0 -1 -3  9 -4 -3 -1 -2 -2 -3 -2 -2 -3  1 -4    0   0   1   0   0   0   0   0  94   0   0   0   0   0   0   0   0   0   0   0  1.36 0.12
  247 E   -1 -1  0  3 -4  1  5 -2 -1 -4 -3  0 -3 -4 -2 -1 -1 -3 -3 -3    0   0   0  17   0   0  79   0   0   0   0   0   0   0   0   0   0   0   0   0  0.81 0.08
  248 N   -2 -1  7  1 -3 -1 -1 -1  0 -4 -4 -1 -3 -4 -2  0 -1 -4 -3 -3    0   0  94   0   0   0   0   0   1   0   0   0   0   0   0   2   0   0   0   0  0.99 0.10
  249 I   -2 -3 -4 -4 -2 -3 -4 -4 -4  5  1 -3  1 -1 -3 -3 -1 -3 -2  2    0   0   0   0   0   0   0   0   0  89   2   0   0   0   0   0   0   0   0   5  0.58 0.08
  250 L   -2 -3 -4 -4 -2 -3 -3 -4 -3  1  5 -3  2  0 -3 -3 -2 -2 -1  0    0   0   0   0   0   0   0   0   0   0  96   0   0   0   0   0   0   0   0   0  0.61 0.07
  251 G    0 -3 -1 -2 -3 -2 -3  6 -3 -4 -4 -2 -3 -4 -3 -1 -2 -3 -3 -4    0   0   0   0   0   0   0  96   0   0   0   0   0   0   0   0   0   0   0   0  1.20 0.08
  252 F   -3 -3 -4 -4 -3 -4 -4 -4 -2 -1  0 -4 -1  7 -4 -3 -3  0  3 -1    0   0   0   0   0   0   0   0   0   0   0   0   0  96   0   0   0   0   0   0  1.08 0.10
  253 I   -2 -3 -4 -4 -2 -3 -4 -4 -4  6  1 -3  1 -1 -3 -3 -1 -3 -2  2    0   0   0   0   0   0   0   0   0  92   0   0   0   0   0   0   0   0   0   4  0.60 0.08
  254 A    5 -2 -2 -2 -1 -1 -1  0 -2 -2 -2 -1 -1 -3 -1  1  0 -3 -2 -1   96   0   0   0   0   0   0   0   0   0   0   0   0   0   0   0   0   0   0   0  0.60 0.08
  255 A    5 -2 -2 -2 -1 -1 -1  0 -2 -2 -2 -1 -1 -3 -1  1  0 -3 -2 -1   96   0   0   0   0   0   0   0   0   0   0   0   0   0   0   0   0   0   0   0  0.60 0.08
  256 D   -2 -2  1  7 -4 -1  1 -2 -2 -4 -4 -1 -4 -4 -2 -1 -2 -5 -4 -4    0   0   0  96   0   0   0   0   0   0   0   0   0   0   0   0   0   0   0   0  1.17 0.09
  257 N   -2 -1  7  1 -3 -1 -1 -1  0 -4 -4 -1 -3 -4 -3  0 -1 -4 -3 -3    0   0  96   0   0   0   0   0   0   0   0   0   0   0   0   0   0   0   0   0  1.03 0.10
  258 K   -1  2 -1 -1 -4  1  0 -2 -1 -3 -3  6 -2 -4 -2 -1 -1 -3 -2 -3    0   0   0   0   0   0   0   0   0   0   0  96   0   0   0   0   0   0   0   0  0.76 0.09
  259 D   -2 -2  1  7 -4 -1  1 -2 -2 -3 -4 -1 -3 -4 -2 -1 -1 -4 -3 -3    1   0   0  92   0   0   1   1   0   0   1   1   0   0   0   1   1   0   0   1  1.07 0.08
  260 N   -2 -1  7  1 -3  0 -1 -1  0 -3 -4 -1 -3 -3 -2  0 -1 -4 -2 -3    1   0  91   0   0   0   1   1   0   0   1   1   0   0   0   1   1   0   0   1  0.93 0.09
  261 G    0 -3 -1 -2 -3 -2 -3  6 -3 -4 -4 -2 -3 -4 -3 -1 -2 -3 -3 -4    0   0   0   0   0   0   0  96   0   0   0   0   0   0   0   0   0   0   0   0  1.20 0.08
  262 T    0 -2 -1 -2 -1 -1 -1 -2 -2  0 -1 -1 -1 -2 -2  1  5 -3 -2  0    2   0   0   0   0   0   0   0   0   5   1   0   0   0   0   6  82   0   0   1  0.56 0.08
  263 W   -3 -3 -4 -5 -3 -3 -4 -3 -3 -1 -2 -4 -2  0 -4 -3 -3 12  1 -3    0   0   0   0   0   0   0   0   0   5   0   0   0   0   0   0   0  91   0   0  2.61 0.14
  264 T    0 -2 -1 -2 -1 -1 -1 -2 -2 -1 -2 -1 -1 -3 -2  1  6 -3 -2 -1    0   0   0   0   0   0   0   0   0   0   0   0   0   0   0   5  92   0   0   0  0.69 0.09
  265 Q   -1  1 -1 -1 -4  7  1 -2  0 -3 -3  1 -1 -4 -2 -1 -1 -3 -2 -3    0   0   0   0   0  90   1   0   0   0   0   5   0   0   0   0   0   0   0   0  0.91 0.10
  266 L   -2 -2 -3 -3 -2 -2 -1 -4 -3  1  5 -3  2  0 -3 -3 -2 -2 -2  0    0   0   0   0   0   0   5   0   0   0  92   0   0   0   0   0   0   0   0   0  0.53 0.07
  267 W   -3 -3 -4 -5 -3 -3 -4 -3 -3 -3 -1 -4 -2  0 -4 -3 -3 12  1 -3    0   0   0   0   0   0   0   0   0   0   5   0   0   0   0   0   0  91   0   0  2.62 0.14
  268 L   -2 -3 -4 -4 -2 -2 -3 -4 -3  1  5 -3  2  0 -3 -3 -2 -2 -1  0    0   0   0   0   0   0   0   0   0   0  92   0   4   0   0   0   0   0   0   0  0.58 0.07
  269 V   -1 -2 -3 -3 -1 -2 -3 -3 -3  3  1 -1  0 -1 -3 -2 -1 -3 -2  4    0   0   0   0   0   0   0   0   0  27   0   5   0   0   0   0   0   0   0  65  0.40 0.06
  270 S    0 -1  0 -1 -1  0 -1 -1 -2 -2 -2 -1 -1 -3 -1  4  4 -3 -2 -1    0   0   0   0   0   4   0   0   0   0   0   0   0   0   0  52  40   0   0   0  0.46 0.06
  271 E   -2 -2  0  6 -4  0  4 -2  1 -4 -4 -1 -3 -4 -2 -1 -2 -4 -3 -4    0   0   0  64   0   0  31   0   4   0   0   0   0   0   0   0   0   0   0   0  0.87 0.07
  272 Y   -3 -3 -3 -4 -2 -2 -3 -4  1 -1 -2 -3 -2  3 -4 -2 -2  2  8 -2    0   0   0   0   1   0   0   0   0   4   0   0   0   1   0   0   0   0  94   0  1.24 0.12
  273 H   -2 -1  0 -2 -4  0 -1 -3  9 -4 -2 -2 -2 -2 -3 -2 -2 -3  2 -4    0   0   0   0   0   0   0   0  94   0   4   0   0   0   0   0   0   0   3   0  1.34 0.12
  274 E   -1 -1 -1  1 -4  1  6 -2 -1 -4 -4  0 -3 -4 -1 -1 -1 -4 -3 -3    2   0   0   0   0   0  95   1   0   0   0   0   0   0   2   0   0   0   0   0  0.94 0.10
  275 Q   -2  0  3 -1 -3  3  0 -2  6 -3 -3  1 -2 -2 -2 -1 -1 -3  1 -3    0   2  24   0   0  21   0   0  37   0   1  11   0   1   0   0   0   0   3   0  0.53 0.06
  276 G    0 -3 -1 -2 -3 -2 -3  6 -3 -4 -4 -2 -3 -4 -3 -1 -2 -3 -4 -2    0   0   0   0   0   0   0  94   0   0   0   0   0   0   0   0   0   0   0   4  1.15 0.08
  277 S    1 -1  1 -1 -2 -1 -1 -1 -1 -3 -3 -1 -2 -3 -1  5  1 -3 -2 -2    0   0   4   0   0   0   0   0   0   0   0   0   0   0   0  94   0   0   0   0  0.66 0.09
  278 L   -2 -3 -4 -4 -2 -2 -2 -4 -3  1  5 -3  2  0 -3 -3 -2 -2 -2  0    0   0   0   0   0   0   4   0   0   0  94   0   0   0   0   0   0   0   0   0  0.57 0.07
  279 Y   -3 -3 -4 -4 -2 -4 -4 -4 -1 -1  0 -4 -1  7 -4 -3 -3  1  4 -1    0   0   0   0   1   0   0   0   0   0   0   0   0  86   0   0   0   0  12   0  1.02 0.09
  280 D   -2 -2  1  7 -4 -1  1 -2 -2 -3 -4 -1 -3 -4 -2 -1 -2 -5 -4 -2    0   0   0  93   0   0   1   0   0   0   0   0   0   0   0   0   0   0   0   4  1.09 0.09
  281 Y   -2 -2 -3 -4 -3 -2 -3 -4  1 -2 -2 -1 -2  3 -4 -2 -2  1  8 -2    0   0   0   0   0   0   0   0   1   0   0   4   0   7   0   1   0   0  85   0  1.08 0.10
  282 L   -2 -3 -4 -4 -2 -3 -3 -4 -3  2  5 -3  2  0 -3 -3 -2 -2 -2  1    0   0   0   0   0   0   0   0   0   4  94   0   0   0   0   0   0   0   0   0  0.62 0.07
  283 N   -2 -1  6  0 -3  0 -1 -1  0 -3 -2 -1 -2 -3 -2  1  1 -4 -2 -3    1   0  76   0   0   2   0   2   1   0   4   0   0   0   0   4   8   0   1   0  0.68 0.08
  284 R   -1  6 -1 -2 -2  1 -1 -2  1 -3 -2  2 -2 -3 -2  0  0 -3 -2 -2    2  72   0   0   1   1   0   0   3   0   2   4   0   0   0   8   4   0   0   1  0.63 0.07
  285 N   -1  0  2 -1 -2  0 -1  0  2 -2 -2  0 -2  1 -2  1  0  0  5 -1    0   2  13   0   1   3   0  10   7   1   0   5   0   1   0  11   8   0  35   3  0.25 0.04
  286 I    0 -2 -1 -2 -1 -1 -1 -2 -2  0 -1 -1 -1 -2 -1  2  5 -3 -2  0    3   0   0   0   0   0   0   0   0   3   4   0   0   0   2  13  70   0   0   4  0.44 0.07
  287 V   -1 -3 -3 -4 -1 -3 -3 -4 -4  3  1 -3  0 -1 -3 -2 -1 -3 -2  5    0   0   0   0   0   0   0   0   0  10   6   0   0   0   0   0   0   0   0  83  0.51 0.07
  288 T   -1 -2  0  4 -2 -1  0 -2 -2 -2 -2 -1 -2 -3 -1  1  4 -4 -3 -1    0   0   1  34   0   0   0   0   0   0   0   0   0   0   1  11  52   0   0   0  0.48 0.06
  289 V    0 -2 -2 -2  1 -2 -2 -3 -3  2  0 -2  0 -2  0  0  2 -3 -2  3    4   0   0   0   4   1   1   0   0  12   3   0   0   0   3   5  23   0   0  43  0.21 0.04
  290 A    0 -1  2  2 -3  1  4 -1  0 -3 -3  0  0 -3 -1  0  0 -3 -2 -2    9   0  16   7   0   1  44   1   1   0   0   4   4   0   1   5   6   0   0   0  0.35 0.04
  291 G    0 -2 -1 -2 -2 -1 -2  5 -2 -3 -3 -2 -2 -1 -2  0  1 -3 -2 -3    3   0   0   0   0   2   1  70   0   0   0   0   0   4   0   6  12   0   0   0  0.70 0.06
  292 M   -2 -2 -3 -4 -2 -1 -3 -4 -2  1  2 -2  8 -1 -3 -2 -1 -2 -2  1    0   0   0   0   0   0   0   0   0   4   3   0  89   0   0   0   0   0   0   2  0.79 0.12
  293 I   -1 -3 -4 -4  0 -3 -3 -4 -3  4  2 -3  1  0 -3 -2 -1  2  0  3    1   0   0   0   2   0   0   0   0  60  11   0   2   0   0   0   0   4   3  15  0.38 0.05
  294 K   -1  4  0 -1 -3  1  0 -2 -1 -2 -2  4 -1 -3 -2 -1 -1 -3 -2 -1    0  29   4   0   0   0   1   0   0   1   2  54   0   0   0   1   1   0   0   6  0.48 0.06
  295 L   -2 -2 -3 -4 -2  0 -3 -4 -3  1  4 -2  5  0 -3 -3 -1 -2 -1  0    0   0   0   0   0   4   0   0   0   1  62   0  32   1   0   0   0   0   0   0  0.49 0.07
  296 A    5 -2 -2 -2 -1 -1 -1  0 -2 -2 -2 -1 -2 -3 -1  2  0 -3 -2 -1   85   0   0   0   0   0   0   0   0   0   0   0   0   0   0  13   2   0   0   0  0.54 0.07
  297 L   -2 -3 -4 -4 -2 -3 -3 -4 -1  1  4 -3  2  2 -3 -3 -2 -2  1  0    0   0   0   0   0   0   0   0   2   0  82   0   2   6   0   0   0   0   5   2  0.49 0.06
  298 S    1 -1  0 -1 -1 -1 -1 -1 -2 -3 -3 -1 -2 -3 -1  5  1 -4 -2 -2    4   0   0   0   0   0   0   0   0   0   0   0   0   0   0  94   2   0   0   0  0.67 0.09
  299 I    1 -3 -2 -3 -1 -2 -2 -2 -3  3  0 -2  1  0 -2 -1  2 -3 -1  2   19   0   0   0   0   0   0   0   0  42   0   0   1   4   0   0  18   0   0  15  0.22 0.04
  300 A    5 -2 -2 -2 -1 -1 -1  0 -2 -2 -2 -1 -1 -3 -1  1  0 -3 -2 -1   89   0   0   0   0   0   0   0   0   1   0   0   0   0   0   8   1   0   0   1  0.55 0.08
  301 S    0 -1  2 -1  1 -1  0 -1 -1 -2 -3 -1 -2 -3 -1  4  3 -3 -2 -2    0   0   8   0   3   0   4   1   0   0   0   0   0   0   0  59  23   0   0   0  0.42 0.06
  302 G    0 -3 -1 -2 -3 -2 -3  6 -3 -4 -4 -2 -3 -4 -3 -1 -2 -3 -4 -4    4   0   0   0   0   0   0  96   0   0   0   0   0   0   0   0   0   0   0   0  1.22 0.08
  303 L   -2 -3 -4 -4 -2 -3 -4 -4 -3  1  5 -3  2  0 -4 -3 -2 -2 -2  0    0   0   0   0   0   0   0   0   0   0  98   0   2   0   0   0   0   0   0   0  0.67 0.08
  304 A    5 -2  0 -2 -1 -1 -1  0 -2 -2 -2 -1 -2 -3 -1  1  0 -3 -2 -1   93   0   4   0   0   0   0   0   0   0   0   0   0   0   0   2   0   0   0   0  0.58 0.08
  305 H   -2 -1  0 -2 -4  1 -1 -3  9 -4 -4 -1 -2 -2 -3 -2 -2 -3  1 -4    0   0   0   0   0   4   0   0  96   0   0   0   0   0   0   0   0   0   0   0  1.42 0.13
  306 L   -2 -3 -4 -4 -2 -3 -4 -4 -3  1  5 -3  2  0 -4 -3 -2 -2 -2  0    0   0   0   0   0   0   0   0   0   0 100   0   0   0   0   0   0   0   0   0  0.68 0.08
  307 H   -2 -1  0 -2 -4  0 -1 -3  9 -4 -4 -2 -2 -2 -3 -2 -3 -3  1 -4    0   0   0   0   0   0   0   0 100   0   0   0   0   0   0   0   0   0   0   0  1.53 0.13
  308 M   -2 -2 -3 -4 -2 -1 -3 -4 -2  1  1 -2  8 -1 -3 -2 -1 -2 -2  0    0   0   0   0   0   0   0   0   0   6   0   0  94   0   0   0   0   0   0   0  0.89 0.13
  309 E   -1 -1  0  3 -4  1  6 -3 -1 -4 -4  0 -3 -4 -2  0 -1 -4 -3 -3    0   0   0  13   0   0  83   0   0   0   0   0   0   0   0   4   0   0   0   0  0.85 0.08
  310 I   -2 -4 -4 -4 -2 -4 -4 -5 -4  6  1 -3  1 -1 -4 -3 -1 -3 -2  2    0   0   0   0   0   0   0   0   0 100   0   0   0   0   0   0   0   0   0   0  0.71 0.09
  311 V   -1 -3 -4 -4 -1 -2 -3 -4 -3  3  2 -3  1  0 -3 -2 -1 -3 -1  4    0   0   0   0   0   1   0   0   0  11  16   0   2   2   0   0   0   0   0  68  0.42 0.06
  312 G    0 -3 -1 -2  1 -2 -3  6 -3 -4 -4 -2 -3 -4 -3 -1 -2 -3 -4 -4    0   0   0   0   4   0   0  96   0   0   0   0   0   0   0   0   0   0   0   0  1.21 0.09
  313 T    0 -2  0 -2 -2 -1 -2 -2 -2 -1 -2 -1 -1  0 -2  1  6 -3 -2 -1    2   0   1   0   0   0   0   0   0   0   0   0   0   4   0   2  91   0   0   0  0.67 0.09
  314 Q   -1  2 -1 -1 -4  6  2 -3  0 -4 -3  2 -1 -4 -2 -1 -1 -3 -2 -3    0   7   0   0   0  81   5   0   0   0   0   7   0   0   0   0   0   0   0   0  0.84 0.10
  315 G    0 -3 -1 -2 -3 -2 -3  6 -3 -5 -4 -2 -3 -4 -3 -1 -2 -3 -4 -4    0   0   0   0   0   0   0 100   0   0   0   0   0   0   0   0   0   0   0   0  1.31 0.09
  316 K   -1  2 -1 -1 -4  1  0 -2 -1 -3 -3  6 -2 -4 -2 -1 -1 -4 -3 -3    0   0   0   0   0   0   0   0   0   0   0 100   0   0   0   0   0   0   0   0  0.84 0.10
  317 P   -2 -3 -3 -2 -4 -2 -2 -3 -3 -4 -4 -2 -3 -5  8 -2 -2 -5 -4 -3    0   0   0   0   0   0   0   0   0   0   0   0   0   0 100   0   0   0   0   0  2.31 0.12
  318 A    5 -2 -2 -2 -1 -1 -2  2 -2 -2 -2 -1 -2 -3 -1  1 -1 -3 -2 -1   89   0   0   0   0   0   0  11   0   0   0   0   0   0   0   0   0   0   0   0  0.57 0.08
  319 I   -2 -4 -4 -4 -2 -4 -4 -5 -4  6  1 -3  1 -1 -4 -3 -1 -3 -2  2    0   0   0   0   0   0   0   0   0 100   0   0   0   0   0   0   0   0   0   0  0.71 0.09
  320 A    5 -2 -2 -2 -1 -1 -1  0 -2 -2 -2 -1 -2 -3 -1  1  0 -3 -2 -1   94   0   0   0   0   0   0   0   0   0   0   0   0   0   0   6   0   0   0   0  0.61 0.08
  321 H   -2 -1  0 -2 -4  0 -1 -3  9 -4 -4 -2 -2 -2 -3 -2 -3 -3  1 -4    0   0   0   0   0   0   0   0 100   0   0   0   0   0   0   0   0   0   0   0  1.53 0.13
  322 R   -2  7 -1 -2 -4  0 -1 -3 -1 -4 -3  2 -2 -4 -3 -1 -2 -4 -2 -3    0 100   0   0   0   0   0   0   0   0   0   0   0   0   0   0   0   0   0   0  1.12 0.11
  323 D   -2 -2  1  7 -4 -1  1 -2 -2 -4 -5 -1 -4 -4 -2 -1 -2 -5 -4 -4    0   0   0 100   0   0   0   0   0   0   0   0   0   0   0   0   0   0   0   0  1.28 0.10
  324 I   -2 -3 -4 -4 -2 -3 -4 -4 -3  2  5 -3  2  0 -4 -3 -2 -2 -2  1    0   0   0   0   0   0   0   0   0   5  93   0   1   1   0   0   0   0   0   0  0.62 0.07
  325 K   -1  2 -1 -1 -4  1  0 -2 -1 -3 -3  6 -2 -4 -2 -1 -1 -4 -3 -3    0   0   0   0   0   0   0   0   0   0   0 100   0   0   0   0   0   0   0   0  0.84 0.10
  326 S    1 -1  0 -1 -1 -1 -1 -1 -2 -3 -3 -1 -2 -3 -1  5  1 -4 -2 -2    0   0   0   0   0   0   0   0   0   0   0   0   0   0   0  97   3   0   0   0  0.70 0.10
  327 K   -1  2 -1 -1 -4  1  0 -2 -1 -3 -3  6 -2 -4 -2 -1 -1 -4 -3 -3    0   0   0   0   0   0   0   0   0   0   0 100   0   0   0   0   0   0   0   0  0.84 0.10
  328 N   -2 -1  7  1 -4 -1 -1 -1  0 -4 -4 -1 -3 -4 -3  0 -1 -5 -3 -4    0   0 100   0   0   0   0   0   0   0   0   0   0   0   0   0   0   0   0   0  1.13 0.11
  329 I   -2 -4 -4 -4 -2 -3 -4 -4 -4  6  1 -3  1 -1 -3 -3 -1 -3 -2  3    0   0   0   0   0   0   0   0   0  94   0   0   0   0   0   0   0   0   0   6  0.66 0.09
  330 L   -2 -3 -4 -4 -2 -3 -4 -4 -3  1  5 -3  2  0 -4 -3 -2 -2 -2  0    0   0   0   0   0   0   0   0   0   0 100   0   0   0   0   0   0   0   0   0  0.68 0.08
  331 V   -1 -3 -4 -4 -1 -3 -3 -4 -4  2  0 -3  0 -1 -3 -2 -1 -4 -2  5    0   0   0   0   0   0   0   0   0   0   0   0   0   0   0   0   0   0   0 100  0.64 0.09
  332 K   -1  2  0 -1 -4  1  0 -2 -1 -3 -3  6 -2 -4 -2 -1 -1 -4 -2 -3    0   5   1   0   0   0   0   0   0   0   0  93   0   0   0   0   1   0   0   0  0.77 0.09
  333 K    0  3  1 -1 -2  0  0 -2 -1 -3 -3  4 -2 -3 -2  1  1 -3 -2 -2    2  20   6   0   0   0   0   0   0   0   0  43   0   0   0  13  14   0   0   0  0.37 0.04
  334 C   -2 -1  7  1  1 -1 -1 -1  0 -4 -4 -1 -3 -4 -3  0 -1 -5 -3 -4    0   0  93   2   4   0   0   0   0   0   0   0   0   0   0   1   0   0   0   0  1.00 0.10
  335 E    0 -2 -1 -1  0 -1  2  5 -2 -3 -1 -1 -2 -2 -2 -1 -2 -3 -3 -3    0   1   0   1   3   0  21  62   0   0  10   0   0   1   0   0   0   0   0   0  0.56 0.05
  336 T    0 -2  0 -2 -1 -1 -1 -2 -2 -1 -2 -1  1 -3 -2  2  5 -3 -2 -1    1   0   0   0   0   1   0   0   0   0   0   0   5   0   0  15  77   0   0   1  0.56 0.08
  337 C    0 -4 -3 -4 10 -4 -4 -3 -4 -2 -2 -4 -2 -3 -3 -1 -2 -3 -3 -2    7   0   0   0  91   0   0   1   0   0   0   0   0   0   0   1   0   0   0   0  1.64 0.12
  338 A    4 -2 -2 -3  6 -2 -2 -1 -3 -1 -2 -2 -1 -3 -2  0 -1 -3 -2  0   64   0   0   0  27   0   0   0   0   0   1   0   0   0   0   1   0   0   0   7  0.53 0.07
  339 I   -2 -4 -4 -4 -2 -4 -4 -5 -4  6  1 -3  1 -1 -4 -3 -1 -3 -2  2    0   0   0   0   0   0   0   0   0  99   0   0   0   0   0   0   0   0   0   1  0.71 0.09
  340 A    4 -2 -2 -2 -1 -2 -2  3 -2 -2 -2 -1 -2 -3 -2  1 -1 -3 -3 -1   76   0   0   0   0   0   0  24   0   0   0   0   0   0   0   0   0   0   0   0  0.55 0.07
  341 D   -2 -2  1  7 -4 -1  1 -2 -2 -4 -5 -1 -4 -4 -2 -1 -2 -5 -4 -4    0   0   0 100   0   0   0   0   0   0   0   0   0   0   0   0   0   0   0   0  1.28 0.10
  342 L   -2 -3 -4 -4 -2 -3 -4 -4 -3  1  5 -3  2  0 -4 -3 -2 -2 -2  0    0   0   0   0   0   0   0   0   0   0 100   0   0   0   0   0   0   0   0   0  0.68 0.08
  343 G    0 -3 -1 -2 -3 -2 -3  6 -3 -5 -4 -2 -3 -4 -3 -1 -2 -3 -4 -4    0   0   0   0   0   0   0 100   0   0   0   0   0   0   0   0   0   0   0   0  1.31 0.09
  344 L   -2 -3 -4 -4 -2 -3 -4 -4 -3  1  5 -3  2  0 -4 -3 -2 -2 -2  0    0   0   0   0   0   0   0   0   0   0 100   0   0   0   0   0   0   0   0   0  0.68 0.08
  345 A    5 -2 -2 -2 -1 -1 -1  0 -2 -2 -2 -1 -2 -3 -1  1 -1 -3 -2 -1   99   0   0   0   0   0   0   1   0   0   0   0   0   0   0   0   0   0   0   0  0.65 0.09
  346 V    0 -3 -4 -4 -1 -3 -3 -4 -4  2  0 -3  0 -1 -3 -2 -1 -4 -2  5    2   0   0   0   0   0   0   0   0   1   0   0   0   0   0   0   0   0   0  97  0.60 0.09
  347 K   -2  6 -1 -2 -4  1  0 -2 -1 -4 -3  4 -2 -4 -2 -1 -2 -3 -2 -3    0  67   0   0   0   0   0   1   0   0   0  32   0   0   0   0   0   0   0   0  0.80 0.08
  348 H   -2 -1  0 -2 -4  0 -1 -3  9 -4 -3 -2 -2  0 -3 -2 -3 -3  2 -4    0   0   0   0   0   0   0   0  92   0   0   0   0   4   0   0   0   0   3   0  1.32 0.12
  349 D   -2 -2  2  6 -4 -1  1 -2 -2 -3 -4 -1 -3 -4 -2 -1 -1 -5 -4 -2    0   0   6  84   0   0   5   0   0   0   0   0   0   0   0   0   0   0   0   5  0.96 0.08
  350 S    1 -1  0 -1 -1 -1  0 -1 -1 -1 -2 -1 -1 -3  0  4  1 -3 -2  1    4   0   0   0   0   0   5   0   1   1   1   0   0   0   4  69   1   0   0  16  0.35 0.06
  351 I    2 -1 -2 -2 -1 -1 -1 -2 -2  2  0  0  0 -2 -2  0  1 -3 -2  2   24   1   1   1   0   0   1   0   0  19   0   8   2   0   0   7   7   0   0  28  0.13 0.03
  352 L   -1 -2  1 -1 -2 -1 -1 -2 -2 -1  1 -1  0 -2 -2  1  4 -3 -2  0    0   0   6   2   0   0   0   0   0   0  22   2   2   0   0   4  62   0   0   0  0.34 0.06
  353 N   -2 -2  5  6 -4 -1  1 -1 -1 -4 -4 -1 -3 -4 -2  0 -1 -5 -3 -4    0   0  37  63   0   0   0   0   0   0   0   0   0   0   0   0   0   0   0   0  0.91 0.08
  354 T    0 -2  0 -1 -1 -1 -1 -2 -2 -1 -2 -1 -1 -3 -2  2  5 -3 -2 -1    2   0   0   0   0   0   0   0   0   1   0   2   1   0   0  19  75   0   0   0  0.56 0.08
  355 I   -1 -3 -4 -4 -2 -3 -3 -4 -4  5  1 -3  1 -1 -3 -3 -1 -3 -2  4    0   0   0   0   0   0   0   0   0  59   0   0   1   0   0   0   0   0   0  41  0.52 0.06
  356 D   -2 -2  1  7 -4 -1  1 -2 -2 -4 -5 -1 -4 -4 -2 -1 -2 -5 -4 -4    0   0   0 100   0   0   0   0   0   0   0   0   0   0   0   0   0   0   0   0  1.28 0.10
  357 I   -2 -4 -3 -4 -2 -3 -4 -4 -4  6  1 -3  1 -1 -3 -3 -1 -3 -2  2    0   0   1   0   0   0   0   0   0  94   1   0   0   0   0   0   0   0   0   4  0.65 0.09
  358 P    3 -2 -2 -2 -2  1 -1 -1 -2 -3 -3 -1 -2 -4  6  0 -1 -4 -3 -2   38   0   0   0   0  11   0   0   0   0   0   0   0   0  50   1   0   0   0   0  0.96 0.07
  359 Q   -1 -1 -1 -2 -3  2  0 -2  0 -2  0 -1 -1 -2  5  1 -1 -3 -2 -2    1   0   2   0   0  22   0   0   2   1  16   0   0   1  40  15   0   0   0   0  0.62 0.05
  360 N   -2 -1  7  1 -3 -1 -1 -1  0 -4 -4 -1 -3 -4 -3  0  1 -4 -3 -3    0   0  88   0   0   0   0   2   0   0   0   0   0   0   0   2   8   0   0   0  0.92 0.10
  361 P   -2 -1  3 -1 -3  2  0 -2  6 -4 -3 -1 -2 -3  4 -1 -1 -4 -1 -3    0   0  25   1   0  11   0   0  35   0   1   0   0   0  27   1   0   0   0   0  0.70 0.07
  362 K   -2  7 -1 -2 -4  1 -1 -3 -1 -4 -3  2 -2 -4 -3 -1 -2 -3 -2 -3    0  96   0   0   0   0   0   0   0   0   0   4   0   0   0   0   0   0   0   0  1.06 0.10
  363 V   -1 -3 -4 -4 -1 -3 -3 -4 -4  2  0 -3  0 -1 -3 -2 -1 -4 -2  5    0   0   0   0   0   0   0   0   0   0   0   0   0   0   0   0   0   0   0 100  0.64 0.09
  364 G    0 -3 -1 -2 -3 -2 -3  6 -3 -5 -4 -2 -3 -4 -3 -1 -2 -3 -4 -4    0   0   0   0   0   0   0 100   0   0   0   0   0   0   0   0   0   0   0   0  1.31 0.09
  365 T   -1 -2 -1 -2 -2 -1 -2 -2 -2 -1 -2 -1 -1 -3 -2  1  6 -3 -2 -1    0   0   0   0   0   0   0   0   0   0   0   0   0   0   0   0 100   0   0   0  0.81 0.11
  366 K   -1  3 -1 -1 -4  1  0 -2 -1 -3 -3  6 -2 -4 -2 -1 -1 -4 -2 -2    0  10   0   0   0   0   0   0   0   0   0  88   0   0   0   0   0   0   0   2  0.72 0.09
  367 R   -2  7 -1 -2 -4  0 -1 -3 -1 -4 -3  2 -2 -4 -3 -1 -2 -4 -2 -3    0 100   0   0   0   0   0   0   0   0   0   0   0   0   0   0   0   0   0   0  1.12 0.11
  368 Y   -3 -3 -3 -4 -3 -2 -3 -4  1 -2 -2 -3 -2  3 -4 -3 -2  2  8 -2    0   0   0   0   0   0   0   0   0   0   0   0   0   0   0   0   0   0 100   0  1.39 0.13
  369 M   -2 -2 -3 -4 -2 -1 -3 -4 -2  1  2 -2  8 -1 -3 -2 -1 -2 -2  0    0   0   0   0   0   0   0   0   0   0   6   0  94   0   0   0   0   0   0   0  0.90 0.13
  370 A    5 -2 -2 -2 -1 -1 -1  0 -2 -2 -2 -1 -2 -3  0  1 -1 -3 -2 -1   98   0   0   0   0   0   0   0   0   0   0   0   0   0   2   0   0   0   0   0  0.64 0.09
  371 P   -2 -3 -3 -2 -4 -2 -2 -3 -3 -4 -4 -2 -3 -5  8 -2 -2 -5 -4 -3    0   0   0   0   0   0   0   0   0   0   0   0   0   0 100   0   0   0   0   0  2.31 0.12
  372 E   -2 -1 -1  1 -5  1  6 -3 -1 -4 -4  0 -3 -4 -2 -1 -2 -4 -3 -3    0   0   0   0   0   0 100   0   0   0   0   0   0   0   0   0   0   0   0   0  1.04 0.10
  373 M   -1 -3 -4 -4  0 -3 -3 -4 -4  4  1 -3  1 -1 -3 -2 -1 -3 -2  4    0   0   0   0   2   0   0   0   0  28   1   0   3   0   0   0   0   0   0  66  0.47 0.06
  374 L   -2 -3 -4 -4 -2 -3 -4 -4 -3  1  5 -3  2  0 -4 -3 -2 -2 -2  0    0   0   0   0   0   0   0   0   0   0 100   0   0   0   0   0   0   0   0   0  0.68 0.08
  375 D   -2 -2  1  6 -4  0  3 -2 -1 -4 -4 -1 -4 -4 -2  0 -2 -5 -4 -4    0   0   0  82   0   0  17   0   0   0   0   0   0   0   0   2   0   0   0   0  1.03 0.08
  376 D   -2 -1  1  5 -4  1  4 -2 -1 -4 -4  0 -3 -4 -2 -1 -1 -4 -3 -3    0   0   2  48   0   0  48   2   0   0   0   0   0   0   0   0   0   0   0   0  0.81 0.07
  377 T    1 -2  0 -1 -1 -1 -1 -1 -2 -1 -2 -1 -1 -3 -1  3  4 -3 -2  0    8   0   2   0   0   0   0   0   0   0   0   0   1   0   0  30  54   0   0   4  0.42 0.06
  378 M   -2 -3 -3 -4 -2 -2 -3 -4 -3  4  1 -3  5  0 -3 -3 -1 -3 -2  2    0   0   0   0   0   0   0   0   0  60   1   0  36   0   0   0   0   0   0   3  0.52 0.08
  379 N   -2 -1  7  1 -3 -1  0 -1  0 -4 -4 -1 -3 -4 -3  0 -1 -5 -3 -4    0   0  94   3   0   0   1   0   0   0   0   0   0   0   0   2   0   0   0   0  1.03 0.10
  380 V    0 -2 -2 -3 -2 -1 -2 -3 -2  2  1 -2  6 -1 -2 -1  1 -2 -2  1    5   0   0   1   0   2   0   0   0  11   3   0  57   0   1   1  12   0   0   8  0.35 0.07
  381 N   -1  1  5  0 -3  1  0 -1  0 -3 -3  3 -2 -3 -2  1  0 -4 -2 -3    1   7  48   0   0   6   2   0   1   0   0  26   0   0   0   6   1   0   1   0  0.48 0.05
  382 I   -2 -1  2 -1 -3  1 -1 -3  8  1 -2 -1 -1 -2 -3  0 -1 -3  0 -1    0   0  10   0   0   6   0   0  60  17   0   0   0   0   0   5   1   0   0   1  0.62 0.08
  383 F   -3 -4 -4 -4 -3 -4 -4 -4 -2 -1  0 -4 -1  8 -5 -3 -3  0  3 -2    0   0   0   0   0   0   0   0   0   0   0   0   0 100   0   0   0   0   0   0  1.20 0.11
  384 E   -2 -1  0  5 -4  1  5 -2 -1 -4 -4  0 -3 -4 -2 -1 -1 -4 -3 -3    0   0   0  44   0   0  56   0   0   0   0   0   0   0   0   0   0   0   0   0  0.85 0.08
  385 S    1 -1  0 -1 -1 -1 -1 -1 -2 -3 -3 -1 -2 -3  0  5  1 -4 -2 -2    2   0   0   0   1   0   0   0   0   0   1   0   0   0   2  95   0   0   0   0  0.66 0.09
  386 F   -3 -3 -4 -4  0 -4 -4 -4 -1 -1  0 -4 -1  7 -4 -3 -3  1  4 -1    0   0   0   0   3   0   0   0   0   0   0   0   0  87   0   0   0   0  10   0  1.02 0.09
  387 K   -1  2 -1 -1 -4  1  0 -2 -1 -3 -3  6 -2 -4 -2 -1 -1 -4 -3 -3    0   0   0   0   0   0   0   0   0   0   0 100   0   0   0   0   0   0   0   0  0.84 0.10
  388 R   -2  6 -1 -2  4  0 -1 -3 -1 -3 -3  1 -2 -4 -3 -1 -2 -3 -2 -3    0  87   0   0  12   1   0   0   0   0   0   0   0   0   0   0   0   0   0   0  0.91 0.09
  389 A    5 -2 -2 -2 -1 -1 -1  1 -2 -2 -2 -1 -1 -3 -1  1  0 -3 -2  0   91   0   0   0   0   0   0   4   0   0   0   0   0   0   0   3   1   0   0   2  0.56 0.08
  390 D   -2 -2  1  7 -4 -1  1 -2 -2 -4 -5 -1 -4 -4 -2 -1 -2 -5 -4 -4    0   0   0 100   0   0   0   0   0   0   0   0   0   0   0   0   0   0   0   0  1.28 0.10
  391 I   -1 -3 -4 -4 -2 -3 -3 -4 -4  5  1 -3  1 -1 -3 -3 -1 -3 -2  4    0   0   0   0   0   0   0   0   0  61   0   0   2   0   0   0   0   0   0  36  0.52 0.06
  392 Y   -3 -3 -3 -4 -3 -2 -3 -4  1 -2 -2 -3 -2  3 -4 -3 -2  2  8 -2    0   0   0   0   0   0   0   0   0   0   0   0   0   0   0   0   0   0 100   0  1.39 0.13
  393 S    4 -2 -1 -2 -1 -1 -1  0 -2 -2 -2 -1 -2 -3 -1  3  0 -3 -2 -1   63   0   0   0   0   0   0   0   0   0   0   0   0   0   0  37   0   0   0   0  0.48 0.07
  394 V   -2 -3 -4 -4 -2 -2 -3 -4 -2  1  4 -3  3  3 -3 -3 -2 -1  1  0    0   0   0   0   0   0   0   0   0   0  58   0  16  21   0   0   0   0   2   3  0.44 0.05
  395 G    0 -3 -1 -2 -3 -2 -3  6 -3 -5 -4 -2 -3 -4 -3 -1 -2 -3 -4 -4    0   0   0   0   0   0   0 100   0   0   0   0   0   0   0   0   0   0   0   0  1.30 0.09
  396 L   -2 -3 -4 -4 -2 -3 -4 -4 -3  1  5 -3  2  0 -4 -3 -2 -2 -2  0    0   0   0   0   0   0   0   0   0   0 100   0   0   0   0   0   0   0   0   0  0.68 0.08
  397 V   -1 -3 -4 -4 -1 -3 -3 -4 -4  3  1 -3  0 -1 -3 -2 -1 -3 -2  5    0   0   0   0   0   0   0   0   0  21   0   0   0   0   0   0   0   0   0  79  0.54 0.07
  398 Y   -2 -3 -3 -4 -2 -3 -3 -4  0  0  2 -3  0  5 -4 -3 -2  1  5 -1    0   0   0   0   0   0   0   0   0   0  34   0   1  30   0   0   0   0  36   1  0.58 0.06
  399 W   -4 -4 -5 -5 -3 -3 -4 -4 -3 -4 -3 -4 -2  0 -5 -4 -4 12  1 -4    0   0   0   0   0   0   0   0   0   0   0   0   0   1   0   0   0  99   0   0  3.02 0.16
  400 E   -2 -1 -1  1 -5  1  6 -3 -1 -4 -4  0 -3 -4 -2 -1 -2 -4 -3 -3    0   0   0   0   0   0 100   0   0   0   0   0   0   0   0   0   0   0   0   0  1.04 0.10
  401 I   -2 -4 -4 -4 -2 -3 -4 -4 -4  5  2 -3  1 -1 -3 -3 -1 -3 -2  2    0   0   0   0   0   0   0   0   0  85   9   0   2   0   0   0   0   0   0   4  0.58 0.07
  402 A    5 -2 -2 -2 -1 -1 -1  0 -2 -2 -2 -1 -1 -3 -1  2  1 -3 -2 -1   84   0   0   0   0   0   0   1   0   0   0   0   0   0   0  10   5   0   0   0  0.52 0.07
  403 R   -2  7 -1 -2 -4  0 -1 -3  0 -4 -3  2 -2 -3 -3 -1 -2 -1 -2 -3    0  93   0   0   0   0   0   0   1   0   0   0   0   0   0   4   0   1   0   0  0.98 0.10
  404 R   -2  7 -1 -2 -4  0 -1 -3 -1 -4 -3  2 -2 -4 -3 -1 -2 -4 -2 -3    0 100   0   0   0   0   0   0   0   0   0   0   0   0   0   0   0   0   0   0  1.12 0.11
  405 C   -1 -4 -4 -4 10 -4 -5 -3 -4 -2 -2 -4 -2 -3 -4 -2 -2 -3 -3 -2    0   0   0   0  99   0   0   0   0   0   0   0   0   1   0   0   0   0   0   0  1.88 0.13
  406 S    0 -1  4  0 -1  0 -1 -1 -1 -3 -3 -1 -2 -3 -1  4  1 -3 -2 -3    0   0  39   0   1   2   0   1   0   0   1   0   0   0   1  52   1   0   1   0  0.50 0.07
  407 V    0 -3 -2 -1 -1 -2 -2 -3 -3  3  1 -2  2 -1 -3 -1  0 -3 -2  3    5   0   0   5   0   0   0   0   0  23   1   0   7   1   0   4   3   0   0  49  0.25 0.04
  408 G    0  0 -1  0 -3 -2 -1  6 -2 -4 -4 -1 -3 -4 -3 -1 -2 -3 -3 -3    1   8   0   5   0   0   3  83   0   0   0   0   0   0   0   0   0   0   0   1  0.93 0.07
  409 G    0 -3  0 -2 -3 -2 -2  6 -2 -4 -3 -2  0 -3 -3 -1 -2 -3 -3 -3    0   0   2   0   0   0   2  89   0   0   0   0   5   0   0   1   0   0   0   0  1.05 0.08
  410 I   -2 -3 -3 -4 -2 -3 -4 -4 -4  5  2 -3  2  0 -3 -2 -1 -3 -2  2    0   0   1   0   0   0   0   0   0  80   6   0   5   1   0   1   0   0   0   6  0.52 0.07
  411 V   -1 -1 -1 -2  0  0 -1 -3  7 -1 -2 -2 -1  1 -1 -1  1 -1  4  0    1   0   1   0   2   1   0   0  45   1   0   0   0   3   2   0  11   0  19  14  0.44 0.06
  412 E   -2 -1  0  4 -4  1  5 -3 -1 -4 -4  0 -3 -4 -2 -1 -1 -4 -3 -3    0   0   0  25   0   0  75   0   0   0   0   0   0   0   0   0   0   0   0   0  0.86 0.08
  413 E   -2 -1  1  5 -4  1  5 -2 -1 -4 -4  0 -3 -4 -2 -1 -1 -4 -3 -3    0   0   2  39   0   0  59   0   0   0   0   0   0   0   0   0   0   0   0   0  0.83 0.07
  414 Y   -3 -3 -3 -4 -3 -2 -3 -4  1 -2 -2 -3 -2  4 -4 -3 -2  2  8 -2    0   0   0   0   0   0   0   0   0   0   0   0   0   9   0   0   0   0  91   0  1.28 0.12
  415 Q   -2  0 -1 -1 -4  7  1 -3  0 -4 -3  1 -1 -4 -2 -1 -1 -3 -2 -3    0   0   0   0   0 100   0   0   0   0   0   0   0   0   0   0   0   0   0   0  1.09 0.12
  416 L   -2 -3 -4 -4 -2 -2 -3 -4 -3  1  5 -3  2  0 -2 -3 -2 -2 -2  0    0   0   0   0   0   1   0   0   0   0  93   0   4   0   2   0   0   0   0   0  0.60 0.07
  417 P   -2 -3 -3 -2 -4 -2 -2 -3 -3 -4 -4 -2 -3 -5  8 -2 -2 -5 -4 -3    0   0   0   0   0   0   0   0   0   0   0   0   0   0 100   0   0   0   0   0  2.32 0.12
  418 Y   -3 -3 -3 -4 -3 -2 -3 -4  1 -2 -1 -3 -1  4 -4 -3 -2  2  8 -2    0   0   0   0   0   0   0   0   0   0   0   0   0  19   0   0   0   0  81   0  1.17 0.11
  419 Y   -3 -3 -3 -4 -3 -2 -3 -4  2 -2 -2 -3 -2  3 -4 -2 -2  3  8 -2    0   0   0   0   0   0   0   0   2   0   0   0   0   8   0   1   0   2  88   0  1.20 0.11
  420 D   -2 -2  1  7 -4 -1  2 -2 -2 -4 -4 -1 -4 -4 -2 -1 -2 -5 -4 -4    0   0   0  94   0   0   6   0   0   0   0   0   0   0   0   0   0   0   0   0  1.20 0.10
  421 M    0 -2 -3 -4  0 -2 -3 -3 -3  1  3 -2  3  0 -3 -2 -1 -2 -2  2    9   2   0   0   2   1   0   0   0   2  46   0  18   0   0   1   0   0   0  18  0.28 0.04
  422 V   -1 -3 -4 -4 -1 -3 -3 -4 -4  2  0 -3  0 -1 -3 -2 -1 -4 -2  5    0   0   0   0   0   0   0   0   0   0   0   0   0   0   0   0   0   0   0 100  0.65 0.09
  423 P   -1 -2 -2 -2 -3  2 -1 -3 -2 -4 -4 -1 -3 -4  8  0 -1 -4 -3 -3    0   0   0   0   0  13   0   0   0   0   0   0   0   0  81   5   0   0   0   0  1.73 0.10
  424 S    0 -2  0 -1  1 -1 -1 -1 -2 -3 -3 -1 -2 -3  2  5  1 -4 -2 -2    0   0   0   0   4   0   0   0   0   0   0   0   0   0  10  85   1   0   0   0  0.61 0.09
  425 D   -3 -2  1  7 -4 -1  1 -2 -2 -4 -5 -1 -4 -4 -2 -1 -2 -5 -4 -4    0   0   0 100   0   0   0   0   0   0   0   0   0   0   0   0   0   0   0   0  1.31 0.11
  426 P   -2 -3 -3 -2 -4 -2 -2 -3 -3 -4 -4 -2 -3 -5  8 -2 -2 -5 -4 -3    0   0   0   0   0   0   0   0   0   0   0   0   0   0 100   0   0   0   0   0  2.34 0.13
  427 S    1 -1  0 -1 -1 -1 -1 -1 -2 -2 -3 -1 -2 -3 -1  5  3 -3 -2 -2    2   0   0   0   0   0   0   0   0   0   0   0   0   0   0  73  25   0   0   0  0.57 0.08
  428 I   -2 -3 -4 -4 -2 -3 -4 -4 -4  5  2 -3  1 -1 -3 -3 -1 -3 -2  3    0   0   0   0   0   0   0   0   0  70  10   0   0   0   0   0   0   0   0  19  0.53 0.07
  429 E   -2 -1 -1  2 -5  1  6 -3 -1 -4 -4  0 -3 -4 -2 -1 -2 -4 -3 -3    0   0   0   7   0   0  93   0   0   0   0   0   0   0   0   0   0   0   0   0  0.99 0.10
  430 E   -2 -1  0  4 -4  1  5 -2 -1 -4 -4  0 -3 -4 -2 -1 -1 -4 -3 -3    0   0   0  33   0   0  67   0   0   0   0   0   0   0   0   0   0   0   0   0  0.87 0.08
  431 M   -2 -2 -3 -4 -2 -1 -3 -4 -3  1  1 -2  8 -1 -3 -2 -2 -2 -2  0    0   0   0   0   0   0   0   0   0   1   0   0  98   0   0   0   0   0   0   1  1.02 0.14
  432 R   -2  6 -1 -2 -4  1 -1 -3 -1 -4 -3  3 -2 -4 -3 -1 -2 -4 -2 -3    0  86   0   0   0   0   0   0   0   0   0  14   0   0   0   0   0   0   0   0  0.98 0.10
  433 K   -1  4 -1 -1 -4  1  0 -2 -1 -3 -3  5 -2 -4 -2 -1 -1 -4 -2 -3    0  26   0   0   0   0   2   0   0   0   0  72   0   0   0   0   0   0   0   0  0.72 0.08
  434 V    0 -3 -3 -4 -1 -3 -3 -3 -4  3  1 -3  0 -1 -3 -2  0 -3 -2  5    5   0   0   0   0   0   0   1   0  10   1   0   0   0   0   0   1   0   0  82  0.50 0.08
  435 V   -1 -3 -4 -4 -1 -3 -3 -4 -4  3  0 -3  0 -1 -3 -2 -1 -4 -2  5    0   0   0   0   0   0   0   0   0   4   0   0   0   0   0   0   0   0   0  95  0.63 0.09
  436 C   -1 -4 -4 -5 10 -4 -5 -3 -4 -2 -2 -4 -2 -3 -4 -2 -2 -3 -3 -2    2   0   0   0  98   0   0   0   0   0   0   0   0   0   0   0   0   0   0   0  1.92 0.14
  437 D   -1 -1  0  4 -3  0  3 -1 -1  0 -1 -1 -1 -2 -2  0  1 -3 -2  0    1   0   0  28   0   0  36   3   0   9   4   0   0   0   0   0  13   0   0   5  0.33 0.04
  438 Q   -2  0  0  4 -4  5  2 -2  0 -4 -3  0 -2 -4 -2 -1 -1 -3 -3 -3    0   0   1  29   0  58  12   0   0   0   1   0   0   0   0   0   0   0   0   0  0.71 0.08
  439 K   -1  4  0 -1 -4  1  0 -2 -1 -3 -3  5 -1 -4 -2 -1 -1 -4 -2 -3    0  23   1   0   0   1   0   0   0   0   0  73   1   0   0   0   0   0   0   0  0.70 0.08
  440 F   -1  0 -2 -3 -1  3 -1 -3  0  0  3 -1  1  1 -3 -1 -1 -2  0  0    1   3   1   0   1  25   0   0   2   1  54   1   2   4   0   2   0   0   3   1  0.24 0.05
  441 R   -2  7 -1 -2 -4  0 -1 -3 -1 -4 -3  2 -2 -4 -3 -1 -2 -4 -2 -3    0 100   0   0   0   0   0   0   0   0   0   0   0   0   0   0   0   0   0   0  1.15 0.11
  442 P   -1 -3 -3 -2 -4 -2 -2 -3 -3 -4 -4 -2 -3 -5  8 -2 -2 -5 -4 -3    1   0   0   0   0   0   0   0   0   0   0   0   0   0  99   0   0   0   0   0  2.28 0.12
  443 S    0 -1  6  0 -3 -1 -1  0  0 -3 -3 -1 -2 -3 -1  2  0 -4 -3 -3    6   1  61   1   0   0   1   3   0   0   2   0   0   0   3  22   0   0   0   0  0.55 0.07
  444 I   -2 -3 -4 -4 -2 -3 -4 -4 -4  5  1 -3  1 -1 -3 -3  0 -3 -2  3    0   0   0   0   0   0   0   0   0  81   2   0   0   0   0   0   5   0   0  13  0.56 0.08
  445 P   -1 -3 -3 -2 -4 -1 -2 -3 -3 -4 -4 -2 -3 -5  8 -2 -2 -5 -4 -3    1   0   0   0   0   2   0   0   0   0   0   0   0   0  98   0   0   0   0   0  2.25 0.12
  446 N   -2 -1  7  1 -3  0 -1 -1  0 -3 -4 -1 -3 -4 -3  0  0 -5 -3 -3    0   0  94   0   0   1   0   0   0   1   0   0   0   0   0   3   1   0   0   0  1.04 0.11
  447 Q   -2  5 -1 -2 -4  4  0 -3  1 -4 -3  1 -2 -3 -3 -1 -2  5 -1 -3    0  54   0   0   0  31   0   0   2   0   0   1   0   0   0   0   0  11   0   0  0.73 0.08
  448 W   -4 -4 -5 -6 -3 -3 -4 -4 -3 -4 -3 -4 -2  0 -5 -4 -4 12  1 -4    0   0   0   0   0   0   0   0   0   0   0   0   0   0   0   0   0 100   0   0  3.11 0.18
  449 Q   -2  0  0 -1 -4  6  1 -2  4 -3 -2  0  0 -3 -2 -1 -1 -3 -1 -3    0   0   1   0   0  78   1   0  12   1   2   0   3   0   0   0   0   0   0   0  0.77 0.10
  450 S    1 -1  0 -1 -1  0 -1 -1 -1 -3 -3 -1 -2 -3 -1  5  1 -3 -2 -2    8   0   2   0   0   2   1   1   0   0   0   0   0   0   0  82   3   0   1   0  0.56 0.08
  451 C   -1 -3  0 -2  8 -3 -3 -3 -1  1 -1 -3 -1  0 -3  0 -1 -2  3 -1    0   0   6   2  51   0   0   0   1  17   0   0   0   1   0   6   0   0  15   0  0.64 0.07
  452 E   -2 -1 -1  2 -4  1  6 -3 -1 -3 -3  0 -3 -4  0 -1 -1 -4 -3 -3    0   0   0  10   0   0  85   0   0   1   1   0   0   0   4   0   0   0   0   0  0.86 0.09
  453 A    4 -2 -1 -2  0 -1 -1 -1 -2 -1 -2 -1 -1 -2 -1  1  0 -3 -2  1   70   0   2   1   1   0   0   0   0   0   0   0   0   0   1   7   3   0   1  12  0.36 0.06
  454 L   -2 -3 -4 -4 -2 -3 -4 -4 -3  1  5 -3  2  0 -3 -3 -2 -2 -2  0    0   0   0   0   0   0   0   0   0   0  98   0   0   0   0   1   0   0   0   0  0.67 0.08
  455 R   -2  6 -1 -2 -4  2  0 -3  3 -4 -3  2 -2 -3 -3 -1 -1 -3 -2 -3    0  70   0   0   0  11   0   0  10   0   1   4   0   0   0   2   0   0   0   0  0.73 0.08
  456 V    0 -3 -1 -3 -1 -2 -3 -2 -3  2  1 -2  0 -1 -3 -1  0 -3 -2  4    4   0   4   0   0   0   0   2   0   3   5   0   0   0   0   4   3   0   0  75  0.35 0.06
  457 M   -2 -2 -3 -4 -2 -1 -3 -4 -3  1  1 -2  8 -1 -3 -2 -1 -2 -2  0    0   0   0   0   0   0   0   0   0   6   1   0  90   0   0   0   1   0   0   1  0.90 0.13
  458 G    2 -2 -1 -1 -2 -1 -1  4 -2 -3 -3 -1 -2 -3 -2  2  0 -3 -3 -2   29   0   0   0   0   0   0  38   0   0   1   0   0   0   0  30   1   0   0   0  0.48 0.05
  459 R   -1  4  0 -1 -4  1  0 -2 -1 -3 -3  5 -2 -4 -2 -1 -1 -4 -2 -3    0  30   1   0   0   1   0   0   0   0   0  68   0   0   0   0   0   0   0   0  0.72 0.08
  460 I   -1 -3 -4 -4 -2 -3 -3 -4 -4  4  2 -3  2 -1 -3 -3 -1 -3 -2  3    1   0   0   0   0   0   0   0   0  43  20   0   5   0   0   0   0   0   0  31  0.42 0.05
  461 M   -2 -2 -3 -4 -2 -1 -3 -4 -2  1  1 -2  8 -1 -3 -2 -2 -2 -2  0    0   0   0   0   0   0   0   0   1   3   1   0  94   1   0   0   0   0   0   1  0.96 0.14
  462 R   -2  5 -1 -2 -2  1  0 -3 -1 -3 -3  4 -2 -4 -2 -1 -1 -3 -2 -3    0  54   0   0   1   3   1   0   0   0   0  40   0   0   0   0   1   0   0   0  0.72 0.08
  463 E   -2 -1 -1  1 -5  1  6 -3 -1 -4 -4  0 -3 -4 -1 -1 -2 -4 -3 -3    0   0   0   0   0   0  98   0   0   0   0   1   0   0   1   0   0   0   0   0  1.05 0.11
  464 C   -1 -4 -4 -5 10 -4 -5 -4 -4 -2 -2 -4 -2 -3 -4 -2 -2 -3 -3 -1    1   0   0   0  99   0   0   0   0   0   0   0   0   0   0   0   0   0   0   1  1.96 0.14
  465 W   -4 -4 -5 -5 -3 -3 -4 -4 -3 -4 -3 -4 -2  0 -5 -4 -3 12  1 -4    0   0   0   0   0   0   0   0   0   0   0   0   0   0   0   0   1  98   0   0  3.03 0.17
  466 Y   -3 -2 -3 -4 -1 -2 -3 -4  2 -2 -2 -2 -2  3 -4 -2 -2  1  8 -2    0   2   0   0   1   0   0   0   3   0   0   1   0   4   0   0   0   0  89   0  1.22 0.12
  467 A    3 -1 -1 -2 -2  1  0  0  4 -2 -2 -1 -2 -3  1  1  0 -3 -1 -1   45   0   1   0   0  10   3   3  22   0   0   0   0   0   5   4   6   0   0   0  0.31 0.05
  468 N   -2 -1  7  1 -3 -1 -1 -1  0 -3 -4 -1 -3 -4 -3  1  0 -5 -3 -3    0   0  92   0   0   0   1   0   0   1   0   0   0   0   0   4   2   0   0   0  1.02 0.11
  469 G    2 -2 -1 -2 -2 -2 -2  4 -2 -3 -3 -1 -2 -3  3  1 -1 -3 -3 -2   28   1   0   0   0   0   0  45   0   0   0   0   0   0  17   8   0   0   0   0  0.59 0.05
  470 A    5 -2 -2 -2 -1 -1 -1  0 -2 -1 -2 -1 -1 -3 -1  1  0 -3 -2  0   85   0   1   0   0   0   0   1   0   0   0   1   0   0   0   3   2   0   0   8  0.51 0.08
  471 A    5 -2 -2 -2 -1 -1 -2  0 -2 -2 -2 -1 -2 -3 -1  1 -1 -3 -2 -1   99   0   0   0   0   0   0   0   0   0   1   0   0   0   0   0   0   0   0   0  0.67 0.10
  472 R   -2  7 -1 -2 -4  0 -1 -3 -1 -4 -3  2 -2 -4 -3 -1 -2 -4 -2 -3    0  99   0   0   0   0   0   0   0   0   0   0   0   0   0   0   0   0   0   1  1.14 0.11
  473 L   -2 -3 -4 -4 -2 -3 -4 -4 -4  1  5 -3  2  0 -4 -3 -2 -2 -2  0    0   0   0   0   0   0   0   0   0   0 100   0   0   0   0   0   0   0   0   0  0.72 0.08
  474 T   -1 -2 -1 -2 -2 -1 -2 -2 -2 -1 -2 -1 -1 -3 -2  1  6 -3 -2 -1    0   0   0   0   0   0   0   0   0   0   0   0   0   0   0   3  97   0   0   0  0.82 0.11
  475 A    5 -2 -2 -2 -1 -1 -1  0 -2 -2 -2 -1 -2 -3 -1  1  0 -3 -2 -1   95   0   0   0   0   0   2   0   0   0   0   0   0   0   0   1   3   0   0   0  0.62 0.09
  476 L   -2 -3 -4 -4 -2 -3 -4 -4 -4  1  5 -3  2  0 -4 -3 -2 -2 -2  0    0   0   0   0   0   0   0   0   0   0  99   0   0   0   0   0   0   0   0   0  0.70 0.08
  477 R   -2  7 -1 -2 -4  1 -1 -3 -1 -4 -3  2 -2 -4 -3 -1 -2 -4 -2 -3    0  98   0   0   0   2   0   0   0   0   0   0   0   0   0   0   0   0   0   0  1.12 0.11
  478 I   -2 -4 -4 -4 -2 -3 -4 -4 -4  5  1 -3  1 -1 -3 -3 -1 -3 -2  3    0   0   0   0   0   0   0   0   0  84   0   0   0   0   0   0   0   0   0  16  0.63 0.08
  479 K   -1  2 -1 -1 -4  1  0 -2 -1 -4 -3  6 -2 -4 -2 -1 -1 -4 -3 -3    0   3   0   0   0   0   0   0   0   0   0  97   0   0   0   0   0   0   0   0  0.84 0.10
  480 K   -1  2 -1 -1 -4  1  0 -2 -1 -4 -3  6 -2 -4 -2 -1 -1 -4 -3 -3    0   0   1   0   0   0   0   0   0   0   0  99   0   0   0   0   0   0   0   0  0.86 0.10
  481 T    0 -2  0 -2 -1 -1 -1 -2 -2 -2 -2 -1 -1 -3 -2  2  6 -3 -2 -1    0   0   0   0   0   0   0   0   0   0   0   0   0   0   0  18  82   0   0   0  0.67 0.09
  482 I   -2 -3 -4 -4 -2 -3 -3 -4 -3  3  4 -3  2  0 -3 -3 -1 -2 -2  2    0   0   0   0   0   0   0   0   0  25  67   0   1   0   0   0   0   0   0   7  0.50 0.05
  483 S    3 -2  0 -1  0 -1 -1 -1 -2 -2 -3 -1 -2 -3 -1  4  1 -3 -2 -1   35   0   0   2   1   0   0   0   0   0   0   0   0   0   0  57   4   0   0   0  0.45 0.06
  484 Q   -1  0  4  0 -2  5  1 -1  0 -3 -3  0 -1 -4 -2  1  0 -3 -2 -3    4   0  28   0   1  56   0   1   0   0   0   0   0   0   0   9   2   0   0   0  0.57 0.08
  485 L   -2 -3 -3 -4 -2 -2 -3 -4  0  2  4 -3  1  1 -3 -3 -2 -1  2  1    1   0   0   0   0   0   0   0   4  10  64   0   1   2   0   0   0   0  13   6  0.39 0.05
  486 C    1  0  0 -1  5 -1 -1  2 -2 -2 -3 -1 -2 -3 -2  2  0 -3 -1 -2    9   6   1   2  20   0   0  19   0   0   0   2   0   0   0  35   4   0   2   2  0.32 0.04
  487 V    2 -1 -1 -1 -2  2  0  0 -1  1 -1 -1  0 -2 -1  0  0 -3 -2  2   24   0   1   1   0  18   3   6   0   4   1   2   0   1   1   3   6   0   0  30  0.12 0.03
  488 K    0  0 -1 -1 -3  4  2 -2  0  0 -1  1  2 -2  0  0  0 -3 -1 -1    5   0   0   0   0  42  11   0   2   6   2   4  14   0   3   6   3   0   1   2  0.28 0.05
  489 E   -1  0 -1  2 -4  2  5 -2  0 -4 -3  2 -2 -4 -1 -1 -1 -4 -2 -3    2   0   0  10   0   2  69   2   2   0   1  11   0   0   1   0   0   0   0   0  0.66 0.07
  490 D   -2 -2  0  6 -4 -1  1  2  0 -3 -4  0 -3 -4 -2 -1 -2 -4 -3 -3    0   0   0  68   0   0   2  18   2   2   0   7   0   0   0   0   0   0   0   0  0.73 0.07
  491 C   -1 -3 -3 -3  2 -2 -3 -3 -3  3  2 -2  2  0 -2 -1  0 -3 -1  3    0   0   0   0   5   0   0   0   0  31  20   0   7   1   1   8   1   0   1  25  0.25 0.03
  492 K   -1  2 -1 -1 -4  1  0 -2 -1 -3 -3  6 -2 -4 -2 -1 -1 -4 -2 -3    0   3   0   0   0   1   0   0   0   0   0  96   0   0   0   0   0   0   0   0  0.80 0.09
  493 A    4 -2 -1 -2 -1 -1 -1  2 -2 -2 -2 -1 -1 -3 -1  1  0 -3 -2 -1   78   0   0   0   0   0   0  13   0   0   0   0   0   0   0   9   0   0   0   0  0.37 0.01

                      K         Lambda
Standard Ungapped    0.1346     0.3217
Standard Gapped      0.0470     0.2670
PSI Ungapped         0.1539     0.3165
PSI Gapped           0.0470     0.2670
