
Last position-specific scoring matrix computed, weighted observed percentages rounded down, information per position, and relative weight of gapless real matches to pseudocounts
           A  R  N  D  C  Q  E  G  H  I  L  K  M  F  P  S  T  W  Y  V   A   R   N   D   C   Q   E   G   H   I   L   K   M   F   P   S   T   W   Y   V
    1 M   -3 -3 -4 -5 -3 -2 -4 -5 -3  0  2 -3  9 -2 -4 -3 -2 -3 -3 -1    0   0   0   0   0   0   0   0   0   0  14   0  86   0   0   0   0   0   0   0  1.57 0.34
    2 T    2  0 -1  1 -2 -2 -1 -2 -2  0  0 -1 -1 -2  0  0  2  0 -2  1   25   5   0  12   0   0   0   0   0   2  13   0   0   0   3   2  22   1   0  13  0.16 0.09
    3 P   -2  4  0 -1  3  0  1  0 -2 -3 -3  0 -3 -4  4 -1 -1 -4 -3 -3    1  28   5   1   9   3  12   7   0   0   2   0   0   0  26   0   4   0   0   1  0.54 0.16
    4 A    3 -2 -2 -2 -2 -2  0 -2 -1 -2 -2  0 -2  0  2  2  2  5 -2 -2   28   0   0   0   0   0   4   0   1   1   4   6   0   4   9  18  16   9   0   0  0.35 0.17
    5 R   -1  3 -2 -3 -3 -1 -1  0 -2  0  1  1  2 -2  0  0 -1 -3 -3  0    4  20   0   0   0   1   2   6   0   2  21  12   9   0   4  11   0   0   0   7  0.18 0.13
    6 R   -2  4 -2 -3  1 -1 -2 -3  3 -2  1  2  3  1  0 -2 -1 -3  0 -2    2  26   1   0   3   1   0   1  10   0  18  12  12   6   4   1   2   0   2   0  0.31 0.18
    7 S   -1  1 -2 -2  5  1  0 -3  0 -3 -2  0 -2 -1  2  3 -1 -3  0 -2    2   7   0   1  17   6   4   0   3   0   4   5   0   4   9  29   2   0   4   2  0.34 0.19
    8 A    1 -1 -1 -3  5 -2 -3 -2 -3  0  1 -3 -1  0 -3  0  1  3  0  1   16   3   2   0  15   0   0   2   0   4  17   0   0   4   0   9   9   4   2  13  0.23 0.14
    9 L   -2 -2 -3 -5  1 -4 -4 -4 -4  2  4 -3  2  3 -1 -4 -3 -3  0  0    2   1   1   0   3   0   0   1   0  15  50   1   5  14   3   0   0   0   3   2  0.60 0.25
   10 S    2  0 -3 -3  0 -1 -2 -1 -1  1  2 -1  0  1  0  0 -1 -3 -1  1   21   7   0   0   2   3   1   4   1   6  25   2   0   6   3   7   3   0   1   8  0.11 0.11
   11 L    0 -3 -4 -4  1 -1 -3 -3 -4  1  4 -3  0  2  0  0 -1 -3 -2  0    9   0   0   0   3   3   0   1   0   7  43   0   0  11   5  10   3   0   0   6  0.37 0.22
   12 A    3 -3 -3 -3  4 -2 -3 -2 -3  0  1 -3 -1  1 -2  1  0 -1 -2  1   33   0   0   1   9   2   0   1   0   5  15   0   1   6   1  11   4   1   0  11  0.30 0.20
   13 L   -1 -4 -5 -5 -3 -4 -5 -5 -5  2  4 -4  2 -1 -1 -3 -2 -4 -3  4    4   0   0   0   0   0   0   0   0  10  47   0   5   1   3   1   1   0   0  28  0.74 0.30
   14 L   -1 -4 -5 -5  1 -4 -4 -4 -4  2  4 -4  2  2 -3 -3 -1 -3 -2  2    5   0   0   0   4   0   0   1   0   8  49   0   4  10   1   0   4   0   0  13  0.61 0.27
   15 L    1 -4 -4 -5  3 -4 -4 -4 -4  1  3 -4 -1  4 -4 -1 -2  2 -2  1   12   0   0   0   7   0   0   0   0   8  39   0   0  17   0   4   1   2   0   9  0.53 0.25
   16 V   -1 -4 -5 -4 -3 -3 -3 -5 -4  2  3 -4  1  4 -4 -4 -2 -3  0  3    6   0   0   1   0   1   2   0   0   8  36   0   2  19   0   0   1   0   2  22  0.58 0.26
   17 A    1 -3 -2 -3  3 -3 -3  2 -2  0 -1 -3 -1  1 -3  2  0  1  0  0   14   0   1   0   7   0   0  19   1   5   5   0   1   7   0  22   4   2   3   8  0.26 0.19
   18 L    1  0 -1 -3  3 -2 -3  0  2  0  0 -2 -1 -2 -3  1  2 -3  1  1   11   7   2   0   8   0   0   8   7   5  10   0   0   1   0  10  15   0   6  10  0.15 0.15
   19 A    2  1 -2 -2  1 -2 -2  2 -3 -1  1 -1  0  1  0  1 -1 -3 -2 -1   20  12   0   1   4   0   1  14   0   2  15   1   2   8   4  10   2   0   0   3  0.15 0.14
   20 S    0  0 -2 -2 -2 -2 -2 -2 -2  1  1 -1  0  1  1  1  1  3  0  0    5   7   1   2   0   1   0   2   1  11  13   3   2   9   7  17   8   5   2   6  0.11 0.11
   21 D   -1  1  0  2  3  3  0 -2  2 -2 -2 -1 -2 -2  0  1  0 -2  0 -2    5  10   3  15   8  15   3   2   6   2   4   1   1   1   4  10   4   1   3   2  0.21 0.16
   22 L    0 -2 -3 -2 -1 -2  0  0 -2  1  1 -2 -1  1  1  0 -1  1  0  1    5   1   0   1   1   1   9   7   1  12  20   1   0   6   8   7   3   2   3  13  0.10 0.10
   23 A    2 -2  0 -3  2 -3 -2  0  0 -1 -2 -3 -2 -2 -3  1  2 -4  0  3   18   1   5   0   4   0   1   7   2   2   0   0   0   2   0  13  12   0   3  29  0.30 0.23
   24 A    1 -1  1  3 -4  2  2 -2  0 -2 -3 -1 -2 -3 -2  0  1 -4 -3 -2   17   2   8  20   0  11  12   2   2   1   2   1   1   1   1   6  12   0   0   1  0.32 0.20
   25 G    5 -5 -4 -4 -1 -4 -4  6 -5 -5 -5 -3 -5 -6 -4 -2 -3 -6 -5 -4   44   0   0   0   1   0   1  51   0   0   1   1   0   0   0   0   1   0   0   0  1.36 0.50
   26 L   -5 -6 -7 -7 -5 -6 -6 -7 -6  2  6 -6 -1 -3 -6 -6 -5 -5 -5 -1    0   0   0   0   0   0   0   0   0   8  90   0   0   0   0   0   0   0   0   1  1.80 0.61
   27 K   -4  3 -3 -4 -6  4 -2 -5 -2 -4 -1  6 -4 -6 -4 -3 -2  1 -5 -5    0  12   0   0   0  22   1   0   1   1   8  51   0   0   0   1   3   2   0   0  1.15 0.50
   28 C   -5 -8 -8 -9 12 -8 -9 -8 -8 -6 -6 -8 -6 -7 -8 -6 -6 -7 -7 -6    0   0   0   0 100   0   0   0   0   0   0   0   0   0   0   0   0   0   0   0  4.40 1.11
   29 V   -3 -2  2 -4 -5 -4 -4 -5  7 -2 -1 -2 -2  3 -5 -3 -4 -3  6  1    2   1  11   1   0   0   0   0  26   1   5   2   0  10   0   1   0   0  29  10  1.07 0.45
   30 C   -5 -8 -8 -9 12 -8 -9 -8 -8 -6 -6 -8 -6 -7 -8 -6 -6 -7 -7 -6    0   0   0   0 100   0   0   0   0   0   0   0   0   0   0   0   0   0   0   0  4.40 1.11
   31 L   -4 -3  0  5 -5  2  1 -4  4 -4 -1 -3 -4 -5 -3  0  2 -6 -4 -4    0   0   4  39   0  11   6   0  10   1   7   0   0   0   1   8  13   0   0   0  0.80 0.39
   32 L   -2  2  1  0 -4  0 -1 -4  0  3  1 -2 -1 -2 -1 -1 -1  0 -1  0    2  15   7   6   0   3   5   0   2  26  18   0   1   0   3   3   3   1   2   3  0.22 0.19
   33 C   -5 -8 -7 -8 12 -8 -8 -7 -8 -6 -6 -8 -6 -7 -4 -6 -2 -7 -7 -6    0   0   0   0  96   0   0   0   0   0   0   0   0   0   1   0   2   0   0   0  4.14 1.06
   34 D    0 -1  0 -1  0  0  2 -2 -2 -1 -2  3 -2 -3  2  0  2 -3 -3  0    5   2   4   2   3   3  13   3   0   3   3  20   0   1  10   6  15   0   0   7  0.22 0.15
   35 S   -2  0  0  3 -1  1  2 -1  1 -3 -3  3 -3 -3 -1  1 -1 -3 -2 -3    1   3   3  18   2   7  17   4   3   1   1  20   0   1   2  13   2   0   1   1  0.38 0.19
   36 S    1 -1  1  2 -3 -1  0 -3 -3 -3 -3 -1 -3 -4 -1  2  4 -4 -3 -2   12   3   6  12   0   1   6   1   0   1   1   2   0   0   3  15  34   0   0   1  0.51 0.28
   37 N   -5 -5  9 -1 -7 -4 -1  1 -4 -7 -8 -4 -6 -7 -6 -3 -4 -8 -6 -7    0   0  84   3   0   0   3   9   0   0   0   0   0   0   0   1   0   0   0   0  2.35 0.79
   38 F   -3 -1  2 -2  1  0 -1 -3  4 -4 -3 -2 -3  4 -5  2 -2 -3  5 -4    1   4  10   2   3   4   3   2  11   0   1   1   0  19   0  19   2   0  19   0  0.62 0.34
   39 T   -3 -3 -3 -1 -5 -1  0 -5 -5  2 -4 -3 -4 -5 -5  1  7 -6 -5 -2    0   1   1   3   0   3   6   0   0  11   0   1   0   0   0   7  66   0   0   2  1.26 0.57
   40 C   -2 -8 -8 -8 12 -8 -9 -7 -8 -6 -6 -8 -6 -7 -8 -6 -6 -7 -7 -6    3   0   0   0  97   0   0   0   0   0   0   0   0   0   0   0   0   0   0   0  4.17 1.09
   41 Q   -3 -3 -1 -2 -5  1  6 -2  0 -1 -4 -2 -2 -3 -4 -2  1 -5 -1  1    0   0   2   0   0   6  53   3   2   4   0   1   1   1   0   2   9   0   2  13  0.84 0.44
   42 T   -4 -6 -4 -5 -5 -5 -2 -6 -6 -5 -6 -5 -5 -7 -6 -3  8 -7 -6 -4    0   0   0   0   0   0   2   0   0   0   0   0   0   0   0   0  98   0   0   0  2.61 0.93
   43 E   -6 -5 -2  8 -7 -4  1 -3 -5 -7 -7 -2 -7 -7 -5 -4  0 -8 -2 -7    0   0   1  82   0   0   6   1   0   0   0   3   0   0   0   0   5   0   2   0  2.15 0.76
   44 G   -4 -7 -5 -6 -7 -6 -7  8 -6 -8 -8 -6 -7 -8 -7 -5 -6 -7 -8 -8    0   0   0   0   0   0   0 100   0   0   0   0   0   0   0   0   0   0   0   0  2.75 0.87
   45 A    3 -3 -5 -6 -4 -4 -5 -5 -3  0  2 -4  1  2 -5 -4 -4 -3  6  2   23   1   0   0   0   0   0   0   0   3  20   0   4   6   0   0   0   0  29  13  0.81 0.41
   46 C   -5 -9 -8 -9 12 -8 -9 -8 -8 -6 -6 -8 -7 -8 -8 -6 -6 -7 -8 -6    0   0   0   0 100   0   0   0   0   0   0   0   0   0   0   0   0   0   0   0  4.47 1.19
   47 W   -4 -5 -7 -7 -6 -6 -7 -7 -5 -1  0 -6  5  8 -7 -6 -4  5  3 -2    1   0   0   0   0   0   0   0   0   3   7   0  13  56   0   0   0   8   9   2  1.76 0.66
   48 A    4 -5 -1 -5 -4 -4 -4 -4 -5 -1 -3 -3 -3 -5 -4 -2  4 -6 -5  4   37   0   3   0   0   0   0   0   0   2   1   1   0   0   0   1  29   0   0  27  0.94 0.52
   49 S    0 -2 -2 -4 -5 -3 -2 -4 -5 -3 -6 -4 -5 -2 -5  7 -1 -7 -5 -3    7   2   1   0   0   1   2   0   0   2   0   0   0   2   0  81   2   0   0   1  1.62 0.76
   50 V    0 -5 -5 -5 -4 -5 -5 -4 -6  3 -1 -3 -3 -2 -5 -2  4 -6 -4  5    6   0   0   0   0   0   0   1   0  16   4   1   0   1   0   1  30   0   0  40  0.96 0.49
   51 M   -2  0 -1 -3 -4  0  1 -4 -2 -2 -2 -1  3  1 -4  3  3 -4  1 -1    1   4   2   0   0   3  11   0   1   2   1   2  10   7   0  23  23   0   6   4  0.43 0.34
   52 L   -3  2  1 -4 -5 -1  1 -5 -2 -2  3  4  1  0 -5 -4 -3 -5 -1 -2    1  11   6   0   0   2   8   0   1   1  36  25   3   4   0   0   0   0   2   1  0.55 0.37
   53 T   -2 -2  0  2 -4  0  2 -4 -2  0 -1  1 -1 -3 -3  2  2 -5 -4 -1    1   1   4  14   0   3  14   0   1   7   5   8   2   1   0  19  17   0   0   4  0.32 0.27
   54 N   -2 -1  4  3 -5 -2  1  1  1 -5 -5  1 -1 -5 -3  1  2 -6 -4 -4    3   3  22  18   0   1   7  11   3   0   0   9   2   0   1   8  14   0   0   0  0.53 0.32
   55 G   -3 -4  1  4 -6 -4  0  6 -5 -7 -6 -4 -6 -7 -5  1 -4 -7 -6 -6    1   0   7  24   0   0   5  52   0   0   1   0   0   0   0   9   0   0   0   0  1.28 0.56
   56 K   -1  2  0 -3 -4  2  0 -1 -2 -1 -2  4  0 -4 -4  0  0 -5 -4  2    3   9   4   0   0   9   3   4   1   3   3  32   2   0   0   6   7   0   0  14  0.39 0.29
   57 E   -3 -3 -1 -1 -4  1  3 -5 -3  5 -2 -2  0 -3 -1 -3  1 -5 -1  2    0   1   2   3   0   7  18   0   0  33   2   2   2   1   3   0   7   0   2  16  0.52 0.34
   58 Q   -3  0 -3 -3 -4  1  2 -4  1  4 -2  2 -1 -4 -4 -1  3 -5 -2  0    0   4   0   0   0   7  13   1   4  24   1  12   1   0   0   3  23   0   1   5  0.47 0.34
   59 V   -2 -1 -2 -4 -4  0 -2 -4  6  0 -2 -3 -1  3 -3 -3  0 -2  5  0    3   3   1   0   0   5   2   1  21   6   2   0   1  13   1   1   6   0  24   8  0.73 0.37
   60 S    2  0  1 -2 -3  2  0 -2 -2  0 -2 -1 -1 -3 -3  2  0 -2 -3  1   19   5   9   1   0   9   6   1   0   7   2   2   2   0   0  20   5   1   0  11  0.23 0.21
   61 K   -4  4 -3 -4 -5 -3 -3 -4 -1 -4 -4  2 -1  3 -4  1 -2 -3  6 -4    1  26   1   0   0   0   1   1   1   0   1  12   1  10   0  10   2   0  31   1  0.97 0.46
   62 S   -2  6 -2 -4 -4  2 -2 -2 -1 -1 -2 -2  3 -3 -4  2  0 -1 -4 -2    2  41   2   0   0   8   2   3   2   4   2   0   9   1   0  15   4   1   0   2  0.72 0.39
   63 C   -4 -6 -6 -6 12 -6 -6 -6 -6 -5 -5 -6 -5 -6 -6 -5 -5 -6 -6 -5    1   0   0   0  92   0   1   1   0   0   1   0   0   0   0   1   1   0   0   1  3.90 1.09
   64 V   -3 -4 -4 -5 -3 -3 -4 -5 -4  4  3 -2  2  0 -4 -3 -3  2  3  2    1   0   0   0   0   1   1   1   0  24  31   3   4   3   0   1   1   3   9  16  0.65 0.32
   65 S    0 -2  3  3 -4  0  0 -1  3 -4 -4 -2 -3 -4  3  2  0 -4 -3 -3    8   1  13  17   0   4   6   4   8   0   1   2   0   0  13  15   5   0   0   2  0.43 0.26
   66 L   -2  2 -2 -1 -4  0  2 -4 -1 -2  1  3  1  3  0 -1 -2 -3 -1 -1    1  12   1   3   0   4  12   1   1   0  12  19   3  14   4   5   1   0   1   4  0.26 0.21
   67 P   -1 -2 -1  2 -4  0  0 -2 -3  0 -3  1 -2 -3  4  2 -1 -4 -2  0    4   1   3  10   0   3   6   2   0   6   2   8   1   1  23  21   3   0   1   6  0.42 0.27
   68 E   -1 -2 -2  3 -5  2  3 -4 -4 -5 -5  1 -4 -5  6 -2 -4 -5 -5 -5    4   2   1  16   0   9  21   1   0   0   1   7   0   0  34   2   0   0   0   1  1.01 0.47
   69 L   -2 -1 -2 -4 -4 -2  0 -1 -2 -1  3 -3  2 -2  4 -1 -1  0 -3 -2    3   3   1   0   0   1   6   5   1   2  33   1   6   1  24   4   4   1   0   1  0.52 0.31
   70 N   -2 -2  3  4 -4 -1  3  2 -1 -3 -4  0 -1 -1 -1 -1 -2 -4 -1 -2    2   1  12  26   0   1  18  13   1   2   1   5   2   3   3   3   1   0   2   2  0.48 0.29
   71 A    0  4  0  0 -4  0 -2 -1  0 -3 -3  1 -4 -3  4 -2 -3  0  2 -4    9  27   5   6   0   3   1   4   2   1   2   7   0   1  20   2   0   1   8   1  0.53 0.31
   72 Q   -3 -2 -4 -4 -5  2 -3 -5 -4 -5 -2 -2  1 -1  7  1 -4 -5 -5 -5    1   2   0   0   0  10   2   1   0   0   4   2   4   3  59   9   1   0   0   1  1.53 0.61
   73 V   -2 -2 -4 -4 -1 -4 -4 -4  0  4  1 -3  1  5 -2 -3 -2 -3 -1  2    3   3   0   1   1   0   1   1   2  22  10   2   3  28   2   2   1   0   1  17  0.62 0.30
   74 F   -2 -4 -4 -4  0 -1 -1 -4 -1  1 -1 -4  0  4 -4 -1 -2  8  3  1    3   1   0   1   2   3   4   1   1   8   4   1   3  20   1   4   2  22   9  12  0.84 0.36
   75 C   -5 -6 -6 -6 12 -6 -6 -3 -6 -5 -3 -6 -5 -6 -6 -5 -5 -6 -6 -5    1   0   0   0  88   0   0   3   0   0   3   0   0   0   0   1   0   0   0   1  3.68 1.05
   76 H    1  0  2 -3 -5 -1 -1 -3  7 -4  0  1  2 -2 -4 -1 -1 -5  1 -3   14   5  10   1   0   2   4   1  26   0  11   7   6   1   0   4   4   0   4   0  0.54 0.34
   77 S   -2 -1  2  0 -5 -1  1 -2 -3 -4 -4 -1 -4 -3  4  3  2 -6 -3 -1    2   4  11   5   0   2   8   2   0   0   1   3   0   1  18  25  14   0   1   4  0.51 0.35
   78 S    1  0  2 -1 -5 -2 -4 -2  0 -3 -6  1 -5 -4 -3  5 -1 -6 -5 -3   10   6  10   3   0   1   0   2   2   2   0   8   0   1   1  49   3   0   0   2  0.79 0.48
   79 N   -2  1  2  3 -5 -1  2 -2 -3 -4 -3  1  3 -1  0  1  0 -5 -3 -3    2   8  11  14   0   1  15   2   0   0   1   8   9   3   4  13   7   0   1   2  0.34 0.27
   80 N   -1  0  4  1  4 -1 -2  1 -2 -5 -4 -1 -4 -3  0  1  2 -5 -3 -3    3   6  21   8  10   3   2  12   0   0   1   3   0   1   4  13  12   0   1   2  0.45 0.30
   81 V   -2  0 -2 -3 -3 -1 -2  1  0  3  1 -2 -1 -1 -1 -1  1 -4  0  2    2   5   1   1   0   2   2  11   3  20  14   2   1   2   2   5   8   0   3  15  0.17 0.16
   82 T    1  1  2 -3 -3 -1 -2 -1 -1  0 -1 -1  0  1 -3  1  2 -3  2 -1   16   8  11   0   0   1   2   3   1   5   7   2   3   5   1  12  13   0   7   4  0.15 0.17
   83 K   -1  1  2  0 -4 -1  1 -2  3 -3 -2  1 -1 -1 -3  0  0 -4  2  2    3   6  12   3   0   2  11   3   9   0   2  10   1   2   1   6   6   0   8  16  0.22 0.21
   84 T   -1 -1 -4 -5 -4 -3 -5 -5 -5  4 -2 -4  0 -4  3  0  4 -6 -2  2    5   3   0   0   0   1   0   0   0  26   2   0   2   0  15   8  25   0   1  11  0.72 0.39
   85 E   -1  0 -1  2  5  1  3 -3  4 -2 -2 -1  1  1 -4 -2 -2 -4  1 -2    4   4   2  14  11   5  18   1  11   2   4   4   4   5   0   2   2   0   4   2  0.40 0.26
   86 C   -6 -9 -9 -9 12 -9 -9 -8 -9 -6  0 -9 -6 -8 -9 -7 -7 -8 -8 -6    0   0   0   0  90   0   0   0   0   0  10   0   0   0   0   0   0   0   0   0  4.05 1.15
   87 C   -6 -8 -1 -4 11 -8 -8 -8 -1  2 -6 -2 -6 -7 -8 -4 -6 -8 -7 -6    0   0   4   2  78   0   0   0   2  10   0   3   0   0   0   1   0   0   0   0  3.28 0.99
   88 F   -1 -1  2  4 -5 -2 -1 -4  0 -5 -4  2 -4  1  1  0 -1 -4  3 -4    6   3  11  22   0   1   3   0   2   0   1  14   0   5   8   7   4   0  12   1  0.46 0.32
   89 T   -2  3  0 -1 -5  0  3 -3 -4 -3 -4  0 -1 -4 -4  1  4 -2 -5 -2    3  18   4   3   0   4  16   2   0   1   1   5   1   1   0  12  26   1   0   3  0.53 0.37
   90 D   -7 -6 -2  8 -9 -5 -1 -6  4 -8 -9 -6 -8 -8 -3 -3 -6 -9 -7 -8    0   0   1  84   0   0   3   0   8   0   0   0   0   0   1   2   0   0   0   0  2.58 0.96
   91 F   -5 -3 -5 -6 -5 -5 -5 -4  1 -4  0 -5  3  7 -6 -5 -5  2  6 -4    1   2   0   0   0   0   0   1   4   0   9   0   7  44   0   0   0   2  26   0  1.61 0.62
   92 C    0 -7 -6 -7 12 -6 -7 -6 -6 -6 -6 -6 -6 -6 -6 -5 -5 -6 -6 -5    8   0   0   0  85   0   0   1   0   0   1   0   0   0   0   1   0   0   0   0  3.75 1.19
   93 N   -5 -5  9 -4 -6 -5 -5  0 -4 -7 -7 -5 -6 -6 -6 -4 -5 -7 -6 -6    1   0  86   0   0   0   0   8   0   0   1   0   0   0   0   1   0   0   0   0  2.69 1.01
   94 N   -2  5  3 -2 -5  1 -1 -5 -1 -5 -2  4 -2 -2 -5  0  0 -6 -4 -2    2  26  12   2   0   5   3   0   2   0   4  24   1   2   0   7   6   0   0   3  0.66 0.48
   95 I   -2 -1  1  3 -2 -3  0 -3  1  3  1  0 -1 -1 -1 -2 -3  0 -1  0    3   3   7  19   1   0   7   1   4  20  13   5   1   3   3   1   0   2   1   5  0.26 0.27
   96 T   -2 -1 -1  1 -4 -1  1 -4  1  1  1  0  0 -1  2 -1  2 -1 -2 -2    3   4   2   9   0   2   8   0   3   7  18   7   2   2  12   4  12   1   1   2  0.19 0.22
   97 Q   -3  1  1 -1 -4 -1  0 -3 -1  0  3  1 -2  1  2 -1 -2  0 -1 -2    1   7   8   4   0   1   6   2   1   5  28   9   0   5  11   4   2   1   2   2  0.22 0.25
   98 H   -2  1 -1 -2 -5  0 -2 -3  3 -1 -2  0  1  0  5 -2  0  0  1  0    3   7   3   2   0   5   3   2   8   4   3   6   4   4  28   3   5   1   4   6  0.46 0.35
   99 L   -2  0 -2 -2 -3 -3  0 -3 -1  1  2  0  0  1  1 -1  1 -4 -3  2    3   5   1   2   0   0   7   2   2   9  24   5   2   5   6   4  10   0   0  13  0.18 0.21
  100 P   -2 -1 -2 -1 -5 -2 -2 -1  2  0  0  0 -4  0  6 -2 -1  1 -1 -1    3   4   2   3   0   2   2   4   4   5   8   5   0   5  37   3   4   2   2   4  0.62 0.45
  101 T   -1  1 -1  0 -3  1  0 -1  1  0 -1  0  1  0  2  0  0  3  0 -1    4   7   3   5   0   7   7   4   3   7   4   5   4   4   9   7   7   4   4   5  0.08 0.10
  102 A    0  0 -1  0 -3  1  0  0  2  0  0  0  1  1  1  0  0 -2  1  0    6   6   0   6   0   6   6   6   6   6   6   6   6   6   6   6   6   0   6   6  0.04 0.08
  103 S    0 -1  0  0 -1  0  0  1  1 -2 -2  0 -2 -2  3  2  1 -1 -1 -1    7   1   3   3   1   5   5   9   4   2   0   4   0   2  16  19  14   1   1   4  0.22 0.05
  104 P    0 -1  0  0 -3  0  2  0  0 -2 -1  0 -2 -3  3  1  1 -3 -2 -1    7   2   2   5   0   1  20   6   2   1   5   7   0   1  16  11  12   0   0   2  0.25 0.05
  105 D    0  0  1  1 -3  1  1  0 -1 -2 -2  1 -1 -2  3  1  0 -2 -2 -1    3   6   8   8   0   4  12   7   0   1   0   7   1   1  15  14   6   0   0   7  0.22 0.04
  106 A    1  0 -1  0 -2  0  2  0 -2 -2 -2  0 -2 -3  4  1  1 -3 -3 -1   10   3   1   5   0   1  15   6   0   1   1   3   0   1  22  17   9   0   0   4  0.34 0.06
  107 P    1 -1 -1 -1 -2 -1  0  2 -2 -3 -3 -1 -2 -3  5  2  0  0 -3 -2   10   2   0   2   0   2   6  18   1   0   1   0   0   0  29  22   2   2   0   3  0.50 0.09
  108 R    0  2  1 -1 -3  0  0  2  0 -3 -3  2 -1 -3  1  2  1 -2 -2 -2    2  11   7   0   0   2   2  18   3   0   1  15   1   0   5  18  13   0   0   0  0.24 0.06
  109 L    0 -3 -4 -4 -3 -3 -4 -2 -3  0  3 -3  0  2 -4 -3 -2  8  0  0    8   0   0   0   0   0   0   3   0   4  39   0   1   7   0   0   1  31   0   4  0.79 0.13
  110 G    0 -2  0 -1 -3 -2 -1  5 -2 -3 -3 -2 -3 -4 -2  1  0 -4 -3 -1    2   2   4   3   0   0   3  59   0   0   1   0   0   0   1  15   4   0   0   7  0.63 0.11
  111 P    0  0 -1 -2 -3 -2 -2 -2 -1 -2 -3 -1 -2 -4  6  1  3 -4 -3 -1    5   5   2   0   0   0   0   2   1   0   1   2   0   0  43   8  28   0   0   3  0.82 0.13
  112 T   -1 -1 -4 -4 -2 -3 -3 -4 -3  1  1 -3  2  0 -2 -3 -1  8  0  3    2   5   0   0   0   0   0   0   0   3  14   0   5   2   1   0   1  23   2  40  0.60 0.12
  113 E    0  0 -1  0 -3  2  5 -1 -1 -3 -2  1 -2 -4 -2  0 -1 -4 -3 -1    7   2   0   0   0  10  52   3   1   0   1  10   1   0   1   5   1   0   0   7  0.47 0.11
  114 L   -1 -3 -4 -4 -2 -3 -3 -4 -3  1  4 -3  3  0 -3 -3 -1 -3 -2  1    5   0   0   0   0   0   0   0   0   5  66   1  12   1   0   0   3   0   0   7  0.52 0.11
  115 T    4 -2 -2 -3 -1 -2 -2 -1 -3  0 -1 -2  0 -2 -2  0  2 -3 -2  3   48   0   0   0   0   0   0   3   0   2   1   0   2   0   0   0  14   0   0  29  0.36 0.11
  116 V    3 -2 -3 -3 -1 -2 -2 -1 -3  1  2 -2  1 -1 -1 -1 -1 -3 -2  2   41   1   0   0   0   0   0   4   0   6  22   0   2   1   2   0   0   0   0  21  0.25 0.08
  117 V    1 -3 -3 -3 -1 -2 -3 -2 -3  2  1 -2  2  0 -3 -1  1  0 -1  3   13   0   0   0   0   0   0   2   0  16   5   0   7   5   0   1   9   2   0  39  0.24 0.07
  118 I   -2 -4 -4 -4 -2 -4 -4 -5 -4  6  1 -4  0 -1 -4 -2 -1 -4 -2  3    0   0   0   0   0   0   0   0   0  75   2   0   0   0   0   2   1   0   0  20  0.79 0.16
  119 T    4 -2 -2 -3 -1 -2 -2 -1 -3  0  0 -2  1 -1 -1  0  1 -3 -2  0   59   0   0   0   0   0   0   3   0   4  10   0   5   3   1   0  10   0   0   4  0.33 0.10
  120 V   -1 -3 -2 -3  2 -3 -3  4 -3  1  0 -3  0 -2 -3 -2 -1 -3 -3  3    1   0   0   0   5   0   0  39   0   8   9   0   3   1   0   0   0   0   0  33  0.38 0.09
  121 P    0 -3 -3 -3 -4 -2 -2 -3 -3 -3 -3 -2 -3 -4  8 -2 -2 -5 -4 -3    6   1   0   0   0   0   0   1   0   1   2   0   0   0  87   1   0   0   0   1  2.04 0.21
  122 V   -1 -3 -3 -3 -1 -3 -3 -3 -3  3  0 -3  0 -1 -3 -1  1 -3 -2  4    1   1   0   0   1   0   0   1   0  24   4   0   1   0   0   6   8   0   0  52  0.41 0.10
  123 C   -1 -4 -4 -4  9 -4 -4 -2 -4 -1  0 -4  0  2 -3 -2 -2 -3 -2  0    2   0   0   0  61   0   0   3   0   2   8   0   2  13   1   0   1   0   0   5  1.12 0.17
  124 L    0 -3 -3 -4  0 -3 -3 -3 -3  2  3 -3  1  3 -3 -2 -1 -2  0  2    9   0   0   0   1   0   0   1   0   8  38   0   2  15   0   1   0   0   0  22  0.29 0.07
  125 L   -1 -3 -4 -4 -1 -3 -3 -3 -3  3  4 -3  2  0 -2 -2 -1 -3 -2  2    2   0   0   0   1   0   0   1   0  17  52   0   2   2   1   1   1   0   0  19  0.42 0.09
  126 S    0 -3 -3 -3  9 -3 -3 -2 -3 -2 -1 -3 -2  0 -3  2 -1 -3 -2 -1    7   0   0   0  56   1   0   1   0   1   4   0   0   5   0  20   2   0   0   3  0.97 0.16
  127 I   -1 -3 -4 -4 -1 -3 -3 -4 -3  3  2 -3  1  2 -3 -2 -1 -2 -1  3    5   0   0   0   1   0   0   0   0  29  26   0   2   9   0   0   1   0   0  26  0.36 0.08
  128 A    1 -2 -2 -3  0 -2 -2  0 -3  2  1 -2  1  0 -2  0  0 -3 -1  2   13   0   0   0   2   0   0   7   0  11  18   0   1   4   0  11   3   0   0  28  0.15 0.05
  129 A    1 -2 -3 -3 -2 -2 -3 -1 -3  2  2 -2  1  1 -3 -1  0 -2 -1  2   13   1   0   0   0   0   0   5   0  11  27   0   4   8   0   1   3   0   0  26  0.21 0.06
  130 M   -1 -3 -3 -4 -2 -2 -3 -4 -3  2  3 -3  5  0 -3 -2  0 -3 -2  2    3   0   0   0   0   0   0   0   0  13  29   0  35   1   0   1   4   0   0  14  0.45 0.10
  131 L   -1 -3 -3 -4 -1 -2 -3 -3 -3  3  3 -3  1  0 -3 -1  0 -3 -2  3    4   0   0   0   1   0   0   1   0  17  42   0   2   3   0   3   3   0   0  24  0.33 0.07
  132 T    1 -2 -2 -2  0 -2 -2  1 -2  2  0 -2  0 -1 -2  0  1 -1 -2  2   20   0   0   0   2   0   0  13   0  16   4   0   3   2   0   7  13   1   0  18  0.13 0.05
  133 I    0 -3 -3 -4 -2 -2 -3 -3 -2  2  1 -3  1  2 -3 -2 -1  4  3  2   12   0   0   0   0   0   0   0   0   9  17   0   2  13   0   0   1   6  12  26  0.28 0.06
  134 W   -2 -3 -1 -4  6 -2 -3 -3  3 -2 -1 -3 -1  3 -4 -2 -2  5  5 -2    1   0   3   0  21   0   0   1   8   0   5   0   1  15   0   2   0   8  33   1  0.65 0.11
  135 A    0 -1 -2 -3 -1 -2 -2 -3 -2  2  1 -2  1  1 -3 -1  1  2  0  2   11   5   0   0   1   1   0   0   0  21  12   1   4   7   0   2  13   4   2  17  0.14 0.04
  136 C   -1 -1 -3 -4  7 -2 -3 -3  1  0 -1 -2 -1  2  0 -2 -2  4  2  0    3   4   0   0  38   0   0   0   5   4   2   2   1  11   4   0   0   7  10   7  0.55 0.10
  137 Q   -2  2  0 -2 -1  4  0 -2  6 -2 -2  0  1 -2 -2 -1 -1 -3  1 -2    1  12   3   0   1  36   0   1  28   1   1   3   5   0   0   1   1   0   4   1  0.50 0.11
  138 D    0  1  2 -1 -2  1  0  3  2 -3 -3  1 -2 -2 -2  1  0 -2  1 -3    2   8  13   1   0  10   1  26   8   0   0   7   0   0   0   9   6   0   8   0  0.25 0.05
  139 R   -2  5 -1 -2  1  1 -1 -3  5 -4 -3  2 -2 -3 -3 -1 -2  0 -1 -3    0  50   1   1   5   5   0   1  24   0   0  10   1   0   0   1   0   1   0   0  0.67 0.12
  140 Q   -1  3  0 -1 -2  3  0 -2  2 -2 -1  1 -1 -2  0  0  1  3  0 -2    2  23   2   2   0  22   0   2   6   0   6   8   0   0   3   4  10   5   2   1  0.25 0.06
  141 C   -1  3 -1 -3  6  0 -2 -1 -1 -1 -2  1 -1  0 -2 -1 -1  0 -2  0    1  29   1   0  30   3   0   4   1   2   1   8   1   4   1   2   1   1   1   9  0.40 0.09
  142 T    1  1 -1 -2  0 -1 -1 -1 -1  1  0  0  0 -1  0  0  0 -3 -2  1   23  14   2   1   2   1   1   4   1  12   9   3   3   1   4   2   8   0   0   7  0.06 0.03
  143 Y    0  1  0 -2 -3  0 -1 -1  6 -2 -2  0 -1  0 -1 -1 -1  1  4 -2    9  10   2   1   0   2   0   3  31   0   2   2   1   2   3   1   3   2  24   1  0.40 0.08
  144 R   -1  3  0 -1 -3  1 -1  0  5 -2 -2  1 -1 -3  0  1 -1 -3 -1 -2    2  30   4   1   0   4   1   7  22   1   4   4   1   0   5  11   2   0   1   0  0.31 0.07
  145 K   -1  4  1 -1 -3  0  0 -1  4 -3 -3  2 -2 -2  1 -1 -1 -3  0 -3    2  37   6   1   0   1   2   5  15   0   0  19   0   0   5   1   1   0   4   0  0.41 0.08
  146 T    1  2 -1 -2 -1  0 -1 -1  0 -1 -1  1 -1  0  0  0  0 -2  0  1   19  21   0   1   1   4   1   3   3   0   2  10   0   6   3   4   3   0   3  16  0.09 0.03
  147 K    0  2 -1 -1 -3  2  0  0  2 -2 -2  2 -1 -3  3  0 -1 -3 -1 -2    5  18   0   1   0  14   1   6   7   0   1  17   1   0  18   3   3   0   1   3  0.32 0.05
  148 R    0  4 -1  1 -3  1  0 -1  0 -2 -2  1 -1 -2  0  0 -1 -3 -1 -1    5  38   0   9   0   7   2   2   1   1   4   7   1   1   5  10   1   0   2   4  0.26 0.05
  149 H   -1 -1  0  1 -3  1  1 -3  2 -2  0 -1 -1 -1  5 -1 -1 -3 -1 -2    2   0   4   8   0  11   8   0   8   1  14   0   1   2  35   3   0   0   2   0  0.48 0.05
  150 N   -1 -1  4  3 -1  0  1 -1  0 -2 -2 -1 -2  0  0  1 -1 -3 -1 -2    2   0  31  20   2   1  10   3   1   1   2   1   0   7   4  11   1   0   1   1  0.29 0.04
  151 V    0 -2 -2  0 -1 -1  1 -2 -2  1  0 -1  1 -1  2 -1  0 -3 -2  2    7   0   1   4   1   1  14   2   0  11   7   0   9   0  13   2   2   0   0  24  0.13 0.03
  152 E   -1 -1  0  2 -4  1  5 -3  0 -4 -3  0 -2 -4 -1 -1 -1 -4 -3 -3    1   0   2   9   0   2  75   0   2   0   3   3   0   0   1   1   2   0   0   0  0.74 0.10
  153 E    0 -1  0  4 -3  1  4 -2 -1 -3 -2  0 -1 -3 -2  0 -1 -4 -3 -2    6   0   2  39   0   3  39   0   1   0   3   0   2   0   0   4   0   0   0   1  0.56 0.07
  154 P    0 -2 -2  0 -3 -1 -1 -2 -2 -2 -2 -1 -2 -4  7  1 -1 -4 -3 -2    5   1   1   5   0   2   1   0   0   2   1   0   0   0  66  11   1   0   0   3  1.23 0.09
  155 L    0 -1  0  0 -2 -1  0 -2 -2  0  2 -1  1  0 -1  2  0 -2 -1  0    3   1   2   3   0   1   6   1   0   0  35   0   2   2   2  30   3   0   0   6  0.11 0.04
  156 A    1 -2 -1  1  4 -1  0 -1  0 -1  0 -1  2 -2 -1  1  0 -2 -1 -1    9   0   1   8  16   1   4   3   3   1   6   0  13   0   1  21   5   0   2   3  0.13 0.03
  157 E   -1 -1  1  4 -3  1  4 -1 -1 -3 -3  0 -3 -3  1  0 -1 -3 -1 -3    1   0   4  30   0   3  42   2   0   1   0   1   0   0   8   3   1   0   3   0  0.52 0.06
  158 Y   -1  1  0  2  4  1  0 -1  3 -2 -2  0  0 -2  1 -1 -1 -3 -1 -2    1  13   3  16  14   8   4   5  16   0   1   1   6   0   7   1   2   0   2   0  0.21 0.04
  159 S   -1  1  2 -1  1  0 -1 -2  0 -1  0 -1  1 -2  4  0 -1 -3 -2 -1    3  11  20   1   4   2   0   0   2   2  12   0   8   0  27   5   2   0   0   0  0.34 0.04
  160 L   -2 -3 -3 -3 -2 -2 -3 -4 -1  1  3 -3  1  3  3 -2 -2 -1  2  0    0   0   0   0   0   0   0   0   1  11  40   0   1  19  17   0   0   0   7   3  0.36 0.05
  161 V   -1 -2 -2 -2 -2 -2 -2  0 -3  3  2 -2  2 -1  1 -2 -1 -3 -2  2    1   0   1   1   0   2   0   9   0  34  16   0   9   0   6   1   0   0   0  17  0.19 0.04
  162 N    1 -1  2 -1 -2  0 -1  0 -1 -1  0 -1 -1 -2  0  2  1 -3 -2 -1    9   0  18   0   0   3   0   3   0   2  17   0   1   0   4  34   7   0   0   0  0.18 0.04
  163 A    0 -1  0  0 -2  1  1  2 -1 -2 -2  1 -1 -3  3  1  0 -3 -2 -1    7   0   2   5   0   4  13  16   0   0   1  12   2   0  13  14   5   0   0   4  0.24 0.02
  164 G    0 -2  1  2 -3 -1 -1  5 -1 -4 -4 -1 -3 -4  0  0 -1 -3 -3 -3    3   2   4  19   0   0   1  61   1   0   0   0   0   0   3   1   4   0   0   0  0.64 0.05
  165 K    0  1  0 -1 -2  1  0 -2  1 -1 -2  3 -1 -3  0  0  2 -3 -2  0    3   2   4   2   0   3   0   0   4   0   0  41   0   0   2   4  21   0   0  13  0.21 0.04
  166 T    0 -2  0 -1  3 -1 -1 -2 -2 -2 -2 -1 -1 -3 -2  2  5 -3 -2 -1    1   0   0   0   7   0   0   0   0   0   0   0   0   0   0  20  71   0   0   0  0.55 0.08
  167 L   -2 -3 -4 -4 -2 -3 -3 -4 -3  3  4 -3  2  0 -3 -3 -1 -2 -2  1    0   0   0   0   0   0   0   0   0  25  74   0   0   0   0   0   0   0   0   0  0.52 0.06
  168 K   -1  3 -1 -1 -4  3  1 -2  0 -3 -3  5 -2 -4 -2 -1 -1 -3 -2 -3    0  19   0   0   0  16   1   0   2   0   0  60   0   0   0   0   0   0   0   0  0.58 0.07
  169 D   -2 -2  1  7 -4 -1  2 -2  0 -4 -4 -1 -4 -4 -2 -1 -2 -5 -3 -4    0   0   1  86   0   0   9   1   2   0   0   0   0   0   0   0   0   0   0   0  1.03 0.09
  170 L   -2 -2 -4 -4 -2 -2 -3 -4 -3  2  4 -3  4  0 -3 -3 -1 -2 -1  1    0   0   0   0   0   0   0   0   0   5  69   0  23   1   0   0   0   0   0   0  0.51 0.06
  171 I   -2 -3 -4 -4 -2 -3 -3 -4 -3  5  2 -3  1  0 -3 -3 -1 -3 -1  2    0   0   0   0   0   0   0   0   0  77  12   0   2   0   0   0   0   0   1   5  0.49 0.07
  172 Y   -1 -1 -1 -1  1 -1 -1 -2  1 -1 -1 -1 -1  3 -1 -1 -1  1  6 -1    3   2   2   3   3   2   3   3   1   2   3   2   1  11   2   3   3   0  49   2  0.37 0.03
  173 D   -2 -2  1  6 -4  0  3 -2 -1 -4 -4 -1 -3 -4 -2 -1 -1 -4 -3 -3    0   0   3  67   0   0  26   0   0   0   0   0   0   0   0   0   1   0   0   0  0.85 0.07
  174 A   -1 -2 -2 -4 -2 -1 -3 -2 -2  1  2 -2  7  0 -3 -2 -1  1 -1  0    1   0   1   0   0   0   0   2   0   0  16   0  71   1   0   0   1   2   1   3  0.55 0.09
  175 T    0 -1  0 -1 -1 -1 -1 -2 -2 -2 -2 -1 -1 -3 -1  3  5 -3 -2 -1    1   0   0   0   0   0   2   0   0   0   0   0   0   0   0  25  70   0   0   0  0.55 0.08
  176 A    0 -2 -1 -2 -1 -1 -1 -2  0 -1 -2 -1 -1 -2 -2  1  6 -3 -1 -1    5   0   0   0   1   1   0   0   2   0   0   0   0   0   0   1  85   0   2   0  0.60 0.09
  177 S    1 -1  0 -1 -1 -1 -1 -1 -1 -3 -3 -1 -2 -3 -1  5  1 -3 -2 -2    0   0   0   0   0   0   0   0   0   0   0   0   0   0   0  95   0   0   0   0  0.67 0.09
  178 G    0 -3 -1 -2 -3 -2 -3  6 -3 -4 -4 -2 -3 -4 -3 -1 -2 -3 -4 -4    0   0   0   0   0   0   0  98   0   0   0   0   0   0   0   0   0   0   0   0  1.27 0.09
  179 S    1 -1  0 -1 -2 -1 -1 -1 -2 -3 -3 -1 -2 -3 -1  5  1 -3 -2 -2    0   0   0   0   0   0   0   0   0   0   0   0   0   0   0  98   0   0   0   0  0.71 0.10
  180 G    0 -3 -1 -2 -3 -2 -3  6 -3 -4 -4 -2 -3 -4 -3 -1 -2 -3 -4 -4    0   0   0   0   0   0   0  98   0   0   0   0   0   0   0   1   0   0   0   0  1.28 0.09
  181 S    1 -1  0 -1 -2 -1 -1 -1 -1 -3 -3  0 -2 -3 -1  5  1 -4 -2 -2    0   0   0   0   0   0   0   0   0   0   0   5   0   0   0  95   0   0   0   0  0.66 0.09
  182 G    0 -3 -1 -1 -3 -2 -2  6 -3 -4 -4 -2 -3 -4 -3  0 -2 -3 -4 -4    0   0   0   3   0   0   0  93   0   0   0   0   0   0   0   5   0   0   0   0  1.15 0.08
  183 P   -2 -3 -4 -4 -2 -3 -3 -4 -3  1  5 -3  2  0 -3 -2 -2 -2 -2  0    0   0   0   0   0   0   0   0   0   0  96   0   0   0   0   3   0   0   0   1  0.61 0.07
  184 P   -1 -3 -3 -2 -4 -2 -2 -2 -3 -4 -4 -2 -3 -5  8 -1 -2 -5 -4 -3    0   0   0   0   0   0   0   3   0   0   0   0   0   0  97   0   0   0   0   0  2.21 0.11
  185 L   -2 -3 -4 -4 -2 -3 -4 -4 -3  1  5 -3  2  1 -4 -3 -2 -2 -1  0    0   0   0   0   0   0   0   0   1   1  96   0   0   3   0   0   0   0   0   0  0.63 0.07
  186 L   -2 -3 -4 -4 -2 -3 -4 -4 -3  1  4 -3  2  2 -4 -3 -2 -2 -1  0    0   0   0   0   0   0   0   0   0   3  86   0   0  11   0   0   0   0   0   0  0.57 0.07
  187 V   -1 -3 -4 -4  1 -3 -3 -4 -4  2  1 -3  0 -1 -3 -2 -1 -4 -2  5    0   0   0   0   3   0   0   0   0   0   2   0   0   0   0   0   0   0   0  95  0.58 0.09
  188 Q   -2  0 -1 -1 -4  7  1 -3  0 -4 -3  1 -1 -4  0 -1 -1 -3 -2 -3    0   0   0   0   0  97   0   0   0   0   0   0   0   0   3   0   0   0   0   0  1.03 0.12
  189 R   -2  7 -1 -2 -4  1  0 -3 -1 -4 -3  2 -2 -4 -3 -1 -2 -3 -2 -3    0  97   0   0   0   0   3   0   0   0   0   0   0   0   0   0   0   0   0   0  1.07 0.10
  190 T    0 -2  0 -1 -1 -1 -1 -2 -2 -2 -2 -1 -1 -3 -1  3  5 -3 -2 -1    3   0   0   0   0   0   0   0   0   0   0   0   0   0   0  26  69   0   0   0  0.55 0.07
  191 I   -2 -3 -4 -4 -2 -3 -4 -4 -4  5  1 -3  1 -1 -3 -3 -1 -3 -2  3    0   0   0   0   0   0   0   0   0  84   3   0   0   0   0   0   0   0   0  12  0.57 0.07
  192 A    5 -2 -2 -2 -1 -1 -1  0 -2 -2 -2 -1 -1 -3 -1  1  0 -3 -2 -1   95   0   0   0   0   0   0   0   0   0   0   0   0   0   0   0   3   0   0   0  0.60 0.08
  193 R   -2  7 -1 -2 -4  1 -1 -3 -1 -4 -3  2 -2 -3 -3 -1 -2 -3 -2 -3    0  95   0   0   0   0   0   0   0   0   0   0   0   0   0   0   0   0   0   0  1.01 0.09
  194 T   -1 -1  0 -1 -2  4  0 -2 -1 -2 -2  0 -1 -3 -2  1  4 -3 -2 -1    0   0   0   0   0  37   0   0   0   0   0   0   0   0   0   1  58   0   0   0  0.50 0.07
  195 I   -2 -3 -4 -4 -2 -3 -4 -4 -4  6  1 -3  1 -1 -3 -3 -1 -3 -2  2    0   0   0   0   0   0   0   0   0  92   0   0   0   0   0   0   0   0   0   4  0.60 0.08
  196 V   -1  0 -2 -2 -2  3 -1 -3  0  2  0 -1  0 -2 -2 -1 -1 -3 -2  3    2   3   0   0   0  30   0   0   3   7   0   0   0   0   0   0   1   0   0  53  0.26 0.06
  197 L   -2 -3 -4 -4 -2 -3 -3 -4 -3  1  5 -3  2  0 -3 -2 -2 -2 -2  0    0   0   0   0   0   0   0   0   0   1  94   0   0   0   0   3   0   0   0   1  0.58 0.07
  198 Q   -1  0 -1 -1  3  5  0 -2  0  0 -1  0  0 -3 -2  0 -1 -3 -2  1    1   1   0   0   8  56   0   1   1   2   1   0   2   0   0   5   0   0   0  22  0.36 0.07
  199 E   -1 -1 -1  2 -4  1  6 -2  2 -4 -3  0 -3 -4 -2 -1 -1 -3 -2 -3    0   0   0   5   0   0  82   2   8   0   0   1   0   0   0   0   0   0   0   1  0.77 0.08
  200 I    0 -2 -2 -2  0 -2 -2 -2 -3  3  0 -2  0 -1 -2  1  2 -3 -2  2    3   0   0   0   2   1   0   0   0  44   3   0   0   0   1  20  17   0   0   9  0.19 0.04
  201 V   -1 -2 -3 -4 -2 -3 -3 -4 -4  5  1 -3  1 -1 -3 -3 -1 -3 -2  3    0   3   0   0   0   0   0   0   0  71   0   0   0   0   0   0   0   0   0  25  0.48 0.06
  202 G    0 -3 -1 -2 -3 -2 -3  6 -3 -4 -4 -2 -3 -4 -3 -1 -2 -3 -4 -4    0   0   0   0   0   0   0  98   0   0   0   0   0   0   0   0   0   0   0   0  1.25 0.09
  203 K   -1  2 -1 -1 -4  1  0 -2 -1 -3 -3  6 -2 -4 -2 -1 -1 -4 -2 -3    0   3   0   0   0   1   0   0   0   0   0  94   0   0   0   0   0   0   0   0  0.76 0.09
  204 G    0 -3 -1 -2 -3 -2 -3  6 -3 -4 -4 -2 -3 -4 -3 -1 -1 -3 -4 -4    0   0   0   0   0   0   0  95   0   0   0   0   0   0   0   0   3   0   0   0  1.19 0.08
  205 R   -2  7 -1 -2 -4  1 -1 -3  0 -4 -3  2 -2 -3 -3 -1 -2 -3 -2 -3    0  96   0   0   0   1   0   0   1   0   0   0   0   0   0   0   0   0   0   0  1.04 0.10
  206 F   -2 -3 -3 -4 -3 -3 -4 -4 -1 -1  0 -3 -1  7 -4 -3 -3  1  4 -1    3   0   0   0   0   0   0   0   0   0   0   0   0  82   0   0   0   0  14   0  0.94 0.09
  207 G    0 -3 -1 -2 -3 -2 -3  6 -3 -4 -4 -2 -3 -4 -3 -1 -2 -3 -4 -4    0   0   0   0   0   0   0  98   0   0   0   0   0   0   0   0   0   0   0   0  1.25 0.09
  208 E   -1 -1 -1  1 -4  1  6 -3 -1 -4 -2  0 -2 -4 -2 -1 -1 -3 -3 -3    0   0   0   0   0   0  95   0   0   0   3   0   0   0   0   0   0   0   0   0  0.92 0.09
  209 V   -1 -3 -4 -4 -1 -3 -3 -4 -4  2  0 -3  0 -1 -3 -2 -1 -4 -2  5    0   0   0   0   0   0   0   0   0   0   0   0   0   0   0   0   0   0   0 100  0.64 0.09
  210 W   -4 -4 -5 -5 -3 -3 -4 -4 -3 -4 -3 -4 -2  0 -5 -4 -3 12  2 -4    0   0   0   0   0   0   0   0   0   0   0   0   0   0   0   0   0  97   3   0  2.95 0.16
  211 H   -2  6 -1 -2 -4  1 -1 -3  2 -4 -3  2 -2 -3 -3 -1 -2 -3 -2 -3    0  86   0   0   0   2   0   0   7   0   0   5   0   0   0   1   0   0   0   0  0.91 0.09
  212 G    0 -3 -1 -2 -3 -2 -3  6 -3 -5 -4 -2 -3 -4 -3 -1 -2 -3 -4 -4    0   0   0   0   0   0   0 100   0   0   0   0   0   0   0   0   0   0   0   0  1.31 0.09
  213 R   -2  5  0 -2 -4  1  0 -2  0 -3 -2  4 -2 -3 -2 -1 -1 -3 -2 -3    0  47   2   0   0   1   0   0   1   0   2  47   0   0   0   0   0   0   0   0  0.65 0.07
  214 W   -4 -4 -5 -5 -3 -3 -4 -4 -3 -4 -3 -4 -2  0 -5 -4 -3 12  2 -4    0   0   0   0   0   0   0   0   0   0   0   0   0   0   0   0   0  98   2   0  2.97 0.16
  215 C   -2  6 -1 -3  5  0 -1 -3  0 -3 -2  1 -2 -3 -3 -1 -2 -3 -2 -3    0  72   1   0  23   0   0   0   1   0   2   0   0   0   0   0   0   0   0   0  0.76 0.08
  216 G    0 -3 -1 -2 -3 -2 -3  6 -3 -4 -4 -2 -3 -4 -3 -1 -2 -3 -4 -4    2   0   0   0   0   0   0  96   0   0   0   0   0   0   0   1   0   0   0   0  1.23 0.09
  217 E   -1 -1 -1  1 -4  2  6  1 -1 -4 -4  0 -3 -4 -2 -1 -1 -4 -3 -3    0   0   0   2   0   2  85  11   0   0   0   0   0   0   0   0   0   0   0   0  0.80 0.08
  218 D   -2 -1  4  5 -4  0  2 -2 -1 -4 -4 -1 -3 -4  0  0 -1 -4 -3 -3    0   0  28  44   0   1  18   0   0   0   0   0   0   0   3   4   2   0   0   0  0.63 0.05
  219 V   -1 -3 -4 -4 -1 -3 -3 -4 -4  2  0 -3  0 -1 -3 -2 -1 -4 -2  5    0   0   0   0   0   0   0   0   0   0   0   0   0   0   0   0   0   0   0 100  0.64 0.09
  220 A    5 -2 -2 -2 -1 -1 -1  0 -2 -2 -2 -1 -2 -3 -1  1 -1 -3 -2 -1  100   0   0   0   0   0   0   0   0   0   0   0   0   0   0   0   0   0   0   0  0.66 0.09
  221 V   -1 -3 -4 -4 -1 -3 -3 -4 -4  2  0 -3  0 -1 -3 -2 -1 -4 -2  5    0   0   0   0   0   0   0   0   0   0   0   0   0   0   0   0   0   0   0 100  0.64 0.09
  222 K   -1  2 -1 -1 -4  1  0 -2 -1 -3 -3  6 -2 -4 -2 -1 -1 -4 -3 -3    0   0   0   0   0   0   0   0   0   0   0 100   0   0   0   0   0   0   0   0  0.84 0.10
  223 I   -2 -4 -4 -4 -2 -4 -4 -5 -4  6  1 -3  1 -1 -4 -3 -1 -3 -2  2    0   0   0   0   0   0   0   0   0  98   0   0   0   0   0   0   0   0   0   2  0.70 0.09
  224 F   -3 -4 -4 -4 -3 -4 -4 -4 -2 -1  0 -4 -1  8 -5 -3 -3  0  3 -1    0   0   0   0   0   0   0   0   0   1   0   0   0  99   0   0   0   0   0   0  1.17 0.11
  225 S    1 -1  0 -1 -1 -1 -1 -1 -2 -3 -3 -1 -2 -3 -1  5  1 -4 -2 -2    0   0   0   0   1   0   0   0   0   0   0   0   0   0   2  97   0   0   0   0  0.69 0.10
  226 S    1 -1  0 -1 -2 -1 -1 -1 -2 -3 -3 -1 -2 -3 -1  5  1 -4 -2 -2    0   0   0   0   0   0   0   0   0   0   0   0   0   0   0  97   3   0   0   0  0.70 0.10
  227 R   -2  7 -1 -2 -4  0 -1 -3 -1 -4 -3  2 -2 -4 -3 -1 -2 -4 -2 -3    0  99   0   0   0   0   0   0   0   0   0   0   0   0   0   1   0   0   0   0  1.09 0.10
  228 D   -2 -1  0  5 -4  1  5 -2 -1 -4 -4  0 -3 -4 -2 -1 -1 -4 -3 -3    0   0   0  41   0   0  59   0   0   0   0   0   0   0   0   0   0   0   0   0  0.85 0.08
  229 E   -2 -1 -1  1 -5  1  6 -3 -1 -4 -4  0 -3 -4 -2 -1 -2 -4 -3 -3    0   0   0   0   0   0 100   0   0   0   0   0   0   0   0   0   0   0   0   0  1.04 0.10
  230 R   -2  6 -1 -2  3  1 -1 -3 -1 -3 -3  2 -2 -3 -3 -1 -2 -3 -2 -3    0  83   0   0  10   1   0   0   0   0   0   4   0   0   0   1   0   0   0   0  0.85 0.09
  231 S    1 -1  0 -1 -2 -1 -1 -1 -2 -3 -3 -1 -2 -3 -1  5  1 -4 -2 -2    0   0   0   0   0   0   0   0   0   0   0   0   0   0   0 100   0   0   0   0  0.73 0.10
  232 W   -4 -4 -5 -5 -3 -3 -4 -3 -3 -4 -3 -4 -2  0 -5 -4 -4 12  1 -4    0   0   0   0   0   0   0   0   0   0   0   0   0   0   0   0   0 100   0   0  3.03 0.16
  233 F   -3 -4 -4 -4 -3 -4 -4 -4 -2  0  0 -4 -1  7 -4 -3 -3  0  3 -1    0   0   0   0   0   0   0   0   0   2   0   0   0  96   0   0   0   0   2   0  1.13 0.10
  234 R   -2  7 -1 -2 -4  0 -1 -3 -1 -4 -3  2 -2 -4 -3 -1 -2 -4 -2 -3    0 100   0   0   0   0   0   0   0   0   0   0   0   0   0   0   0   0   0   0  1.12 0.11
  235 E   -2 -1 -1  1 -5  1  6 -3 -1 -4 -4  0 -3 -4 -2 -1 -2 -4 -3 -3    0   0   0   0   0   0 100   0   0   0   0   0   0   0   0   0   0   0   0   0  1.04 0.10
  236 A    5 -2 -2 -2 -1 -1 -1  0 -2 -1 -2 -1 -1 -3 -1  1 -1 -3 -2  0   93   0   0   0   0   0   0   0   0   0   0   0   0   0   0   0   0   0   0   7  0.57 0.08
  237 E   -2 -1 -1  1 -4  2  6 -3 -1 -4 -4  0 -3 -4 -2 -1 -2 -4 -3 -3    0   0   0   0   0   2  98   0   0   0   0   0   0   0   0   0   0   0   0   0  1.02 0.10
  238 I   -2 -4 -4 -4 -2 -4 -4 -5 -4  6  1 -3  1 -1 -4 -3 -1 -3 -2  2    0   0   0   0   0   0   0   0   0  99   0   0   1   0   0   0   0   0   0   0  0.70 0.09
  239 Y   -3 -3 -3 -4 -3 -2 -3 -4  1 -2 -2 -3 -2  3 -4 -3 -2  2  8 -2    0   0   0   0   0   0   0   0   0   0   0   0   0   1   0   0   0   0  99   0  1.38 0.12
  240 Q   -2  0 -1 -1 -4  7  1 -3  0 -4 -3  1 -1 -4 -2 -1 -1 -3 -2 -3    0   0   0   0   0 100   0   0   0   0   0   0   0   0   0   0   0   0   0   0  1.08 0.12
  241 T   -1 -2 -1 -2 -2 -1 -2 -2 -2 -1 -2 -1 -1 -3 -2  1  6 -3 -2 -1    0   0   0   0   0   0   0   0   0   0   0   0   0   0   0   0 100   0   0   0  0.81 0.11
  242 V   -1 -3 -3 -4 -1 -3 -3 -4 -4  3  1 -3  0 -1 -3 -2  0 -3 -2  5    0   0   0   0   0   0   0   0   0  22   0   0   0   0   0   0   2   0   0  75  0.51 0.07
  243 M   -2 -2 -3 -4 -2 -1 -3 -4 -2  0  1 -2  8 -1 -3 -2 -1 -2 -2  0    0   0   0   0   0   0   0   0   0   0   1   0  99   0   0   0   0   0   0   0  0.98 0.13
  244 L   -2 -3 -4 -4 -2 -3 -4 -4 -3  1  5 -3  2  0 -4 -3 -2 -2 -2  0    0   0   0   0   0   0   0   0   0   0 100   0   0   0   0   0   0   0   0   0  0.68 0.08
  245 R   -2  7 -1 -2 -4  0 -1 -3 -1 -4 -3  2 -2 -3 -3 -1 -2 -3 -2 -3    0  96   0   0   0   0   0   0   0   0   0   0   0   0   0   0   0   0   0   0  1.02 0.09
  246 H   -2 -1  0 -2 -4  0 -1 -3  9 -4 -3 -1 -2 -2 -3 -2 -2 -3  1 -4    0   0   1   0   0   0   0   0  94   0   0   0   0   0   0   0   0   0   0   0  1.36 0.12
  247 E   -1 -1  0  3 -4  1  6 -2 -1 -4 -3  0 -3 -4 -2 -1 -1 -3 -3 -3    0   0   0  16   0   0  80   0   0   0   0   0   0   0   0   0   0   0   0   0  0.82 0.08
  248 N   -2 -1  7  1 -3 -1 -1 -1  0 -4 -4 -1 -3 -4 -2  0 -1 -4 -3 -3    0   0  94   0   0   0   0   0   1   0   0   0   0   0   0   2   0   0   0   0  0.99 0.10
  249 I   -2 -3 -4 -4 -2 -3 -4 -4 -4  5  1 -3  1 -1 -3 -3 -1 -3 -2  2    0   0   0   0   0   0   0   0   0  89   2   0   0   0   0   0   0   0   0   5  0.58 0.08
  250 L   -2 -3 -4 -4 -2 -3 -3 -4 -3  1  5 -3  2  0 -3 -3 -2 -2 -1  0    0   0   0   0   0   0   0   0   0   0  96   0   0   0   0   0   0   0   0   0  0.61 0.07
  251 G    0 -3 -1 -2 -3 -2 -3  6 -3 -4 -4 -2 -3 -4 -3 -1 -2 -3 -3 -4    0   0   0   0   0   0   0  96   0   0   0   0   0   0   0   0   0   0   0   0  1.20 0.08
  252 F   -3 -3 -4 -4 -3 -4 -4 -4 -2 -1  0 -4 -1  7 -4 -3 -3  0  3 -1    0   0   0   0   0   0   0   0   0   0   0   0   0  96   0   0   0   0   0   0  1.08 0.10
  253 I   -2 -3 -4 -4 -2 -3 -4 -4 -4  6  1 -3  1 -1 -3 -3 -1 -3 -2  2    0   0   0   0   0   0   0   0   0  92   0   0   0   0   0   0   0   0   0   4  0.60 0.08
  254 A    5 -2 -2 -2 -1 -1 -1  0 -2 -2 -2 -1 -1 -3 -1  1  0 -3 -2 -1   96   0   0   0   0   0   0   0   0   0   0   0   0   0   0   0   0   0   0   0  0.60 0.08
  255 A    5 -2 -2 -2 -1 -1 -1  0 -2 -2 -2 -1 -1 -3 -1  1  0 -3 -2 -1   96   0   0   0   0   0   0   0   0   0   0   0   0   0   0   0   0   0   0   0  0.60 0.08
  256 D   -2 -2  1  7 -4 -1  1 -2 -2 -4 -4 -1 -4 -4 -2 -1 -2 -5 -4 -4    0   0   0  96   0   0   0   0   0   0   0   0   0   0   0   0   0   0   0   0  1.17 0.09
  257 N   -2 -1  7  1 -3 -1 -1 -1  0 -4 -4 -1 -3 -4 -3  0 -1 -4 -3 -3    0   0  96   0   0   0   0   0   0   0   0   0   0   0   0   0   0   0   0   0  1.03 0.10
  258 K   -1  2 -1 -1 -4  1  0 -2 -1 -3 -3  6 -2 -4 -2 -1 -1 -3 -2 -3    0   0   0   0   0   0   0   0   0   0   0  96   0   0   0   0   0   0   0   0  0.76 0.09
  259 D   -2 -2  1  7 -4 -1  1 -2 -2 -3 -4 -1 -3 -4 -2 -1 -1 -4 -3 -3    1   0   0  92   0   0   1   1   0   0   1   1   0   0   0   1   1   0   0   1  1.07 0.08
  260 N   -2 -1  7  1 -3  0 -1 -1  0 -3 -4 -1 -3 -3 -2  0 -1 -4 -2 -3    1   0  91   0   0   0   1   1   0   0   1   1   0   0   0   1   1   0   0   1  0.93 0.09
  261 G    0 -3 -1 -2 -3 -2 -3  6 -3 -4 -4 -2 -3 -4 -3 -1 -2 -3 -3 -4    0   0   0   0   0   0   0  96   0   0   0   0   0   0   0   0   0   0   0   0  1.20 0.08
  262 T    0 -2 -1 -2 -1 -1 -1 -2 -2  0 -1 -1 -1 -2 -2  1  5 -3 -2  0    2   0   0   0   0   0   0   0   0   5   1   0   0   0   0   6  82   0   0   1  0.56 0.08
  263 W   -3 -3 -4 -5 -3 -3 -4 -3 -3 -1 -2 -4 -2  0 -4 -3 -3 12  1 -3    0   0   0   0   0   0   0   0   0   5   0   0   0   0   0   0   0  91   0   0  2.61 0.14
  264 T    0 -2 -1 -2 -1 -1 -1 -2 -2 -1 -2 -1 -1 -3 -2  1  6 -3 -2 -1    0   0   0   0   0   0   0   0   0   0   0   0   0   0   0   5  91   0   0   0  0.69 0.09
  265 Q   -1  1 -1 -1 -4  7  1 -2  0 -3 -3  1 -1 -4 -2 -1 -1 -3 -2 -3    0   0   0   0   0  90   1   0   0   0   0   5   0   0   0   0   0   0   0   0  0.91 0.10
  266 L   -2 -2 -3 -3 -2 -2 -1 -4 -3  1  5 -3  2  0 -3 -3 -2 -2 -2  0    0   0   0   0   0   0   5   0   0   0  92   0   0   0   0   0   0   0   0   0  0.53 0.07
  267 W   -3 -3 -4 -5 -3 -3 -4 -3 -3 -3 -1 -4 -2  0 -4 -3 -3 12  1 -3    0   0   0   0   0   0   0   0   0   0   5   0   0   0   0   0   0  91   0   0  2.62 0.14
  268 L   -2 -3 -4 -4 -2 -2 -3 -4 -3  1  5 -3  2  0 -3 -3 -2 -2 -1  0    0   0   0   0   0   0   0   0   0   0  92   0   4   0   0   0   0   0   0   0  0.58 0.07
  269 V   -1 -2 -3 -3 -1 -2 -3 -3 -3  3  1 -1  0 -1 -3 -2 -1 -3 -2  4    0   0   0   0   0   0   0   0   0  26   0   5   0   0   0   0   0   0   0  65  0.40 0.06
  270 S    0 -1  0 -1 -1  0 -1 -1 -1 -2 -2 -1 -1 -3 -1  4  4 -3 -2 -1    0   0   0   0   0   5   0   0   0   0   0   0   0   0   0  52  39   0   0   0  0.46 0.06
  271 E   -2 -1  0  6 -4  0  4 -2  1 -4 -4 -1 -3 -4 -2 -1 -2 -4 -3 -4    0   0   0  64   0   0  32   0   4   0   0   0   0   0   0   0   0   0   0   0  0.86 0.07
  272 Y   -3 -3 -3 -4 -3 -2 -3 -4  1 -1 -2 -3 -2  3 -4 -3 -2  2  8 -2    0   0   0   0   0   0   0   0   0   4   0   0   0   1   0   0   0   0  95   0  1.26 0.12
  273 H   -2 -1  0 -2 -4  0 -1 -3  9 -4 -2 -2 -2 -2 -3 -2 -2 -3  2 -4    0   0   0   0   0   0   0   0  93   0   4   0   0   0   0   0   0   0   3   0  1.34 0.12
  274 E   -1 -1 -1  1 -4  1  6 -2 -1 -4 -4  0 -3 -4 -1 -1 -1 -4 -3 -3    2   0   0   0   0   0  95   1   0   0   0   0   0   0   2   0   0   0   0   0  0.94 0.10
  275 Q   -2  0  3 -1 -3  3  0 -2  6 -3 -3  1 -2 -2 -2 -1 -1 -3  1 -3    0   2  24   0   0  22   0   0  37   0   1  11   0   0   0   0   0   0   3   0  0.54 0.06
  276 G    0 -3 -1 -2 -3 -2 -3  6 -3 -4 -4 -2 -3 -4 -3 -1 -2 -3 -4 -2    0   0   0   0   0   0   0  94   0   0   0   0   0   0   0   0   0   0   0   4  1.14 0.08
  277 S    1 -1  1 -1 -2 -1 -1 -1 -1 -3 -3 -1 -2 -3 -1  5  1 -3 -2 -2    0   0   4   0   0   0   0   0   0   0   0   0   0   0   0  94   0   0   0   0  0.66 0.09
  278 L   -2 -3 -4 -4 -2 -2 -2 -4 -3  1  5 -3  2  0 -3 -3 -2 -2 -2  0    0   0   0   0   0   0   4   0   0   0  94   0   0   0   0   0   0   0   0   0  0.57 0.07
  279 Y   -3 -3 -4 -4 -2 -4 -4 -4 -1 -1  0 -4 -1  7 -4 -3 -3  1  4 -1    0   0   0   0   1   0   0   0   0   0   0   0   0  85   0   0   0   0  12   0  1.02 0.09
  280 D   -2 -2  1  7 -4 -1  1 -2 -2 -3 -4 -1 -3 -4 -2 -1 -2 -5 -4 -2    0   0   0  93   0   0   1   0   0   0   0   0   0   0   0   0   0   0   0   4  1.09 0.09
  281 Y   -2 -2 -3 -4 -3 -2 -3 -4  1 -2 -2 -1 -2  3 -4 -2 -2  1  8 -2    0   0   0   0   0   0   0   0   1   0   0   4   0   7   0   1   0   0  85   0  1.08 0.10
  282 L   -2 -3 -4 -4 -2 -3 -3 -4 -3  2  5 -3  2  0 -3 -3 -2 -2 -2  1    0   0   0   0   0   0   0   0   0   4  94   0   0   0   0   0   0   0   0   0  0.62 0.07
  283 N   -2 -1  6  0 -3  0 -1 -1  0 -3 -2 -1 -2 -3 -2  1  1 -4 -2 -3    1   0  76   0   0   2   0   2   1   0   4   0   0   0   0   4   8   0   1   0  0.67 0.08
  284 R   -1  6 -1 -2 -2  1 -1 -2  1 -3 -2  2 -2 -3 -2  0  0 -3 -2 -3    2  72   0   0   1   1   0   0   3   0   2   4   0   0   0   9   4   0   0   0  0.63 0.07
  285 N   -1  0  2 -1 -2  0 -1  0  2 -2 -2  0 -2  1 -2  0  0  0  5 -1    0   3  13   0   1   3   0  10   7   1   0   5   0   1   0  10   8   0  35   3  0.25 0.04
  286 I    0 -2 -1 -2 -1 -1 -1 -2 -2  0 -1 -1 -1 -2 -1  2  5 -3 -2  0    3   0   0   0   0   0   0   0   0   4   4   0   0   0   2  13  69   0   0   4  0.44 0.07
  287 V   -1 -3 -3 -4 -1 -3 -3 -4 -4  3  1 -3  0 -1 -3 -2 -1 -3 -2  5    0   0   0   0   0   0   0   0   0  11   6   0   0   0   0   0   0   0   0  82  0.50 0.07
  288 T   -1 -2  0  4 -2 -1  0 -2 -2 -2 -2 -1 -2 -3 -1  1  4 -3 -3 -1    0   0   1  33   0   0   0   0   0   0   0   0   0   0   1  11  53   0   0   0  0.48 0.06
  289 V    0 -2 -2 -2  1 -2 -2 -3 -3  2  0 -2  0 -1  0  0  2 -3 -2  3    4   0   0   0   4   1   1   0   0  13   2   0   0   0   3   5  22   0   0  44  0.21 0.04
  290 A    0 -1  2  2 -3  1  4 -1  0 -3 -3  0  0 -3 -1  0  0 -3 -2 -2   10   0  16   7   0   1  44   1   1   0   0   3   4   0   1   5   6   0   0   0  0.35 0.04
  291 G    0 -2 -1 -2 -2 -1 -2  5 -2 -3 -3 -2 -2 -1 -2  0  1 -3 -2 -3    3   0   0   0   0   2   1  70   0   0   0   0   0   4   0   6  13   0   0   0  0.69 0.06
  292 M   -2 -2 -3 -4 -2 -1 -3 -4 -2  1  2 -2  8 -1 -3 -2 -1 -2 -2  1    0   0   0   0   0   0   0   0   0   4   3   0  88   0   0   0   0   0   0   2  0.78 0.11
  293 V   -1 -3 -4 -4  0 -3 -3 -4 -3  4  2 -3  1  0 -3 -2 -1  3  0  3    2   0   0   0   2   0   0   0   0  60  11   0   1   0   0   0   0   4   3  15  0.38 0.05
  294 K   -1  4  0 -1 -3  1  0 -2 -1 -2 -2  4 -1 -3 -2 -1 -1 -3 -2 -1    0  28   4   0   0   0   1   0   0   1   2  56   0   0   0   1   1   0   0   6  0.48 0.06
  295 L   -2 -2 -3 -4 -2  0 -3 -4 -3  1  4 -2  5  0 -3 -3 -1 -2 -1  0    0   0   0   0   0   4   0   0   0   1  63   0  32   1   0   0   0   0   0   0  0.49 0.07
  296 A    5 -2 -2 -2 -1 -1 -1  0 -2 -2 -2 -1 -2 -3 -1  2  0 -3 -2 -1   84   0   0   0   0   0   0   0   0   0   0   0   0   0   0  14   2   0   0   0  0.54 0.07
  297 L   -2 -3 -4 -4 -2 -3 -3 -4 -1  1  4 -3  2  2 -3 -3 -2 -1  1  0    0   0   0   0   0   0   0   0   2   0  82   0   2   7   0   0   0   0   5   2  0.49 0.06
  298 S    1 -1  0 -1 -1 -1 -1 -1 -2 -3 -3 -1 -2 -3 -1  5  1 -4 -2 -2    4   0   0   0   0   0   0   0   0   0   0   0   0   0   0  94   1   0   0   0  0.67 0.09
  299 I    1 -3 -2 -3 -1 -2 -2 -2 -3  3  0 -2  0  0 -2 -1  2 -3 -1  2   19   0   0   0   0   0   0   0   0  43   0   0   1   4   0   0  18   0   0  15  0.22 0.04
  300 A    5 -2 -2 -2 -1 -1 -1  0 -2 -2 -2 -1 -1 -3 -1  1  0 -3 -2 -1   89   0   0   0   0   0   0   0   0   1   0   0   0   0   0   8   1   0   0   1  0.56 0.08
  301 S    0 -1  2 -1  1 -1  0 -1 -1 -2 -3 -1 -2 -3 -1  4  3 -3 -2 -2    0   0   8   0   3   0   4   1   0   0   0   0   0   0   0  61  22   0   0   0  0.43 0.06
  302 G    0 -3 -1 -2 -3 -2 -3  6 -3 -4 -4 -2 -3 -4 -3 -1 -2 -3 -4 -4    4   0   0   0   0   0   0  96   0   0   0   0   0   0   0   0   0   0   0   0  1.22 0.08
  303 L   -2 -3 -4 -4 -2 -3 -4 -4 -3  1  5 -3  2  0 -4 -3 -2 -2 -2  0    0   0   0   0   0   0   0   0   0   0  98   0   2   0   0   0   0   0   0   0  0.67 0.08
  304 A    5 -2  0 -2 -1 -1 -1  0 -2 -2 -2 -1 -2 -3 -1  1  0 -3 -2 -1   93   0   4   0   0   0   0   0   0   0   0   0   0   0   0   2   0   0   0   0  0.58 0.08
  305 H   -2 -1  0 -2 -4  1 -1 -3  9 -4 -4 -1 -2 -2 -3 -2 -2 -3  1 -4    0   0   0   0   0   4   0   0  96   0   0   0   0   0   0   0   0   0   0   0  1.42 0.13
  306 L   -2 -3 -4 -4 -2 -3 -4 -4 -3  1  5 -3  2  0 -4 -3 -2 -2 -2  0    0   0   0   0   0   0   0   0   0   0 100   0   0   0   0   0   0   0   0   0  0.68 0.08
  307 H   -3 -1  0 -2 -4  0 -1 -3  9 -4 -4 -2 -2 -2 -3 -2 -3 -3  1 -4    0   0   0   0   0   0   0   0 100   0   0   0   0   0   0   0   0   0   0   0  1.53 0.13
  308 M   -2 -2 -3 -4 -2 -1 -3 -4 -2  1  1 -2  8 -1 -3 -2 -1 -2 -2  0    0   0   0   0   0   0   0   0   0   6   0   0  94   0   0   0   0   0   0   0  0.89 0.13
  309 E   -1 -1  0  3 -4  1  6 -3 -1 -4 -4  0 -3 -4 -2  0 -1 -4 -3 -3    0   0   0  13   0   0  83   0   0   0   0   0   0   0   0   4   0   0   0   0  0.85 0.08
  310 I   -2 -4 -4 -4 -2 -4 -4 -5 -4  6  1 -3  1 -1 -4 -3 -1 -3 -2  2    0   0   0   0   0   0   0   0   0 100   0   0   0   0   0   0   0   0   0   0  0.71 0.09
  311 V   -1 -3 -4 -4 -1 -2 -3 -4 -4  3  2 -3  1  0 -3 -2 -1 -3 -1  4    0   0   0   0   0   1   0   0   0  11  17   0   2   2   0   0   0   0   0  67  0.42 0.06
  312 G    0 -3 -1 -2  1 -2 -3  6 -3 -4 -4 -2 -3 -4 -3 -1 -2 -3 -4 -4    0   0   0   0   4   0   0  96   0   0   0   0   0   0   0   0   0   0   0   0  1.21 0.09
  313 T    0 -2  0 -2 -2 -1 -2 -2 -2 -1 -2 -1 -1  0 -2  1  6 -3 -2 -1    2   0   1   0   0   0   0   0   0   0   0   0   0   4   0   2  91   0   0   0  0.66 0.09
  314 Q   -1  2 -1 -1 -4  6  2 -3  0 -4 -3  2 -1 -4 -2 -1 -1 -3 -2 -3    0   7   0   0   0  81   5   0   0   0   0   7   0   0   0   0   0   0   0   0  0.84 0.10
  315 G    0 -3 -1 -2 -3 -2 -3  6 -3 -5 -4 -2 -3 -4 -3 -1 -2 -3 -4 -4    0   0   0   0   0   0   0 100   0   0   0   0   0   0   0   0   0   0   0   0  1.31 0.09
  316 K   -1  2 -1 -1 -4  1  0 -2 -1 -3 -3  6 -2 -4 -2 -1 -1 -4 -3 -3    0   0   0   0   0   0   0   0   0   0   0 100   0   0   0   0   0   0   0   0  0.84 0.10
  317 P   -2 -3 -3 -2 -4 -2 -2 -3 -3 -4 -4 -2 -3 -5  8 -2 -2 -5 -4 -3    0   0   0   0   0   0   0   0   0   0   0   0   0   0 100   0   0   0   0   0  2.31 0.12
  318 A    5 -2 -2 -2 -1 -1 -2  2 -2 -2 -2 -1 -2 -3 -1  1 -1 -3 -2 -1   89   0   0   0   0   0   0  11   0   0   0   0   0   0   0   0   0   0   0   0  0.57 0.08
  319 I   -2 -4 -4 -4 -2 -4 -4 -5 -4  6  1 -3  1 -1 -4 -3 -1 -3 -2  2    0   0   0   0   0   0   0   0   0 100   0   0   0   0   0   0   0   0   0   0  0.71 0.09
  320 A    5 -2 -2 -2 -1 -1 -1  0 -2 -2 -2 -1 -2 -3 -1  1  0 -3 -2 -1   94   0   0   0   0   0   0   0   0   0   0   0   0   0   0   6   0   0   0   0  0.61 0.08
  321 H   -3 -1  0 -2 -4  0 -1 -3  9 -4 -4 -2 -2 -2 -3 -2 -3 -3  1 -4    0   0   0   0   0   0   0   0 100   0   0   0   0   0   0   0   0   0   0   0  1.53 0.13
  322 R   -2  7 -1 -2 -4  0 -1 -3 -1 -4 -3  2 -2 -4 -3 -1 -2 -4 -2 -3    0 100   0   0   0   0   0   0   0   0   0   0   0   0   0   0   0   0   0   0  1.12 0.11
  323 D   -2 -2  1  7 -4 -1  1 -2 -2 -4 -5 -1 -4 -4 -2 -1 -2 -5 -4 -4    0   0   0 100   0   0   0   0   0   0   0   0   0   0   0   0   0   0   0   0  1.28 0.10
  324 I   -2 -3 -4 -4 -2 -3 -4 -4 -3  2  5 -3  2  0 -4 -3 -2 -2 -2  1    0   0   0   0   0   0   0   0   0   5  93   0   1   1   0   0   0   0   0   0  0.62 0.07
  325 K   -1  2 -1 -1 -4  1  0 -2 -1 -3 -3  6 -2 -4 -2 -1 -1 -4 -3 -3    0   0   0   0   0   0   0   0   0   0   0 100   0   0   0   0   0   0   0   0  0.84 0.10
  326 S    1 -1  0 -1 -1 -1 -1 -1 -2 -3 -3 -1 -2 -3 -1  5  1 -4 -2 -2    0   0   0   0   0   0   0   0   0   0   0   0   0   0   0  97   3   0   0   0  0.70 0.10
  327 K   -1  2 -1 -1 -4  1  0 -2 -1 -3 -3  6 -2 -4 -2 -1 -1 -4 -3 -3    0   0   0   0   0   0   0   0   0   0   0 100   0   0   0   0   0   0   0   0  0.84 0.10
  328 N   -2 -1  7  1 -4 -1 -1 -1  0 -4 -4 -1 -3 -4 -3  0 -1 -5 -3 -4    0   0 100   0   0   0   0   0   0   0   0   0   0   0   0   0   0   0   0   0  1.13 0.11
  329 I   -2 -4 -4 -4 -2 -3 -4 -5 -4  6  1 -3  1 -1 -3 -3 -1 -3 -2  3    0   0   0   0   0   0   0   0   0  94   0   0   0   0   0   0   0   0   0   6  0.66 0.09
  330 L   -2 -3 -4 -4 -2 -3 -4 -4 -3  1  5 -3  2  0 -4 -3 -2 -2 -2  0    0   0   0   0   0   0   0   0   0   0 100   0   0   0   0   0   0   0   0   0  0.68 0.08
  331 V   -1 -3 -4 -4 -1 -3 -3 -4 -4  2  0 -3  0 -1 -3 -2 -1 -4 -2  5    0   0   0   0   0   0   0   0   0   0   0   0   0   0   0   0   0   0   0 100  0.64 0.09
  332 K   -1  2  0 -1 -4  1  0 -2 -1 -3 -3  6 -2 -4 -2 -1 -1 -4 -2 -3    0   5   1   0   0   0   0   0   0   0   0  93   0   0   0   0   1   0   0   0  0.77 0.09
  333 K    0  3  1 -1 -2  1  0 -2 -1 -3 -3  4 -2 -3 -2  1  1 -3 -2 -2    2  20   6   0   0   0   0   0   0   0   0  44   0   0   0  13  14   0   0   0  0.37 0.05
  334 C   -2 -1  7  1  1 -1 -1 -1  0 -4 -4 -1 -3 -4 -3  0 -1 -5 -3 -4    0   0  93   2   5   0   0   0   0   0   0   0   0   0   0   1   0   0   0   0  0.99 0.10
  335 D    0 -2 -1 -1  0 -1  2  5 -2 -3 -1 -1 -2 -3 -2 -1 -2 -3 -3 -3    0   1   0   1   3   0  22  61   0   0  11   0   0   1   0   0   0   0   0   0  0.55 0.05
  336 T    0 -2  0 -2 -1 -1 -1 -2 -2 -1 -2 -1  1 -3 -2  2  5 -3 -2 -1    0   0   0   0   0   1   0   0   0   0   0   0   5   0   0  15  77   0   0   1  0.57 0.08
  337 C    0 -4 -3 -4 10 -4 -4 -3 -4 -2 -2 -4 -2 -3 -3 -1 -2 -3 -3 -2    7   0   0   0  91   0   0   1   0   0   0   0   0   0   0   1   0   0   0   0  1.63 0.12
  338 A    4 -2 -2 -3  6 -2 -2 -1 -3 -1 -1 -2 -1 -3 -2  0 -1 -3 -2  0   63   0   0   0  27   0   0   0   0   0   1   0   0   0   0   1   0   0   0   8  0.52 0.07
  339 I   -2 -4 -4 -4 -2 -4 -4 -5 -4  6  1 -3  1 -1 -4 -3 -1 -3 -2  2    0   0   0   0   0   0   0   0   0  99   0   0   0   0   0   0   0   0   0   1  0.71 0.09
  340 A    4 -2 -2 -2 -1 -1 -2  3 -2 -2 -2 -1 -2 -3 -2  1 -1 -3 -3 -1   77   0   0   0   0   0   0  23   0   0   0   0   0   0   0   0   0   0   0   0  0.55 0.07
  341 D   -2 -2  1  7 -4 -1  1 -2 -2 -4 -5 -1 -4 -4 -2 -1 -2 -5 -4 -4    0   0   0 100   0   0   0   0   0   0   0   0   0   0   0   0   0   0   0   0  1.28 0.10
  342 L   -2 -3 -4 -4 -2 -3 -4 -4 -3  1  5 -3  2  0 -4 -3 -2 -2 -2  0    0   0   0   0   0   0   0   0   0   0 100   0   0   0   0   0   0   0   0   0  0.68 0.08
  343 G    0 -3 -1 -2 -3 -2 -3  6 -3 -5 -4 -2 -3 -4 -3 -1 -2 -3 -4 -4    0   0   0   0   0   0   0 100   0   0   0   0   0   0   0   0   0   0   0   0  1.31 0.09
  344 L   -2 -3 -4 -4 -2 -3 -4 -4 -3  1  5 -3  2  0 -4 -3 -2 -2 -2  0    0   0   0   0   0   0   0   0   0   0 100   0   0   0   0   0   0   0   0   0  0.68 0.08
  345 A    5 -2 -2 -2 -1 -1 -1  0 -2 -2 -2 -1 -2 -3 -1  1 -1 -3 -2 -1   99   0   0   0   0   0   0   1   0   0   0   0   0   0   0   0   0   0   0   0  0.65 0.09
  346 V    0 -3 -4 -4 -1 -3 -3 -4 -4  2  0 -3  0 -1 -3 -2 -1 -4 -2  5    2   0   0   0   0   0   0   0   0   1   0   0   0   0   0   0   0   0   0  97  0.60 0.09
  347 K   -2  6 -1 -2 -4  1  0 -2 -1 -4 -3  4 -2 -4 -2 -1 -1 -3 -2 -3    0  67   0   0   0   0   0   1   0   0   0  32   0   0   0   0   0   0   0   0  0.79 0.08
  348 H   -2 -1  0 -2 -4  0 -1 -3  9 -4 -3 -2 -2  0 -3 -2 -3 -3  2 -4    0   0   0   0   0   0   0   0  92   0   0   0   0   4   0   0   0   0   3   0  1.33 0.12
  349 D   -2 -2  2  6 -4 -1  2 -2 -2 -3 -4 -1 -3 -4 -2 -1 -1 -5 -4 -2    0   0   7  83   0   0   5   0   0   0   0   0   0   0   0   0   0   0   0   5  0.95 0.08
  350 S    1 -1  0 -1 -1 -1  0 -1 -1 -1 -2 -1 -1 -3  0  4  1 -3 -2  1    3   0   0   0   0   0   5   0   1   1   1   0   0   0   3  70   1   0   0  15  0.36 0.06
  351 I    2 -1 -2 -2 -1 -1 -1 -2 -2  2  0  0  0 -2 -2  0  1 -3 -2  2   25   1   1   1   0   0   1   0   0  19   1   8   2   0   0   6   7   0   0  28  0.13 0.03
  352 M   -1 -2  1 -1 -2 -1 -1 -2 -2 -1  1 -1  0 -2 -2  1  4 -3 -2  0    1   0   6   2   0   0   0   0   0   0  22   3   2   0   0   4  61   0   0   0  0.33 0.06
  353 N   -2 -2  5  6 -4 -1  1 -1 -1 -4 -4 -1 -3 -4 -2  0 -1 -5 -3 -4    0   0  38  62   0   0   0   0   0   0   0   0   0   0   0   0   0   0   0   0  0.91 0.08
  354 T    0 -2  0 -1 -1 -1 -1 -2 -2 -1 -2 -1 -1 -3 -2  2  5 -3 -2 -1    3   0   0   0   0   0   0   0   0   1   0   2   1   0   0  18  75   0   0   0  0.56 0.08
  355 I   -1 -3 -4 -4 -2 -3 -3 -4 -4  5  1 -3  1 -1 -3 -3 -1 -3 -2  4    0   0   0   0   0   0   0   0   0  60   0   0   1   0   0   0   0   0   0  40  0.52 0.06
  356 D   -2 -2  1  7 -4 -1  1 -2 -2 -4 -5 -1 -4 -4 -2 -1 -2 -5 -4 -4    0   0   0 100   0   0   0   0   0   0   0   0   0   0   0   0   0   0   0   0  1.28 0.10
  357 I   -2 -4 -3 -4 -2 -3 -4 -4 -4  6  1 -3  1 -1 -3 -3 -1 -3 -2  2    0   0   1   0   0   0   0   0   0  94   1   0   0   0   0   0   0   0   0   5  0.64 0.09
  358 P    3 -2 -2 -2 -2  1 -1 -1 -2 -3 -3 -1 -2 -4  6  0 -1 -4 -3 -2   39   0   0   0   0  10   0   0   0   0   0   0   0   0  51   1   0   0   0   0  0.97 0.07
  359 Q   -1 -1 -1 -1 -3  3  0 -2  0 -2  0 -1 -1 -2  5  1 -1 -3 -2 -2    1   0   2   0   0  22   0   0   2   1  15   0   0   1  40  16   1   0   0   0  0.63 0.05
  360 N   -2 -1  7  1 -3 -1 -1 -1  0 -4 -4 -1 -3 -4 -3  0  1 -4 -3 -3    0   0  88   0   0   0   0   2   0   0   0   0   0   0   0   2   8   0   0   0  0.91 0.10
  361 P   -2 -1  3 -1 -3  2  0 -2  6 -4 -3 -1 -2 -3  4 -1 -1 -4 -1 -3    0   0  24   1   0  11   0   0  35   0   1   0   0   0  27   1   0   0   0   0  0.71 0.07
  362 K   -2  7 -1 -2 -4  1 -1 -3 -1 -4 -3  2 -2 -4 -3 -1 -2 -3 -2 -3    0  95   0   0   0   0   0   0   0   0   0   5   0   0   0   0   0   0   0   0  1.05 0.10
  363 V   -1 -3 -4 -4 -1 -3 -3 -4 -4  2  0 -3  0 -1 -3 -2 -1 -4 -2  5    0   0   0   0   0   0   0   0   0   0   0   0   0   0   0   0   0   0   0 100  0.64 0.09
  364 G    0 -3 -1 -2 -3 -2 -3  6 -3 -5 -4 -2 -3 -4 -3 -1 -2 -3 -4 -4    0   0   0   0   0   0   0 100   0   0   0   0   0   0   0   0   0   0   0   0  1.31 0.09
  365 T   -1 -2 -1 -2 -2 -1 -2 -2 -2 -1 -2 -1 -1 -3 -2  1  6 -3 -2 -1    0   0   0   0   0   0   0   0   0   0   0   0   0   0   0   0 100   0   0   0  0.81 0.11
  366 K   -1  3 -1 -1 -4  1  0 -2 -1 -3 -3  6 -2 -4 -2 -1 -1 -4 -2 -2    0  10   0   0   0   0   0   0   0   0   0  88   0   0   0   0   0   0   0   2  0.72 0.09
  367 R   -2  7 -1 -2 -4  0 -1 -3 -1 -4 -3  2 -2 -4 -3 -1 -2 -4 -2 -3    0 100   0   0   0   0   0   0   0   0   0   0   0   0   0   0   0   0   0   0  1.12 0.11
  368 Y   -3 -3 -3 -4 -3 -2 -3 -4  1 -2 -2 -3 -2  3 -4 -3 -2  2  8 -2    0   0   0   0   0   0   0   0   0   0   0   0   0   0   0   0   0   0 100   0  1.39 0.13
  369 M   -2 -2 -3 -4 -2 -1 -3 -4 -2  1  2 -2  8 -1 -3 -2 -1 -2 -2  0    0   0   0   0   0   0   0   0   0   0   6   0  94   0   0   0   0   0   0   0  0.90 0.13
  370 A    5 -2 -2 -2 -1 -1 -1  0 -2 -2 -2 -1 -2 -3  0  1 -1 -3 -2 -1   98   0   0   0   0   0   0   0   0   0   0   0   0   0   2   0   0   0   0   0  0.64 0.09
  371 P   -2 -3 -3 -2 -4 -2 -2 -3 -3 -4 -4 -2 -3 -5  8 -2 -2 -5 -4 -3    0   0   0   0   0   0   0   0   0   0   0   0   0   0 100   0   0   0   0   0  2.31 0.12
  372 E   -2 -1 -1  1 -5  1  6 -3 -1 -4 -4  0 -3 -4 -2 -1 -2 -4 -3 -3    0   0   0   0   0   0 100   0   0   0   0   0   0   0   0   0   0   0   0   0  1.04 0.10
  373 M   -1 -3 -4 -4  0 -3 -3 -4 -4  4  1 -3  1 -1 -3 -2 -1 -3 -2  4    0   0   0   0   2   0   0   0   0  28   2   0   4   0   0   0   0   0   0  65  0.47 0.06
  374 L   -2 -3 -4 -4 -2 -3 -4 -4 -3  1  5 -3  2  0 -4 -3 -2 -2 -2  0    0   0   0   0   0   0   0   0   0   0 100   0   0   0   0   0   0   0   0   0  0.68 0.08
  375 D   -2 -2  1  6 -4  0  3 -2 -2 -4 -4 -1 -4 -4 -2  0 -2 -5 -4 -4    0   0   0  83   0   0  15   0   0   0   0   0   0   0   0   2   0   0   0   0  1.04 0.09
  376 D   -2 -1  1  5 -4  1  4 -2 -1 -4 -4  0 -3 -4 -2 -1 -1 -4 -3 -3    0   0   2  49   0   0  47   2   0   0   0   0   0   0   0   0   0   0   0   0  0.81 0.07
  377 T    1 -2  0 -1 -1 -1 -1 -1 -2 -1 -2 -1 -1 -3 -1  3  4 -3 -2  0    8   0   2   0   0   0   0   0   0   0   0   0   1   0   0  31  53   0   0   5  0.42 0.06
  378 M   -2 -3 -3 -4 -2 -2 -3 -4 -3  4  1 -3  5  0 -3 -3 -1 -3 -2  2    0   0   0   0   0   0   0   0   0  60   1   0  37   0   0   0   0   0   0   3  0.52 0.08
  379 N   -2 -1  7  1 -3 -1  0 -1  0 -4 -4 -1 -3 -4 -3  0 -1 -5 -3 -4    0   0  93   3   0   0   1   0   0   0   0   0   0   0   0   2   0   0   0   0  1.02 0.10
  380 V    0 -2 -2 -3 -2 -1 -2 -3 -2  2  1 -2  6 -1 -2 -1  1 -2 -2  1    4   0   0   1   0   2   0   0   0  10   3   0  55   0   1   1  13   0   0   8  0.34 0.07
  381 N   -1  2  5  0 -3  1  0 -1  0 -3 -3  3 -2 -3 -2  1  0 -4 -2 -3    1   8  47   0   0   6   2   0   1   0   0  27   0   0   0   6   1   0   1   0  0.47 0.05
  382 I   -2 -1  2 -1 -3  1 -1 -3  7  1 -2 -1 -1 -2 -3  0 -1 -3  0 -1    0   0  10   0   0   6   0   0  59  18   0   0   0   0   0   5   1   0   0   1  0.60 0.08
  383 F   -3 -4 -4 -4 -3 -4 -4 -4 -2 -1  0 -4 -1  8 -5 -3 -3  0  3 -2    0   0   0   0   0   0   0   0   0   0   0   0   0 100   0   0   0   0   0   0  1.20 0.11
  384 E   -2 -1  0  5 -4  1  5 -2 -1 -4 -4  0 -3 -4 -2 -1 -1 -4 -3 -3    0   0   0  43   0   0  57   0   0   0   0   0   0   0   0   0   0   0   0   0  0.85 0.08
  385 S    1 -1  0 -1 -1 -1 -1 -1 -2 -3 -3 -1 -2 -3  0  5  1 -4 -2 -2    1   0   0   0   1   0   0   0   0   0   1   0   0   0   3  94   0   0   0   0  0.65 0.09
  386 F   -3 -3 -4 -4  0 -4 -4 -4 -1 -1  0 -4 -1  7 -4 -3 -3  1  4 -1    0   0   0   0   3   0   0   0   0   0   0   0   0  86   0   0   0   0  11   0  1.01 0.09
  387 K   -1  2 -1 -1 -4  1  0 -2 -1 -3 -3  6 -2 -4 -2 -1 -1 -4 -3 -3    0   0   0   0   0   0   0   0   0   0   0 100   0   0   0   0   0   0   0   0  0.84 0.10
  388 R   -2  6 -1 -2  4  0 -1 -3 -1 -3 -3  1 -2 -4 -3 -1 -2 -3 -2 -3    0  87   0   0  12   1   0   0   0   0   0   0   0   0   0   0   0   0   0   0  0.91 0.09
  389 A    5 -2 -2 -2 -1 -1 -1  0 -2 -2 -2 -1 -1 -3 -1  1  0 -3 -2  0   91   0   0   0   0   0   0   4   0   0   0   0   0   0   0   3   1   0   0   2  0.56 0.08
  390 D   -2 -2  1  7 -4 -1  1 -2 -2 -4 -5 -1 -4 -4 -2 -1 -2 -5 -4 -4    0   0   0 100   0   0   0   0   0   0   0   0   0   0   0   0   0   0   0   0  1.28 0.10
  391 I   -1 -3 -4 -4 -2 -3 -4 -4 -4  5  1 -3  1 -1 -3 -3 -1 -3 -2  4    0   0   0   0   0   0   0   0   0  62   0   0   2   0   0   0   0   0   0  36  0.52 0.06
  392 Y   -3 -3 -3 -4 -3 -2 -3 -4  1 -2 -2 -3 -2  3 -4 -3 -2  2  8 -2    0   0   0   0   0   0   0   0   0   0   0   0   0   0   0   0   0   0 100   0  1.39 0.13
  393 S    4 -2 -1 -2 -1 -1 -1  0 -2 -2 -2 -1 -2 -3 -1  3  0 -3 -2 -1   62   0   0   0   0   0   0   0   0   0   0   0   0   0   0  38   0   0   0   0  0.48 0.07
  394 V   -2 -3 -4 -4 -2 -2 -3 -4 -2  1  4 -3  3  3 -3 -3 -2 -1  1  1    0   0   0   0   0   0   0   0   0   0  57   0  16  21   0   0   0   0   2   3  0.43 0.05
  395 G    0 -3 -1 -2 -3 -2 -3  6 -3 -5 -4 -2 -3 -4 -3 -1 -2 -3 -4 -4    0   0   0   0   0   0   0 100   0   0   0   0   0   0   0   0   0   0   0   0  1.30 0.09
  396 L   -2 -3 -4 -4 -2 -3 -4 -4 -3  1  5 -3  2  0 -4 -3 -2 -2 -2  0    0   0   0   0   0   0   0   0   0   0 100   0   0   0   0   0   0   0   0   0  0.68 0.08
  397 V   -1 -3 -4 -4 -1 -3 -3 -4 -4  3  1 -3  0 -1 -3 -2 -1 -3 -2  5    0   0   0   0   0   0   0   0   0  19   0   0   0   0   0   0   0   0   0  81  0.55 0.07
  398 Y   -2 -3 -3 -4 -2 -3 -3 -4  0  0  2 -3  0  5 -4 -3 -2  1  5 -1    0   0   0   0   0   0   0   0   0   0  33   0   1  29   0   0   0   0  36   1  0.58 0.06
  399 W   -4 -4 -5 -5 -3 -3 -4 -4 -3 -4 -3 -4 -2  0 -5 -4 -4 12  1 -4    0   0   0   0   0   0   0   0   0   0   0   0   0   1   0   0   0  99   0   0  3.02 0.16
  400 E   -2 -1 -1  1 -5  1  6 -3 -1 -4 -4  0 -3 -4 -2 -1 -2 -4 -3 -3    0   0   0   0   0   0 100   0   0   0   0   0   0   0   0   0   0   0   0   0  1.04 0.10
  401 I   -2 -4 -4 -4 -2 -3 -4 -4 -4  5  2 -3  1 -1 -3 -3 -1 -3 -2  2    0   0   0   0   0   0   0   0   0  84   9   0   2   0   0   0   1   0   0   4  0.57 0.07
  402 A    5 -2 -2 -2 -1 -1 -1  0 -2 -2 -2 -1 -1 -3 -1  2  1 -3 -2 -1   84   0   0   0   0   0   0   1   0   0   0   0   0   0   0  10   5   0   0   0  0.52 0.07
  403 R   -2  7 -1 -2 -4  0 -1 -3  0 -4 -3  2 -2 -3 -3 -1 -2  0 -2 -3    0  93   0   0   0   0   0   0   1   0   0   0   0   0   0   4   0   1   0   0  0.98 0.10
  404 R   -2  7 -1 -2 -4  0 -1 -3 -1 -4 -3  2 -2 -4 -3 -1 -2 -4 -2 -3    0 100   0   0   0   0   0   0   0   0   0   0   0   0   0   0   0   0   0   0  1.12 0.11
  405 C   -1 -4 -4 -4 10 -4 -5 -3 -4 -2 -2 -4 -2 -3 -4 -2 -2 -3 -3 -2    0   0   0   0  99   0   0   0   0   0   0   0   0   1   0   0   0   0   0   0  1.88 0.13
  406 S    0 -1  4  0 -1  0 -1 -1 -1 -3 -3 -1 -2 -3 -1  4  1 -3 -2 -3    0   0  38   0   1   2   0   1   0   0   1   0   0   0   1  53   1   0   1   0  0.49 0.07
  407 V    0 -3 -2 -1 -1 -2 -2 -3 -3  3  1 -2  2 -1 -3 -1  0 -3 -2  3    6   0   0   5   0   0   0   0   0  24   2   0   7   1   0   4   3   0   0  49  0.25 0.04
  408 G    0  0 -1  0 -3 -2 -1  6 -2 -4 -4 -1 -3 -4 -3 -1 -2 -3 -3 -3    1   8   0   4   0   0   3  83   0   0   0   0   0   0   0   0   0   0   0   1  0.92 0.07
  409 G    0 -3  0 -2 -3 -2 -2  6 -2 -4 -3 -2  0 -3 -3 -1 -2 -3 -3 -3    1   0   1   0   0   0   2  90   0   0   0   0   5   0   0   1   0   0   0   0  1.05 0.08
  410 L   -2 -3 -3 -4 -2 -3 -4 -4 -4  5  2 -3  2  0 -3 -2 -1 -3 -2  2    0   0   1   0   0   0   0   0   0  79   7   0   5   1   0   2   0   0   0   6  0.51 0.07
  411 V   -1 -1 -1 -2  0  0 -1 -3  7 -1 -2 -2 -1  0 -1 -1  0 -1  4  0    1   0   1   0   2   1   0   0  44   1   0   0   0   3   3   0  11   0  18  15  0.43 0.06
  412 E   -2 -1  0  4 -4  1  5 -3 -1 -4 -4  0 -3 -4 -2 -1 -1 -4 -3 -3    0   0   0  25   0   0  75   0   0   0   0   0   0   0   0   0   0   0   0   0  0.86 0.08
  413 E   -2 -1  1  5 -4  1  5 -2 -1 -4 -4  0 -3 -4 -2 -1 -1 -4 -3 -3    0   0   2  39   0   0  59   0   0   0   0   0   0   0   0   0   0   0   0   0  0.83 0.07
  414 Y   -3 -3 -3 -4 -3 -2 -3 -4  1 -2 -2 -3 -2  4 -4 -3 -2  2  8 -2    0   0   0   0   0   0   0   0   0   0   0   0   0   9   0   0   0   0  91   0  1.28 0.12
  415 Q   -2  0 -1 -1 -4  7  1 -3  0 -4 -3  1 -1 -4 -2 -1 -1 -3 -2 -3    0   0   0   0   0 100   0   0   0   0   0   0   0   0   0   0   0   0   0   0  1.09 0.12
  416 L   -2 -3 -4 -4 -2 -2 -3 -4 -3  1  5 -3  2  0 -1 -3 -2 -2 -2  0    0   0   0   0   0   1   0   0   0   0  92   0   4   0   3   0   0   0   0   0  0.59 0.07
  417 P   -2 -3 -3 -2 -4 -2 -2 -3 -3 -4 -4 -2 -3 -5  8 -2 -2 -5 -4 -3    0   0   0   0   0   0   0   0   0   0   0   0   0   0 100   0   0   0   0   0  2.32 0.12
  418 Y   -3 -3 -3 -4 -3 -2 -3 -4  1 -2 -1 -3 -1  4 -4 -3 -2  2  8 -2    0   0   0   0   0   0   0   0   0   0   0   0   0  18   0   0   0   0  82   0  1.18 0.11
  419 Y   -3 -3 -3 -4 -3 -2 -3 -4  2 -2 -2 -3 -2  3 -4 -2 -2  3  8 -2    0   0   0   0   0   0   0   0   2   0   0   0   0   7   0   1   0   1  89   0  1.21 0.11
  420 D   -2 -2  1  7 -4 -1  2 -2 -2 -4 -4 -1 -4 -4 -2 -1 -2 -5 -4 -4    0   0   0  94   0   0   6   0   0   0   0   0   0   0   0   0   0   0   0   0  1.20 0.10
  421 M    0 -2 -3 -4  1 -2 -3 -3 -3  1  3 -2  3  0 -3 -2 -1 -2 -2  2    8   2   0   0   3   1   0   0   0   2  46   1  19   0   0   1   0   0   0  19  0.28 0.04
  422 V   -1 -3 -4 -4 -1 -3 -3 -4 -4  2  0 -3  0 -1 -3 -2 -1 -4 -2  5    0   0   0   0   0   0   0   0   0   0   0   0   0   0   0   0   0   0   0 100  0.65 0.09
  423 P   -1 -2 -2 -2 -3  2 -1 -3 -2 -4 -4 -1 -3 -4  8  0 -1 -4 -3 -3    0   0   0   0   0  13   0   0   0   0   0   0   0   0  81   6   0   0   0   0  1.73 0.10
  424 S    0 -2  0 -1  1 -1 -1 -1 -2 -3 -3 -1 -2 -3  2  5  1 -4 -2 -2    0   0   0   0   4   0   0   0   0   0   0   0   0   0  10  85   1   0   0   0  0.61 0.09
  425 D   -3 -2  1  7 -4 -1  1 -2 -2 -4 -5 -1 -4 -4 -2 -1 -2 -5 -4 -4    0   0   0 100   0   0   0   0   0   0   0   0   0   0   0   0   0   0   0   0  1.31 0.11
  426 P   -2 -3 -3 -2 -4 -2 -2 -3 -3 -4 -4 -2 -3 -5  8 -2 -2 -5 -4 -3    0   0   0   0   0   0   0   0   0   0   0   0   0   0 100   0   0   0   0   0  2.34 0.13
  427 S    1 -1  0 -1 -1 -1 -1 -1 -2 -2 -3 -1 -2 -3 -1  5  3 -3 -2 -2    3   0   0   0   0   0   0   0   0   0   0   0   0   0   0  74  23   0   0   0  0.57 0.08
  428 I   -2 -3 -4 -4 -2 -3 -4 -4 -4  5  2 -3  1 -1 -3 -3 -1 -3 -2  3    0   0   0   0   0   0   0   0   0  70  11   0   0   0   0   0   0   0   0  19  0.52 0.07
  429 E   -2 -1 -1  2 -5  1  6 -3 -1 -4 -4  0 -3 -4 -2 -1 -2 -4 -3 -3    0   0   0   6   0   0  94   0   0   0   0   0   0   0   0   0   0   0   0   0  1.00 0.10
  430 E   -2 -1  0  4 -4  1  5 -2 -1 -4 -4  0 -3 -4 -2 -1 -1 -4 -3 -3    0   0   0  34   0   0  66   0   0   0   0   0   0   0   0   0   0   0   0   0  0.87 0.08
  431 M   -2 -2 -3 -4 -2 -1 -3 -4 -3  1  1 -2  8 -1 -3 -2 -2 -2 -2  0    0   0   0   0   0   0   0   0   0   1   0   0  98   0   0   0   0   0   0   1  1.02 0.14
  432 R   -2  6 -1 -2 -4  1 -1 -3 -1 -4 -3  3 -2 -4 -3 -1 -2 -4 -2 -3    0  85   0   0   0   0   0   0   0   0   0  15   0   0   0   0   0   0   0   0  0.97 0.10
  433 K   -1  4 -1 -1 -4  1  0 -2 -1 -3 -3  5 -2 -4 -2 -1 -1 -4 -2 -3    0  27   0   0   0   0   2   0   0   0   0  71   0   0   0   0   0   0   0   0  0.72 0.08
  434 V    0 -3 -3 -4 -1 -3 -3 -3 -4  3  0 -3  0 -1 -3 -2  0 -3 -2  5    5   0   0   0   0   0   0   1   0  10   1   0   0   0   0   0   1   0   0  82  0.50 0.08
  435 V   -1 -3 -4 -4 -1 -3 -3 -4 -4  3  0 -3  0 -1 -3 -2 -1 -4 -2  5    0   0   0   0   0   0   0   0   0   5   0   0   0   0   0   0   0   0   0  95  0.63 0.09
  436 C   -1 -4 -4 -5 10 -4 -5 -3 -4 -2 -2 -4 -2 -3 -4 -2 -2 -3 -3 -2    2   0   0   0  98   0   0   0   0   0   0   0   0   0   0   0   0   0   0   0  1.93 0.14
  437 D   -1 -1  0  4 -3  0  3 -1 -1  0 -1 -1 -1 -2 -2  0  1 -4 -2  0    1   0   0  29   0   0  37   2   0   9   4   0   0   0   0   0  12   0   0   6  0.34 0.05
  438 Q   -2  0  0  4 -4  5  2 -2  0 -4 -3  0 -2 -4 -2 -1 -1 -3 -3 -3    0   0   1  28   0  59  12   0   0   0   0   0   0   0   0   0   0   0   0   0  0.72 0.08
  439 K   -1  4  0 -1 -4  1  0 -2 -1 -3 -3  5 -1 -4 -2 -1 -1 -4 -2 -3    0  23   1   0   0   1   0   0   0   0   0  74   1   0   0   0   0   0   0   0  0.71 0.08
  440 L   -1  0 -2 -3 -1  3 -1 -3  0  0  3 -1  1  1 -3 -1 -1 -2  0  0    1   4   1   0   1  24   0   0   2   1  55   1   2   4   0   2   0   0   3   0  0.24 0.05
  441 R   -2  7 -1 -2 -4  0 -1 -3 -1 -4 -3  2 -2 -4 -3 -1 -2 -4 -2 -3    0 100   0   0   0   0   0   0   0   0   0   0   0   0   0   0   0   0   0   0  1.15 0.11
  442 P   -1 -3 -3 -2 -4 -2 -2 -3 -3 -4 -4 -2 -3 -5  8 -2 -2 -5 -4 -3    2   0   0   0   0   0   0   0   0   0   0   0   0   0  98   0   0   0   0   0  2.28 0.12
  443 N    0 -1  6  0 -3 -1 -1  0  0 -3 -3 -1 -2 -3 -1  2  0 -4 -3 -3    7   1  62   1   0   0   1   3   0   1   2   0   0   0   2  21   0   0   0   0  0.56 0.07
  444 L   -2 -3 -4 -4 -2 -3 -4 -4 -4  5  1 -3  1 -1 -3 -3  0 -3 -2  3    0   0   0   0   0   0   0   0   0  79   2   0   0   0   0   0   5   0   0  14  0.55 0.08
  445 P   -1 -3 -3 -2 -4 -1 -2 -3 -3 -4 -4 -2 -3 -5  8 -2 -2 -5 -4 -3    1   0   0   0   0   2   0   0   0   0   0   0   0   0  98   0   0   0   0   0  2.25 0.12
  446 N   -2 -1  7  1 -3  0 -1 -1  0 -3 -4 -1 -3 -4 -3  0  0 -5 -3 -3    0   0  94   0   0   1   0   0   0   1   0   0   0   0   0   3   1   0   0   0  1.05 0.11
  447 Q   -2  5 -1 -2 -4  4  0 -3  1 -4 -3  1 -2 -3 -3 -1 -2  5 -1 -3    0  53   0   0   0  32   0   0   2   0   0   1   0   0   0   0   0  11   0   0  0.73 0.08
  448 W   -4 -4 -5 -6 -3 -3 -4 -4 -4 -4 -3 -4 -3  0 -5 -4 -4 12  1 -4    0   0   0   0   0   0   0   0   0   0   0   0   0   0   0   0   0 100   0   0  3.11 0.18
  449 Q   -2  0  0 -1 -4  6  1 -2  4 -3 -2  0  0 -3 -2 -1 -1 -3 -1 -3    0   0   1   0   0  78   1   0  13   1   2   0   3   0   0   0   0   0   0   0  0.77 0.10
  450 S    1 -1  0 -1 -2  0 -1 -1 -1 -3 -3 -1 -2 -3 -1  5  1 -3 -2 -2    8   0   2   0   0   2   0   1   0   0   0   0   0   0   0  83   3   0   1   0  0.57 0.09
  451 C   -1 -3  0 -1  8 -3 -3 -3 -1  1 -1 -3 -1 -1 -3  0 -1 -2  3 -1    0   0   6   3  52   0   0   0   1  16   0   0   0   1   0   6   0   0  14   0  0.65 0.07
  452 E   -2 -1 -1  2 -4  1  6 -3 -1 -3 -3  0 -3 -4  0 -1 -1 -4 -3 -3    0   0   0   9   0   0  85   0   0   1   1   0   0   0   4   0   0   0   0   0  0.86 0.09
  453 A    4 -2 -1 -2  0 -1 -1 -1 -2 -1 -2 -1 -1 -3 -1  1  0 -3 -2  1   70   0   2   1   1   0   0   0   0   0   0   0   0   0   1   7   3   0   1  13  0.36 0.06
  454 L   -2 -3 -4 -4 -2 -3 -4 -4 -3  1  5 -3  2  0 -3 -3 -2 -2 -2  0    0   0   0   0   0   0   0   0   0   0  98   0   0   0   0   1   0   0   0   0  0.67 0.08
  455 R   -2  6 -1 -2 -4  2  0 -3  3 -4 -3  2 -2 -3 -3 -1 -1 -3 -2 -3    0  71   0   0   0  10   0   0  10   0   1   4   0   0   0   3   0   0   0   0  0.73 0.08
  456 V    0 -3 -1 -3 -1 -2 -3 -2 -3  2  1 -2  0 -1 -3 -1  0 -3 -2  4    5   0   4   0   0   0   0   2   0   3   5   0   0   0   0   4   3   0   0  75  0.35 0.06
  457 M   -2 -2 -3 -4 -2 -1 -3 -4 -3  1  1 -2  8 -1 -3 -2 -1 -2 -2  0    1   0   0   0   0   0   0   0   0   7   1   0  90   0   0   0   0   0   0   1  0.89 0.13
  458 G    2 -2 -1 -1 -2 -1 -1  4 -2 -3 -3 -1 -2 -3 -2  2  0 -3 -3 -2   29   0   0   0   0   0   0  39   0   0   1   0   0   0   0  30   1   0   0   0  0.49 0.05
  459 R   -1  4  0 -1 -4  1  0 -2 -1 -3 -3  5 -2 -4 -2 -1 -1 -4 -2 -3    0  30   1   0   0   1   0   0   0   0   0  67   0   0   0   0   0   0   0   0  0.72 0.08
  460 I   -1 -3 -4 -4 -2 -3 -3 -4 -4  4  2 -3  2 -1 -3 -3 -1 -3 -2  3    1   0   0   0   0   0   0   0   0  44  20   0   5   0   0   0   0   0   0  30  0.42 0.05
  461 M   -2 -2 -3 -4 -2 -1 -3 -4 -2  1  1 -2  8 -1 -4 -2 -2 -2 -2  0    0   0   0   0   0   0   0   0   1   3   1   0  94   1   0   0   0   0   0   1  0.96 0.14
  462 R   -2  5 -1 -2 -2  1  0 -3 -1 -3 -3  4 -2 -4 -2 -1 -1 -3 -2 -3    0  55   0   0   1   2   1   0   0   0   0  40   0   0   0   0   1   0   0   0  0.73 0.08
  463 E   -2 -1 -1  1 -5  1  6 -3 -1 -4 -4  0 -3 -4 -1 -1 -2 -4 -3 -3    0   0   0   0   0   0  98   0   0   0   0   1   0   0   1   0   0   0   0   0  1.05 0.11
  464 C   -1 -4 -4 -5 10 -4 -5 -4 -4 -2 -2 -4 -2 -3 -4 -2 -2 -3 -3 -1    1   0   0   0  99   0   0   0   0   0   0   0   0   0   0   0   0   0   0   1  1.96 0.15
  465 W   -4 -4 -5 -5 -3 -3 -4 -4 -3 -4 -3 -4 -2  0 -5 -4 -3 12  1 -4    0   0   0   0   0   0   0   0   0   0   0   0   0   0   0   0   1  98   0   0  3.03 0.17
  466 Y   -3 -2 -3 -4 -1 -2 -3 -4  2 -2 -2 -2 -2  3 -4 -2 -2  1  8 -2    0   2   0   0   1   0   0   0   2   0   0   1   0   4   0   0   0   0  89   0  1.22 0.12
  467 A    3 -1 -1 -2 -2  1  0  0  4 -2 -2 -1 -2 -3  1  1  0 -3 -1 -1   47   0   1   0   0  10   3   3  21   0   0   0   0   0   5   4   6   0   0   0  0.31 0.05
  468 N   -2 -1  7  1 -3 -1 -1 -1  0 -3 -4 -1 -3 -4 -3  1  0 -5 -3 -3    0   0  93   0   0   0   1   0   0   1   0   0   0   0   0   4   1   0   0   0  1.04 0.11
  469 G    2 -2 -1 -2 -2 -2 -2  4 -2 -3 -3 -1 -2 -3  3  1 -1 -3 -3 -2   27   1   0   0   0   0   0  46   0   0   0   0   0   0  17   8   0   0   0   0  0.60 0.05
  470 A    5 -2 -2 -2 -1 -1 -1  0 -2 -1 -2 -1 -1 -3 -1  1  0 -3 -2  0   86   0   1   0   0   0   0   1   0   0   0   1   0   0   0   2   2   0   0   7  0.52 0.08
  471 A    5 -2 -2 -3 -1 -1 -2  0 -2 -2 -2 -1 -2 -3 -1  1 -1 -3 -2 -1   99   0   0   0   0   0   0   0   0   0   1   0   0   0   0   0   0   0   0   0  0.67 0.10
  472 R   -2  7 -1 -2 -4  0 -1 -3 -1 -4 -3  2 -2 -4 -3 -1 -2 -4 -2 -3    0  99   0   0   0   0   0   0   0   0   0   0   0   0   0   0   0   0   0   1  1.14 0.11
  473 L   -2 -3 -4 -4 -2 -3 -4 -4 -4  1  5 -3  2  0 -4 -3 -2 -2 -2  0    0   0   0   0   0   0   0   0   0   0 100   0   0   0   0   0   0   0   0   0  0.72 0.08
  474 T   -1 -2 -1 -2 -2 -1 -2 -2 -2 -1 -2 -1 -1 -3 -2  1  6 -3 -2 -1    0   0   0   0   0   0   0   0   0   0   0   0   0   0   0   3  97   0   0   0  0.81 0.11
  475 A    5 -2 -2 -2 -1 -1 -1  0 -2 -2 -2 -1 -2 -3 -1  1  0 -3 -2 -1   95   0   0   0   0   0   2   0   0   0   0   0   0   0   0   1   3   0   0   0  0.62 0.09
  476 L   -2 -3 -4 -4 -2 -3 -4 -4 -4  1  5 -3  2  0 -4 -3 -2 -2 -2  0    0   0   0   0   0   0   0   0   0   0  99   0   0   0   0   0   0   0   0   0  0.70 0.08
  477 R   -2  7 -1 -2 -4  1 -1 -3 -1 -4 -3  2 -2 -4 -3 -1 -2 -4 -2 -3    0  98   0   0   0   2   0   0   0   0   0   0   0   0   0   0   0   0   0   0  1.12 0.11
  478 V   -2 -4 -4 -4 -2 -3 -4 -4 -4  5  1 -3  1 -1 -3 -3 -1 -3 -2  3    0   0   0   0   0   0   0   0   0  83   0   0   0   0   0   0   0   0   0  17  0.62 0.08
  479 K   -1  2 -1 -1 -4  1  0 -2 -1 -4 -3  6 -2 -4 -2 -1 -1 -4 -3 -3    0   3   0   0   0   0   0   0   0   0   0  97   0   0   0   0   0   0   0   0  0.84 0.10
  480 K   -1  2 -1 -1 -4  1  0 -2 -1 -4 -3  6 -2 -4 -2 -1 -1 -4 -3 -3    0   0   1   0   0   0   0   0   0   0   0  99   0   0   0   0   0   0   0   0  0.86 0.10
  481 T    0 -2  0 -2 -1 -1 -1 -2 -2 -2 -2 -1 -1 -3 -2  2  6 -3 -2 -1    0   0   0   0   0   0   0   0   0   0   0   0   0   0   0  17  83   0   0   0  0.68 0.09
  482 I   -2 -3 -4 -4 -2 -3 -3 -4 -3  3  4 -3  2  0 -3 -3 -1 -2 -2  2    0   0   0   0   0   0   0   0   0  26  66   0   1   0   0   0   0   0   0   7  0.50 0.05
  483 S    3 -2  0 -1  0 -1 -1 -1 -2 -2 -3 -1 -2 -3 -1  4  1 -3 -2 -1   34   0   0   1   1   0   0   0   0   0   0   0   0   0   0  58   5   0   0   0  0.45 0.06
  484 Q   -1  0  4  0 -2  5  1 -1  0 -3 -3  0 -1 -4 -2  1  0 -3 -2 -3    4   0  27   0   1  57   0   1   0   0   0   0   0   0   0   8   2   0   0   0  0.58 0.08
  485 L   -2 -3 -3 -4 -2 -2 -3 -4  0  2  4 -3  1  1 -3 -3 -2 -1  2  1    1   0   0   0   0   0   0   0   4  10  64   0   1   2   0   0   0   0  13   6  0.39 0.05
  486 C    1  0  0 -1  5 -1 -1  2 -2 -2 -3 -1 -2 -3 -2  3  0 -3 -1 -1   10   5   1   2  21   0   0  18   0   0   0   2   0   0   0  36   4   0   2   2  0.33 0.04
  487 V    2 -1 -1 -1 -2  2  0  0 -1  1 -1 -1  0 -2 -1  0  0 -3 -2  2   23   0   1   1   0  18   3   6   0   4   1   2   0   1   1   2   6   0   0  31  0.12 0.03
  488 K    0  0 -1 -1 -3  4  2 -2  0 -1 -1  1  2 -2  0  0  0 -3 -1 -1    5   0   0   0   0  42  10   1   2   6   2   5  13   0   3   6   3   0   1   2  0.28 0.05
  489 E   -1  0 -1  2 -4  1  5 -2  0 -4 -3  2 -2 -4 -1 -1 -1 -4 -3 -3    1   0   0  10   0   2  70   2   2   0   1  11   0   0   1   0   0   0   0   0  0.67 0.07
  490 D   -2 -2  0  6 -4  0  1  2  0 -3 -4  0 -3 -4 -2 -1 -2 -4 -3 -3    0   0   0  67   0   1   2  19   2   2   0   7   0   0   0   0   0   0   0   0  0.72 0.07
  491 C   -1 -3 -3 -3  2 -2 -3 -3 -3  3  2 -3  2  0 -2 -1  0 -3 -1  3    0   0   0   0   6   0   0   0   0  31  20   0   6   1   1   8   1   0   1  26  0.25 0.03
  492 K   -1  2 -1 -1 -4  1  0 -2 -1 -3 -3  6 -2 -4 -2 -1 -1 -4 -3 -3    0   3   0   0   0   1   0   0   0   0   0  97   0   0   0   0   0   0   0   0  0.80 0.09
  493 A    4 -2 -1 -2 -1 -1 -1  2 -2 -2 -2 -1 -1 -3 -1  1  0 -3 -2 -1   79   0   0   0   0   0   0  12   0   0   0   0   0   0   0   9   0   0   0   0  0.37 0.01

                      K         Lambda
Standard Ungapped    0.1336     0.3209
Standard Gapped      0.0468     0.2670
PSI Ungapped         0.1535     0.3165
PSI Gapped           0.0468     0.2670
