
Last position-specific scoring matrix computed, weighted observed percentages rounded down, information per position, and relative weight of gapless real matches to pseudocounts
           A  R  N  D  C  Q  E  G  H  I  L  K  M  F  P  S  T  W  Y  V   A   R   N   D   C   Q   E   G   H   I   L   K   M   F   P   S   T   W   Y   V
    1 M   -3 -3 -4 -5 -3 -2 -4 -4 -3  0  2 -3  9 -1 -4 -3 -2 -3 -3 -1    0   0   0   0   0   0   0   0   0   0   9   0  91   0   0   0   0   0   0   0  1.58 0.37
    2 W   -1  3 -1 -2 -4  2 -1  2 -1 -4 -3  3 -2  0 -3 -1 -2  6 -1 -3    3  18   0   0   0  13   0  21   1   0   0  27   0   4   0   0   0  14   0   0  0.51 0.16
    3 V    1 -2 -1 -2 -2 -2 -2 -1  1  1  0 -2 -1 -2 -1  2  2 -3 -2  2    8   0   0   0   0   0   0   4   5  11   4   0   0   0   1  25  22   0   0  21  0.21 0.11
    4 R   -1  2 -2 -2 -3 -1 -2 -3 -2 -1  1  0 -1 -3  5  2 -1  1 -3 -2    0  13   0   0   0   2   0   0   0   3  19   4   0   0  38  20   0   2   0   0  0.63 0.17
    5 Q   -2  5 -2 -3 -4  3 -1 -2 -2  0 -3  0 -2 -3 -3 -1  0  5 -2 -2    0  53   0   0   0  16   0   1   0   8   0   1   0   0   0   3   5  11   0   0  0.74 0.23
    6 V    3 -3 -3 -3 -2 -2 -2  0 -3  1  0 -2  1 -2 -2  0  0 -3 -2  3   33   0   0   0   0   0   0   6   0   5   2   0   4   0   1   3   6   0   0  39  0.32 0.16
    7 P   -1 -3 -3 -3 -1 -2 -3 -3  0 -2  2 -2  1 -3  6  1 -1 -4 -3 -2    3   0   0   0   2   0   0   0   3   0  24   0   5   0  51  11   1   0   0   0  0.98 0.25
    8 W   -4 -4 -5 -6 -4 -4 -5 -5 -4 -3  2 -5 -2  2  1 -4 -4 11  0 -3    0   0   0   0   0   0   0   0   0   0  20   0   0   8   8   0   0  65   0   0  2.25 0.44
    9 S   -1 -3 -2 -1  1 -1 -2 -3 -3 -1  0 -2  0 -3  6  1 -1 -4 -3  2    1   0   0   4   3   3   0   0   0   0  11   0   2   0  41  15   1   0   0  18  0.71 0.23
   10 F   -2 -3 -4 -4  1 -3 -4 -2  0  3  3 -3  4  3 -3 -2 -2 -3 -1  1    0   0   0   0   3   0   0   3   3  18  29   0  15  14   1   2   0   0   1  10  0.46 0.24
   11 T    1 -1 -3 -3 -3 -3 -3 -4 -4  1  4 -3  3 -2 -4 -2  2 -4 -3  2   11   3   0   1   0   0   0   0   0   5  43   0   9   0   0   2  13   0   0  12  0.45 0.27
   12 W   -4 -6 -7 -7 -6 -5 -3 -3 -6 -3 -1 -6 -4 -2 -7 -6 -6 12  0 -4    1   0   0   0   0   0   2   2   0   1   7   0   0   0   0   0   0  83   2   1  3.58 0.95
   13 A    3 -2 -2 -2  0 -2 -2  2 -2  0  0 -2  0 -2 -2  1  0 -2 -2  0   35   1   1   1   2   1   1  19   0   6   8   1   2   1   1  10   4   0   1   5  0.26 0.16
   14 V   -1 -2 -2 -2  0 -1 -2 -2 -2  1  1 -2  1  0  1  1 -1 -2 -2  3    3   1   1   1   2   2   1   2   1   4  16   1   3   4   8  18   1   0   1  30  0.21 0.17
   15 L   -4 -3 -5 -6 -4 -4 -5 -6 -5  0  5 -5  3 -1 -5 -3  0 -4 -3  2    0   1   0   0   0   0   0   0   0   1  65   0   9   2   0   1   5   0   0  15  1.05 0.50
   16 Q   -3  0 -3 -2 -2  5  1 -2  4  0  2 -2 -2 -4 -4  0 -3 -4 -2 -1    0   4   0   1   1  35   9   2  11   6  19   0   0   0   0   6   0   0   1   4  0.60 0.41
   17 L   -3 -4 -5 -5  1 -3 -4 -5 -5  1  5 -4  2 -2 -4 -2 -3 -4 -2  2    0   1   0   0   3   1   0   0   0   4  60   0   5   1   1   4   0   0   1  18  0.88 0.44
   18 S    2 -2 -1 -2  3 -2 -3  3 -3 -3 -1 -2 -3 -3  1  1  2  1 -3 -1   16   2   2   2   7   0   0  23   0   0   5   1   0   0   6  13  16   2   0   3  0.35 0.25
   19 W   -1 -3 -5 -5  4 -2 -5 -3  0 -3  2 -4 -3 -1 -5 -4 -4 10 -1 -1    5   1   0   0   9   2   1   2   2   0  21   0   0   2   0   1   1  47   1   4  1.82 0.65
   20 Q    0  3 -2 -2 -3  2 -1 -3 -1  0 -1 -1 -1 -1 -2 -1  2  4 -2  2   10  18   1   2   0  11   1   1   2   3   6   2   1   3   1   4  13   6   0  16  0.22 0.21
   21 S   -1 -2 -1 -1 -2 -1 -2  0 -3 -2 -1 -1 -1 -2  5  3 -2  1 -3 -2    4   1   3   4   1   2   1   6   0   2   5   4   2   1  32  24   1   2   0   3  0.60 0.33
   22 G    0 -1 -1 -1 -3 -1 -1  4 -1  0  2 -2 -1  0 -3  1 -1 -3 -2 -1    5   3   1   3   0   2   3  32   1   4  23   2   0   3   1  10   2   0   0   5  0.28 0.20
   23 W   -2  0 -3 -4  5  3 -3 -2 -1 -2  0 -3 -3  1 -2 -2 -3  9 -1 -2    3   6   1   1  14  14   1   2   1   2   9   1   0   5   3   2   1  30   2   2  1.11 0.46
   24 L    1 -3 -2 -2  1  1 -3 -3 -3 -1  4 -2  0  2 -3 -1 -2 -3 -1  0   11   1   2   2   3   7   1   2   0   1  46   2   1   7   1   5   1   0   2   5  0.40 0.27
   25 L   -1 -1 -2 -3  1  2 -2 -3 -3  2  3  1  0 -1 -1 -1 -1  1 -2  0    3   2   2   1   3  12   1   2   0  13  33   9   1   1   3   3   3   2   0   6  0.27 0.22
   26 E    0 -2 -1  2  1  0  2  0 -1 -1  1 -1  0 -1 -2 -1 -1 -1 -1  0    9   1   1  12   3   5  14   7   1   3  20   4   2   2   1   3   3   1   1   9  0.09 0.12
   27 V    0 -2 -1 -1  1  1 -1 -2 -2  0  2  0 -1 -2 -1  1  1 -3 -2  1   10   1   2   4   4   9   2   2   0   4  21   6   0   1   3  12   8   0   0  12  0.12 0.15
   28 P    0 -1 -2 -2  6  0  1 -1 -1 -1 -1 -2  0 -2  3  1 -1  0 -3  0    5   3   1   1  20   5   9   4   2   4   5   1   2   1  17   9   3   2   0   6  0.44 0.26
   29 N   -1  0  1  2  5  2  1 -1 -1 -2 -2  0 -1 -3 -2  1  0 -3 -1  0    3   3   7  11  14   9   7   5   1   1   4   6   1   1   1  10   7   0   2   7  0.21 0.16
   30 G   -1  4  0 -2 -1  0 -1  3 -2 -3 -3  0 -3 -3 -3  1  1 -2 -3 -2    3  25   3   1   1   4   3  24   1   1   2   5   0   1   1  13   8   1   0   4  0.41 0.26
   31 P   -1 -1 -2  0  3 -1 -1  0 -1 -1 -2 -2  2 -2  5  1 -1 -3 -2  0    3   3   1   5   6   3   4   8   1   3   3   2   5   2  31  10   3   0   2   6  0.47 0.25
   32 W    1 -2 -2 -1  2  1  1  1 -2 -2 -2  0  1 -2 -3  0 -1  7  0 -2   10   2   2   4   5   7   9  12   0   1   3   5   5   1   1   8   2  17   4   3  0.38 0.23
   33 R    0  1  1 -2 -4  4  0  0  0 -2 -2  2 -1 -2  0  1 -1 -4 -1 -2    6   9   5   1   0  21   6   6   3   2   5  12   1   1   5  13   2   0   2   1  0.26 0.22
   34 S    0 -1  0 -1 -1  4 -1 -1 -2 -3 -1  0 -2 -2  2  1  2 -4 -3  0    6   3   5   2   2  23   3   4   1   0   5   5   0   2  11  10  13   0   0   6  0.28 0.25
   35 L   -2 -5 -5 -5  0 -3 -5 -5 -5  1  2 -4  1 -1  0 -1 -3 -5 -4  5    2   0   0   0   2   1   0   0   0   7  20   0   4   2   5   5   0   0   0  51  0.85 0.45
   36 T   -2 -1 -1 -2 -1  0  1 -3 -4 -2 -2  1  0 -4 -4  1  5 -4 -2 -1    2   2   2   1   1   3   8   1   0   2   4   8   2   0   0   8  49   0   2   3  0.67 0.45
   37 F   -3 -2 -4 -4 -3  7 -2 -3 -1 -1 -1 -3  0  4 -5 -3 -1 -4 -2 -3    1   1   0   0   1  58   0   2   1   3   5   0   2  16   0   1   4   0   1   1  1.33 0.69
   38 Y   -2 -2  0 -1  0  1 -3 -3  3 -3 -3  0 -3  1 -1  4  2  2 -2 -3    2   1   3   2   2   6   0   1   6   1   3   4   0   7   3  42  11   3   1   1  0.53 0.39
   39 P   -4 -5 -5 -1 -6  0 -3 -5 -5 -6 -4 -4 -1 -2  8 -3 -2 -6 -6 -4    0   0   0   4   0   5   1   0   0   0   2   0   2   2  76   2   2   0   0   1  2.21 0.86
   40 A    3 -1 -3 -1 -3  0  0  0 -2 -3 -2 -1  0 -2  3  2  0 -4 -2 -2   33   3   0   2   0   4   5   5   1   1   2   2   3   2  14  13   5   0   1   1  0.38 0.30
   41 W    0  0 -1 -1 -3  1  0 -3  1 -1  0  0  0 -2 -1  2  1 -1 -1  1    6   4   1   2   0   7   7   0   5   3   8   5   2   1   3  21  10   1   2  13  0.13 0.17
   42 L   -2 -3 -4 -4 -3 -2 -2 -5  0  2  4 -2  1 -1 -2 -3 -3 -4 -1  1    3   0   0   0   0   2   3   0   2  11  55   2   3   1   1   2   0   0   1  11  0.64 0.36
   43 T   -1 -1  0 -2  0 -2  0 -3 -1  0  0 -1 -1 -2 -2  3  3  4 -3 -1    2   2   3   1   2   0   5   0   1   5   9   3   1   2   2  27  25   5   0   5  0.36 0.31
   44 V    0 -1 -3 -4  0 -1 -2 -1 -1  0  1 -1 -1 -1 -2 -1  1 -4 -3  4    8   3   0   0   2   2   2   4   1   2  12   5   0   2   2   3   8   0   0  43  0.33 0.27
   45 S    0  0 -1 -1 -1  4 -1 -3  1 -2 -2  0 -1 -4  3  1  1  1 -1 -2    6   5   3   2   2  25   2   0   4   2   3   4   2   0  13  12  10   2   1   2  0.36 0.27
   46 E    0  0 -1 -1  0  0  4 -3 -2 -1 -1  0 -2 -3  1  0  2 -4 -3  0    9   3   3   0   2   3  36   0   0   3   4   4   0   0   7   3  16   0   0   5  0.32 0.22
   47 G    0  0  1  0 -3 -2 -2  5  2 -4 -4  0  1 -4 -3  0 -2 -4 -3 -3    6   6   7   6   0   0   0  52   6   0   0   7   6   0   0   6   0   0   0   0  0.63 0.25
   48 A    0  0  2  2 -3  2  3  1  1 -4 -3  0 -2 -4 -2  0  0 -4 -3 -3    5   4  12  11   0  11  23  11   4   0   0   4   0   0   0   6   5   0   0   0  0.31 0.16
   49 N   -2  1  4 -2 -6 -2 -2 -4 -5 -1 -5 -1  0 -6 -2  3  5 -7 -6 -4    2   7  17   2   0   2   2   1   0   4   0   4   2   0   2  22  31   0   0   1  0.84 0.53
   50 A    5 -6 -6 -7 -2 -6 -6 -5 -2  0 -2 -6 -4  0 -4  0 -1 -7 -2  4   44   0   0   0   1   0   0   0   1   4   4   0   0   4   1   6   4   0   1  31  1.08 0.60
   51 T   -2 -2  1 -6 -6 -2 -1 -6 -2  0 -5 -3 -3 -5 -6  1  7 -8 -6  0    4   3   5   0   0   2   5   0   1   5   1   1   1   1   0   9  58   0   0   7  1.30 0.73
   52 F   -6 -7 -8 -8 -6 -7 -8 -8 -7  4  4 -7  4  5 -8 -7 -3 -6 -1 -2    0   0   0   0   0   0   0   0   0  22  39   0   8  26   0   0   1   0   1   2  1.51 0.69
   53 T   -4 -1  4  1 -6  0 -2 -4  4 -3 -2 -2 -5  1 -4  2  3 -1 -2 -4    1   4  19   8   0   3   2   1   9   1   5   2   0   6   1  16  20   1   1   1  0.58 0.42
   54 C   -7 -9 -9 -9 12 -9 -9 -9 -9 -8 -8 -9 -8 -2 -9 -7 -3 -8 -8 -7    0   0   0   0  95   0   0   0   0   0   0   0   0   2   0   0   2   0   0   0  4.60 1.57
   55 S   -3  1  4 -1  2 -1 -2 -4  1 -3 -5  1 -3 -3 -3  3  3 -6 -5 -3    1   8  19   4   4   2   3   1   4   1   1   8   1   1   1  20  20   0   0   2  0.59 0.41
   56 L    0 -5 -5 -3 -5 -5 -5 -1 -2  3  1 -5  1  4 -4 -3 -2  2  5  1    8   0   0   1   0   0   0   5   1  14  13   0   3  19   1   2   2   2  18  11  0.67 0.37
   57 S   -2 -2  1  0 -6 -3  0 -1 -2 -7 -7 -2 -6 -3  0  6  2 -7 -7 -7    3   2   5   4   0   1   5   4   1   0   0   2   0   1   6  53  10   0   0   0  1.15 0.72
   58 N   -3  0  3  2 -2  1 -2  0 -1 -3 -4 -2  0 -6 -3  3  3 -6 -2 -3    2   5  16  10   1   6   3   6   2   2   2   2   3   0   2  21  15   0   2   1  0.48 0.38
   59 W    0 -1 -1 -1 -7  0 -1 -3 -2 -3 -1  1 -2 -2 -3  4  1  0 -3  0    8   3   3   4   0   4   5   2   1   2   6   8   1   2   1  30   8   1   1   6  0.39 0.33
   60 S    1 -3  1  0 -2 -1 -1 -1 -2 -1  0 -2 -1 -1  1  3  1 -1  0 -1   10   1   6   6   1   3   4   4   1   3   8   2   1   2   8  19  10   1   3   5  0.19 0.19
   61 E   -1 -1  0  1 -5  1  2  0 -1  0 -2  1  1  1  0  2 -1 -6 -2 -2    5   3   5   7   0   6  11   8   1   6   3   8   3   5   6  13   4   0   1   3  0.15 0.15
   62 D   -3  1  3  3 -6  0  0 -1  2 -2 -4 -2 -2  0 -2  2 -2 -6  0 -1    3   7  13  16   0   5   7   5   4   3   2   3   1   4   3  13   3   0   3   5  0.35 0.25
   63 L   -1  0  0  0 -1 -3 -3  0 -1 -2 -1 -2 -1  1 -1 -1  0  0  6 -1    6   5   4   5   1   1   2   7   2   2   7   3   2   6   4   5   6   1  26   4  0.48 0.30
   64 M   -2  1  1 -3 -1  1 -2 -2  3 -1 -3 -1  1 -1  0  2 -1  2  3  1    4   8   6   1   1   6   3   3   6   3   3   4   4   2   5  15   5   3   9  10  0.23 0.18
   65 L   -2 -7 -8 -8 -7 -3 -3 -8 -8  2  4 -2  1  3 -8 -7 -2 -7 -2  4    3   0   0   0   0   2   2   0   0  10  35   3   4  10   0   0   3   0   2  24  1.05 0.51
   66 N    1  0  5 -3 -2  1 -1  0  2 -2 -4  0 -1  0  0 -2 -2  1  1  0   11   5  22   1   1   6   4   7   4   2   2   5   2   4   4   3   3   2   5   6  0.37 0.26
   67 W   -8 -8 -9 -9 -8 -8 -8 -8 -8 -4 -2 -5 -7 -2 -9 -8 -8 13 -3 -8    0   0   0   0   0   0   0   0   0   1   4   1   0   2   0   0   0  90   1   0  4.78 1.69
   68 N   -7 -7 -2 -8 -3 -4 -7 -8 -3 -4 -3 -7 -6  3 -8 -5 -3  0  9 -6    0   0   2   0   1   1   0   0   0   1   2   0   0   9   0   1   2   1  79   0  2.91 1.20
   69 R   -4  5 -3 -5 -7  3 -3 -5 -1 -5 -2  6 -5 -4 -6 -5 -5 -4 -2 -5    1  29   1   0   0  13   1   1   2   1   5  43   0   1   0   0   0   0   2   1  1.41 0.73
   70 L   -4 -3 -1  0 -6  6  2 -1  0 -3 -1 -1  1 -3 -5 -2 -3  1  0 -2    1   0   2   5   0  42  14   5   2   1   6   4   4   1   0   2   1   2   3   2  0.87 0.55
   71 S   -2 -1  0  0  0 -1  0 -1  0  1 -2  1 -2  0  0  2  2 -2  1 -1    1   2   3   5   2   2   7   5   2  10   3  10   1   3   4  15  14   0   6   4  0.13 0.17
   72 P   -3 -3  3 -2 -5  0 -1 -2  0 -5 -4 -3 -5 -4  7 -1 -3 -5 -4 -5    2   1  13   2   0   4   4   3   3   1   2   1   0   1  55   5   2   0   1   1  1.42 0.67
   73 S   -2 -1  1 -1 -5 -3 -1  5  4 -5 -5  0 -4 -3 -2  1 -2 -3 -3 -4    3   3   6   3   0   1   4  43   9   0   1   6   0   1   2  13   2   0   1   1  0.77 0.43
   74 N   -2  1  3 -1 -4  0  0  2  0 -4 -4  2 -4 -4 -2  2  0 -2 -4 -3    2   7  16   2   0   4   7  18   2   1   1  15   0   0   1  14   6   1   0   2  0.44 0.31
   75 Q    0  1 -1 -4 -2  6  0  1  1 -4 -4 -1 -4 -5 -3  1 -3 -2 -2 -1    9   8   3   0   1  36   5  10   4   1   1   3   0   0   1   9   1   1   1   5  0.68 0.47
   76 T    0 -1 -1 -4 -3 -2 -3 -2  0 -2  0 -2  2 -3  5  0  2  0 -4 -3    9   4   2   0   1   2   1   3   2   2   9   2   6   1  33   7  13   1   0   1  0.66 0.42
   77 E   -2  0 -1  2  0  4  1 -2 -1  0 -2  1 -3 -2  0 -1 -1 -4 -3  0    3   3   3  11   2  23   8   3   2   7   3  10   0   2   5   3   4   0   1   7  0.29 0.26
   78 K   -2  0 -2 -4 -1 -2 -2 -3  1 -1  2  5 -2  2 -4 -2 -1  1  0 -2    2   5   1   1   1   1   2   2   4   3  19  37   0   9   0   3   3   2   3   3  0.56 0.38
   79 Q   -4 -5 -5 -4 -3 -2 -5 -3 -3  4  4 -3 -1  0 -6 -4 -1 -5 -3  1    1   0   1   1   0   2   1   2   1  27  46   2   1   3   0   1   3   0   1   7  0.94 0.49
   80 A    3 -3 -2 -3 -1 -3 -3 -1  0  3  2 -3  0  2 -4  0  0 -3  0 -1   24   1   1   1   1   0   1   5   3  16  18   0   2   7   0   6   5   0   3   3  0.30 0.24
   81 A    1  0 -1  1 -1 -1  2 -1 -1  1 -2 -1 -2 -3 -2  2 -1 -1  1 -1   15   6   2   6   1   2  17   4   1   9   2   3   1   1   1  14   3   1   6   3  0.18 0.19
   82 F   -3 -4 -3 -4  0 -1 -2 -3 -2  4  0 -4  0  5 -3 -1 -2 -2  4  0    2   1   1   1   2   3   3   2   1  26   7   1   2  21   1   4   2   0  15   5  0.66 0.37
   83 C   -1  0  1 -1 -2 -1 -1 -1  1 -1 -2 -1 -3  1  4  2 -1 -1  2 -2    4   6   8   3   1   2   4   4   3   5   4   3   0   5  19  17   3   1   7   2  0.26 0.21
   84 N    1  3  2 -2 -4  1  0 -2  1 -4 -2  1 -1 -3 -1  2  0  0 -2 -2   10  17  12   2   0   5   7   2   3   0   4  10   1   1   3  14   4   1   1   2  0.27 0.23
   85 G   -1 -1  4  2 -1 -2 -1  2 -2 -4 -4  1 -3 -3 -3  2 -1 -5  0 -1    3   2  20  13   1   1   3  14   1   1   1   8   1   1   1  19   4   0   3   5  0.43 0.32
   86 L   -1  1  2 -2 -1  0 -1 -1  2  0 -1  1 -1 -2 -2  1  2 -1  0  0    3   9  12   1   1   3   2   5   5   6   6   9   2   1   1  10  15   1   3   7  0.15 0.16
   87 S   -1  0  1 -1 -4  0  0  1  0 -2 -1  1 -2 -4  1  3  0 -4 -3 -2    3   4   5   3   0   5   4  12   3   2   7   9   0   0   8  27   4   0   1   3  0.24 0.23
   88 Q   -1 -1  2  1 -5  5  2 -2 -1 -3 -2  1 -2 -2 -1  1 -2 -5 -2 -2    5   3   8   8   0  27  12   2   1   1   4   6   1   2   3  11   1   0   1   3  0.45 0.34
   89 P    0 -2  1 -1 -1 -1 -1  0 -2 -1 -2  1  2 -3  4  1  2 -4 -2 -3    6   2   7   2   1   2   4   6   1   3   3  10   5   1  22  12  12   0   1   1  0.37 0.26
   90 V   -1  0  1 -1  0 -1 -1  2  0 -2 -3  3 -2 -1  0  0  0 -4 -2 -1    5   3   8   3   2   2   4  17   3   2   2  21   1   3   4   6   7   0   1   5  0.19 0.18
   91 Q   -1  1  0 -1  0  2  1 -2  2 -1 -2  1 -1 -1  0  0  1 -1  0  0    5   8   5   2   2  10  11   3   5   4   3   7   2   2   5   7  10   1   3   7  0.10 0.12
   92 D   -2 -1  1  4 -5  1  2 -1 -1 -4 -4  0 -4 -4  2  1  0 -1 -4 -4    3   2   5  29   0   5  15   4   2   1   1   6   0   1   9   9   6   1   0   1  0.53 0.34
   93 A   -1  1  1  0 -2  1  0  3 -1 -4 -4  2 -2 -4  1  1  0 -2 -4 -3    3   7   8   6   1   6   6  23   1   0   1  12   1   0   7   9   5   1   0   2  0.32 0.23
   94 R   -4  7 -2 -5 -2 -2 -3 -2  1 -3 -5  3 -5 -4 -6 -2 -4 -6  2 -3    1  56   2   0   1   2   1   3   3   2   1  15   0   0   0   3   1   0   6   2  1.37 0.67
   95 F   -2 -4 -4 -6 -4 -4 -4 -4 -2  0  1 -5 -3  7 -6 -3 -1 -2  3  0    3   1   1   0   0   1   1   1   1   4  14   0   0  53   0   2   3   0   8   6  1.30 0.56
   96 Q   -2  2  1 -1 -1  1  0 -2  2 -2 -1 -1 -1 -2 -3  3  3 -1 -2 -2    2  11   7   2   1   7   5   2   6   1   6   2   1   2   0  21  19   1   1   2  0.31 0.27
   97 I    0 -3 -2 -2 -2 -3 -2  1 -4  2  0 -2  1  0 -4  0  0  1 -3  3    8   1   1   2   0   1   2  11   0  15   7   1   4   3   0   8   6   2   0  27  0.29 0.22
   98 I   -2 -2  2 -2 -2 -1 -1 -1  0  0 -2 -1 -2  1 -3  3  3 -1  0 -2    2   2  10   1   1   3   4   3   2   6   4   3   0   6   1  23  21   1   4   2  0.31 0.27
   99 Q   -1  1  0  0 -2  1 -1 -1  2 -2  1  1 -1  1  1  0  0  2 -1 -1    2   7   6   4   1   7   2   4   7   1  14  12   1   7   7   5   6   3   1   4  0.09 0.11
  100 L   -1 -1  4  0 -2  0  0 -1 -1 -1  1  0  0 -1 -3  0  0  0 -2  0    4   3  23   6   1   5   5   3   1   3  18   5   2   3   1   5   5   1   1   6  0.18 0.15
  101 P   -1  1  0 -2 -2  0 -1  1 -2 -2 -3  3 -1 -1  4  0  0 -2 -3 -2    4   7   4   1   1   3   3  11   1   2   2  20   1   2  19   7   7   1   0   3  0.33 0.22
  102 N    1 -1  3  1 -4  0 -1 -1  1 -4 -5  0 -3 -5 -2  3  1 -5 -4 -3   13   2  17   9   0   3   3   4   3   0   0   4   1   0   1  27   9   0   0   1  0.49 0.33
  103 R    1 -1  0 -1 -4  0  1  3  0 -3 -4  1 -2 -4 -2  2  2 -4 -3 -3   12   4   4   2   0   5   8  24   3   1   1   8   1   0   1  13  11   0   1   1  0.34 0.24
  104 H   -1  2  0 -1  0  1 -1 -1  1 -2 -1  3  0 -3 -1  1  2 -4 -2 -1    2  12   5   2   2   6   1   4   3   2   6  20   2   0   3  11  12   0   1   6  0.21 0.18
  105 D   -1  0  1  4 -1 -1 -1 -2  4 -1 -3 -1 -1  0 -3  2  1 -4 -1 -1    5   4   5  24   1   2   3   2  10   3   1   2   1   4   0  14  11   0   2   5  0.35 0.25
  106 F    0 -4 -3 -6 -3 -5 -5 -4 -4 -1  0 -4 -1  7 -6 -1 -3  0  3  1    8   1   1   0   1   0   0   1   0   3   6   1   1  52   0   4   1   1  10   9  1.26 0.54
  107 H   -2  0  0 -2 -2  0  0 -4  4 -4 -3  1 -4 -1 -3  4  2 -1 -2 -2    1   5   4   1   1   4   7   1  12   1   3   8   0   2   1  34  12   1   1   2  0.53 0.36
  108 M   -5 -4 -6 -6 -2 -5 -6 -6 -6  3  5 -4  5  0 -6 -5 -4 -5 -4 -1    0   1   0   0   1   0   0   0   0  13  62   1  13   3   0   0   1   0   0   3  1.33 0.57
  109 N   -2  1  0 -2 -2 -1  0 -4  6 -1 -3  0 -3 -3 -3  1  3  0 -1 -1    1   8   4   1   1   2   7   0  23   4   2   7   0   1   0  10  24   1   1   3  0.54 0.31
  110 I   -3 -5 -5 -5 -4 -4 -3 -4 -5  7  1 -3  0 -1 -5 -4 -3 -5 -4  1    1   0   0   0   0   0   2   1   0  72  10   1   2   2   0   0   0   0   0   6  1.35 0.48
  111 L   -1  0  0 -1 -3 -1 -1 -2 -1  0  1  0  1 -3 -2  3  2 -4 -3  0    2   6   4   2   0   2   3   1   1   4  15   6   3   0   1  31  11   0   0   6  0.22 0.19
  112 D    1 -1  5  2 -4 -1  0  1  2 -4 -4 -1 -4 -4 -1  1  0 -5 -4 -3   11   2  33  13   0   1   4  10   6   0   1   2   0   1   2  10   4   0   0   1  0.55 0.29
  113 T    0 -4 -4 -4 -3 -4 -4 -4 -4  1  4 -4  0 -3 -2  2  0 -4 -3  3    8   0   0   0   0   0   0   0   0   5  40   0   1   0   2  16   7   0   0  22  0.54 0.31
  114 R   -3  1  0 -2 -5  6  1 -4  2 -3 -3  1 -3 -5 -3  0  2 -5 -2 -3    0   8   4   1   0  41   8   0   5   1   2   6   0   0   1   7  14   0   1   1  0.78 0.39
  115 R   -1  3 -2 -2 -4  2 -1 -3 -1 -2  1  0  1 -2  5 -1  0 -1 -3 -1    4  16   1   1   0   9   4   1   1   1  15   3   4   1  27   2   7   1   0   3  0.48 0.25
  116 N   -1 -2  5  0 -5 -1  3  2 -1 -5 -5 -2 -4 -5 -4  2  0 -5 -4 -3    4   2  33   4   0   1  21  14   1   0   0   1   0   0   0  15   4   0   0   1  0.70 0.35
  117 D   -5 -5  2  8 -7 -3 -2 -5  4 -7 -7 -4 -6 -6 -5 -3 -4 -7 -5 -7    0   0   9  79   0   0   0   0  12   0   0   0   0   0   0   0   0   0   0   0  2.15 0.57
  118 S    0 -3 -1 -3 -4 -1 -1 -1  0 -3 -3 -2 -4 -1 -4  5  2 -5 -4 -2    7   0   1   0   0   2   4   3   2   1   1   1   0   3   0  61  11   0   0   2  0.85 0.37
  119 G    3 -4  0 -1 -4 -3 -1  5 -4 -5 -5 -1 -4 -5 -4 -1 -3 -5 -5 -2   30   0   5   2   0   0   5  50   0   0   0   3   0   0   0   3   0   0   0   2  0.98 0.34
  120 I   -1 -1 -1  0 -3 -1 -1 -3 -1  1 -1 -2  1 -2 -3  0  4  2 -1  2    2   4   3   4   0   1   3   1   2   9   4   1   5   1   0   8  33   3   1  15  0.30 0.19
  121 Y   -6 -6 -6  0 -6 -5 -5 -7 -2 -5 -5 -6 -5  2 -7 -5 -5 -2  9 -5    0   0   0   6   0   0   0   0   0   0   0   0   0   6   0   0   0   0  89   0  2.85 0.71
  122 L   -3 -2 -4 -5  1 -2 -4 -2  0 -2  1 -4 -2  5 -5 -3 -2  7  5 -1    1   2   0   0   3   1   0   4   2   1  13   0   0  25   0   2   2  14  24   4  0.92 0.30
  123 C    1 -5 -5 -5 10 -5 -5 -4 -5 -1 -3 -5 -4 -4 -5 -3 -3 -4 -1  0   11   0   0   0  74   0   0   0   0   4   0   0   0   0   0   0   0   0   3   5  2.34 0.52
  124 G    2 -1 -1 -1 -1  1  1  3 -1 -1 -2  0 -2 -3 -2  1  0  2 -1 -1   20   2   3   1   1   8   9  22   1   3   2   5   0   0   0   8   6   3   2   4  0.23 0.13
  125 A    3 -2 -3 -3 -1  0 -2 -2 -2  1  2 -1  0  0 -2  0 -1 -3  0  2   28   0   0   0   1   5   2   2   1   7  20   3   1   3   2   5   3   0   3  14  0.20 0.15
  126 I   -1 -2 -1 -2 -1 -1 -2  0 -1  3  0 -2 -1  2 -2  0  0  2  1  1    2   2   3   1   1   2   2   7   2  25   5   1   1  10   1   8   7   3   5  10  0.19 0.14
  127 S    0  0  1  1 -3  0  0  0  1 -1 -2 -1 -1 -2  0  2  1 -1  2 -1    8   5   6   7   0   3   4   6   4   3   3   2   1   1   3  18  11   1   8   4  0.13 0.11
  128 L   -1 -1  0 -1 -2 -2  0  0 -2  0  1 -1 -1  3 -2  0  0 -1  1 -1    3   2   5   3   1   1   8   7   1   4  18   2   1  18   2  10   7   1   4   3  0.14 0.12
  129 H   -1 -1  1  0 -2  0 -2  0  0  1 -1 -2 -1  2  2  2 -1 -2  0 -2    4   2   9   4   1   3   2   8   2  10   6   2   1   9  11  18   3   1   3   2  0.15 0.14
  130 P    0  0  1  0 -4  0  0  0 -4 -4 -4 -1 -2 -3  5  1  0 -5 -2 -3    8   6   6   5   0   4   7   6   0   1   1   4   1   1  30  10   7   0   2   2  0.52 0.29
  131 K   -1  0  2  1 -2  0  0  1 -2 -2 -2  1 -2 -3  2  2  0 -2 -1 -2    3   6   9   6   1   3   6   9   1   2   4   9   1   1  11  17   6   1   2   2  0.21 0.17
  132 A    1 -2  1  1 -2 -2  0  1 -2 -1  0 -2  0 -1 -1  0  2  1  0 -1   11   1   8   9   0   1   5  11   1   2  11   1   3   2   3   7  15   2   3   4  0.12 0.13
  133 K   -2  0  0 -2 -1  2  1 -2  2 -3 -2  5 -1 -3  0 -1  0  0 -1 -2    2   5   5   2   1  11   7   3   6   1   3  31   1   1   6   4   5   1   2   2  0.47 0.30
  134 I   -2 -1 -4 -5 -3 -3 -1 -4 -1  4  2 -2  1  2 -4 -4 -2 -1 -2  3    3   3   1   0   1   1   5   1   2  22  19   2   2   9   1   1   3   1   1  23  0.55 0.28
  135 E   -1 -1  1 -1 -3 -1  0 -1 -2  1  0  1  2  0 -2 -1  2  2  0  1    3   3   7   3   0   2   6   4   1  11   6   9   6   5   1   3  13   3   4  11  0.12 0.12
  136 E   -2 -1 -1 -2  1  1  3 -3 -2 -3 -2  0 -3  5 -4  0  1  0 -2 -3    3   3   3   2   3   6  22   2   1   1   4   6   0  24   1   6   8   1   1   2  0.51 0.31
  137 S   -4 -4 -4 -2 -6 -3 -4  5 -6 -7 -7 -6 -7 -3 -6  5 -2 -2 -4 -4    1   1   1   2   0   1   1  48   0   0   0   0   0   1   0  38   2   1   1   1  1.52 0.73
  138 P   -2 -2  5  0 -2  1 -3  1 -1 -4 -3  0 -5 -4  3  1  1 -6 -5 -5    3   2  31   6   1   6   1  10   1   1   3   4   0   1  14   9   7   0   0   0  0.68 0.41
  139 G   -2  2 -1 -5  1 -4 -1  6  1 -5 -7  0 -6 -7  0 -4 -5 -2 -3 -5    2  13   2   0   3   1   4  56   4   1   0   6   0   0   4   1   0   1   1   1  1.24 0.60
  140 A    1 -5 -5 -4 -3 -2 -5 -3 -6 -2 -3 -4 -1 -6 -5  1  6 -7 -6  2   11   0   0   1   0   2   0   3   0   1   2   1   1   0   0   9  53   0   0  15  1.22 0.64
  141 E   -4  3  1 -2 -3  3  3 -3  3 -3 -2  3 -1 -2 -4 -1 -1 -5 -1 -2    0  14   6   2   1  11  18   2   8   2   4  16   1   2   0   4   4   0   2   3  0.46 0.31
  142 L   -6 -7 -8 -8 -6 -7 -7 -8 -7  1  6 -7  0 -2 -4 -7 -3 -6 -6  0    0   0   0   0   0   0   0   0   0   6  82   0   1   1   1   0   2   0   0   6  1.89 0.78
  143 V   -3  0  0 -3 -1  1 -2 -5  0  3 -2  0  0 -3 -5 -1  5 -5 -2  2    1   5   4   1   1   5   2   0   2  15   2   5   2   1   0   5  33   0   1  13  0.55 0.38
  144 V   -3 -2 -7 -3 -5 -3 -6 -7 -7  2 -2 -6 -4 -2 -6 -6 -5 -7 -5  7    2   3   0   2   0   1   0   0   0   8   2   0   0   2   0   0   0   0   0  79  1.96 0.80
  145 T   -3  0 -2 -3 -3 -1 -1 -3 -1 -2 -3  1 -2 -3 -4  0  6 -3 -2 -1    1   6   1   1   1   2   5   2   1   2   2   8   1   1   0   8  50   0   1   5  0.83 0.47
  146 E    0  0  1  1 -2 -1  0  0 -2  0  0 -1 -1  0  1  0  0 -2 -1  0    7   7   7   7   0   0   7   7   0   7   7   0   0   7   7   7   7   0   0   7  0.01 0.07
  147 R    2  1  1  0 -3  0  0  0  1 -1 -3  0 -2 -3  0  0  1  2  0 -1   21   7   7   5   0   4   5   4   4   3   1   5   0   0   4   6  12   3   3   4  0.14 0.16
  148 I   -1 -1  0 -1 -3  0 -1 -1 -1  2  0  0  0 -3  3  0  0 -4 -3  1    5   3   5   3   0   3   3   4   2  16  11   6   2   0  14   8   7   0   0   8  0.15 0.16
  149 L    0 -1 -1 -1  1  2  1  0  0 -1  0  0  0 -3  2  0  0  0 -2  0    8   3   3   3   3  11   8   7   2   3  10   7   2   0  11   7   6   1   0   5  0.10 0.12
  150 E    0  0  1  1 -3  0  1  0 -1 -2 -1  1 -1 -2  1  0  1 -3 -1 -1    7   3   9   7   0   2  10   8   1   2   7  11   1   1   8   8   8   0   1   4  0.12 0.12
  151 T    0 -1  1 -2  0  0 -3 -1 -3 -2 -1 -1 -3  0  4  1  2  1 -3  0    7   3   7   2   2   4   0   5   0   2   5   4   0   4  24   9  14   2   0   7  0.35 0.29
  152 S    0 -1  2  1 -4 -1  1 -1 -1 -3 -2 -1 -1 -1  4  1  1 -4 -2 -2    7   3  10   8   0   2   8   5   1   1   3   2   1   2  25   9   8   0   1   2  0.40 0.30
  153 T   -1 -4  0 -1 -1 -3 -1 -4 -2  1 -3 -1 -3 -4  3  0  5 -5 -2 -1    4   0   5   3   1   0   4   0   1   9   2   3   0   0  14   6  42   0   1   4  0.67 0.49
  154 R    1  0 -1  0  0  0  2 -2 -2 -1 -1  0 -1  0  1  1  1 -3 -1 -1   13   5   2   5   2   4  17   2   0   4   4   3   1   5   6  11   9   0   2   5  0.13 0.16
  155 Y   -1  0  0 -1 -1  0  0 -1  3 -2 -1  0 -1 -3  3  0  2 -3  1  0    3   4   4   2   2   4   7   5   7   1   5   6   2   0  14   6  18   0   4   6  0.21 0.21
  156 P   -1 -3 -1 -1 -4  0  0 -2 -1 -3 -2 -1  0 -5  6 -1  0 -5 -4  0    5   1   2   3   0   4   6   4   1   1   4   3   2   0  43   5   6   0   0   8  0.82 0.48
  157 S    0 -1  1  1 -3 -1  1 -1 -3 -2 -2 -1  0  0  0  3  2 -4 -3 -2    5   3   6   6   0   1  10   5   0   2   4   3   3   4   4  31  12   0   0   2  0.29 0.30
  158 P    0 -2  0  0 -2 -2  1 -1 -2 -1 -2 -1 -2 -4  5  0  0 -4 -2  1    6   2   5   6   1   0  11   5   1   3   2   2   1   0  27   8   6   0   1  12  0.41 0.31
  159 S   -1 -1  0  1 -4  0  2 -3  0 -2 -1 -2 -3 -3  2  3  2 -4 -4 -1    4   2   3   7   0   3  17   0   2   2   7   0   0   1   9  23  16   0   0   3  0.35 0.34
  160 P    0 -3 -1  1 -4  1  1  1 -3 -2 -1 -1 -3 -2  4  1 -1 -4 -4 -2    8   0   3  10   0   5   8  10   0   2   6   3   0   2  26  13   2   0   0   3  0.44 0.32
  161 K   -1  2  2  0 -1  0  1  0 -2 -2 -1  1  0  0  1  0  1 -1 -2 -2    4  11  10   4   1   2  11   7   0   2   6  10   2   5   6   8  10   1   0   2  0.12 0.14
  162 P    0 -1 -1 -1 -4 -1 -1 -3 -4 -1 -2  1 -4 -4  6 -1  0 -5 -4 -3    7   2   3   3   0   3   3   2   0   4   5   8   0   0  47   5   6   0   0   2  0.93 0.50
  163 E    1 -1 -2  0  0  0  3 -2 -1 -3 -2 -1 -1 -4  4  1  0 -4 -3 -1   11   2   0   4   2   3  20   3   1   0   3   2   2   0  23  10   5   0   1   5  0.42 0.32
  164 G    0 -2  1  1 -3  0  1  3 -1 -2 -1 -1  0 -3 -1  1  0 -4 -2 -2    5   1   7   9   0   3  10  28   1   2   6   2   3   0   3  12   5   0   1   1  0.29 0.23
  165 R   -1 -1  1 -1 -4  3  2 -1  5 -3 -1  0 -1 -2 -1  1  0 -4  0 -2    4   1   7   3   0  16  12   4  15   0   5   5   1   2   2  12   5   0   2   3  0.31 0.27
  166 F   -1 -2  0 -1 -3 -1  1 -1  0  1  1 -2  1  2 -1  1  0 -2  0  0    3   1   3   3   0   1  12   3   3  11  15   1   3  11   3  12   6   0   3   4  0.08 0.14
  167 Q   -1  0 -1  0 -4  4  1  0 -2 -1 -2  3  0 -3  1  0 -2  1 -3 -1    3   4   3   4   0  20   7   8   0   4   3  18   2   1   8   7   1   2   0   4  0.28 0.27
  168 G    1 -2  3 -1  0 -1 -2  3 -3 -1 -1 -1 -3 -2 -1  2  0 -1 -3 -1   15   2  14   2   2   2   2  23   0   3   6   2   0   1   3  14   6   1   1   4  0.27 0.25
  169 M   -1 -2  0  0 -3 -2 -2 -2 -1  1  2 -2  2 -1  0  0  1  0 -2  1    3   2   6   5   0   1   1   2   1   6  28   1   5   2   6   9   9   2   0  10  0.17 0.20
  170 V   -1 -3  0 -3 -2 -1 -2 -2 -3  2  1 -3 -1  0  1 -1  0  3 -1  3    3   0   6   1   1   2   3   3   0  13  17   0   1   4   8   5   5   4   2  23  0.24 0.23
  171 I   -1 -3 -1  1  0 -3 -2 -2 -3  3  2 -1 -1  0 -1 -1 -1 -1 -1  2    3   1   3   8   2   0   1   3   0  21  20   5   1   4   2   4   3   1   2  16  0.21 0.21
  172 G   -1 -2 -1 -1 -1 -2 -2  3  2  0  0  0 -2 -1  0  0  0  2  0  0    4   1   2   3   1   0   1  27   7   5   8   5   0   2   6   9   5   3   4   9  0.21 0.21
  173 I   -1 -4 -4 -3 -1 -4 -4 -1 -1  4  0 -2  0  0 -2 -1 -1  0 -1  4    4   0   0   1   1   0   0   4   1  30   8   2   2   3   2   6   2   2   1  28  0.50 0.35
  174 M    0 -3 -3 -4 -3 -2 -3 -2 -3  2  2  0  1  0 -1  0  2  1 -1  2    6   0   0   0   0   1   1   3   0  11  19   6   3   3   2   6  17   2   2  17  0.25 0.24
  175 S    2 -1 -2 -3  2 -2 -3 -1 -1  0  1 -1  0 -1 -1  2  0 -3 -1  0   19   3   0   0   4   0   1   5   1   5  17   3   2   3   2  22   5   0   2   5  0.20 0.23
  176 A    1 -3 -4 -4 -3 -4 -3  1 -4  2  2 -4  1 -1 -3 -2 -1 -4 -3  3   13   1   0   0   0   0   2  11   0  14  23   0   3   2   1   2   3   0   0  25  0.41 0.32
  177 L    0 -4 -4 -2  3 -2 -4  0 -4  1  3 -4 -1  0 -3  0 -1 -2 -3  2    7   0   0   3   6   1   0   8   0   6  32   0   0   4   1   8   2   0   0  19  0.35 0.31
  178 V    1 -2 -3 -4  0 -3 -4  2 -4  1  2 -3  0 -1 -1 -1 -1  0 -3  3   15   2   1   0   2   0   0  15   0   7  21   0   1   2   2   5   2   1   0  24  0.32 0.29
  179 G    1 -3 -1 -4  3 -1 -4  5 -4 -2  1 -4 -3 -2 -3 -1 -2 -5 -4  1   10   1   3   0   6   2   0  42   0   2  15   0   0   1   1   5   1   0   0  10  0.60 0.40
  180 I    2 -2 -4 -4 -3 -3 -4  0 -4  2  1 -3  0 -2 -3  0 -1 -1 -3  3   17   2   0   0   0   0   0   8   0  14  15   0   2   1   1   6   3   1   0  29  0.39 0.31
  181 P   -2 -4 -4 -4 -3 -2 -2 -3 -5  2  2 -4  0  0  3  0 -1 -4 -3  4    2   0   0   0   0   2   2   1   0   9  21   0   1   4  14   7   2   0   0  34  0.54 0.38
  182 V    0 -4 -4 -5  0 -4 -4 -4 -1  2  3 -4  1 -1 -1 -1 -2 -4 -3  4    6   0   0   0   2   0   0   1   2   8  30   0   3   2   3   5   1   0   0  35  0.58 0.37
  183 L    0  0 -2  0  3 -2 -2  0 -2  1  0 -1  2  1  1 -1  0 -2 -1  0    8   8   0   8   8   0   0   8   0   8   8   0   8   8   8   1   8   0   0   8  0.07 0.11
  184 L    0 -3 -3 -2  0 -3 -3 -1 -3  2  3 -3  2  0 -1 -1 -1 -3 -2  2    6   0   0   3   2   0   0   5   0  14  39   0   4   2   2   5   2   0   0  14  0.30 0.23
  185 L   -1 -3 -3 -1 -2 -2 -1  0 -3  2  2 -3  1  2 -1 -1 -1  1 -1  1    3   0   0   3   0   0   3   8   0  14  28   0   2  10   4   4   4   2   0  13  0.18 0.17
  186 L    0 -3 -3 -3  2 -3 -3  1 -3  0  1 -3  0  3  0 -1 -1  4  1  1   10   0   0   0   5   0   0  12   0   4  20   0   2  14   5   3   4   6   4   9  0.20 0.17
  187 A    1 -2 -1 -3  0 -2 -2  0 -2  1  1 -2  1  0  0  0  0  2  0  1   16   2   3   0   2   0   0   9   0   8  20   0   3   3   3   4   7   4   4  10  0.10 0.12
  188 W   -1  0 -3 -1  0 -3 -3 -1 -3  1  2 -3 -1  1 -3 -2 -1  7  2  1    5   6   0   5   2   0   0   4   0   8  22   0   0   6   0   2   3  18   6  11  0.41 0.25
  189 A    0 -1 -2 -1  1 -2 -2 -1  0  1  1 -2  0 -1 -1  0  1 -3  0  2    5   3   0   4   4   0   0   6   4   7  20   0   1   2   3   6  11   0   2  20  0.09 0.13
  190 L    0 -1 -1 -3 -2 -1 -1 -1 -2  1  3 -2  0  1 -1 -1  1  1  0  0    7   3   2   0   0   3   3   3   0   8  35   2   0   5   2   5   9   2   4   7  0.15 0.16
  191 A    1 -1 -2 -3  0 -1 -2  0  0  0  1 -1  0  1 -2  0  1  4  1  1   16   3   0   0   2   1   1   7   3   6  13   3   2   6   0   4   9   6   4  13  0.11 0.12
  192 V    0  1 -2 -3  3  0 -2  0 -1  1  1 -1  0  0 -1 -1  1  1  0  0    8   8   0   0   8   4   1   7   1  11  14   4   2   3   3   3  13   2   3   5  0.07 0.11
  193 F   -1  0 -2 -3  2 -2 -2 -2 -2  1  1 -1  1  3 -1 -1  0  2  2  1    6   7   2   0   5   0   2   2   0   8  14   3   3  14   3   3   4   2  10  12  0.15 0.14
  194 C   -1  0 -3 -3  5  0 -2  0 -1  1  0 -1 -1  2  0 -2 -1  2 -1  0    3   6   1   1  16   4   1  10   2   7  11   4   1   9   5   2   3   3   2   8  0.21 0.17
  195 S    0  0 -1 -1  1 -1 -1 -1  0 -1  0 -1 -2 -2  3  1  1  1  1  0    8   6   2   3   3   2   3   5   2   2  13   4   0   1  13  10  12   2   5   6  0.12 0.14
  196 T   -1  2  0 -3  2 -1 -1 -1  0 -2  0  1 -1  0  1  0  2  0  1 -2    5  16   5   0   5   2   2   5   2   1  10   7   1   4   8   4  16   1   6   2  0.16 0.19
  197 S    0  0  0  0  2  0  0 -1  1  0 -1  0  1  0  0  0  0 -2  1  0    5   5   5   5   5   5   5   5   5   5   5   5   5   5   5   5   5   0   5   5  0.03 0.05
  198 M    0  3 -1 -1  0 -1 -2 -1  0  1  0  1  1 -1 -1 -1  1  0 -1  1    7  19   2   3   2   2   2   6   2   8   7  10   5   2   3   2   9   2   2   9  0.12 0.16
  199 S   -1  5  0 -1 -5  2 -2  0 -3 -1 -3  0  0 -2  2  0  1 -5 -4 -2    4  30   4   3   0   9   2   8   0   4   2   5   2   2   9   6   7   0   0   2  0.45 0.37
  200 E   -1 -1  0  1 -4  0  1  2  3 -4 -3  1 -1 -4 -1  0  0 -4  1 -2    4   3   5   8   0   4  11  19   8   0   2   9   1   0   3   6   6   0   5   4  0.25 0.24
  201 A    1  2  1 -1  2 -1 -1  1  0 -2 -3  1 -1 -2  0  0  0 -4 -3  0   14  12   6   4   5   2   3  10   3   2   0   8   1   2   5   8   6   0   0  10  0.15 0.19
  202 R   -1  4 -1 -1  2  2  2 -2  1  0 -3  0 -1 -5  0  0  1 -5 -4 -3    4  26   2   3   5  11  11   3   3   5   2   5   1   0   5   5   7   0   0   2  0.41 0.35
  203 G    1  2  0 -1 -1  1 -1  3 -3 -4 -2  1 -3 -4  1  0  0 -5 -4 -2   12  12   5   3   1   5   4  22   0   0   4  11   0   0   6   6   4   0   0   2  0.28 0.27
  204 A    0  0  1  0  2  1  0  0  2 -2 -1  0 -2 -2  1  0  0 -3  1 -1    6   6   6   6   6   6   6   6   6   0   6   6   0   0   6   6   6   0   6   6  0.08 0.10
  205 G   -1  2  0  0 -3  2  0  1  1 -3 -2  0  1 -3  2  0  0 -4 -3 -1    5  16   5   4   0  11   5  11   4   0   4   4   4   0  11   7   5   0   0   5  0.20 0.20
  206 S   -1  2  0 -1  0  1  0  0  0 -1 -2  0  0 -3  1  2  1 -4 -3 -1    3  13   4   3   3   8   5   5   3   5   3   3   3   0   7  24   7   0   0   3  0.20 0.23
  207 K    0  0  0 -1 -3  1  2 -1  0 -2 -1  1 -1 -1  2  0  1 -3  0 -2    6   4   5   2   0   6  20   4   3   2   8   8   2   2   9   4   9   0   4   2  0.16 0.18
  208 D   -1  0  3  3 -4 -1  1  0  1 -4 -4 -1 -1 -1  2  0 -1 -4  0 -2    5   5  17  17   0   2  11   6   3   0   0   3   1   3   9   8   2   0   3   3  0.31 0.26
  209 D    0  0  2  1 -3  3  1 -2 -2 -2 -1 -1  0 -1  2  0  0 -4 -3 -2    9   4  10   8   0  15  10   2   0   2   7   2   3   3   9   7   6   0   0   2  0.18 0.22
  210 T   -1  0 -1 -3 -4  2 -2 -3  0 -4 -2 -3 -3 -4  6  1  1  2 -4 -2    5   5   3   0   0   9   2   2   2   0   4   0   0   0  40  10  10   3   0   3  0.82 0.49
  211 L    1  0 -1 -2  0  0  0 -2 -3  0  2  1  0 -2  2 -1  0  1 -3  0   12   4   2   2   2   5   5   2   0   5  23   9   2   0  13   3   5   2   0   5  0.16 0.18
  212 K   -1  1  0 -1 -4  1  2 -1  0 -3 -1  4 -1 -3 -1  0 -1 -4  0 -2    3   7   4   3   0   6  12   3   2   0   6  32   1   0   3   7   3   0   4   3  0.33 0.28
  213 E   -1 -1 -1  0 -5  2  5 -1  1 -4 -2  1  0 -5 -3 -1 -3 -5 -4 -2    4   2   3   4   0  10  46   4   3   0   4   9   2   0   0   5   0   0   0   3  0.70 0.47
  214 E    0  1  0  3 -4  1  2  1 -3 -2 -4  3 -1 -5  0 -1 -1 -5 -4 -4    9   6   3  16   0   7  13   9   0   2   0  24   2   0   4   1   4   0   0   0  0.39 0.31
  215 P   -2 -1 -3  0  2 -3  1 -3 -2 -4 -3 -1 -4 -1  6  2 -1 -5 -2 -2    2   3   0   5   4   0   8   1   1   0   3   3   0   2  44  14   4   0   1   3  0.91 0.52
  216 S   -2 -1 -3 -3  0  2  0 -3 -2 -4 -3 -1 -4 -5  5  3  1 -5 -4 -3    2   3   0   1   2  10   5   2   1   0   3   2   0   0  29  29   9   0   0   1  0.76 0.51
  217 A    2 -2  0 -1 -3 -1  1 -1 -1  0 -1 -1  1 -3  2  1 -1 -4 -1  2   21   1   4   2   0   2   9   4   1   6   3   2   4   0  11  10   1   0   2  17  0.20 0.22
  218 A    1  0  0 -2 -3 -1 -2  0 -3  0  0 -3  2 -3  0 -1  0 -4 -3  4   14   7   4   2   0   2   2   6   0   2   8   0   6   0   5   4   4   0   0  35  0.29 0.30
  219 P   -2 -4 -1 -1 -4  0 -3 -2 -4 -4 -4 -2 -4 -1  6  3  1 -5 -4 -1    2   0   3   3   0   5   0   3   0   0   1   2   0   4  42  22   9   0   0   4  0.97 0.56
  220 V    2 -1 -2 -4  1 -3 -2 -1 -4  2 -2 -3  0 -4 -2  0  0 -5 -4  4   16   4   1   0   3   0   2   5   0   9   1   0   1   0   2   9   5   0   0  42  0.50 0.39
  221 P   -1 -2  0  1  0  0  0 -3  0 -2 -2 -1  0  3  3  3 -2 -3  1 -2    4   1   4   7   2   4   7   1   2   2   3   2   3  14  14  23   0   0   6   2  0.30 0.29
  222 S   -1 -4 -3  1  2 -2 -3 -4 -4 -2 -4 -3 -4 -5 -4  4  6 -5 -4 -2    4   0   0   9   5   2   0   0   0   2   0   0   0   0   0  28  47   0   0   2  1.05 0.61
  223 V   -1 -5 -5 -5 -4 -4 -3 -5 -5  2  1 -5  2 -3 -5 -1 -1 -5 -4  6    4   0   0   0   0   0   2   0   0   8  12   0   4   0   0   4   3   0   0  61  1.05 0.55
  224 A   -1 -1  1  6 -5 -3  1 -4 -3 -2 -3 -3 -4 -5 -4 -2  2 -5 -5 -1    6   3   7  50   0   0   8   0   0   3   3   0   0   0   0   2  11   0   0   6  0.91 0.49
  225 Y   -2  1 -5 -6 -6 -5 -5 -3 -2 -5 -5 -5 -5 -1 -6 -5 -3  3  9 -5    4   8   0   0   0   0   0   3   0   0   0   0   0   0   0   0   2   3  78   0  2.37 0.91
  226 E    3 -3  0 -3 -4 -3  0  5 -3 -4 -4 -1 -4 -4 -3  0 -3 -4 -4 -1   25   0   4   0   0   0   7  47   0   0   1   3   0   0   0   5   0   0   0   5  0.81 0.38
  227 E    0 -3 -2  3 -4  0  3 -4 -3 -2 -3 -2 -3 -4 -3  0 -1 -4 -4  4    8   0   0  16   0   3  24   0   0   0   1   0   0   0   0   9   2   0   0  34  0.56 0.36
  228 L   -4 -4 -5 -5 -4 -4 -5 -5 -5  0  6 -5 -1 -2 -2 -5 -4 -4 -4  1    0   0   0   0   0   0   0   0   0   4  82   0   0   0   3   0   0   0   0   7  1.38 0.55
  229 D   -2 -2  3  5 -5  1  3 -4 -3 -5 -5  1 -4 -5 -4  0 -3 -6 -5 -5    2   2  15  39   0   4  24   0   0   0   0   8   0   0   0   5   0   0   0   0  0.99 0.45
  230 F    0 -5 -5 -5 -5 -5 -2 -2  0 -3  0 -5 -1  8 -5 -2 -4  1 -1 -2    8   0   0   0   0   0   3   3   2   0   8   0   1  64   0   4   0   2   0   2  1.39 0.56
  231 Q    0 -1 -2 -3 -5  6  1 -4  2 -5 -4 -2 -3 -4  3 -1 -3  2  0 -3    8   3   1   0   0  42  10   0   5   0   0   0   0   0  18   4   0   3   4   2  0.93 0.48
  232 G   -1  2 -1 -3  2  2  0  0  0 -2 -3  2 -3 -3 -3  1  1  7 -2 -3    5  14   2   0   5   9   4   8   2   3   1  13   0   0   0  10   8  15   0   1  0.44 0.27
  233 R   -1  5  2  3  0 -1  0  1 -1 -2 -3  0 -3 -4 -1  0 -1 -4 -3 -4    6  34   8  16   2   0   6   9   1   3   2   3   0   0   3   5   2   0   0   0  0.46 0.28
  234 E    0 -2 -1 -2 -4  3  3 -3  1 -4 -2  1 -3  1  2 -1 -1 -4 -1 -3    9   0   2   0   0  16  27   0   4   0   5  10   0   7  12   2   4   0   2   0  0.43 0.29
  235 K   -2  2 -2 -1  1  2 -1 -1  3 -3 -4  4 -3 -4  0 -1 -1  2 -2 -2    2  10   1   2   4  12   2   5   7   2   0  35   0   0   5   4   3   3   1   2  0.47 0.30
  236 T    0  1 -2  0 -3  0 -2  0 -3 -2 -2  0 -3 -4  2  1  5 -4 -3 -2    7   7   1   6   0   4   0   7   0   1   4   4   0   0   9   8  39   0   0   1  0.45 0.31
  237 P   -2  0 -4 -2 -5  2 -2 -3 -1 -2 -2 -2 -4 -5  7 -1 -2 -5 -4 -1    2   4   0   2   0  11   2   2   1   2   5   1   0   0  56   5   1   0   0   4  1.27 0.52
  238 E    0  2 -1  0 -3  0  3 -2 -2 -1 -2  0 -1 -3 -1 -1  0 -4 -3  2    7  12   2   4   0   3  27   2   0   2   3   5   2   1   2   2   7   0   0  20  0.28 0.23
  239 L    0  0 -1 -3 -2  1  2 -2 -2  0 -2 -2 -1 -4  6 -2 -1 -4 -4 -1   10   5   4   0   1   5  13   3   1   5   2   0   2   1  39   1   3   0   0   5  0.70 0.34
  240 P   -1  0 -3 -3 -4 -3 -3 -1 -4 -1 -2 -2  0 -1  7  2 -1 -5 -4 -1    5   5   0   0   0   0   0   4   0   3   3   2   2   3  51  14   3   0   0   4  1.08 0.45
  241 T    2  0 -1 -1  1  1  3 -2 -2 -3 -3  1 -2 -2 -1  1  0 -3 -1 -1   24   5   3   3   4   6  20   2   0   1   1  10   0   1   2   8   6   0   2   3  0.26 0.21
  242 A    0 -4 -3  0 -4 -3 -1 -4 -4 -4 -2 -3 -4 -3  7  0  1 -5 -4 -2    9   0   0   5   0   0   5   1   0   0   3   0   0   1  55   6  10   0   0   2  1.28 0.51
  243 C    0  0  1 -2  5  1  0 -2 -1 -1 -2 -1 -2 -3  2  1  0 -3 -3  1    6   6   7   1  16   9   5   1   1   2   2   3   0   0  11  15   4   0   0  11  0.29 0.20
  244 V   -2 -3  1  4  0 -1  3 -3 -2  0 -3 -2 -2 -1  0  0 -2 -4 -3  1    3   0   6  30   3   0  24   1   0   5   1   0   1   3   4   8   1   0   0  11  0.49 0.28
  245 H   -2 -2  0 -1 -4  6  0 -3  5 -1 -2 -1 -2 -3 -1  0 -1 -3 -1 -2    2   1   4   3   0  41   5   1  15   4   4   1   0   1   3   5   4   0   2   3  0.70 0.35
  246 T   -2 -3 -3 -3 -3 -3 -3 -4 -4 -3 -2 -3 -3 -4 -1  2  7 -4 -4  0    1   1   0   1   0   0   1   1   0   1   3   1   0   0   3  13  68   0   0   6  1.23 0.53
  247 E   -3 -3 -1  1 -4 -1  7 -4 -3 -4 -4 -2 -4  0 -3 -3 -3 -4 -3 -1    1   1   3   6   0   1  74   1   0   1   1   1   0   4   1   1   1   0   0   4  1.38 0.53
  248 Y   -5 -5 -5 -5 -5 -4 -5 -5 -2 -4 -4 -5 -4 -1 -5 -5 -4 -1 10 -4    1   0   0   0   0   0   0   1   0   0   1   0   0   0   0   1   0   0  92   1  2.93 0.88
  249 A    6 -4 -4 -1 -3 -3 -3 -3 -4 -4 -4 -3 -4 -5 -3  1 -1 -5 -4 -3   81   0   0   4   0   0   0   0   0   0   1   0   0   0   0   8   3   0   0   0  1.40 0.59
  250 T    1 -3 -3 -1 -3 -3 -1 -4 -1 -2 -4 -3 -3 -4 -3  1  6 -5 -4 -1   10   0   0   3   0   0   3   0   1   2   1   0   0   0   0  10  66   0   0   2  1.14 0.51
  251 I   -1 -4 -4 -4 -3 -4 -4 -5 -4  6 -1 -4 -1 -3 -4 -4 -3 -4 -3  4    5   1   0   1   0   0   1   1   0  61   1   1   0   0   1   1   1   0   0  27  1.23 0.45
  252 V   -1 -3 -3 -3 -2 -2 -3 -3 -3  3  0 -1  1 -2 -3  1  0 -3 -2  4    1   1   1   1   0   1   1   1   0  20   6   4   2   1   1  11   5   0   1  42  0.47 0.23
  253 F   -3 -3 -4 -4 -3 -4 -4 -4 -3 -2 -2 -4 -2  8 -4 -3 -3 -1  3 -3    1   1   1   1   0   1   1   1   0   1   2   1   0  75   1   1   1   0   8   1  1.71 0.46
  254 T    0 -3 -3 -3 -4 -2 -3 -3  2 -4 -4 -3 -3 -4  7  1  0 -4 -3 -3    8   1   1   1   0   1   1   1   6   1   1   1   0   0  58  11   7   0   0   1  1.38 0.41
  255 E   -2 -1 -1  1 -3  1  4  1 -2 -3 -3  1 -3 -3  2  0 -1 -3 -3 -3    1   1   2   8   0   4  37  11   0   1   1  10   0   1  11   8   2   0   0   1  0.49 0.22
  256 G   -2  2  2  0 -3  1  3  1  1 -3 -3  0 -2 -3  2 -1 -1 -3 -2 -3    1  12  10   4   0   4  25  14   3   1   2   5   1   1   9   2   1   0   1   2  0.33 0.16
  257 L   -2 -1 -2 -2  0  3 -1 -3 -2 -2  1  1  0 -3  5 -2 -1 -3 -2 -1    2   1   1   1   2  16   1   2   0   1  17  12   2   1  32   1   3   0   1   3  0.58 0.22
  258 G    1  1 -1 -1 -1  2 -1  4 -2 -1 -2 -1 -2 -3  2  0 -1 -3 -2 -1   10   8   1   2   1  13   1  34   0   4   2   1   0   1   9   4   1   0   1   4  0.34 0.16
  259 A    2  1  0 -2  1  0 -1  1 -2 -2 -2  1 -2 -3  0  1  1 -3 -2 -1   20  10   5   1   3   2   1   9   0   1   1  12   0   0   3  13  11   0   0   5  0.19 0.13
  260 S    0 -3 -3 -1 -3 -2 -2 -1 -3 -3 -2 -1 -3 -2  6  2 -1 -4 -3 -1    6   1   0   3   0   0   1   4   0   1   4   3   0   1  51  17   3   0   0   5  1.05 0.34
  261 A    0  0 -1 -2  0 -1  0 -2  0 -1 -1 -1 -2 -3  2  3  1 -3 -2  1    8   5   0   1   2   0   6   1   2   2   5   1   0   0   9  38   7   0   1  12  0.28 0.20
  262 M    0  0  0  0 -2 -1 -1 -1  0 -2 -1 -1 -1 -2  4  0  2 -2 -1 -1    6   6   5   4   1   2   2   4   3   1   8   1   1   0  25   6  16   1   2   5  0.32 0.15
  263 G    1  0 -1 -2 -3  0 -1  4  0 -3 -3  0 -3 -3  3 -1  0 -3 -3 -3   12   6   2   1   0   3   4  36   2   1   2   7   0   0  15   1   5   0   0   1  0.46 0.19
  264 R   -1  5  0 -1 -4  0  4 -3  0 -2 -3  2 -3 -4 -1  0 -2 -4 -2 -3    3  34   4   0   0   0  29   1   2   2   1  12   0   0   3   5   0   0   1   1  0.61 0.27
  265 R   -3  7 -2 -3 -4 -1  0 -4 -2 -4 -4  2 -3 -4  0 -2 -3 -4 -3 -4    1  74   0   1   0   0   4   1   0   0   1   9   0   0   5   1   1   0   0   1  1.38 0.42
  266 G    2 -3  0  0 -3 -2 -2  5  0 -3 -3 -2 -3 -3 -2  0 -1 -3 -3 -1   17   1   5   4   0   0   1  49   2   1   1   2   0   0   1   8   3   0   0   6  0.59 0.21
  267 S    0  2 -1 -2 -3  0 -1 -1 -2 -3 -2  2 -2 -3  0  4 -1 -3 -1 -3    5  13   0   0   0   3   0   4   0   0   4  13   0   0   4  49   0   0   2   0  0.46 0.24
  268 A    3 -1  0 -1 -2  1  0  0 -2 -2 -3  1 -2 -3  0  1 -1 -3 -3  0   43   0   5   2   0   7   7   5   0   0   1  12   0   0   4   6   2   0   0   6  0.31 0.17
  269 D   -1  0  1  5 -3  0  2  0  0 -1 -2 -1 -2 -3 -1 -1  0 -4 -3 -2    5   5   8  41   0   4  12   5   2   6   3   0   0   0   2   1   5   0   0   0  0.44 0.18
  270 G    1  0 -1  0 -1  1  0  3 -1 -3 -2 -1 -2 -3 -2  3 -1 -3 -3 -1    9   4   0   5   1   8   5  23   1   0   3   0   0   0   0  35   0   0   0   4  0.33 0.17
  271 L   -1 -3 -1 -2 -4 -1 -2 -3 -3 -3  0 -2 -3 -3  7 -2  2 -4 -4 -2    4   0   2   2   0   2   0   0   0   0  11   0   0   1  59   1  14   0   0   1  1.26 0.34
  272 Q    0  3 -2  0 -4  5  2 -2 -1 -4 -3  0 -2 -3 -2 -1 -1  4 -2 -3    9  15   0   4   0  42  12   3   1   0   1   0   0   0   1   0   2   7   0   0  0.63 0.26
  273 G    0  0 -1 -1  0  0  0  4  1 -3 -3 -1 -3 -3  1  2 -1 -3 -3 -1    5   5   0   2   3   3   7  39   4   0   0   0   0   0   6  18   2   0   0   5  0.39 0.15
  274 P    0 -3 -3 -3 -3 -2 -2  1 -3 -3 -1 -2 -3 -4  7  1 -1 -4 -4 -3    5   0   0   0   0   0   0  12   0   0   9   0   0   0  59  11   3   0   0   0  1.24 0.29
  275 R   -1  5 -2 -3 -4  3 -1 -3 -2 -4 -3  1 -2 -3  2 -2 -2  5 -2 -3    6  50   0   0   0  20   0   0   0   0   1   4   0   0   9   0   2   8   0   0  0.79 0.25
  276 P   -2 -3 -3 -3 -4  1 -2 -3  2 -3 -4 -2 -1 -4  7 -1 -2 -5 -3 -1    0   0   0   0   0   6   0   0   6   0   0   0   2   0  76   4   0   0   0   4  1.76 0.33
  277 P   -2 -3 -4 -3  2 -2 -3 -4 -4 -1  3 -3  0 -2  6 -2 -2 -4 -3 -1    2   0   0   0   5   1   0   0   0   0  40   0   2   0  46   1   0   0   0   3  0.98 0.23
  278 R    0  6 -2 -2 -4  1 -1 -3 -2 -4 -3  1 -2 -4  0  0 -2  0 -3 -3   10  67   0   0   0   7   0   0   0   0   0   1   0   0   4   8   0   1   0   0  0.84 0.23
  279 H   -2 -2 -2  1 -4  0 -1 -3  3 -3 -2 -2 -3 -4  6 -1  0  1 -3 -3    0   0   0  11   0   6   0   0   9   0   5   0   0   0  56   2   8   3   0   0  1.12 0.21
  280 E   -2 -1 -1  0 -5  3  6 -3 -1 -4 -4  0 -3 -5  2 -1 -2 -4 -3 -4    0   0   0   2   0  15  72   0   0   0   0   0   0   0  11   0   0   0   0   0  1.04 0.25
  281 D   -3 -2  0  7 -5 -1  3 -3 -1 -4 -5 -2 -4 -5 -3 -1 -2 -5 -4 -4    0   0   0  83   0   0  15   0   1   0   0   0   0   0   0   0   0   0   0   0  1.36 0.25
  282 G    0 -2 -1 -2 -3 -2 -3  6 -3 -4 -4 -2 -3 -4 -3 -1  0 -3 -4 -4    4   1   0   0   0   0   0  89   0   0   0   0   0   0   0   0   6   0   0   0  1.23 0.17
  283 H   -2 -2 -1 -2  4  0 -1 -3  9 -4 -4 -2 -3 -3  2 -2 -3 -4  0 -4    0   0   0   0  13   4   0   0  74   0   0   0   0   0   9   0   0   0   0   0  1.29 0.22
  284 C   -1 -4 -4 -4 10 -4 -4 -2 -4 -3 -3 -4 -3 -4  2 -1 -2 -4 -2 -2    0   0   0   0  82   0   0   2   0   0   0   0   0   0  13   2   0   0   1   0  1.76 0.24
  285 S    0 -1  0 -1 -2 -1 -1 -1 -2 -3 -3 -1 -2 -3  1  5  0 -4 -3 -3    0   1   0   0   0   0   0   0   0   0   2   0   0   0   6  91   0   0   0   0  0.80 0.20
  286 W   -4 -4 -5 -6 -4 -3 -4 -4 -4 -4 -3 -5 -3  0 -5 -4 -4 12  1 -4    0   0   0   0   0   0   0   0   0   0   0   0   0   0   0   0   0 100   0   0  3.49 0.35
  287 P   -2 -3 -3 -3 -4 -2 -2 -3 -3 -4 -4 -2 -4 -5  8 -2 -2 -5 -4 -4    0   0   0   0   0   0   0   0   0   0   0   0   0   0 100   0   0   0   0   0  2.50 0.26
  288 L   -2 -3 -4 -5 -2 -3 -4 -5 -4  1  5 -3  1  1 -4 -3 -2 -2 -2  0    0   0   0   0   0   0   0   0   0   0  97   0   0   3   0   0   0   0   0   0  0.83 0.17

                      K         Lambda
Standard Ungapped    0.1326     0.3175
Standard Gapped      0.0443     0.2670
PSI Ungapped         0.1448     0.3083
PSI Gapped           0.0443     0.2670
