
Last position-specific scoring matrix computed, weighted observed percentages rounded down, information per position, and relative weight of gapless real matches to pseudocounts
           A  R  N  D  C  Q  E  G  H  I  L  K  M  F  P  S  T  W  Y  V   A   R   N   D   C   Q   E   G   H   I   L   K   M   F   P   S   T   W   Y   V
    1 M   -2 -3 -4 -5 -3 -2 -4 -4 -4  0  1 -3  8 -2 -4 -3 -2 -3 -2  3    0   0   0   0   0   0   0   0   0   0   7   0  62   0   0   0   0   0   0  31  1.05 0.29
    2 L   -2 -3 -4 -4 -2 -3 -3 -4 -4  2  3 -3  0  0  2 -2  0 -3 -2  2    0   0   0   0   0   0   0   0   0  11  44   0   0   3  11   3   7   0   0  21  0.47 0.19
    3 W   -3 -3 -4 -5 -4 -4 -4  4 -4 -4  0 -2 -3  0 -5 -3 -4 10  2 -4    0   1   0   0   0   0   0  34   0   0  10   2   0   3   0   1   0  41   7   0  1.54 0.42
    4 I    0 -3 -4 -4 -2 -3 -3 -4 -4  3  3 -1  1  0 -2 -2  1 -3 -1  3    6   0   0   0   0   0   0   0   0  23  29   4   2   3   2   2   8   0   1  20  0.37 0.19
    5 M    0 -4 -5 -5 -4 -2 -4 -2 -1  1  3 -3  1  0 -5 -4 -3  9 -1  0    7   0   0   0   0   2   0   4   2  10  31   2   4   3   0   0   0  31   0   5  1.01 0.36
    6 A    2 -2 -3 -3  3  0 -1 -3 -3  1  1 -2  0 -2 -2 -1  1  1 -1  2   22   1   0   0   9   5   2   0   0   9  13   1   2   0   1   3  10   2   2  18  0.21 0.17
    7 V   -1 -4 -4 -4  0 -3 -2 -5 -4  2  3 -4  1  1 -4  0 -2 -4 -2  4    2   0   0   0   2   0   3   0   0   9  34   0   3   7   0   7   1   0   0  32  0.52 0.28
    8 L   -2 -3 -2 -4 -3 -4 -2 -5 -4  1  5 -4  0  1 -2 -3 -1  0 -2  2    1   1   2   0   0   0   3   0   0   5  58   0   1   6   2   1   2   1   0  14  0.64 0.32
    9 P   -1 -3 -3 -4  4  0 -3 -3 -1  1 -1 -3 -1  3  4 -1  1 -3 -2  2    3   0   0   0  11   5   0   1   2   8   4   0   1  17  19   3   9   0   0  15  0.43 0.25
   10 L   -1 -4 -4 -5 -3 -4 -4 -3 -4  2  4 -4  1  2 -4 -2 -1 -3 -1  1    5   0   0   0   0   0   0   2   0  10  53   0   3  11   0   3   4   0   1   6  0.62 0.30
   11 V    0 -4 -4 -4  2 -3 -3 -1 -1  4  0 -3  0 -1 -2 -2 -1 -4 -1  4    8   0   0   0   5   0   2   5   2  29   8   0   1   2   1   2   2   0   1  32  0.46 0.26
   12 L    0 -1 -2 -4 -3 -4 -4 -3 -4  4  2 -3  1  2 -3 -3 -2 -3 -2  2    9   3   3   0   0   0   0   1   0  30  21   0   4  10   1   0   1   0   0  17  0.47 0.26
   13 A    3 -2 -3 -2  2 -2  2  0 -3 -1 -1 -2 -2 -1 -2  1  2 -4 -3 -1   35   1   0   0   5   0  17   6   0   5   6   0   0   2   1   8  12   0   0   2  0.35 0.27
   14 G    0 -3 -2 -3  1  0 -1  3 -2 -1 -1 -2 -2  0  0  2  2 -3  0 -1    4   0   0   0   3   4   2  27   1   5   6   0   1   5   5  18  14   0   3   3  0.26 0.20
   15 P   -1 -2  0 -1  0  2 -1 -3  1  0  0 -2 -2 -3  3  2  0 -4 -3  0    3   1   3   2   2  13   3   1   4   5  12   0   0   0  18  20   6   0   0   7  0.29 0.22
   16 E    0 -1 -3 -3  5  2 -2 -2 -3 -2 -1 -2 -2 -1  2  3  0 -4  0 -1    5   3   0   0  16  12   1   3   0   1   8   0   0   3  12  25   4   0   4   4  0.39 0.27
   17 L   -2  1 -2 -1  2 -1 -1 -1  2 -1  1  4 -2 -1 -3  0 -2  2 -3  0    1   7   1   4   4   1   2   3   5   2  14  36   0   2   0   7   1   3   0   7  0.30 0.24
   18 N   -1 -2  4  0  1  1 -1  2  2 -4 -3  0 -3 -4 -1  2  0 -4 -3 -2    2   1  21   3   4   6   3  16   6   0   3   5   0   0   3  19   7   0   0   3  0.34 0.23
   19 V    1 -1 -1  3 -3 -2 -1  0  0  1  0 -2 -1 -2 -2 -1  0 -4 -1  2   11   3   2  23   0   0   3   6   2   6   9   0   1   1   1   3   4   0   2  23  0.19 0.18
   20 R    0 -1  4  0 -3  0  0 -2  3 -3 -3  0 -2 -4 -2  1  3 -5 -2 -1    8   2  23   3   0   3   5   1   7   0   2   6   1   0   1  12  21   0   1   4  0.39 0.26
   21 M    3  1 -1 -2 -3  0  2 -2 -3 -1 -1  0  0 -4 -2  0  1 -4 -3  1   33   9   3   1   0   2  16   2   0   3   4   3   2   0   2   3   7   0   0  10  0.27 0.22
   22 Q    1  0  1 -1 -3  4  0 -1  0 -3 -2  0 -2 -4  1  0  0 -4 -3  0   14   5   7   2   0  27   4   3   2   0   3   4   0   0   8   7   5   0   0   8  0.31 0.23
   23 G    1 -2 -2 -2 -2 -2  0  1 -3  0  0 -2 -1 -1  2  0 -1  0 -1  3   11   1   1   1   0   1   6  12   0   4  10   1   1   2  10   8   2   1   1  28  0.18 0.16
   24 T    1 -1 -1 -3 -1  0 -2 -2 -3  2  0 -2 -2 -3 -1  0  4 -4 -3 -1   14   3   2   0   1   4   2   3   0  15  11   1   0   0   3   5  34   0   0   2  0.35 0.26
   25 D    0  0  1  4 -4 -1  0  0  5 -3 -3 -1 -3 -4 -3  2 -1 -4 -2 -3   10   4   4  23   0   2   5   5  20   2   2   3   0   0   1  15   4   0   0   0  0.47 0.26
   26 S    0 -1  0 -2  0 -1 -2  0  0  3 -1 -2 -1 -2  0  2  1 -4 -3  1    8   4   3   1   2   2   1   6   3  27   1   0   1   1   4  17   9   0   0   7  0.18 0.18
   27 I    0  0  2 -1 -2  0 -1 -2 -2  0  0 -1 -1 -1  0  1  0 -1  0  1   10   7  16   3   0   3   2   1   0   6  10   3   1   3   3  10   4   1   4  14  0.08 0.11
   28 F   -1 -1 -2  0 -2 -1 -2 -3  2 -1  1 -2 -2  2  0  3  0  2  3 -2    2   2   0   5   0   1   2   1   6   2  15   0   0   8   4  27   4   2  13   2  0.26 0.22
   29 E   -1  0  3 -1 -4  0  3 -3  0 -3 -3  2 -3 -3  0  0 -1  7 -1 -2    3   4  14   3   0   3  22   1   2   2   2  11   0   0   4   7   2  16   1   2  0.53 0.28
   30 G    0 -2  0 -2 -3 -1 -1  4 -1 -2 -2  3 -1 -4 -2  1 -1 -4 -3 -1    5   1   3   0   0   1   4  36   1   2   4  20   2   0   1  10   3   0   0   6  0.44 0.24
   31 L   -2 -3  0 -3  4 -3 -2 -3 -3  0  4 -3 -1  0 -4  0 -1 -2 -1  1    2   1   6   1  11   0   2   2   0   5  45   1   0   4   1   8   2   0   2   7  0.45 0.25
   32 E   -1  0 -2  0 -3 -1  2 -2  1  2  1  2 -1 -1  0  0  0 -3 -1 -1    4   5   0   4   0   1  16   2   4  14  13  15   0   2   4   7   5   0   1   1  0.12 0.13
   33 L   -2 -2 -3 -4 -3 -2 -2 -3 -4  1  4 -3  1  0 -3  0  1  1 -1  1    2   2   0   0   0   1   2   2   0   5  46   1   3   3   1   7  12   2   1   9  0.43 0.25
   34 K   -2  5 -1 -2 -4 -1 -1  0 -1 -2 -4  2 -2 -4 -3  2  2 -4 -4 -3    2  36   3   1   0   1   2   8   1   3   1  12   1   0   1  14  14   0   0   1  0.59 0.32
   35 R    1  5  0 -2 -4  0  0 -2  0 -4 -3  2 -3 -4 -3  0 -1 -5 -4 -3   10  40   4   1   0   3   6   3   2   0   2  14   0   0   1   7   4   0   0   2  0.63 0.33
   36 S   -1 -1  4 -2 -3 -2  0 -1 -2  2 -1  0  0 -2 -3  0  1 -4 -3  1    3   4  26   1   0   1   7   3   1  14   3   5   2   1   0   6  10   0   0  12  0.30 0.23
   37 V   -2  2 -3 -4 -3 -1 -2 -4  4  4  0  0  0 -1 -4 -3 -2 -1 -1  3    2  12   0   0   0   2   2   1  10  25   9   7   2   2   0   1   2   1   2  20  0.40 0.25
   38 R    2  3  0 -3 -3 -2 -2 -3 -3 -1 -1 -1 -2 -2  2  0  3 -4 -3 -2   20  20   4   0   0   0   1   1   0   3   6   3   1   2   9   5  24   0   0   2  0.42 0.29
   39 E   -1  2 -1 -2 -2  2  3  0 -2 -2 -3  3 -2 -5 -2 -1  2 -2 -4 -2    3  10   1   0   1  10  17   7   1   3   2  23   0   0   1   2  14   1   0   3  0.39 0.28
   40 T   -1  6 -1 -3 -5  0 -2 -2  1 -2 -3  1 -2 -5  1  0 -1 -5 -3  0    5  41   3   1   0   3   1   3   3   3   2   7   1   0   8   7   4   0   1   8  0.60 0.34
   41 D   -1  2 -1  1 -1  2  4 -4  1 -4 -4  1 -3 -3  1  1 -2 -5 -4 -4    6  10   2   6   2  10  34   0   3   1   1   7   1   1   6   9   1   0   0   1  0.56 0.33
   42 N    0 -2  0 -2  2  1 -1 -2 -1  2 -1 -2 -2 -2 -1  2  3 -4 -3  1    7   1   4   1   5   7   3   1   1  12   3   2   1   1   2  17  21   0   0   9  0.25 0.22
   43 N    0  0  2  0  0  3  1  0  0 -3 -3  1 -2 -3  0  2  0 -4 -3 -2    7   4  10   4   2  15   9   8   2   1   2   7   1   1   4  15   7   0   1   3  0.23 0.19
   44 C   -5 -8 -2 -6 11 -5 -8 -7 -8 -6 -2 -6 -6 -7 -8 -5 -6 -7 -7 -3    1   0   2   0  88   1   0   0   0   0   5   0   0   0   0   1   0   0   0   2  3.77 1.13
   45 S   -2  2  2  0 -2  2  0  2  1 -3 -1  1 -2 -4  1  0 -1 -1 -3 -2    2  10  10   4   1  10   5  19   3   1   6   8   1   0   9   5   4   1   0   2  0.23 0.18
   46 E   -2 -3 -1  3 -6  2  5 -4 -2 -4 -2  0 -4 -4  2 -1 -2 -3 -2 -3    2   1   2  15   0   9  37   1   0   1   4   6   0   1  12   5   2   0   1   2  0.70 0.40
   47 G   -2 -2  2  3 -6 -2  1  5 -1 -6 -6 -1 -3 -5 -5 -3 -2 -1  1 -5    3   2  11  17   0   1   7  44   1   0   0   4   1   0   0   1   2   1   5   0  0.88 0.43
   48 L   -4 -3 -3 -3 -6  4  6 -6 -2 -5  1 -2 -1 -6 -3 -3  1 -6 -2 -4    1   0   1   0   0  21  47   0   1   0  13   1   1   0   1   1   8   0   1   1  1.09 0.57
   49 Y   -5 -6 -4 -8 -1 -2 -6 -8  6 -6 -5 -7 -6  1 -8 -6 -5 -3  9 -6    1   0   1   0   1   2   0   0  17   0   1   0   0   5   0   0   1   0  73   0  2.79 0.96
   50 Q   -2  2  0 -1 -4  2  1 -2  1 -2  2  0 -1 -1  3 -1 -2  1 -1 -2    1  10   5   2   0  10   8   3   3   1  21   4   1   2  16   5   1   2   2   1  0.26 0.22
   51 V   -1 -1  0  0 -4 -1  0 -2  6  1  0 -3 -2  0 -3  0  0 -2  0  1    4   4   3   5   0   1   5   3  25   9  10   1   1   5   1   9   5   0   2   9  0.35 0.25
   52 G   -2  0  3  2 -5  1  2  4  0 -5 -5 -1 -3 -5 -3  0 -1 -5 -4 -5    2   4  16  13   0   5  15  30   2   0   0   2   1   0   1   5   3   0   0   0  0.61 0.33
   53 P   -1  0  3  1 -4  1 -1  4 -2 -4 -5 -2 -4 -5 -3  0  1 -5 -5 -2    4   4  15   9   0   7   3  33   1   0   0   2   0   0   1   7  10   0   0   3  0.57 0.32
   54 F   -2  2 -1 -3 -3  3  1 -4  4  1  1  0  0  2 -4 -2 -2  1 -1 -1    3  10   2   1   0  13  10   0  12  11  13   4   1  10   0   2   2   2   2   3  0.28 0.22
   55 C   -4 -5 -4 -3 11 -5 -5 -7 -4 -5 -6 -7 -6 -5 -7 -3  0 -7 -2 -6    1   1   1   2  83   0   1   0   0   0   0   0   0   0   0   2   6   0   2   0  3.40 1.02
   56 C   -6 -3 -7 -3 12 -4 -8 -5 -2 -6 -7 -8 -7 -7 -8 -3 -6 -7 -7 -6    0   2   0   2  90   1   0   1   1   0   0   0   0   0   0   2   0   0   0   0  3.91 1.14
   57 Q   -3  1  0  0  5  2 -2 -4 -3 -2  1  3  2 -4  2 -2 -2 -5 -4 -1    1   6   4   6  13  10   1   0   0   1  12  21   6   0  11   2   2   0   0   4  0.44 0.30
   58 P   -3  1  2 -2  0 -2 -3 -5 -3 -3  2  4  3  0  2 -1 -3 -5 -1 -3    0   7  10   2   2   1   0   0   0   0  22  27   8   4  11   3   1   0   2   1  0.48 0.33
   59 C   -3 -9 -8 -9 12 -8 -9 -8 -8 -7 -7 -6 -7 -8 -8 -5 -6 -8 -8 -5    2   0   0   0  96   0   0   0   0   0   0   1   0   0   0   0   0   0   0   1  4.35 1.24
   60 Q    0 -1 -2 -3 -6  1  1 -2  3 -6 -2  0 -5 -6  6  0 -3 -6 -5 -5    8   3   2   1   0   6  10   3   7   0   5   5   0   0  42   7   1   0   0   0  0.97 0.46
   61 P    5  1 -5 -4 -5 -3 -3 -5 -3 -4 -5 -2 -2 -4  6 -1 -3 -7 -6 -3   43   7   0   1   0   1   1   0   1   1   0   2   1   1  36   3   1   0   0   1  1.28 0.59
   62 G   -3 -7 -5 -6 -8 -7 -7  8 -7 -9 -9 -7 -8 -8 -7 -5 -7 -8 -8 -8    1   0   0   0   0   0   0  99   0   0   0   0   0   0   0   0   0   0   0   0  2.85 0.96
   63 E   -3 -2 -1 -4 -5  2  2 -5  3 -5 -3  0 -2  3 -5  0  5 -3  3 -4    0   1   2   0   0  10  13   0   6   0   2   6   1  12   0   5  33   0   9   0  0.70 0.44
   64 R   -5  4 -5 -6 -6 -3 -4 -4  4 -4 -5  2 -3  3 -6 -4 -5  1  6  1    0  23   0   0   0   1   0   1  11   1   0  12   0  10   0   1   0   1  28  12  1.09 0.53
   65 K   -3 -3 -4 -4 -5 -3 -5 -6 -6 -1  2  4 -1 -4 -6 -5 -4 -6 -5  5    2   1   0   1   0   0   0   0   0   2  19  27   1   0   0   0   0   0   0  47  1.11 0.55
   66 V    2 -1  1 -1 -3  0  1 -2  0 -1 -2  2 -2 -1 -3  1  0 -3 -1  1   16   1   9   2   0   5   8   1   2   3   2  16   1   3   0  10   4   0   2  14  0.17 0.18
   67 K   -1  1  1  0 -4  2  2 -2 -1  0 -3  3 -2 -4 -3  1  1 -5 -3 -2    5   9   7   4   0   9  14   2   1   6   1  20   1   0   0   9   9   0   0   3  0.32 0.24
   68 D   -1 -3 -2  4 -4 -3  0 -2  7 -5 -4 -2 -5 -5  3  0 -2 -6  0 -4    4   1   1  27   0   0   6   2  27   0   2   2   0   0  16   6   2   0   3   1  1.01 0.49
   69 C   -6 -8 -8 -8 12 -8 -9 -5 -8 -2 -6 -8 -7 -7 -8 -6 -6 -7 -4 -6    0   0   0   0  94   0   0   1   0   3   0   0   0   0   0   0   0   0   1   0  4.27 1.25
   70 T   -2 -2 -1  1 -2  0  0 -2 -2 -2 -4  0 -3 -5  3  1  5 -4 -5 -2    2   2   2   7   1   3   4   3   1   2   1   6   1   0  13  12  36   0   0   3  0.57 0.36
   71 T    1  1 -2 -1 -4  0  3 -2 -1 -2 -4  1 -2 -3 -3  1  3 -3 -3  0   10   9   1   2   0   3  19   2   1   2   0  10   1   1   1  11  18   0   1   9  0.32 0.25
   72 S   -1 -3  3  4 -4  0 -1 -3 -2 -2 -2 -2 -4  0  3  1  1 -5 -1 -3    5   1  17  21   0   4   2   1   1   2   3   1   0   4  16   9   8   0   2   1  0.48 0.30
   73 G   -1 -1  1  0 -4  1 -1  2  6  0 -1 -2 -2 -3 -1 -1  2 -3 -2 -3    4   4   6   5   0   5   4  15  20   6   6   2   1   1   3   4  13   0   1   1  0.31 0.22
   74 G   -2 -2  1  1 -4  1  1  2  0 -2 -2  0 -2 -4 -2  2  2 -2 -3 -1    1   1   6   8   0   7  11  16   2   2   3   6   1   0   2  16  13   0   0   5  0.23 0.19
   75 A    0  2 -1  0 -4  1  1 -3 -1 -1 -1  3 -1 -3 -3  0  2 -4 -1 -2    7  10   2   5   0   6   9   1   1   4   5  19   2   1   0   6  17   0   2   2  0.25 0.20
   76 P    0 -2 -2 -3 -3 -3 -2  4 -3 -3 -3 -2 -3 -4  3  2  2 -4 -3 -3    5   2   2   1   0   1   2  35   0   1   2   2   0   1  15  15  13   0   1   2  0.61 0.29
   77 T   -2  0 -1  0  0  2  2 -3  4  1 -2  2 -2 -3 -3 -1  1 -4 -3  1    1   4   2   4   2   9  14   1  13   7   3  14   1   1   0   3   8   0   0  14  0.31 0.23
   78 C   -6 -8 -8 -8 12 -8 -9 -8 -8 -7 -7 -8 -7 -8 -8 -6 -6 -8 -8 -6    0   0   0   0  98   0   0   0   0   0   0   0   0   0   0   0   0   0   0   0  4.56 1.30
   79 H    1 -1 -3 -1 -3 -1  3 -4 -1  0  1  0 -1 -3 -3 -1  0 -3 -3  3   11   2   0   2   0   2  19   1   2   5  15   5   1   1   0   5   4   0   1  24  0.27 0.23
   80 P   -2 -1 -3 -4 -6 -1 -1 -5  0 -3 -1  0 -5 -2  7  0 -3 -7 -2 -4    3   4   1   1   0   3   4   1   2   1   6   5   0   2  57   7   1   0   1   1  1.33 0.59
   81 C   -6 -4 -8 -9 12 -9 -9 -8 -9 -7 -7 -9 -7 -8 -9 -7 -7 -8 -8 -7    0   2   0   0  98   0   0   0   0   0   0   0   0   0   0   0   0   0   0   0  4.59 1.33
   82 T   -1 -2 -1  1 -4  1  4 -1  0 -1 -3  1 -1 -4  2  0  1 -5 -4 -2    5   1   1   9   0   6  27   5   3   4   1   9   1   0   9   6  10   0   0   3  0.34 0.24
   83 E   -1 -2  2  1 -4 -1  4 -4  1 -4 -3  2 -2 -4  3  0 -1 -5  0 -4    3   1   9   8   0   2  27   0   4   1   3  13   1   1  13   8   3   0   3   1  0.47 0.29
   84 G   -2 -3 -2 -3 -5 -4 -4  7  0 -5 -4 -3 -5 -3 -4 -3 -4 -5 -5 -4    2   1   1   1   0   1   1  81   2   1   2   1   0   2   1   1   1   0   0   1  1.77 0.59
   85 E   -2  1 -1  2 -3  1  3 -2 -1 -2 -2  3 -2 -2 -2  0 -1 -3 -2 -1    3   5   2  10   0   6  24   3   1   2   3  24   1   2   2   6   2   0   1   4  0.38 0.20
   86 E   -3 -3 -2  0 -4 -2  4 -2 -2 -4 -3 -3 -1 -3 -3  0  6 -4 -2 -3    1   1   2   5   0   1  26   4   1   1   2   1   1   1   1   5  46   0   1   1  0.91 0.45
   87 Y   -6 -6 -7 -7 -7 -6 -7 -7  0 -5 -5 -6 -5  7 -7 -6 -6 -3  9 -5    0   0   0   0   0   0   0   0   1   0   0   0   0  38   0   0   0   0  59   0  2.66 0.89
   88 T   -3 -2  1 -5 -4 -3 -4 -5 -5  1  1 -2  6 -4 -5  0  5 -5 -5 -2    1   3   6   0   0   1   0   0   0   7  12   2  23   0   0   5  38   0   0   1  0.94 0.50
   89 D    3 -2  1  5 -5 -3  3 -2 -2 -5 -6 -2 -5 -6 -2  1 -2 -6 -5 -5   22   1   7  35   0   0  17   3   1   0   0   2   0   0   1   8   2   0   0   0  0.83 0.43
   90 R   -2 -1 -2 -2 -6  0  0 -3  9 -4 -5  2 -3 -2 -5 -3  1 -2  1 -1    3   2   1   2   0   4   7   1  46   0   1  11   0   1   0   1   9   1   5   5  1.24 0.55
   91 K    0 -2 -1  1 -5 -3  1 -3 -1 -2 -2 -2 -3 -2  5  0 -2  5  0 -2    9   2   2   9   0   0  10   1   1   3   3   2   0   2  31   7   1   9   3   3  0.64 0.35
   92 H   -6 -5  8 -2 -7 -5 -5 -5  5 -8 -8 -5 -7 -7 -7  0 -1 -8 -6 -7    0   0  78   1   0   0   0   0  11   0   0   0   0   0   0   5   3   0   0   0  2.42 0.91
   93 Y   -2  1 -1  3 -2 -2 -1  4  2 -2 -3 -2 -3  0 -4  1  0 -4  2 -4    2   8   2  17   1   1   3  29   4   2   2   2   0   5   0   9   6   0   8   1  0.42 0.28
   94 S   -2 -1 -4 -3 -5  0  2 -4 -3 -2  4 -1  3 -1 -5  1 -3 -5 -3 -2    2   2   0   1   0   5  16   1   1   1  46   4   8   2   0  10   0   0   0   2  0.60 0.38
   95 D   -2  1  1  3 -5 -1  2 -3  0 -3 -3  0 -2 -4  1  2  1 -5 -3 -3    1   7   6  21   0   2  14   1   2   1   3   5   1   1   7  17   9   0   1   1  0.39 0.27
   96 K   -2  2  0 -2 -5  1  2 -3  4 -4 -4  4 -3 -3 -4  1  0 -5 -1 -4    2  11   3   1   0   6  15   2   9   0   1  30   0   1   0  11   6   0   2   1  0.58 0.35
   97 C   -6 -9 -8 -9 12 -9 -9 -8 -9 -7 -7 -9 -7 -8 -8 -6 -6 -8 -8 -6    0   0   0   0 100   0   0   0   0   0   0   0   0   0   0   0   0   0   0   0  4.65 1.33
   98 R   -4  3 -4 -3 -5  0  0 -5  4  0  3 -2  1  3 -5 -2 -3  1  0 -2    0  15   0   1   0   3   7   0  10   5  31   1   3  13   0   2   1   2   3   2  0.48 0.31
   99 R   -2  5 -3 -3 -6  3 -2 -3 -2 -4 -2  1 -4 -6  5 -1 -2 -6 -5 -3    2  33   1   1   0  14   1   2   1   1   5   6   0   0  25   5   3   0   0   2  0.92 0.47
  100 C   -4 -6 -5 -6 11 -1 -5 -5  4 -5 -5 -5 -5 -5 -5 -4 -4 -5 -5 -5    1   0   0   0  80   4   1   1   9   0   1   0   0   0   0   1   0   0   0   1  3.23 0.91
  101 A   -1  3  0 -1 -4  0 -1 -2  1 -2 -3  2 -3 -4 -3  1  4 -1 -1 -2    3  20   3   3   0   4   2   3   3   2   2  10   0   0   0  13  27   1   2   1  0.44 0.28
  102 F   -1  1 -1 -2 -3  2  0 -2  3 -1  0 -1  0 -1 -2  1  1  0  3 -1    3   7   2   2   0  14   3   1   9   4   8   3   2   2   2  15   7   1  10   5  0.18 0.17
  103 C   -4 -5 -5 -5 11 -5 -5 -5 -5 -4 -4 -5 -5 -5 -5 -4 -4 -5 -5 -4    1   1   1   1  88   1   1   1   0   1   1   1   0   0   1   1   1   0   0   1  3.59 0.94
  104 D   -2  3  0  6 -4 -1  0 -2  0 -4 -3  1 -4 -4 -2 -1 -2 -4 -2 -3    2  18   4  43   0   2   4   3   2   1   2   9   0   0   2   4   2   0   1   2  0.77 0.34
  105 E   -1 -1 -2  1 -4 -1  2 -1  0 -3 -3  0 -2 -4  5  2  0 -1 -3 -2    4   3   1   7   0   2  14   5   2   2   2   5   1   0  26  17   4   1   0   2  0.48 0.26
  106 G    0 -2  4  4 -4 -1  1  1  0 -1 -3 -1 -1 -4 -2  0 -1 -4 -3 -2    7   1  22  22   0   2  11   9   2   4   1   4   1   0   2   4   2   0   0   4  0.41 0.23
  107 H    0  1  1  1 -3  1  1 -2  2 -1  0  1  1  1 -2  0 -1 -3 -1  0    8   8   7   8   0   7   8   1   7   0   8   8   7   7   0   8   0   0   0   8  0.09 0.12
  108 G   -1 -1  3  0 -3  1 -2  5 -1 -2 -2 -1 -3 -2 -3 -1 -1 -3 -3 -2    3   3  14   5   0   6   1  41   2   3   5   3   0   2   1   3   3   0   1   3  0.51 0.27
  109 L   -2 -1 -1 -2 -2  1  1 -3 -2 -1  4 -1  2  0 -2 -2 -1  1 -1 -1    2   3   4   2   1   7   8   2   1   1  42   4   5   4   1   2   3   2   2   4  0.34 0.22
  110 E   -2  0 -1 -1 -5  0  4 -5 -1  1 -2  0  0 -3 -1 -1  1 -1 -1  1    1   6   2   2   0   3  35   0   1  10   2   4   3   1   2   4   9   1   2  11  0.43 0.36
  111 V   -2 -5 -2 -5 -4 -1  0 -3 -5  1 -2 -2  4 -2 -1 -4  2 -5 -4  5    2   0   2   0   0   3   7   2   0   6   2   3  11   1   3   0  15   0   0  42  0.74 0.50
  112 E   -1 -1 -1  0 -3  0  2 -3  0  0 -1  1  0 -2 -2 -1  0  0 -3  3    5   3   2   4   0   5  18   2   3   5   6  10   2   1   1   4   4   1   0  24  0.21 0.22
  113 T    0  4 -1 -2 -1  1  0 -3  0 -3 -3  3 -1 -3 -4  2  1  0 -4 -2    7  20   2   2   1   6   6   1   2   2   2  20   1   1   0  16   7   1   0   3  0.39 0.32
  114 N   -1  0  4 -1 -5 -1  2 -2 -1 -3 -3  0 -4 -5  4  1  0 -6 -5 -3    6   4  20   3   0   2  14   2   1   1   2   5   0   0  23   9   4   0   0   2  0.56 0.39
  115 C   -4 -6 -5 -6 11 -6 -6  1 -6 -5 -5 -6 -5 -5 -5 -4 -4 -5 -5 -4    1   0   0   0  83   0   1  10   0   0   1   0   0   0   0   1   0   0   0   1  3.28 0.91
  116 T   -2  0 -2 -3 -4 -2 -3 -4 -2 -3 -4 -2 -3 -3 -4  3  7 -5 -4 -3    1   4   2   1   0   1   1   1   1   1   1   2   0   1   0  20  61   0   0   1  1.24 0.56
  117 R    1  2 -2 -2 -3  0 -2 -3  0 -1 -1 -1 -2 -3  4  2  1 -1  0 -1   10  12   1   1   0   3   1   1   2   4   8   2   0   1  22  15   8   1   3   4  0.34 0.22
  118 T   -1 -2 -2 -1 -4 -1  1 -3 -4 -1 -3  1 -2 -2 -3  0  6 -2 -3 -1    4   1   1   3   0   2   9   2   0   3   1  10   1   2   0   5  50   1   1   4  0.72 0.40
  119 Q   -1  2 -1 -3 -4  5  1 -3  2 -4 -4  1 -3 -4 -3  3  2 -4 -2 -4    4  10   2   0   0  26   7   1   4   0   1   8   0   0   0  22  13   0   1   0  0.60 0.35
  120 N   -5 -4  6  6 -6 -3 -2 -4 -3 -6 -6 -4 -5 -6 -5 -3 -4 -6 -5 -5    1   0  41  51   0   0   2   1   0   0   1   0   0   0   0   1   0   0   0   0  1.84 0.66
  121 T    0  2 -2 -4 -4 -1 -4 -4 -4 -4 -4 -3 -4 -5 -4 -1  7 -5 -4 -1    7  11   1   0   0   3   0   1   0   0   1   0   0   0   0   2  68   0   0   3  1.39 0.60
  122 K   -2 -1 -3 -2 -4  2  3 -4 -3  0 -1  3 -1 -4 -3 -2  0 -4 -3  3    1   3   0   1   0   8  18   1   0   4   6  22   1   0   0   1   6   0   0  26  0.44 0.29
  123 C   -4 -6 -6 -6 12 -6 -6 -6 -6 -5 -5 -6 -5 -6 -6 -5 -5 -6 -6 -5    1   0   0   0  93   0   0   1   0   0   1   0   0   0   0   1   0   0   0   0  3.89 1.04
  124 R    0  3 -2 -2 -4  4  1  2 -1 -2 -4  0 -2 -4 -3 -1  1 -1 -3 -1    6  18   0   1   0  22   9  14   1   3   1   5   1   1   0   4   9   1   0   4  0.41 0.27
  125 C   -4 -6 -6 -6 11 -6 -6 -6 -6 -5 -5 -6 -5 -6  1 -5 -5 -6 -6 -5    1   0   0   0  85   0   0   1   0   0   1   0   0   0   8   1   0   0   0   0  3.48 0.97
  126 K    1  2 -1 -1 -4  1  0 -2 -2 -2  0  5 -1 -4 -1 -1 -2 -4 -3 -3   10  12   2   3   0   6   3   2   1   2   9  40   1   0   2   3   1   0   0   1  0.50 0.29
  127 E   -1 -1 -1  0 -4  3  3 -3 -1 -3 -3  3 -2 -4  3  0 -1 -4 -4 -3    5   2   2   4   0  14  23   1   1   2   2  20   1   1  13   7   3   0   0   2  0.52 0.29
  128 N   -3 -3  5  0 -5 -4 -3  6 -1 -6 -5 -4 -5 -5 -5 -3 -4 -5 -5 -5    1   1  25   4   0   0   1  61   1   0   1   0   0   0   0   1   0   0   0   0  1.46 0.55
  129 F   -3  0 -3 -3 -4  2 -3 -4  5 -4 -2 -2 -3  5 -4 -2  0  0  5 -4    1   6   0   1   0  11   0   1  16   0   3   2   0  25   0   3   7   1  22   0  0.91 0.41
  130 Y   -5 -5 -5 -5 -3 -5 -5 -5  4 -4 -4 -5 -4  7 -5 -4 -5 -2  7 -3    1   0   0   0   1   0   0   1   9   0   1   0   0  44   0   1   0   0  38   1  1.91 0.65
  131 C   -3 -3 -5 -5 11  1 -5 -5 -5 -5 -4 -2 -5 -5 -5 -3 -4 -5 -1 -4    1   2   0   0  77   7   1   1   0   0   1   3   0   0   0   2   1   0   2   1  2.87 0.84
  132 N   -1 -1  3  3 -3 -1 -1 -2  0  0 -2 -1 -2 -3  2  0  2 -4 -3  1    3   2  16  17   0   1   3   3   2   6   2   2   0   1  11   8  12   0   0  10  0.28 0.19
  133 A    0 -2  0  3 -3 -1 -1  0 -1 -2 -3 -1 -3 -4  3  3  0 -4 -4 -2    7   1   4  15   0   1   3   8   1   2   2   2   0   0  15  31   5   0   0   2  0.45 0.27
  134 S   -1 -1  0  2 -4  2  3  0  1 -4 -3  0 -2 -2  1  2 -1 -4 -2 -2    5   2   2  13   0   8  21   6   4   0   2   4   1   2   8  18   2   0   1   2  0.35 0.22
  135 L    1 -1  0  2 -3 -1  1  1  0 -2 -2 -1 -2 -2  2  1  0 -4 -3 -1   15   2   4  13   0   2   9  11   3   2   3   2   0   2  11  11   7   0   0   4  0.20 0.14
  136 C   -4 -5 -3 -3 10 -5 -5 -1 -3 -3 -2 -2 -4 -3 -2  0 -1 -5 -2 -4    1   0   1   2  67   0   1   4   1   1   4   3   0   1   2   6   3   0   1   1  2.22 0.70
  137 D   -2  0 -2  2 -5 -1  5 -2 -1 -3 -4  0 -2  1 -3 -1 -1 -4 -1 -2    2   6   1  12   0   1  48   3   1   1   1   5   1   6   0   3   3   0   2   2  0.72 0.36
  138 H   -1 -1 -1 -1 -3  1  0 -1  5  1 -1 -1  0  0 -2  1 -1 -3 -1  1    5   3   2   2   0   6   4   4  20  10   4   2   3   4   1  13   2   0   1  11  0.24 0.19
  139 C   -3 -8 -7 -8 12 -7 -8 -7 -8 -6 -6 -8 -6 -7 -7 -6 -6 -7 -7 -6    2   0   0   0  96   0   0   0   0   0   0   0   0   0   0   0   0   0   0   0  4.22 1.18
  140 Y   -1  2  0  1 -3  3  0 -3  1 -2 -1  2 -1  0 -3 -1 -1 -3  1 -1    5  13   3   8   0  15   5   1   3   2   8  17   2   5   0   2   4   0   5   3  0.21 0.17
  141 H   -2  3  1 -3 -5  0 -2 -4 -3 -3  1  2 -2 -5  5 -1 -2 -2 -4 -3    2  19   6   1   0   3   2   0   0   0  14  13   1   0  30   4   2   1   0   1  0.70 0.37
  142 C   -4 -5 -3 -6 11 -6 -6 -7  6 -4 -5 -4 -6 -6 -7 -4 -5 -6 -1 -5    1   0   1   0  71   0   0   0  20   1   1   1   0   0   0   1   0   0   2   0  3.08 0.98
  143 T   -1  0 -2  2 -2 -1 -2 -3 -2 -3 -4  2 -3 -5 -4  4  4 -5 -4 -3    3   5   1  11   1   2   1   0   1   1   1  11   1   0   0  31  31   0   0   1  0.72 0.44
  144 S   -2  2 -2 -3 -2  0 -1 -4  0  0 -1  3 -1 -3  0  2  2 -4 -3  0    1  12   1   0   0   4   2   0   3   7   6  17   1   1   4  22  14   0   0   5  0.31 0.27
  145 C   -4 -2  0 -7 11 -6 -5 -6 -6 -4 -5 -4  1 -6 -5 -3 -3 -6 -6 -4    1   3   6   0  79   0   1   0   0   1   1   1   4   0   0   2   1   0   0   0  3.07 0.97
  146 G   -1  0 -2 -1  3 -1  3  0  0 -2 -3  2 -3  1  3 -1 -2 -4 -1 -2    3   4   1   3   8   1  22   9   2   2   2  13   0   7  14   3   1   0   1   2  0.32 0.23
  147 L   -2 -3  1  0 -3 -1  0  2 -2 -2 -3 -1 -3 -3  6  1 -2 -4 -4 -2    2   1   7   5   1   3   6  14   1   2   3   3   0   1  36   9   2   0   0   3  0.67 0.31
  148 E   -2 -2  1  0 -5  2  2  4  3 -4 -1 -1 -3 -4 -3 -1 -2 -4 -2 -4    1   2   6   4   0  12  17  34   7   0   8   3   0   0   1   2   1   0   1   1  0.56 0.33
  149 D   -1  1  0 -1 -4  0  3  4 -2 -2 -3 -1 -3 -3 -1 -1 -1 -4  1 -1    3   8   3   3   0   3  20  34   0   3   2   3   0   0   3   2   3   0   6   4  0.44 0.28
  150 I   -3 -5 -4 -5 -2 -5 -1 -5 -4  5 -2 -4 -1 -3 -5 -5 -1 -6 -4  5    1   0   1   0   1   0   6   1   0  37   1   1   1   0   0   0   4   0   0  46  1.18 0.53
  151 L   -2  0 -3 -3  1  1  1 -4 -3  1  1  2 -1 -3 -4 -1 -1 -4 -3  3    1   5   1   1   3   5   9   0   0   9  17  18   1   0   0   4   3   0   0  22  0.29 0.24
  152 E   -1  2 -3 -2 -5  5  3 -4  0 -4 -3  4 -4 -5 -3 -2 -2 -2 -4 -1    4   8   0   1   0  29  17   0   2   1   2  25   0   0   1   1   2   1   0   6  0.80 0.45
  153 P    0  1  4 -1 -4  1  1 -2  0  0 -2  1  0 -4  3 -1 -1 -5 -3 -3    6   6  22   1   0   7  11   2   2   6   3  10   3   0  15   2   2   0   1   0  0.39 0.27
  154 C    0 -7 -6 -7 11 -6 -7  3 -7 -6 -4 -6 -5 -6 -6 -2 -5 -6 -6 -5    7   0   0   0  68   0   0  19   0   0   2   0   0   0   0   3   0   0   0   0  2.65 0.88
  155 T   -3 -4  4 -4 -5 -4 -4 -4 -2 -5 -5 -3 -5 -6 -5  1  7 -6 -5 -4    1   0  20   0   0   0   0   1   1   0   0   1   0   0   0  10  65   0   0   0  1.61 0.72
  156 R    3 -1 -2 -1 -4  0  1  0 -1 -4 -3  1 -3 -4  4  2 -1 -5 -3 -3   25   3   1   3   0   3  10   7   1   0   2   7   0   0  19  15   2   0   1   0  0.46 0.30
  157 T   -2 -1  1 -2  1 -2  0 -1 -2 -2 -3 -2 -2 -1 -4  1  5  1 -2 -1    2   3   6   1   3   0   7   4   1   2   1   2   1   2   0   9  47   2   2   5  0.61 0.40
  158 S    0  0  2 -2 -4  1  0 -3 -2 -2 -4 -1  2 -4 -3  4  3 -5 -4 -3    8   6   8   0   0   6   7   1   1   2   1   2   5   0   0  37  17   0   0   1  0.54 0.37
  159 N   -3 -4  5  7 -6 -4 -2 -1 -4 -6 -7 -4 -6 -6 -4 -3 -4 -7 -5 -6    2   1  31  58   0   0   1   4   0   0   0   0   0   0   1   0   0   0   0   0  1.77 0.70
  160 T   -1 -2 -2 -5 -5 -4 -1 -5 -1 -3  0 -4 -2 -5 -3 -2  7 -6 -5 -3    3   3   2   0   0   0   3   0   1   1   9   0   1   0   1   1  73   0   0   1  1.48 0.70
  161 K   -2 -2 -3 -3 -4  2  2  0 -3  2 -1  0 -1 -3 -4 -2 -1 -5 -4  4    1   1   0   1   0   9  12   7   0  12   4   7   1   1   0   1   4   0   0  38  0.46 0.33
  162 C   -5 -8 -7 -8 11 -7 -5 -7 -7 -6 -3 -5 -6 -7 -4 -4 -5 -7 -4 -2    0   0   0   0  89   0   1   0   0   0   3   1   0   0   1   1   0   0   1   2  3.68 1.12
  163 K   -1  1  0  0 -4  1  2  3  0 -3 -2  2 -3 -4 -1  0 -1 -4 -3 -3    4   9   4   5   0   5  14  23   2   1   4  16   0   0   3   7   2   0   0   1  0.31 0.22
  164 K   -1 -1  0  2  4  1  1 -3  0 -3 -1  1  1 -4  4 -1  0 -3 -4 -2    3   3   5  11   9   6   9   1   2   1   6   9   4   0  19   4   6   0   0   2  0.34 0.23
  165 Q    0  1 -1 -2  7  1  1 -2 -3 -2 -2  2 -4 -4  1 -1 -2 -5 -4 -3    7   6   3   2  30   7   8   3   0   2   3  13   0   0   8   4   2   0   0   1  0.67 0.37
  166 S   -1 -2 -1  2 -4  1  0  1 -2 -4 -3  0 -4 -4  4  1  1 -5 -1 -3    2   1   2  11   0   6   6  12   1   1   2   6   0   0  24  14   9   0   3   2  0.45 0.28
  167 S    0 -1  2 -1 -4  0  0  1 -1 -2 -3  0 -2 -3  3  2  1 -2 -2 -1    5   3  10   2   0   5   4  13   1   1   2   4   0   1  13  20   7   0   2   6  0.26 0.21
  168 N   -1  1  2 -2 -3 -2 -2  4  0 -2 -2  0 -3  0 -3  0 -1 -1  1 -3    3   7  11   1   0   1   3  38   2   2   4   4   1   4   1   7   3   1   6   1  0.45 0.28
  169 Y    0 -1  0 -2 -3 -2 -2 -1  0 -1  0 -1 -1  4 -1  2  1  1  1 -1    7   2   5   2   0   0   1   5   3   3   8   3   0  22   3  18   9   2   4   4  0.21 0.20
  170 K    0  1  0 -2 -2 -1 -1  0  1 -1  0  0 -1  1  0  0  1  3  0  0    9  10   6   1   0   2   2   9   4   3  13   4   0   6   3   8   9   4   2   5  0.06 0.08
  171 L    0 -2 -1 -2 -2 -2 -2 -1 -2  1  2 -2  0  0 -2  1  0  5  0  1    7   1   2   1   1   1   1   5   1   7  21   2   2   5   2  13   5   8   3  12  0.16 0.13
  172 L   -1 -2 -1 -3 -3 -2 -3 -2 -3  2  2 -3  0  0 -3 -1  0  6  0  1    6   3   4   1   0   1   2   3   0  16  25   1   1   3   1   3   5  14   3  10  0.39 0.22
  173 W    0 -3 -3 -3 -1 -3 -1 -1 -3  1  0 -3  0  1 -1 -1 -1  7  0  3    7   1   1   1   1   0   4   6   0  10  10   1   1   6   2   5   2  17   2  21  0.43 0.23
  174 L   -1 -3 -1 -2  0 -3 -3 -2 -3  3  2 -3  1  0 -1 -1 -1  1 -1  2    5   1   4   2   2   0   1   4   0  21  26   1   3   4   3   6   3   2   1  12  0.24 0.17
  175 L    0 -3 -2 -3  1 -3 -2 -1 -3  2  2 -3  1  1  0  0  0 -1 -1  2    5   0   1   1   4   0   1   6   0  16  22   1   3   6   5   6   6   1   2  14  0.18 0.14
  176 I    0 -4 -4 -4  3 -3 -4 -2 -4  3  2 -4  1  1 -2 -2 -1 -3 -2  2   10   0   0   0   8   0   0   3   0  21  21   0   4   5   2   3   3   0   1  18  0.39 0.23
  177 L   -1 -3 -4 -4  0 -3 -3 -3 -4  3  2 -3  1  1 -1  0 -1 -3 -2  2    5   0   0   0   2   0   1   2   0  22  25   1   2   7   3  10   3   0   1  15  0.34 0.22
  178 P    0 -3 -4 -4 -1 -2 -2 -2 -3  2  2 -3  0  1  3 -2 -1 -3 -2  2    9   0   0   0   1   1   3   3   0  14  18   1   2   7  18   2   2   0   1  17  0.36 0.22
  179 G    1 -2 -2 -3  0 -3 -3  1 -3  2  1 -1  0  1  0  0 -1 -3 -1  2   16   1   1   0   2   0   1  14   0  13  14   3   1   5   4   5   3   0   1  16  0.16 0.15
  180 L    0 -3 -2 -4  2 -3 -3  1 -4  3  2 -3  1  0 -1 -1 -2 -2 -2  2    9   1   1   0   4   0   0  11   0  18  22   1   2   4   4   3   1   0   0  17  0.26 0.19
  181 A    0  0  0 -2  2 -2  0 -1  2  0 -1  0  1  1  0  0  0  3  1  0    6   6   5   0   5   0   6   6   5   6   6   6   5   5   6   6   6   5   5   6  0.07 0.12
  182 I    0  0 -1 -3  2 -2 -3  0  1  1  0 -2  2  1  1  0  0 -3 -2  2    8   6   4   0   5   0   0   6   5   8  10   0   6   6   8   8   5   0   0  14  0.13 0.16
  183 L    0 -3 -3 -2  1 -3 -2 -1 -3  2  2 -3  1  0  0 -1 -1  4  1  2    8   0   0   3   4   0   3   5   0  11  19   0   3   3   6   6   3   6   6  15  0.17 0.17
  184 F    0 -1 -2 -3  2  0 -1  0 -1  1  1 -1  0  1 -3 -1  0  1  0  1   10   2   0   0   6   6   4   8   2   9  12   4   2   8   0   2   7   2   4  12  0.07 0.12
  185 V    0 -1 -1 -2  3 -2 -1 -2 -3  2  1  0  0  1 -2 -1  0  2 -1  1    6   3   4   2   8   0   3   2   0  17  13   7   1   5   1   5   4   3   2  13  0.14 0.16
  186 F   -1 -2 -4 -3  4 -1 -1 -2 -3  2  0 -1  0  4 -2 -2 -1  4  2  1    4   2   0   1  11   3   4   3   0  11   8   5   2  18   2   2   3   5   6   9  0.32 0.25
  187 I   -1 -1 -1 -4  4 -1 -1 -2 -1  2  1 -1  0  0  0 -3 -1  4  0  1    6   4   3   0  11   2   4   2   1  15  13   4   1   4   5   0   3   7   2  12  0.23 0.21
  188 Y   -2  0  0 -4  4 -2 -2 -3 -1 -1  0  1 -1  1 -3 -3  0  6  4 -1    2   5   4   0   8   1   3   2   1   3  11  10   1   6   1   1   7  10  18   5  0.44 0.34
  189 K   -2  3 -2 -4  3  0 -2 -2 -2  1 -1  4 -1  0 -4 -2  0  3 -1  0    2  18   2   0   7   3   1   2   1   8   5  24   1   3   0   2   5   4   2   8  0.40 0.34
  190 R   -2  4 -1 -2  3 -1 -2 -2  0 -1 -1  3 -1 -1 -3 -1 -3  3 -1  1    2  20   3   2   7   1   2   3   2   4   6  21   1   3   1   3   1   4   2  11  0.35 0.31
  191 Y   -3  2  0 -4  3 -1 -2 -3  4 -1  0  2 -1  2 -4 -3 -1  4  3 -1    0  13   5   0   6   3   1   2   9   3  10  14   1   8   0   1   3   5  11   4  0.38 0.32
  192 R   -1  0  0  0  2  0  0 -1  2  0 -1  0  2  1  0 -1  0  4  1 -1    5   5   5   5   5   5   5   5   5   5   5   5   5   5   5   5   5   5   5   5  0.08 0.08
  193 K    0  0  0  0  2  0  0 -1  1  0 -1  0  1  0  0  0  0  3 -2  0    5   5   5   5   5   5   5   5   5   5   5   5   5   5   5   5   5   5   0   5  0.05 0.09
  194 R   -1  0  0  0  2  0  0 -1  2  0 -1  0  2  1  0 -1  0  4  1 -1    5   5   5   5   5   5   5   5   5   5   5   5   5   5   5   5   5   5   5   5  0.08 0.08
  195 Q   -1  0  0  0  2  0  0 -1  2  0 -1  0  2  1  0 -1  0  4  1 -1    5   5   5   5   5   5   5   5   5   5   5   5   5   5   5   5   5   5   5   5  0.08 0.08
  196 P    0  0  0  0  2  0  0  0  1  0 -1  0 -1  0  1  0  0 -2  1  0    6   6   5   6   5   5   6   6   5   6   6   6   0   5   6   6   6   0   5   6  0.03 0.06
  197 G   -1 -1  1  0  2  0  0  2  1  0 -2  0  0  0 -1  0  0  2  0 -1    5   3   6   6   4   4   6  17   3   5   4   6   3   5   3   6   6   3   3   4  0.09 0.09
  198 D    0  0  0  0  2  0  0 -1  1  0 -1  0  1  0  0  0  0 -2  1  0    5   5   5   5   5   5   5   5   5   5   5   5   5   5   5   5   5   0   5   5  0.03 0.05
  199 P    0  0  0  0  2  0  0 -1  1  0 -1  0  1  0  0  0  0 -2  1  0    5   5   5   5   5   5   5   5   5   5   5   5   5   5   5   5   5   0   5   5  0.03 0.05
  200 E   -2  0  2 -1  1 -1  3 -1  1 -1 -3  1  1 -2  0  0  1  1 -1 -1    4   6   9   3   3   3  16   5   3   4   2   8   3   2   5   7   8   2   2   5  0.17 0.18
  201 S   -1  0  0  0  2  0  0 -1  2  0 -1  0  2  1  0 -1  0  4  1 -1    5   5   5   5   5   5   5   5   5   5   5   5   5   5   5   5   5   5   5   5  0.08 0.08
  202 G   -1  1  0  0  1  1 -1  0  1  1 -1  1  1  0  1 -1  0 -4  0 -1    4   7   5   6   3   6   4   8   3   8   5   9   3   4   7   5   7   0   3   4  0.07 0.07
  203 I    0 -1  0  0  2  0  1 -1  0  0  0  0  0  0  1  0  0 -3  0  1    6   3   6   4   5   3  10   5   3   4   7   4   3   4   6   6   7   0   3  11  0.03 0.06
  204 P    0 -1  1  0  2  1  0  0  2  0 -1  0 -1 -2  1  0  0 -3  1  0    6   0   6   6   6   6   6   6   6   6   6   6   0   0   6   6   6   0   6   6  0.06 0.10
  205 S    0  0  0  0  2  0  0 -1  1  0 -1  0  1  0  0  0  0 -2  1  0    5   5   5   5   5   5   5   5   5   5   5   5   5   5   5   5   5   0   5   5  0.03 0.05
  206 P    0  0  0  0  2  0  0 -1  1  0 -1  0  1  0  0  0  0 -2  1  0    5   5   5   5   5   5   5   5   5   5   5   5   5   5   5   5   5   0   5   5  0.03 0.05
  207 E   -2  0  0  0  0  1  3 -2  3 -2 -2  0 -3 -1  0  0 -1  1  0 -1    3   5   3   5   2   6  22   3   7   3   4   6   0   3   5   8   3   2   4   5  0.20 0.23
  208 S   -1  0  1 -1  0  0  1 -1  1  1  0  0  1 -1  1  1  0 -4 -3 -1    3   4   7   3   2   4  11   3   3   9   9   6   4   2   6  11   6   0   0   4  0.06 0.12
  209 V    0  0  0  0  2  0  0  0 -1  0 -1  0  1  0  1  0  0 -2  1  0    6   6   5   6   5   5   6   6   0   6   6   6   5   5   6   6   6   0   5   6  0.03 0.06
  210 P    0 -1  0 -1  1  1  0 -2  1  0 -1 -1  0  0  4 -1 -1 -4  0  0    7   3   4   3   3   7   5   3   3   5   7   4   3   4  23   5   3   0   3   6  0.26 0.23
  211 M    0  0  0  0 -3  0  0  0 -2  0 -1  0  1  1  0  0  0  3  1  0    6   6   5   6   0   5   6   6   0   6   6   6   5   5   6   6   6   5   5   6  0.06 0.08
  212 N    0  0  0  0  2  0  0 -1  1  0 -1  0  1  0  0  0  0 -2  1  0    5   5   5   5   5   5   5   5   5   5   5   5   5   5   5   5   5   0   5   5  0.03 0.05
  213 V   -1  0  0  0  2  0  0 -1  2  0 -1  0  1  0  0  0 -2  3  1 -1    5   5   5   5   5   5   5   5   5   5   5   5   5   5   5   5   0   5   5   5  0.06 0.11
  214 S    0  0  0 -1  1  1  0 -1 -3  1 -1  0  0 -3  1  1  1  3  0 -1    7   4   5   3   4   5   7   4   0   9   4   4   3   0   6  13  10   4   3   4  0.10 0.15
  215 D    0  0  0  0 -2  1  0  0  1  0  0  0  1  0  1  0  0 -3 -1  0    6   6   6   6   0   6   6   6   6   6   6   6   6   6   6   6   6   0   0   6  0.04 0.07
  216 V   -1  0  0 -1  3 -1  0 -1  1  1 -1  1  0  0 -1 -1 -1 -3 -2  1    5   5   4   4   7   2   7   5   4   7   5  13   2   5   2   4   3   0   0  15  0.06 0.13
  217 N   -1 -1  1  3 -4  0  3 -1 -3 -1 -1  0  2 -4  1 -1 -1 -4  0 -2    3   3   7  16   0   3  23   4   0   3   5   6   6   0   6   4   3   0   3   3  0.28 0.28
  218 L    0  0  0  0  2  0  0 -1 -2  0 -1 -2  1  1  0  0  0  3  1  0    6   6   5   6   5   5   6   6   0   6   6   0   5   5   6   6   6   5   5   6  0.06 0.11
  219 N   -2  2  0 -1 -4  0  0 -1  1 -1 -1  1 -2 -3  1  2  0  2  0 -1    0  15   4   3   0   4   6   5   3   3   7   6   0   0   6  20   5   3   3   4  0.17 0.22
  220 K    0  0  0  0  2 -1  0  0  2  0 -1  0  1 -2  1  0  0 -3  1  0    6   6   6   6   6   0   6   6   6   6   6   6   6   0   6   6   6   0   6   6  0.05 0.10
  221 Y   -1 -3  0 -3  3  0 -1 -2  5  0 -1  0 -3  0  0  1  0 -3  3 -1    4   0   5   0   8   4   3   3  16   7   4   6   0   3   4  12   6   0  11   5  0.26 0.27
  222 I   -3 -5 -5 -5  5 -5 -5 -5 -4  4  2 -5  0  4 -1 -2 -2 -3  2  1    0   0   0   0  12   0   0   0   0  22  21   0   2  18   4   3   2   0   7   8  0.68 0.36
  223 W   -1 -2 -2  0 -1 -2 -1 -2 -1 -2 -1 -2  0  3  3  0  0  4  4 -2    5   2   1   7   1   2   4   3   1   2   6   2   3  11  14   6   6   6  16   3  0.34 0.25
  224 R    0  0 -1  2 -1  0  1 -1  0  0 -1 -1 -1 -1 -3  0  1 -4  1  1   10   7   2  14   1   5   9   5   2   5   6   3   1   2   0   4  11   0   5   9  0.10 0.13
  225 T   -2 -2 -7 -7  0 -6 -2 -7 -6  6 -1 -6  2  5 -2 -6 -2 -5  0  1    4   2   0   0   2   0   3   0   0  38   6   0   4  26   3   0   2   0   3   7  1.11 0.52
  226 A    3 -5 -4  0 -4 -4 -1  0 -5  3 -3 -2  1  2 -5 -1 -1 -5 -4  3   24   0   0   5   0   0   3   6   0  14   0   3   4  10   0   4   4   0   0  21  0.48 0.32
  227 E   -2  0  2  3 -5  0  5 -1  1 -5 -3  1 -4 -5 -4 -2 -2 -5 -2 -3    3   5   8  16   0   3  37   5   3   0   3   9   0   0   0   2   2   0   2   2  0.63 0.39
  228 K   -2  0 -2  0 -2  2  4 -3  3  0  0  1 -1 -1 -3 -2 -1 -4  0 -1    1   5   0   4   1   9  30   2   7   7  10   7   1   2   0   2   4   0   4   4  0.33 0.26
  229 M   -4 -4 -5 -5 -4 -4 -5 -5 -5  2  3 -4  7 -1 -5 -4 -3 -4  0  4    1   0   0   0   0   0   0   1   0  11  23   0  28   2   0   1   0   0   4  28  1.06 0.48
  230 K   -2 -2 -1  2 -1 -3  0  1 -4 -1 -2  0 -2 -4  5 -1  2 -5 -4 -3    2   2   3  11   1   0   5  12   0   5   4   4   1   0  27   4  17   0   0   0  0.52 0.31
  231 I   -3 -2 -3 -3 -4 -2 -2 -5 -1  2  2 -2  1 -1  2 -3 -2  6 -1  3    0   2   1   1   0   2   3   0   1  12  20   2   3   2  11   1   1  12   2  24  0.54 0.33
  232 C   -1  2  2  1  0  1  1 -1  1 -3 -2  2 -3 -3  1  0  0 -4  0 -2    3  11  12  10   3   5   9   3   3   0   3  17   0   0   6   6   4   0   5   2  0.23 0.19
  233 D   -3  0  1  3 -4  3  2 -3  1 -1 -3  0  0  0 -3  0 -1 -3  2 -1    0   5   7  20   0  17  11   0   4   4   0   5   2   5   0   5   3   0   9   3  0.34 0.28
  234 A   -1 -2 -4 -5  1 -1 -4 -5  6  0 -1 -4  3  0 -5 -4 -1  7  0  3    5   2   0   0   3   3   0   0  21   4   3   0  10   3   0   0   3  17   2  22  0.82 0.49
  235 K   -3  2  2 -2 -1  1 -2 -4  0 -3 -2  6  0 -5 -4 -2 -2 -5 -1 -1    1  10   9   2   1   5   1   0   2   1   4  53   2   0   0   1   1   0   2   4  0.86 0.45
  236 K   -2  4 -1  0 -5  3  2 -3 -3 -3 -3  3  0 -5 -2 -2  1 -1 -2 -3    2  22   2   6   0  13  11   1   0   1   1  23   3   0   1   1   9   1   1   1  0.54 0.32
  237 F   -5 -5 -6 -6  0 -6 -6 -6 -4  2  2 -6 -2  7 -6 -5 -4 -3  1  1    0   0   0   0   2   0   0   0   0  11  16   0   0  57   0   0   0   0   3  10  1.44 0.54
  238 A    3 -5 -5 -5 -4 -4 -5 -1 -5  0 -1 -4  5  3 -5 -3 -3 -4 -3  4   23   0   0   0   0   0   0   5   0   4   2   0  19  14   0   0   0   0   0  32  0.81 0.44
  239 R   -5  7 -4 -5 -6 -1 -1 -6 -1 -2  0 -1  0 -5 -5 -4 -1 -5  0 -5    0  69   0   0   0   2   3   0   1   3  10   1   3   0   0   0   4   0   4   0  1.46 0.61
  240 Q    0  3  0 -2 -1  1 -1 -2  5 -4 -2  3 -1 -2 -2  1  1 -4  0 -4    6  17   4   1   1   7   3   2  14   0   3  18   2   2   1   9   9   0   3   0  0.38 0.26
  241 H   -2 -1  2 -2  3 -2 -3 -4  5  1  2 -3  0 -3 -1  1 -1 -4 -3 -2    1   2  13   2   6   1   0   0  19  10  24   0   2   0   3  12   3   0   0   1  0.43 0.29
  242 K   -2  0 -1  0 -2  1 -1  5  0 -1 -2  1 -3 -4 -3 -1 -3 -4 -3 -4    1   5   2   5   1   8   4  49   2   4   4   9   0   0   0   4   0   0   1   1  0.64 0.30
  243 I   -4 -5 -6 -6 -4 -5 -5 -6 -5  4  4 -5  4  0 -5 -5 -2 -4 -3  3    0   0   0   0   0   0   0   0   0  21  40   0  12   3   0   0   1   0   0  22  0.97 0.41
  244 P    0 -1  1 -2 -2  1  1 -2 -1 -4 -2  1 -3 -4  2  4  1 -5 -4 -3    4   3   7   1   1   7   7   1   2   0   5   7   0   0   9  37   9   0   0   0  0.44 0.31
  245 E   -2 -2  0  5 -6  0  5 -3 -1 -3 -4  0 -2 -5 -2 -1 -3 -6 -5 -4    2   2   3  30   0   2  44   1   1   1   1   4   1   0   2   3   1   0   0   1  1.00 0.47
  246 S    1 -4  6 -3 -1 -3 -3 -3 -2 -2 -5 -2 -4 -5  3 -1  2 -3  0  0   14   0  40   0   1   0   0   1   1   2   0   2   0   0  13   1  13   0   3   7  0.78 0.45
  247 K    0 -1 -1  4 -2 -1  1 -3  1 -1 -2  1 -1 -4 -3 -1  2 -5 -3  1    9   1   1  26   1   1   9   1   4   2   2  12   1   0   0   3  14   0   1  13  0.34 0.26
  248 I   -4 -6 -7 -7 -5 -6 -7 -7 -7  8  1 -6 -1 -4 -6 -6 -3 -6 -5  1    1   0   0   0   0   0   0   0   0  82   9   0   1   0   0   0   1   0   0   6  1.95 0.72
  249 D   -2  0  0  5 -6  0  4 -4 -2 -4 -4  1 -4 -5 -4 -2 -3 -1 -2 -1    2   5   3  39   0   3  27   0   0   1   1   9   0   0   0   1   1   1   2   4  0.86 0.43
  250 E   -1  2  2  0 -4  2  2 -3 -2  0 -2  1  0 -2 -3  2 -1 -4 -3 -2    3  11  11   3   0  11  18   1   0   6   4  10   3   2   0  15   2   0   0   2  0.29 0.23
  251 I    2 -2 -4 -4  3 -3 -4 -4  2  5 -1 -1 -2 -3 -4 -1  1 -4  0  1   16   2   0   0   6   1   0   0   6  39   1   5   0   0   0   3   9   0   3   9  0.56 0.35
  252 E   -2 -1 -3  0 -5  2  4 -4 -3  2 -1  3  0 -4 -4 -2 -1 -5 -2  0    3   2   0   4   0   7  32   0   0  16   5  18   2   0   0   1   2   0   1   8  0.49 0.33
  253 H   -2  1  2 -2 -2  1 -1 -2  4 -1  1 -1  3 -1 -4  0 -1 -3  2 -2    0   8  13   2   1   9   3   3  13   3  15   1  10   1   0   7   3   0   7   2  0.28 0.24
  254 N   -3 -3  4  5 -5 -2  3 -1  0 -5 -1 -2 -4 -5 -4  0 -2 -6 -4 -4    1   1  21  35   0   1  18   3   2   0   7   2   0   0   0   8   2   0   0   1  0.80 0.41
  255 S   -3 -2  5  0 -1 -2 -3 -4  6 -3 -4 -3 -4  2  0 -1 -2  0  5 -4    1   1  27   4   2   2   0   0  21   1   1   0   0   9   5   4   2   1  18   0  0.89 0.45
  256 P   -2  2 -3 -4 -1  0 -2 -3  2 -1 -1 -3 -2 -1  6 -2 -2 -3  1 -1    2  14   1   0   2   4   1   1   4   3   6   0   1   3  43   3   1   0   5   4  0.86 0.40
  257 Q   -2  0  5  0 -2  2  1  1  3 -5 -4  1 -4 -5 -3  0 -1 -5 -3 -3    3   5  30   3   1  10  11  10   7   0   1   9   0   0   0   7   2   0   1   1  0.52 0.31
  258 D   -4 -4  4  7 -6 -2 -1 -4  0 -4 -2 -3 -5 -4 -4 -3 -4 -6 -2 -5    1   0  22  60   0   1   2   0   2   1   6   0   0   1   0   1   0   0   2   0  1.45 0.59
  259 A    1  2 -2 -3 -2 -2 -2 -1 -2  1 -2  1 -1 -3 -3  1  3 -1 -3  0   15  13   0   0   1   0   1   3   1  12   1   8   1   1   0   9  25   1   0   8  0.31 0.26
  260 A    1  1 -2  2 -2  1  3 -2 -2  0 -2  0  0 -3 -3  1 -1 -4 -1  0   12   8   0  10   1   7  24   1   0   6   2   3   3   1   0  12   3   0   2   6  0.24 0.20
  261 E   -1 -3 -2  0 -5 -1  7 -4  3 -5 -4 -2  0 -5 -4 -3 -3 -5 -4 -4    6   0   1   3   0   1  71   1   7   0   2   0   2   0   0   1   1   0   0   1  1.42 0.59
  262 Q   -3  2 -3 -3 -5  8 -2 -2 -1 -4 -4 -1 -3 -4  0 -2 -3  3 -4 -4    2   9   1   1   0  65   1   3   1   1   2   2   0   0   4   2   1   4   0   1  1.44 0.60
  263 K   -1  0 -1 -2  2  0 -1 -1  0 -2 -2  4 -2  0 -1  1  2 -1  0 -1    2   5   2   2   5   2   1   3   2   1   3  29   0   5   2   8  17   1   4   5  0.27 0.20
  264 I   -3 -2 -4 -5 -2 -1 -3 -5  2  3 -1 -4 -1  1 -4 -2 -3 -2  7  1    0   2   0   0   1   3   2   0   5  21   5   0   1   4   0   3   0   0  39  12  0.88 0.42
  265 Q   -1  0 -1 -1 -6  6  4 -4  0 -6 -5  3 -4 -6 -4  0 -3 -5 -2 -5    3   5   2   2   0  38  24   1   2   0   1  15   0   0   0   5   0   0   1   0  0.98 0.51
  266 L   -5 -6 -7 -7 -5 -5 -6 -7 -6 -1  6 -6  7 -3 -6 -6 -5 -5 -5 -3    0   0   0   0   0   0   0   0   0   2  66   0  32   0   0   0   0   0   0   0  1.83 0.72
  267 L   -5 -6 -7 -7 -5 -6 -6 -7 -6 -2  6 -6  0  3 -7 -6 -5 -5 -4 -2    0   0   0   0   0   0   0   0   0   0  85   0   2  12   0   0   0   0   0   1  1.73 0.68
  268 Q   -3  4  1 -3 -5  3 -1 -3  1 -2  1  3 -1 -2 -4 -1 -1 -4 -1 -3    1  27   8   1   0  12   2   1   4   2  17  16   1   2   0   2   2   0   2   1  0.46 0.31
  269 C    1  0  1 -1  0  0 -1 -2 -1  1  0  1  0 -2 -3  0  1 -2 -1  1   12   5   9   1   2   3   4   2   2  11   6  11   3   0   0   5  12   0   2   9  0.08 0.11
  270 W   -7 -7 -8 -8 -7 -7 -7 -7 -7 -7 -3 -7 -6  0 -8 -7 -7 13 -1 -7    0   0   0   0   0   0   0   0   0   0   2   0   0   3   0   0   0  92   1   0  4.60 1.29
  271 Y   -2  1 -2 -4  0  0 -2 -4  2  0  0  2  3 -2 -4 -2 -3 -2  5  2    2   7   2   0   2   4   1   0   5   4   6  14   8   0   0   2   0   0  26  16  0.49 0.33
  272 Q   -4 -3  3 -1 -6  6  4 -5 -2 -5 -1 -1 -4 -5 -4 -3 -3 -5 -3 -3    0   0  16   3   0  38  28   0   0   0   7   2   0   0   0   1   1   0   1   1  1.07 0.55
  273 S   -2  4 -1 -2 -2  3  0 -3  0 -2 -1  4  1 -3 -3  0  1 -4 -3 -2    3  23   2   1   1  12   3   1   2   2   5  25   3   1   0   5   8   0   0   2  0.46 0.30
  274 H   -3  0  0 -3 -3  3  2 -4  6 -3  0  1  2  0 -4 -2 -1 -4 -1 -2    1   4   4   0   0  12  13   0  26   0  12   9   5   4   0   1   4   0   1   2  0.57 0.34
  275 G   -3 -3 -4 -5 -6 -5 -5  7 -5 -7 -7 -5 -6 -6 -5 -2 -5 -6 -6 -6    1   1   0   0   0   0   0  93   0   0   0   0   0   0   0   2   0   0   0   0  2.34 0.80
  276 K   -3  3 -2 -2 -3  0  0 -4  2  0  1  4  4 -3 -2 -1 -2 -4 -3 -2    0  14   1   1   0   3   7   1   4   7  13  29  12   0   1   3   2   0   0   1  0.43 0.30
  277 T    0  1  2  0 -4  0  2 -1 -1 -2 -4  4 -1 -5 -1  0  0 -5 -4 -3    7   6   9   5   0   4  12   4   1   2   0  35   2   0   3   4   4   0   0   1  0.43 0.28
  278 G    4 -2  0  1 -4  2 -2  3 -3 -4 -4 -1 -1 -5 -3 -1 -1 -5 -4 -3   41   2   5   8   0  10   1  24   0   0   0   2   2   0   0   1   2   0   0   0  0.66 0.38
  279 A    5 -4 -1  1  2 -3 -3 -2 -4 -5 -5 -3 -4 -5 -4  4  1 -6 -5 -3   46   0   2   8   5   0   0   2   0   0   0   0   0   0   0  29   8   0   0   1  0.91 0.50
  280 C   -2 -4 -4 -5  1 -3 -4 -5 -2  3  1 -4  0  1 -3  0 -3 -3  5  3    1   0   0   0   3   1   0   0   0  20  12   0   2   4   1   8   0   0  24  22  0.66 0.36
  281 Q   -3  1  4  0  1  0  3  0 -1  1 -4  0 -3  0 -1 -1 -1 -4 -1 -2    1   7  24   4   3   4  20   6   1  12   0   4   0   4   2   3   2   0   2   1  0.35 0.27
  282 A   -1 -1  1  2 -1 -2  0 -4  4 -3 -3  3 -1 -4 -3 -1  4 -5 -2 -2    4   2   7  11   1   1   4   0  10   1   2  20   1   0   0   2  31   0   1   3  0.53 0.34
  283 L   -5 -6 -7 -7 -5 -6 -6 -7 -6  2  6 -6  0 -1 -6 -6 -5 -5 -4 -2    0   0   0   0   0   0   0   0   0   9  87   0   1   2   0   0   0   0   0   1  1.74 0.67
  284 I   -4 -4 -4 -6 -4 -5 -5 -6 -5  5  4 -5  2  0 -5 -1 -2 -5 -2  1    0   1   1   0   0   0   0   0   0  42  36   0   4   3   0   6   1   0   1   5  0.97 0.45
  285 Q    0  1  1  3  3  2  2 -2 -2 -4 -4  3 -3 -5 -3  1 -1 -5 -3 -4    9   7   5  16   7   9  13   1   0   0   0  18   0   0   0   9   4   0   1   0  0.43 0.28
  286 G    2 -3  0 -2 -3 -2  1  1 -3 -1 -3 -2 -1 -4 -3  2  2 -5 -2  1   20   0   5   0   0   1   9   9   0   3   1   1   2   0   0  20  17   0   1  11  0.33 0.27
  287 L   -5 -6 -7 -8 -5 -6 -7 -8 -7 -2  7 -6 -2 -2 -7 -6 -5 -5 -5 -2    0   0   0   0   0   0   0   0   0   0  99   0   0   1   0   0   0   0   0   1  2.10 0.77
  288 R   -4  5  1 -1 -5  1  0 -4  3 -2  1  2 -2 -2 -2 -2 -3  0 -2 -2    0  38   8   2   0   6   5   0   6   2  13  10   1   1   1   1   0   2   1   3  0.59 0.35
  289 K   -2  2  0  2 -2  3  2 -3  2 -4 -5  3 -3 -4 -3  0 -1 -4  1 -4    3  11   4  14   1  13  13   1   5   1   0  24   0   0   0   5   2   0   5   0  0.51 0.30
  290 A    0 -3 -2 -4 -1 -2 -4 -4 -4  3  3 -2  6  1 -4 -1 -2 -4 -3 -1   10   1   2   1   1   1   1   0   0  16  26   3  27   5   0   4   2   0   0   2  0.62 0.35
  291 N   -3 -1  4  3 -4  0  2  2  1 -5 -5  3 -4 -5 -4 -1 -3 -5 -4 -5    0   2  21  18   0   2  12  15   3   0   0  22   0   0   0   2   0   0   0   0  0.70 0.36
  292 R   -3 -1 -3 -4 -1  3 -1 -5 -1 -1  3  2  4 -1 -4 -3  0 -4 -2 -2    1   3   0   0   1  17   2   0   1   1  37  14  11   2   0   1   6   0   1   0  0.53 0.35
  293 C   -3  4  2 -3  6  0 -2 -1  1 -5 -4  3 -4 -4 -4  1 -2 -5  0 -4    0  26  11   1  16   2   1   4   4   0   1  20   0   0   0   9   2   0   3   0  0.70 0.37
  294 D    3  2  0 -1 -3 -2 -2  2  0 -3 -2  0 -1 -4 -3  0  1 -5 -3 -1   33  15   4   4   0   0   0  16   2   0   3   4   2   0   0   3   9   0   1   4  0.36 0.27
  295 I    1 -2 -3 -2  4 -2 -2 -3  1  1  0  2 -1 -3  0  0  2 -4  1  0   11   0   0   1  10   0   0   0   3   7  11  17   1   0   4   8  13   0   5   8  0.21 0.20
  296 A    6 -3 -4 -4 -3 -4 -3 -3 -1 -4 -2 -3 -4 -4 -4  1 -3 -5  0 -2   75   1   0   0   0   0   1   1   2   0   4   1   0   0   0  10   0   0   3   2  1.21 0.56
  297 E   -4 -1 -1  5 -6  2  6 -5 -3 -6 -6 -2 -5 -6 -4 -3 -2 -6 -5 -4    0   2   2  32   0   7  51   0   0   0   0   1   0   0   0   0   2   0   0   1  1.37 0.57
  298 E    0  1  4  0 -1  0  1 -3 -3 -2 -4  4 -3 -5 -3 -1  0 -5 -4 -3    8   7  21   5   2   4   7   0   0   2   1  34   0   0   0   4   5   0   0   1  0.56 0.32
  299 I   -4 -6 -7 -7 -4 -6 -6 -7 -6  7  1 -6 -2  0 -6 -6 -3 -6 -4  2    0   0   0   0   0   0   0   0   0  75   8   0   0   3   0   0   0   0   0  13  1.72 0.62
  300 Q   -1  1 -1 -2 -2  4  3 -4  0  1 -1  1  2 -3 -3  0 -1 -4 -3  0    2   7   2   0   1  25  18   0   3   9   5   8   6   1   0   5   2   0   0   5  0.36 0.26
  301 A    0  1  2  3 -2  2  4 -2 -1 -4 -4  0 -3 -5 -3  1  0 -5 -2 -4    7   6  11  18   1   9  27   2   1   0   0   5   0   0   0   8   5   0   1   0  0.51 0.27
  302 M    0  0 -3 -3 -4 -1 -1 -4 -3  4  0  4  1 -3 -3 -2  0 -4 -3  0    7   4   0   0   0   1   2   0   0  27   7  34   4   0   0   2   6   0   0   4  0.48 0.31
  303 V    0 -4 -5 -5 -3 -4 -5 -5 -5  4  4 -3  1 -1 -5 -4 -2 -4 -2  2    8   0   0   0   0   0   0   0   0  22  51   1   1   2   0   0   1   0   1  13  0.81 0.36
  304 W   -2  1 -1 -2 -3  2  0 -3 -2  1  1  2  0 -1 -2  0 -1  0  0  0    1   6   3   0   0  12   7   1   0   9  19  17   1   2   1   6   2   1   4   8  0.15 0.15
  305 E    2  1  3 -2 -2  2  2 -2  1 -4 -4  3 -2 -4 -2  1 -1 -4 -3 -3   17   5  14   0   1   9  12   1   3   0   0  24   0   0   0  11   2   0   0   1  0.43 0.26
  306 D    1  0  3  3 -1  2  1 -2  3 -3 -4  0 -3 -4 -3  0 -2 -4 -3 -2   15   3  14  22   1   9   8   1   8   1   0   6   0   0   0   7   1   0   0   2  0.38 0.22
  307 H   -1  0  4 -2 -3 -1 -1  0  0  2 -1 -1  0 -3 -3  0 -1 -4 -3  1    3   5  24   0   0   2   4   7   3  19   5   2   3   0   0   8   2   0   0  14  0.22 0.18
  308 E    0 -1  1  0 -3  1  1  0  1 -2 -2 -1 -2 -3 -1  3  1 -4 -3 -2    3   2   5   4   0   6  12   5   4   3   4   3   0   0   2  35  11   0   0   2  0.29 0.20
  309 N   -2 -2  5 -1 -4  0 -2 -1  0 -4 -4 -1 -3 -3  1  3 -1 -4  2 -3    0   1  34   2   0   4   0   3   2   0   0   1   0   0   8  32   0   0  10   1  0.67 0.32
  310 S    0  0  2  1  2  1  1  0  1 -1 -2  0 -2 -3 -1  2  0 -3 -1 -1    5   3  10   6   6   7  10   6   3   4   1   7   0   0   2  20   2   0   1   7  0.13 0.10
  311 I   -1  0  1 -1  4  3  0 -2  2  0 -2 -1 -2 -3  1  0  1 -3 -1  0    1   6   6   3  13  22   2   2   6   6   1   0   0   0   7   4   9   0   3   7  0.26 0.17
  312 S   -1 -1  1 -1  2  1  4 -1 -1 -4 -3  1 -3 -4 -1  2  0 -4 -1 -3    4   1   6   1   6   3  37   3   1   0   1  10   0   0   2  17   5   0   3   0  0.43 0.22
  313 N   -2 -1  5  1  2  2  2 -1 -1 -4 -4  1 -3 -4  1  1 -2 -4 -3 -4    1   0  37   5   5   9  12   4   0   0   0   8   0   0   7  11   0   0   0   0  0.56 0.24
  314 S    1  0 -1 -2 -2 -2 -2  1 -1 -1  0 -2 -2  1 -2  3  1 -3 -2 -1   14   5   2   0   0   0   0  11   1   4  12   0   0   6   0  36   6   0   0   1  0.24 0.17
  315 R   -2  2  4  0 -2  1  0 -1  3 -3 -3  1 -3 -2 -3  0  0 -2  4 -3    0  12  23   3   1   8   4   3   7   1   0   9   0   0   0   5   5   0  19   0  0.40 0.19
  316 N   -2 -2  6  2 -4 -1 -2 -2 -1 -4 -3 -2 -3  0 -4  2  0 -3  2 -2    0   0  51   9   0   1   0   1   0   0   2   1   0   5   0  15   4   0  10   2  0.74 0.29
  317 E   -1 -1  0  3 -2  2  5 -2 -2 -4 -4 -1 -1 -4 -1  0 -1 -4 -2 -4    3   2   2  16   1   6  55   2   0   0   0   1   2   0   2   5   2   0   1   0  0.73 0.25
  318 N   -3 -2  6  3 -4 -1  1 -1 -1 -4 -1  1 -3 -4 -3 -1 -2 -5 -4 -4    0   0  51  15   0   0  10   4   0   0   7  12   0   0   0   0   0   0   0   0  0.74 0.25
  319 E   -2 -2 -1 -1 -4  1  5 -3 -2 -2 -4 -1 -3 -4 -3  0  3 -4 -3 -2    0   0   1   0   0   5  59   0   0   3   0   1   0   0   0   5  25   0   0   1  0.81 0.27
  320 G   -1  2  2 -1 -3  0  3  1  0 -2 -3  0 -2 -4 -2  2  0 -4 -3 -2    0  12  14   0   0   2  24  12   1   3   0   3   1   0   0  24   2   0   0   1  0.32 0.13
  321 Q   -2 -1 -2 -2 -5  7  2 -4  0 -4 -3  0 -2  2 -3 -1 -2 -3 -2 -4    0   0   0   0   0  71  11   0   1   0   0   4   0  11   0   2   0   0   0   0  1.10 0.30
  322 S    0 -1  2 -1  1 -1 -1 -2 -2 -4 -4 -1 -3 -4 -1  5  1 -4 -3 -3    2   3   8   1   4   0   0   0   0   0   0   0   0   0   1  77   4   0   0   0  0.79 0.24
  323 L   -2 -3 -4 -5 -2 -3 -4 -5 -3  1  5 -3  2  2 -4 -3 -2 -2 -1  0    0   0   0   0   0   0   0   0   0   0  85   0   4  10   0   0   0   0   0   0  0.73 0.14
  324 E   -1  0  0  1 -4  4  5 -2  0 -3 -3  1 -2 -4 -1  0 -1 -3 -2 -3    0   0   0   0   0  28  72   0   0   0   0   0   0   0   0   0   0   0   0   0  0.66 0.01

                      K         Lambda
Standard Ungapped    0.1338     0.3185
Standard Gapped      0.0443     0.2670
PSI Ungapped         0.1448     0.3126
PSI Gapped           0.0443     0.2670
