
Last position-specific scoring matrix computed, weighted observed percentages rounded down, information per position, and relative weight of gapless real matches to pseudocounts
           A  R  N  D  C  Q  E  G  H  I  L  K  M  F  P  S  T  W  Y  V   A   R   N   D   C   Q   E   G   H   I   L   K   M   F   P   S   T   W   Y   V
    1 M   -2 -2 -3 -4 -2 -1 -3 -4 -3  1  1 -2  9 -1 -4 -2 -2 -2 -2  0    0   0   0   0   0   0   0   0   0   2   0   0  98   0   0   0   0   0   0   0  1.10 0.20
    2 T    0 -2  1 -2 -2 -1 -2 -1 -2 -2 -2 -1  2 -3  2  2  4 -3 -2 -1    5   0   6   0   0   0   0   3   0   0   0   0  12   0   9  12  53   0   0   0  0.42 0.11
    3 E   -2 -2  1  6 -4  0  3 -2 -2 -3 -4 -1 -3  0 -2 -1 -1 -1 -3 -3    2   0   6  57   0   0  25   0   0   1   0   1   0   5   0   1   1   1   0   1  0.75 0.14
    4 Q    2 -1  0  3 -2  3  1 -1 -1 -3 -3  0 -2 -3  1  0  0 -4 -2 -2   31   0   1  27   0  20   2   1   0   0   0   1   0   0   5   3   6   0   0   1  0.36 0.11
    5 A    4 -2 -2 -3 -2 -2 -2 -1 -1 -1 -1 -2 -1 -2  4  0  0 -1  0  1   51   0   0   0   0   0   0   1   1   1   2   0   1   0  20   3   3   1   5  13  0.43 0.12
    6 I   -1 -2 -2 -2 -2 -2 -2 -2 -3  3  1  0  1  0 -3 -2  0 -1 -1  3    0   1   1   1   0   0   0   3   0  19   6  11   4   2   0   1   4   1   2  44  0.22 0.09
    7 S    2 -2  0 -1 -2 -1 -1  0 -2 -3 -3 -1 -3 -3 -2  5  1 -4 -2 -3   13   0   1   0   0   0   1   4   0   0   0   2   0   0   0  75   3   0   0   0  0.68 0.19
    8 F   -4 -5 -5 -5 -4 -5 -5 -5 -3 -1 -1 -5 -2  8 -5 -4 -4 -1  2 -2    0   0   0   0   0   0   0   0   0   1   1   0   0  98   0   0   0   0   0   0  1.87 0.35
    9 A    3 -3 -3 -3 -1 -2 -2  0 -3  0  2 -2  1  0 -2 -1 -1  0 -2  1   43   0   0   0   0   0   0   5   0   4  27   0   5   4   1   0   1   1   0   8  0.26 0.12
   10 K   -1  1 -2 -2 -3  0 -1  1 -2  0 -2  5 -1 -3 -2 -1  0 -4 -3 -1    2   2   0   0   0   1   1  11   0  10   1  62   2   0   0   0   4   0   0   4  0.48 0.18
   11 D   -3 -3  3  7 -5 -2  0 -2 -2 -5 -5 -2 -4 -5 -3 -2 -2 -6 -4 -5    0   0  12  86   0   0   0   1   0   0   0   0   0   0   0   0   0   0   0   0  1.50 0.29
   12 F   -3 -4 -4 -5 -3 -4 -4 -4 -3 -1  3 -4  0  7 -5 -2 -3 -1  1 -1    0   0   0   0   0   0   0   0   0   0  31   0   0  65   0   2   1   0   1   0  1.03 0.24
   13 L    2 -3 -4 -4 -2 -3 -3 -3 -3  1  4 -3  2  0 -3 -2 -2 -3 -2  0   22   0   0   0   0   0   0   1   0   5  58   0   6   3   1   0   0   0   0   4  0.44 0.15
   14 A    5 -3 -2 -3 -2 -2 -2 -1 -3 -1 -2 -2 -1 -3 -2  2  0 -4 -3 -1   75   0   0   0   0   0   1   0   0   4   0   0   2   0   0  15   2   0   0   0  0.70 0.22
   15 G   -1 -3 -2 -3 -4 -3 -4  7 -4 -5 -5 -3 -4 -5 -4 -2 -3 -4 -5 -4    1   1   0   0   0   0   0  98   0   0   0   0   0   0   0   0   0   0   0   1  1.67 0.30
   16 G   -1 -4 -1 -3 -3 -3 -3  7 -4 -5 -5 -3 -4 -5 -4 -2 -3 -4 -5 -5    1   0   1   0   1   0   1  97   0   0   0   0   0   0   0   0   0   0   0   0  1.66 0.29
   17 I    0 -3 -3 -3 -1 -3 -3 -3 -4  4  1 -3  0 -2 -2 -2  1 -4 -2  4   10   1   0   0   1   0   0   1   0  31   5   0   0   0   1   0  11   0   0  40  0.41 0.14
   18 A    5 -2 -2 -2 -2 -2 -2 -1 -3 -2 -3 -2 -2 -3 -2  3  1 -4 -3 -1   61   1   0   0   0   0   0   0   0   1   0   0   0   0   0  28   9   0   0   1  0.62 0.20
   19 A    5 -3 -2 -3 -2 -2 -1  2 -3 -3 -3 -2 -2 -4  0  0 -1 -4 -3 -1   76   0   0   0   0   0   3  14   0   0   1   0   0   0   3   1   1   0   0   1  0.71 0.22
   20 A    6 -3 -3 -3 -2 -2 -2  1 -3 -3 -3 -2 -2 -4 -2  0 -1 -4 -3 -1   90   0   0   0   0   0   1   7   0   0   0   0   0   0   0   0   0   0   0   2  0.93 0.27
   21 I   -2 -4 -3 -4 -2 -3 -4 -4 -4  5  1 -3  1 -1 -4 -3  1 -4 -2  3    1   0   1   0   0   0   0   0   0  58   3   0   1   0   0   0   9   0   0  26  0.63 0.19
   22 S    1 -2 -1 -2 -1 -1 -2 -1 -2 -4 -4 -2 -3 -4 -2  6  0 -4 -3 -3    9   0   0   0   0   1   0   1   0   0   0   0   0   0   0  87   1   0   0   1  0.96 0.29
   23 K   -2  1 -1 -2 -4  0  0 -2 -2 -3 -1  6 -2 -4 -3 -1 -2 -4 -3 -3    1   1   0   0   0   1   3   1   0   0   8  83   0   0   0   1   0   0   0   0  0.94 0.27
   24 T   -1 -3 -2 -3  4 -2 -2 -3 -3 -2 -2 -2  1 -3 -2  0  6 -4 -3 -1    1   0   0   0   9   1   0   0   0   1   0   1   4   0   1   0  81   0   0   1  0.96 0.27
   25 A    5 -2 -3 -3  1 -2 -2 -1 -3 -1 -2 -2 -1  1 -2  0  0 -3 -2  1   69   1   0   0   2   0   0   0   0   3   1   0   1   8   0   2   3   0   0   9  0.50 0.18
   26 V   -1 -4 -4 -5 -1 -3 -4 -4 -4  1  0 -3  1 -2 -4 -3 -1 -4 -2  6    1   0   0   0   1   0   0   0   0   0   1   1   4   0   0   0   1   0   1  90  0.95 0.27
   27 A    6 -3 -3 -3 -2 -2 -2 -1 -1 -3 -3 -2 -2 -3 -2  0 -1 -3  2 -1   88   0   0   0   0   0   1   0   1   0   1   0   0   0   0   0   0   0   8   2  0.87 0.26
   28 P   -2 -1 -3 -3 -3 -2 -3 -4 -4 -5 -5 -2 -4 -5  8  0 -2 -5 -5 -4    0   3   0   0   1   0   0   0   0   0   0   0   0   0  90   6   0   0   0   0  2.28 0.34
   29 I   -2 -4 -4 -4 -2 -4 -4 -5 -4  6  2 -4  0 -1 -3 -3 -1 -4 -3  2    0   0   0   0   0   0   0   0   0  79  13   0   0   0   1   1   3   0   0   3  0.88 0.23
   30 E   -2 -1 -1  2 -5  1  6 -3 -1 -5 -4  1 -3 -5 -3 -1 -2 -4 -3 -4    1   1   0   8   0   1  82   0   0   0   1   6   0   0   0   0   1   0   0   0  1.14 0.27
   31 R   -3  7 -2 -3 -5  1 -2 -3 -1 -5 -3  1 -3 -4 -3 -2 -3  2 -3 -4    1  89   1   0   0   3   0   1   1   0   0   0   0   0   1   1   0   3   0   0  1.38 0.30
   32 V   -1 -4 -4 -4 -2 -3 -4 -4 -4  2  0 -3 -1 -2 -3 -2  1 -4 -3  6    1   0   0   0   0   0   0   0   0   2   1   0   0   0   1   1   7   0   0  87  0.88 0.26
   33 K   -2  2 -2 -2 -4  1 -1 -3 -2 -4 -3  6 -3 -4 -2 -2 -2 -4 -2 -4    0   8   0   0   0   4   0   1   0   0   1  85   0   0   1   0   0   0   1   0  1.09 0.27
   34 L   -2 -3 -5 -5 -3 -3 -4 -5 -4  1  5 -4  1  0 -4 -3 -2 -3 -2  0    1   0   0   0   0   0   0   0   0   2  94   0   0   1   0   1   1   0   0   1  0.96 0.24
   35 L   -1 -3 -4 -4 -2 -2 -4 -4 -4  2  5 -3  1 -1 -3 -2 -2 -3 -2  0    6   0   0   0   0   2   0   1   0   7  80   0   0   0   1   2   0   0   1   1  0.67 0.20
   36 L   -1 -3 -5 -5 -2 -3 -4 -4 -4  1  5 -4  1 -1 -4 -3 -2 -3 -2  0    6   0   0   0   0   0   0   0   0   2  88   0   1   0   0   0   0   0   0   3  0.83 0.22
   37 Q   -2 -1 -2  0 -5  8  1 -3 -1 -5 -4  0 -2 -5 -3 -2 -2 -4 -3 -4    0   0   0   4   0  92   3   0   0   0   0   0   0   0   0   0   0   0   0   0  1.53 0.36
   38 V   -1 -4 -4 -5 -2 -4 -4 -4 -5  2  0 -4  0 -2 -4 -3 -1 -4 -3  6    1   0   0   0   0   0   0   1   0   1   1   0   1   0   0   0   0   0   0  94  1.04 0.28
   39 Q   -2  0 -2 -2 -5  8  0 -1  0 -5 -4  0 -2 -5 -3 -1 -2 -4 -3 -4    0   3   0   0   0  91   0   3   2   0   0   0   0   0   0   1   0   0   0   0  1.48 0.36
   40 H    1 -2 -1  1 -4  0  0 -3  9 -4 -4 -1 -3 -3 -1 -1 -3 -4  1 -4   13   0   0  10   0   1   2   0  64   0   1   3   0   0   3   2   0   0   2   0  1.10 0.27
   41 A    4 -3 -2 -3 -2 -2 -2  0 -3  1 -1 -2 -1 -3 -2  1  1 -4 -3  1   61   0   0   0   0   0   0   4   0  10   1   0   0   0   0   9   7   0   0   9  0.45 0.17
   42 S    0 -2  0 -2 -2 -1 -1 -1 -2 -4 -4 -2 -3 -3 -2  6  1 -4 -3 -3    1   0   2   0   0   2   0   1   0   0   0   0   0   1   0  89   3   0   0   0  0.97 0.28
   43 K   -2  1 -1 -2 -4  1  0 -3 -2 -3 -3  6  1 -4 -1 -1  0 -4 -3 -3    0   3   0   0   0   3   3   0   0   0   0  73   4   0   2   2   7   0   0   0  0.77 0.22
   44 Q   -2  0 -1 -2 -4  7  0 -3  1 -4 -3  0 -2 -4 -1 -1  0 -1 -3 -3    1   2   1   0   0  81   0   0   3   0   2   0   0   0   2   0   6   1   0   0  1.14 0.30
   45 I   -3 -4 -4 -4 -3 -4 -4 -5 -4  7  0 -4  1 -1 -4 -4 -2 -4 -3  2    0   0   0   0   0   0   0   0   0  91   1   0   3   0   0   0   0   0   0   3  1.09 0.27
   46 A    2  0 -1 -2 -2  0 -1 -1 -2 -2 -2  0 -1 -3  1  2  3 -3 -3 -1   29   6   0   0   0   2   1   2   0   0   0   5   2   0   7  13  32   0   0   0  0.35 0.13
   47 A    4 -2 -2 -2 -2  0  1 -1 -2 -2 -2  0 -2 -3  2  0  0 -4 -3  0   56   0   0   0   0   3  11   1   0   0   1   5   0   0   9   2   4   0   0   9  0.40 0.15
   48 D   -1 -2  0  6 -4  0  3 -2 -2 -4 -5 -1 -4 -5 -3 -1 -2 -5 -4 -4    4   0   2  67   0   2  22   1   0   0   0   1   0   0   0   1   0   0   0   0  1.07 0.23
   49 K   -2  2  1  1 -4  3  0 -3 -1 -4 -3  5  0 -4 -2 -1 -1 -4 -3 -3    1   4   6   6   0  17   1   0   0   0   0  61   3   0   0   0   1   0   0   0  0.70 0.20
   50 Q   -2  4 -1 -2 -4  6  1 -3  1 -4 -4  1 -1 -4 -2 -2 -2 -4 -3 -4    1  25   0   0   0  62   3   0   2   0   0   6   1   0   1   0   0   0   0   0  1.00 0.26
   51 Y   -3 -4 -4 -5  2 -3 -4 -5  0 -3 -3 -4 -3  2 -5 -3 -3  1  9 -3    0   0   0   0   5   0   0   0   0   0   0   0   0   2   0   0   0   0  92   0  1.92 0.37
   52 K   -2  1 -1 -2 -5  0  0 -3 -2 -4 -4  7 -3 -5 -3 -1 -1 -5 -3 -4    0   1   2   0   0   0   1   0   0   0   0  92   0   0   0   2   2   0   0   0  1.19 0.30
   53 G    0 -4 -2 -2 -3 -3 -3  7 -4 -5 -5 -3 -4 -5 -4 -1 -3 -4 -5 -5    3   0   0   1   0   0   0  96   0   0   0   0   0   0   0   0   0   0   0   0  1.60 0.28
   54 I   -2 -4 -4 -4 -3 -3 -4 -5 -4  6  1 -4  5 -1 -4 -3 -1 -3 -2  1    0   0   0   0   0   0   0   0   0  67   5   0  26   0   0   0   1   0   0   0  0.88 0.25
   55 V    0 -3 -4 -4 -2 -3 -3 -3 -4  4  1 -3  3 -1 -3 -2 -1 -3 -2  4    5   0   0   0   0   0   0   1   0  40   3   0  14   1   0   1   0   0   0  35  0.53 0.16
   56 D   -3 -3  1  8 -5 -2  0 -3 -3 -5 -5 -2 -5 -5 -3 -2 -3 -6 -5 -5    0   0   2  95   0   0   2   0   0   0   0   0   0   0   0   0   0   0   0   0  1.68 0.32
   57 C    1 -4 -4 -5 10 -4 -4 -4 -4 -2 -3 -4 -3 -4 -4 -2 -2 -4 -4  1   14   0   0   0  75   0   0   0   0   0   0   0   0   0   0   0   1   0   0   9  1.77 0.32
   58 I   -2 -4 -4 -4 -2 -3 -4 -4 -3  3  2 -4  1  5 -4 -3 -2 -2  0  3    0   0   0   0   0   0   0   0   0  18  15   0   2  37   0   0   0   0   0  27  0.56 0.15
   59 V   -1 -2 -3 -4 -2 -2 -3 -4 -4  2  0 -3  0 -2 -2 -2  0 -4 -2  5    2   2   0   0   0   2   0   0   0   8   1   0   2   0   1   2   4   0   0  75  0.63 0.20
   60 R   -3  7 -2 -3  0  0 -1 -2  1 -4 -3  1 -3 -4 -2 -2 -2 -4 -3 -4    0  85   0   0   2   1   0   2   4   0   0   1   0   0   1   0   0   0   0   0  1.21 0.27
   61 I   -2 -4 -4 -4 -2 -4 -4 -5 -4  6  0 -4  0 -1 -4 -3 -2 -4 -2  3    0   0   0   0   0   0   0   0   0  78   0   0   0   0   0   0   0   0   0  20  0.95 0.24
   62 P   -2 -3 -2 -3 -4 -3 -2 -3 -2 -4 -4 -2 -4 -3  8  0 -2 -5 -4 -3    1   0   1   0   0   0   0   0   1   1   0   0   0   1  85   8   1   0   0   1  2.04 0.31
   63 K   -2  4 -1 -2 -4  1  0 -3 -1 -4 -4  6 -2 -4 -2 -1 -2 -4 -3 -3    2  20   0   0   0   4   0   0   0   0   0  72   0   0   0   0   0   0   0   0  0.95 0.24
   64 E   -2 -1 -1  1 -5  1  7 -2 -2 -5 -4  0 -3 -5 -2 -1 -2 -4 -3 -4    0   0   0   4   0   0  89   3   0   0   0   1   0   0   0   1   0   0   0   0  1.24 0.28
   65 Q   -1 -1 -1 -1 -4  7  1 -3 -1 -4 -4  0 -2 -5 -3 -1  0 -4 -3 -3    3   0   0   1   0  85   2   0   0   0   0   0   0   0   0   0   7   0   0   0  1.27 0.32
   66 G   -1 -3 -2 -3 -4 -3 -3  7 -3 -5 -5 -3 -4 -4 -3 -2 -3 -4 -4 -5    0   0   0   0   0   0   0  97   0   0   0   0   0   0   0   0   0   0   0   0  1.64 0.28
   67 V   -2 -3 -4 -4 -2 -3 -4 -4 -3  2  0 -3  1  5 -3 -2 -2 -1  1  3    0   0   0   0   0   0   0   0   0   7   4   0   3  41   1   3   0   0   2  37  0.57 0.17
   68 L    0 -2 -3 -4  1 -2 -3 -2 -3  1  4 -2  1  1 -2 -1  0 -1 -1  0    8   1   0   0   3   0   0   3   0   7  59   1   2   5   1   4   5   0   0   1  0.32 0.12
   69 S    1 -2  0 -2 -2 -1 -1 -1 -2 -3 -2 -2 -2 -3 -2  6  0 -4 -2 -3   11   0   2   0   0   0   0   1   0   0   3   0   0   0   0  80   0   0   1   0  0.80 0.25
   70 F   -3 -4 -4 -4 -3 -4 -4 -4 -2 -1  2 -4 -1  7 -4 -3 -3  0  3 -2    0   0   0   0   0   0   0   0   0   0  18   0   0  71   0   0   0   0   8   0  1.12 0.24
   71 W   -4 -5 -5 -6 -4 -4 -5 -4 -4 -4 -4 -5 -3 -1 -5 -5 -4 12  2 -5    0   0   0   0   0   0   0   0   0   0   0   0   0   0   0   0   0  93   3   0  3.48 0.47
   72 R   -3  7 -2 -3 -2  0 -1 -4  2 -4 -4  1 -3 -4 -3 -2 -3 -4 -3 -4    0  88   0   0   1   1   0   0   5   0   0   0   0   0   0   0   0   0   0   0  1.35 0.30
   73 G   -1 -3 -1 -3 -4 -3 -3  7 -3 -5 -5 -3 -4 -4 -3 -1 -3 -4 -4 -4    0   0   1   0   0   0   0  94   0   0   0   0   0   0   0   2   0   0   0   0  1.54 0.27
   74 N   -3 -2  8  0 -4 -1 -2 -2 -1 -5 -5 -2 -4 -3 -3 -1 -1 -5 -3 -4    0   0  95   0   0   0   0   0   0   0   0   0   0   1   0   1   0   0   0   0  1.57 0.33
   75 L   -2 -3 -3 -4 -2 -3 -4 -4 -3  0  5 -3  2  0 -1 -3 -2  0 -2  0    1   0   1   0   0   0   0   0   0   0  82   0   4   3   3   0   2   1   0   0  0.71 0.20
   76 A    6 -3 -3 -2 -2 -2 -2 -1 -2 -2 -3 -2 -2 -3 -2  0 -1 -4 -3  0   91   0   0   1   0   0   0   0   0   0   0   0   0   0   0   0   0   0   0   4  0.91 0.26
   77 N   -3 -2  8  0 -4 -1 -2 -2 -1 -5 -5 -2 -4 -4 -3  0 -1 -5 -4 -4    0   0  93   0   0   0   0   0   0   0   0   0   0   0   0   2   3   0   0   0  1.54 0.32
   78 V   -1 -4 -4 -3  2 -3 -4 -4 -4  2  0 -4 -1 -2 -4 -3 -1 -4 -3  6    0   0   0   1   4   0   0   0   0   2   0   0   0   0   0   0   0   0   0  90  0.93 0.26
   79 I   -3 -4 -4 -4 -3 -3 -4 -5 -4  7  1 -4  0 -1 -4 -3 -1 -4 -3  1    0   0   0   0   0   1   0   0   0  91   3   0   0   0   0   0   2   0   0   1  1.04 0.26
   80 R   -3  7 -2 -3 -1  0 -1 -3 -2 -4 -3  1 -3 -4 -3 -2 -2 -1 -1 -4    0  87   0   0   2   2   0   1   0   0   0   0   0   0   0   0   0   1   2   0  1.26 0.29
   81 Y   -3 -3 -4 -5 -4 -3 -4 -4  0 -2 -3 -3 -3  2 -4 -2 -3  1  9 -3    1   0   0   0   0   0   0   0   0   1   0   0   0   1   0   2   0   0  93   0  1.86 0.36
   82 F   -4 -4 -4 -5 -4 -5 -5 -4 -3 -1 -1 -4 -1  8 -5 -3 -3 -1  2 -2    0   0   0   0   0   0   0   0   0   2   0   0   0  95   0   1   0   0   0   0  1.68 0.32
   83 P   -2 -4 -3 -3 -4 -3 -3 -4 -4 -4 -4 -3 -4 -5  8 -2 -3 -5 -4 -4    0   0   1   0   0   0   0   0   0   0   1   0   0   0  96   0   0   0   0   0  2.50 0.35
   84 T   -1 -3 -1 -2 -2 -2 -2 -3  0 -2 -3 -2 -2 -4 -3  0  7 -4 -3 -2    0   0   1   0   0   0   0   0   3   0   0   0   0   0   0   1  94   0   0   0  1.21 0.31
   85 Q   -2 -1 -2 -2 -4  8  0 -3 -1 -4 -4  0 -2 -5 -3 -2 -2 -4 -3 -4    0   0   0   0   0  96   0   0   0   0   0   0   0   0   0   0   0   0   0   0  1.61 0.37
   86 A    6 -3 -3 -3 -2 -2 -2 -1 -3 -3 -3 -2 -2 -4 -2  0 -1 -4 -3 -1   97   0   0   0   0   0   0   0   0   0   0   0   0   0   0   1   0   0   0   1  1.07 0.29
   87 L   -3 -3 -5 -5 -3 -3 -4 -5 -4  0  6 -4  1  0 -4 -4 -2 -3 -2  0    0   0   0   0   0   0   0   0   0   0  96   0   1   2   0   0   0   0   0   0  1.02 0.25
   88 N   -3 -2  8  0 -4 -2 -2 -2 -1 -5 -5 -2 -4 -5 -4 -1 -1 -5 -4 -4    0   0  96   0   0   0   0   0   0   0   0   0   0   0   0   1   1   0   0   0  1.65 0.34
   89 F   -4 -4 -5 -5 -4 -5 -5 -5 -3 -2 -1 -5 -2  8 -5 -4 -4 -1  2 -2    0   0   0   0   0   0   0   0   0   0   0   0   0  97   0   1   0   0   1   0  1.80 0.34
   90 A    6 -3 -3 -3 -2 -2 -2 -1 -3 -3 -3 -2 -2 -4 -2  0  0 -4 -3 -1   94   0   0   0   0   0   0   0   0   0   0   0   0   0   0   1   4   0   0   0  0.99 0.27
   91 F   -4 -4 -5 -5 -4 -5 -5 -5 -3 -1 -1 -5 -1  8 -5 -4 -4 -1  2 -2    0   0   0   0   0   0   0   0   0   0   1   0   0  96   0   0   0   0   0   0  1.76 0.33
   92 K   -2  1 -1 -2 -4  0 -1 -3 -2 -4 -4  7 -3 -5 -2 -2 -2 -4 -3 -4    0   1   1   0   0   0   0   0   0   0   0  95   0   0   0   0   0   0   0   0  1.27 0.30
   93 D   -3 -3  0  7 -5 -2  0 -2 -1 -4 -5 -2 -4 -5 -1 -2 -2 -5 -4 -4    0   0   0  92   0   0   0   1   1   0   0   0   0   0   3   0   0   0   0   0  1.52 0.29
   94 K   -2  1 -1 -2 -4  0 -1 -3 -2 -2 -3  6 -2 -4 -2 -1  1 -4 -3 -1    0   3   0   0   0   0   0   0   0   1   0  78   0   0   0   1  10   0   0   5  0.83 0.24
   95 Y   -3 -3 -2 -3 -4 -3 -3 -4  0 -3 -2 -3 -2  3 -4 -3 -3  1  9 -3    0   0   2   1   0   0   0   0   0   0   0   0   0   9   0   0   0   0  86   0  1.69 0.33
   96 K   -2  1 -1 -2 -4  0 -1 -3 -2 -4 -4  7 -3 -4 -2 -1 -2 -4 -3 -4    0   2   1   0   0   1   0   0   0   0   0  90   0   0   0   3   0   0   0   0  1.14 0.28
   97 Q   -1  1  0 -1 -4  6  1 -2 -1 -3 -3  2 -2 -4 -2  0 -1 -3 -2 -2    5   3   3   1   0  59   2   1   0   0   0  16   0   0   0   4   3   0   1   1  0.72 0.21
   98 I   -2 -4 -4 -4 -2 -3 -4 -4 -4  5  1 -3  2  0 -4 -3 -2 -2 -2  3    0   0   0   0   0   0   0   0   0  60   9   0   5   4   0   0   0   0   0  16  0.60 0.18
   99 F   -3 -4 -4 -5 -4 -4 -4 -4 -3 -2 -1 -4 -1  8 -5 -4 -3  0  2 -2    0   0   0   0   0   0   0   0   0   0   0   0   0  95   0   0   0   0   0   0  1.68 0.31
  100 L   -2 -3 -4 -4  0 -2 -4 -4 -4  1  5 -3  3 -1 -4 -3 -2 -3 -2  0    0   0   0   0   1   1   0   0   0   2  80   0  10   0   0   0   1   0   0   3  0.75 0.20
  101 G    0 -1 -1  1 -3 -1  1  5 -2 -4 -4  0 -3 -4  0  1 -2 -3 -3 -3    7   4   1   8   0   0   9  53   0   0   0   4   0   0   4   9   0   0   0   1  0.58 0.13
  102 G   -1 -3  0  0 -4 -2 -2  6 -1 -4 -4 -1 -4 -4 -2 -1 -2 -2 -4 -4    2   0   2   6   0   0   1  79   2   0   0   4   0   0   1   0   0   0   0   0  1.09 0.21
  103 V   -1 -3 -3 -4 -2 -3 -3 -3 -4  2  1 -3  0 -1 -3 -2 -1 -1 -1  5    1   0   1   0   0   0   0   1   0   8   7   0   0   2   0   1   1   1   1  75  0.66 0.20
  104 D   -3 -2  2  7 -4 -1  0 -2 -2 -4 -5 -2 -4 -4  2 -1 -2 -5 -4 -4    1   1   7  77   0   0   1   1   0   0   0   1   0   0   9   1   1   0   0   0  1.18 0.24
  105 K   -2  2 -1 -2 -4  1  0 -3 -2 -4 -4  6 -3 -4  0 -1 -2 -4 -3 -4    0   5   0   0   0   3   0   0   0   0   0  85   0   0   4   1   0   0   0   0  1.04 0.26
  106 R   -2  4  2  1 -4  0  1 -2  5 -4 -3  2 -2 -3 -2 -1 -2 -4 -1 -3    0  27  12   9   0   1  10   0  21   0   0  17   0   0   0   0   0   0   0   0  0.52 0.14
  107 T    0 -1 -1 -1 -2 -1 -1 -2 -2 -2 -3  3 -2 -3 -2  0  5 -4 -3 -1    7   0   1   2   0   1   2   0   0   0   0  24   0   0   0   2  58   0   0   2  0.56 0.19
  108 Q   -2  0 -1  1 -4  7  1 -3  0 -4 -3  0 -2 -4 -1 -1 -2 -3 -3 -3    1   1   1   6   0  80   3   1   1   0   1   0   0   0   2   1   0   0   0   0  1.15 0.28
  109 F   -4 -4 -4 -5 -4 -4 -5 -5 -3 -2 -1 -3 -2  8 -2 -4 -3 -1  2 -2    0   0   0   0   0   0   0   0   0   0   0   2   0  94   2   0   1   0   0   0  1.63 0.32
  110 W   -4 -4 -5 -5 -1 -4 -4 -1 -4 -4 -3 -4 -1  0 -5 -4 -4 12  1 -4    0   0   0   0   1   0   0   6   0   0   2   0   1   1   0   0   1  84   1   1  2.93 0.41
  111 R   -2  7 -2 -3 -2  0 -1 -3  1 -4 -3  3 -1 -4 -3 -1 -2 -4 -3 -3    2  74   0   0   1   0   0   0   3   0   1  15   1   0   0   2   0   0   0   0  1.06 0.24
  112 Y   -3 -3 -3 -4 -2  0 -3 -4  2 -3 -2 -3 -2  4 -4 -3 -3  5  8 -3    0   0   0   0   1   5   0   0   3   0   1   0   0  14   0   0   0   7  66   0  1.28 0.27
  113 F   -4 -4 -5 -5 -4 -5 -5 -5 -3 -2 -1 -5 -1  8 -5 -4 -4 -1  2 -2    0   0   0   0   0   0   0   0   0   0   1   0   0  97   0   0   0   0   0   0  1.79 0.34
  114 A    5 -3 -3 -3 -2 -2 -2 -1 -2  0  0 -2  1 -2 -2  0 -1 -3 -3  1   70   0   0   0   0   0   0   1   0   3  10   0   4   1   0   2   0   0   0   8  0.52 0.19
  115 G    0 -4 -2 -3 -4 -3 -3  7 -3 -5 -5 -3 -3 -4 -3 -1 -3 -4 -4 -4    6   0   0   0   0   0   0  91   0   0   0   0   1   0   0   1   0   0   0   0  1.48 0.27
  116 N   -3 -2  8  0 -4 -1 -2 -2  1 -5 -5 -2 -4 -4 -3 -1 -1 -5 -3 -4    0   0  94   0   0   1   0   0   2   0   0   0   0   0   0   0   1   0   0   0  1.57 0.33
  117 L   -3 -3 -5 -5 -3 -3 -4 -5 -4  0  5 -4  1 -1 -2 -3 -2 -3 -2  0    0   0   0   0   0   0   0   0   0   0  93   0   1   0   1   2   0   0   0   0  0.92 0.25
  118 A    6 -3 -3 -3 -2 -2 -2 -1 -3 -2 -1 -2 -1 -3 -2  0 -1 -4 -3 -1   92   0   0   0   0   0   1   1   0   0   4   0   1   1   0   0   0   0   0   0  0.91 0.27
  119 S    2 -2 -1 -2 -1 -2 -2 -2 -2 -4 -3 -2 -3 -4 -1  6  0 -4 -3 -3   14   0   0   0   1   0   0   0   0   0   2   0   0   0   1  83   0   0   0   0  0.89 0.27
  120 G   -1 -4 -2 -2 -4 -3 -3  7 -3 -5 -5 -3 -4 -5 -2 -1 -3 -4 -4 -4    0   0   0   1   0   0   0  94   0   0   0   0   0   0   1   3   0   0   0   0  1.54 0.27
  121 G    0 -4 -2 -3 -4 -3 -3  7 -3 -5 -5 -3 -4 -4 -3 -1 -3 -4 -4 -4    2   0   0   0   0   0   0  94   0   0   0   0   0   0   0   2   0   0   0   0  1.54 0.27
  122 A    6 -3 -3 -3 -1 -2 -2  0 -3 -2 -3 -2 -2 -3 -2  0 -1 -4 -3 -1   89   0   0   0   0   0   0   4   0   0   0   0   0   0   0   0   2   0   0   2  0.89 0.26
  123 A    6 -3 -3 -3 -2 -2 -2 -1 -3 -3 -3 -2 -2 -4 -2  0 -1 -4 -3 -1   96   0   0   0   0   0   0   0   0   0   0   0   0   0   0   0   1   0   0   1  1.04 0.28
  124 G    0 -3 -2 -2 -3 -3 -2  6 -3 -4 -4 -2 -4 -4 -3 -1 -2 -4 -4 -4    4   1   0   0   0   0   1  88   0   0   0   0   0   0   0   3   0   0   0   0  1.33 0.24
  125 A    6 -3 -3 -3 -2 -2 -2  0 -3 -2 -2 -2 -2 -3 -2  0  0 -4 -3 -1   86   0   0   0   0   0   0   5   0   0   1   0   0   0   0   0   3   0   0   2  0.81 0.23
  126 T   -1 -2 -1 -2 -2  0 -2 -3 -3 -2 -2 -2 -2 -3 -2  1  7 -4 -3 -1    1   0   0   0   0   3   0   0   0   0   1   0   0   0   0   3  88   0   0   0  1.06 0.28
  127 S    0 -2 -1 -2 -2 -1 -1 -1 -2 -3 -4 -1 -3 -4 -2  6  0 -4 -3 -3    1   0   0   0   0   0   0   2   0   0   1   0   0   0   0  91   1   0   0   0  1.00 0.28
  128 L   -2 -3 -4 -4 -2 -3 -4 -4 -4  0  5 -3  2 -1 -4 -3 -2 -3 -2  0    0   0   0   0   0   0   0   0   0   0  92   0   2   1   0   0   0   0   0   0  0.90 0.22
  129 C   -2 -4 -4 -4 10 -4 -4 -4 -4 -1  1 -4 -1 -1 -4 -2 -2 -3 -3 -2    0   0   0   0  77   0   0   0   0   2  13   0   2   2   0   0   0   0   0   1  1.77 0.30
  130 F   -3 -4 -4 -5 -3 -4 -4 -5 -3 -1  0 -4 -1  8 -5 -4 -3 -1  1  1    0   0   0   0   0   0   0   0   0   1   3   0   0  83   0   0   0   0   0  11  1.35 0.28
  131 V   -1 -4 -4 -4 -2 -4 -4 -4 -4  1  0 -4 -1 -2 -4 -2 -1 -4 -3  6    0   0   0   0   0   0   0   0   0   0   1   0   0   0   0   1   0   0   0  96  1.06 0.28
  132 Y   -3 -3 -4 -5 -2 -3 -4 -5  0 -3 -3 -4 -3  2 -5 -3 -3  1  9 -3    0   0   0   0   1   0   0   0   0   0   0   0   0   1   0   0   0   0  97   0  2.03 0.38
  133 P   -2 -4 -3 -3 -4 -3 -3 -4 -4 -4 -4 -2 -4 -5  8 -2 -3 -5 -4 -4    0   0   0   0   0   0   0   0   0   0   1   0   0   0  95   0   0   0   0   0  2.43 0.34
  134 L   -3 -3 -5 -5 -3 -3 -4 -5 -4  0  6 -4  1 -1 -4 -4 -2 -3 -2  0    0   0   0   0   0   0   0   0   0   0  98   0   0   1   0   0   0   0   0   0  1.04 0.25
  135 D   -3 -3  0  8 -5 -2  0 -2 -3 -5 -5 -2 -4 -5 -3 -2 -3 -6 -4 -5    0   0   0  95   0   0   0   1   0   0   0   0   0   0   0   0   0   0   0   0  1.63 0.32
  136 F   -4 -4 -4 -5 -4 -4 -5 -5 -2 -1  0 -4 -1  8 -5 -4 -3  0  3 -2    0   0   0   0   0   0   0   0   0   2   3   0   0  89   0   0   0   0   5   0  1.56 0.30
  137 A    6 -3 -3 -3 -2 -2 -2 -1 -3 -1 -3 -2 -2 -3 -2  0  0 -4 -3 -1   90   0   0   0   0   0   0   0   0   2   0   0   0   0   0   1   5   0   0   1  0.89 0.26
  138 R   -3  7 -2 -3 -5  0 -2 -3  1 -4 -3  1 -3 -4 -3 -2 -2 -4 -3 -2    0  86   1   0   0   0   0   1   4   0   2   0   0   0   1   0   0   0   0   3  1.23 0.28
  139 T   -2 -3 -2 -3 -2 -2 -2 -3 -3 -2 -3 -2 -2 -4 -3  0  7 -4 -3 -2    0   0   0   0   0   0   0   0   0   0   0   0   0   0   0   0  98   0   0   0  1.34 0.33
  140 R   -3  7 -2 -3  2  0 -2 -4  0 -4 -4  1 -3 -4 -4 -2 -3 -4 -3 -4    0  91   0   0   5   1   0   0   1   0   0   0   0   0   0   0   0   0   0   0  1.43 0.31
  141 L   -3 -3 -5 -5 -3 -3 -4 -5 -4  0  6 -4  1 -1 -4 -4 -2  1 -2  0    0   0   0   0   0   0   0   0   0   0  95   0   1   0   0   0   0   2   0   0  0.98 0.24
  142 A    5 -3 -3 -3 -2 -2 -2  1 -3 -3 -3 -2 -2 -4 -2  0 -1 -4 -3 -1   83   0   0   0   0   0   0  11   0   0   0   0   0   0   0   2   1   0   0   2  0.82 0.24
  143 A    6 -3 -3 -3 -2 -2 -2 -1 -3 -2 -3 -2 -2 -3 -2  0  0 -4 -3  0   89   0   0   0   0   0   0   0   0   0   0   0   0   0   0   0   3   0   0   7  0.88 0.26
  144 D   -3 -3  0  8 -5 -2  0 -3 -3 -5 -5 -2 -5 -5 -3 -2 -3 -6 -5 -5    0   0   1  99   0   0   0   0   0   0   0   0   0   0   0   0   0   0   0   0  1.79 0.34
  145 V   -2 -4 -4 -4 -2 -4 -4 -5 -4  3  0 -4  1 -1 -4 -3 -1 -4 -2  6    0   0   0   0   0   0   0   0   0  15   0   0   2   2   0   0   2   0   0  79  0.85 0.24
  146 G   -1 -4 -2 -3 -4 -3 -2  7 -4 -5 -5 -3 -4 -5 -4 -2 -3 -4 -5 -3    0   0   0   0   0   0   2  95   0   0   0   0   0   0   0   0   0   0   0   3  1.57 0.28
  147 K   -2  1 -1 -2 -4  0 -1 -3  0 -4 -4  7 -3 -4 -2 -1 -2 -4 -3 -4    0   2   0   0   0   1   0   0   2   0   0  91   0   0   0   1   1   0   0   0  1.15 0.28
  148 S    3 -2 -1 -1 -2 -1 -1  3 -2 -2 -2 -1 -2 -3  0  2  0 -3 -2 -1   33   1   1   2   0   1   1  26   0   1   1   1   0   1   3  19   4   0   1   3  0.33 0.09
  149 G    1 -2 -1 -2 -3 -2 -2  6 -3 -3 -3 -1 -3 -4  0  0 -2 -3 -3 -2   11   1   1   1   0   0   1  68   0   0   2   3   0   0   3   3   1   0   0   4  0.82 0.17
  150 S    3 -1  0  0 -2  0  1  1 -1 -2 -2  1  0 -3 -2  1  1 -3 -2 -1   39   0   4   5   0   1   8  11   0   0   0   9   4   0   0   9   8   0   0   2  0.24 0.10
  151 E    0 -1  0  2 -4  2  5 -1 -1 -3 -2  1 -2 -4 -2  0 -1 -4 -3 -3    5   0   4   9   0   7  52   4   0   0   3   8   0   0   0   4   3   0   0   0  0.53 0.15
  152 R   -3  7 -2 -3  0  0 -2 -4 -2 -4 -4  2 -3 -4 -4 -1 -2 -4 -3 -4    0  91   0   0   2   0   0   0   0   0   0   5   0   0   0   2   0   0   0   0  1.43 0.31
  153 E   -2 -1 -2  0 -5  3  6 -3 -1 -4 -4  0 -3 -5 -3 -1 -2 -4 -3 -4    0   0   0   1   0  14  81   1   0   1   1   0   0   0   0   0   0   0   0   0  1.15 0.28
  154 F   -4 -4 -5 -5 -4 -5 -5 -5 -2 -2 -1 -5 -2  8 -5 -4 -4  0  3 -2    0   0   0   0   0   0   0   0   0   0   0   0   0  92   0   0   0   0   7   0  1.72 0.33
  155 R   -1  3  2 -1 -3  2  0 -2 -1 -3 -3  4 -2 -4 -2  1  2 -4 -3 -3    0  16  13   0   0   8   0   0   1   0   0  34   1   0   0  10  18   0   0   0  0.44 0.14
  156 G   -1 -4 -2 -3 -4 -3 -3  7 -3 -5 -5 -3 -4 -5 -4  0 -3 -4 -4 -4    0   0   0   0   0   0   0  93   0   0   0   0   0   0   0   6   0   0   0   1  1.53 0.28
  157 L   -3 -3 -5 -5 -3 -3 -4 -5 -4  1  5 -4  2 -1 -4 -4 -2 -3 -2  0    0   0   0   0   0   1   0   0   0   3  92   0   3   0   0   0   1   0   0   0  0.96 0.24
  158 G    0 -1  0 -2 -3 -2 -3  5 -3 -1 -2 -2 -2 -2 -3 -1 -1 -2 -3 -1    7   4   3   0   0   0   0  65   0   6   2   0   0   1   0   2   4   0   0   5  0.70 0.17
  159 D   -3 -3  3  7 -5 -1  0 -3  0 -5 -5 -2 -4 -5 -3 -1 -2 -6 -4 -4    0   0  16  80   0   1   0   0   2   0   0   0   0   0   0   0   0   0   0   1  1.36 0.28
  160 C   -2 -6 -5 -6 11 -5 -6 -5 -5 -3 -3 -5 -3 -4 -5 -3 -3 -4 -4 -2    0   0   0   0  99   0   0   0   0   0   0   0   0   0   0   0   0   0   0   1  2.81 0.43
  161 L   -2 -4 -5 -5 -2 -3 -4 -5 -4  4  5 -4  1  0 -3 -4 -2 -3 -2  1    0   0   0   0   0   0   0   0   0  27  69   0   0   1   1   0   0   0   0   1  0.75 0.20
  162 V    0 -2 -3 -3 -2 -1 -2 -2 -3  2  0 -1  1 -1 -3  0  1 -2 -2  4    8   1   0   0   0   2   0   2   0   9   3   3   5   1   0   6   9   0   0  51  0.29 0.13
  163 K   -2  1 -2 -2 -5  0 -1 -3 -2 -4 -4  7 -3 -5 -3 -1 -1 -4 -2 -4    0   0   0   0   0   0   0   0   0   0   0  94   0   0   0   2   2   0   1   0  1.24 0.31
  164 I   -2 -4 -4 -4 -2 -4 -4 -5 -4  6  0 -4  0 -2 -4 -3  1 -4 -3  2    0   0   0   0   0   0   0   0   0  79   0   0   0   0   0   0  11   0   0   9  0.89 0.24
  165 T    0 -3 -3 -3 -3 -3 -3 -3 -1 -1 -1 -3 -1  5 -2 -1  1  0  5  0   11   0   0   0   0   0   0   0   0   1   2   0   1  35   2   4  11   0  27   7  0.52 0.16
  166 K   -2  2 -2 -2 -4  0 -1 -3 -2 -4 -4  7 -3 -4 -2 -2 -2 -4 -3 -4    0   8   0   0   0   1   0   0   0   0   0  89   0   0   0   0   0   0   0   0  1.16 0.28
  167 S    1 -1  0 -2 -1 -1 -1 -2 -1 -3 -3 -1 -3 -4 -2  5  1 -4 -3 -3    6   2   1   0   1   2   0   0   1   0   0   2   0   0   0  77   7   0   0   0  0.75 0.24
  168 D   -3 -3  1  7 -5 -2  0 -3  1 -5 -5 -2 -4 -5 -3 -2 -2 -6 -4 -5    0   0   2  92   0   0   0   0   4   0   0   0   0   0   0   0   0   0   0   0  1.58 0.30
  169 G   -1 -1 -2 -3 -4 -3 -3  7 -3 -5 -5 -3 -4 -4 -3 -2 -3 -4 -4 -4    0   3   0   0   0   0   0  95   0   0   0   0   0   0   0   0   0   0   0   0  1.56 0.28
  170 I   -2 -3 -4 -4 -2 -3 -3 -4 -3  4  3 -3  1  1  2 -2 -2 -3 -2  1    2   0   0   0   0   0   0   0   0  40  32   0   2   5  13   1   0   0   0   3  0.47 0.14
  171 R   -1  4 -2 -2 -3 -1 -1 -1 -2  2 -1  2  0 -1 -2 -1 -1 -3 -1  1    0  35   0   0   0   0   0   4   0  19   3  17   1   3   1   3   3   0   1  10  0.26 0.11
  172 G    0 -4 -2 -3 -1 -3 -3  7 -3 -5 -5 -3 -4 -4 -3 -2 -3 -4 -4 -4    3   0   0   0   2   0   0  94   0   0   0   0   0   0   0   0   0   0   0   0  1.54 0.27
  173 L   -3 -3 -5 -5  1 -3 -4 -5 -4  0  5 -4  1 -1 -4 -4 -2 -1 -2  0    0   0   0   0   3   0   0   0   0   0  94   0   1   0   0   0   0   1   0   1  0.95 0.24
  174 Y   -3 -3 -3 -4 -4 -3 -4 -4  0 -3 -3 -3 -3  1 -4 -2 -1  1  9 -3    0   0   1   0   0   0   0   0   0   0   0   0   0   0   0   2   3   0  92   0  1.82 0.36
  175 Q   -2  5 -1 -2 -4  6  0 -3 -1 -4 -3  1 -2 -4 -3 -2 -2 -4 -3 -4    0  45   0   0   0  51   0   1   0   0   1   1   0   0   0   0   0   0   0   0  1.06 0.27
  176 G    0 -4 -2 -3 -4 -3 -3  7 -3 -5 -5 -3 -4 -4 -3 -1 -3 -4 -4 -4    5   0   0   0   0   0   0  94   0   0   0   0   0   0   0   0   0   0   0   0  1.54 0.27
  177 F   -4 -4 -5 -5 -4 -5 -5 -5 -3 -2  0 -5 -1  8 -5 -4 -4 -1  2 -2    0   0   0   0   0   0   0   0   0   0   3   0   0  95   0   0   0   0   0   0  1.73 0.33
  178 N   -1 -2  5 -1 -2 -1 -2  3 -1 -1 -3 -2 -2  0 -3  1  0 -3 -2 -1    2   0  39   0   1   0   0  26   0   4   1   0   0   6   0  14   3   0   0   4  0.44 0.14
  179 V   -1 -4 -4 -4  1 -3 -4 -4 -4  2  0 -4  0 -2 -4 -3 -1 -4 -2  6    0   0   0   0   3   0   0   0   0   4   0   0   1   0   0   0   0   0   0  89  0.94 0.26
  180 S    0 -2 -1 -2 -2 -2 -2 -2 -2 -4 -4 -2 -3 -4 -2  6  0 -4 -3 -3    0   0   0   0   0   0   0   0   0   0   0   0   0   0   0  97   0   0   0   0  1.15 0.31
  181 V   -1 -4 -4 -4 -2 -3 -4 -4 -4  2  0 -3  1 -2 -3 -3 -1 -4 -2  6    1   0   0   0   0   0   0   0   0   4   2   0   4   0   0   0   0   0   0  87  0.89 0.25
  182 Q   -2  0 -1 -2 -4  8  0 -1 -1 -3 -3  0 -2 -4 -2 -2 -2 -3 -2 -3    0   1   0   0   0  87   1   5   0   1   0   0   0   0   1   0   1   0   1   1  1.28 0.32
  183 G   -1 -3 -2 -3 -4 -3 -3  7 -3 -5 -5 -3 -4 -2 -3 -1 -3 -4 -4 -4    2   1   0   0   0   0   0  92   0   0   0   0   0   2   0   2   0   0   0   0  1.46 0.26
  184 I   -3 -4 -5 -5 -3 -4 -5 -5 -5  7  0 -4  0 -2 -4 -4 -2 -4 -3  2    0   0   0   0   0   0   0   0   0  96   0   0   0   0   0   0   0   0   0   3  1.20 0.29
  185 I   -3 -4 -4 -4 -3 -4 -4 -5 -4  7  0 -4  0  0 -4 -3 -2 -4 -2  2    0   0   0   0   0   0   0   0   0  91   0   0   0   3   0   2   0   0   0   3  1.07 0.27
  186 I   -1 -4 -4 -4 -2 -4 -4 -4 -4  6  0 -3  0 -1 -4 -3 -1 -4 -2  3    3   0   0   0   0   0   0   0   0  77   1   1   1   2   0   0   1   0   0  14  0.82 0.22
  187 Y   -3 -3 -2 -4 -4 -3 -3 -4  0 -3 -3 -3 -3  1 -4 -3 -3  1  9 -3    0   0   2   0   0   0   0   0   0   0   0   0   0   0   0   0   0   0  94   0  1.90 0.36
  188 R   -3  7 -2 -3 -5  2 -1 -3 -2 -4 -3  1 -3 -4 -3 -2 -2 -4 -3 -4    0  89   0   0   0   7   0   1   0   0   2   0   0   0   0   0   0   0   0   0  1.39 0.30
  189 A    6 -3 -3 -3 -2 -2 -2  0 -3 -3 -3 -2 -2 -4 -2  0 -1 -4 -3 -1   94   0   0   0   0   0   0   4   0   0   0   0   0   0   0   0   0   0   0   1  1.00 0.27
  190 A    5 -2 -2 -2  0 -2 -2 -1 -3 -3 -3 -2 -2 -3 -2  2  1 -4 -3 -1   71   0   0   0   1   0   0   0   0   0   0   0   0   0   0  17  10   0   0   0  0.68 0.21
  191 Y   -3 -3 -3 -4  0 -3 -3 -4  1 -3 -3 -3 -2  3 -4 -2 -1  1  8 -3    0   0   1   0   3   0   0   0   1   0   0   0   0   6   0   2   3   0  83   0  1.55 0.32
  192 F   -4 -4 -5 -5 -4 -5 -5 -5 -3 -2 -1 -5 -1  8 -5 -4 -4 -1  2 -2    0   0   0   0   0   0   0   0   0   0   0   0   0  98   0   0   0   0   0   1  1.80 0.34
  193 G   -1 -2 -2 -3 -1 -3 -3  7 -2 -4 -5 -3 -4 -4 -3 -2 -3 -4 -4 -3    0   2   0   0   2   0   0  90   1   0   0   0   0   0   0   0   0   0   0   3  1.40 0.26
  194 I   -1 -3 -3 -4  4 -3 -3 -1 -3  3  1 -3  2  3 -3 -1 -1 -2 -1  2    1   0   0   0  11   0   0   6   0  24  11   0   9  18   0   3   1   0   0  15  0.28 0.10
  195 Y   -3 -3 -4 -5 -4 -3 -4 -4  0 -2 -2 -4 -2  5 -5 -3 -3  1  8 -3    0   0   0   0   0   0   0   0   0   0   0   0   0  26   0   1   0   0  71   0  1.53 0.31
  196 D   -3 -3  1  7 -5 -2  0 -3  0 -4 -5 -2 -4 -3 -3 -2 -2 -5 -4 -4    0   0   4  89   0   0   0   0   2   0   0   0   0   1   0   0   0   0   0   1  1.44 0.28
  197 T   -1 -1 -1 -2 -2 -2 -2 -3 -3 -2 -3 -2 -1 -4 -3  1  7 -4 -3 -1    0   2   0   0   0   0   0   0   0   0   0   0   1   0   0   4  91   0   0   1  1.15 0.30
  198 A    5 -3 -3 -3  0 -2 -2 -1 -3  1 -1 -2  0 -2 -2  0  0 -4 -3  1   67   0   0   0   1   0   0   1   0   9   2   0   2   0   1   4   2   0   0   9  0.48 0.18
  199 K   -2  3 -1 -2 -4  1 -1 -3 -2 -4 -4  6 -3 -4 -1 -1 -2 -4 -3 -4    0  15   1   0   0   2   0   0   0   0   0  78   0   0   3   1   0   0   0   0  1.01 0.25
  200 G    0 -3 -1  0 -3 -2 -1  6 -3 -3 -4 -2 -1 -4 -3  0 -2 -4 -3 -3    3   0   1   4   0   1   3  76   0   1   0   0   3   0   0   4   1   0   1   2  0.98 0.20
  201 M   -2 -3 -4 -4 -3 -2 -2 -4 -2  1  2 -3  8  0 -4 -3 -2 -3  1  1    0   0   0   0   0   0   2   0   1   4  13   0  62   3   0   0   1   0   4   8  0.84 0.25
  202 L   -3 -3 -5 -5 -3 -3 -4 -5 -4  1  5 -4  2  1 -4 -4 -2 -3 -1  0    0   1   0   0   0   0   0   0   0   2  86   0   3   6   0   0   0   0   0   2  0.86 0.22
  203 P   -1 -2 -3 -3 -4 -2 -2 -2 -3 -4 -2 -1 -3 -5  8  0 -2 -5 -4 -3    4   1   0   0   0   0   1   1   0   0   4   2   0   0  78   7   1   0   0   0  1.78 0.28
  204 D   -2 -2  2  6 -4 -1  1 -2  0 -4 -5 -1 -4 -4 -3 -1 -1 -5 -2 -4    2   0  10  71   0   0   5   0   2   0   0   3   0   0   0   2   2   0   1   0  1.04 0.22
  205 P   -2 -2 -2 -2 -4 -2 -1 -1 -3 -3 -2 -1 -3 -4  8 -1 -2 -5 -4 -3    1   1   1   1   0   1   2   4   0   1   3   2   0   0  76   5   1   0   0   0  1.67 0.26
  206 K   -2  1 -1 -2 -4  1  0 -1 -2 -4 -3  6 -1 -3 -2 -1 -2 -4 -3 -4    0   1   0   0   0   2   4   5   0   0   1  83   1   1   0   0   0   0   0   0  0.95 0.26
  207 N   -2 -1  6  1 -4  1  0 -1  0 -4 -4  2 -3 -4 -3  1  0 -4 -2 -4    1   0  60   3   0   5   2   2   1   0   0  15   0   0   0   6   4   0   1   0  0.76 0.20
  208 T    1 -1 -1 -2 -2 -1 -2 -2 -3  0  0 -2  0 -3 -1  1  5 -3 -3  0   10   2   1   0   0   1   0   0   0   5   7   0   1   0   2   4  62   0   0   5  0.51 0.18
  209 H   -2 -2  2 -2 -4 -1 -2 -1  7 -4 -4 -2 -3 -3  5  0 -2 -4 -1 -4    0   0  11   0   0   0   0   5  39   0   0   0   0   0  35   7   1   0   1   0  1.06 0.23
  210 I   -3 -4 -4 -2 -3 -4 -4 -4 -3  5  2 -4  0  4 -4 -3 -2 -1  0  1    0   0   0   3   0   0   0   0   0  51  12   0   0  29   0   0   0   0   0   3  0.63 0.18
  211 V   -2 -3 -4 -4 -2 -3 -4 -4 -1  2  2 -3  1  4 -4 -3 -2  4  3  2    1   0   0   0   0   0   0   0   1  10  24   0   1  27   0   0   0   5   9  21  0.46 0.13
  212 V    0 -3 -3 -4 -2 -1 -3 -4 -3  4  1 -3  1 -1 -3 -2 -1 -3 -2  4    5   0   0   0   0   5   0   0   0  34  11   0   2   2   0   0   2   0   0  39  0.44 0.14
  213 S    1 -2  2 -1 -2 -1 -1 -1 -2 -3 -2 -1 -1 -3 -2  5  1 -4 -3 -3    6   0   8   0   0   0   0   2   0   0   2   2   1   0   0  71   4   0   0   0  0.63 0.22
  214 W   -4 -4 -5 -6 -4 -4 -3 -4 -4 -4 -3 -5 -3  4 -5 -4 -4 12  1 -4    0   0   0   0   0   0   2   0   0   0   0   0   0  19   0   0   0  77   0   0  2.84 0.41
  215 M    1 -3 -3 -3  0 -2 -3  0 -3  0  1 -2  6  1 -3 -1 -1 -3 -2  0   18   0   0   0   2   0   0   9   0   3  12   0  42   5   0   1   3   0   0   3  0.38 0.17
  216 I   -3 -4 -4 -4 -3 -4 -4 -5 -4  7  0 -4  1 -1 -4 -4 -1 -4 -2  2    0   0   0   0   0   0   0   0   0  87   1   0   3   1   0   0   1   0   0   5  1.01 0.26
  217 A    6 -3 -3 -3 -2 -2 -2 -1 -3 -3 -3 -2 -2 -4 -2  0 -1 -4 -3 -1   93   0   0   0   0   0   0   2   0   0   0   0   0   0   0   0   2   0   0   2  0.96 0.27
  218 Q   -2 -1 -2 -2 -4  8  2 -3  0 -4 -4  0 -1 -3 -3 -2 -1 -4 -3 -4    0   0   0   0   0  86   8   0   1   0   0   0   1   1   0   0   3   0   0   0  1.36 0.33
  219 T    0 -2 -1 -2  0 -2 -2 -2 -3  1  0 -2 -1 -1 -2  2  3 -3 -2  2    4   0   0   0   2   0   0   1   0   5   5   0   0   2   0  22  32   0   0  26  0.29 0.13
  220 V   -1 -4 -4 -4 -2 -3 -4 -3 -4  2  0 -3  0 -2 -4 -3 -1 -4 -2  6    2   0   0   0   0   0   0   1   0   1   4   0   0   0   0   0   0   0   0  90  0.91 0.25
  221 T   -1 -3 -2 -3 -2 -2 -2 -3 -3 -2 -3 -2  0 -4 -3  0  7 -4 -3 -1    3   0   0   0   0   0   0   0   0   0   0   0   3   0   0   1  92   0   0   0  1.16 0.31
  222 A    3 -2 -2 -1 -2 -2 -2 -2 -3 -1 -2 -2 -1 -3 -2  0  4 -4 -3  1   41   0   0   2   0   0   0   0   0   1   0   0   0   0   0   2  45   0   0   8  0.53 0.19
  223 V    0 -3 -3 -4  1 -3 -3 -1 -3  2  0 -3  1  1 -3 -1 -1 -3 -1  4    4   0   0   0   4   0   0   6   0   7   4   0   3   9   0   6   2   0   0  55  0.33 0.14
  224 A    5 -2 -2 -3  0 -2 -2 -1 -3 -3 -3 -2 -2 -3 -2  3 -1 -4 -3 -2   75   0   0   0   2   0   0   0   0   0   0   0   0   0   0  22   0   0   0   0  0.77 0.23
  225 G   -1 -4 -2 -3 -4 -3 -3  7 -3 -5 -5 -3 -4 -5 -4 -1 -3 -4 -4 -4    1   0   0   0   0   0   1  96   0   0   0   0   0   0   0   1   0   0   0   1  1.59 0.28
  226 V   -2 -3 -4 -4 -2 -3 -4 -4 -4  4  3 -3  2  0 -4 -3 -1 -3 -1  2    0   0   0   0   0   0   0   0   0  43  32   0   6   3   0   0   1   0   1  14  0.54 0.14
  227 V    0 -3 -3 -3 -2 -2 -3 -3 -3  3  1 -2  1 -1 -1 -1  2 -3 -2  3    6   0   0   0   0   0   0   0   0  18  15   0   3   0   2   1  24   0   0  31  0.32 0.12
  228 S    0 -2 -1 -2  1 -2 -2 -2 -2 -4 -4 -2 -3 -2 -2  6  0 -4 -3 -3    3   0   0   0   3   0   0   0   0   0   0   0   0   2   0  92   0   0   0   0  1.04 0.30
  229 Y   -4 -4 -4 -4 -4 -3 -4 -5  0 -3 -2 -4 -3  1 -5 -4 -3  1  9 -3    0   0   0   1   0   0   0   0   0   0   2   0   0   0   0   0   0   0  97   0  2.05 0.39
  230 P   -2 -4 -4 -3 -4 -3 -3 -4 -4 -4 -3 -3 -4 -5  8 -2 -3 -5 -5 -4    2   0   0   0   0   0   0   0   0   0   2   0   0   0  95   2   0   0   0   0  2.46 0.36
  231 F   -3 -4 -5 -5 -4 -4 -5 -5 -3 -1  1 -4 -1  8 -5 -3 -3  5  1 -2    2   0   0   0   0   0   0   0   0   0  10   0   1  80   0   1   0   7   0   0  1.36 0.28
  232 D   -3 -3  0  8 -5 -2  0 -1  0 -5 -5 -2 -5 -5 -3 -2 -3 -6 -4 -5    0   0   0  95   0   0   0   3   2   0   0   0   0   0   0   0   0   0   0   0  1.65 0.32
  233 T   -2 -3 -2 -3 -2 -2 -2 -3 -3 -2 -3 -2 -2 -3 -2  0  7 -4 -3  0    0   0   0   0   0   0   0   0   0   0   0   0   0   1   1   1  94   0   0   4  1.21 0.32
  234 V   -1 -4 -4 -5 -2 -4 -4 -5 -5  2  0 -4 -1 -2 -4 -3 -1 -4 -3  6    1   0   0   0   0   0   0   0   0   2   2   0   0   0   0   0   0   0   0  95  1.06 0.28
  235 R   -3  7 -2 -3 -2  0 -1 -4 -2 -5 -4  1 -2 -4 -4 -2 -3  1 -3 -4    0  93   0   0   1   0   2   0   0   0   0   1   1   0   0   1   0   2   0   0  1.47 0.32
  236 R   -2  7 -2 -3 -5  0 -2 -4  1 -4 -3  1 -3 -4 -4 -2 -2 -4 -3 -4    2  91   0   0   0   0   0   0   4   0   2   0   0   0   0   0   1   0   0   0  1.41 0.31
  237 R   -3  7 -2 -3  0  0 -2 -2  0 -4 -2  1 -3 -4 -3 -2 -3 -4 -2 -4    0  86   0   0   3   2   0   2   2   0   3   0   0   0   1   1   0   0   1   0  1.23 0.29
  238 M   -3 -3 -4 -5 -3 -2 -4 -5 -3  0  1 -3  9 -2 -3 -3 -1 -3 -3  0    0   0   0   0   0   0   0   0   0   1   8   0  85   0   1   0   2   0   0   4  1.47 0.36
  239 M   -2 -2 -4 -5 -3 -2 -4 -5 -3 -1  1 -3 10 -2 -4 -3 -3 -3 -3 -1    1   2   0   0   0   0   0   0   0   0   2   0  95   0   0   0   0   0   0   0  1.78 0.41
  240 M   -2 -3 -4 -3 -3 -2 -4 -5 -3  0  0 -3 10 -2 -4 -3 -1 -3 -3 -1    1   0   0   2   0   0   0   0   0   3   0   0  92   0   0   0   2   0   0   0  1.65 0.39
  241 Q   -3  0 -2 -1 -5  8  0 -4 -1 -5 -4  0 -2 -5 -3 -2 -2 -4 -3 -4    0   2   0   2   0  97   0   0   0   0   0   0   0   0   0   0   0   0   0   0  1.65 0.38
  242 S    1 -2 -1 -2 -2 -2 -2 -2 -2 -3 -2 -2 -3 -4 -2  6  0 -4 -3 -2    6   0   0   0   0   0   0   0   0   0   3   0   0   0   0  90   0   0   0   2  0.97 0.29
  243 G   -1 -1 -1 -3 -4 -3 -3  7 -3 -5 -5 -3 -4 -4 -4 -2 -3  0 -4 -5    0   4   1   0   0   0   0  93   0   0   0   0   0   0   0   0   0   1   0   0  1.52 0.27
  244 R   -3  7 -2 -3 -2  0  0 -4  1 -3 -1  1 -2 -3 -3 -2 -2 -4 -2 -3    0  77   0   0   1   0   6   0   4   0   8   1   0   0   0   1   0   0   1   1  1.01 0.25
  245 K    1  1  0 -1 -3  0  0 -1 -2 -3 -3  5 -2 -3  2  0 -1 -3 -2 -2   10   2   2   1   0   1   1   3   0   1   1  59   0   0   8   7   1   0   0   1  0.51 0.16
  246 G    0  0 -1 -1 -2  0  0  4 -2 -3 -3  2 -2 -3 -1  0 -1 -2 -2 -2    6   2   1   1   0   2   4  45   0   1   2  23   0   1   2   2   2   0   1   4  0.42 0.10
  247 A    3 -1  0 -1 -1 -1  0  0 -1 -2 -2 -1 -2 -3 -1  2  3 -3 -2 -1   41   1   4   1   0   0   6   5   1   1   1   2   0   0   1  12  23   0   0   1  0.31 0.11
  248 D   -3 -2  0  6 -5  0  4 -2 -2 -4 -5  0 -4 -5 -3 -1 -2 -5 -4 -4    0   0   1  64   0   1  26   2   0   0   0   4   0   0   0   0   0   0   0   0  1.07 0.23
  249 I   -2  2 -3 -3 -2 -2 -3 -4 -3  5  1 -1  1 -1 -3 -2 -1 -3 -2  2    1  18   0   0   0   0   0   0   0  51   3   1   5   2   0   1   2   0   0  13  0.41 0.15
  250 M   -2 -2 -3 -4 -3  1 -1 -4 -3  1  2 -2  7 -1 -3 -2 -1 -3 -2  0    0   0   0   0   0  10   3   0   0   4  19   1  54   0   0   0   2   0   0   5  0.68 0.23
  251 Y   -3 -3 -4 -5 -1 -3 -4 -5  2 -3 -3 -3 -3  2 -4 -3 -3  2  9 -3    0   1   0   0   1   0   0   0   3   0   0   0   0   3   1   0   0   1  90   0  1.81 0.35
  252 K   -1  1 -1 -2 -3  0 -1 -2 -1 -3 -3  5 -2 -4 -2  1  3 -4 -3 -2    2   6   1   0   0   0   0   0   1   0   1  51   1   0   0   9  30   0   0   0  0.58 0.20
  253 G   -1 -2  4 -1 -4 -2 -2  5 -2 -5 -5 -2 -4 -4 -3  1 -2 -4 -4 -4    0   1  28   0   0   0   0  60   0   0   0   1   0   0   0  11   0   0   0   0  0.97 0.21
  254 T   -1 -3 -2 -3 -2 -2 -2 -3 -2 -1 -1 -2 -1 -3 -1  1  6 -1 -3 -1    1   0   0   0   0   0   0   0   1   2   3   0   1   0   2   3  86   1   0   0  1.00 0.29
  255 V    0 -3 -3 -4 -2 -3 -3 -2 -3  3  3 -3  2  0 -2 -2 -1  2 -2  2   10   0   0   0   0   0   0   3   0  20  35   0   4   2   1   0   2   3   0  20  0.31 0.10
  256 D   -3 -2  0  7 -5 -1  0 -2  5 -5 -5 -2 -4 -4 -3 -1 -3 -5 -3 -5    0   1   1  78   0   0   0   1  18   0   0   0   0   0   0   1   0   0   0   0  1.37 0.29
  257 C   -2 -5 -5 -5 11 -5 -6 -4 -5 -3 -3 -4 -3 -4 -5 -3 -3 -4 -4 -3    0   0   0   0  97   0   0   0   0   0   1   1   0   0   0   0   0   0   0   0  2.70 0.42
  258 W   -1 -3 -5 -6 -2 -4 -4 -3 -4 -3 -2 -4 -3  2 -5 -3 -4 12  0 -4    6   1   0   0   1   0   0   1   0   0   3   0   0   8   0   1   0  77   0   1  2.61 0.39
  259 R    0  4 -1 -2 -3  0 -1 -1 -2  0 -1  2  1 -2 -3 -1 -1 -1 -2  0   11  39   3   0   0   2   0   3   0   5   4  14   5   0   0   3   0   1   0  10  0.29 0.12
  260 K   -2  1 -2 -2 -4  0  0 -3 -2 -3 -2  6 -2 -4 -2 -1  0 -4 -3 -1    0   3   0   1   0   0   2   0   0   0   2  80   0   0   0   0   7   0   0   6  0.85 0.25
  261 I   -2 -4 -4 -3 -3 -4 -4 -4 -5  7  0 -4  0 -2 -4 -2  0 -4 -3  1    0   0   0   1   0   0   0   1   0  88   0   0   1   0   0   2   5   0   0   2  0.98 0.27
  262 L    3 -2 -3 -3 -2 -2 -2 -2  0  0  0 -2  0  2 -2 -1  0 -2  2  0   44   0   0   0   0   0   1   1   2   6  11   0   2  12   0   0   5   0  11   4  0.25 0.12
  263 K   -1  5 -1 -2 -3  1  0 -2 -1 -4 -3  5 -2 -3 -2 -1 -1 -4 -3 -3    3  36   0   0   0   4   1   2   1   0   0  46   0   1   1   1   3   0   0   1  0.71 0.19
  264 D   -1  0  3  5 -3  2  1 -2  0 -3 -3  0 -3 -4 -2  1  1 -4 -3 -3    1   3  14  39   0  10   7   0   1   1   0   3   0   0   0   7  13   0   0   0  0.51 0.14
  265 E   -2 -1 -2  1 -5  2  7 -3 -2 -4 -4 -1 -3 -5 -3 -2 -2 -4 -4 -3    0   0   0   3   0   4  89   1   0   0   0   0   0   0   0   0   0   0   0   2  1.28 0.30
  266 G   -1 -2 -2 -3 -4 -3 -4  7 -3 -5 -5 -3 -4 -5 -4 -2 -2 -4 -5 -3    0   2   0   0   0   0   0  95   0   0   0   0   0   0   0   0   1   0   0   2  1.56 0.28
  267 G    0 -2 -2 -2  1 -2 -2  3 -3  0 -1 -2  0 -1  3  1  0 -3 -2 -1    7   0   0   0   3   0   0  30   0   8   6   0   4   3  18  13   4   0   0   3  0.32 0.09
  268 K    0  1  1 -1 -3  0  0  1 -1 -3 -3  4 -2 -3 -1  1  0 -4 -3 -3    7   5   6   0   0   1   2  13   0   0   1  47   0   1   1  11   5   0   0   1  0.38 0.14
  269 A    6 -3 -3 -3 -2 -2 -2  0 -3 -2 -3 -2 -2 -4 -2  0 -1 -4 -3 -1   91   0   0   0   0   0   0   5   0   0   0   0   0   0   0   1   1   0   0   1  0.94 0.27
  270 F   -4 -4 -5 -5 -4 -4 -5 -5 -3 -1  1 -5  1  8 -5 -4 -3 -1  2 -2    0   0   0   0   0   0   0   0   0   0   9   0   4  85   0   0   0   0   0   1  1.45 0.30
  271 F   -4 -4 -5 -5 -4 -5 -5 -5 -2 -1 -1 -5 -1  8 -5 -4 -4  0  4 -2    0   0   0   0   0   0   0   0   0   1   1   0   0  90   0   0   0   0   9   0  1.67 0.32
  272 K   -2  2 -2 -2 -5  1  0 -3 -2 -4 -4  7 -3 -4 -3 -2 -2 -4 -3 -4    0   9   0   0   0   5   0   0   0   0   0  86   0   0   0   0   0   0   0   0  1.13 0.28
  273 G   -1 -4 -2 -2 -4 -3 -4  7 -4 -5 -5 -3 -4 -5 -4 -1 -3 -4 -5 -5    0   0   0   1   0   0   0  99   0   0   0   0   0   0   0   1   0   0   0   0  1.70 0.30
  274 A    6 -3 -3 -3 -2 -2 -2 -1 -3 -2 -3 -2 -2 -4 -2  1 -1 -4 -3 -1   89   0   0   0   0   0   0   2   0   0   0   0   0   0   0   5   2   0   0   3  0.88 0.25
  275 W   -3 -4 -5 -5 -3 -4 -4 -3 -3 -2  2 -4 -1  5 -5 -3 -3  9  1 -2    0   0   0   0   0   0   0   1   0   0  21   0   0  32   0   1   0  40   2   1  1.35 0.25
  276 S    0 -2 -1 -2  0 -2 -2 -2 -2 -4 -4 -2 -3 -3 -2  6  0 -4 -3 -2    1   0   0   0   1   0   0   0   0   0   0   0   0   1   0  95   1   0   0   1  1.08 0.30
  277 N   -3 -2  8  0 -4 -1 -2 -2 -1 -4 -5 -2 -4 -5 -4  0 -2 -5 -4 -4    0   0  96   0   0   1   0   0   0   1   0   0   0   0   0   2   0   0   0   0  1.62 0.34
  278 V    0 -4 -4 -4  0 -3 -4 -4 -4  4  0 -3  0 -2 -4 -3 -1 -4 -2  5    6   0   0   0   1   0   0   0   0  23   0   0   1   0   0   0   0   0   0  68  0.71 0.20
  279 L   -2 -3 -4 -5 -2 -3 -4 -5 -4  2  5 -4  1  2 -4 -3 -2 -2 -1  0    0   0   0   0   0   0   0   0   0  14  73   0   0  10   0   1   0   0   0   2  0.69 0.18
  280 R   -3  7 -2 -3 -5  0 -2 -2 -1 -5 -4  1 -3 -4 -2 -2 -3 -4 -3 -4    0  93   0   0   0   1   0   2   1   0   0   0   0   0   1   1   0   0   0   0  1.44 0.30
  281 G   -1 -4 -2 -3 -4 -3 -3  7 -3 -5 -5 -3 -4 -5 -4 -1 -3 -4 -5 -5    1   0   0   0   0   0   0  97   0   0   0   0   0   0   0   2   0   0   0   0  1.63 0.28
  282 M   -1 -3 -2 -3 -2 -2 -3 -3 -3  0  0 -2  6 -1 -3  0  5 -3 -2  0    1   0   0   0   0   0   0   0   0   1   0   0  39   3   0   4  48   0   0   4  0.70 0.24
  283 G   -1 -4 -2 -2 -3 -3 -3  7 -3 -5 -5 -3 -4 -5 -4 -2 -3 -4 -5 -5    1   0   0   2   0   0   0  96   0   0   0   0   0   0   0   0   0   0   0   0  1.60 0.28
  284 G    1 -3 -2 -3 -3 -3 -3  6 -3 -5 -5 -3 -4 -4 -3 -1 -2 -1 -4 -3   11   0   0   0   0   0   0  85   0   0   0   0   0   0   0   2   0   1   0   1  1.29 0.24
  285 A    6 -3 -3 -3 -2 -2 -2  1 -3 -3 -3 -2 -2 -4 -2  0 -1 -4 -3 -1   92   0   0   0   0   0   0   6   0   0   0   0   0   0   0   1   0   0   0   1  0.95 0.26
  286 F   -3 -4 -4 -5 -3 -4 -4 -5 -3  1  4 -4  0  6 -4 -4 -3 -1  1 -1    0   0   0   0   0   0   0   0   0   8  46   0   0  46   0   0   0   0   0   0  0.81 0.19
  287 V   -2 -4 -4 -4 -2 -4 -4 -5 -5  1  0 -4  1 -2 -4 -3 -1 -4 -3  6    0   0   0   0   0   0   0   0   0   0   1   0   2   0   0   0   0   0   0  97  1.06 0.27
  288 L   -3 -4 -5 -5 -3 -4 -4 -5 -4  0  6 -4  1 -1 -4 -4 -2 -3 -2  0    0   0   0   0   0   0   0   0   0   0 100   0   0   0   0   0   0   0   0   0  1.07 0.25
  289 V    1 -3 -4 -3 -2 -3 -3 -4 -4  1 -1 -3 -1 -2 -2 -2  1 -4 -2  5    9   0   0   1   0   0   0   0   0   1   0   0   0   1   1   0   7   0   0  79  0.68 0.21
  290 L   -3 -3 -4 -5 -2 -3 -4 -4 -4  2  5 -4  2  2 -3 -3 -2 -2 -1  0    0   0   0   0   0   0   0   0   0  11  77   0   3   8   1   0   0   0   0   0  0.73 0.18
  291 Y   -4 -3 -4 -5 -4 -3 -4 -5  0 -3 -3 -4 -3  2 -5 -3 -3  1  9 -3    0   0   0   0   0   0   0   0   0   0   0   0   0   0   0   0   0   0 100   0  2.10 0.38
  292 D   -3 -3  1  7 -5 -2  1 -2 -2 -5 -5 -2 -4 -5 -3 -2 -2 -6 -3 -5    0   0   3  91   0   0   4   1   0   0   0   0   0   0   0   0   0   0   1   0  1.50 0.28
  293 E   -2 -1 -1  0 -5  1  6 -3 -1 -4 -4  1 -3 -4 -2 -1 -1 -4 -3 -3    1   1   1   0   0   1  80   0   0   1   0   9   0   0   0   1   3   0   0   1  0.99 0.23
  294 L   -2 -4 -4 -4 -2 -4 -4 -5 -4  5  2 -4  1  2 -4 -3 -2 -3 -1  2    0   0   0   0   0   0   0   0   0  66  17   0   2   9   0   0   0   0   0   7  0.69 0.17
  295 K   -2  1 -1 -2 -4  3  0 -3 -1 -4 -4  6 -3 -5 -2 -1 -2 -4 -3 -4    0   2   0   0   0  14   0   0   0   0   0  84   0   0   0   0   0   0   0   0  1.06 0.25
  296 K    0  1  1  1 -4  0  1 -2 -1 -3 -3  5 -2 -4 -2  0 -1 -4 -3 -3    5   2   7   7   0   0   5   0   1   0   1  66   0   0   0   3   1   0   0   1  0.60 0.17
  297 V   -1 -2 -3 -4 -2 -3 -3 -3 -1  1  2 -3  1  4 -3 -1 -2  0  4  2    2   1   0   0   0   0   0   1   1   8  20   0   2  23   0   4   0   0  20  18  0.37 0.10
  298 I   -2 -3 -4 -4 -2 -3 -4 -4 -4  4  3 -3  3 -1 -4 -3 -2 -3 -2  2    0   0   0   0   0   0   0   0   0  41  43   0   7   0   0   0   0   0   0   9  0.56 0.12

                      K         Lambda
Standard Ungapped    0.1394     0.3246
Standard Gapped      0.0558     0.2670
PSI Ungapped         0.1822     0.3163
PSI Gapped           0.0558     0.2670
