
Last position-specific scoring matrix computed, weighted observed percentages rounded down, information per position, and relative weight of gapless real matches to pseudocounts
           A  R  N  D  C  Q  E  G  H  I  L  K  M  F  P  S  T  W  Y  V   A   R   N   D   C   Q   E   G   H   I   L   K   M   F   P   S   T   W   Y   V
    1 M   -3 -3 -4 -5 -3 -2 -4 -4 -3  0  1 -3 10 -2 -4 -3 -2 -3 -3 -1    0   0   0   0   0   0   0   0   0   0   0   0 100   0   0   0   0   0   0   0  1.77 0.45
    2 F   -1 -4 -4 -4 -3 -4 -4 -4 -2 -1  2 -4  0  6 -4 -3 -3  3  2 -1    7   0   0   0   0   0   0   0   0   0  26   0   0  59   0   0   0   3   5   0  0.82 0.22
    3 R   -1  5 -1 -2 -3  1 -1 -2 -1 -3 -1  3 -1 -3 -2  0  1 -3 -2 -2    1  47   0   0   0   5   0   1   0   0   7  18   0   0   0   8  10   0   0   0  0.49 0.15
    4 C   -2 -4 -4 -5 11 -4 -5 -4 -4 -3 -3 -4 -3 -4 -4 -2 -2 -4 -4 -2    1   0   0   0  93   0   0   0   0   0   1   0   0   0   0   0   0   0   0   0  2.43 0.45
    5 G   -1  5  1 -2 -3  0 -1  3 -2 -4 -3  2 -2 -4 -3  1  0 -4 -3 -3    0  43   5   0   0   0   0  23   0   0   0  12   0   0   0  11   4   0   0   0  0.55 0.20
    6 G    0 -1  0 -1 -2 -1 -1  3 -2 -1 -2  0 -1 -2  1  1  2 -2 -2  1    1   1   2   1   0   1   1  25   0   1   2   6   0   1   8  17  16   0   1  17  0.20 0.09
    7 L    0 -2 -2 -2 -1 -2 -2 -1 -2  2  2 -2  1 -1 -2  0 -1 -2 -1  2   11   1   1   1   0   1   1   5   0  17  29   1   1   1   1   7   1   0   1  18  0.14 0.07
    8 A    3 -1 -1 -1 -1 -1 -1 -1 -1  0 -1 -1  1 -1 -1  2  0 -2 -1  1   34   2   1   2   1   1   2   2   1   5   3   2   7   1   2  19   2   0   1  12  0.16 0.08
    9 G    0  1  0 -1 -2 -1 -1  3 -1 -2 -1 -1 -1 -2  1  0 -1  1 -2 -2    9  12   6   2   1   1   2  35   1   2   8   2   1   1   8   2   2   3   1   2  0.24 0.07
   10 A    4 -2 -1 -2 -1  0 -1  1 -2  0 -2 -1 -1 -2 -1  0  1 -2 -2  0   46   1   1   1   0   5   1  12   0   6   2   1   0   1   1   5   7   0   1   5  0.27 0.14
   11 F    0 -2 -2 -2 -2 -2 -2 -1 -2  0  3 -1  0  1 -2 -1  1  1  1  1    7   1   1   1   0   1   1   4   0   1  38   3   0   7   1   4  11   2   6  10  0.14 0.10
   12 K   -1  1 -2 -3  1 -1 -2  0 -2 -2  0  2 -1 -1  0 -1 -2  7  2 -1    3  11   0   0   3   0   1   6   0   0  13  16   0   0   6   3   1  22   8   6  0.43 0.18
   13 Q    0  3  1 -2 -4  5  0 -1  4 -4 -3  2 -2 -4 -2 -1 -2 -3 -2 -3    8  15   8   0   0  34   3   3  11   0   1  13   0   0   0   1   0   0   0   1  0.54 0.27
   14 K    1  2 -1 -2 -3  1 -1  0 -2 -3 -1  5  1 -3 -2  0 -2 -4 -3 -3   11   7   2   0   0   6   0   8   0   0   7  48   4   0   0   4   0   0   0   0  0.44 0.25
   15 L    0 -1 -1 -3 -2 -2 -1 -3 -3  0  4 -2  0 -1  1 -2  0 -3 -2  1    7   4   3   0   0   0   4   0   0   2  52   0   0   0   8   0   8   0   0  11  0.34 0.22
   16 V    3  0  1 -2 -2  0 -2  1 -2  0 -1 -2 -1 -3 -2  0  0 -3 -3  2   38   5   8   0   0   4   0   8   0   4   5   0   1   0   0   4   3   0   0  19  0.24 0.20
   17 P   -2 -1 -4 -3  5 -3  0 -2 -4 -5 -5 -3 -4 -5  7 -1 -3 -5 -5 -4    2   4   0   0  12   0   5   3   0   0   0   0   0   0  66   3   0   0   0   0  1.72 0.55
   18 L    0 -1 -1 -3 -2 -2 -1 -3 -3  0  3  0  1  1 -1 -1  0 -3  0  0   11   3   3   0   0   0   3   0   0   4  42   6   2   6   3   3   5   0   4   5  0.21 0.19
   19 V    2  0 -2 -3  3  1 -2 -1 -2 -1 -1  0 -1 -1 -1  1  0 -3 -2  2   24   5   0   0   9   9   0   3   0   1   5   4   0   2   3   9   5   0   0  19  0.18 0.18
   20 R   -3  6 -2 -3 -4  0  0 -1 -2 -2 -4  0 -3 -4 -1  1  1 -4 -3 -1    0  55   0   0   0   2   7   5   0   2   1   3   0   0   3   9   8   0   0   4  0.80 0.41
   21 T    2  0  0 -2  1  0 -2 -2 -3 -3 -2 -2 -2 -3  1  3  4 -4 -1 -2   17   6   3   0   3   4   0   0   0   0   3   0   0   0   5  23  30   0   2   0  0.42 0.31
   22 V    0 -3 -1 -2 -1 -1 -1  0 -1  0  0 -2  1  0  0  3 -1 -3  1  2    5   0   3   0   1   2   3   6   1   3   7   0   5   3   5  28   0   0   5  21  0.17 0.21
   23 Y    0  1 -1 -3  6 -2 -2 -3  0 -2 -2  0 -2 -1  0  3  0 -4 -1 -1    8  10   2   0  19   0   0   0   3   1   3   4   0   3   5  30   4   0   2   4  0.40 0.29
   24 V   -1 -1  0 -3  2 -2 -2 -3 -3  1  0 -2 -1 -1 -2  1  3 -3 -1  2    4   4   4   0   5   0   2   0   0   5   9   0   0   3   1  12  24   0   2  21  0.23 0.22
   25 Q   -1  2 -2 -3  3  0 -2  0  1 -1  1 -1 -1 -1  1  1  0 -3 -2  1    2  17   0   0   7   6   0   6   3   0  20   0   0   2   6  14   4   0   0  11  0.16 0.19
   26 R    0  2  0 -2  5  0  1  0 -2 -3 -2  0 -2 -3  0  2 -1 -4 -2 -2    5  11   4   0  16   3  11   9   0   0   5   5   0   0   4  21   3   0   2   1  0.30 0.24
   27 P    1  2 -1 -3  1 -1 -2 -3 -3 -3 -1  0 -3 -3  5  0  0 -4  0 -1   12  14   2   0   4   2   0   1   0   0   6   4   0   0  33   8   4   0   5   4  0.56 0.30
   28 K    0  4 -2 -3  1  2 -2 -3  1 -3 -2  2 -3 -4  3 -1 -1 -4 -3 -1   10  28   0   0   3  12   0   0   3   0   3  13   0   0  16   3   4   0   0   4  0.51 0.33
   29 Q    0  0  2 -2  3  3 -1 -3  1 -1 -1 -1 -2  0  2 -1  0  1  0 -1    8   4  13   0   9  20   2   1   3   3   5   3   0   5  11   2   5   2   4   3  0.24 0.23
   30 R    1  4  1 -1 -3  0  1  1 -2 -2 -2  1 -2 -4 -3  1  0 -4 -3 -1   12  26   6   2   0   2   8  10   0   3   2   6   0   0   0  14   4   0   0   4  0.28 0.23
   31 N    0  1  1 -2  1  1 -1  1  0 -1 -1  1  0 -1  0  1  0 -3 -2  0    7   9  10   0   4  10   0  11   2   2   4  10   2   3   3  11   5   0   0   7  0.11 0.13
   32 R   -1  4  1 -2  1  0  0 -1  0 -2 -1  0 -2 -3 -3  2 -2 -3  0 -3    3  32   9   0   3   3   7   5   2   2   7   2   0   0   0  17   0   0   4   0  0.36 0.30
   33 L    1  0 -1 -2  1 -1 -2  0 -2  0  1  0  0 -1  0  0  1 -3 -2  1   18   5   3   0   4   2   1   7   0   6  17   6   2   3   3   4  10   0   0  10  0.07 0.11
   34 P    0  1  0 -2 -3  0  0  1  1 -2 -1 -1 -2 -2  4  0  0 -3  1 -1    7  10   5   0   0   4   5  10   5   0   8   0   0   0  21   6   5   0   6   6  0.25 0.16
   35 G    0  0  1 -2  2 -1 -2  0 -2  0  0  0 -1  1  1  0  0 -2 -1  0    8   8   7   0   7   0   0   8   0   8   8   8   0   7   8   8   8   0   0   8  0.06 0.09
   36 N    0  0  2  0  2  0  0 -1  0 -2 -1  0  0 -3  1  1  0 -3 -1  0    6   4  13   4   5   4   5   5   2   0   8   6   2   0   8  11   5   0   2   9  0.09 0.12
   37 L    0  0  1 -2  2  1  0  0  2 -2 -1  0  1  0  1  0  0 -3 -1  0    6   6   6   0   6   6   6   6   6   0   6   6   6   6   6   6   6   0   0   6  0.06 0.11
   38 F    0  0 -2  0  2  1  0 -3 -2  0  0  0 -1  1  1  0 -1  4  1  0    7   7   0   7   6   7   7   0   0   7   7   7   0   6   7   7   0   6   6   7  0.11 0.13
   39 Q   -1  1  2 -1  1  4  0 -2  4 -4 -3  1 -3 -4  2 -1 -2 -4 -3 -4    4   9  10   2   3  28   3   3  11   0   3   8   0   0  10   4   1   0   0   0  0.48 0.30
   40 Q   -2  4  3  0 -4  1  2 -2  3 -3 -4  0 -3 -4 -3  1 -1 -4 -3 -4    2  28  13   5   0   6  15   1   9   1   1   4   0   0   1  10   3   0   0   0  0.52 0.31
   41 W    0  2 -1 -4  5  0 -1  0 -3 -3  0 -2  0 -3 -4  0  0  7 -1 -3    6  11   3   0  16   5   3   6   0   0  13   0   2   0   0   8   6  19   2   0  0.57 0.33
   42 R   -2  4  2 -2  0  0  0 -2  3 -3 -4  3 -3 -4 -2  2 -1 -5 -3 -3    1  30   9   1   3   2   4   3   9   1   0  18   0   0   2  15   2   0   0   2  0.54 0.33
   43 V   -1 -3 -3 -3  5 -3 -2 -3 -1  1  1 -2  0 -2  2  0  1 -4 -2  3    3   0   0   0  13   0   3   1   2   5  13   3   2   1  10   7  12   0   1  25  0.32 0.24
   44 P   -2  0  3 -2 -4 -3 -3 -4  0 -2 -3 -2 -4 -1  7  0 -2 -5 -4 -2    2   6  14   1   0   0   1   1   2   3   2   1   0   3  52   7   2   0   0   2  1.14 0.47
   45 L    1 -1  1 -1  0 -1 -1  0  1 -1  1  0  0 -2  2  0  0 -3 -2  0   12   1  10   3   2   2   1   6   4   2  18   7   2   1  12   7   4   0   0   6  0.11 0.10
   46 E   -1  1  1  0  1  1  2 -1  1 -2 -1  1 -2 -2  1  0  0 -3 -2 -2    4   6   7   5   4   8  17   4   3   2   6  11   0   1   7   7   4   0   0   3  0.15 0.11
   47 L    0  0 -2  0  4  2 -1 -3 -1 -1  1 -1  1 -1 -1  0 -1 -3 -2  1    9   6   1   5  11  14   3   1   2   1  19   1   5   2   2   7   2   0   0  10  0.15 0.16
   48 Q   -2  0  1 -1  0  4 -1 -2 -2 -1 -2  2 -2 -2  3  0 -1 -4 -2 -2    1   3   7   3   2  24   2   2   0   4   3  17   0   2  17   5   3   0   1   3  0.41 0.27
   49 M    0 -1 -1 -2 -3  3  0 -3  1 -1 -1 -1  4 -1  2 -2  2 -3 -1 -1    9   3   3   1   0  16   4   1   3   2   5   2  16   2  12   1  14   0   2   4  0.29 0.25
   50 A    2 -1  0 -2 -3 -1 -1 -2  1 -2 -2 -2 -3 -3  2  3  2 -4 -1  0   15   3   4   0   0   1   2   2   4   2   2   1   0   1  12  28  14   0   1   8  0.35 0.28
   51 R   -2  6  1 -3  0  1 -1 -2  4 -3 -4  2 -3 -4 -4  0 -1  1 -3 -4    3  44   7   0   2   5   1   3  10   2   0  10   0   0   0   8   2   2   0   0  0.74 0.40
   52 Q   -1  1 -1 -2 -4  4  1 -3  0 -3 -2 -1  3  0 -1  3  0 -4 -1 -3    2   6   2   1   0  25   9   1   2   0   3   2   9   5   2  23   4   0   1   1  0.40 0.33
   53 M    0 -1 -2 -1 -3  1 -2  0 -1 -2  1  2  4 -1 -1  0 -2 -2  2 -1    7   3   0   3   0   8   1   7   1   0  13  13  18   2   3   8   1   0   9   3  0.20 0.22
   54 A    3 -3  0  0 -3 -2 -2  3 -3 -3 -3 -1 -1 -4 -1  2  1 -4 -3 -2   29   0   3   5   0   0   1  22   0   0   2   2   2   0   2  18  10   0   0   1  0.43 0.28
   55 S   -1 -4 -1 -3 -4 -2 -1  0 -1 -5 -5 -2 -4 -5  0  6  1 -6 -5 -5    1   0   2   0   0   1   3   5   1   0   0   2   0   0   4  72   9   0   0   0  1.23 0.66
   56 S   -2 -3 -2  2 -4  1 -1 -1 -1 -2 -4  0 -2 -1  0  4  2  2 -3 -3    1   0   0  13   0   5   2   5   1   3   0   4   1   4   5  39  14   3   0   0  0.49 0.38
   57 G    0 -2  1 -2 -4 -2 -3  5  3 -5 -5  1 -4  0 -2  0 -2 -4 -3 -2    6   1   6   2   0   1   0  48   9   0   0   8   0   5   2   7   1   0   0   3  0.72 0.39
   58 S    1  0 -2  1 -3  0 -1  1 -3 -2 -3 -1 -1 -3  3  0  1 -4 -1  1   12   5   0   7   0   3   3  10   0   0   1   2   1   1  16   8  12   0   2  16  0.25 0.22
   59 S   -1 -2  1  0 -4  1  0 -1 -1 -4 -4  1 -3 -1  4  2  0  1 -2 -2    4   0   9   5   0   7   5   3   1   0   1  10   0   3  25  17   6   2   1   2  0.45 0.29
   60 G   -3 -2  3 -1 -5  0 -2  5  2 -5 -5  0 -4 -5  0  0 -3  0 -4 -5    0   1  13   3   0   5   2  51   4   0   0   6   0   0   5   8   0   2   0   0  0.87 0.44
   61 G   -1 -2 -1 -1 -1  2 -3  5 -1 -3 -4  3 -4 -5 -1  1 -3 -5 -4 -2    2   0   2   3   1   8   0  41   1   1   1  24   0   0   3   9   0   0   0   2  0.70 0.41
   62 K    0  0  1 -1 -5 -1 -1  2 -1 -4 -5  5 -4 -5  1 -1 -1 -5 -4 -3    9   3   8   2   0   2   3  15   1   1   0  41   0   0   7   3   4   0   0   1  0.58 0.38
   63 M   -2 -2  2 -3 -4  1 -1  4  1  0 -3 -1 -2 -2  0 -1 -1 -1  3 -3    2   1  10   0   0   8   3  34   3   8   1   4   1   0   5   3   4   1  11   0  0.41 0.29
   64 D   -2 -2  0  4 -4  3  2 -1 -3 -5 -5  0 -4 -5 -2  3 -1 -5 -2 -4    1   0   4  21   0  16  12   4   0   0   0   5   0   0   2  30   2   0   1   0  0.64 0.41
   65 N   -3 -1  6 -1 -5 -1 -3 -2 -3 -5 -4  2 -4  4 -1  1 -1 -4 -1 -5    0   2  41   2   0   2   0   3   0   0   0  12   0  17   4  12   3   0   1   0  0.83 0.49
   66 S    0  1  1 -2 -3  0 -2 -1  0 -1  1  0 -1 -2  0  2  1 -3  0 -2    5   7   6   1   0   3   1   3   2   2  18   6   1   1   5  23  10   0   4   1  0.15 0.20
   67 V   -1 -2  2 -3 -4 -1 -3 -1 -2  0  1  0  0  0 -1 -2  0  3  4  1    4   1  10   1   0   2   0   4   0   6  13   8   2   2   4   1   5   5  20  12  0.26 0.25
   68 L   -2 -2 -2 -6 -5 -4 -3 -6 -4 -1  2 -2  0  3 -4 -4 -3  9  5 -1    3   2   2   0   0   0   1   0   0   3  23   2   2  10   1   1   1  26  20   3  1.15 0.54
   69 V    1 -1 -3 -4  0  0 -3 -3  4  1 -1  1 -2  2  0 -1 -2 -3  3  1   12   2   0   0   2   4   0   1  12   9   3  10   0   8   6   3   1   0  12  13  0.25 0.24
   70 L   -2 -3 -6 -6 -4 -3 -5 -6 -5  3  4 -5 -1  1 -6 -4 -2  6  0  0    3   1   0   0   0   1   0   0   0  19  48   0   0   5   0   1   2  11   4   5  0.94 0.49
   71 I    0 -4 -5 -5 -3 -4 -4 -1 -5  4  3 -3  1  0 -4 -3 -1 -4 -3  2    9   0   0   0   0   0   0   7   0  27  34   2   3   4   0   1   3   0   0  11  0.57 0.34
   72 V    3 -4 -3 -5 -3 -4 -4  0 -4  1  0 -4  1  0 -2 -2 -1  3 -3  4   25   0   1   0   0   0   0   7   0   7   8   0   3   3   1   2   4   4   0  36  0.51 0.36
   73 G    3 -5 -2 -4 -5 -4 -5  6 -5 -1 -3 -4 -5 -5 -5 -1  0 -6 -5 -3   28   0   1   0   0   0   0  55   0   4   2   0   0   0   0   2   6   0   0   1  1.18 0.60
   74 L    2 -4 -4 -4 -3 -4 -4  2 -4  1  3 -4 -1  0 -4 -1 -1 -4 -3  1   18   0   0   0   0   0   0  16   0   6  38   0   0   4   0   4   4   0   0   8  0.47 0.34
   75 S    2 -4 -3 -4  0 -3 -3 -1 -4  2  1 -3 -1  1 -4  2  2 -4 -3  0   16   0   0   0   2   0   0   4   0  14  14   1   1   7   0  20  16   0   0   6  0.34 0.31
   76 T    1 -4 -3 -5  2 -4 -4 -3 -4  2  0 -4 -1  3 -3  0  2 -4 -2  3   12   0   1   0   4   0   0   1   0  10   7   0   1  15   1   6  14   0   0  27  0.46 0.36
   77 I    2 -4 -4 -5 -3 -4 -3 -4 -4  2  2 -4  0  0 -4 -1  3 -4 -3  3   17   0   0   0   0   0   1   0   0   9  24   0   1   4   0   4  20   0   0  19  0.49 0.38
   78 G    0 -5 -4 -5 -5 -5 -5  6 -5 -3 -2 -5 -5 -1 -2 -1 -3 -6 -5  0    7   0   0   0   0   0   0  69   0   1   4   0   0   3   2   4   1   0   0   8  1.36 0.68
   79 A    3 -4 -2 -4 -4 -4 -4  2 -4 -1 -2 -3 -2  0 -4  0  2 -5 -4  3   27   0   2   0   0   0   0  19   0   2   3   1   1   5   0   6  14   0   0  21  0.48 0.40
   80 G    2 -4 -3 -4 -4 -4 -4  5 -4 -2  0 -4 -1 -2 -3 -1  2 -5 -4  0   15   0   0   0   0   0   0  43   0   1  12   0   1   2   1   4  13   0   0   6  0.68 0.45
   81 A    3 -4 -4 -4 -1 -3 -4  2 -4  2 -2 -3 -1  1  1  0  0 -4  1  1   31   0   0   0   1   0   0  14   0  13   2   0   1   5   7   5   5   0   6   9  0.37 0.33
   82 Y   -3 -4 -6 -6 -5 -5 -5 -6 -3  0  1 -1 -1  1 -4 -2 -5 -1  8 -1    3   1   0   0   0   0   0   0   0   6  13   4   1   3   1   3   0   0  60   4  1.60 0.81
   83 A    3 -3 -3 -4 -3 -3 -4 -2 -4  2  1 -2  1  2 -4 -1  0 -4  0  3   27   1   1   0   0   0   0   3   0  10  10   3   3   8   0   4   6   0   3  21  0.36 0.33
   84 Y   -2 -5 -5 -5 -5 -3 -5 -4 -3  1 -1 -5 -2  3 -6 -1 -3 -2  8  1    3   0   0   1   0   1   0   1   0   9   6   0   1  10   0   5   1   0  50  12  1.33 0.73
   85 K   -2  2 -1 -4 -4  0 -2 -3 -1 -2 -2  4 -2  2 -4  1 -1  3  2 -1    3  10   2   0   0   3   2   2   1   2   3  32   1   9   0  13   3   4   7   4  0.45 0.39
   86 T   -2 -1  0 -3 -2 -2  0 -3  1  0  1 -1  0 -1 -4  2  4  0 -2 -1    2   4   3   0   1   0   5   1   3   6  13   4   3   3   0  14  30   1   1   4  0.30 0.32
   87 I   -2 -4 -3 -2 -2 -1 -3 -2 -4  1  3 -4  1  2 -3 -1  1  5  0  1    1   0   1   2   1   3   1   3   0   9  33   0   4   7   1   6   9   8   3   7  0.38 0.30
   88 K   -1  2  1 -2 -4  1 -1 -2 -3 -3 -1  4 -3  0 -2  2 -1  1 -2 -3    4  10   6   2   0   6   2   2   0   1   7  33   0   5   1  14   2   2   1   1  0.41 0.36
   89 E   -1  1 -1  1 -3  0  4  0 -3 -3 -2  0 -2 -1  1  1 -2  4 -3 -4    3   7   2   9   1   2  26   9   0   2   4   6   1   3   8  10   2   5   0   0  0.34 0.30
   90 D   -1 -2  2  5 -4 -2  1 -2 -1 -4 -2  0 -2  0  1  1 -1 -5 -2 -4    4   1  10  37   0   1   9   2   2   0   4   4   1   5   7   9   3   0   1   0  0.57 0.39
   91 Q   -2  0 -1  2 -4  3  2 -2 -3 -3 -3  4 -3 -3  1 -2  0 -4 -4 -3    2   4   3  10   0  16  13   2   0   2   3  28   0   1   7   2   5   0   0   2  0.50 0.38
   92 K   -1  0  0  1 -4  1  4 -3 -1 -2 -3  3 -2 -4  0  0  0 -4 -2 -2    4   3   3   6   0   6  27   1   1   2   2  22   1   0   4   7   5   0   1   4  0.41 0.32
   93 R   -2  5  0  0 -4  0 -2 -3 -3 -2 -3  3 -3 -4 -1  0  1 -4 -2 -1    2  36   3   4   0   3   1   2   0   2   3  20   0   0   2   7   8   0   2   5  0.62 0.41
   94 Y   -1 -2 -1  1 -3 -1  0 -1  1 -2 -1  2 -2  3 -1 -1  0  0  4 -2    5   1   3   9   0   2   6   4   3   2   6  13   0  11   2   5   5   1  18   2  0.24 0.23
   95 N    0  0  2  2 -3  2  0 -1 -1 -2 -2  1 -2 -4  0  0  2 -4 -3 -1    7   5  13  10   0  11   6   5   1   2   3   7   1   0   5   5  14   0   0   4  0.22 0.22
   96 E   -1 -2  0  2 -4  1  4 -2 -1 -3 -4  2 -2 -4 -3  2  0 -5 -4 -1    3   1   5  13   0   5  27   2   1   1   1  12   1   0   0  15   5   0   0   5  0.45 0.36
   97 R   -1  5  1 -1 -4  1  0  0 -1 -4 -3  2 -2 -4  0  0  0 -4 -1 -2    4  32   5   3   0   6   6   7   1   0   2  12   1   0   5   5   5   0   2   3  0.44 0.33
   98 V    0 -2 -1 -2 -3  1 -2 -2  0  2  0  1  2 -2  0  0 -1 -4 -3  3    7   1   3   2   0   7   2   3   3  13   6   8   7   1   4   7   2   0   0  24  0.18 0.21
   99 M    1 -1  0  0 -3  1  2 -1 -1 -2 -2  1 -1 -2  1  2  1 -4 -3 -1   12   2   3   4   0   6  12   3   1   2   2   8   2   2   6  21  10   0   0   5  0.21 0.22
  100 G    0  0 -1  0 -3  0  2  1 -1 -2 -1  1 -1 -3  0  1  1 -3 -2  0    9   5   2   4   0   3  16  10   1   0   5   8   1   0   5   9  11   0   1   9  0.14 0.17
  101 L   -1 -1 -2 -1 -3  0  0 -2  0  3  1  1  0 -1  0  0  0 -3 -1  1    3   2   1   2   0   4   6   3   2  23  11   9   3   1   5   6   6   0   2   9  0.12 0.16
  102 G    1 -1  1  0 -3 -1  0  2 -1 -2 -2  1 -2 -2  1  1  2 -4 -3 -2   14   2   5   5   0   2   7  16   1   1   3   8   1   1   6  13  13   0   0   1  0.21 0.21
  103 L    0  1 -1  0 -3  0  0 -2 -1 -1  0  2  0 -2  1  1  2 -4 -3  0    7   8   1   5   0   3   4   2   1   3   9  13   3   2   7  13  14   0   0   5  0.14 0.17
  104 S    0  4 -2 -1 -1  1  1 -2  1 -1 -2  1 -3 -2  0  1  1 -4 -3 -1    8  23   0   3   1   5   7   2   3   5   2   8   0   2   5  11  11   0   0   3  0.26 0.26
  105 P   -1 -1 -1 -1 -4  0  0 -2 -4 -3 -3  2 -4 -3  5  2 -1 -5 -4 -1    4   3   3   3   0   3   5   3   0   1   2  14   0   1  32  17   2   0   0   5  0.67 0.46
  106 E    0 -1 -1  0 -4  4  3 -2 -1  0 -2  2 -1 -4 -2  0 -1 -5 -2 -1    8   2   1   5   0  19  20   2   1   5   3  13   1   0   2   6   4   0   1   5  0.36 0.33
  107 E   -1  0 -1  3 -5  1  4 -1 -1 -5 -3  2 -2 -5 -1  0  0  2 -4 -3    4   3   3  16   0   5  27   5   1   0   2  13   1   0   3   7   5   3   0   2  0.45 0.37
  108 K    0  1 -1  1 -4  0  1  1  2 -3 -4  4 -3 -4 -1  0 -1 -5 -2 -1    9   8   2   8   0   3  10   9   5   1   0  24   0   0   2   5   4   0   1   6  0.31 0.29
  109 Q    0  2 -1  1 -4  2  3 -2 -1 -2 -2  1 -3 -1  1  0 -1 -1 -4 -3    8  11   2   6   0  11  19   2   1   2   3   9   0   3   8   8   4   1   0   1  0.29 0.28
  110 R   -1  3 -2  1 -2  0  2 -1 -1 -2 -2  2 -2 -4  1  1 -1 -5 -1 -2    4  17   1   7   1   4  12   4   1   2   3  16   1   0   6  12   3   0   2   3  0.27 0.27
  111 R   -1  3  0 -1 -4  0  1 -2  2 -1 -3  2 -1 -4  2  1  0 -1 -2 -3    4  17   4   2   0   4   8   3   4   4   2  15   1   0  12  10   6   1   1   1  0.32 0.29
  112 A    2  1 -1 -1 -4  0 -1 -2 -2 -1 -2  1 -3 -2  3  1  0  0 -4 -2   22   8   2   3   0   4   4   2   1   3   4  11   0   2  14  11   5   1   0   3  0.27 0.27
  113 I    1  1  0 -1 -1  0  0 -1  0  0 -1  0 -1 -1  1  1  1 -3 -2  0   10   9   4   3   1   3   4   4   3   7   5   7   2   2   8  12  10   0   1   5  0.08 0.11
  114 A    1  0  0  0 -3  0  1 -1  0 -1 -1  1  0 -1  1  1  0  0 -1  0   12   4   3   5   0   4   8   4   2   3   8  10   2   2   8  13   5   1   1   6  0.08 0.11
  115 S    0  1  0  0 -3  0  0 -1  1 -1 -2  1 -2 -1  2  1  1  1  0 -1    9   9   3   4   0   3   6   4   3   4   3   9   0   2  11  15   7   2   3   3  0.14 0.16
  116 A    1  0  0  0  1  0  0  1 -2  0 -1  0 -2 -1  2  0  0 -3 -2  0   13   4   4   4   3   4   8  11   0   6   4   5   0   4  10   7   6   0   0   7  0.09 0.10
  117 T    0  0  0  0 -2  1  0  0 -1  0  0  0  1  0  1  0  0 -2  1  0    6   6   6   6   0   6   6   6   0   6   6   6   6   6   6   6   6   0   6   6  0.03 0.06
  118 E    0  0  0  0 -2  1  4 -1  0 -1 -1  0 -3 -2  1 -1 -1 -4 -1 -1    6   3   5   4   1   6  30   4   3   3   5   5   0   2   8   4   4   0   2   6  0.25 0.25
  119 G    0 -1 -1  0  0  1  0  1 -2 -2 -2  2 -3 -1  2  1  1  1 -1 -2    7   2   1   6   2   5   6  10   0   2   2  15   0   3   9  13   9   2   1   3  0.16 0.18
  120 G    0 -1 -1  0  0  1  2  0 -1 -2 -2  1 -2 -2  2  1  1 -4 -2  0    6   3   2   6   2   5  12   6   1   2   2  11   0   2   9  12   9   0   1   9  0.15 0.16
  121 S    1  0 -2  0 -4  0  0 -1 -3 -2 -2  0 -2 -3  5  1  0 -5 -4 -2   10   6   1   6   0   3   7   6   0   2   3   6   1   1  29   9   7   0   0   2  0.47 0.32
  122 V    1 -1 -2 -1 -2  0  0 -1 -3  0  0 -1  2 -1  2  0  1 -3 -2  1   14   3   0   3   0   3   5   4   0   6   7   4   6   2  12   6  11   0   0  11  0.14 0.16
  123 P    1 -1 -1  1 -3 -1  0 -1 -1 -2 -2 -1 -3 -4  5  1  1 -4 -2 -2   10   3   3   9   0   2   6   3   2   3   4   3   0   0  27  13   9   0   1   3  0.44 0.31
  124 Q    1  0  0  0 -3  3  1 -1  0 -3 -2  1 -2 -3  0  2  0 -3 -1 -2   13   5   4   3   0  16  10   3   3   0   4   7   0   0   5  16   5   0   3   3  0.23 0.23
  125 I    0 -1 -1  0 -2  0  1  0 -1  0  0  0 -1 -1  2  0  0  1 -1  1   10   3   2   5   0   2   8   6   1   8   9   7   0   3   9   6   5   3   1  11  0.05 0.07
  126 R   -1  1  1  1  1  1  2 -1  0 -3 -1  1 -1 -2 -1  1  0 -3  0 -2    4   8   6   6   3   5  19   4   2   0   5  10   2   2   2  14   3   0   4   3  0.17 0.17
  127 A    0 -1  1 -1  1  0 -1  0 -2  1  1 -1 -1 -1  0  0  0 -3 -2  1    7   3   8   3   4   4   4   6   0  13  14   3   0   3   5   5   5   0   0  11  0.04 0.09
  128 P   -1 -1  0 -1 -4 -3 -1 -4 -3 -1 -2  0 -3  0  6 -1  1  3 -3 -1    4   4   4   4   0   0   4   0   0   4   4   5   0   5  41   4   8   4   0   4  0.72 0.40
  129 S    0  0  0  0  2  1  0  0 -2  0 -1  0 -1  0  1  0  0 -3 -2  0    6   6   6   6   6   6   6   6   0   6   6   6   0   6   6   6   6   0   0   6  0.04 0.06
  130 H   -1  0  0  0  3  0  1 -3  8 -4 -4  0 -3 -3 -2  0 -3 -4 -1 -4    4   4   3   4   7   2  11   1  45   0   0   7   0   1   1   7   0   0   1   0  0.90 0.33
  131 V    0 -3 -3 -4 -1 -2 -3 -2  1  1 -1 -1 -1  3 -4 -2 -2  1  5  3    6   0   1   0   1   1   0   3   4   8   1   4   0  11   0   1   1   1  24  32  0.47 0.24
  132 P   -1  1  1  3 -4  2  0 -3 -2 -3 -3  1 -3 -4  5 -1 -1 -4 -3 -3    3   7   6  16   0   8   5   1   1   1   1  11   0   0  33   1   4   0   0   1  0.67 0.22
  133 F   -3 -1 -3 -4 -2 -3 -3 -4  2 -2 -2 -3 -3  4 -4 -3 -3 -1  8 -3    1   3   1   1   1   1   1   1   5   2   2   1   0  14   1   1   1   0  63   1  1.50 0.43
  134 L   -2 -3 -4 -4 -2 -3 -4 -4 -4  1  4 -3  0 -1 -3 -3 -2 -3 -2  4    3   1   0   1   0   0   1   1   0   6  50   1   0   2   1   1   1   0   0  31  0.69 0.27
  135 L   -2 -4 -4 -4 -2 -3 -4 -4 -4  5  3 -4  0  0 -4 -3 -2 -3 -2  1    2   1   0   1   1   0   1   1   0  50  29   1   0   2   1   1   1   0   0   7  0.78 0.28
  136 I   -2 -4 -4 -4 -1 -4 -4 -3 -4  5  0 -4  0 -1 -4 -3 -2 -4 -3  4    1   1   0   1   1   0   1   2   0  44   5   1   2   2   1   1   1   0   0  36  0.83 0.30
  137 G   -2 -4 -3 -3 -4 -3 -4  7 -4 -5 -5 -3 -4 -4 -4 -2 -3 -4 -4 -4    1   1   1   1   0   1   1  86   0   1   1   1   0   1   1   1   1   0   0   1  1.73 0.46
  138 G    3 -3 -2 -3 -3 -3 -3  5 -3 -4 -4 -3 -3 -4 -3  0 -1 -4 -4 -3   28   1   1   1   0   1   1  55   0   1   1   1   0   1   1   5   3   0   0   1  0.95 0.31
  139 G   -2 -2 -2 -3  0 -3 -4  7 -4 -5 -5 -3 -4 -4 -4 -1 -3 -4 -4 -4    1   2   1   1   2   0   1  83   0   1   1   1   0   0   1   5   1   0   0   1  1.61 0.44
  140 T    0 -3 -3 -3 -3 -2 -1 -4 -1 -1  1 -3  6 -2 -1 -1  4 -4 -3  0    5   0   0   0   0   1   3   1   2   3  11   0  26   1   2   3  36   0   0   5  0.63 0.34
  141 A    6 -3 -3 -4  1 -2 -3 -1 -4 -3 -3 -3 -3 -4 -3 -1  1 -4 -4  1   67   0   0   0   3   2   1   2   0   0   1   0   0   0   0   3  10   0   0   9  0.89 0.40
  142 A    5 -3 -3 -3  0 -3 -3  3 -3 -4 -4 -3 -3 -4 -3  2 -1 -4 -4 -3   54   0   0   0   1   0   1  21   0   0   1   0   0   0   0  17   1   0   0   1  0.84 0.37
  143 F    1 -3 -1  3 -3 -3 -1 -1  0 -1 -2 -3  0  4 -3 -2 -3  3  4 -2   17   0   2  22   0   0   2   5   2   2   1   0   3  22   0   1   0   5  15   1  0.49 0.26
  144 A    3  0  1 -1 -2 -1 -1 -1  0 -3 -3  1 -3 -2 -2  2  0 -3  2 -2   36   3   6   2   1   2   1   3   2   0   1  10   0   1   0  21   3   0   7   1  0.37 0.24
  145 A    7 -4 -4 -4 -3 -3 -3 -2 -4 -2 -4 -3 -3 -4 -3 -1 -2 -4 -4 -3   88   0   0   0   0   0   1   2   0   2   1   0   0   0   0   2   1   0   0   1  1.49 0.55
  146 A    4 -3 -3 -4 -1 -3 -2 -3 -2  1  0 -3  1  2 -3 -1 -2 -3  1  1   43   0   0   0   1   0   3   1   1   9   6   0   4  11   0   2   1   0   4  12  0.45 0.28
  147 R   -1  5  0 -1 -2  2  2 -3  0 -4 -1  2 -1 -2 -3 -2 -1 -4 -3 -3    4  37   3   3   1   7  14   1   2   0   6  13   1   2   0   1   2   0   0   1  0.55 0.28
  148 S    4 -3 -2 -3 -3 -2  0  3 -3 -3 -4 -1 -3 -4 -3  2  1 -4 -2 -1   35   0   0   0   0   0   6  23   0   0   1   4   0   0   0  17   8   0   1   3  0.52 0.29
  149 I   -4 -5 -5 -5 -4 -5 -5 -6 -5  7  2 -5  1 -3 -5 -5 -3 -5 -4  0    1   0   0   0   0   0   0   1   0  76  13   0   3   0   0   0   0   0   0   2  1.57 0.55
  150 R   -3  7 -3 -4 -5 -1 -3 -5  0 -1 -1  2 -1 -2 -4 -2 -3 -5 -2 -3    1  62   0   0   0   2   0   0   3   3   6  11   2   2   0   2   1   0   1   1  1.21 0.52
  151 A    1  0 -1  0 -4  1  4 -2 -3 -4 -3  1 -2 -4 -3  2 -1 -4 -4 -2   14   3   1   4   0   6  36   2   0   0   2   7   1   0   0  19   2   0   0   2  0.55 0.33
  152 R   -1  3  1 -2 -3  1  0 -1  3  0  0  1 -1 -3 -3 -1 -1 -3 -1  0    5  19   7   0   0   5   6   3  10   8  10  11   1   0   0   2   2   0   1   8  0.20 0.17
  153 D   -3 -2 -1  7 -5 -1 -1  1 -2 -1 -5 -1 -5 -5 -4 -2 -2 -6 -5 -5    2   2   2  66   0   3   2  12   1   4   0   3   0   0   0   1   2   0   0   0  1.33 0.54
  154 P    1 -2 -2 -2 -1 -1  0 -1  1 -4 -3  0 -2  0  6 -1 -1 -1  0 -3   10   2   1   1   1   3   6   3   3   0   1   5   1   5  43   5   4   1   3   1  0.78 0.35
  155 G   -1 -1  2  3 -1  0  2  0  0 -2 -2  0 -1 -2 -1  0  1 -3 -1 -2    4   3   9  22   1   3  12   7   1   2   4   7   1   2   2   7  10   0   1   1  0.21 0.12
  156 A    4 -3 -2 -3 -3 -2 -1  4 -3 -3 -3 -1  0 -4 -3  0 -2 -4 -3 -1   37   1   0   1   0   0   3  40   0   1   1   3   3   0   1   4   1   0   0   3  0.69 0.30
  157 R    0  1  1  0 -2  0  0 -1  2 -2 -2  2 -2 -3  1  1  2 -3 -2 -1    6  10   5   3   0   4   3   4   8   1   3  14   0   0   7  11  17   0   0   4  0.17 0.10
  158 V   -1 -3 -3 -3  3 -2 -3 -3 -3  4  1 -2  0 -1 -2 -2  1 -3 -2  3    1   1   1   1   9   1   1   1   0  33  12   1   0   1   1   1   9   0   0  27  0.32 0.11
  159 L    0 -2 -2 -3 -2 -2 -2  1 -2  1  3 -1  2  1 -2 -1  0 -2 -1  1    7   0   0   0   0   0   1  12   0   7  39   6   5   6   0   1   6   0   0   9  0.15 0.08
  160 I   -4 -5 -6 -6 -4 -5 -6 -6 -6  6  2 -5  5  0 -5 -5 -4 -5 -4  3    0   0   0   0   0   0   0   0   0  40  19   0  16   4   0   0   0   0   0  20  1.17 0.53
  161 V   -4 -6 -6 -6 -4 -5 -6 -6 -6  6  2 -6 -2 -1 -6 -5 -4 -5 -4  4    1   0   0   0   0   0   0   0   0  47  19   0   0   3   0   0   0   0   0  30  1.31 0.57
  162 S    0 -4 -2 -3  1 -4 -4  4 -4 -5 -5 -4 -5 -6 -4  5  2 -6 -5 -5    6   0   1   0   3   0   0  32   0   0   0   0   0   0   0  42  15   0   0   0  1.07 0.58
  163 E    1 -1  1  4 -5  0  4 -2 -3 -5 -4  1 -3 -5 -4 -1 -2 -6 -5 -4   14   2   7  26   0   3  29   2   0   0   1   8   1   0   0   4   1   0   0   1  0.69 0.41
  164 D   -4 -4 -4  4 -7 -2  7 -6 -4 -7 -7 -3 -6 -7 -5 -4 -5 -7 -6 -4    1   0   0  23   0   0  73   0   0   0   0   0   0   0   0   0   0   0   0   1  2.01 0.86
  165 P    0  0  1  2 -4 -1  0  0  1 -2 -2 -1 -3 -3  4  0  0 -4 -1  0    7   6   7  10   0   1   7   5   4   1   3   2   0   1  21   7   7   0   3   7  0.28 0.20
  166 E    0 -1 -1  4  1 -1  2 -3  5 -2 -3 -3 -4 -1 -3 -2 -1 -4  3 -4   10   3   2  25   3   3  15   1  14   2   1   0   0   2   0   1   3   0  13   1  0.59 0.38
  167 L    0  0 -3 -4 -3 -1 -1 -1 -1 -1  3 -1  0  0  3 -2 -1 -3  1  0    9   5   1   0   0   2   4   4   1   1  32   4   2   3  17   1   2   0   5   7  0.30 0.24
  168 P   -5 -7 -6 -6 -7 -6 -6 -7 -7 -7 -7 -6 -7 -8  9 -5 -6 -8 -7 -5    0   0   0   0   0   0   0   0   0   0   0   0   0   0  97   0   0   0   0   1  3.34 1.17
  169 Y   -4 -1 -6 -7 -6 -5 -6 -7 -1 -5 -4 -6 -5  0 -7 -6 -6 -2 10 -1    1   3   0   0   0   0   0   0   1   0   1   0   0   2   0   0   0   0  85   4  2.81 1.03
  170 M    0 -1  1  1 -4  1  1 -2 -2 -1 -2  0  6 -3 -3 -2  0 -4  0 -2    9   3   7   8   0   6  10   3   0   3   2   5  29   0   1   2   7   0   4   1  0.45 0.36
  171 R   -5  8 -5 -6 -7 -2 -4 -6 -1 -7 -6 -1 -5 -7 -6 -2 -3 -7 -6 -6    0  90   0   0   0   1   0   0   1   0   0   1   0   0   0   3   2   0   0   0  2.54 1.01
  172 P   -4 -6 -5 -6 -7 -1 -5 -6 -2 -6 -4 -5 -6 -7  8 -3 -1 -7 -7 -5    1   0   1   0   0   2   0   0   1   0   2   0   0   0  85   2   5   0   0   1  2.64 1.03
  173 P    2 -6 -5 -1 -6 -1 -4 -5 -6 -6 -6 -5 -6 -5  8 -4 -5 -7 -5 -3   17   0   0   3   0   2   0   1   0   0   1   0   0   1  71   0   0   0   0   2  2.09 0.88
  174 L   -3 -6 -7 -7 -5 -5 -6 -7 -6 -2  6 -6  2 -3 -2 -3 -5 -5 -5 -3    1   0   0   0   0   0   0   0   0   1  88   0   4   0   2   2   0   0   0   0  1.75 0.77
  175 S   -3 -5 -2 -1 -5 -4 -4 -4 -5 -6 -6 -4 -5 -6 -5  7  2 -7 -6 -5    0   0   1   2   0   0   0   0   0   0   0   0   0   0   0  85  10   0   0   0  1.94 0.93
  176 K   -3 -1 -4 -1 -7 -1 -3 -3 -5 -7 -6  8 -5 -7 -5 -4 -3 -7 -6 -6    1   1   0   4   0   1   0   2   0   0   0  88   0   0   0   0   1   0   0   0  2.19 0.94
  177 E   -1 -2 -1  2 -5 -1  5  1 -1 -5 -5  2 -4 -5 -2 -2 -2 -5 -2 -4    6   1   2  10   0   2  43  13   1   0   1  15   0   0   1   2   2   0   2   1  0.75 0.46
  178 L   -4 -5 -6 -2 -4 -5 -3 -4 -5 -1  6 -5  4 -1 -5 -5 -4 -4  0 -1    0   0   0   3   0   0   2   2   0   1  75   0   9   2   0   0   0   0   3   2  1.33 0.63
  179 W   -4 -6 -7 -3 -6 -6 -3 -6 -6 -3 -1 -6 -5 -3 -3 -6 -4 12 -3 -6    1   0   0   2   0   0   2   0   0   2   8   0   0   0   2   0   1  80   0   0  3.69 1.23
  180 F   -1 -1 -2 -3 -3 -1 -1 -2  0 -2  1  1 -1  4 -3 -2  0  6  3 -1    4   3   1   1   0   3   3   2   3   1  13   9   1  22   1   2   8  10  11   3  0.41 0.26
  181 S    0 -1  3  2 -3 -1  0  3 -2 -4 -4 -1 -3 -3 -3  2 -1 -3  1 -3    6   3  13  14   0   1   7  19   0   1   1   2   0   1   1  20   3   0   5   1  0.37 0.26
  182 D    0 -1  0  4 -3  0  2  0 -2 -3 -3  1 -3 -3  2  1  0 -3 -3 -3    6   2   2  23   0   2  12   6   1   1   2  11   0   1  10  12   6   0   1   1  0.35 0.21
  183 D    0 -1  0  5 -3 -1  3 -1 -2 -3 -3  0 -3 -4  1 -1 -2 -4 -3 -3    7   3   4  41   0   1  16   4   1   2   3   4   1   1   6   3   2   0   1   1  0.65 0.32
  184 P    0  0 -2  1 -3  0  2 -2  0 -2 -1  0 -2 -1  5 -1  0 -3 -2 -2    6   6   1   8   1   3  13   2   2   2   8   4   1   3  27   4   4   0   1   3  0.38 0.19
  185 N    0  0  1  2 -2  0  1 -1  0 -1 -1  1 -2 -2  2  0  0 -2 -2 -1    6   5   8  12   1   3  12   2   2   4   5   9   1   1  12   8   5   0   1   3  0.17 0.10
  186 V    0 -1 -1  1 -1 -1  0 -1 -2  0  1 -1  1 -1  0  0  0 -1 -1  1    9   4   3   9   1   2   6   4   1   3  15   3   4   2   4   7   6   1   1  17  0.05 0.06
  187 T    2 -1 -1  0 -1  0  0 -1 -1  1 -1  0 -1 -2  0  1  2 -2 -2  0   17   2   2   5   1   3   4   4   1   8   5   4   1   2   5  12  14   0   1   8  0.10 0.08
  188 K    0  0  0  1 -2  1  2 -1 -1 -1 -1  2 -1 -1  1  0 -1 -2 -2 -1    8   3   5   9   1   4  14   4   1   3   4  17   1   3   6   6   3   0   1   5  0.14 0.09
  189 T    0  0  1  1 -2  1  0 -1  0 -1 -1  1  0 -2  0  0  2 -2 -1 -1    8   3   6   7   1   8   6   4   2   3   5   7   3   1   4   6  19   0   2   2  0.11 0.08
  190 L   -2 -2 -2 -2 -2 -2 -2 -2 -2  0  5 -2  1  0 -2 -2 -1 -1  0  0    3   2   2   2   1   2   2   3   1   2  56   3   3   3   2   3   3   1   3   4  0.51 0.22
  191 Q   -1  2  1  0 -2  1  0 -1  1 -1 -1  1 -1 -1 -1  1  0  0  0 -1    4  16   7   5   1   5   6   3   3   4   6   8   1   2   2  14   4   1   3   4  0.10 0.07
  192 F   -2 -2 -2 -2 -3 -2 -2 -2 -2 -2 -1 -2 -2  6 -1 -2 -2  1  5 -2    3   2   1   2   1   1   3   3   1   2   4   2   1  39   4   3   2   1  23   2  0.90 0.33
  193 R   -1  1  2  0 -1  0 -1 -1 -1 -1  0  3 -1 -2 -1  0  1 -2 -2 -1    4   8  10   4   1   3   3   3   1   3   9  26   1   1   2   5  10   0   1   6  0.18 0.13
  194 Q   -1 -1  0  2 -2  5  2  0 -1 -1 -2 -1 -1 -3 -1  0  0 -2 -2 -2    3   3   3  10   1  30  12   9   1   3   4   2   1   1   3   5   5   0   1   3  0.37 0.21
  195 W   -2 -2 -2 -1 -3 -2 -2  0 -2 -2 -1 -3 -1  0 -2 -2 -2 11  0 -2    3   3   3   5   1   1   3   6   1   3   5   2   1   3   3   2   2  47   2   3  1.56 0.45
  196 N   -1  2  4  1 -1  0 -1  0 -1 -1 -2  0 -2 -2 -1  1  0 -2 -1 -2    4  13  27   8   1   4   3   6   1   4   3   5   1   1   2   9   4   0   2   2  0.30 0.18
  197 G   -1  1 -1 -1 -2 -1 -1  5 -1 -2 -2 -1 -2 -1 -2  0 -2  1 -2 -2    5   8   2   3   1   2   4  47   1   3   4   2   1   3   2   6   2   2   1   3  0.53 0.22
  198 K    0  2  0 -1 -2  0  0 -1  0 -2 -2  4 -2 -2 -1  0  1  1 -2 -2    5  14   3   3   1   2   5   4   2   2   3  27   1   1   2   7  11   2   1   3  0.26 0.16
  199 E   -2  2 -1  0 -3  1  3 -2  4 -2 -2  2 -1 -2 -2 -1 -1 -2 -1 -1    3  13   2   3   1   6  22   3  11   2   3  15   2   1   2   3   3   1   2   4  0.32 0.18
  200 R   -1  5 -1  1 -3 -1  1 -2 -1 -2 -1  0 -1 -2 -2  0 -1 -3 -2 -2    4  41   2   7   1   2   7   4   1   2   7   4   1   1   2   6   4   0   2   3  0.47 0.24
  201 S    0  0  1  1 -2 -1 -1 -1 -1 -2 -2  0 -1 -2 -2  4  1  1 -2 -1    5   5   7  10   1   2   4   4   2   2   4   4   1   1   2  33   7   2   1   4  0.26 0.18
  202 I    0 -2 -2 -1 -2 -2 -2 -2 -2  4  2 -2  1 -1 -2 -1  0 -2 -2  1    7   2   2   3   1   1   3   3   1  30  20   2   3   2   2   3   5   0   1  10  0.27 0.15
  203 Y   -1 -1 -2 -2 -2 -2 -1 -2  1  0 -1 -2 -1  5 -1 -1  0  2  5 -1    5   4   2   2   1   1   5   3   3   6   6   2   1  23   3   3   5   2  20   4  0.40 0.20
  204 F   -2 -2 -2 -3 -1 -2 -2 -3  0 -1  0 -2  0  5 -2 -2 -2  1  6  0    3   2   1   2   1   2   2   2   2   2   7   2   2  26   2   3   2   2  28   6  0.71 0.30
  205 Q   -1  0 -1 -1 -3  3  4 -3  3 -3 -2  0 -2 -2 -2  0  1 -3 -1 -2    4   5   1   3   0  13  31   2   6   1   4   4   1   2   2   5  11   0   2   3  0.40 0.26
  206 P   -2 -2 -2  3 -3 -2  1 -3  1 -3 -3  0 -3 -3  6 -1 -1 -4 -2 -2    3   2   1  15   0   1   8   2   4   2   3   6   0   1  39   4   3   0   2   2  0.80 0.37
  207 P   -1 -1 -1  1  1  0  3 -2 -1 -2 -2  0 -1 -3  5  0 -1 -1 -3 -1    5   3   2   8   4   3  19   2   1   1   5   4   1   1  27   5   2   1   1   5  0.47 0.27
  208 S    0 -1  0  2 -3  0  3  0 -1 -3 -3 -1 -3 -3 -1  3  0  0 -3 -2    9   3   5  10   0   4  21   5   2   1   3   2   0   1   2  23   4   2   1   3  0.30 0.24
  209 F   -3 -4 -2 -3 -1 -3 -1 -3 -2  1 -2 -3 -1  7 -4 -2 -2  3  2 -2    2   1   2   1   2   1   4   3   1   7   3   2   1  52   1   3   2   4   5   2  1.07 0.48
  210 Y   -3 -1 -4 -3 -4 -2 -3 -1  1 -3 -3 -2 -3  4 -4 -2  2  3  7 -3    2   3   1   1   0   1   2   4   3   1   1   2   0  13   1   3  11   3  44   2  1.11 0.53
  211 V    0 -1 -2 -1  2 -1  0 -2 -1  2  0 -2  0  0 -2  0  1  4  0  2    6   4   1   3   4   1   9   3   1  11   8   2   3   3   1   5   9   6   3  17  0.12 0.13
  212 S   -1 -2  1  4 -4 -1  2 -1 -1 -3 -3  0 -3 -4  3  1  0 -4 -2 -3    6   2   7  24   0   2  13   4   1   1   3   4   0   1  13  12   5   0   1   1  0.41 0.27
  213 A    1 -1 -1  2 -1  1  0 -2  0  0 -1 -1 -2 -3  4  0 -1 -4 -3  1   12   2   2  13   1   8   4   2   2   4   5   4   1   1  18   5   3   0   0  13  0.26 0.20
  214 Q    0  0  0  1 -2  1  2 -2  0  1 -2  0 -1 -3 -1  0  0 -3 -2  1    8   6   3   8   1   7  17   3   2   8   2   6   1   1   2   6   6   0   1  12  0.14 0.14
  215 D   -1 -1  1  4 -3  0  2 -2  0 -2 -2  1 -1 -2  1  0 -1  2 -2 -1    5   2   6  26   0   4  11   2   2   1   3  11   1   1   6   5   3   3   1   5  0.32 0.21
  216 L   -1 -3 -3 -1 -3 -2 -2 -3 -3  0  5 -3  1  2 -2 -2 -3 -3  0 -1    5   1   1   3   0   1   3   3   0   4  55   1   3   7   2   3   1   0   3   2  0.61 0.33
  217 P    0  0  0  1 -2  0  0  1  2 -2 -1  0  0 -2  2  1  0 -1  0 -2    7   4   5   7   0   4   6  12   5   2   6   4   3   1  12  12   3   1   3   2  0.14 0.10
  218 N    0  0  1  1 -2  0  2 -2  2 -3 -2  0 -2  0 -1  0  3 -3 -1 -2    8   4   6   7   1   3  14   2   5   1   3   5   0   4   3   7  25   0   2   1  0.25 0.22
  219 I    2 -1  0 -1 -1  0  0 -1 -1  0 -1  0 -1 -2 -1  1  2 -1 -2  0   17   3   3   2   1   3   5   5   1   5   7   6   1   1   3  13  13   1   1   9  0.09 0.10
  220 E    1 -2 -2  2 -4  1  4 -1 -2 -3 -3  2 -3 -4 -1 -1 -2 -4 -3 -2   13   1   1  11   0   7  35   5   1   1   3  10   0   1   3   3   2   0   1   2  0.50 0.32
  221 N    0 -1  3  2 -3 -1  2 -1  3 -3 -3  2 -3 -3  0  0  1 -4 -2 -3    8   2  16  10   0   2  12   4   7   1   2  14   0   1   3   7   8   0   1   1  0.30 0.22
  222 G   -1 -1  0 -1 -2 -1 -2  5 -1 -4 -3 -1 -2 -3  0  0  3 -4 -1 -3    4   3   4   3   1   3   2  39   2   1   2   3   1   1   5   5  18   0   2   1  0.53 0.32
  223 G    0 -2  1  0 -4 -2 -2  6 -4 -5 -5  1 -4 -5 -2 -1 -3 -4 -4 -4    8   3   7   6   0   1   2  53   0   1   1   8   0   0   2   4   1   0   0   1  0.89 0.46
  224 V    3 -5 -3 -5 -4 -5 -5 -3 -5  3 -1 -5 -3 -4 -2 -2  0 -6 -4  5   23   0   1   0   0   0   0   2   0  13   5   0   0   0   2   2   5   0   0  46  0.89 0.53
  225 A    3 -3 -2  1 -2  1  1 -1 -2 -4 -4  0 -3 -5 -3  1  2 -2 -4 -1   29   0   1   9   1   6  10   5   1   0   1   6   0   0   0  11  16   1   0   4  0.41 0.35
  226 V   -1 -3 -5 -6 -2 -5 -5 -6 -5  2  4 -3  0  2 -5 -3 -2 -4 -2  4    4   1   0   0   1   0   0   0   0  12  37   2   1   8   0   2   1   0   1  29  0.77 0.45
  227 L    1  2 -4 -3 -4 -2 -3 -4  5  1  3 -1  1  0 -4 -2 -3 -4 -3  0   15  13   0   1   0   1   1   0  14   6  27   3   3   4   0   2   1   0   0   7  0.44 0.35
  228 T   -2  1 -2 -4  0 -1 -4 -2 -3 -1  4  0  1  1 -2 -1  3 -4 -3 -2    3   8   2   0   2   3   0   3   1   1  38   5   3   7   2   4  17   0   0   2  0.39 0.34
  229 G   -1  0  1 -1 -5  0  0  5 -4 -5 -3  0 -4 -5 -1 -1 -1  2 -4 -2    3   5   7   4   0   4   7  48   0   0   3   5   0   0   3   4   3   3   0   3  0.69 0.43
  230 K   -1  1 -1 -1  1 -1 -1 -4  1 -2 -2  2  0 -1 -4 -1  4  5  0 -1    5   6   2   3   3   2   2   0   4   2   3  13   2   3   0   3  29  10   2   4  0.43 0.37
  231 K   -1  3 -1 -1  0  1  0 -3  0 -2 -2  3 -2 -1  1  1  1 -4 -1 -1    5  16   2   2   2   6   5   0   3   3   4  17   0   2   6  10  10   0   2   4  0.22 0.22
  232 V    1 -5 -4 -5 -4 -5 -5 -5 -5  1 -2 -5 -3 -4 -2 -3 -3 -5 -4  7   12   0   1   0   0   0   0   0   0   7   1   0   0   0   2   1   1   0   0  73  1.39 0.58
  233 V   -1 -1 -2 -1 -3 -1 -1 -4 -3  1  0  0  0 -3 -3  0  3 -4 -3  4    3   3   1   3   0   2   4   1   1   6   8   8   1   0   0   5  21   0   0  32  0.34 0.25
  234 H    2  2 -1 -1 -4  2  0 -1  4 -4 -4  3 -3 -3 -3  1 -1 -3 -3 -3   21  11   1   3   0   9   6   3  10   0   1  20   0   1   0  10   2   0   0   0  0.43 0.28
  235 L   -3 -5 -5 -5 -4 -4 -5 -5 -5  5  4 -5  3 -1 -5 -4 -3 -4 -3  2    0   0   0   0   0   0   0   0   0  35  38   0   8   2   0   0   0   0   0  13  1.00 0.41
  236 D   -4 -2  1  8 -1 -3 -1 -4  0 -6 -5 -3 -5 -5 -4 -3 -4 -6 -4 -4    1   2   7  76   2   0   2   1   3   0   1   1   0   1   0   1   0   0   1   1  1.82 0.66
  237 V    1  3 -4 -4 -4 -3 -3 -3 -2 -1 -1 -3 -2 -4  4 -2 -1 -3 -4  4   12  15   0   0   0   0   1   1   1   2   6   0   0   0  23   1   3   0   0  33  0.64 0.36
  238 R    1  3 -1  2 -3  1  2 -1 -1 -2 -2  0 -2 -3 -1  0  0 -4 -2  0   14  18   1  15   0   7  12   4   1   2   2   3   0   1   2   5   5   0   2   7  0.22 0.17
  239 G    2  0  2  1 -3  0  1  2 -2 -4 -3  1 -3 -4 -3  0 -2 -4 -3 -3   20   5  13   9   0   3   9  19   0   0   2  11   0   0   0   6   1   0   0   0  0.35 0.22
  240 N   -4  3  4 -3 -2  2 -2 -3  7 -5 -5  4 -4 -5 -4 -2 -3 -5 -3 -5    0  14  17   0   1   9   0   1  25   0   1  28   0   0   0   2   0   0   0   0  1.06 0.47
  241 M   -1  1 -2 -3 -3  0  0 -4 -2  0 -1  2  2 -3 -3  0  4 -4 -3  1    3   8   0   0   0   5   7   0   1   7   3  13   7   1   0   5  29   0   0  11  0.34 0.26
  242 V    3 -5 -5 -5 -3 -4 -5 -5 -5  2 -1 -4 -2 -4 -4 -3 -3 -5 -4  6   23   0   0   0   0   0   0   0   0  10   4   0   0   0   0   0   0   0   0  59  1.15 0.51
  243 K   -1  1 -2 -2 -3  0  0 -3 -1  1 -1  2 -1 -2 -3 -1  3  0  2  0    4   6   0   1   0   3   7   1   1   8   6  17   1   1   0   3  25   1   8   6  0.25 0.22
  244 L   -3 -4 -4  1 -2 -4 -4 -5 -5 -1  5 -4 -1 -2 -4 -3  2 -4 -4 -1    2   0   0   9   1   0   0   0   0   2  64   0   0   1   0   1  16   0   0   2  0.95 0.45
  245 N    1 -2  3  4 -3  0  2 -1 -2 -4 -3 -1 -2 -4 -3  1  0 -4 -3 -3   16   1  14  27   1   4  12   4   0   0   2   2   1   0   1  11   4   0   1   1  0.48 0.27
  246 D   -2 -1  2  6  0  0 -1 -1  0 -5 -4 -2 -4 -4 -4  0 -2 -5 -4 -4    4   3  10  54   2   3   2   5   2   0   1   2   0   1   0   6   2   0   0   1  1.00 0.43
  247 G   -3 -5  0 -1 -5 -4 -4  7 -5 -6 -6 -3 -2 -5 -5 -2 -3 -5 -5 -5    1   0   4   3   0   1   1  81   0   0   1   1   1   0   0   2   2   0   0   0  1.78 0.62
  248 S    0  1  0  1 -3  1  2 -2  0 -2 -3  0 -1 -2 -2  2  2  0  1 -2    5   8   4   7   0   8  13   2   2   2   1   3   1   1   1  18  15   2   6   1  0.23 0.19
  249 Q   -1  1 -2 -2 -2  4  3 -3 -1 -1 -2  0 -2 -4 -2  0  2 -2 -2  0    2   8   0   1   1  19  22   1   1   3   3   4   1   0   1   8  14   0   1   9  0.36 0.26
  250 I   -3 -4 -5 -5 -4 -4 -5 -5  0  6  1 -4 -1  2 -5 -4 -2 -2  3  2    1   0   0   0   0   1   0   1   3  52   9   0   1   7   0   0   1   0   9  12  0.98 0.42
  251 T    0  1 -1 -2 -3  0  0  2  1 -2 -3  1 -3 -1 -1  2  2 -3  0 -2    5   7   1   1   0   2   4  17   3   2   1  10   0   2   3  19  16   0   4   1  0.25 0.20
  252 F   -5 -5 -5 -6 -6 -5 -5 -6 -2 -5 -4 -5 -4  3 -6 -4 -5  0 10 -5    0   0   0   0   0   0   0   0   0   0   1   0   0   9   0   1   0   1  84   0  2.79 0.89
  253 E   -2  0  1  5 -5  0  4  2 -2 -5 -5 -1 -4 -5 -4 -2 -2 -5 -4 -5    3   4   5  35   0   3  28  15   1   0   1   2   0   0   0   1   1   0   0   0  0.86 0.40
  254 K   -3  3 -3 -4 -1  1 -1 -4 -2 -5 -5  7 -4 -5 -4 -2 -1 -5 -4 -4    1  14   1   0   1   5   3   1   1   0   1  67   0   0   0   1   3   0   0   1  1.39 0.57
  255 C   -2 -6 -6 -7 10 -6 -6 -6 -6 -3  4 -6 -3 -4 -6 -5 -4 -2 -5  0    3   0   0   0  52   0   0   0   0   0  37   0   0   0   0   0   0   1   0   6  2.00 0.69
  256 L   -5 -5 -6 -7 -5 -5 -6 -2 -6 -1  6 -6 -1 -3 -6 -6 -4 -5 -4 -2    0   0   0   0   0   0   0   3   0   2  92   0   0   0   0   0   0   0   0   1  1.76 0.67
  257 I   -4 -5 -6 -6 -4 -5 -6 -7 -6  6  4 -5 -1 -2 -6 -5 -4 -5 -3  1    0   0   0   0   0   0   0   0   0  44  46   0   0   1   0   0   0   0   1   6  1.34 0.54
  258 A    7 -5 -5 -5 -4 -4 -4 -3 -5 -5 -4 -4 -4 -5 -4 -1 -1 -6 -5 -3   89   0   0   0   0   0   0   1   0   0   1   0   0   0   0   3   4   0   0   1  1.81 0.75
  259 T   -4 -1 -3 -5 -5 -4 -5 -5 -5 -4 -4 -4 -3 -6  0 -1  8 -6 -5 -4    0   3   0   0   0   0   0   0   0   1   1   0   1   0   4   2  87   0   0   0  2.04 0.83
  260 G   -1 -6 -4 -5 -6 -5 -4  7 -6 -7 -7 -5 -6 -7 -6 -3 -5 -6 -7 -7    3   0   0   0   0   0   1  94   0   0   0   0   0   0   0   1   0   0   0   0  2.39 0.81
  261 G    2 -4 -3 -4  1 -4 -4  6 -5 -4 -4 -3 -4 -5 -4  2 -2  2 -5  0   14   1   0   0   3   0   0  53   0   0   1   1   0   0   0  14   2   3   0   6  0.99 0.46
  262 T    0  3 -2 -2 -4  0  1 -3  0 -3 -3  2 -3 -3 -3  2  3 -4 -2  0    7  19   0   2   0   4   8   0   2   1   0  11   0   1   0  17  19   0   1   7  0.38 0.28
  263 P   -1 -6 -6 -4 -6 -5 -5 -6 -4 -6 -6 -5 -6 -7  8 -2 -4 -7 -7 -1    6   0   0   1   0   0   0   0   0   0   0   0   0   0  83   3   0   0   0   5  2.55 0.90
  264 R   -2  7 -2 -5 -3 -1 -3 -4 -3 -3 -5  4 -4 -4 -5 -3 -2 -6 -5 -3    3  60   2   0   1   1   0   1   0   1   1  25   0   1   0   1   2   0   0   2  1.48 0.63
  265 S   -2  4  4 -2 -5  1 -1 -2  1 -4 -3  1 -1 -3 -1  1  2 -3 -4 -3    1  24  25   0   0   6   2   2   3   0   1   6   1   1   2  11  12   0   0   1  0.56 0.35
  266 L   -4 -5 -6 -6  0 -5 -4 -6 -1  2  6 -5 -1  1 -3 -3 -2 -4 -4 -1    0   0   0   0   2   0   1   0   1  11  72   0   0   4   1   2   2   0   0   2  1.16 0.52
  267 S   -1 -2 -1  2 -5  1 -1 -3 -4 -4 -4 -1 -4 -3  6  1 -2 -1 -1 -4    4   2   2  13   0   6   4   1   0   1   1   3   0   1  44  13   1   1   2   0  0.96 0.44
  268 A    2 -3 -2 -2 -2 -2 -1  0 -1  2  0 -2  1  1 -2 -2 -1 -2 -1  3   19   1   1   2   0   1   4   8   1  13   6   1   3   5   1   1   2   0   1  28  0.24 0.19
  269 I   -1 -2 -2 -2 -2 -1 -1 -2 -2  3  1 -2  0  4  1 -2 -1 -2  0  0    5   1   1   3   1   2   3   3   1  20  15   2   1  23   7   2   2   0   1   6  0.26 0.15
  270 D   -1  0 -1  4 -2  0  4 -1 -1 -3 -2  1 -2 -1 -1  0 -1 -3 -2 -2    5   4   2  23   1   4  28   3   1   1   3   7   1   3   3   6   3   0   1   2  0.38 0.19
  271 R   -1  4  1  1 -2  1  0 -1  0 -2 -2  1 -2 -2  0  1  0 -1 -2 -1    5  27   6   7   1   5   4   4   2   2   4   6   1   1   4  12   4   1   1   5  0.22 0.13
  272 A    4 -2 -1 -1  0 -1 -1  0 -2 -1 -1 -1 -1 -2  0  0 -1 -2 -1 -1   44   2   2   3   2   2   3   6   1   4   6   2   1   2   4   6   3   0   2   4  0.31 0.18
  273 G    0 -2  0  0 -2 -1  0  3 -2 -2 -2 -1 -2 -3  3  1 -1 -3 -3 -2    5   1   3   6   1   2   7  29   1   3   3   2   1   1  16  14   3   0   1   2  0.38 0.18
  274 A    1  0 -1  1 -2  0  1  1 -1 -2 -1  0 -1 -1  1 -1 -1 -2  0 -1   15   4   2  11   1   4  12  11   1   2   8   7   1   2   8   2   2   0   4   3  0.11 0.08
  275 E    2 -1  0  2 -3  0  4 -1 -1 -3 -3  0 -2 -3  1  1 -1 -3 -1 -2   17   2   3  12   0   1  30   4   1   1   2   3   1   1   6   8   3   0   2   2  0.36 0.20
  276 V    1 -2 -2  0 -1 -2 -1  0 -2  1  1 -2 -1 -1  0 -1 -1 -2 -2  4   11   1   2   6   1   1   4   6   1   7  10   2   1   2   4   2   3   0   1  35  0.21 0.16
  277 K   -1  2  0  1 -3  1  0  1 -1 -2 -1  3  1 -3 -2  1 -1 -3 -3 -2    3  12   3  10   0   6   3  11   1   2   6  25   5   1   1   9   2   0   0   1  0.24 0.17
  278 S   -2 -1  0  4 -3  1  3  0 -2 -4 -2  2 -3 -4  0  1 -1 -2 -3 -3    1   2   3  23   0   5  19   6   0   1   3  12   0   0   4  14   2   0   0   1  0.40 0.23
  279 R   -2  6  0 -2 -2 -1 -1 -1  3 -4 -3  3 -2 -4 -3 -2 -2 -4 -1 -2    3  43   4   2   1   1   2   5   6   1   3  18   1   0   1   2   2   0   2   2  0.69 0.33
  280 T   -2 -4 -4 -4 -2 -4 -4 -4 -4  3  0 -4 -1  0 -3 -2  2 -4 -2  5    2   0   0   0   1   0   0   1   0  18   8   0   1   4   1   2  16   0   0  45  0.72 0.37
  281 T   -2 -2 -1 -3  1 -2 -3 -2 -1  2  2 -2  1 -1 -3  0  4 -4 -3  1    1   1   3   1   3   1   0   3   2  16  17   1   3   2   0   6  31   0   0   7  0.34 0.26
  282 L   -1 -3 -2 -3 -1 -3 -3 -4  1 -1  2 -3  1  0 -2 -2  2 -2  5  1    5   0   1   1   1   1   0   0   3   2  26   0   4   3   2   1  15   0  24  10  0.45 0.29
  283 F   -4 -2 -5 -6  0 -5 -5 -5 -3 -2  2 -5 -2  7 -5 -5 -3 -2  4 -2    0   2   0   0   2   0   0   1   0   1  19   0   0  55   0   0   1   0  14   2  1.38 0.52
  284 R   -4  8 -4 -5 -6 -2 -3 -5  0 -6 -4  0 -4 -3 -5 -3  0 -6 -5 -5    1  84   0   0   0   1   0   0   2   0   1   2   0   1   0   2   5   0   0   0  2.02 0.73
  285 K   -1  1  1 -1 -3 -1 -2 -1 -3 -1 -3  3 -3 -4 -3  1  4 -4 -1 -3    3   6   7   4   0   1   1   5   0   3   1  20   0   0   0  11  35   0   2   0  0.48 0.31
  286 I    0 -1 -3 -3 -3 -2 -3 -3 -2  3  1  0 -1 -1  0 -1 -1  2 -2  3    7   3   0   0   0   0   0   0   1  19  14   7   1   2   4   4   3   3   0  21  0.17 0.19
  287 G    1  0  0  3 -3  0  3  1  0 -4 -3 -1 -3 -3 -2  0 -2 -3 -1 -3   15   5   2  16   0   2  21  11   2   0   1   2   0   1   1   7   1   0   2   0  0.24 0.21
  288 D   -2 -4 -1  7 -5 -3 -1 -3 -2 -4 -5 -3 -4 -5 -4 -3 -3 -5 -4 -4    3   1   1  74   0   1   1   1   1   1   1   1   0   0   1   1   1   0   0   1  1.58 0.59
  289 F   -1 -3 -3 -4 -2 -3 -4 -4 -2 -3 -1 -3 -2  6 -4  0 -2 -1  6 -2    4   1   1   1   1   1   1   1   0   1   4   1   0  33   1   8   1   0  30   2  0.89 0.41
  290 R   -2  4 -1  1 -3  1  2 -3 -1 -2  0  2 -2 -2 -3 -2 -2 -1 -2 -2    2  27   1   7   0   6  13   1   1   1  10  12   1   2   1   1   2   1   1   2  0.27 0.22
  291 A    0  4 -1  0 -2  1  0 -2  1 -2 -1  2 -2 -3 -2  0 -1 -3 -1 -2    9  25   3   5   1   4   5   1   4   2   5  14   1   0   1   5   2   0   1   1  0.19 0.18
  292 L   -1 -3 -4 -4 -3 -3 -4 -4 -4  1  5 -3  0 -2 -4 -3 -2 -3 -3  0    6   1   1   1   0   1   1   1   0   8  63   1   1   0   1   2   1   0   0   4  0.71 0.37
  293 E   -1  4 -1  1 -4  1  2 -3  0 -3 -3  1 -2 -3 -3 -1 -2 -2  0 -3    3  31   2   8   0   5  17   1   2   1   1   8   1   1   1   2   1   1   4   1  0.39 0.26
  294 K    1  3  0  0 -3  1  2 -1 -1 -3 -3  2 -2 -3 -2  1 -1 -3 -2 -2   12  15   3   4   0   5  16   4   1   1   1  13   0   0   1   9   2   0   1   2  0.21 0.19
  295 I    0 -1 -1 -2 -2 -1 -2 -1 -1  2  2 -1  0  1 -2 -1 -1  1  1  1   10   4   3   1   0   1   1   3   2  13  23   3   1   5   1   4   1   2   4   9  0.03 0.10
  296 S    2 -3 -1 -1  0 -2 -2 -2 -2 -1  0 -2 -1  1 -2  2  0 -3 -2  1   22   0   2   2   2   0   1   0   1   3   8   1   1   7   1  21   5   0   1  12  0.13 0.20
  297 R    0  3 -1  1 -2  1  1  0 -1 -3 -3  2 -2 -4  0  0  0 -4 -3 -2    7  22   2   9   1   6   6   8   1   0   1  11   0   0   3   6   4   0   0   2  0.19 0.18
  298 E    0  1  0  1 -3  1  2 -1  0 -3 -3  2 -3 -4  2  1  0 -4 -2 -3    8   9   4   6   0   4  17   3   2   0   1  11   0   0   9   9   5   0   1   0  0.20 0.17
  299 V    1  0  0 -1  2 -1 -2  3  0 -1 -2 -1 -2 -3 -3  0 -1 -3 -2  1   12   7   4   2   6   2   1  25   3   3   1   3   0   0   0   6   2   0   1  12  0.13 0.16
  300 K    1  2 -1 -1 -2  1  0  0 -1 -4 -3  4 -3 -4 -2  0 -1 -4 -3 -3   14   8   2   2   0   6   4   6   1   0   1  33   0   0   2   7   2   0   0   1  0.31 0.26
  301 S   -2  3  1 -1 -2 -1 -1 -2  5 -4 -3  0 -3 -3 -3  3  0 -4 -2 -3    1  17   7   3   1   2   3   1  16   0   2   4   0   1   0  23   6   0   1   1  0.36 0.29
  302 I   -1 -4 -4 -4 -3 -4 -4 -4 -1  4  1 -4 -1  1 -4 -4 -3 -4 -3  4    4   0   0   0   0   0   0   0   2  30   9   0   0   7   0   0   0   0   0  35  0.64 0.36
  303 T    3 -3 -3 -3  1 -3 -1 -2 -3  0  0 -3 -2 -3 -3 -1  2 -4 -3  3   27   0   0   0   2   0   4   2   0   4   9   0   0   0   0   2  17   0   0  22  0.28 0.27
  304 V   -3 -5 -5 -5 -3 -4 -5 -1 -5  5 -1 -4 -2 -3 -4 -4 -3 -5 -4  5    0   0   0   0   0   0   0   6   0  30   2   0   0   0   0   0   0   0   0  48  0.92 0.46
  305 I   -1 -4 -4 -5 -3 -4 -4 -2 -5  5  0 -4 -1 -3 -4 -4 -3 -4 -3  4    5   0   0   0   0   0   0   3   0  39   6   0   0   0   0   0   0   0   0  34  0.77 0.40
  306 G   -3 -5 -3 -4 -5 -4 -5  7 -5 -6 -6 -4 -5 -5 -5 -3 -4 -5 -5 -5    1   0   0   0   0   0   0  84   0   0   1   0   0   0   0   0   0   0   0   0  1.85 0.67
  307 G    0 -2  1 -3 -4 -4 -4  6 -4 -5 -5 -4 -4 -5 -4 -1 -4 -5 -5 -5    7   2   6   1   0   0   0  67   0   0   1   0   0   0   0   4   0   0   0   0  1.21 0.51
  308 G   -3 -4 -3 -4 -5 -4 -4  7 -4 -5 -5 -4 -5 -5 -4  0 -1 -5 -5 -5    0   0   0   0   0   0   0  75   0   0   1   0   0   0   0   6   4   0   0   0  1.50 0.59
  309 F   -3 -4 -4 -5 -2 -3 -4 -5  2 -3 -1 -4 -3  7 -2 -4 -3  5  4 -2    2   0   0   0   1   1   0   0   4   0   5   0   0  47   2   0   1   8  13   3  1.06 0.47
  310 L   -3 -4 -4 -4 -3 -4 -4 -5 -4  5  4 -4  0 -2 -4 -3  0 -4 -1  0    1   0   1   0   0   0   0   1   0  33  40   0   1   0   0   1   5   0   2   3  0.68 0.37
  311 G    0 -4 -3 -4 -4 -4 -4  6 -4 -5 -2 -4 -4 -5 -4 -2 -4 -4 -5 -4    8   0   0   0   0   0   0  72   0   0   5   0   0   0   0   1   0   0   0   0  1.33 0.54
  312 S    0 -3 -1 -3  4 -2 -3 -2 -3 -3  0 -3 -2 -4 -3  4  3 -4 -4 -2    6   0   2   0   8   1   0   1   0   0   8   0   1   0   0  42  17   0   0   1  0.54 0.39
  313 E   -4 -3 -3 -2 -5 -2  7 -5 -3 -5 -5 -3 -4 -5 -4 -3 -4 -5  1 -5    1   0   0   0   0   0  79   1   0   0   1   0   0   0   0   1   0   0   4   0  1.63 0.69
  314 L   -3 -4 -4 -1 -3 -4 -4 -4 -4  3  4 -4  1 -2 -4 -4 -1 -4 -3  1    1   0   0   4   0   0   0   0   0  14  53   0   3   0   0   0   4   0   0   8  0.61 0.35
  315 A    5 -3 -3 -3 -3 -3 -3 -2 -3 -3 -3 -3 -3 -3 -3  1  0 -4  1 -2   62   1   0   1   0   0   1   1   0   1   1   1   0   0   1   9   6   0   4   2  0.80 0.45
  316 C    3 -4 -3 -4  8 -3 -3 -2 -3 -2 -3 -3 -3 -2 -3  0 -1  2  1 -1   28   1   1   1  30   0   1   1   0   2   2   1   0   1   1   7   3   3   4   4  0.74 0.38
  317 A    4 -3 -2 -3 -1 -2 -1  1  0 -3 -3 -2 -3 -3 -2  2 -1 -3 -1 -1   43   1   1   1   1   1   3   9   2   1   1   1   0   1   1  19   1   0   2   3  0.43 0.30
  318 L   -3 -3 -4 -4 -3 -3 -4 -4 -4  1  5 -4  0 -1 -4 -3 -3 -3 -3 -1    2   1   1   1   0   1   1   1   0   7  67   1   1   2   1   1   1   0   0   2  0.82 0.39
  319 G    3 -2 -1 -2  0 -1 -2  2 -2 -1 -2 -1 -2 -3 -1  1 -1 -3 -3  1   32   1   3   1   2   2   1  15   1   3   2   2   0   0   2   8   3   0   0  11  0.20 0.20
  320 R    1  3  0 -1 -3  3  0 -2  2 -3 -2  1 -1 -2 -2 -1 -1 -3 -2 -2   14  21   3   2   0  14   3   1   5   1   3  10   1   1   1   3   3   0   1   2  0.21 0.18
  321 K    0  3  2  0 -1  1 -1 -1  0 -2 -2  1  0 -2 -2  0  0 -2  0 -2   10  17  10   4   1   5   2   2   2   2   3  11   3   1   1   4   7   0   3   2  0.09 0.11
  322 S    0  0  0  0  2  1  0  0 -2 -2 -1  0  1  0  1  0  0 -2  1  0    6   6   6   6   6   6   6   6   0   0   6   6   6   6   6   6   6   0   6   6  0.05 0.09
  323 Q    0  2  0  0 -3  1  0  0  1 -2 -1  2  0 -3  1  0  1 -3  0 -1    7  12   4   5   0   8   5   6   4   0   5  13   4   0   6   5   8   0   4   4  0.12 0.14
  324 A    1 -1  1  1 -2  1  1  0 -1 -1 -1  1  0 -1  0  0  1 -2 -1 -1   11   2   7   7   0   5  13   9   0   2   7   8   2   2   3   7   9   0   1   3  0.09 0.07
  325 S    0  0  3  0 -3  0  0 -1  0 -2 -1  1 -1 -1 -1  1  1 -3 -2 -1    8   5  17   5   0   3   6   3   1   2   7  10   1   3   3  11  10   0   0   2  0.14 0.13
  326 G   -2 -2  2  0 -4  0 -2  5  3 -4 -4  0 -3 -4  0 -1 -3 -4 -3 -3    1   1  10   6   0   4   2  50   8   1   2   5   0   0   4   3   1   0   0   2  0.74 0.34
  327 I    1 -2 -2 -3  2 -2 -2 -2 -3  2  1  0  1 -1 -3 -1  1 -3 -2  2   15   1   1   0   4   1   1   3   0  10  15   9   3   1   0   2  11   0   1  22  0.18 0.17
  328 E   -1  2  1  0 -4  2  3 -3  2 -3 -4  3 -3 -4 -3 -1  0 -4 -3 -2    4  10   5   4   0  11  24   1   4   1   0  24   0   0   0   3   5   0   0   2  0.49 0.30
  329 V   -2 -5 -5 -6 -4 -1 -5 -6  0  2 -1 -5 -2 -2 -3 -4  1 -5 -4  6    1   0   0   0   0   3   0   0   3  11   2   0   0   2   1   0   8   0   0  69  1.16 0.56
  330 I   -1 -2 -1 -2 -1 -1 -2 -4  2  1 -2 -2 -1  2 -3  1  4 -3  2  1    2   1   3   1   1   2   1   0   5   8   2   1   2   8   0   8  36   0   9  11  0.40 0.31
  331 Q   -3 -3 -2 -4 -4  5 -2 -5  2 -1  3 -3  3 -1 -5 -3 -3  0  0  1    0   0   1   0   0  32   1   0   5   2  31   0   8   2   0   0   0   1   4  11  0.69 0.44
  332 L   -1 -4 -4 -5  0 -4 -4 -2  0  3  2 -4  1  0 -4 -2 -1 -4  0  4    4   0   0   0   2   0   0   3   3  19  19   0   3   3   0   3   2   0   3  35  0.47 0.29
  333 F   -3 -3 -1 -1  0 -3  2 -4  2  0  0 -3  0  6 -4 -2 -1 -2  2  0    0   0   2   3   2   0  16   0   6   5   8   0   2  36   0   2   4   0   7   6  0.52 0.33
  334 P    0  0 -1  1 -4 -1 -1 -2  2 -3 -2  0  0 -4  5  1  0 -4 -1 -1    9   5   2   7   0   2   3   2   5   0   4   4   2   0  34   9   5   0   2   4  0.54 0.28
  335 E    0 -2  0  2 -4  1  4  2  0 -3 -2 -1  0 -4 -3  0 -1 -4 -3 -1    7   0   3  12   0   4  30  19   2   0   4   2   4   0   0   5   3   0   0   7  0.35 0.26
  336 K    0 -1  1  2 -2  1  3 -1 -1 -4 -4  2 -3 -3  2  0  0 -5 -4 -2    7   2   7  10   1   5  19   3   1   0   0  16   0   1  12   8   6   0   0   2  0.36 0.25
  337 G    0  1 -2 -2 -2 -1 -2  4  3 -2  0 -1 -1  0 -4 -1  0 -3  1  1    7   8   1   2   1   3   1  32   8   1   8   2   1   4   0   3   5   0   5  11  0.27 0.22
  338 N   -2 -3  3 -4  0 -4 -4 -5 -1  3  2 -4 -2 -3  4 -2 -3  1 -4  1    1   1  15   0   2   0   0   0   2  18  21   0   0   0  24   2   0   2   0  12  0.62 0.38
  339 M   -1 -4 -1 -1  2  0 -3  1 -3 -2  3 -3  3  0 -4 -1 -1  5  1 -1    4   0   4   4   5   4   0  13   0   0  29   0   9   4   0   4   4  10   4   4  0.35 0.29
  340 G    1  0  1  1  1  0  2  2 -2 -1 -2 -2  0 -3  0  0  0 -4 -1 -1   13   4   6   9   3   3  14  17   0   3   4   0   3   0   3   8   4   0   3   3  0.14 0.15
  341 K   -1  4  0 -1 -5  2 -1  0  3 -5 -3  4 -4 -4 -3  0 -1 -5 -4 -4    4  23   4   3   0   9   2   8   7   0   3  26   0   0   1   8   3   0   0   0  0.56 0.36
  342 I   -2  0 -5 -5 -4 -1 -3 -4 -2  2  0  0  4  0 -5 -3 -1 -3 -2  5    2   4   0   0   0   2   1   1   1  12   6   5   9   4   0   1   3   0   1  46  0.67 0.41
  343 L   -4 -6 -7 -7 -5 -6 -6 -7 -5 -1  5 -6 -2  6 -7 -6 -5 -4  2 -1    1   0   0   0   0   0   0   0   0   3  54   0   0  33   0   0   0   0   5   4  1.46 0.64
  344 P   -5 -7 -6 -2 -7 -6 -4  0 -7 -8 -8 -6 -7 -8  9 -4 -6 -8 -8 -7    0   0   0   3   0   0   1   8   0   0   0   0   0   0  88   1   0   0   0   0  2.86 1.07
  345 Q    1  3 -1  1 -5  1  4 -2 -1 -4 -4  0 -4 -5  2 -1 -1 -5 -4 -4   10  15   3   7   0   5  34   2   1   0   1   3   0   0  10   4   3   0   0   1  0.59 0.38
  346 Y   -1 -3 -3  0 -2 -1  2 -2  1 -5 -5 -1 -2  1  0 -1 -2 -2  7 -3    6   1   1   6   1   2  13   3   3   0   0   3   1   4   4   5   2   0  43   1  0.85 0.50
  347 L   -3 -6 -7 -7 -5 -6 -6 -7 -6  2  6 -6  0 -3 -6 -6 -3 -5 -5  1    2   0   0   0   0   0   0   0   0   9  77   0   2   0   0   0   1   0   0   9  1.51 0.66
  348 S    4 -2 -3 -4  1 -2 -4  0 -3 -4 -5 -3 -3 -6 -4  5  1 -6 -5 -3   33   2   1   0   3   1   0   6   0   1   0   0   1   0   0  43   8   0   0   1  0.93 0.56
  349 N    0  1  2  0 -4  3  3 -2  0 -4 -2  2 -1 -4 -2  0 -1 -5 -4 -3    7   7  13   5   0  13  19   2   2   0   5  13   1   0   1   8   3   0   0   1  0.37 0.28
  350 W   -1  0 -5 -3 -6 -1  1 -4  3 -3 -4 -1 -3  2 -5 -4 -3 10  2  1    5   6   0   1   0   2  10   1   8   1   1   4   0   9   0   0   1  35   6  10  1.26 0.58
  351 T    0 -4 -4 -5 -1 -4 -4 -5 -4  1  2 -4  0  3 -5 -1  4 -3  3  1   10   0   0   0   1   0   0   0   0   7  20   0   1  14   0   2  27   0   9   8  0.56 0.38
  352 M    1 -3  1  0 -4  2  1 -3 -1 -3 -3 -2  1 -4 -4  0  5 -5 -4 -2   12   0   7   4   0   9  11   2   1   1   1   1   4   0   0   5  40   0   0   1  0.65 0.47
  353 E    0  2  1  2 -5  2  4  0 -1 -5 -5  2 -3 -6 -4  0 -2 -5 -4 -5    7  12   5  13   0  10  26   7   1   0   0  14   1   0   0   5   1   0   0   0  0.57 0.37
  354 K   -1  3 -3 -3 -3  0 -1 -4  0 -3  0  4 -1  0 -4 -2 -1 -4  3 -1    4  18   0   1   0   3   3   1   2   1  11  31   1   3   0   2   3   0  12   3  0.51 0.37
  355 V   -1 -5 -5 -5 -4 -4 -3 -5  3  0  1 -5  3  4 -5 -3 -3 -3  5  3    5   0   0   0   0   0   2   0   8   5  14   0   7  16   0   2   1   0  20  22  0.72 0.43
  356 K    0  5 -2 -3 -5  1  2 -3 -1 -2 -2  2 -1 -4 -4 -1  0 -5 -4 -2    7  37   1   0   0   4  14   1   1   2   3  13   2   0   0   5   7   0   0   2  0.64 0.41
  357 R    1  2  1  2 -2  2  3 -1 -2 -4 -3  2 -3 -5 -3  1 -1 -5 -3 -4   10  11   5  13   1   7  20   3   1   0   2  14   0   0   0  10   2   0   0   1  0.39 0.29
  358 E    1  1  0 -2 -3  0  4 -3  4 -3 -1  2 -1 -4 -4 -1 -2 -5 -3 -3   15   7   5   1   1   3  28   1  13   1   6  11   1   0   0   3   1   0   0   1  0.45 0.36
  359 G   -3 -4 -2 -3 -6 -5 -4  7 -1 -7 -7 -5 -6 -6 -6 -4 -5 -6 -6 -6    1   1   1   1   0   0   1  90   2   0   0   0   0   0   0   0   0   0   0   0  2.26 0.88
  360 V   -2 -6 -6 -7 -5 -6 -6 -3 -7  2 -3 -6 -1 -5 -6 -5 -4 -6 -5  7    2   0   0   0   0   0   0   2   0   9   0   0   1   0   0   0   0   0   0  84  1.97 0.85
  361 K   -2  1  3  3  0  1  3 -4  2 -2 -4  2 -3 -5 -4 -1  1 -5 -4 -2    2   6  15  15   3   5  18   0   5   2   1  13   0   0   0   2  11   0   0   2  0.47 0.33
  362 V   -3 -5 -6 -6  2 -5 -5 -6 -5  3  3 -5  0  0 -4 -4 -1 -5 -2  5    0   0   0   0   4   0   0   0   0  15  29   0   2   4   1   1   3   0   1  41  0.93 0.48
  363 M   -2  3 -3 -4 -4 -2 -3 -5  2  3  2 -1  4 -1 -4 -3 -2  0  0  2    2  17   1   0   0   0   1   0   5  17  22   4  10   1   0   1   1   1   3  13  0.44 0.31
  364 P    1 -1 -1 -3  0 -1 -2 -2  0 -4 -3 -3 -3 -3  6  1  2 -5 -2 -3   14   3   3   1   2   2   1   3   3   0   3   1   0   1  37  12  11   0   1   1  0.76 0.44
  365 N   -3 -1  4  1 -5 -1  1  4  0 -3 -5  0 -4 -5 -3  1 -3 -5 -5 -4    1   3  24   6   0   2  11  32   2   2   1   6   0   0   1   8   1   0   0   1  0.67 0.40
  366 A    2  1 -2 -1  0  1  0 -3  0 -2 -2  0 -2  0 -3  1  3 -4 -3  1   19   9   1   3   2   6   6   0   3   1   2   5   0   6   0   9  18   0   0  10  0.22 0.24
  367 I   -1  2  0 -1 -4  1  2 -2  0 -1  0  2 -1 -2 -3  1  1 -4 -1 -1    3  15   3   1   0   7  13   2   2   3   9  14   1   2   0  11   8   0   2   5  0.19 0.19
  368 V    0 -5 -6 -6 -4 -5 -5 -6 -6  3  0 -5 -2 -2 -3 -4 -3 -6 -4  6    8   0   0   0   0   0   0   0   0  14   7   0   0   1   1   0   1   0   0  65  1.33 0.63
  369 Q    0 -1 -2  0 -2  1  2 -3  0 -2 -2  3 -3 -3 -2  0  3 -5 -3  0    7   3   1   5   1   6  15   0   2   1   4  20   0   1   1   8  19   0   0   6  0.32 0.28
  370 S    1  0  0  3  1 -1  1  2 -1 -5 -4  0 -4 -5 -4  3 -1 -5 -4 -4    9   4   5  15   3   1   7  16   1   0   1   5   0   0   0  30   2   0   0   1  0.48 0.35
  371 V    2 -4 -4 -4  1 -4 -3  1 -3  2  1 -4 -1  0 -4 -2 -2 -3  3  3   18   0   0   0   3   0   1  10   0  13  11   0   0   3   0   3   1   0  12  23  0.40 0.30
  372 G    0  2 -1  0 -2  1  3  0 -2 -3 -4  1 -3 -3 -3  2  2 -4 -2 -2    6  13   1   5   1   7  18   5   1   1   0   6   0   1   0  16  15   0   2   3  0.33 0.28
  373 V    0  1 -2 -1 -2 -1  0  0 -1  0  0  0  0  0  0 -1  0 -1  2  1    7  10   1   2   1   1   7   7   1   2   9   7   2   3   5   3   6   1   9  16  0.05 0.10
  374 S   -1  0  0  3  0  1  2 -2  0 -3 -3  2 -3 -2 -2  1  0 -4 -3 -1    4   5   3  16   2   5  17   2   2   1   1  16   0   1   1  11   7   0   0   4  0.29 0.23
  375 G   -1 -1  3  4 -2 -1  0  4 -1 -4 -5 -2 -4 -5 -2  0 -3 -5 -5 -4    5   3  12  24   1   2   6  31   1   1   1   2   0   0   1   8   1   0   0   1  0.65 0.38
  376 G   -1 -2  3  4 -5 -1  0  4 -2 -5 -3  0 -4 -3 -4  0 -2 -5 -4 -3    4   2  12  23   0   2   5  31   1   0   2   5   0   1   0   7   2   0   0   1  0.59 0.36
  377 R   -2  4 -1 -3 -2  3 -1  2  2 -2 -4  4 -3 -2 -3 -2 -1 -5 -4 -3    2  22   2   1   1  13   2  16   4   2   0  24   0   2   1   2   3   0   0   2  0.56 0.37
  378 L   -1 -3 -5 -5 -2 -4 -4 -5 -2  2  4 -3  0  0 -5 -3 -1 -2 -2  4    3   1   0   0   0   1   1   0   1  10  39   1   1   4   0   1   2   0   1  33  0.74 0.41
  379 L   -1  1  0 -1 -2  0  1 -3  0  1  0  1 -1 -1 -3  1  1 -4 -2  1    2  10   3   3   0   3  10   1   2   8   8  10   1   2   0  11  10   0   1  14  0.12 0.15
  380 I   -2 -4 -6 -6 -2 -5 -5 -3 -5  3  5 -5  0 -2 -5 -4 -3 -5 -4  3    3   1   0   0   1   0   0   2   0  14  55   0   1   1   0   1   1   0   0  20  0.98 0.50
  381 K   -1  2 -1 -2 -4  2  1 -3  3  0 -2  2  0 -2 -3 -1  3 -4 -2  0    3   9   1   1   0   9   9   0   7   6   3  14   3   2   0   2  19   0   1   9  0.26 0.25
  382 L   -2 -4 -3 -2 -2 -4 -4 -2 -5 -1  5 -4  1 -1 -2 -2  2 -4 -4 -1    2   1   1   2   1   1   0   3   0   2  61   0   3   3   2   2  14   0   0   2  0.82 0.47
  383 K    1 -1  2  3 -4 -1  1 -1 -2 -4 -3  2 -3 -4 -3  3  1 -1 -4 -2   10   2   8  15   0   1   8   4   1   0   3  15   0   0   0  22   9   1   0   2  0.35 0.28
  384 D   -2 -3  4  6 -5 -2 -1  1 -2 -5 -5 -3 -5 -6 -2  1  0 -6 -5 -5    3   1  18  46   0   1   2   9   1   0   1   1   0   0   2   9   6   0   0   0  1.02 0.52
  385 G   -3 -4 -1 -1 -6 -2 -2  7 -5 -5 -6 -2 -6 -6 -5 -3 -2 -6 -6 -5    1   1   3   4   0   2   3  78   0   1   0   2   0   0   0   1   2   0   0   1  1.71 0.72
  386 R    0  3 -1  0 -4  2  2 -2  0 -3 -3  1 -1 -4 -3  2  1 -4 -3 -2    6  16   2   6   0  11  15   2   2   1   1   7   2   0   0  16  11   0   0   2  0.36 0.28
  387 K    0  0  0  0  2  1  0 -3  2  0 -1  0  1 -2  1  0  0 -3  1  0    6   6   6   6   6   6   6   0   6   6   6   6   6   0   6   6   6   0   6   6  0.07 0.11
  388 V   -2 -2 -4 -4 -3 -3 -4 -4 -2  4  4 -3  0  0 -3 -3 -2 -2 -2  3    2   3   0   0   0   0   1   1   1  24  38   0   1   3   1   1   2   1   0  21  0.61 0.27
  389 E   -1  1 -1  2 -3  0  3 -2  0 -1 -1  0 -1 -2  0  0  1 -3 -2  0    4   8   1  11   0   3  25   1   3   2   5   5   2   1   4   7   9   0   1   9  0.20 0.14
  390 T    4 -2 -3 -3  0 -3 -3  0 -3 -2 -3 -3 -2 -2 -2  0  3 -4 -2  2   40   2   0   1   2   0   0   6   0   0   1   0   0   2   1   5  21   0   1  17  0.50 0.30
  391 D   -3 -4 -1  8 -5 -2  0 -3 -4 -5 -4 -3 -5 -5 -4 -3 -4 -6 -5 -5    1   0   1  85   0   1   3   2   0   0   2   0   0   0   0   1   0   0   0   1  1.99 0.62
  392 H    1 -2 -2 -2  0  0 -2  1  5 -1  0 -2 -1 -1 -3 -1 -1  0  2  0   15   1   1   1   2   4   1  13  21   4   8   1   2   2   0   1   4   1   9   8  0.28 0.20
  393 I    0 -4 -4 -4  0 -4 -4 -4 -4  3  1 -4 -1 -2 -4 -3 -2 -4 -3  6    9   0   0   0   2   0   0   1   0  14  10   0   1   1   0   1   1   0   0  58  0.87 0.37
  394 V   -2 -4 -5 -5 -3 -4 -4 -5 -5  4  0 -4 -1 -1 -4 -4 -2 -4 -3  6    3   0   0   0   0   0   0   1   0  19   7   0   1   2   0   1   1   0   0  64  1.10 0.42
  395 T    2 -3 -3 -4 -1 -3 -2 -3 -3  1  1 -3  0  0 -3 -1 -1 -3 -1  4   21   0   0   0   1   0   3   1   0   7  15   0   2   3   0   3   3   0   1  37  0.41 0.24
  396 A    4 -4 -3 -1  3 -3 -3  5 -4 -4 -4 -3 -4 -4 -2 -1 -2 -4 -4 -3   36   0   0   3   6   0   0  45   0   0   1   0   0   0   2   1   2   0   0   1  0.95 0.38
  397 V   -1 -4 -2 -3 -3 -3 -4 -4 -4  3  3 -3  0 -1 -4 -3  1 -4 -3  4    3   0   2   1   0   0   0   1   0  16  28   0   1   1   0   1   8   0   0  35  0.57 0.27
  398 G   -3 -4 -3 -2 -5 -3 -4  7  0 -5 -5 -4 -5 -5 -4 -3 -4 -5 -5 -4    1   0   0   2   0   1   0  86   3   0   1   0   0   0   0   1   0   0   0   2  1.86 0.57
  399 L    1 -3 -2 -3  1 -2 -2 -3 -3  4  1 -3  1 -2 -2 -1 -1 -1 -1  3   13   0   2   0   3   1   2   1   0  29  13   0   3   0   2   5   2   1   2  20  0.32 0.19
  400 E   -1  0 -1  1 -2  1  4 -3 -1 -1 -2  0 -2 -2 -3  1  2 -4 -2 -1    3   3   1   8   1   7  37   1   1   3   3   3   1   2   0   8  13   0   1   5  0.41 0.24
  401 P   -1 -4 -4 -4 -5 -4 -4 -4 -4 -2 -3 -4 -4 -4  8 -2 -2 -5 -1 -2    5   0   0   0   0   0   1   1   0   2   2   0   0   1  76   3   2   0   2   2  2.02 0.61
  402 N    0  1  6  2  0 -2  0 -3 -2 -4 -4 -2 -4 -4 -3 -1 -1 -5 -4 -2    9   8  50  12   2   1   4   1   0   1   2   0   0   0   0   3   3   0   0   2  0.84 0.37
  403 V   -2 -3 -1 -2 -2 -2 -2 -3 -2  1  0 -3  0 -2 -2  0  5 -4 -1  3    2   0   2   2   0   1   1   2   1   7   6   0   2   1   1   5  38   0   2  26  0.49 0.29
  404 E    0  0  0  3 -4  1  4  0  0 -4 -4 -1 -3 -4 -3  0 -1 -4 -3 -3    7   5   3  21   0   5  33   6   2   0   1   2   0   0   0   8   3   0   1   1  0.51 0.25
  405 L   -3 -4 -5 -5 -1 -4 -5 -3 -5  1  5 -4  1  0 -3 -4 -3  0 -3  1    1   0   0   0   1   0   0   2   0   6  73   0   2   2   1   0   0   1   0   6  1.04 0.41
  406 A    6 -4 -4 -4 -3 -3 -3  0 -4 -1 -1 -3 -3 -4 -3 -1 -3 -4 -4 -1   76   0   0   0   0   0   0   5   0   4   5   0   0   0   0   3   0   0   0   3  1.12 0.47
  407 K    0  2 -2 -1 -4  2  4 -2 -2 -3 -2  3 -2 -3 -1  0 -1 -4 -3 -2    6   8   1   1   0   8  30   2   0   1   3  24   1   1   2   6   3   0   1   4  0.45 0.25
  408 T    2 -1 -1  2 -3  2  1 -1 -1 -3 -3  0 -2 -2  1  2  1 -3 -3 -2   24   3   2  11   0  10   7   3   1   0   1   6   1   1   5  15   9   0   0   1  0.26 0.17
  409 G    5 -3 -3 -1 -1 -3 -3  0 -3 -3 -3 -2 -3 -4 -3  4 -1 -4 -4 -3   50   0   0   3   1   0   1   5   0   1   2   2   0   0   0  30   3   0   0   1  0.79 0.38
  410 G   -2 -1  0 -2 -3 -2 -2  6  0 -5 -5 -2 -4 -3 -3 -1 -3 -4 -2 -5    1   3   4   2   1   2   2  71   2   0   1   2   0   1   1   3   1   0   1   1  1.25 0.43
  411 L   -4 -4 -5 -5 -4 -4 -5 -5 -5  0  6 -4  0  0 -5 -4 -2 -4 -3 -1    1   0   0   0   0   0   0   1   0   4  84   0   1   2   0   1   2   0   0   2  1.33 0.48
  412 E    0 -1 -2  0 -4  1  6 -3 -2 -4 -4  1 -2 -3 -2 -1  1 -4 -4 -2    8   2   0   4   0   4  54   1   1   1   1   8   1   1   1   3   8   0   0   2  0.77 0.36
  413 I   -2 -2 -4 -4 -3 -3 -3 -4 -4  3  1 -3  1 -2 -4 -3  1 -4 -3  5    1   2   0   1   0   1   1   1   0  18  11   1   2   0   1   1  10   0   0  49  0.71 0.32
  414 D   -1 -1 -1  7 -5 -2  1 -2  1 -4 -5 -2 -4 -5 -3 -2 -3 -5 -4 -3    5   3   1  67   0   0   8   2   4   1   1   2   0   0   1   2   1   0   0   1  1.32 0.46
  415 S   -1 -1  2  3 -3 -1  1 -2  0 -4 -3  0 -3 -4  4  1 -1 -4 -3 -3    4   2  13  20   0   1  11   2   2   1   2   4   0   0  21  12   2   0   0   1  0.50 0.22
  416 D    0  0  1  2 -1  1  1 -1  0 -1 -1  1 -1 -2  0  0  0 -2 -1  0    6   5   6  17   2   5   8   3   2   3   6  11   1   2   3   4   5   1   2   9  0.09 0.05
  417 F   -1  1  2  0 -2  0  0 -1  1  0  0  0  0  1 -1  0  0  0  0 -1    4   7  15   6   1   4   5   5   4   5  14   4   2   9   2   3   4   1   2   4  0.04 0.04
  418 G   -1 -1 -1 -1 -2 -2 -1  6 -2 -2 -2 -1 -2 -2 -2 -1 -2 -2 -2 -2    3   3   2   2   1   2   3  58   1   2   3   4   1   2   2   4   2   0   2   3  0.73 0.21
  419 G   -2 -2 -3 -4 -5 -4 -4  7 -4 -6 -5 -4 -5 -5 -4 -2 -4 -5 -3 -5    2   2   0   0   0   0   0  88   0   0   1   0   0   0   0   2   0   0   1   0  1.93 0.59
  420 F   -3 -4 -5 -5 -3 -4 -4 -5 -4  5  0 -4 -1  4 -4 -4 -3 -3  2  4    1   0   0   0   0   0   0   1   0  36   5   0   0  21   0   0   0   0   6  28  0.90 0.36
  421 R   -1  2 -3 -4 -2 -2 -3 -4 -2  2  2  0  0 -2 -2 -3 -2 -2 -2  4    3  14   0   0   1   1   1   1   1   9  20   5   1   0   2   0   1   0   1  38  0.43 0.25
  422 V   -1 -5 -5 -5  0 -4 -4 -5 -5  0 -2 -4 -2 -4 -4 -4  1 -5 -4  7    4   0   0   0   2   0   0   1   0   0   1   0   0   0   0   0   7   0   0  82  1.48 0.55
  423 N   -4 -3  6  6 -5 -3 -2 -3 -3 -5 -5 -3 -5 -5 -4 -2 -3 -6 -5 -5    1   0  47  44   0   0   0   1   0   0   1   0   0   0   0   2   1   0   0   0  1.61 0.55
  424 A    4 -2 -2  0 -3 -1  3 -2 -3 -3 -3  0 -3 -4 -1  1  0 -4 -4 -3   42   1   0   4   0   2  24   1   0   1   1   6   0   0   3   8   5   0   0   0  0.57 0.32
  425 E   -2  1 -2 -1 -2  3  5 -2  4 -4 -3 -2 -2  1 -3 -1 -1 -3  2 -3    1   6   1   1   1  12  40   2   9   0   2   0   1   6   0   2   3   0   9   1  0.61 0.32
  426 L   -4 -3 -5 -5 -2 -4 -5 -3 -3 -1  6 -4  2 -1 -5 -4 -4 -4 -3 -2    1   1   0   0   1   0   0   2   0   0  85   0   4   1   0   0   0   0   0   0  1.36 0.50
  427 Q   -1  5 -1 -1 -3  4  3 -4 -1 -4 -3  1 -1 -4 -3 -2 -2 -4 -3 -3    4  33   2   2   0  21  20   1   1   0   1   7   2   0   0   1   2   0   0   2  0.74 0.34
  428 A    4 -3 -3 -3  0 -3 -3 -3 -1 -2 -3 -3 -3 -4 -3  0  5 -4 -4  0   39   0   0   0   1   0   0   1   1   2   1   0   0   0   0   5  40   0   0   6  0.83 0.41
  429 R   -1  5 -1  0 -2 -2 -1 -3  1 -3 -2 -1 -2 -4 -3  4 -2 -4 -3 -1    4  36   1   6   1   0   2   1   3   1   3   1   1   0   1  33   1   0   0   6  0.65 0.35
  430 S    0  0  0  4 -4 -1  0 -2 -1 -4 -4 -1 -3 -4  4  3  0 -4 -4 -3    6   5   3  23   0   1   4   2   1   0   1   2   0   0  19  25   6   0   0   0  0.56 0.28
  431 N   -1 -1  5  6 -5 -2 -1  1  2 -5 -5 -2 -4 -5 -2 -1 -3 -5 -4 -5    4   3  26  44   0   0   2   8   4   0   1   1   0   0   1   4   0   0   0   0  0.97 0.39
  432 I   -3 -4 -5 -5 -3 -4 -5 -5 -5  6  2 -4 -1 -2 -4 -4 -3 -4 -3  4    1   0   0   0   0   0   0   1   0  44  16   0   0   0   0   0   0   0   0  34  1.06 0.40
  433 W   -5 -5 -5 -6 -5 -4 -5 -5  0 -4 -3 -5 -4  5 -5 -4 -4 10  6 -4    1   0   0   0   0   0   0   1   2   0   2   0   0  23   0   1   0  39  27   0  2.16 0.62
  434 V    5 -4 -4 -4 -2 -4 -4 -2 -4  0 -2 -4 -3 -4 -4 -1 -2 -5 -4  4   54   0   0   0   1   0   0   2   0   3   1   0   0   0   0   4   0   0   0  34  0.97 0.45
  435 A    2 -2 -2 -2  4 -2 -2 -1 -2  1 -1 -2  0 -2 -2  1  0 -3 -2  2   37   0   0   0  13   0   0   0   0   0   0   0   0   0   0  13   0   0   0  38  0.22 0.03
  436 G    0  2  0 -1 -2 -1 -1  4 -1 -3 -3  0 -2 -3 -2  1 -1 -2 -2 -2    1  20   1   1   0   1   1  52   0   1   1   1   0   0   1  18   1   0   0   1  0.45 0.03
  437 D   -1 -3  0  7 -4 -2 -1 -2 -3 -4 -5 -3 -4 -5 -3 -1 -3 -5 -4 -4    7   1   2  78   0   0   1   2   0   1   1   1   0   0   1   5   1   0   0   1  1.58 0.49
  438 A    2 -3 -2 -4  3 -3 -3 -3 -3  3  0 -3  0 -2 -3 -2 -1 -4 -3  4   20   1   2   1   8   0   1   1   0  16   5   1   2   0   1   2   1   0   0  38  0.50 0.25
  439 A    6 -3 -3 -3  1 -3 -3 -2 -3  0 -2 -3 -1 -3 -3  0 -1 -4 -3  0   71   1   0   1   3   0   1   1   0   5   2   1   1   0   1   4   2   0   0   4  0.90 0.38
  440 C    0 -1  3 -1  6 -2 -1 -2 -1 -3 -3 -2 -3 -1 -3  3  1 -4 -2 -2    5   4  16   1  18   0   4   2   1   1   2   1   0   2   1  31   8   0   1   2  0.51 0.26
  441 F   -1 -3 -4 -4 -4 -1 -4 -4  0 -1 -2 -4 -2  6 -4 -2 -3  1  6 -2    6   1   0   1   0   3   1   1   2   3   2   1   0  44   1   3   1   1  28   2  1.09 0.38
  442 Y   -3 -2 -1  0 -4 -2 -1 -4  3 -3 -3 -3 -3  2  4 -2 -2  3  6 -3    1   2   3   5   0   1   3   1   6   1   2   1   0   7  25   1   2   3  35   1  0.89 0.34
  443 D   -2 -3  1  6 -2 -1 -1 -2  2 -4 -2 -2 -4 -4 -3  1 -2 -4 -1 -4    2   1   7  58   1   1   2   3   6   1   4   1   0   0   1   9   1   0   3   1  0.96 0.36
  444 I    0  0 -2 -2 -3 -1 -1 -2  0  1 -2 -1 -1 -2  5 -1 -1  2 -1  1   10   5   1   1   0   2   2   2   3  10   2   3   1   2  33   4   3   3   2  10  0.47 0.19
  445 K    1  1 -1 -2 -2  0 -1 -2  0  2  1  1  0 -1 -1 -1 -1 -2  0  1   13   7   2   1   0   3   2   2   3  14  13  14   1   2   2   3   3   0   3  12  0.07 0.08
  446 L   -3 -3 -4 -1 -3 -3 -2 -2 -3  0  5 -3  0  1 -4 -3 -2  3  0 -1    1   1   0   4   0   0   3   3   0   2  67   1   1   4   1   1   2   4   2   3  0.71 0.31
  447 G   -1 -2 -1  0 -4 -1 -2  6  0 -4 -4 -1 -3 -4 -3 -2 -1 -4 -4 -2    4   2   2   6   0   3   2  66   2   1   1   3   0   0   1   1   3   0   0   2  1.00 0.33
  448 R   -1  7 -2 -2 -4  1 -1 -3 -1 -4 -3  0 -3 -4 -2 -2 -1 -2 -2 -3    4  66   1   2   0   6   2   2   1   1   2   3   0   0   2   2   4   1   1   1  1.10 0.40
  449 R   -2  6  0 -3 -1  1 -1 -3  1 -1 -1  0  1 -1 -3 -2  0 -2 -2 -2    1  51   4   1   1   6   2   1   4   4   7   3   3   2   1   2   5   1   0   2  0.64 0.29
  450 R   -3  7 -1 -3 -4  0 -2 -3  1 -4 -3  0 -3 -4 -3 -2 -3 -4 -3 -4    1  76   3   1   0   2   1   2   3   1   2   2   0   1   1   3   1   0   0   1  1.44 0.47
  451 V    0 -4 -4 -2 -3 -3 -3 -2 -4  2  1 -3  1  0 -3 -1 -2 -4 -2  5    6   0   0   2   0   0   1   2   0  11   8   0   3   3   0   4   0   0   0  55  0.61 0.30
  452 E   -1 -3 -2  1 -5  0  6 -1 -3 -4 -2 -2 -4 -5 -1 -1 -2 -5 -4 -4    3   0   0   5   0   2  69   5   0   0   6   0   0   0   2   4   2   0   0   0  1.07 0.45
  453 H   -3  0 -1 -4 -5  1 -3 -4 10 -5 -3 -3 -1 -4 -4 -1 -4 -5 -1 -5    2   4   2   0   0   5   0   1  75   0   2   0   2   0   0   5   0   0   0   0  2.14 0.64
  454 H   -3 -3 -2 -3 -4 -1  2 -4  6 -1 -2 -3 -2  0 -4 -3 -3  7  3  2    1   0   1   0   0   2  13   1  26   3   2   1   1   3   0   1   1  18   9  19  0.88 0.36
  455 D   -1 -1  1  7 -5 -2  1 -1 -3 -4 -4 -2 -3 -5 -3 -1 -2 -5 -4 -4    6   3   6  63   0   0   7   4   0   0   2   1   1   0   0   3   1   0   0   1  1.12 0.42
  456 H   -1 -3  5 -2 -4  1 -2 -2  8 -5 -5 -3 -4 -2 -4 -1 -1 -5 -2 -3    5   0  35   0   0   8   0   3  37   0   1   0   0   1   0   3   3   0   0   2  1.19 0.46
  457 A    6 -4  0 -4 -3 -3 -3 -2 -4 -4 -4 -3 -3 -4 -3  0 -1 -5 -4 -3   83   0   5   0   0   0   0   0   0   0   1   0   0   0   0   5   3   0   0   0  1.33 0.53
  458 V   -2  0  1 -2 -3  2  2 -3 -2  1  0 -1  0 -2 -3 -2  0 -1 -3  3    1   6   7   0   0  10  17   1   0  10   8   2   1   1   0   0   7   1   0  26  0.23 0.19
  459 V    0  0  1  0 -1  1  1 -2  0  0  0  0  0 -1 -2  0  1 -2  0  1    8   5   8   4   1   6  10   1   3   5   8   7   1   3   0   4   8   0   3  15  0.04 0.06
  460 S   -1 -2 -2 -2 -3  3 -2 -1  0 -3 -2 -2  4  0 -3  4  2 -4 -3 -3    2   0   0   1   0  18   0   3   2   0   3   0  13   5   0  39  13   0   0   0  0.58 0.35
  461 G   -2 -4 -3 -3 -4 -3 -4  7 -4 -5 -5 -3 -4 -4  1 -2 -3 -4 -4 -4    1   1   1   1   0   1   1  82   0   1   1   1   0   0   6   2   1   0   0   1  1.62 0.46
  462 R    0  4 -1 -2 -3  0  1 -2  0 -2  0  1 -1 -2 -1 -1  0 -3  1 -2    8  34   1   1   0   4  10   1   3   2   9   8   1   1   2   3   4   0   5   1  0.32 0.18
  463 L    1 -1 -2 -3  0 -1 -2 -3  1  1  3 -2  0 -1 -3 -2  1 -1 -1  1   14   3   1   1   2   2   1   1   5   7  35   1   1   2   1   1  10   1   1  11  0.22 0.15
  464 A    6 -3 -3 -4 -3 -3 -3 -2 -3 -3 -3 -3 -3 -4 -3 -1 -2 -4 -3  1   80   1   1   1   0   1   1   1   0   1   1   1   0   0   1   1   1   0   0   9  1.21 0.45
  465 G    2 -4 -3 -3 -4 -3 -3  6 -4 -4 -4 -3 -4 -4 -3 -2 -3 -4 -4 -4   14   1   1   1   0   1   1  75   0   1   1   1   0   0   1   1   1   0   0   1  1.44 0.43
  466 E    0  4 -1 -1 -3  1  3 -3 -1 -2 -1  2 -2 -3 -3 -1  0 -4 -2 -2    8  29   2   2   1   5  21   1   1   2   7  10   0   1   0   3   6   0   1   1  0.39 0.21
  467 N    0 -3  7 -2 -4 -1 -3 -1 -2 -2 -4 -3 -4 -4 -4  1 -1 -5 -4 -3   10   0  66   0   0   2   0   3   0   3   1   0   0   1   0   8   2   0   0   2  1.26 0.46
  468 M   -2 -4 -4 -5 -4  0 -4 -5 -4 -1  1 -4 10 -3 -5 -4 -3 -4 -4 -1    3   0   0   0   0   5   0   1   0   2   7   0  76   0   0   1   0   0   0   2  2.07 0.65
  469 T    4 -3 -3 -3 -2 -2 -3 -2 -3 -2  1 -3  0  1 -3  0  3 -3 -2  0   41   0   0   0   0   0   1   1   0   0  12   0   1   6   0   5  23   0   0   7  0.47 0.27
  470 G    0 -2 -1 -2 -4 -3 -3  7 -3 -5 -5 -3 -4 -5 -4 -1 -1 -4 -4 -4    6   2   2   2   0   0   1  78   1   0   1   0   0   0   0   2   3   0   0   1  1.45 0.45
  471 A    3  0  0  0 -2  1  1  0  0 -2 -2  1 -2 -2  0  1 -1 -3 -1  0   31   4   3   3   0   5   8   5   2   1   2  10   0   1   3  11   1   0   2   7  0.19 0.14
  472 A    1  1  1  2 -2  0  1  0  1 -3 -2  1 -1 -3  1  1  0  2 -2 -2   13   7   5  14   1   2   7   8   4   1   2   7   1   0   7  11   4   4   0   1  0.18 0.11
  473 K    0  1 -1  0 -3  0  3 -2 -2 -2  0  4 -1 -3 -2 -1  1 -4 -3 -1    8   5   1   5   0   3  20   3   0   2   9  28   1   0   0   1   9   0   0   4  0.30 0.20
  474 P    2  0 -2 -2 -3 -2 -2 -2 -1 -3 -3 -2 -1 -4  6  0  1 -4 -4  0   21   5   1   2   0   1   2   2   1   1   1   1   2   0  36   8  10   0   0   8  0.70 0.31
  475 Y   -4 -4 -5 -4  1 -4 -5 -5 -1 -3 -3 -3 -4  3 -5 -2 -4  0  9 -1    1   0   0   1   3   0   0   0   0   1   1   1   0   8   0   2   0   1  72   5  1.98 0.63
  476 W   -1  0  2  3 -3  0  0 -2  1 -3 -1 -1 -2 -3 -3  0  3  5 -2 -2    3   5   9  21   0   3   4   1   3   1   5   3   0   1   0   5  24   8   1   1  0.41 0.24
  477 H   -2  1 -3 -4 -5 -2 -1 -4  9 -4 -2 -1  0 -1 -4 -3 -2  0  5 -4    2   7   0   0   0   1   3   1  52   0   3   3   3   1   1   1   2   1  18   1  1.47 0.51
  478 Q   -2 -2 -3 -3 -4  6  0 -2 -3 -1  1 -2 -2 -4 -2 -2  4 -4 -4  0    1   0   0   0   0  39   5   3   0   3  14   0   0   0   2   1  25   0   0   6  0.70 0.39
  479 S   -2 -4 -3 -4 -4 -3 -3 -3  0 -5 -5 -2 -5 -5  7  4 -1 -5 -5 -4    3   0   0   0   0   0   0   1   2   0   1   1   0   0  58  29   3   0   0   0  1.66 0.56
  480 M   -2 -2 -4 -4 -4 -2 -3 -4  2 -1  1 -3  6  3 -3  0 -3  3  5 -2    2   2   0   0   0   1   1   0   5   1  10   0  28  11   1   9   1   3  22   2  0.77 0.36
  481 F   -4 -5 -5 -6 -1 -5 -5 -5 -4  0 -1 -5 -1  8 -5 -5 -4  1  3 -1    0   0   0   0   1   0   0   0   0   4   3   0   1  72   0   0   0   1   8   5  1.81 0.56
  482 W   -5  2 -5 -6 -5 -4 -3 -5 -2 -5 -4 -4 -4  3 -6 -3 -5 10  6 -5    0  11   0   0   0   0   1   1   0   0   0   0   0  11   0   2   0  39  32   0  2.11 0.65
  483 S   -2 -4 -3 -4 -2 -3 -3 -3 -4 -5 -2 -3 -4 -1 -4  6  2 -5 -1 -4    1   0   0   0   1   0   0   1   0   0   5   0   0   2   0  75  12   0   2   0  1.34 0.59
  484 D   -3  0  0  7 -6 -2 -1 -3 -1 -4 -4  0 -1 -5 -4 -3 -1  3 -5 -3    1   4   3  67   0   1   1   1   1   1   2   5   2   0   0   1   3   4   0   2  1.29 0.50
  485 L   -2 -3 -3 -2 -3 -1 -3 -4 -4  2  4 -3  2  0 -4 -3 -2 -3 -2  2    1   1   1   2   0   3   1   1   0  11  54   1   4   3   1   1   1   0   0  15  0.66 0.28
  486 G   -1 -4 -2 -4 -4  1 -2  5 -3 -3 -3 -2 -3  5 -4 -2 -2 -3  0 -2    4   0   1   0   0   9   2  40   0   0   1   1   0  32   0   1   3   0   1   3  0.85 0.38
  487 P   -1 -2 -1  1 -3 -1  1 -2 -1 -2 -1 -1 -2 -1  5 -1 -1 -2  2 -2    3   1   3   8   1   2   8   3   1   2   6   4   1   2  35   3   3   0  10   3  0.56 0.19
  488 D   -2 -3  1  6 -5 -2  3  0  2 -4 -5 -1 -4 -5 -4  0 -3 -5 -3 -5    2   0   6  48   0   1  16   8   6   1   0   3   0   0   0   6   0   0   1   0  0.92 0.38
  489 V   -1 -4 -3 -4 -2 -3 -4 -4 -3  4  3 -4  0  1 -4 -3 -2  0 -2  3    4   0   2   0   1   0   0   1   1  24  31   0   2   4   0   1   1   1   1  26  0.57 0.26
  490 G   -2 -1  0 -2 -4  0 -2  5  3 -4 -4 -2 -4 -4 -4  2 -1 -3 -4 -3    1   4   3   1   0   3   1  55   7   1   1   1   0   0   0  14   3   0   0   1  0.87 0.37
  491 Y   -4 -5 -5 -6  1 -4 -5 -5 -2  1 -1 -5  4  3 -5 -4 -4  6  7 -2    0   0   0   0   3   0   0   0   0   8   5   0  11  12   0   0   0  12  46   2  1.41 0.51
  492 E   -4 -2  0  0 -6  2  7 -5 -3 -6 -5 -1 -5 -6 -4 -3 -3 -6 -5 -4    0   1   4   4   0   8  76   0   0   0   0   2   0   0   0   0   1   0   0   1  1.60 0.60
  493 A    6 -3 -4 -4  0 -3 -4  1 -4 -3 -4 -3 -3 -4 -4 -1 -3 -4  2  0   69   1   0   0   2   0   0   8   0   1   0   0   0   0   0   3   0   0   8   5  1.05 0.48
  494 I   -1 -4 -5 -5 -3 -4 -5 -4 -3  5  0 -4  0 -1 -4 -4  0 -5 -3  5    5   1   0   0   0   0   0   1   1  33   5   0   1   2   0   0   5   0   0  45  0.91 0.38
  495 G   -3 -5 -3 -4 -5 -5 -5  7 -5 -6 -6 -4 -5 -6 -5 -3 -5 -1 -6 -6    0   0   0   0   0   0   0  95   0   0   0   0   0   0   0   0   0   1   0   0  2.28 0.67
  496 L    0  0  1  0 -3  1  0 -3  2  0  0  0  1 -2 -3  0  0  4  1  0    6   6   6   6   0   6   6   0   6   6   6   6   6   0   0   6   6   6   6   6  0.10 0.14
  497 V    0  0 -3 -4  3 -3 -3 -1 -3  2  2 -3  2 -2 -3 -2  2 -3 -3  3    7   6   0   0   6   0   0   6   0  15  17   0   6   0   0   1  12   0   0  21  0.31 0.21
  498 D    0  0  1  5 -3  0  1  0 -2 -4 -2  0 -3 -4  0  1 -1 -4 -3 -3    7   4   5  38   0   3   8   7   0   0   3   3   0   0   4  13   3   0   0   1  0.47 0.26
  499 S    2 -2  0 -1  3 -2 -2 -1 -3 -3 -2 -1 -3 -3  3  3  1 -4 -3 -2   15   0   3   3   6   0   1   4   0   0   4   4   0   0  17  31   9   0   0   1  0.45 0.26
  500 S    0  2  0  1  0  0  1  0  0 -3 -2  0 -1 -3  1  2  0 -3 -3 -2    4  14   4   8   3   3   8   6   3   0   2   5   1   0   6  25   5   0   0   2  0.22 0.17
  501 L   -2 -2 -2 -1 -3 -2 -2  0  0 -1  5 -2  2 -1 -4 -2 -3 -4 -3 -1    3   2   2   4   0   1   3   7   2   0  61   2   6   2   0   2   0   0   0   3  0.62 0.36
  502 P   -2  1 -1  3 -4  2  2 -2  0 -2 -1  0 -1 -3  3 -1 -1 -3  0 -2    2   7   2  16   0   9  15   2   2   1   6   4   1   0  18   4   3   0   5   1  0.34 0.22
  503 T   -2 -2 -2  0  1 -1 -2 -2 -3  0 -1 -2  3 -3  1 -1  5 -4 -3  2    1   2   0   6   3   3   1   2   0   3   4   2   8   0   8   2  40   0   0  14  0.48 0.34
  504 V   -2  1 -3 -4 -3 -3 -2 -4 -3  2  0 -2  0  1 -4 -1 -1 -3  2  5    2   8   0   0   0   0   2   1   0   9   8   2   2   6   0   5   2   0   6  47  0.48 0.31
  505 G    1 -1 -2 -1  1 -1  3  2 -2 -1 -2 -1 -2 -2 -1  1  0 -3 -2  1   14   2   1   1   3   1  23  14   0   4   1   1   0   2   2  14   5   0   0  11  0.22 0.20
  506 V   -2  0 -1  3 -3 -1  0 -2 -1  0 -1 -2 -1  0 -3 -1 -1 -3 -1  4    2   5   1  22   0   2   4   2   2   4   3   1   1   3   1   5   2   0   2  36  0.31 0.24
  507 F   -4 -3 -2 -4 -4 -4 -2 -2 -1 -2 -3 -2 -3  5 -1 -1 -2 10  0 -4    1   1   2   1   0   1   2   4   1   2   2   3   0  28   3   5   2  38   2   1  1.54 0.57
  508 A    2  1 -1  0  0  0 -1 -1 -2  0  0  1  0 -1 -1  0  0 -2 -1  1   25   7   2   5   2   3   3   3   1   3   7  11   3   3   3   4   3   0   1  11  0.08 0.10
  509 K    0  1 -1  1 -2  2  1  0 -1 -2 -2  3 -2 -2  1  0  0 -2 -2 -1    6   5   2   7   1  12   8   9   1   2   4  21   1   1   7   4   5   0   1   4  0.20 0.13
  510 A    1  1  0  1  1  0  0  1  1 -1 -1  0 -1 -1  2  0 -1 -2 -1 -1   17   8   5   7   3   3   5   9   4   3   5   3   1   3  11   6   3   0   1   4  0.10 0.06
  511 T    0  0  1  0 -2  0  0  1 -1 -2 -2  0 -2 -2  1  1  2 -2 -2 -1    9   6   7   6   1   5   7  12   1   2   3   4   1   2   6  10  15   0   1   3  0.14 0.09
  512 A    1  0  1  1 -2  0  1  0  0 -1 -2  1 -1 -2  0  0  0 -2 -1 -1   14   6   6   9   1   3  12   8   2   3   4   7   1   1   4   6   5   0   1   6  0.09 0.05
  513 Q    0  1  0  0 -2  1  2  0 -1 -2 -1  1 -1 -1  1  0  0 -2 -1 -1    8   6   3   4   1   8  15   7   1   2   5   9   1   2   6   7   7   1   2   3  0.11 0.06
  514 D    0  1  1  2 -1  0  1  0 -1 -1 -1  0 -1 -2  0  1  1 -2 -1 -1    5   8   8  16   1   3   8   5   1   2   4   5   1   2   3  11   8   1   2   5  0.12 0.06
  515 N    0  1  1  0 -1  0  1 -1 -1 -1 -1  0 -1 -1  0  0  1 -1 -1  0    9   8   9   5   1   4   8   5   1   4   6   6   2   2   4   6  14   1   2   6  0.06 0.03
  516 P   -1  0  0  0 -2  0  0 -1  1  0 -1  0 -1  0  4  0  0 -2 -1 -1    4   5   3   6   1   5   5   5   4   6   5   4   1   4  21   8   5   1   1   5  0.19 0.08
  517 K    0  1  0  0 -2  1  0 -1 -1 -1 -1  2 -1 -2  1  0  0  2 -1 -1    9  10   2   5   1   5   6   5   1   3   5  17   1   2   7   7   4   4   1   4  0.11 0.06
  518 S    1  0  0  0 -1  0  0  0 -1 -1 -1  0  0 -1  0  1  1 -1 -1  0   18   5   5   6   1   3   4   6   1   3   7   5   2   2   4  12   7   1   1   7  0.06 0.05
  519 A    1  0  1  0 -1  1  0  0 -1 -1 -1  0 -1 -1  0  1  0  0 -1  0   19   4   8   5   1   6   3   6   1   4   5   6   1   2   4   9   6   1   1   7  0.07 0.05
  520 T    0 -1  1  0 -1  0  0  0  0  0  0  0  0 -1  0  1  1 -1 -1  0   10   2   8   6   1   3   5   6   2   5  10   4   1   3   4   9  12   1   1   9  0.04 0.03
  521 E    1  0  0  0 -1  0  3  0 -1 -1 -1  0 -1 -2  0  0  1 -1  0 -1   11   3   4   5   1   3  22   8   1   2   5   5   1   2   5   6   9   1   3   4  0.12 0.07
  522 Q    1  0  0  0 -1  1  1  0  0 -1 -1  0 -1 -1  0  1  0 -1 -1  0   12   3   5   4   1   7  11   8   2   3   7   7   1   2   3   9   7   1   1   6  0.06 0.03
  523 S    1 -1  0  0 -1  0  0  1 -1 -1 -1  0 -1 -1  0  2  0 -1  0  0   11   3   5   4   1   5   6  11   1   2   6   3   1   2   3  19   7   1   3   7  0.08 0.05
  524 G    0  0  1  0 -1  1  0  2 -1 -1 -1  0 -1 -2  0  0  0 -1 -1 -1    7   3   7   5   1   6   7  22   1   3   5   5   2   2   3   8   5   1   2   5  0.11 0.05
  525 T    0 -1  0  1 -2  0  1  0 -1 -1 -1  0 -1 -2 -1  1  2 -2 -1 -1    8   2   5  10   1   4  12   8   1   3   5   5   1   1   2   9  16   0   2   4  0.12 0.09
  526 G    0 -1  2  1 -2  0  0  3 -1 -1 -2  0 -1 -2 -1  1  0 -2 -2 -1    4   3  10   7   1   3   4  26   1   3   4   6   2   2   2  12   5   0   1   3  0.19 0.11
  527 I    0 -1  0  1 -2  0  1 -1 -1  2  0  0  0 -1  0  0  1 -2 -1  0    7   2   3   9   1   3   9   3   1  19   6   5   3   1   5   6   8   0   2   7  0.06 0.07
  528 R   -1  4  0 -1 -2  1  0 -1 -1 -1 -1  2 -1 -2 -1  0  0 -2 -1 -1    5  27   4   3   1   6   6   5   1   3   6  10   1   1   2   5   6   0   2   3  0.22 0.13
  529 S    1 -1  1  0 -2  0  0  0 -2 -1 -2 -1 -2 -2  1  4  0 -2 -1 -1    9   2   5   4   1   3   6   6   1   3   3   3   1   1   6  34   5   0   2   5  0.24 0.17
  530 E    0 -1  0  0  2  0  3 -1 -1 -1 -2  1 -1 -2 -1  1  0 -2 -1  0    9   2   5   5   4   4  24   5   1   2   4   8   1   1   2   9   4   0   2   6  0.16 0.11
  531 S    0 -1  1  0 -1  0  0  0 -1 -1 -1  1 -1 -1  1  1  1 -2  1 -1    6   3   6   6   2   4   4   5   1   4   6   8   2   1   6  17  10   0   6   4  0.08 0.07
  532 E   -1  0  1  1 -2  1  3 -1 -1 -2 -2  1 -2 -1  0  0  0  1 -2 -2    5   3   7   7   1   6  28   5   1   2   4   7   1   2   4   7   6   2   1   2  0.23 0.14
  533 T    0 -1  0  0 -2  0  1 -1 -1 -1 -2  1 -1 -2  0  1  3 -2 -2 -1    8   2   5   5   1   3   9   5   1   2   4  11   2   1   5   9  23   0   1   3  0.16 0.12
  534 E    0 -1  1  1 -2  1  3 -1 -1 -2 -1  1 -1 -2  0  1  0 -2 -2 -2    6   2   6   5   1   6  28   5   1   2   6   6   1   1   4  10   4   0   1   2  0.23 0.15
  535 S    1 -1  2  1 -2  0  0  0 -1 -1 -1  0 -1 -2  1  2  0 -2 -2 -1   16   3  12   7   1   4   5   7   1   3   5   4   1   1   6  16   5   0   1   3  0.13 0.09
  536 E    0 -1  1  0 -2  1  3 -1 -1 -1 -1  0 -1 -1  0  1  1 -2 -2  0    6   2   7   5   1   5  27   3   1   2   5   4   1   3   4  10   8   0   1   7  0.19 0.13
  537 A    2 -1  0  0 -1  0  1  0 -1 -1 -1  0 -1 -1  0  1  1 -2  0  0   20   2   3   4   1   4   8   8   1   4   5   7   1   1   4   8   9   0   5   5  0.08 0.07
  538 S    1  0  1  0  0  1  1  0 -1 -1 -1  1 -1 -2  0  2  0 -2 -1 -1   10   5   7   3   2   6   8   5   1   2   7   9   1   1   3  18   6   0   2   4  0.09 0.07
  539 E    0  0  0  1 -2  0  3 -1 -1 -1 -2  1 -1 -2  1  1  1 -2 -2 -1    5   4   4   6   1   3  25   5   1   3   3   7   1   2   5  14   7   0   1   3  0.20 0.13
  540 I    0  0  1 -1 -1  0  0  0 -1  0  0  1  0 -1  0  0  0 -1  0  1    8   3   7   2   1   3   8   7   1   9   6  11   1   2   4   5   6   1   3  11  0.02 0.03
  541 T    0  0  0  0 -1  0  0  0  0 -1  0  0 -1 -1  0  1  1 -1 -1  0    8   3   4   5   1   4   6   5   3   3   8   8   1   2   4  13  10   1   2   8  0.04 0.03
  542 I    0  0  0  0 -1  0  0 -1  0  1  0  1 -1 -1  0  0  0 -2 -1  1    7   3   3   5   1   4   6   5   2   9   6  13   1   2   4   7   6   1   2  14  0.03 0.04
  543 P    0 -1  0  0 -1  0  1  0 -1 -1 -1  0 -1 -2  2  2  0 -2 -1 -1    8   3   4   5   1   3  11   7   1   4   6   6   1   2  11  17   5   1   2   4  0.12 0.07
  544 P    0 -1  0  1 -1  0  1  0 -1 -1 -1  0 -1 -1  3  0  0 -2 -1  0   10   2   4   7   1   5   9   8   1   4   4   5   1   2  13   7   4   1   1   9  0.12 0.06
  545 S    1  0  0  2 -1  0  1  0 -1 -1 -2  0 -1 -2  0  1  0  1 -1 -1   12   5   4  11   1   3   9   7   1   3   4   4   1   2   4  14   6   2   1   6  0.09 0.06
  546 A    1  0  1  0 -1  0  1  0 -1 -1 -1  1 -1 -1  0  1  0 -2 -1  0   12   3   6   5   1   4   9   7   1   2   5   8   1   3   5  12   7   1   1   6  0.07 0.04
  547 P    0 -1  1  1 -2  0  0  0 -1 -1 -2  1 -2 -2  3  1  0 -2 -2 -1    8   2   6   8   1   2   4   6   2   3   4  10   1   1  17  13   4   0   1   5  0.20 0.11
  548 A    1  0  0  1  0  0  0  0 -1  0 -1  0 -1 -2  2  1  0 -2 -1  0   11   4   6   7   2   2   7   6   1   5   4   8   1   1  10  10   5   0   1   9  0.09 0.05
  549 V    0  0  0 -1 -1  0  0  0 -1  0  0  0  0 -1  1  1  1 -2 -1  1    8   3   3   3   1   3   4   6   1   5   7   9   3   2   6   9  11   0   2  13  0.04 0.04
  550 P    0 -1  0 -1 -2  0  0 -1 -1 -1  0  1 -1 -2  4  1  0 -2 -2  0    8   2   4   2   1   3   7   4   1   2   9   9   1   2  22   9   6   0   1   6  0.24 0.12
  551 Q    0  0  0  1  3  2  2 -1  0 -2 -2  1 -1 -2  1  0 -1 -2 -2 -1    6   5   3   6   7  10  17   5   2   3   4   9   1   2   6   6   3   0   1   4  0.15 0.10
  552 V    1 -1  1  1 -2  1  1 -1  0 -1 -1  1 -1 -2  1  0  0 -2 -2  0   14   2   7   9   1   8   9   3   2   2   4   8   1   1   6   6   5   0   1  11  0.10 0.07
  553 P   -1 -1 -1 -1 -2  0  0 -1 -1 -2 -2  0 -2 -2  5  1  0 -2 -2 -1    5   3   3   3   1   4   6   5   1   3   4   5   1   2  35   9   5   0   1   5  0.51 0.21
  554 V    0  0  0  0 -1  0  0  0  0  0  0  0  0  0  0  0  0 -1  1  0    9   3   3   7   1   5   7   7   1   5   7   8   2   4   4   6   6   1   6   8  0.02 0.01
  555 E    0  0  0  1 -1  1  1  0  0 -1 -1  1  0 -1  0  0  0  0  1 -1    6   3   4   9   1   9  10   7   2   3   5   9   2   2   4   6   4   1   7   5  0.07 0.03
  556 G    0  0  1  1 -1  1  1  1  0 -2 -1  1 -1  0  0  0  0 -2  0 -1    6   5   7  11   1   7   7  12   3   2   7   9   1   5   3   5   3   0   2   4  0.07 0.04
  557 E   -1  0  1  4 -3  0  4 -2 -1 -3 -2  0 -1 -3 -1 -1  0 -3 -2 -2    4   4   5  25   0   2  28   2   1   1   5   4   1   1   2   3   4   0   1   3  0.40 0.20
  558 D   -2  0  1  4 -3  0  2  1 -1 -3 -3  1 -3 -4  2  0 -2 -4 -3 -3    2   6   5  30   0   4  12   9   1   2   1   8   0   1  11   4   2   0   0   1  0.44 0.22
  559 Y   -2  1 -1  0 -3 -1  0 -1  1 -2 -1 -2 -2  4 -3 -1 -1 -1  6 -2    2   7   3   7   0   2   6   4   3   2   5   1   0  16   1   5   2   0  31   2  0.48 0.26
  560 G   -1  2  1  1 -3  0  1  4  0 -3 -2  0 -2 -3 -1  0  0 -3 -3 -3    3  13   7   7   0   3  11  33   3   1   3   3   1   0   2   5   5   0   0   1  0.35 0.19
  561 K    0  4 -1 -2 -4  0  0 -2  1 -4 -4  5 -3 -2 -3  0 -2 -4 -3 -3    6  28   1   1   0   2   6   2   3   1   1  40   0   2   1   5   2   0   0   1  0.72 0.35
  562 G    1 -3 -3 -3 -4 -3 -4  6 -4 -4 -3 -3 -4  0 -2 -2 -1 -4 -2 -3   13   1   0   0   0   0   1  65   0   0   2   1   0   4   2   2   5   0   1   2  1.08 0.43
  563 V   -2 -5 -3 -5 -2 -3 -5 -5 -5  3  0 -4 -1 -3 -5 -4 -1 -5 -2  6    2   0   1   0   1   1   0   0   0  13   7   0   1   0   0   0   4   0   1  68  1.12 0.50
  564 I   -1 -4 -4 -5 -3 -4 -4 -5 -5  4  0 -4 -1 -3 -4 -3 -2 -4 -2  5    5   0   0   0   0   0   0   0   0  27   7   0   0   0   0   2   1   0   1  53  0.96 0.43
  565 F   -4 -5 -5 -5 -5 -4 -5 -5  0 -1 -2 -5  0  7 -5 -4 -4  1  7 -2    1   0   0   0   0   0   0   0   2   4   2   0   2  40   0   0   0   1  44   2  1.68 0.61
  566 Y   -5 -5 -5 -6 -5 -4 -5 -6 -2 -4 -4 -5 -4  2 -5 -5 -5  3  9 -4    0   0   0   0   0   0   0   0   0   0   1   0   0   5   0   0   0   4  85   0  2.64 0.85
  567 L   -3 -2 -4 -5 -2 -2 -4 -4  0  0  5 -2  4  2 -5 -3 -2 -3 -2  0    1   2   0   0   1   1   0   1   3   2  61   3  10   7   0   1   2   0   0   5  0.81 0.40
  568 R   -1  5  1  4 -5  0  1 -2 -1 -5 -4  2 -4 -3 -3  0 -2 -5 -4 -4    4  32   7  26   0   3   7   1   1   0   0  11   0   1   0   5   1   0   0   0  0.70 0.35
  569 D   -2 -2  2  5 -5 -1  2  2 -1 -5 -5  0 -4 -5 -3  0 -2 -5 -4 -5    3   1   9  42   0   2  10  19   1   0   0   6   0   0   0   6   1   0   0   0  0.78 0.37
  570 K   -2  0  3  4 -5  0  2  3 -1 -5 -4  2 -4 -3 -3 -1 -3 -5 -4 -4    1   4  13  25   0   3  11  22   1   0   1  15   0   1   0   1   0   0   0   0  0.57 0.31
  571 V   -1  4  0 -2 -3  1  0 -3 -1  0 -1  3 -2 -3 -3 -1  0 -1 -2  1    4  27   3   1   0   6   4   1   1   5   4  18   0   0   0   2   7   1   1  15  0.33 0.23
  572 V   -2 -4 -5 -5 -3 -4 -4 -3 -5  3  2 -4 -1 -3  2 -4 -2 -5 -3  5    1   0   0   0   0   0   0   2   0  15  15   0   0   0   9   0   2   0   0  55  0.91 0.42
  573 V    0  2 -2 -3 -2 -1 -2 -4 -3  0 -1 -2  1 -3 -4 -2 -2 -5 -3  5    6  13   2   1   1   3   3   0   0   1   5   2   3   0   0   1   1   0   0  58  0.71 0.39
  574 G    0 -6 -4 -5 -6 -5 -5  7 -5 -7 -7 -5 -6 -7 -5 -3 -5 -6 -6 -6    7   0   0   0   0   0   0  93   0   0   0   0   0   0   0   0   0   0   0   0  2.26 0.74
  575 I   -1 -5 -5 -5 -1 -4 -5 -2 -5  4 -1 -4  1  0 -4 -4 -3 -5 -3  5    4   0   0   0   1   0   0   4   0  27   3   0   3   3   0   0   0   0   0  53  0.95 0.41
  576 V   -3 -4 -5 -6 -3 -4 -5 -6 -5  1  5 -5  3 -2 -5 -4 -2 -4 -3  3    0   0   0   0   0   0   0   0   0   3  68   0   6   0   0   0   1   0   0  20  1.11 0.44
  577 L   -2 -4 -3 -5 -1 -4 -4 -3 -4  0  5 -3  2  1 -4  0  0 -4 -3 -1    3   0   1   0   1   0   0   2   0   3  62   1   5   5   0   9   5   0   0   3  0.70 0.35
  578 W   -6 -4 -7 -7 -2 -5 -6 -6 -6 -3 -2 -6 -4  1 -7 -6 -6 12  0 -1    0   1   0   0   1   0   0   0   0   1   4   0   0   4   0   0   0  79   2   5  3.46 0.90
  579 N   -4 -2  8 -1 -6 -1 -3  0 -3 -6 -6 -2 -5 -6 -5 -2 -3 -6 -5 -6    0   2  84   1   0   2   0   6   0   0   0   1   0   0   0   2   0   0   0   0  2.04 0.69
  580 V    0 -2 -1 -4 -2 -3 -4 -3 -3  3  0 -3  0 -1 -3 -1  1 -4 -3  4    8   2   3   0   1   0   0   1   1  19   8   0   1   1   1   3   8   0   0  43  0.51 0.28
  581 F   -2 -3 -3  1 -4 -3  2 -3 -2 -4 -3  0 -3  5  1 -1 -2  8  1 -3    3   1   1   8   0   0  14   1   1   0   0   5   0  27   7   4   2  21   3   1  0.81 0.36
  582 N   -2 -2  3  4 -4 -2  1  3 -2 -2 -4 -2 -4 -5  0 -1 -3 -5 -4  0    1   1  18  27   0   0   7  25   0   2   0   2   0   0   4   2   0   0   0  11  0.58 0.30
  583 R    0  4  0  2 -4  1 -1  0  0 -4 -3  2 -2 -4 -3  1 -2 -4 -3 -1    8  29   4  11   0   6   0   6   2   0   0  14   1   0   0  11   0   0   0   6  0.41 0.25
  584 M   -1  0 -4 -5 -3 -3 -3 -5 -4  2  3 -2  5 -2 -4 -3  0 -4 -2  3    3   7   0   0   0   0   1   0   0  10  29   1  22   0   0   0   5   0   1  21  0.62 0.32
  585 P   -2 -1  0  6 -5 -1  1 -1  0 -5 -5 -2 -1 -5  3  0 -3 -6 -4 -5    3   2   3  50   0   2   8   4   2   0   1   1   2   0  14   6   1   0   1   0  0.92 0.40
  586 I    1 -1 -2  1 -3 -1  1 -3  2  2  0  0 -1 -3 -1 -1  0 -4 -2  2   17   3   0   8   0   1   9   0   8  14   6   7   1   0   3   3   6   0   0  15  0.14 0.15
  587 A    6 -4 -5 -3 -3 -4 -4 -3 -5  0 -2 -4 -3 -2 -4 -2 -3 -5 -2  0   80   0   0   1   0   0   0   1   0   5   4   0   0   2   0   0   0   0   1   7  1.25 0.56
  588 R   -3  8 -4 -5 -6 -2 -2 -5 -4 -6 -5  1 -4 -6 -5 -4  0 -6 -5 -4    2  84   0   0   0   0   1   0   0   0   1   6   0   0   0   0   6   0   0   1  1.96 0.68
  589 K    1  2  1  0 -4  2  2 -2 -1 -3 -3  2 -2 -4 -3  1  0 -4 -3 -3   15  10   7   4   0  12  17   1   1   1   1  17   1   0   0   9   4   0   0   0  0.37 0.23
  590 I   -2 -5 -5 -5 -3 -4 -5 -4 -5  4  4 -5  1 -2 -5 -4 -3 -4 -3  4    2   0   0   0   0   0   0   1   0  28  38   0   2   0   0   0   0   0   0  28  0.91 0.38
  591 I   -4 -5 -6 -6 -4 -5 -6 -6 -5  6  4 -5  2 -1 -5 -5 -3 -5 -4  1    0   0   0   0   0   0   0   0   0  45  46   0   4   1   0   0   0   0   0   4  1.20 0.45
  592 K    4  1  1  0 -3 -1  0 -2 -3 -3 -2  2 -2 -4 -3  1 -1 -4 -3 -2   42   9   6   4   0   2   4   2   0   0   3  15   1   0   0   7   3   0   1   2  0.40 0.27
  593 D    1  1  1  4 -4  2  3 -1  0 -4 -4  1 -3 -4 -3  0 -1 -5 -3 -3   12   6   6  25   0   8  18   4   2   0   0   7   1   0   0   7   2   0   0   1  0.45 0.24
  594 G    0  2  0 -2 -2  1 -1  3  2 -4 -4  2 -3 -5  3  0 -2 -4 -3 -4    7  12   4   1   1   7   2  27   5   0   0  14   0   0  15   4   0   0   0   0  0.48 0.25
  595 E    0  1 -2 -1 -2  0  1  0 -1 -3 -3  2 -2 -2  5 -1  0 -4 -1 -1    6   7   0   2   1   2  10   8   1   1   2  15   0   1  28   2   8   0   2   4  0.46 0.23
  596 Q    0  1 -1  0 -2  1  2 -2  2 -3 -3  2 -2 -4  2  1  2 -4 -3 -1    7   6   2   5   0   6  17   1   5   0   0  12   0   0  12  12  13   0   0   3  0.31 0.20
  597 H   -2 -2  0  0 -3 -1 -2 -2  4  1  0 -2 -2  2  1 -1  0  0  4  1    0   1   3   8   0   2   1   2  12   7   7   1   0   8   7   3   5   1  17  14  0.25 0.19
  598 E    0 -1  0  4 -4  0  3 -2  0 -4 -3  1 -2 -3 -1  0  1 -5 -4 -3   10   3   4  32   0   3  18   1   2   0   1   7   1   1   3   4   8   0   0   1  0.49 0.26
  599 D   -3 -3  0  7 -6 -1  3 -3 -2 -6 -6 -1 -5 -6 -3 -1 -2 -6 -5 -4    2   0   2  64   0   2  18   1   1   0   0   3   0   0   1   3   1   0   0   1  1.38 0.51
  600 L   -1 -2 -5 -5  0 -4 -4 -5 -4  2  5 -4  0  2  0 -4 -3 -3  0  1    4   2   0   0   2   0   1   0   0  10  60   0   0   7   5   0   0   0   3   8  0.73 0.33
  601 N    0 -1  5  1 -4  2  1 -1  0 -3 -3  1 -3 -3 -3  1  0 -4 -1 -2    7   2  31   8   0  13   6   3   1   1   2   7   0   1   0  10   4   0   2   3  0.39 0.23
  602 E   -2 -2 -2  2 -5  2  6 -1 -3 -4 -1  0 -1 -5 -4 -2 -2  0 -4 -4    2   1   0   9   0   8  57   5   0   0   7   5   2   0   0   2   2   1   0   0  0.86 0.39
  603 V   -2 -2 -5 -5  0 -3 -4 -5 -5  3  3 -3  0 -2 -5 -4 -2 -4 -3  4    3   2   0   0   2   1   0   0   0  13  37   1   1   0   0   0   1   0   0  40  0.77 0.33
  604 A    5 -3 -3 -4 -3  0 -2 -1 -4 -1  0 -1 -1 -4 -2 -1 -1 -4 -4  1   60   0   1   0   0   3   1   2   0   2  11   3   1   0   1   2   2   0   0   9  0.62 0.33
  605 K   -2  2  0  0 -5  0  0 -1  2 -5 -5  6 -4 -5  1 -2 -1 -5 -4 -3    1   8   3   4   0   2   3   3   6   0   0  58   0   0   6   1   3   0   0   1  0.85 0.37
  606 L   -1 -1 -4 -5 -3  1 -4 -5 -1 -1  5 -1  1 -2 -3 -4 -2 -4 -2  0    5   4   0   0   0   7   0   0   2   1  69   4   2   0   1   0   2   0   1   3  0.76 0.34
  607 F   -4 -5 -5 -6 -4 -5 -5 -6 -4  3  1 -2  1  7 -6 -5 -4 -2  0 -1    0   0   0   0   0   0   0   0   0  18  10   3   3  64   0   0   0   0   0   3  1.37 0.41
  608 N   -1 -1  4  2 -4 -1  1  0  0 -4 -4  0 -2 -3  3  1  0 -4 -3 -3    3   2  24  12   0   1   8   8   3   0   0   3   1   1  16  11   6   0   0   2  0.41 0.17
  609 I   -3 -4 -5 -5 -3 -2 -4 -5 -4  4  4 -4  0  3 -3 -4 -1 -3 -2  1    0   0   0   0   0   2   0   0   0  36  43   0   1  12   1   0   2   0   0   5  0.75 0.28
  610 H   -1 -2 -1 -1 -5  0  1  0  9 -5 -3 -3 -3 -2 -4 -3 -3 -3  4 -4    4   0   1   2   0   2  11   7  54   0   3   0   0   0   0   0   0   0  15   0  1.23 0.36
  611 E   -2 -2 -2  3 -5  0  5  0 -2 -5 -5  1 -4 -5  2 -1 -2 -5 -4 -4    1   0   0  18   0   0  56   6   0   0   0   6   0   0  11   2   0   0   0   0  0.90 0.28
  612 D   -4 -3 -1  7 -6 -2  4 -4 -3 -6 -6 -2 -5 -6 -4 -3 -3 -6 -5 -5    0   0   1  67   0   0  32   0   0   0   0   0   0   0   0   0   0   0   0   0  1.66 0.45

                      K         Lambda
Standard Ungapped    0.1352     0.3170
Standard Gapped      0.0426     0.2670
PSI Ungapped         0.1396     0.3135
PSI Gapped           0.0426     0.2670
