
Last position-specific scoring matrix computed, weighted observed percentages rounded down, information per position, and relative weight of gapless real matches to pseudocounts
           A  R  N  D  C  Q  E  G  H  I  L  K  M  F  P  S  T  W  Y  V   A   R   N   D   C   Q   E   G   H   I   L   K   M   F   P   S   T   W   Y   V
    1 M   -4 -5 -5 -6 -5 -4 -5 -6 -5 -2 -1 -5 11 -3 -6 -5 -4 -5 -4 -2    0   0   0   0   0   0   0   0   0   0   0   0 100   0   0   0   0   0   0   0  2.90 0.75
    2 A    5 -3 -2 -1 -3 -3 -2 -2 -4 -4 -4 -2 -3 -5 -3  4 -1 -5 -4 -2   58   0   1   2   0   0   1   0   0   0   0   1   0   0   0  34   2   0   0   1  0.98 0.42
    3 A    3 -3  0 -1 -3 -1 -1  1 -3 -3 -4 -2 -1 -3 -3  3  2 -4 -2 -2   30   0   3   2   0   2   4  11   0   0   0   1   1   1   0  30  15   0   1   0  0.49 0.28
    4 S    2 -2 -1 -3 -2  0 -1 -1 -2  0 -2  0 -2 -2  3  1  1 -4 -3  2   18   0   1   0   0   5   1   3   1   4   2   7   0   1  13  15   7   0   0  22  0.25 0.18
    5 K    1  0  0 -1 -4  0  0 -1 -2 -4 -3  4 -3 -5  4 -1  1 -5 -4 -3   12   2   3   3   0   2   3   4   0   0   2  37   0   0  18   3  10   0   0   1  0.54 0.28
    6 V   -2  0 -3 -4 -3 -3 -3 -3 -2  0 -1 -1  0  4  1 -3 -2  2  5  2    1   7   1   0   0   0   1   2   0   5   3   3   3  19   7   0   2   3  23  21  0.49 0.26
    7 K   -2  4 -2 -3 -4 -1 -2 -4 -1 -1  0  4  1 -3  0 -2  0 -4 -3  1    1  23   1   0   0   0   0   0   1   2  12  35   4   0   5   2   4   0   0  10  0.49 0.28
    8 Q   -5 -3 -4 -4 -7  9 -2 -6 -3 -7 -6 -2 -4 -7 -5 -4 -4 -6 -5 -6    0   0   0   0   0 100   0   0   0   0   0   0   0   0   0   0   0   0   0   0  2.81 0.92
    9 D   -5 -4 -2  8 -7 -3  3 -5 -4 -6 -7 -4 -6 -7 -5 -3 -4 -7 -6 -6    0   0   0  82   0   0  18   0   0   0   0   0   0   0   0   0   0   0   0   0  2.16 0.71
   10 M   -3 -1 -5 -6 -4 -4 -5 -1 -5 -1  4 -4  9 -3 -6 -5 -3 -5 -4 -1    1   4   0   0   0   0   0   6   0   1  33   1  53   0   0   0   0   0   0   2  1.48 0.61
   11 P   -2 -6 -6 -5 -6 -5 -5 -6 -6 -6 -6 -5 -6 -7  9 -3 -3 -7 -7 -2    3   0   0   0   0   0   0   0   0   0   0   0   0   0  92   1   1   0   0   3  2.87 0.85
   12 P   -4 -3 -6 -5 -6 -5 -5 -6 -6 -1 -6 -3 -6 -7  9 -4 -5 -7 -7 -6    0   2   0   0   0   0   0   0   0   4   0   1   0   0  93   0   0   0   0   0  2.92 0.87
   13 V    0 -1 -3 -3 -4  1 -1 -3 -3 -1 -3  2 -3 -5  6 -1  0 -5 -4 -1    9   2   0   1   0   6   3   1   0   4   1  17   0   0  43   3   4   0   0   5  0.89 0.37
   14 G   -2 -5 -2 -4 -5 -3 -2  7 -5 -6 -6 -4 -5 -6 -5 -3 -4 -5 -6 -6    1   0   1   0   0   1   2  92   0   0   0   1   0   0   0   1   0   0   0   0  2.07 0.66
   15 G   -3 -5 -4 -4 -6 -5 -4  7 -5 -7 -7 -5 -6 -6 -5 -3 -5 -6 -6 -6    0   0   0   0   0   0   1  97   0   0   0   0   0   0   0   0   0   0   0   0  2.33 0.76
   16 Y   -5 -5 -6 -7 -6 -5 -6 -6 -2 -4 -4 -6 -4  6 -6 -5 -5  1  9 -5    0   0   0   0   0   0   0   0   0   0   0   0   0  28   0   0   0   1  70   0  2.48 0.84
   17 G    2  0 -1 -1 -4  0  2  2 -3 -4 -3  1 -3 -4  3  1 -2 -4 -4 -3   20   5   2   2   0   3  13  18   0   0   2  10   0   0  15   8   1   0   0   1  0.38 0.25
   18 P    1 -2 -2 -2 -5 -1 -2 -3 -3 -5 -4  1 -2 -6  7  0 -2 -6 -5 -4   14   2   2   2   0   2   2   1   0   0   1  10   1   0  54   6   2   0   0   0  1.26 0.54
   19 I   -3 -5 -5 -5 -4 -5 -5 -4 -5  5  1 -4  0  2 -3 -4 -3 -4 -2  4    1   0   0   0   0   0   0   1   0  41   9   1   2  10   1   0   0   0   1  32  0.94 0.45
   20 D   -3  3  2  3 -5  4  0 -2  0 -4 -4  1 -2 -3  1 -2 -2 -5 -2 -3    1  16  12  17   0  23   4   2   2   1   0   9   1   1   7   1   2   0   1   1  0.54 0.34
   21 Y   -4 -5 -5 -6 -2 -5 -5 -6 -2 -1 -2 -5 -3  4 -4 -4  0  6  7  1    0   0   0   0   1   0   0   0   0   4   2   0   0  19   1   0   7  10  48   9  1.45 0.61
   22 K    2  1 -1 -2 -4  0  1 -1 -1 -4 -2  5 -2 -3 -3  0 -2 -4 -1 -1   18   5   2   1   0   2  10   4   1   0   3  38   1   1   0   7   1   0   2   3  0.44 0.32
   23 R   -4  8 -2 -5 -7  0 -3 -6 -3 -6 -6  1 -5 -6 -2 -4 -3 -6 -2 -6    1  83   1   0   0   3   0   0   0   0   0   7   0   0   2   0   1   0   2   0  1.99 0.79
   24 N   -2  2  5 -1 -4 -1 -2 -3  0  1 -2  1  0 -4 -3 -1  1 -5 -2  1    1  12  36   1   0   2   1   1   1  10   2   8   2   0   0   2   8   0   2  11  0.49 0.35
   25 L   -1 -3 -2 -4 -3 -3 -3 -2 -3  2  3  1  1  1  2 -2 -1 -3  0  0    3   0   1   0   0   0   0   4   0  15  35  10   3   6  12   2   3   0   3   4  0.33 0.25
   26 P    1 -4 -5 -5 -5 -4 -4 -1 -5 -2  0 -4 -4 -2  7 -2 -2 -6 -5 -3   13   1   0   0   0   0   0   4   0   2  10   0   0   2  62   2   3   0   0   2  1.51 0.63
   27 R    1  4  1 -2 -2 -1 -2 -2 -2 -2 -3  4 -2 -1 -2  0 -1 -4 -2 -1   12  24   8   1   1   1   0   1   0   3   2  30   0   2   1   6   3   0   1   4  0.46 0.33
   28 R   -2  5 -2 -3 -4  0 -2 -3 -2 -2 -2  3 -2 -5  0  0  2 -2 -4 -2    1  42   0   1   0   3   0   2   1   2   3  16   1   0   4   8  16   1   0   2  0.69 0.41
   29 G   -2 -3 -2 -4 -4 -4 -4  5  1  1  0 -3 -2  1 -2 -2 -3  0  1  0    1   1   1   0   0   0   0  53   3   9   8   1   1   7   2   1   0   1   5   6  0.70 0.38
   30 L   -3 -2 -5 -5 -4 -4 -4 -4 -4  1  2 -4  0  5  4 -3 -3  4 -1  0    1   2   0   0   0   0   0   1   0   9  21   0   2  28  23   2   1   5   0   4  0.76 0.39
   31 S   -1  3  1 -1 -4 -1 -2  1 -1 -4 -4  1 -4 -5  0  4  1 -5 -4 -3    1  19   7   2   0   1   0  10   1   0   0   7   0   0   4  40   7   0   0   1  0.56 0.39
   32 G    2 -3 -2 -4 -4 -4 -4  5 -4 -4 -5 -3 -4 -5  4 -1 -2  2 -2 -3   15   1   2   0   0   0   0  47   0   1   0   0   0   0  22   4   2   3   1   1  1.01 0.47
   33 Y    0  1 -2 -3 -3 -2 -1  0 -2  0  0  1  1  1 -2 -1 -1  4  4  0    8   8   1   0   0   0   3   9   0   6   9   9   6   5   2   5   2   6  17   6  0.17 0.17
   34 S    1 -1 -1 -3 -2 -1 -2 -2 -1  1  0 -1  0  0 -1  2  2  1  2  1   17   3   1   0   0   2   0   2   1   7   6   4   2   2   2  16  13   2   8  11  0.14 0.17
   35 M   -1 -2 -3 -4 -2 -1 -3 -2  0  3  2 -2  4  1 -3 -2  0  1  2  1    3   1   0   0   1   2   0   2   2  21  18   1  16   5   0   1   7   2   8   9  0.31 0.22
   36 F   -3 -4 -4 -4 -3 -4 -4 -3 -3  2  3 -2  1  5 -3 -2 -2  2  0  1    1   0   0   0   0   0   0   2   0  12  28   2   4  35   1   2   2   3   1   7  0.63 0.33
   37 A    3 -3 -3 -3  0 -3 -3  3 -3  0  1 -2 -1 -1 -2 -1 -1  0 -3  0   34   0   0   0   1   0   0  24   0   5  14   2   1   3   1   2   3   1   0   6  0.33 0.25
   38 V    1 -3 -2 -3 -1 -2 -3  3 -3  2  1 -2  0  0 -3 -1  0 -3 -1  1   13   0   0   0   1   1   0  29   0  14  13   0   1   5   0   3   7   0   2   9  0.24 0.18
   39 G    0 -3 -1 -2  0 -1 -2  2 -2  0  0 -2  2  3 -3 -1  0  0  2  1    5   0   2   2   3   2   0  20   0   5   6   0   9  14   0   4   5   1   8  12  0.16 0.15
   40 I    0 -3 -2 -3  0 -2 -3  0  1  2  1 -2  0  2 -3 -1  0 -2  0  1   11   0   0   0   2   0   0   9   4  18  18   0   0  12   0   3   8   0   3   9  0.14 0.13
   41 G    2 -2 -2 -2 -2 -2 -2  4 -3 -1 -1 -2 -1 -1 -1 -1  0 -3  0  0   23   2   0   2   0   0   0  37   0   2   7   0   1   3   3   2   5   0   3   8  0.36 0.21
   42 A    1 -3 -2 -3  2 -2 -2 -1 -3  2  1 -2  2  1 -3  0  2 -3 -2  2   15   0   0   0   4   0   0   3   0  14   9   0   6   7   0   8  14   0   0  16  0.18 0.15
   43 L   -1 -3 -1 -3  3 -1 -2 -1 -3  0  0 -2  4  2 -3  1  3 -3 -2 -1    4   0   3   0   8   2   0   4   0   3  10   0  17  10   0   9  25   0   0   3  0.28 0.23
   44 L    1 -2 -2 -3  1 -2 -2  0 -2  2  1 -2  0  0 -2  1  1 -3 -1  1   18   0   0   0   3   0   0   9   0  14  12   0   2   4   0  13  11   0   2  10  0.13 0.13
   45 F   -1 -3 -3 -4  0 -3 -3  0 -2  0 -1 -3  0  4 -1 -1 -1  3  5  1    5   0   0   0   3   0   0   7   0   6   4   0   3  17   3   3   3   4  29  10  0.49 0.27
   46 G    1 -3 -2 -3  1 -3 -3  5 -3 -4 -4 -3 -3 -3 -3  0  0  3  0 -1   11   0   0   0   4   0   0  57   0   0   1   0   0   0   0   6   5   4   4   5  0.85 0.37
   47 Y    0 -2  0 -2  2  0 -2  0  2  0  0 -2  2  1 -3  0  0  4  1  0    7   0   7   0   6   7   0   7   6   7   7   0   6   6   0   7   7   6   6   7  0.13 0.16
   48 W   -3 -1 -3 -7 -1 -6 -3 -5  0 -1 -3 -2 -2  2 -3 -3 -2  7  8 -2    3   3   2   0   2   0   2   1   2   3   3   3   1   8   2   2   2  13  46   3  1.52 0.83
   49 S   -2  2 -1 -2 -1  2 -1  0 -1 -1  1  2  1 -1 -4 -1 -1  0  0  0    3  13   2   2   2   8   4   9   1   4  13  15   4   2   0   4   3   1   4   6  0.15 0.18
   50 M   -1 -1 -2 -3 -5 -2 -3 -4  0  1  2 -2  2  1 -5 -2 -2  2  5  2    5   4   2   2   0   1   2   1   3   7  17   2   5   6   0   3   2   2  22  15  0.50 0.36
   51 M   -1  1 -1 -3 -1 -2 -4  2  1  1 -1 -1  1  3 -1 -1 -1  1  3 -1    5   7   2   1   1   2   0  17   3  10   4   4   3  13   3   3   3   2  12   3  0.26 0.24
   52 K   -1  1  0 -2 -5  3  0 -1  1 -1  1  2  0 -1 -4 -2 -1  1  1 -2    5   7   4   2   0  16   7   4   4   4  14  11   2   3   0   3   4   2   5   3  0.20 0.22
   53 W   -1 -1  2 -1 -1  0 -2  4 -1 -3 -3 -1  0 -2 -2 -1  0  5 -1 -2    5   3   9   3   1   5   3  32   2   2   2   4   2   2   2   4   6   8   2   4  0.47 0.35
   54 N   -2  1  5 -2 -1  0 -2 -3  0  1 -2  1  0  0 -5 -2 -1  3  1  0    4   7  27   2   2   3   3   2   2   8   4   8   3   4   0   2   3   4   5   7  0.40 0.32
   55 R   -2  5 -1 -2 -6  1 -2 -3  1 -1  0  4 -4 -5 -5 -2 -1  1 -1 -2    3  29   3   3   0   5   2   2   3   4   9  22   0   0   0   3   3   2   2   4  0.61 0.43
   56 E   -1  2 -2 -1 -6  1  5 -2  2 -2 -2  1 -1 -2 -5 -2 -3  1  1 -3    5   9   1   3   0   6  39   3   4   2   4   7   2   2   0   2   1   2   5   2  0.61 0.47
   57 R   -1  0  0  0  2  1  0 -3  2  0 -1  0  1  1 -3  0  0  3  1  0    6   6   5   6   5   5   6   0   5   6   6   6   5   5   0   6   6   5   5   6  0.09 0.13
   58 R   -1  0  0  0  2  0  0 -1  2  0 -1  0  1  0 -3  0  0  3  1  0    5   5   5   5   5   5   5   5   5   5   5   5   5   5   0   5   5   5   5   5  0.06 0.10
   59 R    0  0  0  0  2  0  0  0  1  0 -1  0  1  0 -2  0  0 -2  1  0    6   6   5   6   5   5   6   6   5   6   6   6   5   5   0   6   6   0   5   6  0.03 0.07
   60 L   -2  0  0  0 -1  1  1 -1  0  1  3 -2  2 -1 -1 -2 -2  2 -1 -1    1   4   4   5   1   6  10   5   2   6  31   2   6   2   3   1   2   3   2   2  0.19 0.21
   61 Q    1  2  0  0 -4  3  1 -1 -1 -2 -1  3  2 -1 -3 -1 -1 -1 -1 -3   13  10   5   4   0  12   8   4   1   2   5  19   6   3   0   2   2   1   2   1  0.26 0.25
   62 I    0  3 -2  0 -4  0  1 -4 -1  3  0  0  1  0 -4 -3 -2 -4 -3  1    8  19   1   7   0   4   8   0   1  19   8   5   3   5   0   0   2   0   0   8  0.26 0.24
   63 E   -2 -1 -4 -1 -6  0  7 -2  0 -6 -3 -3 -5 -6 -5 -4 -2 -6 -5 -3    4   3   0   3   0   3  73   4   2   0   3   0   0   0   0   0   2   0   0   2  1.64 0.84
   64 D   -1  1  1  2 -4  0  2 -4  1  0 -2  3  3 -2 -3 -1 -1  0 -1 -2    5   6   6  12   0   2  14   0   4   5   2  22   8   2   0   3   4   1   2   2  0.31 0.27
   65 F    0  0  0 -2 -3  1  0 -2  2  0  0  0  1  1  1  0  0 -2  1  0    6   6   6   0   0   6   6   0   6   6   6   6   6   6   6   6   6   0   6   6  0.07 0.11
   66 E    0 -1  0  2 -4  0  2 -1 -2 -2 -2 -1 -3 -3 -3  1 -1  7  0 -1    8   3   4  14   0   3  17   3   0   3   3   3   0   0   0  10   4  17   2   4  0.45 0.31
   67 A    3  1 -1 -3  1  0 -2  0  0  0 -1 -2  0 -3 -3  1  0 -4 -3  0   36   8   3   0   4   3   0   5   3   4   5   0   3   0   0  12   4   0   0   8  0.27 0.27
   68 R   -2  6  0 -1 -4  1  0 -1  1 -3 -2  1 -2 -2 -3 -2 -2  2 -2 -3    2  49   4   3   0   7   4   6   4   2   4   6   1   1   1   1   2   3   1   1  0.70 0.31
   69 I    0  0  1 -3 -3 -1 -3 -2 -1  4  1 -2  1  0 -3 -1 -1 -1 -1  0    7   5   7   1   0   2   1   2   1  34  15   1   4   4   1   5   2   1   2   4  0.27 0.18
   70 A    4 -2 -1 -3 -1 -2 -2 -1  4  0 -2 -1 -1 -2  1  1 -1 -3  0  1   42   1   2   1   1   0   1   2  12   4   1   2   1   1   6   8   3   0   3   9  0.38 0.22
   71 L   -2 -3 -3 -4  0 -3 -3 -4  1  4  3 -3  2  0 -3 -2 -1 -3 -1  2    1   1   1   1   2   0   1   1   4  27  38   1   4   2   1   3   2   0   2  10  0.49 0.21
   72 M   -1 -1 -2 -3 -2  0  0 -3  0  2  2 -2  3  1 -3 -1  0  1  1  1    5   3   0   1   0   3   6   1   3  15  23   1  10   5   1   2   7   2   4   7  0.16 0.11
   73 P    0 -4 -4 -4  0 -3 -3 -4 -4 -4 -4 -3 -4 -5  8 -3 -1 -5 -5 -4    7   1   0   1   2   0   1   1   0   1   1   1   0   0  79   1   3   0   0   1  2.17 0.55
   74 L   -2 -3 -4 -4 -3 -3 -4 -4 -3  2  4 -3  2  3 -4 -3 -1 -2  2  1    3   0   0   0   0   0   1   1   0  15  43   0   6  12   0   1   2   0   7   7  0.53 0.22
   75 L   -1 -3 -4 -4 -3  0 -3 -4 -1  2  4 -3  1  1 -4 -3 -2 -3  0  0    5   0   0   0   0   6   1   1   2  13  56   0   3   4   0   1   0   0   3   3  0.59 0.25
   76 Q   -1 -1 -2 -2 -2  5  0 -3  0 -1  0  0  1 -2  1 -2  1 -3 -2 -1    3   1   1   1   1  40   5   1   2   4  10   5   3   2   8   1   9   0   1   3  0.44 0.25
   77 A    6 -3 -3 -3  4 -3 -3 -2 -3 -3 -3 -3 -3 -4 -3  1 -2 -4 -3  0   69   1   1   1   8   0   1   1   0   1   1   1   0   0   1   8   1   0   0   7  0.94 0.37
   78 E   -3 -2  0  0 -4 -1  6 -3 -2 -4 -4 -2 -4 -4  1 -1 -3 -4 -4 -4    1   1   4   4   0   1  71   1   0   1   1   1   0   0   8   4   1   0   0   1  1.22 0.42
   79 K    0  1  2 -1 -2  2  2 -1  0 -1  0  1  1 -2 -2  0 -1  0 -1 -1    7  10  11   1   1   9  18   3   1   2  11   8   4   1   1   3   2   2   1   4  0.12 0.09
   80 D   -3 -3  1  7 -4 -1  0 -3  1 -4 -4 -2  0 -4 -3  1 -2 -4 -3 -4    1   1   5  63   0   3   4   1   3   1   1   1   2   1   1  10   1   0   0   1  1.12 0.36
   81 R    0  1 -1  1 -2  1  1 -2 -2  1  0  1  2 -2  2 -1 -1 -3 -2  0    9   9   0   9   0   9   9   1   0   9   9   9   9   0   9   1   0   0   0   9  0.11 0.10
   82 R    0  3  0  4  0  0  0 -2  1 -2 -2 -1  1 -2 -4  0 -1  1  0 -4    7  19   3  24   2   5   5   2   3   3   3   2   4   2   0   7   3   2   3   0  0.37 0.30
   83 V    0 -2 -2 -2  0  1 -1 -2  0  0  0 -1  1  3 -4 -2  0  5  4  0    9   2   2   2   2   8   4   3   2   5   9   3   4  11   0   2   5   8  14   6  0.27 0.23
   84 L    0 -4 -4 -5  1 -1 -2 -5  0  1  3 -4  1  0 -5 -2 -1 -4  3  2    7   0   0   0   3   3   3   0   3   5  35   0   3   4   0   3   3   0   9  17  0.48 0.34
   85 Q   -2  6 -2 -2 -1  1  0 -3  1 -3 -3  4 -2 -2 -4 -1 -3 -5 -4 -3    2  38   2   2   1   5   7   2   3   2   3  21   1   2   0   5   1   0   0   2  0.80 0.51
   86 M    0  5 -2 -2 -4  3  0 -3  1  0 -1 -1  2 -2 -4 -2 -1 -4 -1 -2    8  33   2   1   0  12   7   2   3   6   7   2   6   1   0   2   3   0   3   2  0.52 0.40
   87 L   -2  0 -1 -2  0  0  1 -3  3 -2  2  1  2 -1 -4 -2 -1  4  2 -1    3   5   3   1   2   4   9   1   6   1  23   8   6   2   0   3   4   7   8   3  0.27 0.25
   88 R    0  5 -2 -2 -5  2  0 -3  1 -2 -1  3 -2  0 -4 -1 -2  1  1 -3    7  28   1   2   0   9   4   1   3   2   6  17   1   4   0   4   1   2   4   2  0.48 0.37
   89 E    3  2 -2 -2  1  1  2 -3  1 -3 -3  2 -2 -3 -3 -1 -2 -4  0 -2   30   9   1   1   3   5  15   1   3   1   2  14   1   1   0   4   2   0   3   2  0.40 0.33
   90 N    1 -1  4  2 -4  1  0 -2 -1 -1 -1  0  0  0 -4 -1 -2 -1  2 -2   10   3  26  10   0   7   5   2   1   5   6   4   2   4   0   4   1   1   7   3  0.30 0.27
   91 L   -2  3 -3 -3 -2  2 -1 -4 -1 -1  3  1 -1 -1 -4 -3 -1 -4  1 -1    4  19   0   1   1   8   4   1   2   2  34   8   1   2   0   0   5   0   4   3  0.42 0.33
   92 E    3 -1 -1  3 -5  1  5 -3 -3 -5 -4  1 -2 -2 -4 -2 -2 -5 -3 -4   22   3   2  14   0   5  33   2   0   0   2   9   1   2   0   1   2   0   1   1  0.66 0.44
   93 E   -1  5  0 -1 -5  1  3 -4 -3 -2 -1  1 -1 -3 -4 -2 -3  3  1 -2    4  29   4   3   0   5  20   1   0   2   6   9   2   1   0   2   1   4   4   3  0.54 0.38
   94 E   -5 -2 -4 -1 -7  1  8 -6 -4 -6 -6 -4 -6 -6 -5 -4 -5 -6 -6 -3    0   2   0   2   0   6  82   0   0   0   1   0   0   0   0   0   0   0   0   3  2.13 0.99
   95 A    4  1  1 -1 -2 -1  2 -2 -3 -4 -4  4 -2 -5 -4 -1 -1 -5 -4 -4   37   7   6   3   1   2  11   2   0   1   1  24   1   0   0   2   2   0   0   0  0.64 0.41
   96 T   -1  0 -2  1 -5  0  5 -2 -3  1  0  1 -3 -4 -4 -2 -3 -5 -4 -1    5   4   1   7   0   2  42   3   0   9   9   9   0   1   0   1   1   0   0   4  0.58 0.38
   97 V   -3 -3 -2 -5 -4 -5 -5 -5 -5  5  3 -5  0 -3 -5 -4 -3 -5 -4  3    1   2   3   0   0   0   0   0   0  37  31   0   1   0   0   0   1   0   0  19  0.99 0.47
   98 M   -1 -1 -3 -1 -3 -2 -3 -4  0  1  2 -1  7 -2 -4 -1 -1 -3 -3  0    5   4   0   3   0   0   0   0   3   7  19   5  41   0   0   4   3   0   0   3  0.63 0.38
   99 K   -1  0 -2  0 -4  1  2  3 -2 -3 -3  3 -3 -4 -3  0 -1 -4 -3 -1    4   3   0   3   0   5  18  26   0   0   0  24   0   0   0   5   3   0   0   7  0.41 0.26
  100 D    0  0  2  3 -3  0  1  2  0 -3 -3  0 -3 -3 -2  2  0 -4 -3 -3    5   4  11  18   0   3   7  18   2   0   1   4   0   0   0  18   6   0   0   1  0.33 0.19
  101 V    0 -1 -1  0 -2  0 -1 -2  0  0  0  0  2  0 -2  0  0 -2  0  2    7   3   2   6   0   3   3   1   3   3   6   5   9   5   1   9   6   0   4  23  0.06 0.09
  102 P   -1  0  1 -1 -3  0  0 -1 -1 -2 -2  1 -2 -3  5  0  0 -3 -3 -1    3   6   7   3   0   3   6   4   2   1   4   8   0   1  34   8   4   0   1   5  0.51 0.21
  103 G    0  0  1  1 -3  0  0  4 -2 -3 -3  0 -2 -1 -2  0 -1  0 -1 -2    9   6   5   9   0   5   7  34   0   1   2   4   0   4   1   4   4   2   2   1  0.29 0.15
  104 W   -1 -3 -3 -1 -3 -2  1 -1 -3 -3  0 -3 -2  0 -3 -1 -3 10  1 -3    7   1   1   3   0   1   9   4   0   1   9   1   0   4   1   5   1  46   4   1  1.34 0.40
  105 K   -1  1  1  1 -3  1  1  0 -1 -2 -2  1 -1  1 -2  1  1 -2 -1  0    1   9   9   9   0   9   9   9   0   0   1   9   0   9   0   9   9   0   0   9  0.12 0.10
  106 V    0 -1  1 -2 -2  1  0 -2  2  0  0  0  1  1  1  0  0 -2 -1  0    7   0   7   0   0   7   7   0   6   7   7   7   6   6   7   7   7   0   0   7  0.03 0.12
  107 G   -1  0  1  2  1 -1  2  3  1 -4 -4  0 -3 -3  0  0 -1 -3  0 -3    4   5   5  11   4   0  17  26   5   0   0   5   0   0   5   4   4   0   4   0  0.32 0.23
  108 E    0  0  0  1 -3  1  3 -1  1 -1 -2  1  0 -1 -2  0  1 -3  1 -1    5   3   4   7   0   5  25   4   3   5   2   9   2   2   0   7   8   0   5   4  0.18 0.18
  109 S   -1  1  1 -1 -4 -1  0 -2  1 -4 -3  3 -3 -1  2  3  0 -4 -3 -2    3   6   5   3   0   2   5   2   3   0   2  22   0   4  10  26   4   0   0   2  0.36 0.32
  110 V    0 -2 -3 -4 -3 -1 -4 -3 -4  2  0 -3  1  1  0 -2 -1  1  0  4    8   2   1   0   0   3   0   2   0  12   7   0   2   7   6   1   2   2   4  41  0.42 0.33
  111 F   -4 -5 -5 -5  1 -4 -5 -5 -2 -2 -4 -5 -4  4 -5 -1 -4  2  8 -2    0   0   0   0   3   0   0   0   0   3   1   0   0  17   0   5   0   2  64   2  1.84 0.74
  112 H   -3 -2  5  0 -5 -2 -2 -3  7 -2 -4  0 -4  0 -4  0 -1 -1  2 -4    1   2  32   4   0   1   1   1  30   3   1   7   0   3   0   5   2   1   6   0  0.93 0.49
  113 T   -2 -1  2  1 -4 -1 -1 -1 -3 -4 -3  1 -3 -4 -1  3  5 -5 -4 -3    1   3   8   7   0   1   3   3   0   0   3   8   0   0   2  23  36   0   0   0  0.57 0.41
  114 T   -2 -1  1  5 -4 -1  0  0  2 -4 -4  1 -2 -4  1  0  1 -5 -4 -3    2   2   7  35   0   2   4   6   5   0   0  10   1   0   6   5  11   0   0   2  0.51 0.31
  115 R   -2  6 -2 -2 -5  1  0 -4 -1 -3 -4  3 -3 -1 -4 -2 -1 -5 -2 -1    2  55   1   2   0   5   5   0   1   2   0  14   0   3   0   1   4   0   1   4  0.98 0.51
  116 W   -4 -3 -5 -2 -2 -4 -5 -4  1 -2 -1 -5 -3  5 -6 -2 -4  9  5 -3    0   1   0   3   1   0   0   1   4   2   5   0   0  27   0   3   0  31  20   1  1.56 0.63
  117 V   -2  1 -3 -4 -1 -1 -2 -2  2  2  0 -2  2 -1 -3 -2 -1  0 -1  4    2   9   1   0   1   3   2   3   7  11   5   1   7   2   1   2   3   1   1  38  0.38 0.30
  118 T   -1  3 -1  1 -5 -1  1 -2 -3 -3 -3 -1 -1 -3  5  0  1  2 -2 -3    4  16   2   8   0   1   9   3   0   1   1   3   1   1  30   5   9   3   1   2  0.55 0.35
  119 P   -3 -3 -6 -6 -7 -1 -4 -6 -1 -4 -7 -5 -6 -8  8 -3 -5 -8 -7 -4    1   1   0   0   0   3   1   0   2   1   0   0   0   0  88   1   0   0   0   1  2.73 1.00
  120 M    0 -1 -1 -1 -3  0 -2 -3  2  0  1 -1  2 -3 -1  1  4 -4 -2 -1    8   4   3   4   0   4   1   1   5   7  12   2   5   0   2   8  31   0   1   3  0.25 0.25
  121 M   -2 -3 -2 -3 -1 -2 -3 -3 -1  1  0 -2  2  4  0 -1  2  1  3  0    3   1   1   1   1   1   1   2   1  10   9   2   7  23   5   3  13   1  10   4  0.35 0.26
  122 G    1 -1  0  1 -3  0  1  1  2 -1 -2 -1 -1 -1 -2  0 -1  0  0  0   16   2   4   9   0   3  12  14   5   3   3   3   1   3   1   7   3   1   4   6  0.11 0.12
  123 E    0 -2 -2  0 -5  0  6 -3  0 -5 -5 -2 -4 -3 -2 -2 -2 -5 -4 -2    9   2   2   5   0   4  64   2   2   0   0   1   0   2   2   2   2   0   0   2  1.15 0.57
  124 L   -3 -3 -3 -5  0 -2 -3 -5  1  1  4 -4  0  2 -2 -4 -1 -2  4  0    1   1   1   0   2   2   1   0   4   7  38   0   1   9   2   0   4   0  18   7  0.55 0.32
  125 Y   -3 -3 -3 -5 -5 -3 -5 -4 -1 -2  0 -4  1  4  1 -4 -4  2  8 -3    1   1   1   0   0   1   0   2   1   2   7   1   3  19   8   0   0   3  49   1  1.33 0.57
  126 G    3 -2  1 -3 -1 -2 -2  3 -2 -2 -3 -2  0  0 -2 -1  0 -4  0  0   32   1   9   0   1   1   2  24   1   2   0   1   2   4   1   2   5   0   4   7  0.39 0.28
  127 L   -3 -4 -2 -2 -5 -3 -2 -5  8 -3  2 -4  2  1 -3 -4 -1 -4  2 -1    2   0   1   2   0   0   2   0  40   0  25   0   4   6   1   0   4   0   7   4  1.04 0.49
  128 R    1  4 -1 -2 -1 -1  0 -2  3 -1 -1 -1  0 -4 -3  1  1 -4 -3 -1   14  26   1   1   1   1   5   2   8   4   5   1   2   0   0  14  11   0   0   4  0.32 0.26
  129 A   -1 -1  0  3 -4 -2  0 -2 -1 -4 -4 -1  0 -4  5  2  1 -5 -4 -4    3   3   3  15   0   1   7   2   1   0   1   3   3   1  32  13  10   0   0   1  0.69 0.36
  130 S   -1  1  0 -1 -4  0 -2 -2  0 -1 -2  1  1 -3  4  1 -1  0  2 -2    3   7   5   4   0   3   1   2   2   4   3  11   5   0  24  12   3   1  10   1  0.37 0.24
  131 E   -2  0  0  1 -5  0  4 -3  0 -3 -4  3 -2 -4 -1  1 -1 -1  0 -3    2   3   4   5   0   3  33   1   2   1   1  22   1   0   2  10   3   1   4   2  0.50 0.30
  132 E   -1  0  0  3 -5  0  5 -4  1 -3 -3  2 -3 -3 -3 -1 -2 -5 -1 -2    3   4   4  20   0   3  38   0   3   2   1  11   0   1   0   4   1   0   2   3  0.61 0.32
  133 V   -2 -1 -3  0 -3  0  0 -4 -1  1  2 -1  3  1 -4 -1 -1  3  4  0    3   4   0   6   0   5   6   0   1   8  18   3   9   5   0   3   3   5  16   5  0.25 0.19
  134 L    0  0  0  0  0 -1 -1 -1  1  0  1 -1  0  1 -1 -1 -2  0  1  0    6   5   4   8   3   2   3   5   5   4  22   4   3   8   3   2   0   1   5   7  0.03 0.08
  135 S   -1  0  4  2 -4  1  1  0  2 -2 -3  1 -1  0 -3  0 -1  0  0 -2    3   5  22  11   0   6   8   5   5   3   1  10   2   4   0   6   3   1   3   2  0.27 0.19
  136 A    2  4 -1 -2 -4  0  1 -3  0 -2 -2  2  1 -1  0 -1 -1  1 -1 -2   18  27   2   1   0   3   7   1   3   1   3  11   4   3   6   2   2   2   2   2  0.33 0.24
  137 T    1  0  2 -1 -2 -2 -1 -3  1 -1 -1  1  0  1 -2  0  1 -3  0  0   17   6  10   2   1   0   1   0   5   3   7  11   2   6   1   6  11   0   3   9  0.11 0.14
  138 Y   -3 -2 -3 -2 -5 -3  0 -5  4 -4 -2 -4 -1  6 -5 -3  0  3  6 -4    1   2   1   2   0   0   7   0   9   0   2   0   1  34   0   1   6   3  29   0  1.15 0.49
  139 G   -1  2  1  0  0 -1 -1  4 -3 -1 -2 -2 -2 -4 -4  1 -3  5 -3 -3    4  15   6   6   2   1   3  30   0   5   4   0   1   0   0  12   0   9   0   1  0.47 0.28
  140 F   -3 -2 -5 -5 -2 -4 -3 -6  5 -2 -1 -1 -1  7 -6 -3 -4 -2  5 -3    1   2   0   0   1   0   2   0  15   2   5   5   1  45   0   2   0   0  18   1  1.24 0.50
  141 I   -2 -2  1 -3 -3  2 -3 -4 -1  0  3 -2  4  0 -4  0  1  3 -2 -1    0   1   9   0   0  10   0   0   2   5  33   1  12   3   0   7  10   5   0   3  0.37 0.27
  142 W   -6 -3 -4 -7 -3 -5 -6 -5 -5 -2 -3 -4  2  2 -7 -4 -2 12  1 -5    0   2   1   0   1   0   0   1   0   2   2   1   6   7   0   1   3  70   4   0  2.91 0.77
  143 Y   -4 -4 -4 -5 -5 -3 -4 -5  4 -4 -3 -4 -3  3 -5 -1 -4  4  8 -4    0   0   0   0   0   0   0   0   9   0   0   0   0   9   0   5   0   5  72   0  1.75 0.39
  144 T    0 -2 -1 -2 -2 -1 -1 -2 -2 -1 -2 -1 -1 -3 -2  2  6 -3 -2 -1    0   0   0   0   0   0   0   0   0   0   0   0   0   0   0  10  90   0   0   0  0.75 0.12

                      K         Lambda
Standard Ungapped    0.1373     0.3219
Standard Gapped      0.0490     0.2670
PSI Ungapped         0.1594     0.3124
PSI Gapped           0.0490     0.2670
