
Last position-specific scoring matrix computed, weighted observed percentages rounded down, information per position, and relative weight of gapless real matches to pseudocounts
           A  R  N  D  C  Q  E  G  H  I  L  K  M  F  P  S  T  W  Y  V   A   R   N   D   C   Q   E   G   H   I   L   K   M   F   P   S   T   W   Y   V
    1 M   -3 -3 -4 -5 -3 -2 -4 -5 -3  0  1 -3  9 -2 -4 -3 -2 -3 -3 -1    0   0   0   0   0   0   0   0   0   0   7   0  93   0   0   0   0   0   0   0  1.72 0.39
    2 L   -4 -4 -5 -2 -4 -4 -3 -6 -5 -1  4 -4  9 -3 -5 -4 -4 -4 -4 -1    0   0   0   3   0   0   2   0   0   0  33   0  62   0   0   0   0   0   0   1  1.71 0.57
    3 C   -2 -3 -1  5  1  0  3 -3  0 -3  0 -2 -2 -4 -3  1 -1 -5 -4 -3    0   0   1  34   4   3  25   0   2   0  13   0   1   0   0  13   3   0   0   0  0.60 0.29
    4 E    1 -2 -1  1 -5  3  6 -4 -2 -4 -5  0 -4 -5 -3  0 -2 -5 -4 -1   11   0   2   5   0  14  53   0   0   0   0   4   0   0   0   6   1   0   0   4  0.87 0.40
    5 I   -2  3  2 -1 -4 -1 -1 -2 -2  1 -1  4 -2 -2  1  0 -2  0 -1 -1    0  14   9   2   0   1   3   2   0  11   7  31   0   1   6   5   0   1   2   3  0.30 0.23
    6 E    2 -2 -1  1 -3  1  3 -3  4 -1 -2  0 -3 -4 -3  1 -1 -4 -1 -1   22   0   2   9   0   5  21   0  13   4   3   5   0   0   0  10   1   0   1   4  0.34 0.24
    7 C   -2  6  2 -3  4  2 -1 -4  0 -4 -2  1  0 -5 -4 -1 -1 -5 -2 -4    1  46   9   0   9   9   3   0   2   0   4   6   3   0   0   3   3   0   1   0  0.80 0.40
    8 R    0  3  3  0 -4  0 -1 -1  2 -4 -3  2 -2 -4 -3  2 -1 -4  0 -3    6  17  19   4   0   3   2   3   6   0   2  13   1   0   0  17   2   0   4   1  0.38 0.25
    9 A    1 -1 -1 -2  5 -3 -2 -4 -2  3  0 -2 -1 -3 -4 -1 -1 -4  0  3   15   4   4   1  14   0   2   0   1  20   5   2   1   0   0   3   2   0   5  22  0.39 0.26
   10 L   -5 -6 -7 -7 -5 -6 -6 -7 -6  2  6 -6 -1 -3 -6 -6 -5 -5 -4 -2    0   0   0   0   0   0   0   0   0  11  89   0   0   0   0   0   0   0   0   0  1.80 0.69
   11 S   -2  2  1 -1 -3  0  0 -4 -3  1  3  1 -1 -2 -4  0  0 -1 -3 -2    2  11   8   2   0   4   8   0   0   7  34   9   0   1   0   7   5   1   0   0  0.24 0.22
   12 T   -1  3  1  1 -2  3  1 -3  0  0 -1  2  0 -4 -3  0 -1 -4 -2 -1    3  18   6  10   1  16   6   0   2   6   4  11   3   0   0   7   2   0   1   5  0.27 0.21
   13 A    2 -1  3 -3  2 -1 -1 -3  5 -3  1 -2  1  1 -4 -1 -2 -4  0 -1   18   2  17   0   4   2   3   0  17   0  17   1   3   5   0   3   0   0   3   4  0.35 0.28
   14 H   -4  6 -3 -4 -4  2  1 -2  3 -5 -3  1  1  0 -4 -2 -1  3  1 -4    0  43   0   0   0   8   9   3   7   0   1   7   5   4   0   1   4   4   5   0  0.78 0.42
   15 T   -1 -1  0  2 -5  2  4 -2  2 -4 -3  1 -2 -4  2 -1  0 -4 -1 -2    3   3   3  11   0  11  26   3   4   0   1   9   1   0  11   2   7   0   3   2  0.42 0.28
   16 R    3  1  1  0 -3  0  0 -3 -3 -2 -2  3  1 -1 -3  1  1 -4 -3 -2   26   6   6   5   0   4   6   0   0   3   2  18   4   3   0   7  10   0   0   1  0.28 0.25
   17 L   -3 -5 -6 -6 -4  1 -5 -6 -5  5  4 -3  0  1 -5 -5 -4 -5 -4 -1    2   0   0   0   0   7   0   0   0  36  46   1   2   5   0   0   0   0   0   2  1.03 0.50
   18 I   -3 -4 -1 -3 -4 -2  3 -5 -4  4  1 -2  1 -3 -4 -1 -3 -5 -2  3    1   0   3   0   0   1  27   0   0  23  14   2   4   0   0   4   0   0   1  21  0.55 0.37
   19 H    0  2  0  2 -5  4  2 -4  1 -4 -2  2 -1 -5 -3 -1  1 -5 -4 -4    7  12   4   9   0  20  16   0   4   0   3  13   1   0   0   3   9   0   0   0  0.46 0.32
   20 D   -5 -3  0  8 -7 -4 -1 -5 -5 -5 -7 -4 -6 -7 -5  1 -3 -7 -6 -6    0   1   3  83   0   0   2   0   0   1   0   0   0   0   0   8   1   0   0   0  2.15 0.84
   21 F   -4 -1 -5 -5 -4 -4 -3 -5 -2  4  4 -4  2  3 -1 -4 -2 -4 -2  1    0   4   0   0   0   0   2   0   1  25  36   0   5  14   4   0   2   0   0   5  0.67 0.38
   22 E   -2  1  1  4 -5  0  3 -2 -3 -4 -3  3 -3 -4  0 -2  0 -5 -2 -4    2   6   5  30   0   3  17   2   0   1   3  17   1   0   5   0   6   0   2   0  0.56 0.35
   23 P    0 -4 -4 -4  0 -3 -3 -2 -4  2 -1 -2 -1  0  4 -2  2 -4 -2  3    8   0   0   0   2   0   0   2   0  10   5   3   1   4  19   1  15   0   1  28  0.48 0.32
   24 R   -1  3  0  2 -2  2  1 -2  0 -4 -3  3 -2 -3 -2  2 -1 -4  0 -3    5  17   2  10   1   8   7   1   2   0   1  19   1   1   1  14   4   0   3   1  0.35 0.27
   25 D   -4 -1  3  5 -3 -2  0 -2 -1 -5 -5 -1 -3 -1 -5 -3 -4 -4  5 -5    1   4  15  38   1   1   7   2   1   0   0   4   1   2   0   0   0   0  24   0  1.04 0.55
   26 A    0 -4 -5 -5 -1 -2 -4 -2 -5  5  2 -3  0 -1 -5 -2 -3  4 -3  3   10   0   0   0   1   2   0   3   0  38  15   1   2   2   0   2   0   5   0  17  0.65 0.38
   27 L   -3 -3 -5 -5 -4 -4 -2 -4 -5  4  4 -3  5 -1 -5 -3 -2 -1 -3  2    0   1   0   0   0   0   3   2   0  22  34   1  18   1   0   1   2   1   0  12  0.80 0.43
   28 T   -1 -3 -1  5 -1  1  1 -4 -3  0 -4 -1 -4 -3  1  0  0 -1 -1 -3    4   1   2  42   1   5   7   0   0   6   1   3   0   1   8   8   6   1   2   1  0.63 0.38
   29 Y   -1 -1 -2  0 -3  0  2 -3  6 -1 -2 -1 -3  1  0  0 -1  0  3 -2    5   2   0   5   0   4  13   1  22   4   3   3   0   7   5   6   4   1  11   2  0.39 0.29
   30 L   -3 -5 -6 -6 -4 -4 -3 -6 -5 -1  5 -3  6  1 -6 -5 -4 -5 -4 -1    2   0   0   0   0   0   2   0   0   2  59   2  23   5   0   0   0   0   0   4  1.29 0.62
   31 E    0  1 -2 -1  0  2  1 -3 -3  3 -1  1 -1  0 -3 -2 -1 -3  0  0    6  10   1   2   2  12  10   1   0  26   4   7   1   4   0   1   3   0   4   6  0.23 0.23
   32 G    2  0  0  1  0 -1  1  0 -3 -2 -4  0 -3 -4 -3  4  1 -5 -4 -3   14   5   4   9   2   2   8   8   0   2   1   4   0   0   0  35   7   0   0   0  0.42 0.34
   33 K    0  0  1  4 -1  1  3 -2  1 -4 -3  2 -4 -5 -3 -1 -3 -5 -2 -3    8   5   7  24   2   7  18   3   3   0   2  15   0   0   0   3   0   0   1   2  0.47 0.32
   34 N    0  0  2 -1 -2  1  0  3 -1  0 -1  0 -1  0 -3 -1 -1 -3  1 -1    5   4  10   3   1   6   8  23   1   6   7   6   2   4   0   3   2   0   7   2  0.15 0.16
   35 I    0 -5 -5 -2 -4 -4 -5 -4 -1  5  0 -3 -2 -2 -5 -3 -1  1  1  4    7   0   0   3   0   0   0   1   2  33   7   2   0   0   0   2   3   2   5  33  0.72 0.43
   36 F   -3 -2 -5 -2 -4 -5 -3 -6 -5  4  4 -5  0  4 -5 -3 -4 -4  0 -1    1   2   0   3   0   0   2   0   0  22  45   0   1  17   0   2   0   0   2   2  0.85 0.46
   37 T    0 -2  0  2 -4 -3 -2 -4 -2 -1 -2  0 -3 -1 -4  2  5 -5 -4 -2    8   2   4  12   0   0   1   0   1   3   3   7   0   2   0  17  38   0   0   2  0.57 0.43
   38 E   -2 -1  1  3 -4  0  3 -1  0 -1 -1  0 -2 -3 -1 -1 -2 -5 -2  0    1   3   8  19   0   4  26   4   2   4   6   5   0   1   2   3   2   0   1   8  0.33 0.27
   39 D   -1 -2  0  6 -5  0  3 -3 -1 -3 -3  0 -3 -4 -4  0 -2 -6 -1 -3    5   2   4  44   0   4  16   1   1   2   3   4   0   1   0   8   1   0   2   2  0.78 0.48
   40 H   -1 -3  0  3 -5  2  5 -5  2 -1  0 -2 -4 -2 -4 -2 -2 -6 -4 -2    6   0   3  18   0   7  37   0   5   4  11   1   0   2   0   2   2   0   0   3  0.63 0.45
   41 S   -1  0 -1 -2  0 -1  3 -3 -3  2  1 -1 -1  0 -4  0 -1 -4  1  2    3   5   3   1   2   2  21   1   0  10  13   2   1   4   0   6   3   0   5  17  0.19 0.23
   42 E   -2 -2  1  4 -6  1  5 -3 -4 -3 -4  2 -5 -6 -5 -3 -3 -6 -4 -3    2   1   5  25   0   7  39   1   0   1   1  13   0   0   0   1   1   0   1   1  0.98 0.58
   43 L   -2  2  1  1 -1  0  2 -4  1  0 -1  3 -2 -2 -3 -1  0 -4  0  1    2  11   6   7   1   3  15   0   3   4   6  18   0   1   0   4   4   0   4  10  0.22 0.22
   44 I   -5 -6 -7 -7 -5 -6 -5 -7 -7  7  0 -6  0  0 -4 -3 -4  0 -2  4    0   0   0   0   0   0   1   0   0  56   8   0   2   4   1   2   0   1   1  24  1.41 0.68
   45 S    0  3  1  0 -4 -2  1 -3 -2 -2  0  3  0  0 -4 -1  0 -4  1 -1    6  15   6   4   0   0  10   1   0   1  10  20   2   4   0   4   5   0   6   5  0.23 0.25
   46 K    1  0  2 -1 -2  0  0 -1  1  0 -2  1 -1 -1 -3  2  1 -4  0 -1   12   5  12   2   1   4   6   3   3   5   3   8   1   2   0  19   7   0   3   5  0.15 0.19
   47 M   -2 -2 -3 -2  0  3  3  1  2 -3  0  2  4  0 -4 -2 -3  0 -1 -3    2   1   0   2   2  14  18   9   5   1   9  16  11   3   0   2   1   1   2   1  0.37 0.35
   48 S    2  0  0 -2 -1 -3 -2  0 -1  1 -1  0 -2 -2  3 -1  1 -4 -2  0   19   5   5   2   1   0   2   6   1   9   5   4   0   1  17   4  11   0   1   8  0.23 0.23
   49 T   -1  0  2  0 -4 -2  0 -1 -1 -1 -1 -2 -1 -1 -4  1  5 -5 -1 -2    4   5   9   4   0   1   6   3   2   3   5   2   1   3   0  11  36   0   3   2  0.40 0.37
   50 R   -2  5  0 -1 -6  3  0 -5 -2 -2 -3  3 -4 -5 -1 -1 -1  0 -4 -3    4  38   5   4   0  11   5   0   1   3   2  14   0   0   3   4   4   1   0   1  0.71 0.47
   51 L   -1  2 -1 -3 -1  2  1 -3  1  0  0  2 -1 -3 -1 -1 -1 -1  0 -1    5  15   2   0   2  10  10   1   4   8   8  15   1   0   3   3   3   1   4   4  0.19 0.21
   52 E   -1  1  1  3 -5  2  4 -1 -2 -5 -2  0 -4 -2 -4  0 -2 -5 -4 -4    6   8   6  15   0  11  30   4   1   0   5   5   0   2   0   7   2   0   0   0  0.51 0.38
   53 R   -3  6 -2 -1 -6  4 -2 -3 -4 -6 -3  3  0 -6 -5 -3 -2 -6 -1 -5    1  42   1   3   0  20   1   2   0   0   3  19   3   0   0   1   2   0   2   0  1.12 0.65
   54 I    3 -2 -1 -4  0 -2  0 -2 -4  2  0 -2 -1 -1 -4 -1 -1  0 -1  2   32   2   3   0   2   1   5   2   0  11   9   1   1   2   0   4   3   2   2  17  0.31 0.30
   55 A    2  3 -1 -1 -2  0  1 -1 -3 -1 -1  1 -1 -2 -2  0 -1 -4 -2  0   24  18   2   3   1   3   9   4   0   3   7   7   1   2   1   5   2   0   1   6  0.20 0.22
   56 N    1  0  0 -2 -3  0  2 -1  1 -1  0  1  2 -1 -3 -1  1 -3  0 -2   13   5   6   0   0   3  19   4   4   4   8  11   6   2   0   1   9   0   3   1  0.16 0.21
   57 F   -2 -4 -2 -5 -1 -2 -2 -2 -4  0  4 -4  0  4 -5 -2 -3  2  0 -1    3   0   3   0   1   2   3   3   0   5  46   0   2  20   0   3   0   3   3   3  0.65 0.42
   58 L   -2 -4 -5 -3 -4 -3 -4 -3 -4  3  4 -2  2  1 -5 -2 -1  2 -1  1    3   0   0   2   0   1   0   2   0  19  43   3   4   5   0   3   3   3   2   7  0.61 0.39
   59 R   -1  2  2  3 -4  0  3 -2 -1 -2 -3  2 -1 -4 -3  1  0 -5 -4 -4    3  13   8  19   0   4  17   3   1   2   2  11   1   0   0  10   5   0   0   0  0.42 0.32
   60 I   -1 -1 -2 -1 -1  1 -2 -1  1  3  1 -1  2 -1 -3  0  0 -4 -3  0    4   2   1   3   1   7   2   4   4  24  16   4   6   2   0   6   7   0   0   4  0.19 0.21
   61 Y   -2 -1 -2 -4 -4 -1 -2 -3  0  3  4 -1  0  0 -4 -4 -2 -3  2  1    3   3   2   0   0   3   3   2   2  17  38   3   2   3   0   0   2   0   8   9  0.44 0.32
   62 R   -2  4 -1 -4 -1  0  0 -3 -3 -1  2  1 -2  0  3 -1  0 -4 -4 -1    2  21   3   0   1   4   5   2   0   4  20   9   0   3  14   4   5   0   0   3  0.34 0.31
   63 R   -2  4  1 -1 -1  1  0 -1 -1 -2 -2  3 -2 -3 -2  0  0 -1 -4 -3    2  26   7   3   1   5   4   6   2   2   4  19   1   1   2   6   7   1   0   2  0.39 0.32
   64 Q   -1  3 -1 -2  3  1 -1 -2 -3 -2 -2  4 -1 -1 -1  0 -1 -4  0  0    3  14   3   2   6   5   3   4   0   2   3  29   2   3   2   6   3   0   4   6  0.34 0.30
   65 A    2 -3  0  3  0  0 -1  3 -3 -2 -3  0 -3 -2 -1  0  0  1 -4  0   17   0   3  16   2   3   3  21   0   2   2   5   0   2   3   7   4   2   0   6  0.28 0.25
   66 S   -1  0  4  1  2  0 -1 -1  1 -1 -2  0 -3 -1  1  0  0 -4  0 -2    6   4  22   6   5   4   4   4   4   4   3   5   0   3   8   8   4   0   4   3  0.20 0.21
   67 E    0  1  2  1  1  0  1 -1  2  0 -1  0 -2 -3  0  0  0 -3  0 -2    7   7  13   9   4   4   7   4   6   7   6   5   0   0   3   7   6   0   4   0  0.12 0.15
   68 L    2 -3 -3 -2  3 -2 -2 -1 -1  0  1 -2  0  2 -1  1 -2 -3  0  0   22   1   1   3   7   1   2   4   1   6  16   2   2   8   3   9   1   0   4   6  0.19 0.18
   69 G   -1 -1  2  0  0 -2  1  0  1 -1 -2  0 -1  3 -1  0 -1 -2  1 -2    5   3  12   6   2   1  10   8   3   5   3   5   2  15   4   8   2   0   4   2  0.14 0.15
   70 P    0 -1  1  1  0  1  0 -2 -1 -2 -1 -1 -2 -2  3  2  0 -3 -1 -1    9   3   6   9   2   6   7   3   1   2   8   3   0   1  12  15   5   0   3   4  0.15 0.16
   71 L   -1 -3 -4 -3  1 -1 -3 -3 -1  0  2  0 -2  4 -2 -1 -2 -3  3  0    5   1   0   2   3   3   2   2   2   6  20   6   0  20   2   4   3   0  12   7  0.37 0.27
   72 I   -2 -2 -5 -5 -1 -4 -5 -5 -4  5  0  0 -1  4 -3 -3 -2  1  1  2    3   3   0   0   2   0   1   1   0  32   7   6   1  16   2   2   2   2   4  16  0.67 0.40
   73 D   -1 -1  0  2 -1  1  1 -2  1 -4 -2  1 -2  0 -4  3 -1  0  1 -3    3   3   4  14   1   7   9   2   4   0   3   7   1   5   0  24   4   2   5   2  0.31 0.30
   74 F    0 -1 -2  0  1  1  1 -3  0  0 -1  0 -1  4 -2  0 -1 -3  2 -1    8   3   2   5   3   6   8   2   3   7   4   5   1  21   2   8   3   0   7   4  0.22 0.21
   75 F    0 -5 -5 -2  0 -3 -3 -2  2 -1  2 -5 -3  5 -5 -1 -3  2  5 -1    7   0   0   2   2   1   2   3   4   4  18   1   0  26   0   4   2   2  16   3  0.69 0.42
   76 N   -2  2  3 -1 -1  0  2 -3 -1 -1  1  1  0 -2 -2 -2  0 -4 -1  0    3  11  15   3   1   3  13   2   1   2  16  10   2   2   2   2   5   0   2   6  0.20 0.22
   77 Y   -2  1  0 -1 -1  0  1 -3  3  0 -1  2 -1  1 -2  0  0 -3  2 -1    3   7   3   3   2   3  11   1   9   5   4  16   2   6   2   6   5   0   8   3  0.20 0.21
   78 N    0 -1  1  1 -1  1  3 -2  1 -1 -2  1 -1 -2 -1  0  0 -4  1  0    8   2   6   7   1   5  21   3   3   3   3   9   2   1   3   6   7   0   5   6  0.17 0.19
   79 N    1 -3  0 -2  0  0 -2  2  3  0 -1 -1  1 -1  0  1  0  1  0 -1   11   0   5   2   2   4   2  15   9   6   7   3   5   3   4   9   4   2   3   4  0.12 0.15
   80 Q   -1 -1 -1 -1 -4  4  1 -2  2 -2  0  0 -1  1 -2 -1 -2 -3  5 -2    6   3   3   3   0  18   8   3   4   2   9   6   1   5   2   3   2   0  19   2  0.37 0.34
   81 S   -1  1  0  0  0  1  2 -1  1  0 -1  2  0 -1  0  1 -1  2 -1 -1    4   8   3   5   2   5  13   3   4   6   5  12   2   2   4  11   3   3   1   4  0.10 0.13
   82 H   -2  0 -1  2 -5  0 -1 -2  7 -4 -1  0  1 -1 -1 -1 -2  5  0 -1    4   4   2  11   0   4   3   3  24   0   5   7   3   3   4   5   2   8   3   4  0.55 0.39
   83 L   -2  0  0 -4 -4  0 -2 -3  1  1  3  0  3  2 -4 -2 -2 -3  1  0    3   5   4   0   0   4   3   2   4   7  29   5   7  10   0   3   2   0   4   5  0.29 0.25
   84 A    3  0 -1 -1  0  1 -1 -2  0  0 -2  2 -3 -1 -4  1 -3  0  1 -1   30   4   2   3   2   5   4   3   2   5   3  13   0   2   0  11   0   2   5   4  0.29 0.30
   85 D   -1  0  2  2  0  1  1  0  1 -1 -1  1 -2 -1 -1 -1 -1  3 -1 -1    6   6  12  11   2   5   8   6   4   4   8   9   0   2   2   3   3   5   2   4  0.12 0.15
   86 F   -1 -1  0 -1  1 -1 -1 -1 -2  2  2  0  1  1 -3 -1  0  2  0  0    4   4   4   4   4   3   5   4   0  14  21   7   3   5   0   5   4   3   3   4  0.07 0.12
   87 L   -1  0 -3 -4 -3 -1 -1 -2  0  2  2  0  2  1 -1 -1 -1  3  0  0    3   4   0   0   0   3   3   3   3  12  26   6   7   4   3   4   4   4   3   6  0.19 0.20
   88 E   -2  1 -1  1  1  2  3 -2  4 -2 -2  0  0 -1  0  0 -2  2  0 -2    3   6   3   7   3   9  15   3   9   3   4   7   3   3   6   6   3   2   3   3  0.25 0.22
   89 D   -1  1  1  1  1  0  1 -1  1 -1 -3  2  0  0 -1  2 -1 -6 -5 -2    4   8   6   7   3   4  10   4   4   4   3  12   3   4   3  14   4   0   0   3  0.18 0.18
   90 Y   -1  0 -1  2  0 -1 -1  2  3  1  0 -1  1  0 -5 -1 -2 -5  3 -2    5   5   3  11   2   3   3  13   7   7  10   3   3   4   0   6   2   0  11   3  0.24 0.18
   91 I   -2 -2  0 -1 -1 -2  0 -2 -1  2  3 -1  0  0 -2 -1 -2  2  1  1    3   2   4   4   1   2   7   3   2  13  25   4   2   4   2   4   2   3   4   8  0.23 0.16
   92 D   -2 -2  1  3 -5 -1  2  0 -1 -1 -2  0 -4 -2  3  0 -2  2 -1 -3    3   2   6  17   0   3  13   6   1   4   4   6   0   2  16   6   2   3   3   2  0.34 0.29
   93 F    0  0  0  0 -1  0  0 -3  1  1  1  0  0  0 -2  0 -1  2  1  0    6   4   6   5   1   5   5   1   4   9  16   7   1   5   2   6   3   3   6   6  0.06 0.08
   94 A    1 -2 -1 -2 -1 -2 -2 -1 -1  2  1  0  1 -1  0 -1  0 -3 -1  2   12   2   4   2   1   1   3   4   1  12  13   7   3   2   5   5   4   0   3  15  0.10 0.12
   95 I    0  0 -1  0  0  0  0 -1 -1  0  0  1 -1 -1  0  1  0  0  0  0    7   4   2   4   2   3   6   3   1   8  11  10   1   2   5  13   5   1   3   5  0.04 0.08
   96 N   -1  0  1  2 -1  1  2 -1  0  0 -2  1 -4 -3  0  2 -1 -5 -3 -2    4   4   6  12   1   7  12   5   2   6   4   8   0   1   4  16   3   0   1   2  0.21 0.22
   97 E    0  0  1  0 -2  0  2 -1  1  0 -1  0 -1 -1 -2  2 -1 -3  0 -1    6   4   8   6   1   4  16   5   4   6   8   5   2   3   2  15   2   0   3   3  0.12 0.14
   98 P    0  1  0 -1 -2 -1 -1  0  1 -1 -2  1  1 -1  3  0  0  1  1 -1    8   9   5   2   1   2   3   6   3   4   3   8   4   3  14   8   7   2   5   4  0.13 0.13
   99 D   -1  0  2  3 -3  1  2  1  0 -2 -3  1 -2 -3  0  0 -1 -4 -2 -3    5   4   8  17   1   6  14  11   3   2   2   9   1   1   4   7   3   0   1   2  0.26 0.21
  100 L    0  1 -2 -1 -3 -1  0  1  0  1  1  1  0  0 -2  0  0  0  0 -1    6   7   1   4   0   1   6  13   2  10  15  11   2   3   1   6   5   1   3   4  0.06 0.10
  101 L   -1  0  1  1  0  0  0 -1 -1  0  2  0  0 -1  0  0 -1 -1 -1 -1    5   5   7   8   2   3   5   5   1   6  22   4   2   2   5  10   1   1   2   4  0.05 0.10
  102 R   -1  2  0  1 -2  0  0  0  0  0 -1  1 -2  0  0  1  1 -3  0 -1    2  15   4   7   1   3   6   7   2   6   6   7   0   4   5   9   8   0   3   4  0.08 0.10
  103 P   -1 -1  2  0 -2  0  0  1  1 -2 -1  1  0 -3  2  1  0 -4 -2 -2    4   3  10   6   1   3   6  10   3   3   5  11   3   0  10  14   6   0   1   3  0.16 0.16
  104 V    0  0 -1  0 -2  0 -1  1  0  0  0 -1  0 -1  0  0  0 -1  1  1    6   4   3   5   0   4   3  13   2   6  11   4   2   1   5   8   4   1   6  13  0.03 0.07
  105 V    0  0  0 -1 -1  0  0  1  0  0 -1  1 -1 -1 -1  0  0 -2  0  1   10   3   3   3   1   3   7  10   2   7   6  10   1   3   3   9   6   0   4  11  0.03 0.06
  106 I   -1  0  0  0 -1  0  0  0 -2  1  0  1  1 -2 -1  0 -1 -3 -2  1    4   4   3   5   1   3   8   9   0  12   8   9   4   1   3   9   2   0   1  13  0.05 0.10
  107 A    0 -1  1  1 -2  0  1  1 -2  1 -2  0  0 -2 -1  2  1 -4 -2  0    6   3   5   6   1   3  10   9   1  11   3   5   2   1   3  17   7   0   1   5  0.10 0.14
  108 P    0  0  1  2 -4 -1  0  0  0 -1 -2 -2  0 -3  4  0  0 -4 -2 -1    7   4   8  11   0   2   5   7   2   3   3   2   3   1  23   8   7   0   1   4  0.34 0.25
  109 Q   -1  2  1  2 -3  1  0 -2  0  0 -1  0 -1 -3 -2  2  0 -4 -2  0    3  13   6  11   0   8   5   3   2   5   5   5   1   1   1  17   6   0   1   8  0.19 0.20
  110 F    0 -1 -1  1 -2 -1 -1  1 -1  0  0  0  0  1  0  0  0 -2  0  0    5   2   3  10   0   1   3  11   1   3  13   7   3   8   4   7   7   0   4   7  0.04 0.08
  111 S   -1 -1  0  1 -1 -1  0  0  0 -1 -1 -1 -1  0  3  2  0 -3 -1  0    4   4   3   7   1   1   7   6   3   3   6   2   2   6  14  16   5   0   2   7  0.14 0.15
  112 R    0  2  1  0 -3  0  1 -1  2 -1 -2  2 -1 -3 -1  1  0 -1  0  0    6  14   8   4   0   4   8   3   5   3   4  11   1   1   2   9   7   1   4   8  0.14 0.14
  113 Q   -1  1 -1  0 -2  3  1 -1  3 -3 -2  2 -1 -3 -1  2  0 -3  1 -2    4   6   2   5   1  13   7   4   9   1   3  11   1   1   3  16   6   0   4   3  0.25 0.23
  114 M    0  0  1  1 -2  0 -1 -1 -1  0  1 -1  0 -1 -1  0  0 -2  1  0    8   4   7   7   0   4   3   4   1   7  13   4   3   2   2   9   6   0   6   8  0.03 0.07
  115 L   -1  1 -1 -1 -1  0 -1 -1  0  0  1 -1  0  1 -2  0  0  0  1  1    3   9   2   4   1   4   4   5   2   5  16   2   1   5   1   9   5   1   7  14  0.05 0.10
  116 D   -2  1  3  2 -1  2  1 -1  2 -2 -1  0 -2 -2 -1  0 -1 -4 -1 -2    2   6  16  13   1  11   9   5   5   1   8   5   1   2   2   5   3   0   2   3  0.22 0.20
  117 R   -1  3 -1  0 -3  1  1 -1  0  0 -1  0  0  0 -2  1  1  0 -1 -2    5  21   3   4   0   6   8   4   2   7   4   3   2   4   1  10   8   1   2   2  0.16 0.17
  118 K   -1  1 -1  0 -1  1  1 -1 -2  0  0  1 -1 -1 -1  0  0 -1  0  1    4  10   3   4   2   5   8   4   0   5   8  11   1   3   3   6   5   1   3  14  0.05 0.08
  119 L   -2  1 -3 -1  2 -2 -1 -2 -3  0  4 -1  1  0 -2 -1 -1 -1 -3  0    2   7   1   5   5   2   3   3   0   5  39   4   3   3   2   6   4   1   0   4  0.27 0.23
  120 L    0  0  0 -1  2 -1 -1 -1 -1  1  1 -1  0 -1 -1  1  2  0 -1  0    5   4   5   2   5   2   3   5   1   8  16   3   1   3   3  13  13   2   1   6  0.07 0.11
  121 L    0  0  1  0 -1  1  2 -1  3 -1  0  0 -1 -2 -2  0  0 -3  0 -1    6   5   7   4   1   7  15   5   8   4  11   6   1   0   1   8   4   0   4   3  0.11 0.13
  122 G    0 -3  0 -2  0 -1 -1  5 -2 -4 -3 -3 -3 -4  0  2  0 -1 -1 -3    8   1   4   2   2   3   3  42   1   1   3   1   0   0   4  13   5   1   2   2  0.57 0.36
  123 N   -1 -1  3  0 -3  1 -1  3  3 -2 -2  0 -1 -2 -1  0 -1 -3 -2 -2    4   3  17   4   0   6   3  23   8   3   3   6   2   2   3   8   2   0   1   2  0.30 0.23
  124 V   -2 -4 -4 -3 -3 -1 -2 -3 -4  3  0 -2  0 -1 -1 -1 -1 -4 -3  5    3   1   1   2   0   3   2   3   0  14   6   2   2   2   3   5   4   0   0  47  0.60 0.38
  125 P   -3 -1 -1 -1 -5 -2 -2 -5 -1 -5 -3 -1  0 -2  8 -3 -4 -5 -5 -3    2   4   3   4   0   2   2   1   2   0   3   3   2   2  65   2   1   0   0   2  1.68 0.78
  126 K   -1  4  0  0 -4  3  0 -2  0 -2 -3  1 -1 -1  0 -1 -1 -4 -2 -2    6  25   3   6   0  16   5   3   2   2   2   8   1   3   5   4   4   0   1   3  0.33 0.29
  127 Q   -2  3 -2  0 -4  2  0 -2  0  0  1  0  0 -1  1  2 -1 -4 -3 -1    1  16   0   4   0   9   5   2   2   6  15   5   2   3   6  19   3   0   0   3  0.21 0.26
  128 M   -2 -2  1 -1 -4 -3 -1 -4  1 -1 -2 -2  2  0  6  0 -1  3 -1 -2    3   2   6   4   0   0   3   0   4   4   4   1   5   4  38   7   4   4   2   3  0.71 0.46
  129 T   -1  0  0  1 -3  0  1 -2 -1 -1 -1  0  0  0  2  0  0 -3 -1  1    3   4   4   9   0   4  10   2   2   2   7   4   2   4  12   9   7   0   2  13  0.13 0.16
  130 C   -1 -2  0 -2  2 -1 -2 -1  4 -1 -2 -2 -2  1  1  0  0 -3  2  2    3   1   5   2   5   2   2   5  14   3   2   2   0   6   7   6   5   0   9  21  0.25 0.27
  131 Y   -1 -2 -2 -4 -3 -1 -4 -2  0  1  0 -4  0  4 -1 -2 -1  1  3  3    4   2   2   0   0   2   0   3   2   7   8   0   2  23   3   3   3   2  11  23  0.41 0.32
  132 I   -1 -1 -1 -2  1 -1 -1  0 -3  2  0  0 -1 -1 -1 -1  0 -3 -1  3    3   3   2   2   3   2   4   9   0  11   8   5   0   3   2   5   6   0   2  29  0.15 0.20
  133 R   -1  5 -3 -1 -4  0  1  0 -3 -1 -2  0  1 -1  0 -1 -1 -4 -3 -1    5  37   0   4   0   3   9   7   0   3   4   4   3   4   4   5   4   0   0   4  0.40 0.33
  134 E    0  0  0  0 -2  1  0  0  1  0  0  0  1  0  1  0  0 -3 -1  0    6   6   6   6   0   6   6   6   6   6   6   6   6   6   6   6   6   0   0   6  0.04 0.07
  135 Y   -1 -1  1  3 -2  0  2 -1 -1 -1 -2  2 -2  0  0 -1  0 -4  0 -2    6   2   6  16   1   4  17   4   1   4   3  13   1   5   3   2   6   0   3   2  0.23 0.24
  136 H   -2 -1  1  3 -1  0  2 -3  2 -1  2  0  2 -1 -4 -1 -1 -4 -1 -1    3   3   6  15   1   3  13   2   6   2  20   6   7   2   0   4   2   0   2   3  0.21 0.23
  137 V   -1 -2 -4 -1 -4  1 -1 -5 -1  2  1  0  3 -1 -4 -2 -1 -4 -1  4    3   2   0   3   0   8   5   0   2   8  15   5   7   3   0   2   2   0   2  32  0.40 0.34
  138 D   -1  0  1  2 -3  1  2  0  2 -1 -1  1  0 -1 -3  0  0  1  0 -1    4   4   8  11   0   6  14   6   5   3   5  10   4   3   0   4   6   2   2   5  0.12 0.14
  139 R    0  1  2  0  0  1  0  0 -2  0  0  1 -2 -1  0 -1 -1  2  0 -1    6   6  13   4   3   7   7   6   0   5  10  10   0   3   4   3   3   3   4   3  0.06 0.11
  140 V    0  0  0  0 -2  1  0  0 -2  0  0  0  1  0  1  0  0 -3 -2  0    6   6   6   6   0   6   6   6   0   6   6   6   6   6   6   6   6   0   0   6  0.04 0.06
  141 I    0  3 -2 -2 -1  2  0 -4 -2  2  0  3 -1 -3 -3 -2 -2 -2 -4 -1    7  16   2   2   2  10   6   1   1  14   9  20   1   1   1   2   2   0   0   4  0.38 0.31
  142 K   -1 -1  1  1 -6  3  4 -3 -1 -2 -4  3 -1 -1 -4  0  0 -6 -3 -4    5   3   5   7   0  11  25   2   1   2   2  19   1   2   0   6   5   0   1   1  0.49 0.37
  143 K    1  0  0 -2  0  0 -1 -1 -1 -1  2  3  1 -2 -3 -1 -2  0 -2  0   10   4   4   2   2   3   4   6   2   3  21  21   3   1   1   3   1   1   1   6  0.18 0.20
  144 L   -2 -3 -5 -7 -6 -2 -4 -7 -2  0  6  0  2 -2 -7 -4 -4 -6 -3  0    4   1   1   0   0   2   1   0   1   3  67   6   4   1   0   1   1   0   1   6  1.21 0.63
  145 D   -2  1  0  0  0  1  1 -1 -1 -1  1  1  2  0 -3 -1  0  0  1 -1    1   7   4   5   2   7   9   5   1   3  13  11   5   4   0   4   7   1   5   5  0.08 0.12
  146 E    0  1  1  1  0  2  2 -1  0 -3 -1  1  0 -2 -2  0  0  0  0 -3    7   8   5   8   2  11  12   4   2   1   8  11   3   1   1   6   5   1   3   1  0.15 0.16
  147 M   -2  1 -2 -2 -2 -1 -1 -2 -2 -1  4 -1  2 -1 -1 -2 -2  0 -2 -1    3   7   2   2   1   2   5   4   1   2  47   4   4   2   3   2   2   1   2   4  0.43 0.31
  148 C    0  0  0  0  1  0  1  0 -1  0  0  1  1 -1 -1  0  0 -3 -1  0    6   3   4   3   3   4  10   9   2   6   7   9   5   2   3   7   6   0   1   9  0.03 0.05
  149 D   -2 -1  3  4 -5  0  2 -1  0 -5 -4  0 -1 -5  1  2  0 -5 -4 -3    2   3  15  25   0   4  11   4   2   0   1   5   2   0   6  14   5   0   0   1  0.50 0.33
  150 L   -1  0  2  1 -4  0  1  1  3 -2 -1  1 -3 -4  1  0  0 -4 -3 -2    3   5  10   7   0   4  12  13   7   2   7  10   0   0   6   5   5   0   0   2  0.19 0.16
  151 D   -1  0  2  3 -5  1  3  0 -1 -4 -3  1 -2 -3 -1 -1 -1  0 -4 -2    4   4  10  20   0   4  22   7   1   0   2   7   1   1   3   4   3   2   0   4  0.39 0.26
  152 S    0  1  0 -1 -1  0 -1 -1  0 -1 -1 -1 -2 -2  3  1  0 -3 -1  0    8   9   4   4   1   4   3   4   2   2   8   3   0   2  17  14   4   0   3   7  0.18 0.14
  153 F   -1  0 -1  0 -1  0 -2  3  1 -1 -1 -1 -1  2  0  0 -1 -3  1 -2    4   6   2   5   1   3   2  29   4   4   6   3   2   9   5   7   2   0   5   3  0.21 0.17
  154 F   -2 -1 -2 -4 -1  0 -2 -3  0  1 -1 -2  2  1 -2 -2 -1  8  2  2    2   3   1   0   1   5   2   2   3   8   4   2   7   5   2   2   3  21   8  19  0.58 0.28
  155 L   -1 -4 -4 -4  1 -4 -4 -5 -4  4  1 -2  1  1 -4 -2  0 -4 -2  4    3   0   0   0   2   0   0   0   0  29  10   3   3   7   0   3   4   0   0  35  0.59 0.27
  156 F    1  0 -3 -3 -3 -2 -1  0 -3  1 -1 -2  0  0  0  1  2 -4 -3  3    9   5   0   0   0   0   3   8   0   6   4   0   3   4   5  11  12   0   0  30  0.21 0.19
  157 L   -3 -4 -5 -5 -3 -4 -4 -5 -4  5  2 -4  4 -3 -4 -4 -3 -4 -3  4    1   1   0   1   0   0   1   1   0  30  21   1  10   0   1   1   1   0   0  30  0.94 0.32
  158 H   -1 -1  0 -1  2  0 -1 -3  4 -1 -1 -1 -2  3 -3 -1  0  3  3  0    4   4   4   4   4   4   4   1  12   4   4   4   0  15   1   4   5   4  11   8  0.24 0.13
  159 G   -2 -5 -4 -5 -6 -5 -6  7 -6 -8 -7  1 -6 -7 -6 -2 -5 -7 -7 -7    3   0   0   0   0   0   0  86   0   0   0   8   0   0   0   3   0   0   0   0  2.13 0.72
  160 R   -4 -2 -6 -2 -5 -3 -4 -4 -6  3  0 -3 10 -2 -2 -4 -3 -6 -5 -3    1   2   0   3   0   1   1   2   0  13   6   1  65   1   2   1   1   0   0   0  1.91 0.75
  161 A    2 -2 -3 -4 -5 -3 -3  5 -3 -2 -3  1 -3 -1  3 -1 -2 -5 -5 -4   18   2   0   0   0   0   1  41   0   2   2   9   1   3  16   2   1   0   0   1  0.75 0.38
  162 G   -3 -5 -4 -4 -5 -5 -5  7 -5 -6 -6 -4 -5 -6 -5 -2 -4 -5 -6 -6    1   0   0   0   0   0   0  91   0   0   1   0   0   0   0   3   0   0   0   0  2.22 0.71
  163 S   -1 -4 -2 -4  6 -2 -4 -3 -3  2  2 -3  0  2 -4  2 -1 -3 -1  0    3   0   2   0  20   1   0   2   0  12  17   0   2  11   0  16   3   0   2   6  0.48 0.26
  164 G   -3 -5 -4 -5 -5 -5 -5  7 -5 -6 -6 -5 -6 -6 -5 -4 -5 -5 -6 -6    1   0   0   0   0   0   0  93   0   0   1   0   0   0   0   1   0   0   0   0  2.39 0.77
  165 K   -5  1 -4 -5 -7 -3 -3 -5 -5 -6 -6  8 -5 -7 -5 -4 -5 -6 -6 -6    0   5   0   0   0   0   0   0   0   0   0  91   0   0   0   0   0   0   0   0  2.42 0.91
  166 S   -2 -4 -3 -4 -4 -1 -4 -4 -5 -5 -5 -2 -4 -5 -4  5  6  0 -5 -4    1   0   0   0   0   2   0   0   0   0   0   2   0   0   0  36  54   1   0   0  1.50 0.71
  167 V   -1 -2 -3 -4  3 -4 -4 -4 -2 -1 -3 -4 -1 -2 -4  1  5  2 -4  3    5   2   0   0   6   0   0   0   1   3   2   0   1   1   0   9  40   3   0  24  0.79 0.45
  168 I   -2 -5 -6 -6 -4 -5 -5 -6 -2  0  6 -5  2 -1 -5 -3 -4 -4 -4 -1    3   0   0   0   0   0   0   0   1   4  78   0   4   2   0   2   0   0   0   2  1.37 0.57
  169 A    6 -4 -4 -5 -1 -4 -4 -2 -5 -1 -2 -4 -3 -4 -4 -2  1 -5 -4  3   60   0   0   0   1   0   0   2   0   2   4   0   0   0   0   2  10   0   0  18  1.02 0.52
  170 S    3  2 -1 -3  0  0 -1 -2 -1 -1 -2  3  0 -4 -3  1 -1 -1 -4 -1   30  13   2   1   2   4   2   2   1   4   2  17   3   0   0   9   2   1   0   3  0.38 0.33
  171 Q    0 -1  1  0 -5  3  4 -4  0 -4 -2  3 -1 -3 -4  0  0 -1 -4 -3    8   2   6   4   0  15  25   0   2   0   4  17   2   1   0   8   4   1   0   1  0.47 0.38
  172 A    3 -4 -4 -4 -3 -4 -4 -4 -1  1  0 -3  0 -2 -4  0  1 -5 -4  4   24   0   0   0   0   0   0   0   1   7   8   1   2   1   0   6   8   0   0  37  0.61 0.43
  173 L   -3 -3 -3 -5  3 -5 -4 -4 -4  1  3 -3  0  4 -5 -4 -4 -3  3  2    2   1   2   0   6   0   1   1   0   6  33   1   2  15   0   0   0   0  11  17  0.68 0.44
  174 S    0  5  3 -2 -1  0 -2 -4  2 -5 -5  2 -4 -3 -3  0 -2 -1  0 -3    9  33  12   2   1   3   2   0   5   0   0  12   0   1   1   7   2   1   4   1  0.61 0.44
  175 K   -3  1  3  5 -1  0 -1 -4  4 -2 -3  0 -1 -5 -4  0 -1 -5 -2 -3    1   8  13  35   2   4   3   0  10   3   3   5   1   0   0   6   3   0   2   1  0.68 0.46
  176 S   -1 -1  1  2 -1  0  0 -2  4  0  0  0  0 -2  0  0 -1 -3 -1  0    3   2   8  11   1   4   7   2  13   4   8   4   3   2   4   8   3   0   2   9  0.12 0.16
  177 D    0  1  0  2 -2  0  1 -1 -1 -2 -3  2 -3  0  3  1 -1 -4 -1 -2    7   9   3  13   1   3   9   3   1   2   2  12   0   4  13  10   3   0   2   3  0.22 0.20
  178 Q   -1 -1 -1  1 -3  1  2 -2 -1  1  2  0  0  0 -2  0 -1 -3 -1  0    3   3   2   7   0   5  17   3   1  10  20   5   2   5   2   5   2   0   1   7  0.12 0.15
  179 L   -1  0 -1 -2 -2  0  0 -3  0  2  2  0  1  0 -1 -1  0 -3  0  1    4   4   3   0   0   4   6   1   3  13  19   5   5   3   3   5   6   0   3  11  0.09 0.12
  180 I    0  0  0  0 -2  1  0  0  1  0  0  0  1  0 -2  0  0 -2  1  0    6   6   5   6   0   5   6   6   5   6   6   6   5   5   0   6   6   0   5   6  0.00 0.07
  181 G   -1  1  1  1  0  0  1  1  1 -2 -3  1  0 -1 -1  0  0 -3  0 -1    5   8   8   9   3   4  10   9   4   3   1   7   3   3   3   7   4   0   4   3  0.10 0.14
  182 I   -1  1  1 -1  5  0  0 -1  2 -1  0  0  1  0 -1  0 -1 -3  1 -1    4   9   7   3  13   3   5   4   7   3   8   7   3   4   3   6   3   0   5   4  0.16 0.18
  183 N    0  0  1  0  2  1 -1  0  2 -2 -1  0 -2  1 -3  0  0  4  1 -2    7   7   7   7   6   7   0   7   6   0   7   7   0   6   0   7   7   6   6   0  0.13 0.16
  184 Y   -2 -1 -1 -2  0 -1 -2 -2  0 -2 -2 -1 -1  6  2 -1 -4 -3  2 -4    3   3   3   2   2   3   2   3   2   3   3   3   2  41  11   5   0   0   7   0  0.75 0.48
  185 D   -2  0  4  4  1 -1  1  1  0 -2 -2  0 -3 -4 -2 -1 -2 -4 -1 -2    2   5  20  22   3   2   9   9   2   3   5   5   0   0   2   4   2   0   2   2  0.37 0.30
  186 S   -1  1  0 -1  2  0  0  2  2 -2 -1  0 -1 -1 -1  0 -1 -3  0 -2    4   9   5   3   5   4   7  21   6   3   5   6   2   2   3   7   3   0   3   3  0.14 0.14
  187 I   -1  1 -4 -5  0 -3 -3 -5 -1  4 -1 -1  1  2 -4 -2 -2 -2 -1  4    5   9   0   0   2   1   2   1   1  20   4   3   3   8   0   3   1   1   2  33  0.55 0.36
  188 V    2 -3 -3 -4 -3 -2 -3 -2  3  1  0 -2  1  3 -4 -2 -2 -1  5  1   17   1   1   1   0   2   1   4   9   9   7   2   3  12   1   2   2   1  18   9  0.45 0.30
  189 W   -7 -7 -7 -7 -1 -6 -7 -7 -3 -7 -4 -7 -2  1 -7 -7 -4 13 -1 -7    1   0   0   0   2   0   0   0   1   0   2   0   1   6   0   0   1  82   2   0  4.13 1.51
  190 L   -1 -5 -5 -3  0 -5 -5 -5 -5  5  2 -5  1  0 -5 -4 -2 -5 -4  4    6   0   0   2   2   0   0   1   0  31  18   0   2   3   0   1   2   0   0  30  0.89 0.47
  191 K   -2  0  1 -2  4 -1 -1 -2  0 -3 -3  2 -1 -1 -1  2  3 -4  0 -3    2   5   7   2  10   2   3   2   2   1   2  13   2   3   3  17  19   0   3   1  0.37 0.31
  192 D   -1 -4 -4  1 -2 -2 -2 -5 -2  3  0 -3  0  2 -4 -4 -3 -4 -3  5    5   1   0   9   1   2   2   1   1  14   8   2   2  10   1   1   1   0   0  42  0.71 0.41
  193 S   -1 -4 -2 -2 -3 -2 -3  5 -4 -5 -5 -4 -3 -5 -4  5 -2 -5 -2 -3    4   0   1   2   1   2   1  38   0   0   1   1   1   0   0  41   2   0   2   2  1.10 0.62
  194 G   -2  2  1  0  3  5  0  0 -1 -4 -3  2 -2 -4 -1 -1 -2 -4  0 -3    3   9   6   5   7  28   6   6   1   1   2  10   1   1   3   5   1   0   3   2  0.49 0.33
  195 T   -2 -1  1  0  1  3  1 -2 -1  0 -1  0 -2 -2 -2  1  1 -3 -1  0    2   2   6   5   4  14  11   3   1   5   5   4   0   2   2  14  11   0   2   7  0.17 0.18
  196 A   -1  0  1  2  3 -1  0 -1  0 -1 -1  0 -1  1  0  0  0 -1  2 -1    5   4   6  14   7   2   4   4   2   5   5   5   1   7   4   8   5   1   8   4  0.08 0.09
  197 P   -1  2  2  3 -3  0  0 -1 -2 -2 -3  2 -3 -3  1  1  0 -3 -3 -2    3  11  10  15   0   3   6   3   0   3   3  13   1   1   8  11   7   0   1   3  0.27 0.19
  198 K    0  1  1  1 -2  0  2 -1 -1 -1 -2  1 -2  0  0  1  0 -2  0  0    7   8   6   7   1   2  12   3   1   3   4   9   1   5   5  14   3   0   3   6  0.11 0.10
  199 S    0  1  0  1 -2  1  1  1  0 -1 -1  1  0 -1  0  0  0 -2 -2 -1    7  10   3  10   1   7   7  10   2   3   4  11   3   2   4   8   4   0   1   3  0.10 0.08
  200 T    0 -1  0  0  0 -1  0 -1 -1  1  2 -2  0 -1 -1  0  1 -2 -1  1    6   3   4   6   2   2   7   3   1   8  26   2   1   2   3   7   8   0   1   8  0.09 0.09
  201 F   -1  1 -1 -1 -2  0  0 -1 -1  0  2  0  0  1  1 -1  0 -2 -1  0    3   8   3   3   1   3   8   4   1   6  21   8   2   6   8   4   5   0   1   5  0.07 0.08
  202 D   -1 -1  0  3 -1  0  2 -2  0  1 -2  0  1 -2 -2  0  0  0  2 -1    5   2   4  16   1   5  13   2   2   9   3   7   5   1   1   5   4   1   9   4  0.16 0.16
  203 L   -2  0 -3 -2 -2  1 -2 -3 -3  2  3  2  2 -1 -3 -2 -2 -3 -3  2    3   5   1   2   1   6   2   2   0   9  32  12   5   2   1   2   2   0   1  14  0.32 0.23
  204 F   -3 -2 -3 -3 -3 -1 -2 -3 -3  2  3 -2  2  4 -3 -3 -2  3  0  1    2   2   1   1   0   4   2   2   0  10  30   3   5  18   1   2   3   4   3   7  0.45 0.27
  205 T   -1  0  0  1 -1  4  2 -3 -2  0 -1  1 -2 -3 -2  0  0 -4 -3 -1    4   4   3   8   1  24  12   2   1   7   6   8   0   1   2   5   5   0   0   5  0.30 0.26
  206 D   -2  0  3  4 -2  0  1 -1  0 -2 -3  2 -1 -4 -3  0  0 -4 -1 -3    2   4  16  21   1   3   8   4   2   2   2  16   2   1   1   6   5   0   3   2  0.40 0.27
  207 I   -3 -1 -3 -4 -2 -2 -1 -4 -3  4  4 -2  2  1 -2 -3 -2 -3 -2  1    2   3   1   1   1   1   5   1   1  23  34   3   5   6   2   2   2   0   1   7  0.52 0.30
  208 L   -1 -2 -1 -3  4  0 -2 -3 -1  2  3 -2  1  0 -3 -2 -2  2  1  0    4   2   3   1  10   5   2   2   1  10  34   3   2   3   1   2   2   2   4   6  0.33 0.23
  209 L    0  0 -1 -1 -2  0 -1 -1  0  0  1 -1  1  1 -2  0  0  3  0  0    6   5   3   2   0   3   3   4   3   5  19   4   5   7   1   9   4   5   3   8  0.07 0.08
  210 M   -1  3  0 -1 -2  2  0 -2 -1  0  1  1  2 -1 -2 -1  0 -3 -1 -1    4  16   4   4   1   9   4   3   1   7  15  11   5   2   1   3   5   0   1   4  0.14 0.14
  211 L   -1 -2 -2 -2  2 -1 -2 -3 -2  1  3  0  2  1 -3 -1 -2  0  0  1    5   2   1   3   5   2   3   2   1   7  34   5   4   5   1   5   2   1   3   8  0.24 0.18
  212 A    0  0  0  1 -2  0  1  0  0  0  0  0  0  0 -1  0  0  2  0  0   10   4   3   9   0   4   9   6   2   8   7   7   3   5   3   4   5   3   3   4  0.03 0.04
  213 R   -2  2  2  0 -3  1  1  1  1 -1 -2  1 -1 -1  0  0  0 -3 -1 -2    2  12  10   6   0   7   8   9   3   4   5  10   1   3   4   7   4   0   2   2  0.14 0.12
  214 V   -1  0  0  2 -1  1  0 -1  0  0  1 -1 -1 -1 -1  0  0 -1 -2  0    5   4   4  12   1   6   7   4   2   7  18   4   1   2   3   7   4   1   1   8  0.06 0.08
  215 V   -1 -1 -1  0  1  0  1 -1  1  0  1  0  0  0 -1  0  0  0 -1  0    4   2   2   4   4   2  14   4   3   7  13   5   3   4   3   9   7   1   2   9  0.04 0.06
  216 S   -1  0  0  0  1  2  1  0  1 -1 -2  0 -1 -1 -1  1  1 -2  1 -1    4   5   3   5   3  10   9   7   4   5   3   5   1   3   3  12   8   0   6   3  0.10 0.11
  217 D   -1  1  0  1 -3  1  2  0  1 -1 -1  1 -1  0  0  1 -1 -1 -1 -1    4   6   5   8   0   8  12   6   3   4   8   9   2   4   4   9   3   1   2   3  0.09 0.08
  218 T   -1 -1  0 -1 -1  1  0 -1  0  0  0  0  0  0  2  0  0  3  0 -1    4   3   4   3   1   6   8   3   3   5  12   8   3   3   9   8   6   5   2   4  0.08 0.07
  219 D   -1  0  1  4 -3  2  1 -1 -1 -1 -2  0 -1 -1 -1  0  0 -3 -2 -2    3   5   8  23   1   9   6   4   2   4   4   6   1   3   4   6   5   0   1   3  0.25 0.17
  220 D   -1  2  1  2 -2  0  0 -1 -1 -1 -1  0 -1 -1  0  1  0 -2 -1 -1    4  11   6  15   1   4   6   5   2   5   5   6   1   2   4  11   6   0   2   5  0.12 0.09
  221 S    0 -1  1  1 -2  0  1 -1  0  1  0  0  1 -1 -1  1  0 -4 -1 -1    8   3   6   8   1   4   8   5   2   8  10   5   4   2   3  12   6   0   2   5  0.06 0.06
  222 H   -1 -1  1  1  0  0  1 -2  1 -1  1 -1  1 -1  0  0  1 -4  1 -1    4   4   6   7   2   4   8   3   4   4  16   4   4   3   5   6   8   0   5   5  0.08 0.08
  223 S    0 -1  1 -1 -1 -1  0 -2  0  0  0 -1  2 -2 -1  2  0  0  0 -1    7   4   8   4   1   3   7   4   2   5  10   4   5   2   3  16   6   1   3   4  0.10 0.11
  224 I    0 -1  1 -2  0  1 -1 -1 -1  1  0 -1  0  0 -1  1  0  1  0  0    7   4   6   2   2   7   5   4   1   9  10   4   2   4   3  13   6   2   3   6  0.06 0.07
  225 T    0  0  1 -1 -4  1  0 -1  1  1  0  0  0 -1 -1  1  1 -4 -1 -1    7   5   6   4   0   6   7   4   3   7  10   5   2   3   3  11   8   0   2   5  0.07 0.08
  226 D   -2  1  1  2  0  1  0 -1  0  0 -2  0  0 -1  0  1  0  1  2 -2    3   7   6  12   2   6   5   4   3   5   5   5   3   2   5   9   5   2   7   4  0.12 0.12
  227 F    0  1  1  0  0  0  0 -1  1  0  0  0  0  0  0  0  0  2  2 -1    6   7   6   6   2   4   6   5   3   6  10   5   2   4   5   5   4   2   8   3  0.04 0.05
  228 I    0  0  0  0  2  0  0 -1  1  0 -1  0  1  0  0  0  0 -2  1  0    5   5   5   5   5   5   5   5   5   5   5   5   5   5   5   5   5   0   5   5  0.03 0.05
  229 N    0  0  1  0  0  2  1 -1 -2 -1 -2  0 -1 -1  2  1 -1 -2  0 -1    6   6   7   4   2   9  10   4   1   3   5   5   1   3  11  10   4   1   4   5  0.12 0.12
  230 R   -2  2  0  1 -1  2  1 -1  1 -2 -1  1  0 -2 -1  0  0  0 -2 -1    3  12   4   9   2   8   9   4   4   3   7  10   2   2   2   7   5   1   1   4  0.13 0.12
  231 V   -1 -1  2 -1 -1  0  0 -2 -1  2  1 -1  0 -1 -1  0  0  0 -1  1    4   4  11   4   1   3   6   3   1  12  14   4   2   2   2   7   6   1   2  11  0.08 0.09
  232 L   -1 -1 -1 -2  1  1 -2 -1 -2  2  3 -1  1 -1 -1 -1  0 -1  1 -1    4   3   3   3   3   6   3   6   1  11  26   4   3   2   3   4   6   1   5   4  0.14 0.14
  233 S   -1 -1 -1  0 -2  0  3 -1  3 -1 -1  0 -3  0 -1  2  0 -4  0 -3    4   4   3   5   1   4  17   5   7   3   7   6   0   3   3  15   6   0   3   1  0.20 0.20
  234 R   -2  2  1 -1 -2  0  2  0  0 -1 -2  2  0 -4  0  0 -1 -4 -1 -3    3  13   8   2   1   4  16   7   2   5   4  13   2   1   6   7   3   0   2   1  0.24 0.21
  235 S    0 -1 -1 -2  0  0  0 -2 -2  1  1  1  3 -1  2  0  0 -1 -2  0    7   2   2   2   2   5   7   4   1   7  14   8   7   2  10   7   6   1   1   6  0.10 0.11
  236 E   -1 -1  1  3 -4  1  2 -1 -1 -2 -2  1 -3 -4  3  0 -1  0 -2 -2    5   4   7  14   0   6  16   5   2   2   4   9   0   1  12   6   3   2   1   3  0.29 0.24
  237 D   -2 -1  1  2 -1  0  2 -1  1 -2 -2  1  0 -2 -1  0  0 -2 -1 -1    2   3   6  12   1   4  16   5   4   2   5  11   2   2   4   7   6   1   2   4  0.17 0.16
  238 D   -1  0  0  2 -1  0  2 -2  1 -2 -2  0 -3 -1  1  2 -1 -4 -2 -2    5   6   4  11   1   5  16   3   4   2   3   6   0   2   8  16   4   0   1   3  0.23 0.23
  239 L   -2 -2 -1 -3 -3  1  0 -2 -2  1  3  0  1  1 -2  0 -1 -1 -1  0    3   2   3   1   0   6   5   3   1   7  33   5   2   6   2   8   2   1   2   7  0.24 0.22
  240 L   -2  2  1  0 -2  2  1 -1  0 -1  1  0 -2  0 -1  0 -1 -3  1 -1    2  11   7   6   1   9  11   4   2   4  14   5   0   5   3   6   2   0   4   4  0.12 0.15
  241 N   -1  2  0  0 -4  1  2 -2  0  1 -1  0  0  1  1 -1 -1 -3  0 -1    3  10   5   6   0   5  14   2   3   9   5   6   3   6   7   4   3   0   3   4  0.12 0.14
  242 F   -1 -1 -2 -1 -3 -1  1  0 -1  0  1  1  1  2  2 -1  0 -1  0 -1    3   3   1   3   0   2  10   7   1   5  18   8   3   8  10   4   5   1   3   3  0.11 0.13
  243 P   -2 -1 -2  1 -2  0  2 -2 -2 -1  0  0  2  2  2  0 -1  1 -2 -2    3   2   1   7   1   4  17   3   1   3  11   7   6   8  10   7   4   2   1   2  0.18 0.19
  244 S    2  0 -1 -1 -2  0  0 -1 -3 -1  0  1 -1 -3 -1  2  1 -4 -2 -1   17   5   3   4   1   3   4   4   0   4  11  10   2   1   3  16   7   0   1   4  0.13 0.16
  245 V   -1  0 -1 -1 -1 -1  0 -2  1  1  1  2  0 -1 -2 -1 -1  0 -1  1    3   5   2   4   2   3   6   3   4   9  12  17   2   2   2   4   4   1   2  13  0.11 0.13
  246 E   -2 -1  0  3 -1  1  4 -3  0 -1 -3  2 -2 -5 -2 -1 -2 -1 -2 -2    2   3   4  15   2   6  29   2   2   4   3  12   1   0   2   4   2   1   2   2  0.50 0.37
  247 H   -2  3  0  1 -3  2  3 -3  4 -4 -2  1 -1 -2 -2 -1 -2 -4 -2 -3    3  15   5   9   1  10  17   2  10   1   5   7   1   2   2   5   2   0   2   2  0.38 0.29
  248 V    1 -2  0 -1 -3 -1  0 -2  0  0  3 -1  3  0 -1 -1 -1  0  0 -1   12   2   4   3   0   3   6   2   2   5  27   4   8   3   3   4   4   1   3   3  0.18 0.17
  249 T   -1  2  0  0 -1  1  0 -2 -1 -1  0  1  0 -1 -2  1  1 -3 -3 -1    4  14   4   5   1   5   7   3   1   3   9   7   3   3   1  12  10   0   1   4  0.12 0.14
  250 S   -1  0  1  1 -2  0  2 -2  0  0 -1  0  0  0 -2  1  0  0 -1  0    5   5   5   9   1   3  13   3   2   6   7   6   2   4   1  14   4   1   2   6  0.07 0.10
  251 V   -1  0  0  1 -2  1  1 -1  1  0  1  0  0 -1 -1  0 -1  0  0  0    4   5   4   8   0   8   8   5   4   7  15   4   1   3   2   7   2   1   4   5  0.03 0.07
  252 V   -1  0 -2 -1  0 -1  1 -1  0 -1  2 -1  3  0 -3 -1 -1  1  2  0    4   5   1   4   2   3   9   4   2   3  20   4   8   3   1   6   3   2   7   7  0.10 0.13
  253 L   -1  1 -3 -1 -1  0 -1 -2  0  0  3  0  0  0 -2 -2 -2  0  0 -1    5   8   0   4   1   4   5   3   2   3  32   6   2   4   1   3   2   2   3   4  0.13 0.23
  254 K   -1  3  0  0 -4  2  0 -1  1 -1 -1  2 -1 -1 -1 -1 -1  0  0 -2    6  19   4   5   0   9   6   4   3   3   5  11   1   2   3   3   3   2   4   3  0.16 0.23
  255 R   -1  2  0  0 -3  0  1 -1  1 -1 -1  2  0 -1  0 -1 -1 -3  0 -1    5  15   4   4   0   4  11   3   4   3   4  13   3   3   3   4   3   0   3   6  0.09 0.17
  256 M   -1  0  0 -1 -3  0  0 -2  1  0  1 -1  1  2 -3 -1 -1  2  2  0    3   5   4   3   0   5   5   3   4   6  15   4   4   8   0   5   4   3   9   5  0.05 0.13
  257 I   -1  1 -1 -2 -1  0 -2 -2 -1  2  2 -1  0  1 -3  0 -1  0  0  1    4   7   2   3   1   5   2   2   2  11  25   4   1   5   1   6   2   1   3   7  0.10 0.14
  258 C   -1  2 -1 -1  2  1  0 -1  1 -1  0  1 -1  0 -1 -1 -1 -2  1 -1    5  11   3   3   6   5   7   4   3   3   9  12   2   4   3   3   3   0   6   3  0.05 0.10
  259 N    0  1  2  1 -1  1  1 -1  0 -2 -1  1  1  0  0  0  0 -2 -1 -1    6   7  11   8   1   5   9   3   3   2   6   8   4   4   4   4   5   0   2   3  0.05 0.10
  260 A    0  1  0 -1  0  0  0  0  0  0  0  0  0  0  0  0  0 -2  0  0   10   8   4   3   2   4   3   6   3   4   9   8   3   5   5   7   6   0   3   4  -0.00 0.02
  261 L   -1 -2 -1 -3 -1  0 -2 -2  0  0  3 -1  0  1 -2 -1 -1  2  1  0    5   2   3   1   1   4   3   3   3   4  35   4   2   5   2   3   4   3   4   5  0.18 0.19
  262 I    0  1 -1 -2  0  0 -1  0  0  0  1  1  1  0 -1  0  0 -2 -1 -1    6   9   3   1   2   5   3   7   2   5  16   8   4   5   3   7   7   0   2   3  0.01 0.07
  263 D   -1  0  0  2  0  2  3 -1 -2 -2 -2  1 -1 -2 -1  0  0 -3 -1 -2    5   5   4  12   2   9  20   5   0   3   3   8   2   2   3   5   4   0   2   3  0.19 0.22
  264 R   -2  1  2  0  1  0  0 -1  2 -1 -2  1 -1 -1 -2  0  0 -3  3 -2    3   8   9   4   3   4   7   5   6   4   3  11   2   2   2   5   5   0  12   2  0.13 0.19
  265 P   -1  0  1 -1  2  0 -1  0  0 -3 -3  3 -3 -3  4  0 -1 -3 -1 -3    4   5   8   3   4   3   4   7   2   1   2  18   0   1  23   6   3   0   3   1  0.43 0.29
  266 N   -1  3  2  0 -3  2  1 -1  1 -3 -2  2 -2 -3  1  0  0 -3 -2 -3    5  20  10   4   0  10   8   5   4   0   5  13   0   0   5   5   4   0   0   1  0.26 0.18
  267 T    0  0 -2  0  2 -2 -2  0  2  0  0 -2  1  1 -2  0  0 -2  1  0    7   7   0   7   7   0   0   7   7   7   7   0   7   7   0   7   7   0   7   7  0.06 0.12
  268 L   -4 -6 -7 -7 -5 -6 -6 -7 -6  0  7 -6 -1 -1 -6 -6 -5 -5 -3 -2    1   0   0   0   0   0   0   0   0   5  86   0   1   3   0   0   0   0   1   1  1.85 0.79
  269 F   -4 -5 -6 -6 -4 -5 -6 -6 -6  4  4 -5  0  1 -6 -5 -4  1 -4  3    0   0   0   0   0   0   0   0   0  25  41   0   1   6   0   0   0   2   0  21  1.10 0.52
  270 V   -4 -6 -6 -6 -5 -6 -6 -7 -6  5 -3 -6  0 -4 -6 -6 -4 -6 -5  6    0   0   0   0   0   0   0   0   0  35   1   0   2   0   0   0   0   0   0  58  1.82 0.77
  271 F   -5 -6 -6 -6 -5 -6 -6 -6 -6  1  6 -6  1  2 -6 -6 -5 -5 -4  0    0   0   0   0   0   0   0   0   0   5  73   0   3   9   0   0   0   0   0   7  1.50 0.67
  272 D   -5 -4 -1  8 -7 -5 -2 -6 -3 -7 -7 -5 -7 -7 -6 -4 -5 -7 -7 -5    1   1   3  89   0   0   1   0   1   0   0   0   0   0   0   1   0   0   0   1  2.65 1.04
  273 D   -6 -5  0  8 -7 -5 -2 -4 -2 -6 -7 -5 -6 -7 -5 -5 -5 -7 -6 -6    1   0   3  87   0   0   2   2   1   0   1   0   0   0   0   0   0   0   0   0  2.55 0.99
  274 V   -2 -6 -6 -6 -4 -5 -6 -6 -6  4  0 -5  0 -4 -5 -5 -3 -6 -5  6    2   0   0   0   0   0   0   1   0  22   6   0   2   0   0   0   1   0   0  62  1.54 0.67
  275 V   -6 -1 -3 -5  0 -4 -6 -4 -1 -5 -3 -4 -4 -3 -6 -3 -6 12  1 -2    1   3   2   1   2   1   1   2   2   1   2   1   0   1   0   3   0  70   4   3  3.18 1.11
  276 Q   -3  0  3  4 -2  1  1 -2  1 -4 -2  0 -4 -4 -2  2  0  1 -3 -4    1   5  12  25   1   5   8   2   4   1   5   6   0   1   1  14   7   2   1   1  0.43 0.30
  277 E   -1  1 -1  1  1  0  3 -1 -3 -1 -2  2 -2 -3  1  1  0 -3 -3 -2    4   6   2   7   3   3  19   3   0   4   4  15   1   1   8  12   5   0   0   3  0.23 0.20
  278 E   -1 -1 -1  3  0  1  4 -1 -1 -3 -3  1 -4 -3 -2  1 -1  4 -2 -4    3   3   3  14   2   5  28   4   1   2   2   8   0   1   2  12   2   6   1   1  0.47 0.32
  279 T    0 -1  0  2  0 -1 -2 -3  2  2 -1 -2 -1  0 -3  0  1 -2 -1  3    7   3   4  12   2   3   2   1   6  10   5   1   1   3   1   6  11   0   2  22  0.17 0.18
  280 I   -1 -2 -4 -4 -3 -3 -3 -4 -4  3  3 -3  0  0 -3 -2 -1  3 -1  3    6   2   1   0   0   1   2   1   0  19  28   2   2   4   1   3   3   4   2  21  0.48 0.29
  281 R   -2  3  0  2 -5  1  2 -3 -2 -4 -1  4 -3 -3 -4 -1 -2 -5 -3 -4    3  17   5  10   0   6  11   2   1   0   6  30   0   1   0   4   2   0   1   1  0.57 0.36
  282 W    2 -1 -2 -1 -1  0 -1 -2  2 -1  0  0 -2  1  1 -1 -2  7  1 -1   17   4   2   3   1   3   3   2   5   4   8   6   1   5   7   5   2  15   4   3  0.32 0.19
  283 A    3 -4 -3 -4  0 -4 -3 -4 -2  1  0 -3 -2  5 -3 -2  0  0  2  1   25   0   1   1   2   0   1   1   1   6   8   1   1  24   1   1   5   1   6   8  0.47 0.35
  284 Q   -2 -2  2  3 -5 -1 -1 -1 -1 -3 -1  0 -3  6 -2 -1 -4  1 -2 -2    3   2   9  15   0   3   3   4   1   1   6   5   0  31   2   5   0   2   0   2  0.50 0.37
  285 E   -1 -1  2  4 -5  1  2 -1  1 -4 -3  1 -4 -2  0 -1 -1 -5 -3 -2    6   3  11  25   0   6  11   5   3   1   2   9   0   2   4   2   4   0   1   3  0.37 0.29
  286 L   -1 -1 -1 -3 -2 -1 -1 -3 -2  2  2  0  1  3 -2 -1 -1 -2 -1  1    4   3   3   1   1   2   4   2   0  16  17   7   4  14   2   3   4   0   1   8  0.15 0.16
  287 R   -1  1  1 -1 -3  3 -2  5  1 -6 -6  0 -5 -6  0 -2 -3 -5 -3 -5    4   9   5   3   1  13   2  41   4   0   0   6   0   0   4   3   1   0   1   0  0.70 0.47
  288 L   -1 -2 -3 -6  9 -5 -5 -4 -1 -5 -2 -2 -4 -1 -4  3 -2  2  0 -3    4   2   1   0  42   0   0   1   1   0   5   2   0   3   1  24   2   2   3   1  1.42 0.74
  289 R   -1  5 -1 -5 -3  2 -3 -5 -1 -6 -6  5 -5 -6 -2 -2 -1 -6 -5 -4    6  30   2   0   1   7   1   0   1   0   0  39   0   0   2   2   3   0   0   1  1.11 0.65
  290 C   -3 -4 -5 -5 -1 -5 -5 -6 -3  5  0 -4  0  0 -3 -1  3 -5 -2  3    1   0   0   0   1   0   0   0   1  36   7   1   2   4   1   4  16   0   1  20  0.75 0.48
  291 L   -5 -6 -6 -7 -5 -6 -6 -4 -6  3  5 -6  3 -4 -3 -6 -4 -5 -5  2    0   0   0   0   0   0   0   1   0  12  63   0   5   0   2   0   1   0   0  11  1.24 0.66
  292 V   -1 -5 -6 -6  0 -5 -5 -6 -6  4  3 -5  1 -1 -5 -5 -2 -5 -3  5    5   0   0   0   2   0   0   0   0  21  23   0   3   2   0   0   2   0   1  36  0.88 0.51
  293 T   -4 -6 -5 -6 -5 -5 -6 -6 -6  1 -1 -5 -5 -6 -6 -4  8 -7 -6 -1    1   0   0   0   0   0   0   0   0   7   5   0   0   0   0   0  78   0   0   3  1.95 1.01
  294 T   -3 -5 -4 -5 -5 -5 -5 -6 -6 -3 -6 -5 -5 -6 -3  4  7 -7 -6 -5    1   0   0   0   0   0   0   0   0   2   0   0   0   0   1  25  65   0   0   0  1.80 0.97
  295 R   -1  8 -2 -4 -6 -2 -4 -6 -1 -4 -4 -1 -5 -6 -3 -3 -2 -1 -5 -6    5  74   2   1   0   1   1   0   2   1   2   2   0   0   1   2   3   1   0   0  1.81 0.89
  296 D   -3 -3  5  5 -5 -2 -1 -4 -1 -2 -2 -1 -4 -1 -4  0 -3 -5 -2 -2    2   1  25  37   0   2   3   1   2   2   4   3   0   3   0   7   0   0   1   3  0.82 0.50
  297 V    0  1 -1 -2 -3  0  1 -1  0  1  0  3  1 -2 -2  0 -1 -1 -2  0    9   9   1   1   0   2   9   4   2  10   7  20   4   1   2   5   3   1   1   5  0.11 0.17
  298 E    0 -1  1  3 -3 -2  3  0 -1 -4 -2  0 -3 -2 -3  3 -1 -4 -1 -2    6   3   6  15   0   1  17   7   1   1   3   5   0   2   0  23   2   0   2   3  0.32 0.30
  299 I   -3 -2 -4 -4  1 -5 -3 -5 -5  3  1 -4 -2 -3 -2 -4 -2 -5 -2  6    1   2   1   1   2   0   2   0   0  17  12   1   0   1   2   0   1   0   1  50  0.93 0.53
  300 S    3 -4 -4 -3  3 -3 -2 -1 -3  1  1 -3 -1  2 -2 -1  1 -4 -1  1   29   0   0   1   6   0   2   3   1   7  13   1   1   9   2   3  10   0   2   8  0.28 0.29
  301 N    0  0  2  3 -2  2  0 -1 -1 -3 -2  0 -1 -3 -1  1  0 -1 -2 -3    8   5  10  16   1  11   5   4   1   1   5   6   1   1   3  11   6   1   1   1  0.19 0.21
  302 A    0  1 -1 -1  1  0 -1  0  1  0 -1  0  0  0 -1  1  0 -3  1  1    9   9   2   3   3   3   3   6   4   4   3   3   3   3   3  11   6   0   6  11  0.02 0.09
  303 A    2  0 -3 -4  1 -2 -3 -4 -2  1  1 -1  3 -1 -1 -1  0 -2 -2  2   19   5   1   0   3   1   1   0   1   6  16   4   8   3   3   4   4   1   1  18  0.21 0.24
  304 S   -1  0  2  2 -4  0  1  0  0 -2 -2  0  1 -3 -2  2  1 -4 -1 -3    5   5  10  11   0   4   9   8   2   1   3   4   6   1   1  16   7   0   2   1  0.16 0.20
  305 Q    0 -1  1 -1  1 -2 -1  3 -1 -4 -3 -1 -4 -2  2  1  1 -4  0 -2    6   3   6   3   4   1   3  28   1   1   2   4   0   1   9  13   7   0   3   2  0.30 0.27
  306 T   -1  2  2  0 -2  0  0 -2  1 -1 -3  1 -2  0  3  1  0 -1 -1 -1    4  11  11   3   1   4   4   3   3   5   1   8   0   5  14   9   7   1   2   4  0.19 0.18
  307 C   -1  0 -1  0  4  0 -1 -1 -2  0 -2  3 -3 -3  1  0 -1 -4 -2  1    4   5   2   4  11   3   3   5   1   5   3  22   0   1   7   7   3   0   1  12  0.23 0.22
  308 E   -2 -1 -1  1 -1  0  1 -3  3  0 -1  0 -2  1 -2  0  0 -2  4 -1    2   3   3   8   1   5   9   1   8   8   5   6   0   5   2   5   5   0  20   4  0.25 0.23
  309 F   -1 -1 -1 -2 -3 -1  1 -3 -1  2  0  0  1  1  1 -1  0 -3  0  2    3   3   2   2   0   2  10   1   2  15  10   6   3   7   8   4   5   0   3  15  0.14 0.15
  310 I   -2 -2 -2 -4 -4 -2 -2 -5  3  3  1 -2  2  2 -4 -3 -2 -2  3  3    2   2   2   0   0   1   2   0   7  17   9   2   5   9   0   1   2   0  10  26  0.49 0.32
  311 E    0  0  0  0 -2  0  3 -2  4 -3 -2  2 -1 -4  1  1 -1 -5 -3 -3    6   5   5   4   1   4  19   2  13   1   3  12   2   0   6  11   3   0   0   2  0.35 0.29
  312 V   -3 -3 -2 -3 -1 -4 -2 -5 -5  2  3 -4  3 -1  2 -4 -3 -5 -4  4    1   1   2   1   1   0   3   0   0  10  25   0   8   2  10   0   1   0   0  33  0.66 0.41
  313 T   -3  1  0  3 -5  0  3 -1  0 -4 -2  0 -4 -2  1  2 -1 -5 -3 -4    1   7   3  17   0   4  23   5   2   0   4   4   0   2   6  17   4   0   0   0  0.43 0.33
  314 S   -1 -1  0  0  1 -1 -2  4  0 -2  0 -2  0  0  0  1 -2 -4 -3 -1    3   4   3   5   3   3   2  35   2   1   9   1   2   5   6   9   2   0   0   3  0.32 0.25
  315 L   -4 -2 -6 -3 -5 -5 -3 -2 -2 -2  5 -5  2  4 -4 -5 -3  1 -1 -2    1   3   0   1   0   0   2   3   1   0  57   0   5  18   1   0   1   2   1   1  1.06 0.58
  316 E   -1 -1  0  1 -4 -1  2  0 -1 -4 -3 -1 -1 -2 -2  1  4 -5 -2 -3    3   4   5   7   0   2  15   7   1   0   2   4   1   2   2  11  32   0   1   1  0.45 0.38
  317 I   -2 -1  0  2 -3  0  4 -3  1 -1  0  2 -2 -2  0 -1 -1 -5 -1 -2    3   2   4  11   0   3  27   1   4   4   8  12   1   2   5   4   4   0   2   3  0.30 0.27
  318 D    0 -3  0  4 -5  0  4 -2 -1 -5 -4  0 -4 -1 -2  0  0 -1 -3 -4   10   0   4  21   0   4  30   2   1   0   1   6   0   3   2   7   6   1   1   1  0.58 0.42
  319 E   -3 -3 -3  1 -7  3  6 -4 -2 -5 -5  2 -6 -7 -4 -4 -3 -1 -4 -6    2   0   1   8   0  10  58   1   1   1   1  14   0   0   1   1   1   1   1   0  1.38 0.75
  320 C    3 -4 -2 -3  2 -4 -2  2 -4 -2 -3 -2 -2 -5 -4  4  2 -1 -5 -3   26   0   1   1   5   0   3  12   0   2   2   2   1   0   0  32  11   1   0   1  0.63 0.46
  321 Y   -3 -1 -5 -4 -5 -3 -3 -6 -1  0  4  0  2  1 -6 -5 -3  8  0  0    2   3   0   1   0   1   2   0   2   5  37   6   5   5   0   0   2  22   2   5  0.99 0.53
  322 D   -1 -1  0  1 -4  1  5  1 -1 -4 -2  0 -2 -1 -3  1  0 -5 -4 -4    4   2   4   6   0   6  35   9   1   1   5   4   1   3   1  11   5   0   0   1  0.45 0.36
  323 F   -2 -6 -5 -7 -1 -6 -6 -5 -6  3  5 -4 -1  0 -6 -3 -3 -5 -4  1    4   0   0   0   1   0   0   1   0  14  63   1   1   4   0   2   1   0   0   7  1.15 0.60
  324 L   -5 -4 -6 -4 -1 -3 -5 -7 -6 -3  4  0  0  7 -7 -6 -5 -4 -3 -4    1   1   0   1   1   1   1   0   0   0  39   5   1  44   0   0   0   0   0   0  1.43 0.75
  325 E    3  1 -1 -3  4  1  0 -2 -4 -2 -3  0 -2 -3 -4  3 -1 -5 -3 -3   26   9   2   0   7   7   7   3   0   2   2   6   1   1   0  22   2   0   1   1  0.44 0.37
  326 A    0  2  0 -1 -3  1 -1 -2  0 -1  2  2  1 -1 -3  0 -2 -2 -1 -2    9  10   5   3   0   6   3   2   2   3  23  16   4   3   0   7   1   0   1   1  0.18 0.20
  327 Y   -2  0  0  0  0 -2 -2 -3  1  0 -2  2  0  4 -4 -1  0  6  3 -1    2   5   4   5   2   1   2   1   3   7   4  12   2  17   1   5   5  11   9   3  0.39 0.27
  328 G    3 -1 -1 -1 -2 -1 -3  1  0 -2  0  0 -2 -2 -3  0  0 -4 -3  2   26   3   3   3   0   2   1  12   3   1   8   7   0   2   0   6   5   0   0  19  0.25 0.26
  329 M   -1 -2  3 -1 -4  0 -1  0 -2 -2  0  0  1  5 -2 -1 -3 -2 -1  0    4   2  18   4   0   5   4   7   1   2   7   5   3  23   2   5   1   1   1   7  0.32 0.28
  330 P   -1  0  1 -1  2  0  0  0 -1  0  0  0  2 -3  2  0  0 -4 -3 -1    4   7   9   3   4   4   5   6   1   5   8   5   6   0  12   8   7   0   0   4  0.11 0.13
  331 M   -1  1  0  1 -2  0  1 -1  0 -1 -2  2  0 -1  1  0  0 -3  0 -1    3   6   4   7   1   4  10   4   2   5   4  17   2   2   8   9   5   0   4   5  0.12 0.13
  332 P   -1  0  1  0 -3  0  1  0 -1  0 -1  1  2 -2  2  0  1 -4 -1  0    2   4   6   4   0   4   8   7   1   7   4  11   8   1   9   8   8   0   2   6  0.11 0.14
  333 V    0  0  0  1  2  0  1 -1  0  0  0  0  0 -2  0  0  0 -3 -1  0   10   3   4   7   5   5   8   3   3   9   7   8   2   1   5   6   6   0   1   8  0.04 0.06
  334 G   -1 -2  0  3  1  0  0 -1 -3  1 -2 -1 -1 -2  3  0 -1 -2 -2  1    6   1   3  21   3   4   5   5   0   9   4   3   1   1  13   7   2   1   1  10  0.23 0.21
  335 E   -1 -1  1  1  1  0  3 -1  0 -2  0  0 -3 -3  2  1 -1 -4 -3 -2    5   2   8   8   4   3  19   3   2   2  10   6   0   0   9  12   2   0   1   2  0.22 0.20
  336 K    0  1  0  1 -4  1  3 -2  1 -3 -2  2 -2 -3  2  0  0 -4 -2 -2    7   7   3   9   0   6  19   2   3   1   4  12   1   1  10   6   5   0   1   3  0.26 0.21
  337 E   -1 -2 -2  1 -1 -1  1 -4  0 -1  4 -2  2  0 -2 -2 -2 -4  1 -1    4   2   2  10   1   2  11   1   2   2  40   2   4   4   2   2   2   0   5   2  0.39 0.32
  338 E   -2  0  0 -2 -2 -1  4 -4  0 -4 -3  1 -2 -6  6 -2 -3 -6 -4 -3    3   5   5   1   1   2  27   1   2   1   3   7   1   0  34   2   1   0   0   2  0.92 0.56
  339 D   -1 -1  1  3 -2  0  3 -2  1 -3 -3 -1 -1 -4  0  1 -1 -4 -1 -2    5   3   7  19   1   4  22   2   3   2   2   3   1   0   6  10   4   0   2   3  0.34 0.26
  340 V    1 -2 -3 -2 -3  3  1 -3  0  2  2 -1  0 -2 -2 -2 -1 -3 -1  1   14   2   0   2   0  13  10   1   3  12  18   4   2   2   1   2   3   0   2   9  0.21 0.22
  341 L    4 -4 -4 -3  0 -1 -2  1 -4  0  1 -2  0 -1 -3 -2 -1 -4  0  2   35   0   0   1   2   2   2  12   0   4  12   2   2   3   1   2   2   0   3  14  0.37 0.31
  342 N   -1  2  1  1 -1  0  0 -2  2 -3 -2  4  0 -2 -2  0 -1 -1 -1 -2    5  13   8   6   1   3   4   2   6   1   3  27   3   1   2   6   3   1   2   3  0.31 0.25
  343 K   -1  1  0  1  0  3  2 -2  1 -4 -1  3 -2 -3 -3  0 -1 -1 -2 -3    4   8   4   8   2  13  16   2   4   0   7  16   1   1   0   8   3   1   1   1  0.30 0.25
  344 T    0 -5 -6 -6  1 -5 -5 -6 -6  6  1 -5  3 -4 -5 -5 -2 -5 -5  2    9   0   0   0   3   0   0   0   0  50  12   0   8   0   0   0   2   0   0  12  1.17 0.58
  345 I    1 -2 -2 -4 -1 -2 -4 -4  4  2  1 -2 -1  1 -2 -2 -1 -4  1  3   11   2   1   0   1   2   0   0  11  13  13   2   1   6   2   2   2   0   5  25  0.38 0.29
  346 E    0  3  1  1 -5  1  2 -2  0 -3 -4  4 -2 -5 -4  1 -2 -1 -2 -3    7  13   6   8   0   5  16   2   2   1   1  24   1   0   0   8   2   1   1   2  0.44 0.32
  347 L   -2  0 -1 -2 -3  0  4 -4  2 -1  1  3  0 -2 -4 -2 -1 -5 -2 -1    2   5   2   1   1   3  30   1   5   4  13  20   2   1   0   2   3   0   1   5  0.45 0.36
  348 S   -4 -3 -6 -7 11 -3 -4 -2 -2 -4 -4 -7 -6 -7 -7  0  0 -7 -3 -4    1   2   0   0  72   1   1   4   1   1   2   0   0   0   0   6   6   0   1   1  2.80 1.12
  349 S   -1  1  0 -1  0 -1 -1  2 -1 -2 -2  4  1 -4 -4  0 -2 -4  1 -2    5   8   3   3   3   2   3  19   1   2   4  29   3   0   0   7   1   0   5   2  0.38 0.32
  350 G    0  1  1  1  3 -1 -1  0  2 -2 -1  1 -1 -2 -2  0 -1 -2  1 -2    9   9   9   9   8   0   1   9   9   0   9   9   0   0   0   9   0   0   9   1  0.12 0.11
  351 N    0 -2  0 -2  2 -2  0  0  2  0  0 -2  1  1  1  0  0  4  1  0    6   0   6   0   6   0   6   6   6   6   6   0   6   6   6   6   6   6   6   6  0.11 0.15
  352 P   -3 -5 -5 -5 -6 -5 -5 -5 -5 -2 -1 -5 -5 -6  8 -4 -4  1 -6 -2    1   0   0   0   0   0   0   0   0   3   6   0   0   0  82   0   0   2   0   3  2.41 0.88
  353 A    2 -4 -2 -5 -3 -4 -4 -4 -1  0  5 -4  2  1 -1 -3 -3 -4 -2 -1   16   0   3   0   0   0   0   0   1   4  57   0   4   4   3   1   0   0   1   3  0.70 0.40
  354 T    4 -2 -3 -4 -1 -2 -3 -3 -1  0  3 -3  1 -1 -3 -1 -1 -4 -3  1   37   3   1   0   1   1   0   0   2   3  29   0   3   2   0   2   3   0   0  12  0.47 0.33
  355 L   -1 -4 -5 -5 -3 -4 -2 -5 -5  5  4 -4  1 -2 -4 -4 -2 -4 -3  2    6   0   0   0   0   0   3   0   0  38  35   0   2   0   0   0   1   0   0  12  0.85 0.42
  356 M    2 -1  0 -1 -1 -2 -1 -2 -2  0  0  0  0 -3 -3  2  1 -4 -3  2   18   2   6   2   1   0   2   1   1   6  11   6   2   0   0  15   7   0   0  19  0.17 0.19
  357 M    0 -2 -2 -4 -2 -3 -1 -2 -4  1  2 -2  5 -2 -4 -1  1 -4 -3  3    8   1   1   0   1   0   3   2   0   7  23   2  18   0   0   4   8   0   0  20  0.39 0.28
  358 F    0 -2 -2 -5 -1 -4 -4 -5 -4  5  2 -2  1  2 -4 -3 -2 -4 -2  2    7   2   2   0   1   0   0   0   0  37  21   2   3  10   0   1   1   0   0  12  0.60 0.34
  359 F    3 -2 -2 -4 -2  0 -4  5 -4 -1 -1 -3 -2  1 -4 -1 -3 -4 -2 -1   23   2   2   0   1   5   0  42   0   3   5   0   1   8   0   3   0   0   1   4  0.62 0.37
  360 K    3 -1  0 -3 -2  1 -1  2 -1 -2 -3  3 -3 -4 -2  1 -1 -4 -3 -3   27   3   4   0   1   5   2  18   1   3   1  21   0   0   1  11   2   0   1   0  0.42 0.31
  361 S    1 -1 -2 -2 -2  1 -1 -1  2  0  2  0  2 -1 -3  1  0 -3 -1  0   11   3   0   1   1   6   3   5   6   3  27   5   7   2   0  10   4   0   1   5  0.13 0.16
  362 C   -1 -4 -3  0  2 -1 -3 -5 -4  0  4 -3  2  1 -4 -2 -3 -4 -3  0    6   0   1   7   5   4   1   0   0   3  52   2   5   6   0   2   0   0   0   5  0.57 0.36
  363 E    1  2 -1  0 -2  0  1 -1  2 -2  0  1  2 -1 -3  1 -1 -3 -1 -2   16  14   1   5   1   3   8   2   5   0   8   9   7   2   0  13   2   0   2   2  0.16 0.18
  364 P    0  1  1  2 -2  0  1  2 -1 -2 -2  1  0 -3  0  1  0 -4 -2 -3    7  10   5  14   1   3   8  14   1   2   3   8   3   1   5   9   6   0   1   0  0.18 0.14
  365 K   -2  2  2  1 -4  0  0  1  1 -2 -3  3 -2  1 -2 -1  0 -4 -1 -2    1  12  13   6   0   3   5   9   3   3   2  22   1   7   1   4   4   0   1   2  0.24 0.20
  366 T   -1  2  1 -1 -2  0  0 -1  1 -1 -2  0 -3 -1  3  0  2  1 -2 -2    4  13   8   3   1   3   4   5   4   4   4   4   0   2  14   8  13   2   1   2  0.19 0.17
  367 F    0 -1  0  0 -2  0  1 -2  1  0  0  0 -1  0  1  0  0  3 -1  0    9   3   4   4   0   4   9   2   4   6   8   6   1   6   7   8   5   4   1   7  0.06 0.07
  368 E   -1  0  2  4 -3 -1  2 -1  1 -3 -3  0 -1 -3 -2  1 -1 -4 -2 -2    5   5  12  24   1   1  14   5   3   2   1   4   1   1   2  12   3   0   1   3  0.37 0.25
  369 K   -1  5 -1  1 -4  0  3 -3 -2 -3 -3  0 -2 -3 -3 -2 -3  3 -1 -2    4  38   2   6   0   3  18   2   1   1   3   4   1   1   1   2   1   5   2   4  0.66 0.40
  370 M   -2 -1 -1 -1 -6 -1 -1 -2 -5 -1 -1 -2  1  1 -6 -2 -1 10  0 -2    4   4   3   4   0   3   5   3   0   3   7   3   3   6   0   4   3  37   3   3  1.24 0.68
  371 A    0 -1  0  0  0  0  2 -1  0 -1 -2  0  0 -3 -1  0  0  5  0 -1    6   3   4   5   3   4  17   6   3   4   4   4   3   0   3   8   7   7   4   5  0.15 0.18
  372 Q   -2 -1  1  0 -5  1  1 -2  0 -2 -2  0  0 -1 -1  0 -1  6  4 -2    2   3   7   6   0   7  10   2   2   2   3   5   3   2   4   7   4  12  14   2  0.40 0.34
  373 L    0 -2 -3 -4 -2 -4 -3 -4 -2  2  1 -5 -1  1 -5 -3 -3  1  6  3    8   2   1   1   1   0   2   1   1   9  15   0   1   6   0   1   2   2  28  20  0.74 0.42
  374 N    0  1  0 -3  2  0 -2 -3  2  0  3 -1  0 -3 -4 -1 -2  0  0  1   10   8   4   1   5   4   3   2   5   3  32   4   2   0   0   4   1   1   3   9  0.25 0.22
  375 N   -2  4  2  0 -2  0  3 -2  0 -4 -4  3 -4 -4 -3 -2 -1 -2 -1 -3    2  21  10   5   1   3  16   3   3   1   1  20   0   1   1   3   5   1   3   2  0.53 0.35
  376 K   -1  3  2  0  0  4  0 -4 -1 -2 -1  2 -1 -4 -3  1 -1 -3 -2 -2    4  16  11   4   2  18   4   1   1   2   5  11   1   0   1  10   3   0   2   3  0.38 0.29
  377 L   -4 -4 -3 -4 -2 -4 -5 -5 -4  3  5 -3  1  0 -2 -3 -3  0 -3  1    1   1   1   1   1   1   1   1   0  13  56   2   3   3   2   2   2   1   1   7  0.93 0.47
  378 E   -2  3  1  1 -2  3  2 -1  1 -2 -3  2 -3 -3 -3 -1 -1  3 -2 -2    3  14   8   7   1  15  13   6   3   2   3  10   0   1   1   4   3   4   1   2  0.34 0.25
  379 S    0  0  3  0 -3  1  0 -2 -2 -2 -3  2  0 -3 -2  3  1  2  0 -3    7   5  12   6   0   5   6   2   1   2   2  12   2   1   1  22   7   3   3   1  0.28 0.25
  380 R   -1  3  1 -3 -2  0  0 -4  4 -3 -3  4 -3 -2 -2  0 -2  1  1 -3    5  17   8   1   1   4   5   1  10   2   2  25   0   2   2   7   1   2   5   1  0.51 0.34
  381 G   -1 -1  0  2 -3  2  0  2 -1  0 -1  1 -2 -3 -1  1 -1 -2 -2 -1    4   2   5  13   0  10   4  17   1   5   7   9   1   1   3   9   3   1   1   4  0.17 0.15
  382 L    0 -2 -1 -2 -3 -1 -1 -3 -2  1  2 -1  0  3  0 -1 -2  0 -1  1    7   2   3   2   0   3   5   1   1   7  25   3   2  14   5   5   2   1   2  10  0.20 0.16
  383 V   -1  0  2  0 -3  0  0  1 -1 -2 -2  2 -2 -2 -2  2  1 -1 -3 -1    3   4   8   4   0   4   5   9   2   2   4  16   1   2   2  18  11   1   0   3  0.21 0.20
  384 G    0  2  3  0 -2  0  1  0 -1 -2 -2  1 -2 -2 -1  1 -1 -4 -2 -1    6  13  16   4   1   4   8   7   1   3   3   9   1   2   3   9   3   0   1   5  0.19 0.17
  385 V   -2 -2 -1 -1  0 -3 -2 -2 -4  5  1 -2  0  0 -3 -2 -1 -1 -2  1    3   3   3   3   2   1   3   3   0  37  15   3   2   5   1   3   3   1   1   9  0.47 0.26
  386 E   -2  4  0  1 -4 -1  2 -2 -2 -2 -3  2 -2 -3 -1  1  0  0 -1 -3    3  20   5   7   0   2  16   3   1   2   2  10   1   1   3  11   7   1   2   2  0.34 0.25
  387 C   -1  2  1  0  2  0  0 -1 -2 -2 -1  3 -2 -1 -1  1 -1  0 -2 -3    5   9   7   5   4   4   4   4   1   2   6  22   1   2   3  13   3   1   1   1  0.22 0.19
  388 I   -1 -1  0 -1 -1  0  0 -2  2  1  0 -1  0  1 -1  2  0 -3 -1  1    2   2   4   3   2   4   5   3   5  10   7   3   2   8   3  17   5   0   1  13  0.10 0.13
  389 T   -1 -1  1  0 -1  0  0 -1  0 -1 -2  0  1  1 -1  3  2 -3 -2 -1    3   2   5   6   1   3   4   5   2   3   4   5   4   6   2  24  15   0   1   4  0.19 0.18
  390 P    0  0  0  1 -1  0  0  0  1 -2 -2 -1 -2 -1  2  3  0  0 -1 -2    7   4   5   8   1   4   5   6   3   2   4   4   1   3  11  22   4   1   2   2  0.18 0.16
  391 Y   -2  0  0  0 -3  0  0 -1  0 -2 -2  0 -3  1 -1 -1 -2  1  6 -1    3   4   4   6   0   4   6   4   2   3   5   6   1   5   3   6   3   1  30   4  0.45 0.26
  392 S   -2  0  0  3  1  1  2 -2  0 -2 -2  2 -2  2  0 -1 -1 -3 -2 -2    2   5   5  18   4   5  12   3   2   2   3  12   1   8   5   5   3   0   1   4  0.24 0.17
  393 Y   -3 -1 -1 -1 -2  0 -1 -3  1 -2  0  0  0  2 -2 -1 -3  2  7 -2    2   3   3   4   1   3   5   2   3   3  10   5   3   6   3   4   1   3  34   3  0.61 0.31
  394 K   -1 -1  1  2 -4  1  4 -2 -2 -4 -3  3 -4 -4  0  0 -1 -4 -3 -2    4   2   7  11   0   5  27   4   1   1   3  18   0   0   5   5   4   0   1   3  0.48 0.32
  395 S    1 -1  3  1 -4 -1 -1  0  0 -2 -4  1 -2 -4 -2  3  1 -4 -3 -2   14   4  12   7   0   3   3   6   2   2   1  10   1   0   1  23   7   0   1   3  0.33 0.26
  396 L   -3 -4 -3 -4  2  1 -4 -5 -4  3  4 -3  5  0 -2 -3 -2 -4 -2  1    2   0   1   1   4   7   1   1   0  15  36   1  14   4   2   2   1   0   1   9  0.61 0.33
  397 A   -1  0  2  3 -3  0  1 -2  3 -2  0  1  0 -1 -2  0 -1 -3  1 -1    4   5  12  16   0   3   9   2   8   1  11   7   2   3   1   6   2   0   5   3  0.19 0.15
  398 M    0  1  0  2 -2  2  2 -2  0 -2 -3  1  0 -1 -1  0  0  0 -2 -1   10   7   3  13   1   8  15   3   2   2   1  11   3   2   3   4   7   1   1   3  0.19 0.15
  399 A    4 -1 -2 -4  2 -4 -4 -4 -4  2 -2 -3  1 -3 -3 -1  0 -5 -3  3   39   3   2   1   5   0   0   0   0  13   2   1   4   1   1   3   6   0   1  19  0.58 0.36
  400 L   -3 -6 -6 -7 -5 -5 -6 -5 -6  4  4 -6  5  3 -6 -5 -4 -5 -4  0    1   0   0   0   0   0   0   1   0  21  45   0  16  12   0   0   0   0   0   4  1.19 0.54
  401 Q    1 -1  0  3 -3  2  1  0 -1 -4 -2  1  0 -4 -3  2  0 -5 -3 -3   11   2   4  16   0  11  10   6   1   0   5   9   3   0   0  16   4   0   1   1  0.29 0.24
  402 R    0 -1 -4 -4 -3 -1 -1 -4 -3  2  3 -1  3 -1 -4 -2 -1  1 -2  1    8   3   0   0   0   2   4   1   0  13  33   4  10   2   0   3   4   2   1   9  0.37 0.25
  403 C   -2 -6 -4 -3  6 -5 -5 -4 -6 -4 -6 -5 -6 -3 -6  7 -2 -7 -3 -6    2   0   0   1  16   0   0   1   0   1   0   0   0   1   0  74   1   0   1   0  1.92 0.88
  404 V   -5 -6 -6 -7 -5 -6 -5 -7 -4  4  1 -6 -3  3 -7 -6 -3 -3  6  3    0   0   0   0   0   0   1   0   0  22  12   0   0  13   0   0   1   0  31  19  1.24 0.57
  405 E   -2 -1  3  4 -6  1  4 -3 -1 -4 -4  1 -5 -4 -3 -1 -2 -6 -4 -5    2   3  15  23   0   6  26   2   1   1   1  10   0   0   1   4   2   0   0   0  0.71 0.41
  406 V   -1  1  1  2  0  2  1 -3  3 -2 -2  0  1 -2 -3  0 -1 -4 -1  0    4   8   7  14   2  10   8   1   9   2   3   5   5   1   0   7   3   0   2   9  0.20 0.19
  407 L   -6 -7 -8 -8 -6 -7 -7 -8 -7 -2  7 -7  1 -1 -7 -5 -6 -6 -5 -2    0   0   0   0   0   0   0   0   0   1  92   0   3   2   0   1   0   0   0   2  2.07 0.84
  408 S   -1  0  1  2 -5 -1  0 -3 -4 -5 -5  0 -5 -6  6  2  0 -6 -5 -5    4   5   6  12   0   3   7   1   0   0   0   6   0   0  37  13   5   0   0   0  0.87 0.45
  409 D    0 -2 -1  3 -2  0  2 -2  0 -3 -2  0 -2 -2  3  1 -1 -2  1 -2    7   1   2  19   1   3  12   3   3   1   4   7   1   1  14  10   3   1   7   3  0.30 0.22
  410 E   -3  1  1  3  0  0  4 -3  3 -5 -5  0 -4 -3  0 -1 -2 -2  2 -3    2   7   8  16   3   3  27   1   8   0   0   5   0   1   5   4   2   0   8   1  0.53 0.33
  411 D   -1 -3 -2  1 -1  0  0 -4  0  1  4 -1  2 -1 -4 -2 -1 -4 -1  0    4   1   1  10   1   4   6   0   3   6  42   3   5   2   0   2   3   0   2   5  0.37 0.27
  412 R   -3  4 -4 -4 -4  2 -2 -3 -1 -3 -2  6 -4 -4 -4 -4 -4 -6 -5 -3    2  24   0   0   0   9   1   1   2   2   4  51   0   1   1   0   1   0   0   1  1.23 0.59
  413 S    0  0  0  2 -2  1  2 -2  1 -2 -2  1  1 -4  1  1 -1 -4 -2 -2    6   3   3  12   1   7  17   2   4   3   4   8   4   0   7  12   2   0   1   2  0.22 0.18
  414 A    0  0 -1 -4  7 -2 -1 -4  1  0  1 -2 -1  0 -4 -2  0 -3  3 -2    6   6   3   0  28   2   4   1   3   4  15   2   1   3   0   2   6   0  12   2  0.64 0.34
  415 L   -5 -5 -5 -6 -5 -5 -5 -6 -3 -3  2 -2  2  6 -6 -3 -5 -2  7 -4    0   0   0   0   0   0   0   0   0   0  20   2   4  35   0   2   0   0  32   0  1.49 0.60
  416 A    0  0 -1 -2  1  0  1 -3 -1 -1  3  1  0 -1 -3 -1  0 -1 -1 -1   10   6   2   1   3   4  12   1   1   2  31  10   2   2   0   3   5   1   1   1  0.19 0.19
  417 F   -2 -2 -2  4  3  0 -1 -4  0 -2  0 -1  0  0 -4  0  0  1  5 -3    3   2   1  23   7   5   3   0   2   2   8   3   2   4   0   6   6   2  21   0  0.45 0.30
  418 A    0 -5 -5 -6  4 -5 -5 -5 -5 -1  5 -5  1  5 -5 -3 -4 -4 -3 -3    7   0   0   0  10   0   0   0   0   3  49   0   3  23   0   2   0   0   0   0  1.05 0.48
  419 V    3 -2 -3 -4  0 -3 -3  2 -4  0 -1 -3  0 -2 -3  2  0 -4 -4  2   30   2   0   0   2   0   0  14   0   4   4   0   2   1   0  19   6   0   0  14  0.44 0.31
  420 V   -1 -2 -3 -5  1 -3 -4 -4  0  5  1 -4  0 -3 -4 -2 -1 -4 -2  4    3   2   1   0   3   1   0   1   3  35  13   0   2   0   0   4   2   0   1  27  0.69 0.35
  421 M   -5 -6 -6 -6 -5 -6 -6 -6 -5 -2  2 -6  1  8 -6 -5 -5 -3  2 -2    0   0   0   0   0   0   0   0   0   2  20   0   4  63   0   0   0   0   5   2  1.83 0.67
  422 P   -1 -1 -2 -1  1  1  0  0 -2 -3 -4 -2 -3 -5  7 -2 -2 -5 -3 -3    5   3   2   3   3   7   6   6   1   1   2   2   1   0  50   3   2   0   1   2  1.07 0.47
  423 P   -2 -1 -2  2 -5 -1  5 -3  0 -5 -4  3 -4 -4  1 -1 -2 -5  0 -2    3   2   1  10   0   2  35   1   2   0   2  22   0   0   7   4   1   0   4   3  0.66 0.38
  424 G   -2 -2  2  7 -2 -3  0  1 -1 -5 -5 -2 -5 -3 -4  0 -4 -6 -2 -3    3   2   9  54   1   0   4  12   1   0   1   2   0   1   0   6   0   0   1   2  1.11 0.50
  425 V   -1 -2 -2 -3  0  1 -2 -4  1  1 -1 -2 -1  1 -1 -1 -1 -1  3  4    5   2   2   1   2   8   3   0   3   8   4   2   1   5   3   5   3   1  10  30  0.26 0.22
  426 D   -1  0  2  1 -4 -1  2 -3 -1 -2 -2  3 -1 -1  0 -1 -2  4 -2 -2    4   4  11   9   0   2  14   1   2   2   5  24   1   3   5   3   2   6   1   3  0.35 0.25
  427 I   -2 -5 -5 -4 -4 -5 -5 -6 -5  7  0 -3 -1 -1 -5 -2 -4 -5  0  3    4   0   0   1   0   0   0   0   0  55   5   1   1   2   0   3   0   0   3  22  1.23 0.53
  428 P   -3 -2 -1 -1 -5 -2 -1 -3  1 -5 -3 -1  0 -1  6  2  1 -3 -4 -4    1   2   2   4   0   1   3   1   4   0   2   3   2   2  46  13   8   0   1   1  1.04 0.52
  429 V    1 -1 -2 -3 -1 -1  0 -2 -1  1  0  0  0 -1  1  0  1 -3 -2  1   14   4   1   0   1   2   6   2   2   9  10   6   2   3   8   7  11   0   0  11  0.11 0.13
  430 K    0  0  1  0 -3  1  0  0  2 -2 -2  0  1  1  1  0  0  4  1 -1    6   6   6   6   0   6   6   6   6   0   1   6   6   6   6   6   6   6   6   6  0.11 0.15
  431 L    0  1  0 -2  0  0  0 -1  1  1  0  1  1  0  0  0  0 -3  0  1    6   7   3   0   3   3   6   5   3   8   5   8   5   3   4   5   6   0   4  15  0.03 0.09
  432 W   -2 -2 -5 -2  0 -4 -2 -6 -1  2  5 -5  1  0 -5 -4 -2  5 -1  0    3   2   0   3   2   0   2   0   2  11  51   0   3   3   0   0   3   7   2   6  0.78 0.48
  433 S    0  0 -1 -2  2  0  0  0  0  1  0 -1  1 -1 -1  1  0 -3 -1  0   10   5   3   0   5   3   7   7   2  13   6   4   4   2   2  14   6   0   2   6  0.06 0.11
  434 C   -1  2  0 -2  3 -1 -2 -2 -1  2  1 -1  0 -1 -2 -1  0  1  1  0    6  14   4   2   6   3   1   3   2  13  17   3   2   2   2   3   6   2   4   6  0.12 0.16
  435 V   -2 -3 -1 -3  0 -2 -3 -3 -4  1  4 -3  1  1 -5 -2 -2  2  3  0    2   1   3   2   2   1   1   2   0   7  43   2   3   6   0   3   2   3  10   6  0.55 0.39
  436 I   -2 -3 -7 -7 -1 -6 -3 -1 -6  2 -2 -3  1 -4 -1 -4 -6 11 -1 -1    3   2   0   0   1   0   2   5   0  10   5   2   3   0   4   2   0  54   2   4  2.23 1.00
  437 P    0 -1  1  1 -2 -1  1  1 -2  0 -1 -1  1 -2  2 -1 -1  3 -2  0    9   3   6   7   1   3   9  12   1   7   5   2   5   1  11   4   3   5   1   6  0.12 0.14
  438 V    2 -1 -3 -2  1 -1  0  0 -2  0  1 -1  2  0 -2 -2  0  2  0  1   17   3   0   2   3   3   7   8   1   4  13   3   5   4   1   1   5   3   4  12  0.10 0.15
  439 D   -3 -1  1  4 -2 -1  4  0 -2 -1 -3 -1 -2  0 -3 -1 -1 -5 -4 -4    1   3   6  24   1   2  29   7   1   4   3   3   1   5   1   4   3   0   0   1  0.58 0.42
  440 I   -1 -1 -2 -1 -3 -1  0  1 -1  2  1 -1  2 -1 -2 -1  0 -3 -1  1    5   3   1   3   0   2   7  11   2  16  13   3   7   2   2   3   7   0   2  11  0.11 0.14
  441 C   -1 -2  0 -1  1  0  1 -2  1  0 -1 -1  0  2  1  0 -1 -2  2  0    3   2   4   4   3   5  12   3   4   5   6   3   2  12   7   9   4   0   7   7  0.10 0.13
  442 S   -1  0 -1  2 -2  0  2  1 -1 -1 -2  0 -3 -1  1  1  0  1 -3 -2    4   5   2  13   1   4  14  10   1   4   4   4   0   4   7  10   6   2   0   3  0.15 0.15
  443 N    0  0  2  1 -2  0  2 -1  2  0 -2  1 -1  0 -2  0  0 -1 -1  0    6   3  11   7   1   4  16   4   5   5   3   7   1   4   2   6   7   1   2   7  0.13 0.14
  444 E   -1 -1 -1  3 -4  1  3  0 -1 -2 -2  0 -2 -2 -2  0  0 -4 -1  0    3   3   2  16   0   5  23   7   1   2   5   6   1   2   2   6   6   0   3   6  0.28 0.25
  445 E    0  0  1  1 -4  0  4  0  0 -2 -3 -1 -1 -4 -1 -1 -1  0 -2  0    7   6   7   7   0   3  31   8   3   2   2   4   2   0   3   4   3   1   1   7  0.36 0.30
  446 E   -1  1  0  1 -2  1  3 -1  0 -2 -2  0  3  0 -2  0 -1 -4 -1 -2    5   6   4   7   1   7  24   5   2   2   3   6   8   4   1   8   3   0   2   2  0.25 0.24
  447 Q   -1  0 -1  1  0  0  3 -2 -2 -1 -1 -1  2 -2 -2  0  2 -2  1 -2    5   4   2   9   2   4  21   3   1   4   7   3   5   1   1   8  12   1   6   2  0.21 0.22
  448 L   -1 -3 -3 -2 -2 -2 -3 -2 -4  3  3 -3  5  0 -2 -2  0 -2 -1  1    5   1   1   3   1   2   1   3   0  14  26   1  13   4   2   2   7   1   2  10  0.39 0.28
  449 D   -2  1 -3  2 -3 -1  4 -2 -1 -1  1 -1  2 -3 -2 -2 -2 -5 -4 -2    4   9   0  11   1   2  31   3   1   4  16   3   5   1   2   3   2   0   0   2  0.45 0.36
  450 D   -3 -1  0  4 -2  0  4 -2 -1 -3 -1 -1  0 -2 -1 -1 -1 -5 -2 -3    2   3   4  24   1   4  28   4   2   2   6   3   3   2   3   3   3   0   2   2  0.51 0.38
  451 E   -2  0 -3 -1 -5 -1  4 -5 -2  1  2 -1 -1 -1 -4 -2 -1 -5 -3  2    2   5   1   3   0   2  30   1   1   7  17   3   1   2   0   3   3   0   1  17  0.48 0.38
  452 V    3 -3 -4 -4  1 -5 -5 -1 -5  1  1 -4  0  0 -5 -3 -2 -5 -3  4   24   1   1   1   3   0   0   6   0   5  13   1   2   4   0   1   2   0   1  33  0.63 0.43
  453 A    1  1  0  0 -1  1  3 -2  2 -2 -3 -1 -1 -3 -4  1 -2 -1 -1  1   11   6   5   5   1   6  23   3   6   3   2   3   2   1   0   9   1   1   2  10  0.27 0.27
  454 D   -1  0  2  4 -5  1  1  0 -2 -3 -3  1 -3 -5 -4  1 -2 -3 -2 -4    5   5  11  26   0   5  10   7   1   2   2   9   1   0   0  10   2   0   2   1  0.47 0.36
  455 R   -2  2 -1 -4  2  0 -2 -4 -1  1  0  0 -1  0 -4  1 -1  1  5 -1    3  13   3   0   5   4   2   1   1  10   7   6   1   4   0  11   3   2  20   5  0.36 0.32
  456 L   -5 -5 -3 -4 -5 -5 -5 -6  0  1  5 -3  4  1 -5 -1 -4 -2 -2  0    1   0   1   1   0   0   0   0   2   8  56   2   8   6   0   5   1   1   1   5  1.01 0.56
  457 K    0  0  1  1 -1  2  2 -2  1 -1  0  2 -1 -3 -3  0  0 -1 -1 -1    9   3   8   6   2   9  13   2   4   3   9  12   1   1   0   6   5   1   1   4  0.14 0.16
  458 R   -1  1  0  1 -5  1  4 -2 -1 -3 -1  1 -1 -3 -4  0 -2 -5 -1 -3    4   8   4   8   0   6  32   3   1   2   6  10   1   1   0   8   2   0   2   2  0.44 0.35
  459 L   -4 -2 -6 -5 -5 -4 -6 -6 -6 -1  6 -3  0  3 -6 -3 -3 -2 -1 -1    1   3   0   1   0   1   0   0   0   3  65   2   1  12   0   2   1   1   2   4  1.23 0.67
  460 S    1 -1 -3 -1  3 -1 -1 -3  0  2  0 -1  0 -1 -4 -1 -1 -4 -1  3   11   3   1   3   7   3   4   2   3  14   8   4   2   3   0   5   3   0   2  24  0.24 0.23
  461 K   -2  2  3  2 -1  0  1 -2  1 -5 -3  3 -3 -3 -3  1 -2  1 -3 -4    3  12  13  13   1   4   8   3   3   0   3  19   0   1   1   9   2   2   1   1  0.40 0.33
  462 R   -3  7  1 -2 -4 -2 -1 -3 -1 -5 -3  3 -3 -4 -6 -1 -4 -1 -4 -3    2  52   6   2   0   1   3   2   2   1   3  16   1   1   0   4   1   1   1   2  1.22 0.71
  463 G   -1 -2  2 -4  2 -1 -2  2 -1 -1 -3 -2 -3 -1 -3  4 -2  2 -1 -1    4   2  11   0   4   2   3  13   1   4   3   2   0   3   1  36   1   2   2   5  0.49 0.42
  464 A   -1 -1 -1 -1 -4 -2 -1 -1 -4  0  4 -2  3  0 -3 -1 -3  0 -2  0    6   3   4   5   0   2   4   4   0   3  42   2   8   4   1   4   0   1   1   6  0.40 0.32
  465 L   -1 -3 -1 -1 -1  0 -1 -4 -4  1  3 -2 -1  1 -3 -3 -2  2 -2  3    6   1   3   4   1   4   4   1   0   5  31   2   1   6   1   2   2   3   1  21  0.36 0.28
  466 L   -1  0 -2 -2 -3  2 -1 -2 -1  2  2 -1  2  1 -3 -1 -1 -3 -1  1    5   6   2   1   0   9   3   4   2  15  19   3   5   6   0   4   3   0   2  10  0.15 0.16
  467 S   -1  1  0  3  1 -1  0 -3 -3 -2 -2  0 -3 -3 -2  2  0 -1 -2  2    4   8   3  19   3   2   5   1   0   2   4   5   0   1   2  16   4   1   1  17  0.27 0.27
  468 G   -1 -1  0  2 -2  0  1  2  3 -3 -3  0 -1  0 -2  1 -1 -2  1 -1    4   4   4  10   1   4  10  16   8   1   2   4   1   4   2  14   2   0   6   5  0.20 0.20
  469 K   -2  3  3  1 -1  0  0 -1  0 -3 -3  3 -3 -3 -2  0 -1 -1 -1 -2    3  14  12   9   1   4   6   6   2   1   2  19   1   1   1   7   3   1   3   3  0.31 0.25
  470 R   -2  3  2  3  3  0  1 -2  0 -2 -2  1 -2 -2 -2  0  0 -2 -2 -2    2  15  10  16   6   3   7   2   3   2   3   9   1   2   2   6   7   1   1   3  0.29 0.24
  471 M   -1  0  0  0 -1  1  1  3  0 -2 -1  1  0 -3 -3  1 -1 -4 -2 -2    5   4   5   5   1   7   9  25   2   2   7   8   2   0   1   9   3   0   1   3  0.21 0.19
  472 P   -1  1  2 -1 -2  0  0  0 -1 -2 -2  3 -2 -3  1  1  0 -3  0 -2    3   9   9   4   1   2   6   6   1   2   3  20   1   1   7  11   6   0   3   2  0.21 0.20
  473 V   -2 -2 -1  2  0 -1  0 -1 -1  1 -1 -2  0 -1 -1  1  1 -3 -1  2    2   2   2  15   2   2   4   4   1  10   5   2   2   3   3  12   9   0   3  17  0.16 0.18
  474 L   -2  0 -1 -2 -2 -2  0  0 -2 -1  0  2  1  2 -2  0 -1 -2  4 -1    1   6   3   2   1   1   6   7   0   3   9  15   5   8   2   6   4   0  17   4  0.22 0.21
  475 T   -2  1 -2 -2  0 -1  0 -2  1  1 -1 -1  1 -1 -3  1  3  3  1  0    2   8   1   2   2   2   5   3   4   8   7   3   4   2   1  12  20   4   5   5  0.18 0.20
  476 F   -4 -4 -4 -6  5 -3 -3 -5 -2  0 -2 -4 -1  5 -6 -4 -4 -2  7 -1    1   1   1   0  12   1   2   1   1   4   4   1   2  21   0   1   1   0  40   4  1.50 0.77
  477 K   -3  4 -1 -2 -3  0  0  1  1 -2 -3  3 -2 -3 -5  1 -1 -3  3 -2    1  23   2   2   1   4   5  11   3   2   2  15   1   1   0   9   3   0  10   3  0.43 0.36
  478 I   -4 -6 -4 -2 -5 -3 -3 -7 -2  5  3 -4  4 -1 -6 -4 -1 -6 -2  3    0   0   1   2   0   1   2   0   1  30  22   1   9   3   0   1   4   0   1  20  0.86 0.51
  479 D   -4 -5 -2 -2  3 -2 -5 -7 10 -6 -6 -4 -7 -7 -4  0 -3 -8 -1 -6    1   1   2   2   5   2   1   0  71   1   1   1   0   0   1   7   2   0   2   1  2.78 1.27
  480 H   -3  1  0  7  2 -4 -3 -2  2 -3 -7 -4 -3 -4 -3 -2 -2 -7 -1 -1    2   6   3  57   5   0   1   3   4   2   0   1   1   1   1   3   3   0   3   4  1.29 0.74
  481 I   -5 -2 -7 -7 -3 -2 -6 -7 -7  2  5 -1  5 -2 -7 -6 -2 -6 -5  0    0   3   0   0   0   2   0   0   0  11  57   5  11   2   0   0   2   0   0   7  1.22 0.68
  482 I   -4 -3 -4 -5 -1  5 -4 -6 -1  1  3 -4  5 -1 -3 -4 -3 -5 -2  3    1   1   1   0   2  22   0   0   2   6  23   0  15   2   1   1   1   0   1  20  0.86 0.55
  483 H   -5  0 -3 -3 -6 -2  0 -4  9 -3  3 -4  1 -2 -6 -3 -6 -6  0 -1    1   5   1   2   0   2   5   2  43   2  25   1   3   1   0   2   0   0   3   4  1.40 0.75
  484 M   -2 -2 -1  7  3 -3  1 -2 -3 -2 -2 -2 -3 -4 -5 -1 -2 -7 -3 -4    4   2   3  53   6   1   7   3   1   3   4   2   1   1   0   5   3   0   1   1  1.11 0.64
  485 F   -3 -6 -4 -3 -2 -5 -4 -4  4  0  2 -6  1  6 -6 -5 -5 -4  5  0    3   0   1   2   1   0   1   1   9   5  21   0   4  29   0   0   0   0  16   7  1.01 0.56
  486 L    0 -4 -4 -6  2 -5 -6 -6 -3  1  5 -6  4 -2 -6 -4 -5 -5 -5  0    8   1   1   0   5   0   0   0   1   8  57   0  10   1   0   1   0   0   0   6  1.15 0.62
  487 K   -3  7 -4 -2  2  1 -2 -4 -1 -3 -2  3 -2 -6 -5 -2  0 -3 -4 -3    2  50   0   2   4   6   2   1   1   1   5  14   1   0   0   3   5   1   1   2  1.13 0.65
  488 H   -2  0  0  3 -3  0  4 -4  4 -3 -4  2 -1 -2 -4 -1 -1 -5 -3 -2    3   5   4  17   1   2  29   0   8   2   1  12   2   2   0   4   4   0   1   3  0.60 0.42
  489 V   -1 -1 -1 -3  0  1  0 -4 -1  0  1  2  1 -2 -2  0  1 -4 -2  2    3   2   2   1   2   7   6   1   1   3  17  14   3   1   1   6  10   0   1  19  0.21 0.23
  490 V    1  0  1 -4  7 -3 -4 -3 -4  1  1 -3 -1 -2 -4 -1 -2 -2 -1  2   14   6   8   0  21   1   1   2   0   7  14   1   1   2   1   3   1   1   2  13  0.52 0.36
  491 D   -2  1  1  2 -2  1  1 -2  2  0  0  0 -1 -2 -2  0  1 -4 -2 -2    2   9   8  13   1   5  10   3   6   6   9   6   1   1   2   8   8   0   1   2  0.15 0.16
  492 A    0  1  1  1 -1  1  0 -2  2 -3 -1  1 -3 -2  0  2  0 -1 -2 -3    9   9   8   6   1   5   5   3   5   1   7   7   0   1   5  19   5   1   1   1  0.18 0.20
  493 Q   -3  0  0  2 -5  5  2 -2 -1  0 -2  2 -4 -5  1 -2 -2 -2 -4 -3    1   4   4  10   0  24  15   2   1   7   4  13   0   0   6   2   2   1   0   2  0.49 0.39
  494 T    3 -2 -1 -1 -1  0  1 -2 -3 -1  1 -1 -1  1 -2  1  1 -1 -3 -1   25   2   3   3   1   3  11   1   0   3  12   4   1   6   1  10   9   1   0   3  0.17 0.22
  495 I   -2  1 -1 -2 -3  2  0 -3 -3  2  1  2  0 -1 -3 -1  0 -4  0  1    1   8   3   1   0  10   6   1   0  13  15  14   1   2   1   3   4   0   3  12  0.19 0.21
  496 A    0  1  0  0 -4  3  3 -3 -3 -2 -3  2 -2 -2 -1 -1  0 -4 -3 -2    8   9   5   5   0  12  23   1   0   3   2  14   1   2   3   4   5   0   1   3  0.35 0.29
  497 N   -1 -2  2  2  0  1  4 -2  0 -3  0  1 -1 -4 -2  0 -1 -3 -1 -2    4   0  10  12   2   7  25   3   3   1   9   8   2   0   1   6   3   0   2   3  0.30 0.26
  498 G   -1  2  0 -1 -4 -1 -2  0  4 -2  2  0  3 -1 -1 -1 -3 -3  0 -1    6  13   5   4   0   2   1   7  12   1  20   5   8   3   4   3   0   0   3   3  0.22 0.22
  499 I   -2  2 -1 -2  0 -1 -2 -2  5  1  2  1  0  1 -4 -1 -1 -4 -2  0    2  10   2   2   2   3   1   3  18   9  18   9   2   5   0   4   4   0   0   5  0.29 0.25
  500 S    0  2  1 -1  0  1  1 -1 -1 -1 -1  3 -2 -2 -1  1  0 -4 -2 -2    7  13   6   2   2   5   7   3   1   4   6  19   0   1   2  14   4   0   1   2  0.20 0.20
  501 I   -1 -1 -2 -2 -3  0  0 -3 -2  3  1  0  2 -1 -3  0  1 -4 -1  1    3   2   1   2   0   3   5   1   1  21  16   7   5   2   1   9   8   0   1  10  0.20 0.20
  502 L   -2 -2 -4 -4  1 -2 -2 -2 -1  2  3 -2  0  3 -3 -2 -2  2  0  2    1   2   0   0   3   2   3   3   2  14  29   2   2  14   1   2   1   3   2  14  0.38 0.27
  503 E   -2 -1  0 -1 -2  0  2 -4  5  1 -1  1  2 -3  0 -1  0 -5 -3  1    3   2   5   3   1   4  14   0  14  11   4  11   5   1   4   3   6   0   0  10  0.26 0.24
  504 Q   -1  1  1  1 -1  4  2 -2  0 -3 -2  1  0 -3  0  1 -1 -5 -4 -3    3   7   7   6   1  25  11   3   2   1   5   7   2   1   5   9   4   0   0   1  0.35 0.30
  505 R   -2  5  2 -2 -2  1 -2 -4 -1 -2 -2  3 -3 -1 -1 -1 -2 -4  2 -3    3  32   9   2   1   7   2   0   1   2   4  19   0   2   3   4   2   0   7   1  0.58 0.39
  506 L   -2 -1 -1 -4 -3 -2 -3 -2  0  1  3 -1  2  2 -2 -3 -2 -3  4  1    2   4   3   1   0   1   1   4   2   6  27   4   5   8   3   1   1   0  19   8  0.37 0.28
  507 L   -2  4 -1  0 -4  0  0 -2  1  0  0  1  0  1 -1 -1 -1 -4 -2  0    2  25   3   5   0   5   5   3   4   5  12   9   2   6   2   3   2   0   1   6  0.20 0.20
  508 E   -2  2  1  0 -4  0  3 -2  2 -4 -2  2 -1 -4 -2  2  0 -2  0 -2    2   9   6   4   0   4  18   2   4   0   3  16   2   0   2  18   6   0   3   3  0.32 0.28
  509 I   -1  0 -2 -3  3 -2 -2 -4  0  2  1 -1  0  3 -3 -1 -1 -2  4  0    6   5   2   1   6   1   2   0   2  15  12   3   2  12   1   4   4   0  18   5  0.29 0.24
  510 G   -1 -1  0 -2  6 -1 -1  0  0  1 -1  0 -2 -1 -2  1 -2  0  3  0    3   2   5   2  21   3   4   6   2   8   4   6   1   2   2  10   1   1  10   5  0.32 0.26
  511 N    0  0  4  1 -4  0  2 -2  1 -3 -3  2  0 -2 -1  1 -1 -5 -3 -2    6   4  26   6   0   3  11   2   3   2   1  12   2   1   2  10   3   0   1   2  0.36 0.28
  512 N   -2  0  3  1 -2  0  1  2  1 -1 -1 -1 -3 -1 -2  0 -1  5 -1 -2    2   4  16   8   1   4   9  14   3   3   7   2   0   3   1   5   3   9   1   3  0.23 0.20
  513 N   -2  1  4  4 -5  0  0 -1 -1 -4 -2  0 -2 -2 -1  1 -1  0 -2 -2    2   7  24  21   0   3   4   4   1   0   4   6   1   2   3  12   2   1   1   2  0.43 0.31
  514 V    0  0 -1 -2 -1 -2  0 -2 -3  2  0 -1  1  0 -1  1  2 -1 -1  0    6   7   3   1   1   0   7   2   0  18   6   2   4   5   3  10  15   1   2   7  0.10 0.15
  515 S    0 -2  0  3 -1 -1  1 -1  3 -2 -2  0 -3 -4  3  0  1  0 -2 -2    7   0   5  17   1   2   7   3  10   2   3   7   0   0  14   8   8   2   1   3  0.30 0.23
  516 V   -1 -1  2  0 -3  1  1 -1  0 -1  0 -1 -1 -1 -2  1  1  0 -2  0    3   2  12   5   0   9  10   4   3   2  10   3   1   3   1  14  10   2   0   7  0.12 0.15
  517 P   -2  2 -1  0 -1 -2 -1 -1 -2 -3 -2  1  1 -4  5 -1  0 -4  1 -2    3  13   3   5   2   0   3   6   1   1   4   8   4   0  32   2   6   0   5   2  0.53 0.32
  518 E   -1  0  0  0  0  0  2 -2  0  0  0  0  0 -3 -1  2  1 -1 -3  0    2   3   5   5   2   2  16   2   2   7   8   7   2   0   3  18   9   1   0   6  0.12 0.14
  519 R   -1  5 -1  1  0  2  0  0 -1 -3 -3  0  0 -1 -2 -1 -2  1 -1 -3    5  37   3   9   2   9   3   6   1   1   2   3   3   2   2   3   2   2   2   2  0.45 0.30
  520 H   -3  2  1  0 -1  0  2 -3  6 -1 -2  0  1 -1 -3 -1 -1 -1  0 -1    1  14   8   5   1   4  13   0  21   3   4   3   3   2   0   3   3   1   3   5  0.37 0.26
  521 I   -2  0 -1  1 -3  1  1 -3 -2  2  2 -2  2  0 -2 -1 -1 -3 -1  0    2   5   2  10   0   6  10   1   0  18  18   0   7   3   2   5   2   0   2   6  0.16 0.16
  522 P    0 -1 -3 -2  4 -2 -3 -2 -3 -1  0  0 -1 -1  4  1 -1 -4 -2  1    7   3   0   2  10   0   0   3   0   2   8   6   1   3  24   9   3   0   1  15  0.37 0.24
  523 S   -1 -1  0  1 -3  2  1 -3  1  0  0 -1  2  0 -2  1  2  0  0 -1    3   2   3   7   0  10   7   1   3   7   8   3   7   4   1  14  14   2   3   4  0.11 0.14
  524 H   -1 -3  0  0 -4 -2 -1 -4  6 -1  1 -1 -2  3 -2 -1 -2  1  4 -2    5   0   4   5   0   0   2   0  23   3  12   3   0  16   2   5   2   2  14   2  0.51 0.31
  525 F   -3  0 -4 -4  0 -1 -3 -4  2  0  2 -2  2  4 -1  0 -1  6 -1 -1    0   5   0   0   2   3   0   0   5   5  20   2   6  23   3  10   3  11   0   3  0.46 0.30
  526 Q    0  0  0  0 -1  3  2  0  0 -4 -3  0 -1 -2 -1  2 -2 -3  3 -3    6   5   3   4   1  17  12   7   2   0   2   3   2   1   3  18   0   0  12   1  0.29 0.26
  527 K   -3  3  2  0 -5 -1  1 -4  2 -1 -2  4 -3 -2 -2  0 -2  1 -1 -2    0  20  10   4   0   0   7   0   5   4   4  30   0   2   2   7   1   2   2   2  0.43 0.30
  528 F   -3 -4 -4 -5 -4 -2 -3 -3  0  0  2 -2  0  7 -2 -2 -4 -2  3 -1    2   0   0   0   0   2   2   2   2   5  16   2   2  49   2   3   0   0   8   2  0.88 0.42
  529 R    0  3  0 -3 -3 -2 -3 -4  1  0  2 -1  0 -2  2 -1 -1 -4 -1  0    8  22   4   0   0   0   0   0   4   5  30   2   1   0  12   3   2   0   2   4  0.31 0.24
  530 R   -2  3  2 -2 -4  1  1 -3  3 -2 -2  2 -2  0 -3  2  0  1  1 -3    0  18   9   0   0   5   7   0   7   2   2  16   0   3   0  16   4   2   7   0  0.32 0.23
  531 S    0 -2  0  2 -3 -1  2  0  0  0  0 -1  1  0 -3  0  1  1 -2  0    7   0   2  13   0   0  15   7   3   7   9   2   7   5   0   7   8   2   0   5  0.09 0.12
  532 S    0 -2  2  1 -3 -1  3 -1  0 -2 -2  2 -3 -4  1  2  1 -4 -3 -3    7   0  10   5   0   0  20   2   3   2   3  12   0   0   5  21  10   0   0   0  0.31 0.22
  533 A    1 -1 -3 -3  5 -1 -1 -1 -2 -1  0 -2  0 -1 -3  1  1 -2  4  1   10   3   0   0  15   3   5   6   0   0   7   0   2   0   0  11   8   0  17  14  0.27 0.22
  534 S    0 -2  1  1 -3  0 -1  1 -2 -1  0 -2 -2  0 -3  2  1 -3 -2 -1    6   0   7   8   0   5   2  11   0   2  10   0   0   6   0  25  12   0   0   5  0.17 0.17
  535 E   -2  1  2  2 -4  1  4 -2  3 -1 -3  1 -1 -3 -3 -1 -1 -4  0 -3    0   6  10  12   0   3  33   2   9   5   0   7   2   0   0   2   3   0   4   0  0.43 0.24
  536 M   -2 -3 -2 -4 -3 -3 -4 -4 -4  2  3 -3  5  2 -1  0 -2 -3 -2  1    2   0   3   0   0   0   0   0   0  10  32   0  23  11   3   9   0   0   0   7  0.50 0.29
  537 Y   -2 -1  1 -3 -3 -2 -3 -2  2 -2 -1 -3  0  3 -4  1  0  4  5 -1    0   3   6   0   0   0   0   3   6   0   5   0   3  10   0  15   8   5  30   5  0.47 0.27
  538 P    0  0 -2 -2  1 -1 -1 -1  1  0 -1  0  0 -1  4  1 -1  2 -2  0    9   5   0   0   3   0   3   4   5   8   3   6   4   3  24  12   0   3   0   6  0.27 0.15
  539 K   -1  2 -1 -2 -3  1 -1  1 -2 -3 -2  3 -2 -3  1  1  0  1 -2 -1    4  11   0   0   0   6   1  13   0   0   4  29   0   0   7  10   6   3   0   4  0.26 0.17
  540 T    0  2  2 -1 -2  0  1 -2  1  0  0  2 -1 -1 -2  1  0 -3 -2 -1    5  12  12   0   0   3  10   1   5   5  10  15   0   3   0  10   3   0   0   4  0.12 0.10
  541 T    0 -2 -1 -2  0  0 -2  0  3  0  0 -2  1  0  1  1  1 -2  0  0    8   0   0   0   3   3   0   5  12   7   8   0   5   4   7  12  14   0   2   8  0.10 0.10
  542 E    0  0  0  3 -3  0  2 -1  1 -2  0  0  0  0 -2  1  0 -3 -2 -2    5   3   4  17   0   0  19   4   3   0  13   4   4   5   0  14   3   0   0   0  0.17 0.12
  543 E   -1  0  0  2 -3  0  4 -3  1 -1 -1 -1  0 -2 -3 -1  1 -2  3 -2    3   4   4  12   0   0  33   0   3   4   4   0   4   0   0   3  10   0  15   0  0.33 0.20
  544 T    1 -1  0  1 -3  3 -1  0  1 -2  0 -1 -1  0  1  0  1 -3  0 -2   12   0   3   8   0  22   0   7   4   0  11   0   0   4   5   7  11   0   4   0  0.15 0.14
  545 V    0 -3  0 -3 -2 -2 -2  1 -2  1  0 -2 -1  2 -3  0 -1 -2  2  2    9   0   5   0   0   0   0  12   0   6  11   0   0  11   0  11   0   0  11  22  0.15 0.13
  546 I   -2 -2 -3 -3 -2 -2  1 -2 -3  4  2  0  0  2 -3 -2  0 -3 -1  2    0   0   0   0   0   0  11   4   0  33  16   6   0  10   0   0   4   0   0  14  0.26 0.17
  547 R   -2  5 -1 -2 -3  2  0 -1  2 -3  0  1  0 -3  0 -1 -2 -3 -2 -3    1  42   0   0   0   8   6   5   7   0  11   4   3   0   5   5   0   0   0   1  0.43 0.20
  548 P    1 -3 -3 -3  2  1 -2 -3  1 -3 -3  0 -3 -1  6 -2 -2 -3  1  0   11   0   0   0   5   8   0   0   4   0   0   5   0   3  49   0   0   0   7   9  0.93 0.29
  549 E    0 -1  1  1 -4  0  5  0  2 -4 -4  0 -3 -4 -2  0 -2 -4 -3 -3    5   0   7   5   0   0  62   5   5   0   0   4   0   0   0   5   0   0   0   0  0.73 0.26
  550 D   -2 -1  1  5 -4  1  1 -2 -2 -3 -2  2 -2 -4 -2  1 -1 -4 -3 -1    0   0   5  46   0   5   7   0   0   0   5  15   0   0   0  10   0   0   0   5  0.54 0.20
  551 F    0 -3 -3 -3 -3 -2 -3 -3 -1  0  0 -3  1  5 -3 -1 -2  0  6 -1    9   0   0   1   0   0   1   1   0   5   6   1   5  29   0   6   1   0  34   1  0.63 0.22
  552 P    0  0 -1  0 -3 -1  1 -1  4 -2  0  0 -2 -2  4 -1 -2 -3  1 -2    6   5   0   5   0   0  13   5  14   0  12   6   0   0  24   2   0   0   5   0  0.35 0.13
  553 K    0  2  1 -1 -3  1  1 -2 -1 -3 -2  4  2 -3 -2 -1  1 -3 -3 -2    6   7   9   0   0   6   6   0   0   0   0  43  11   0   0   0  10   0   0   0  0.40 0.19
  554 F   -3 -3 -3 -1 -3 -3 -3 -4 -3  2  2 -3  0  5  0 -3 -2 -1  0  0    0   0   0   5   0   0   0   0   0  11  27   0   0  43   6   0   0   0   0   5  0.54 0.20
  555 M    0  0 -2 -2 -2 -1  1 -3 -2  0  2  0  2  1 -2 -1  0 -2 -1  1   11   6   0   0   0   0  11   0   0   0  28   6  11   6   0   0   6   0   0  11  0.12 0.09
  556 Q    0  1 -1 -1 -3  3  3 -3  1 -1 -2  0 -1  0 -2 -1  0 -3 -1  1    7   7   0   0   0  21  27   0   5   3   0   3   0   7   0   0   7   0   0  14  0.24 0.12
  557 L   -2 -3  0 -3 -2 -2 -1 -4 -2  4  3 -3  1  0 -3 -3 -2 -2  1  1    0   0   8   0   0   0   7   0   0  40  38   0   0   0   0   0   0   0   7   0  0.36 0.15
  558 H   -2 -2 -1 -2 -3 -1  0  0  7 -3 -3 -2 -2  0  1 -1  1 -1  5 -3    0   0   0   0   0   0   8   9  39   0   0   0   0   0   8   0  11   0  25   0  0.63 0.18
  559 Q    1  1  1 -1 -2  3  0 -2  3 -1 -2  1 -1 -3 -2  2  0 -3 -2 -2   16   6   8   0   0  23   0   0  11   8   0   6   0   0   0  23   0   0   0   0  0.26 0.11
  560 K   -1  0  0  1  3  1  0  1 -2 -2 -1  2 -1 -3 -2  2  1 -3 -2 -2    0   0   0  10   8   7   0   9   0   0   8  26   0   0   0  20  12   0   0   0  0.20 0.08
  561 F   -2 -3 -3 -4 -3 -3 -3 -3 -2  1  1 -3  0  6 -4  0  1 -1  1 -1    0   0   0   0   0   0   0   0   0   9   9   0   0  62   0   9  12   0   0   0  0.63 0.17
  562 Y    0 -2  1 -2 -3 -2 -2 -3  0 -2 -2 -2 -1  4 -3  0  1  0  6 -2    9   0  10   0   0   0   0   0   0   0   0   0   0  23   0   9   9   0  40   0  0.50 0.13
  563 D    1 -1  2  4 -3  0  4 -2 -1 -3 -3  0 -3 -4 -2  0 -1 -4 -3 -3   22   0  11  28   0   0  39   0   0   0   0   0   0   0   0   0   0   0   0   0  0.53 0.10
  564 S    1 -1  2  2 -2  0  1 -1 -1 -2 -3 -1 -2 -2 -2  3  2 -2  2 -2   11   0  11  11   0   0  10   0   0   0   0   0   0   0   0  33  14   0  11   0  0.27 0.07
  565 L   -1 -3 -3 -3 -2 -2 -3  0 -3  1  4 -3  3 -1 -3  0 -1 -2 -2  0    0   0   0   0   0   0   0  11   0   0  68   0  11   0   0  10   0   0   0   0  0.38 0.11
  566 K   -1  0 -1  0 -4  2  4  1 -1 -4 -3  2 -2 -4  3 -1 -1 -3 -3 -3    0   0   0   0   0  11  42  11   0   0   0  23   0   0  14   0   0   0   0   0  0.53 0.10
  567 N   -2  2  5  0 -4  0 -1 -2  0 -4 -4  2 -3 -4  3  0 -1 -4 -3 -3    0  13  54   0   0   0   0   0   0   0   0  18   0   0  15   0   0   0   0   0  0.63 0.11
  568 F   -2 -3 -4 -4 -2 -3 -4 -4 -2  3  1 -3  0  6 -4 -3 -2  0  2  0    0   0   0   0   0   0   0   0   0  28  13   0   0  53   0   0   0   0   6   0  0.56 0.09
  569 A    3 -2 -1 -1 -1 -1 -1  3 -2 -2 -2 -1 -2 -3 -1  2  0 -3 -2 -1   53   0   0   0   0   0   0  24   0   0   0   0   0   0   0  23   0   0   0   0  0.38 0.02
  570 C    0 -3 -2 -3  8 -2 -2 -2 -3  0 -1 -2 -1 -2 -2  1  0 -3 -2  1    0   0   0   0  53   0   0   0   0   0   0   0   0   0   0  24   0   0   0  23  0.57 0.04
  571 C   -1 -4 -3 -4 10 -3 -4 -3 -3 -1 -2 -3 -2 -3 -3 -1 -1 -3 -3 -1    0   0   0   0 100   0   0   0   0   0   0   0   0   0   0   0   0   0   0   0  1.35 0.04

                      K         Lambda
Standard Ungapped    0.1369     0.3223
Standard Gapped      0.0368     0.2670
PSI Ungapped         0.1199     0.3107
PSI Gapped           0.0368     0.2670
