
Last position-specific scoring matrix computed, weighted observed percentages rounded down, information per position, and relative weight of gapless real matches to pseudocounts
           A  R  N  D  C  Q  E  G  H  I  L  K  M  F  P  S  T  W  Y  V   A   R   N   D   C   Q   E   G   H   I   L   K   M   F   P   S   T   W   Y   V
    1 M   -3 -3 -4 -5 -3 -2 -4 -5 -4 -1  1 -3  9 -2 -5 -4 -3 -3 -3 -1    0   0   0   0   0   0   0   0   0   0   7   0  93   0   0   0   0   0   0   0  1.95 0.42
    2 S    1 -3  3 -2 -3 -2 -1 -2 -3 -4 -4 -2 -3 -4  0  6  0 -5 -4 -4    7   0  14   0   0   0   1   0   0   0   0   0   0   0   3  74   1   0   0   0  1.05 0.38
    3 Q    0  0  1 -1  0  4  0  0  3 -3 -3  0 -2 -3 -2  1  1 -4 -2 -2    5   3   9   2   2  28   4   7   7   0   2   5   0   1   1  11   9   0   1   2  0.31 0.18
    4 S    0 -3  3 -1 -3 -2 -1 -1 -3 -2 -2 -2 -3 -3  0  4  3 -4 -3 -2    4   0  14   2   0   1   1   3   0   1   4   1   0   1   4  37  26   0   0   1  0.54 0.28
    5 G    0 -3  0 -2 -3  0 -1  2 -3 -4 -4 -1 -4 -5  4  4  0 -5 -4 -4    7   0   3   0   0   4   3  15   0   0   1   2   0   0  23  38   5   0   0   0  0.69 0.31
    6 E   -3 -3  0  4 -5  1  5 -3 -3 -4 -4 -2  0 -5  0 -1  2 -5 -4 -2    0   0   4  27   0   5  39   1   0   0   0   0   2   0   4   2  13   0   0   3  0.82 0.37
    7 E   -2 -3 -1  5 -6  1  5 -4 -3 -6 -6 -2 -5 -6  2  0 -3 -6 -4 -5    3   0   1  35   0   4  41   0   0   0   0   0   0   0  10   5   0   0   0   0  1.14 0.45
    8 N   -1 -1  2  1 -1  0 -1  2  0 -2 -1 -2 -2  0 -2  3  0 -4 -3 -2    3   3  10   7   1   3   1  19   2   1   8   0   0   4   1  29   5   0   0   2  0.28 0.20
    9 L   -2 -4 -5 -4 -4 -4 -5 -5 -5  0  5 -5  3  0 -4 -3 -3 -2 -3 -1    3   0   0   1   0   0   0   0   0   2  77   0   9   3   1   1   0   0   0   2  1.20 0.45
   10 Q   -2 -3  3 -2 -2  3 -2  3  2 -3 -3 -2 -2 -3  2  1 -1 -4  1 -4    1   0  19   1   1  14   1  21   6   1   2   0   1   0  12  12   3   0   6   0  0.48 0.27
   11 G   -3 -4 -3  2 -3 -2  5  5 -4 -6 -6 -3 -5 -6 -4 -1 -4 -6 -5 -6    0   0   0  12   1   1  41  42   0   0   0   0   0   0   0   3   0   0   0   0  1.25 0.49
   12 S   -1 -4 -3 -4 -4 -4 -4 -4 -4 -6 -6 -4 -5 -3 -4  7 -2 -6 -5 -5    4   0   0   0   0   0   0   0   0   0   0   0   0   1   0  94   0   0   0   0  2.01 0.75
   13 W   -6 -6 -7 -8 -6 -6 -7 -6 -6 -6 -6 -7 -6 -3 -2 -6 -6 13 -2 -7    0   0   0   0   0   0   0   0   0   0   0   0   0   0   3   0   0  94   0   0  4.65 1.15
   14 V   -3 -5 -5 -6 -4 -5 -4 -3  0  2 -2 -5  0 -4 -5 -4 -3 -5 -4  7    0   0   0   0   0   0   1   2   3   9   1   0   1   0   0   0   0   0   0  81  1.61 0.59
   15 E   -4 -3 -1  2 -6 -2  7 -5 -3 -6 -5 -1 -5 -6 -4 -2 -4 -6 -5 -5    0   0   3   9   0   0  81   0   0   0   0   3   0   0   0   2   0   0   0   0  1.81 0.67
   16 L   -4 -5 -4 -6 -4 -3 -5 -6 -5  0  6 -5  0 -1 -6 -5 -4 -5 -4 -1    0   0   1   0   0   1   0   0   0   3  87   0   1   1   0   0   0   0   0   3  1.59 0.61
   17 H   -1  0  2  0  0  0  1 -1  5 -3 -3 -1 -2 -1  0  1  0 -3  0 -1    3   5  13   5   2   4  12   3  20   1   2   1   0   2   4  11   4   0   2   5  0.33 0.21
   18 F   -1  0 -2 -2  2 -1 -1  0  1 -2 -1 -2  2  3  1  0  0 -2  2 -1    5   6   1   1   6   2   3   8   4   1   3   1   8  18   9   9   7   0   6   4  0.18 0.15
   19 S    0 -2  3  1 -1  0  0  2 -2 -3 -3 -2 -2 -3 -1  3  0 -4 -3 -1    8   1  17   7   1   4   4  15   0   1   2   1   1   0   2  28   3   0   0   4  0.36 0.22
   20 N    0  0  3 -1  1  0 -1  0 -2 -3 -2 -1 -2 -2  3  2  1 -3 -3 -2    7   6  15   3   3   3   2   7   0   1   5   1   0   1  16  20   8   0   0   2  0.31 0.19
   21 G    0  1  1  0  1  0  0  3  0 -2 -1 -1 -1 -3  1  1 -1 -3 -3 -2    6   8   8   4   3   4   4  26   2   2   5   1   1   0   7  13   1   0   0   3  0.22 0.14
   22 N    0  0  3  0  2  0  0  2  0 -2 -1 -1 -1 -2  1  1  0 -3 -2 -1    5   6  17   3   5   2   7  17   2   1   6   1   1   1   6  12   6   0   0   3  0.19 0.13
   23 G    0 -1 -1 -1  1 -1  0  3 -2 -1  0 -1 -1 -2  1  1  0 -3 -3 -2    9   2   2   3   3   2   6  28   1   5  11   2   2   1   6  10   5   0   0   1  0.19 0.13
   24 S    0  0  1  0  0  0  2  1  0 -2 -2 -1 -2 -3  1  1  1 -3 -2 -2    6   6   6   4   2   3  17  10   2   2   4   2   0   1   5  15  11   0   0   2  0.17 0.12
   25 S   -1  1 -1 -1 -3  1  0  0  3 -1 -2  0 -2 -3  2  2  1 -3 -1 -1    3   7   2   2   0   7   5   7  12   3   4   4   0   1  12  17   8   0   1   5  0.22 0.14
   26 V    1 -2 -2 -1 -1  0  0 -1 -3  0  0 -2 -1 -3 -1  1  1 -4 -3  3   16   1   0   2   1   3   8   5   0   5   6   1   0   0   2   9  12   0   0  27  0.19 0.18
   27 P   -3 -3 -2  1 -5  1 -2 -3  1 -3 -2 -2 -4 -2  7 -1  0 -5 -4 -3    0   1   1   8   0   7   1   2   3   1   4   2   0   2  57   4   6   0   0   2  1.28 0.48
   28 A    1 -2 -2  0 -3 -1 -2 -2  3  0 -1 -2 -2  1  0  3  2 -3 -1 -1   10   1   0   6   0   2   1   1  10   6   5   0   0   7   4  30  12   0   1   2  0.25 0.21
   29 S    0  3 -2 -2 -3 -1 -2 -2  2 -2 -1 -1 -2 -2  3  3  0 -4 -3 -2    7  18   0   1   0   1   0   2   7   3   7   0   0   1  14  32   4   0   0   2  0.41 0.27
   30 V    0 -3 -1 -2 -2 -1 -2 -1 -1  0  1 -2  0  1  0  2  3 -3 -2  1    6   0   1   1   0   2   1   3   1   6  12   0   3   9   4  19  23   0   0  10  0.21 0.18
   31 S    0 -3 -1 -2 -2 -1 -2  0  0 -3 -2 -2 -3 -2  2  5  1  0 -2 -1    4   0   1   1   0   2   1   7   2   1   4   0   0   2   9  55   7   2   1   4  0.61 0.35
   32 I    0 -3 -1 -1  0 -2 -1 -1 -1  3  2 -2  0  0 -2  1  0 -3 -1  1   10   0   2   3   1   1   2   3   1  24  21   0   1   3   1  16   4   0   1   5  0.17 0.15
   33 Y   -1 -2  0 -1  5  1 -2 -1  5 -2 -1 -2 -1 -1 -1  0 -1 -2  3 -1    2   1   5   3  17   7   1   5  20   2   7   1   2   1   3   7   2   0  12   2  0.33 0.17
   34 N    0 -1  4  1 -3  1  1  0  1 -2 -3 -1 -1 -3 -1  2  0 -3 -2 -2    4   1  32   7   0   7   7   6   3   3   1   1   1   0   1  18   4   0   0   3  0.35 0.16
   35 G    1 -1  0 -1 -1 -2  0  4 -1 -3 -3 -2 -2 -3 -2  2 -1 -3 -3 -2    9   4   3   3   1   0   7  46   2   1   1   1   1   0   1  16   2   0   0   2  0.51 0.19
   36 D   -1 -2  2  4 -3  0  2 -1 -1 -2 -2 -1 -2 -3 -2 -1 -1 -3 -3  0    4   1  11  40   0   1  18   3   0   2   1   2   0   0   1   2   2   0   0  12  0.44 0.14
   37 M   -1 -2 -2  1 -1 -1 -2 -3 -2  1  1 -2  5  0 -2 -2 -1 -2  2  1    4   2   1  10   1   1   1   1   0   7   9   1  35   2   1   1   1   0  10  13  0.27 0.14
   38 E    0 -1  1  0 -3  1  5 -2 -1  0  0  0 -1 -2 -2  0 -1 -3 -2 -2    6   1   6   1   0   2  57   1   0   7   9   2   0   1   1   4   1   0   0   1  0.42 0.14
   39 K   -1  3  1  1 -3  1  1 -2 -1 -2 -2  4  1 -3 -1  0 -1 -3 -2 -2    1  18   6   7   0   2   6   1   0   1   1  38   8   1   1   7   1   0   0   1  0.32 0.10
   40 I   -1 -2 -2 -2 -1 -1 -2 -2 -2  2  2 -2  3 -1  0  0  0 -2 -1  1    1   1   1   1   0   1   1   1   0  23  23   1  18   1   4  12   3   0   1   8  0.19 0.08
   41 L   -1 -2 -3 -3  4 -2 -3 -3 -3  1  4 -2  1  0 -3 -2 -1 -2 -1  1    1   1   1   1  11   1   1   1   0   5  58   1   0   3   1   1   1   0   0  13  0.39 0.11
   42 L    0  1 -2 -3 -2 -1 -2 -3 -2  1  3 -1  1  2 -2 -2 -1  1  0  0    8   9   1   1   0   2   1   1   0  12  42   3   3  11   1   1   1   2   0   2  0.18 0.07
   43 D   -1  1  0  4 -3  0  3  0 -1 -2 -2  0 -2 -3 -2 -1 -1 -3 -2  0    1  12   3  30   0   1  32   6   0   1   1   1   0   1   1   1   1   0   0   9  0.39 0.11
   44 A    3 -2 -1  1  3 -1 -1 -1 -2 -1 -1 -1 -1 -2 -1  0  0 -2 -2  0   58   1   1  12   8   1   1   1   0   1   2   1   0   1   1   1   1   0   1   8  0.27 0.09
   45 Q    0  0 -1  0 -2  5  2 -2  0 -1 -2  0 -1 -2 -1  0 -1 -2 -1  0    8   1   1   1   0  47  16   2   0   1   2   1   0   1   1   2   1   0   1  11  0.35 0.09
   46 H   -1  1  0 -1 -2  1  1 -2  5 -1 -1  1  0  0 -1 -1 -1 -2  0 -1    2   9   1   1   0   4  11   2  29   1   7  13   4   4   1   2   1   0   1   5  0.22 0.06
   47 E   -1  1  0  3 -3  1  4 -2 -1 -3 -3  1 -2 -3  2  1 -1 -3 -2 -2    1   6   1  19   0   1  39   1   0   1   1   9   0   1  10  10   1   0   0   1  0.44 0.09
   48 S   -1 -3 -2 -1  3 -2 -3 -1  2 -4 -4 -1 -3 -2 -1  5  2 -4 -3 -3    3   0   0   2   5   0   1   4   6   0   1   4   0   2   3  52  14   0   0   1  0.76 0.47
   49 G   -1  1  1  0  0 -1  3  2  0 -4 -3  0 -3 -3 -3  1  0 -3  0 -3    1   8   7   5   3   1  20  21   2   0   2   6   0   0   0  14   4   0   3   1  0.31 0.24
   50 R   -1  4 -1  0 -4  2 -1 -1  3 -4 -3 -1 -3 -4  2  2  0 -1 -3 -3    2  23   1   6   0  13   2   5   7   0   2   1   0   0   9  22   5   1   0   1  0.44 0.32
   51 S   -1 -1  0 -3 -4 -1 -3  2 -3 -4 -5 -2 -4 -5  1  5 -1 -5 -4 -1    4   3   4   0   0   3   0  15   0   0   0   2   0   0   8  53   3   0   0   4  0.82 0.52
   52 S    0 -1  1  2 -3 -2 -1 -3  1 -2 -2 -2 -3 -2 -1  5 -1 -4 -3 -3    5   4   5  13   0   0   4   1   4   2   5   0   0   2   3  48   3   0   0   1  0.61 0.43
   53 S    0  2 -1 -2  1 -1 -1  1 -1 -3 -2 -2 -3 -2 -1  4 -1 -4 -3  0    6  11   1   2   3   2   3  11   2   0   3   0   0   2   2  42   2   0   0   7  0.43 0.35
   54 K    1  3  0 -1 -3  0  0  0 -2 -1 -2  1 -2 -3  1  1  0 -4 -3  0   17  18   5   2   0   2   4   6   0   2   4   9   0   0   7  13   3   0   0   7  0.21 0.19
   55 S   -1 -1  0  0  3 -1  0  1  2 -1  0 -1  0 -3  0  0 -1 -3 -2  1    4   3   5   5   9   2   5  14   6   2  13   2   2   0   5   9   3   0   0  11  0.12 0.15
   56 S    0 -1  0  0 -3 -3 -1  0 -3 -3  1 -3 -3 -1 -1  5 -1 -4 -4 -1    6   3   3   5   0   0   3   6   0   0  14   1   0   2   3  46   2   0   0   3  0.53 0.43
   57 H   -1  0 -1 -3 -3  1 -2  0  3 -1  0  0  0 -3  0  3  0  3 -3 -1    4   4   3   0   0   5   1   6   7   3  10   6   3   0   5  30   3   5   0   4  0.27 0.30
   58 C    1  0 -1 -1  4 -1 -1 -1  2 -1 -1 -1  2 -1  3 -1 -1 -4  0  0   12   6   3   3   9   3   3   3   5   3   7   3   6   3  13   3   4   0   3   7  0.17 0.18
   59 D    0  0  1  0  2  1  0  0  2 -2 -1  0 -1  0  1  0  0 -3 -1 -1    6   6   6   6   6   6   6   6   6   0   6   6   0   6   6   6   6   0   0   6  0.06 0.09
   60 S    0  1  1  1  2  1  1  0  2  0 -2 -1 -2  1 -2  0  0 -3 -1 -2    8   8   7   8   7   7   8   8   7   8   1   0   0   7   0   8   8   0   0   0  0.10 0.13
   61 P   -1 -1  0 -2 -5 -3 -1 -3 -1 -3 -3 -2 -4 -5  7  2 -2 -5 -3 -1    4   4   4   2   0   0   4   2   2   2   3   2   0   0  50  14   2   0   1   4  1.13 0.60
   62 P    1  2 -4 -4  1  0 -3 -3  2 -4 -2  1  1 -4  6 -2 -3 -5 -4 -3   12  12   0   0   3   3   1   2   5   0   5   9   4   0  37   2   1   0   0   2  0.85 0.49
   63 R    0  4  0 -2  0  0 -2  1 -1 -3 -2  0 -3 -2 -2  1 -1  2  0  0    8  26   6   1   2   5   1  13   1   1   3   3   0   2   1  11   2   3   3   7  0.28 0.27
   64 S    0  1 -3  0 -4  0 -1 -2 -1 -2 -2 -1 -3 -4  3  3  0  3 -2  0    6   7   0   5   0   3   3   2   2   2   3   2   0   0  15  31   4   5   1   7  0.41 0.37
   65 Q   -1 -2 -1  2 -2  4 -1 -2  2 -1 -3 -1 -1 -1  3  0 -2 -4 -2 -1    5   1   2  14   1  24   3   2   6   4   2   2   1   3  15   6   2   0   1   5  0.44 0.37
   66 T   -1 -1  0  1 -4  0  0 -2 -1 -4 -4  0 -3 -3  1  2  4 -5 -4 -1    5   3   5   7   0   4   6   3   1   0   1   5   0   1   8  17  29   0   0   4  0.43 0.37
   67 P   -1 -2 -1  1 -5 -2  0  0  0 -2 -3 -2 -4 -5  6  1 -3 -5 -5 -4    5   2   2   8   0   2   7   7   3   2   3   2   0   0  43  12   0   0   0   1  0.92 0.55
   68 Q   -1  1 -1 -1 -4  3  0  0  3 -3  0  0 -2 -3  1  1 -1  1 -3 -1    4   8   2   4   0  18   5   7   7   0  13   4   0   0   8  10   3   2   0   4  0.22 0.26
   69 D    0 -1  0  3 -3  1  0 -1  2 -1  0 -1 -1 -2  1  1 -1 -4 -3 -1    7   2   3  23   0   7   5   5   5   3   9   4   2   1   8  10   2   0   0   3  0.22 0.22
   70 T    0 -1 -1  1 -3  1  0 -1  0 -1 -1 -1 -1 -3  2  2  1 -4 -1 -1    6   3   2  10   0   8   4   4   3   4   8   3   1   0   9  20   8   0   2   5  0.15 0.19
   71 N   -1  0  1 -1  0 -1 -1  2  1 -1 -2  0 -2  0  2  1  0  3 -1 -1    3   7   6   4   2   2   2  18   4   3   3   4   0   4  13  10   5   4   1   6  0.17 0.18
   72 R    0  3  0 -1  0  2  1  0  0 -2 -2  2 -3 -4  0  1 -1 -4 -3 -2    7  17   5   3   2  10   7   9   2   2   3  11   0   0   5  11   3   0   0   3  0.22 0.23
   73 A    1 -2 -1 -1  0 -1 -1  0 -3  1 -1 -1 -3 -1  2  3  0 -4 -2 -1   10   2   2   3   2   1   4   8   0   9   6   3   0   2   9  30   4   0   2   3  0.24 0.27
   74 E   -1  1  0  0 -4  1  4 -2 -3 -1 -1  0  1 -2  2  0  0 -4 -3 -1    3   8   3   3   0   6  28   3   0   3   6   4   4   2  11   7   4   0   0   4  0.30 0.28
   75 I   -1 -1  0 -1  0  0  0 -2  0 -1  1 -1  0  2  3  0 -1  2 -2  0    5   3   4   2   2   4   5   3   2   3  15   3   2  13  18   6   3   3   0   6  0.19 0.18
   76 D    0 -1  1  3 -4  1  2 -1  0 -3 -1 -1 -3 -4  2  0  0 -4 -3 -1    7   3   8  20   0   5  15   5   3   0   6   3   0   0  10   6   4   0   0   5  0.30 0.25
   77 S    0  0 -1 -1  0 -1  0  0 -3 -2 -1 -2 -1 -2  2  3  1 -4 -3  1    5   4   3   2   2   2   8   6   0   1   4   0   2   2  10  24  10   0   0  14  0.22 0.26
   78 H   -1 -1 -1  1 -4  0  2 -1  5 -2 -2 -1  0 -4  2  1  0 -4 -3 -1    3   3   3   8   0   4  17   4  17   2   3   2   2   0  12   9   5   0   0   5  0.37 0.31
   79 S    0  0  0  0  2  1  0  0  1  0 -1  0  1 -2  1  0  0 -3 -2  0    6   6   6   6   6   6   6   6   6   6   6   6   6   0   6   6   6   0   0   6  0.06 0.09
   80 F    0  0  0 -1 -1  0  1 -1  2  0 -1 -1 -1 -1  1  2  1  0 -1  0    5   4   4   2   1   4   8   4   6   5   5   1   2   2   8  19   9   1   1   5  0.11 0.15
   81 G    0  0 -1  0 -3  1  2  1  0 -2  0 -1 -1 -3  1  2  1 -3 -1 -2    5   5   2   4   0   8  14  10   2   2   9   2   2   0   7  16   8   0   3   0  0.16 0.19
   82 E   -1  0  0  0 -3  0  2 -2 -2 -1  1 -1 -2 -3  3  1  0 -3 -1  0    5   6   3   4   0   4  16   2   0   3  15   1   0   0  14  13   5   0   2   7  0.20 0.21
   83 K   -1  2  1  1  1  0  1 -1 -1 -3 -2  2 -3 -4  2  0  0 -4 -3 -2    3  14   5   6   4   3  11   4   2   0   3  16   0   0  12   8   6   0   0   2  0.29 0.24
   84 N   -1 -1  2  1  0  0  0  0  2 -2  0 -1 -2  0  1  0  0 -3  1 -1    2   3  13  10   3   3   6   6   5   0  11   3   0   5   8   4   7   0   5   3  0.11 0.14
   85 S    0 -2  0  1  1  0  1  0  2 -1 -1 -1 -2 -3  0  2  1 -3 -2  0    5   1   3   9   4   4   9   6   7   2   8   3   0   0   3  21   9   0   0   6  0.15 0.18
   86 T    0 -1  0  1  2  0  0 -1 -1 -1 -1 -1  0 -1  1  2  0 -3  0 -1    4   3   5   9   6   5   7   5   1   4   7   3   2   3   6  21   3   0   3   4  0.10 0.14
   87 L   -2  0 -2 -1  0  3  2 -1 -2  0  0 -1 -2 -1  2  1 -1  0 -3 -1    2   4   0   3   2  19  12   5   0   6  12   1   0   3  12  10   2   1   0   5  0.22 0.25
   88 S   -1  0  0  0  2  0  0 -1  2  0 -1  0  2  1  0 -1  0  3  1 -1    5   5   5   5   5   5   5   5   5   5   5   5   5   5   5   5   5   5   5   5  0.08 0.08
   89 E   -2  1  1  0  1  3  0  0  1  0 -2  2  0 -1  1 -1 -1 -6  1 -5    4   7   6   4   3  14   5   7   3   5   4  10   3   3   6   5   5   0   4   0  0.22 0.20
   90 E   -2  1  1  1 -1  2  4  1 -1 -2 -1 -2 -3 -2 -1  0 -2 -4 -4 -1    1   6   7   8   1   8  31  12   2   2   6   0   0   1   2   6   1   0   0   4  0.39 0.33
   91 D   -3 -3 -1  4  0  0  3  0 -3 -2 -3 -1 -3 -1 -1 -2 -3 -4  0  2    1   0   2  28   2   4  21   7   0   1   2   2   0   2   2   2   0   0   4  15  0.50 0.38
   92 Y   -1 -2 -1 -1  3 -1  1 -2 -1 -1 -1 -2 -3  1 -1  0 -2  2  5  1    4   2   3   4   8   3  12   3   1   3   4   2   0   5   4   6   2   3  23  10  0.31 0.29
   93 I    0 -2 -1  0 -3  0 -1 -1  0  2  1 -1  1 -2  3 -1 -1 -3 -3  1    6   1   2   5   0   4   3   4   3  17  15   3   4   0  14   4   3   0   0  13  0.19 0.18
   94 E   -1 -1  3  0  0  1  3 -2 -1 -2 -1  0 -3 -3  1  0  0 -4 -1  0    3   3  16   4   2   4  24   1   1   1   5   6   0   0   7   6   4   0   2   9  0.28 0.27
   95 R   -2  2  0  0  1 -1  2 -1  0 -1 -2  1 -3 -1  2  0 -1 -3  3 -2    1  16   3   4   3   2  13   6   2   5   4   9   0   1   9   6   2   0  12   3  0.22 0.23
   96 R   -1  3  0  0  2  2  1  1 -1 -1 -2  0 -1 -3 -3  0  0  5 -3 -3    4  19   3   6   4  10  10  10   1   3   3   4   2   0   0   5   6   8   0   0  0.31 0.27
   97 R   -3  4  0 -1  3  0  2 -1 -1 -2 -2  2 -3 -2 -1 -1 -1  0  0 -1    0  22   4   2   7   4  18   6   1   2   3  13   0   1   2   3   3   1   3   4  0.33 0.29
   98 E   -1  1  1  2  2  2  2  0  1  0 -3  1 -2 -3 -3 -2 -2  2 -3 -1    5   9   7  13   4   9  16   6   4   7   0   9   0   0   0   0   0   4   0   5  0.25 0.22
   99 V    0  1  0  0 -3 -1  1  0  1  0 -1  2  0 -1  0  0  0 -3 -2  0    5  10   5   6   0   0   9   7   3   6   5  16   4   4   4   6   4   0   0   7  0.07 0.09
  100 E   -1 -2 -1  3 -4  1  4 -1 -1 -3 -3 -1 -1 -2  1 -1 -1  0 -3  0    4   2   2  17   0   5  29   5   1   0   2   2   2   2   8   3   3   2   0  10  0.40 0.31
  101 S    0  2  0  1 -2  1  2  0 -2  0 -2  0 -1 -1 -1  0  0  0 -2 -2    6  11   4   9   1   5  19   7   0   6   3   5   2   3   2   9   4   1   0   2  0.14 0.14
  102 I    0  1 -1  0  1  1  1 -2 -1  0  1 -1  0 -1  0  0 -1  0 -2  0    8   9   3   5   3   6  10   2   2   6  20   2   2   1   3   5   2   1   0   7  0.06 0.10
  103 L    0  2  0 -1 -2  0 -2 -3 -2  0  2 -1  2 -1 -1 -1  0 -3  0 -1   10  13   6   4   0   5   1   1   0   4  25   3   9   2   3   4   5   0   3   2  0.13 0.17
  104 K   -1  2  1  1 -3  0  0  0  0 -2 -2  3 -1 -3  2 -1 -1 -3 -1 -2    3  14   6  10   0   4   6   6   2   3   2  21   2   0  13   2   3   0   2   2  0.29 0.21
  105 K    0  1 -1  2 -3 -1  0 -1 -2 -2  0  4 -2 -3 -1 -1 -1  2 -1 -2    8   9   2  12   0   0   3   5   0   2  12  30   0   0   2   2   4   4   2   2  0.26 0.25
  106 N    0  1  2  1  2  0  0  0 -2 -2 -2  0 -2 -3  1  2  0 -3 -3 -2    4   8  15   7   5   3   5   6   0   3   3   7   0   0   6  21   4   0   0   3  0.20 0.17
  107 S    1 -1  1 -1 -2  0  2 -1  0 -1 -1 -1  1 -3  0  2  1 -3 -2  0   13   3   6   0   0   3  17   3   2   3   6   0   5   0   3  17  11   0   0   6  0.16 0.18
  108 D   -1 -1  1  5 -4  0  1  0  1 -4 -4 -2 -3 -4  0  1  0 -4 -3 -2    4   3   7  41   0   4  10   6   3   0   1   0   0   0   4   9   5   0   0   4  0.57 0.33
  109 W   -4  1 -4 -5  3  0 -4 -4 -4 -3  1 -3 -2  1 -4 -4 -4 10 -1 -3    1   9   0   0   7   4   1   1   0   0  16   0   0   6   0   1   0  51   0   1  1.82 0.56
  110 I   -1 -3 -3 -3 -2 -2 -3  0 -3  3  1 -2  2  0  1 -1  0 -2  0  2    3   1   1   1   0   1   1   8   0  21  16   1   7   4   7   2   4   0   3  20  0.22 0.15
  111 W    0 -2  0  0  4  1 -2  0 -2 -2 -2  0 -2 -1 -2  1  0  7  2 -1    6   1   4   5  10   7   1   5   0   1   1   6   0   0   1  11   5  21   8   4  0.44 0.22
  112 D    0 -2  2  4 -3 -1  2 -2  2 -3 -3 -1 -3 -3 -2  1  1 -3  1 -3   10   0  13  30   0   0  13   1   6   0   1   0   0   0   0   8  10   0   6   0  0.44 0.22
  113 W    0 -2 -4 -5  6 -4 -4 -4 -4 -4 -2 -4 -3  0 -4 -3 -3 11 -1 -4    7   3   0   0  18   0   1   1   0   0   2   0   0   2   0   1   0  60   0   1  2.33 0.58
  114 S    2 -2  3 -1  0 -2 -2 -2 -2 -2  0 -2 -2 -3  0  4  1 -4 -3 -2   16   0  19   0   2   0   0   1   0   0  10   0   0   0   3  38   8   0   0   0  0.42 0.26
  115 S   -1  4  1 -2  2 -1  0 -1  1 -2 -3 -1 -3 -3 -2  4  0 -4 -3 -3    1  28   5   0   5   0   4   5   4   2   1   0   0   0   0  40   3   0   0   0  0.50 0.28
  116 R   -2  6  0 -3  2  0 -2 -1  2 -4 -3  1 -3 -4 -1 -1 -1  0 -3 -3    1  58   3   0   5   1   0   5   7   0   1   6   0   0   3   3   2   1   0   0  0.80 0.34
  117 P    0 -2 -1 -3 -4 -3 -3 -1 -1 -2 -3 -2 -1 -4  7  0 -1 -4 -4 -2    6   1   3   0   0   0   0   5   1   2   2   0   2   0  65   5   4   0   0   2  1.42 0.41
  118 E   -2  1 -1  3 -4  2  5 -3 -2 -4 -2 -1 -3 -4 -1 -1 -1 -4 -3 -3    1   7   0  16   0  11  50   1   0   0   5   0   0   0   3   2   2   0   0   0  0.72 0.31
  119 N   -1  1  4 -1 -1  2  1 -2  4 -3 -3  0 -2  0  0  0  0 -3  1 -2    3   6  24   0   1  13   9   0  15   1   1   5   0   4   4   3   5   0   5   1  0.35 0.21
  120 I   -1  1 -1 -3 -2  2 -1 -3 -1  2  2 -1  1  0 -1  0 -1 -3 -1  1    3   7   3   0   0  13   1   0   2  19  24   2   3   3   2   7   2   0   1   7  0.15 0.14
  121 P   -2 -4 -3 -3  1 -1 -3 -1 -4 -2 -4 -3 -4 -5  7  2 -1 -5 -4 -4    1   0   0   0   3   2   0   5   0   2   0   0   0   0  63  20   2   0   0   0  1.52 0.48
  122 P   -1 -2 -1 -1 -2 -2 -3 -2 -2 -4 -3 -3 -4 -5  7 -2 -3 -5 -5 -3    6   2   3   4   1   1   0   3   1   0   2   0   0   0  72   2   0   0   0   1  1.75 0.52
  123 K   -2  2 -1 -2 -4 -1 -1 -2  0 -4 -3  6 -1 -2 -3 -1  0 -4 -3 -3    0   8   2   0   0   0   2   2   2   0   2  66   2   2   0   4   6   0   0   1  0.90 0.40
  124 E    1 -1  2  2  3  2  1 -1 -1 -2 -2  0 -2 -3 -1  1  1 -3 -2 -2   12   1  12  12  11  12  12   1   0   1   1   1   0   0   1  12  12   0   0   1  0.24 0.09
  125 F   -1 -3  0 -3  2 -2 -3 -3  1  0  0 -2 -1  3  0 -2 -2  6  2  1    6   0   8   0   6   0   1   1   4   6   7   1   0  16   5   1   1  17   7  14  0.39 0.17
  126 L    0  2  0 -2 -1  0 -1 -2  3  0  1  2  0 -1 -3 -1 -1  0 -1  0    9  14   4   0   1   3   0   2   9   5  16  19   1   3   0   2   1   1   1   8  0.15 0.16
  127 F   -3 -3 -2 -4  3 -1 -1 -4 -3  1  1 -3  2  6  0 -3 -1 -2  2 -1    0   0   2   0   8   3   4   0   0   7  10   0   7  40   5   0   4   0   5   3  0.61 0.34
  128 K   -1  3 -2 -2 -3  0  1 -1 -1 -2 -2  3 -1  0 -3 -1  0 -3 -2  0    5  22   0   0   0   3  10   4   1   2   1  27   1   5   0   3   4   0   0  10  0.34 0.25
  129 H    0  0 -1 -1  3  2  0 -3  6 -3 -3 -1 -3 -1  3 -2 -1 -3  0 -2    8   6   1   2   8  12   4   1  28   0   1   2   0   3  14   1   3   0   2   3  0.59 0.33
  130 P   -2 -1 -3 -3  2  0 -1 -3 -3 -2 -2  0 -3 -4  6  1 -2 -4 -1 -2    2   2   0   1   5   4   4   1   0   3   4   5   0   0  52  11   1   0   3   2  1.07 0.43
  131 K   -1  2  1 -2 -4  1  0  0  0 -4 -4  4 -3 -4  3 -1 -1 -4 -3 -3    3   9   8   1   0   6   3   6   2   0   1  35   0   0  17   3   2   0   0   1  0.54 0.31
  132 R   -2  5  1 -2  0  3 -1 -2  1 -3 -4  2 -3 -4  1  1 -1 -4 -3 -3    1  33   7   0   2  15   1   2   3   1   1  10   0   0   8  13   3   0   0   1  0.57 0.33
  133 T    0  2  2 -2 -2  0 -2 -2 -2 -3 -3 -1 -2 -4  4  3  1 -4 -3 -3    7  11  12   1   1   4   1   1   0   1   1   3   1   0  22  25   9   0   0   1  0.52 0.30
  134 A    1  1 -1 -1 -2 -1  0  0  0 -1 -1  1 -1 -2  2  0  0 -3 -1  1   10   8   1   3   0   0   7   9   3   1   4  12   1   0   9   6   6   0   3  17  0.10 0.12
  135 T   -1  1  0 -2 -1  0  0  0 -2 -2 -1 -1  1 -3  2  1  3 -3 -3 -1    3  10   3   0   1   4   6   9   0   0   6   2   4   0  12  14  22   0   0   3  0.23 0.20
  136 L   -2 -2 -3 -3  0 -3  0 -4 -2 -2  3 -3 -1  1  0 -2 -1  6  4 -2    2   2   0   0   2   0   7   1   0   0  36   1   0   5   6   3   3  12  17   1  0.54 0.33
  137 S    0 -3 -1 -3 -3 -2  0 -2 -1 -4 -2 -3 -3 -4  1  6 -1 -5 -4 -4    5   0   2   0   0   0   5   1   1   0   5   0   0   0   7  69   2   0   0   0  1.00 0.55
  138 M   -2 -3 -4 -3 -3 -3 -3 -4 -4  4  2 -2  6 -1 -4 -2 -2 -4 -3  2    2   0   0   2   0   0   1   0   0  28  22   2  25   1   0   3   0   0   0  10  0.70 0.38
  139 R   -2  5  0 -3  3  2  0 -4  1 -4 -2 -1 -3 -4  0  0  0 -4  0 -3    2  42   5   0   7   9   4   0   3   0   4   0   0   0   5   7   5   0   4   0  0.61 0.40
  140 N   -2  0  3 -1  1  1  0  1  3 -2 -2  1 -1 -2 -2  0  1 -3 -1 -1    1   5  15   2   4   9   4  10  10   0   3   9   1   2   0   7   8   0   2   6  0.18 0.18
  141 T    0 -2 -1 -2  2 -2 -1  1 -2 -1 -1  0 -2  1  0  2  2 -2  1 -1    8   0   2   0   5   0   4  11   0   4   4   8   0   6   4  16  18   0   7   3  0.16 0.19
  142 S    2  2  1 -2 -3  0  0  0 -2 -2  0  2  1 -3  0  1 -1 -3 -3 -2   18  12   8   0   0   2   4   6   0   0   9  15   4   0   4  13   2   0   0   2  0.18 0.19
  143 V    0  0 -1 -3 -2 -2 -1 -2 -2  0  0 -1  0 -1  0  1  0 -3  1  3    8   4   4   0   0   0   4   3   0   4   6   4   2   2   5  11   3   0   6  35  0.18 0.21
  144 M   -1 -1 -2  2 -3 -1  0  0  1  0  0 -2  5 -1  0 -1 -1 -2  1  0    2   2   1  12   0   1   6   7   5   3   9   1  27   1   4   4   3   0   5   7  0.25 0.21
  145 K   -2  4 -1 -2 -4  0  2  2 -2 -3 -3  4 -3 -4 -3 -2 -2 -4 -3  0    1  22   1   1   0   2  13  16   0   1   1  30   0   0   1   1   1   0   0   9  0.52 0.28
  146 K   -1  2  1 -1 -4  0  2 -3  1 -3 -1  5 -3 -4 -3 -1 -1 -4 -3 -3    3  10   6   3   0   1  12   1   3   0   6  46   0   0   0   4   3   0   0   1  0.59 0.32
  147 G   -1 -1  2  1 -3 -1  1  2 -1 -2 -3  1 -1 -3  1  0  1  3 -2 -2    2   2  10   9   0   2   9  22   1   1   1   8   2   0   6   5  11   4   0   2  0.24 0.15
  148 G   -1  2 -1 -1  2  0 -2  4 -2 -3 -3  2  1 -4 -2  2 -2 -3 -3 -2    2  11   1   4   5   3   1  34   0   0   1  12   4   0   2  15   0   0   0   3  0.42 0.25
  149 I   -2 -3 -3 -3 -3 -1 -1 -4  1  3  3 -3  0  0 -2 -1 -1  2 -2  1    1   0   0   0   0   3   5   1   4  18  39   0   1   4   1   6   2   3   0  10  0.35 0.23
  150 F   -4 -4 -5 -5 -2 -1 -5 -5 -4  0  0 -5  3  8 -5 -4 -4 -2  0 -2    0   0   0   0   1   3   0   0   0   5   6   0   9  71   0   0   0   0   0   1  1.65 0.59
  151 S   -1 -2  2  0 -1 -2 -2 -3 -3 -4 -2 -2 -3 -3 -3  6 -1 -5 -4 -2    3   1  11   6   1   0   0   0   0   0   5   1   0   1   1  66   0   0   0   3  0.91 0.50
  152 A    2  2 -2 -3  2 -1 -2 -2 -2 -1  0  0  0 -2  0  1  0  2  0  0   18  18   0   0   4   0   0   0   0   1  12   5   2   1   4  13   6   3   3   7  0.18 0.18
  153 D   -3  1  0  3 -5  1  5 -1 -2 -4 -4  0 -4 -5  1 -2  0 -4 -4 -4    0   9   5  14   0   4  46   6   0   0   0   3   0   0   6   0   5   0   0   0  0.73 0.37
  154 F   -1 -4  0 -4 -3 -3 -4 -2 -3  1  2 -3  1  4 -4 -3 -2 -3 -1  3    6   0   5   0   0   0   0   3   0   7  19   0   3  23   0   0   0   0   0  31  0.49 0.29
  155 L   -3 -4 -4 -5 -3 -4 -4 -5 -4  2  4 -4  3 -1  0 -4 -3 -3 -3  2    0   0   0   0   0   0   0   0   0  10  55   0   8   2   5   0   0   0   0  15  0.77 0.37
  156 K    0 -1 -2 -3  0  0  0 -3 -2 -2  0  3  0  1  0  0 -1 -2  4  0    7   1   0   0   3   4   5   0   0   0  13  23   1   6   5   5   1   0  17   8  0.22 0.21
  157 V    0 -3 -2 -3 -2 -1 -3  2 -3  1  2 -2 -1 -1 -1  0  1 -3 -1  2    7   0   0   0   0   3   0  16   0  10  21   0   0   1   2   7   9   0   2  20  0.19 0.17
  158 F   -3 -4 -1 -5 -4 -4 -5 -5 -4  1  3 -4  1  6 -5 -4 -3 -2  0  2    0   0   4   0   0   0   0   0   0   6  25   0   2  41   0   0   0   0   2  20  0.89 0.39
  159 L   -3 -4 -4 -4 -3 -4 -4 -3  1  4  3 -4  0  2 -4 -3 -2 -3 -2  3    0   0   0   0   0   0   0   2   5  32  31   0   1   8   0   0   0   0   0  19  0.63 0.30
  160 P   -3 -4 -4 -4  2 -3 -4 -4 -4  1  1 -3 -1  0  6 -1 -3 -4 -3  2    0   0   0   0   5   0   0   0   0   8  12   0   1   5  45   3   0   0   0  19  0.98 0.38
  161 S   -1 -3 -2 -3  1 -2 -3 -1 -3  0 -3 -3 -3 -4  0  5  4 -4 -4 -3    2   0   0   0   3   0   0   4   0   5   2   0   0   0   4  50  29   0   0   0  0.79 0.43
  162 L   -3 -2  5 -2 -3 -2 -3 -3  1  0  3 -3 -1 -1 -4 -1  0 -2 -3 -2    0   1  38   0   0   0   0   0   4   5  39   0   1   1   0   4   4   1   0   0  0.66 0.36
  163 L   -2 -4 -4 -4  0 -3 -4 -4 -4  3  3 -4  1  2 -4 -3 -1 -3 -2  3    2   0   0   0   2   0   0   0   0  16  39   0   3   9   0   0   3   0   0  23  0.57 0.27
  164 L   -1 -3 -4 -4  1 -3 -3 -4 -1  2  3 -3  1  1  0 -3 -1 -3  0  2    4   0   0   0   3   0   0   0   1  15  42   0   3   5   6   0   2   0   4  12  0.41 0.21
  165 S    0 -3 -2 -3 -3 -2 -2 -3 -3 -1 -4 -2 -3 -4 -3  5  3 -4 -4 -1    5   0   0   0   0   0   0   0   0   3   0   0   0   0   0  66  18   0   0   5  0.98 0.47
  166 H   -3 -3 -1 -3 -4 -2 -3 -4  7  0  2 -3 -2  4 -4  0 -3 -3 -1 -2    0   0   2   0   0   0   0   0  41   4  22   0   0  18   0   8   0   0   0   2  0.91 0.39
  167 L   -1 -1 -4 -4  1 -3 -4 -4 -4  3  3 -3  1 -1 -4 -3 -2 -3 -2  3    4   5   0   0   3   0   0   0   0  23  37   0   2   2   0   0   0   0   0  22  0.52 0.24
  168 L   -2 -3 -4 -4  2 -3 -4 -4 -4  2  4 -4  1  2 -4 -2 -2 -3 -2  1    0   0   0   0   4   0   0   0   0  13  57   0   1   9   0   4   0   0   0   8  0.64 0.28
  169 A    3 -3 -2 -3 -2 -2 -3  5 -3 -3 -3 -2  1 -4 -3  0  2 -4 -3 -2   25   0   0   0   1   0   0  48   0   0   1   0   4   0   0   3  14   0   0   1  0.74 0.29
  170 I    3 -3 -3 -3 -2 -2 -3 -2 -3  1  3 -2  0  1 -3  0  0 -3 -2  0   31   0   0   0   0   0   0   0   0   6  32   0   2   8   0   5   7   0   0   5  0.30 0.19
  171 G    2 -4 -2 -3  1 -3 -3  6 -3 -4 -4 -3 -4 -1 -3 -2 -3 -4 -4 -3   15   0   0   0   4   0   0  72   0   0   1   0   0   3   0   0   0   0   0   2  1.20 0.38
  172 L   -2 -3 -4 -4 -2 -3 -4 -4 -3  3  4 -3  2  1 -3 -3 -1 -3 -2  2    1   0   0   0   0   0   0   0   0  24  46   0   5   6   0   0   2   0   0  12  0.57 0.22
  173 G   -2 -4 -2 -3 -4 -3 -3  7 -3 -4 -4 -3  1 -4 -3 -2 -3 -4 -4 -4    1   0   0   0   0   0   0  87   0   0   1   0   5   0   0   0   0   0   0   0  1.56 0.42
  174 I   -1 -4 -4 -4 -2 -4 -4 -4 -4  5  1 -4  1  3 -4 -3 -2  0 -1  3    3   0   0   0   0   0   0   0   0  42  11   0   2  13   0   0   0   1   0  26  0.64 0.25
  175 Y    0 -4 -4 -5  3 -3 -4 -4 -1 -2 -1 -4 -2  3 -5 -3 -3  7  7 -3    9   0   0   0   8   0   0   0   0   1   6   0   0   9   0   1   0  18  48   0  1.25 0.39
  176 I   -3 -4 -5 -5 -3 -4 -5 -5 -5  6  2 -4  0  0 -4 -4 -2 -4 -2  2    0   0   0   0   0   0   0   0   0  64  23   0   0   3   0   0   0   0   0  10  0.94 0.32
  177 G    0 -2 -2 -3  4 -2 -3  5 -2 -3 -2 -2  0 -4 -3  1  0 -4 -4 -3    3   1   0   0  12   1   0  53   1   0   2   1   4   0   0  14   5   0   0   0  0.73 0.26
  178 R   -2  6 -2 -3 -2 -1 -1 -4 -2 -4 -3  5 -3 -5 -3 -2 -3 -5 -3 -4    1  48   0   0   1   0   0   0   0   0   2  48   0   0   0   0   0   0   0   0  1.22 0.40
  179 R   -3  7 -2 -3 -3  0 -2 -4 -1 -5 -4  3 -3 -2 -3 -2 -3  0 -3 -4    0  79   0   0   0   1   0   0   0   0   0  15   0   2   1   0   0   1   0   0  1.42 0.42
  180 L   -2 -3 -4 -4 -3 -3 -4  0 -4  2  4 -3  3 -1 -4 -3 -2  1 -2  0    0   0   0   0   0   0   0  10   0  10  69   0   8   1   0   0   0   2   0   0  0.66 0.24
  181 T    3  0 -1 -2 -2 -1 -1  1 -2 -2 -2 -1  0 -3 -1  2  3 -3 -2 -1   31   4   0   0   0   0   0  10   0   1   0   2   2   0   0  17  29   0   0   3  0.33 0.15
  182 T    1 -1  0 -2 -2 -1 -1 -2 -2  0 -1 -1 -1 -3 -2  2  4 -3 -2  0   17   3   4   0   0   0   2   0   0   8   4   0   0   0   0  16  42   0   0   3  0.34 0.17
  183 S    0 -1  1 -1  1  0 -1 -1  0 -2 -3 -1 -1 -2  3  3  1 -3 -2 -1    6   2   6   0   4   4   0   1   3   2   0   0   2   2  14  43   8   0   1   2  0.35 0.16
  184 T    0  0  0 -2  3  0 -1  0  0 -2 -3  0 -1 -3 -1  3  3 -3 -2 -2    6   4   2   0   8   2   0   4   3   2   0   5   2   0   2  35  25   0   0   0  0.33 0.17
  185 S    3 -2 -1 -2  0 -2 -2 -1 -2 -1 -1 -2  0 -3 -2  4  2 -4 -3 -2   29   0   0   0   2   0   0   3   0   2   6   0   3   0   0  42  14   0   0   0  0.44 0.22
  186 T    0 -2 -1 -2 -2 -1 -1 -2 -2 -3 -3 -1 -2 -3 -1  4  4 -4 -3 -2    0   0   0   0   0   0   0   0   0   0   0   0   0   0   1  53  45   0   0   0  0.75 0.25
  187 F   -3 -3 -4 -4 -3 -4 -4 -4 -1 -1  0 -4 -1  7 -4 -3 -3  1  4 -2    0   0   0   0   0   0   0   0   0   0   0   0   0  88   0   0   0   0  12   0  1.17 0.17

                      K         Lambda
Standard Ungapped    0.1283     0.3122
Standard Gapped      0.0406     0.2670
PSI Ungapped         0.1328     0.3069
PSI Gapped           0.0406     0.2670
