
Last position-specific scoring matrix computed, weighted observed percentages rounded down, information per position, and relative weight of gapless real matches to pseudocounts
           A  R  N  D  C  Q  E  G  H  I  L  K  M  F  P  S  T  W  Y  V   A   R   N   D   C   Q   E   G   H   I   L   K   M   F   P   S   T   W   Y   V
    1 M   -1 -2 -3 -4 -2 -1 -3 -3 -2  3  2 -2  7  0 -3 -2 -1 -2 -2  1    0   0   0   0   0   0   0   0   0  21   0   0  76   0   0   0   0   0   0   3  0.55 0.10
    2 M   -3 -4 -5 -6 -4 -3 -4 -5 -4 -1  0 -4 10 -2 -5 -2 -3 -4 -4 -2    0   0   0   0   0   0   0   0   0   1   0   0  96   0   0   3   0   0   0   0  2.32 0.64
    3 L   -2 -4 -5 -5 -3 -4 -4 -5 -4  2  5 -4  3 -1 -5 -3 -1 -4 -3 -1    2   0   0   0   0   0   0   0   0  10  77   0   6   0   0   2   2   0   0   0  0.97 0.37
    4 K   -2  5 -1 -3 -5  0 -1 -2 -2 -4 -2  4 -3 -4 -3 -1  0 -4 -3 -4    2  41   2   0   0   3   2   2   0   0   3  36   0   0   0   4   5   0   0   0  0.83 0.35
    5 G    2  2  0 -2 -3 -2 -1  3 -3 -4 -4  1 -3 -4 -3  3  0 -4 -4 -3   14  11   4   0   0   0   1  28   0   0   0   7   0   0   0  30   4   0   0   0  0.53 0.29
    6 I   -1 -2 -4 -5 -3 -2 -4 -2 -4  2  3 -3  4  2 -4 -3  0 -3 -2  2    4   1   0   0   0   1   0   4   0  11  36   0  13   9   0   0   4   0   0  15  0.47 0.27
    7 T    0  2 -1 -1 -1 -1 -2 -3  3 -2 -2  2 -1 -1 -1  0  3 -3  1 -1    9  10   2   2   1   1   0   0   8   2   3  20   2   2   2   7  21   0   6   2  0.23 0.21
    8 R   -3  6  0 -2 -5 -2 -3  2 -3 -5 -5  2 -4 -2 -4 -2 -2 -5 -4 -3    0  58   4   1   0   0   0  19   0   0   0  11   0   2   0   2   2   0   0   1  1.11 0.50
    9 L   -2 -2 -2 -4 -3 -2 -2 -2 -4  0  4 -4  4  0 -4  0 -3 -4 -3  0    1   2   2   0   0   1   2   3   0   3  56   0  12   4   0  10   0   0   0   3  0.63 0.37
   10 I    0 -3 -3 -4 -1 -2 -3 -4 -4  3  2 -2  2  0 -3  0  0 -3 -1  3    6   0   0   0   1   2   0   0   0  21  23   2   4   4   1  11   5   0   2  20  0.32 0.22
   11 S    0 -1 -1 -3  4 -3 -3 -2 -1 -3  0 -2 -3  1  1  4 -1 -4  1 -3    4   2   1   0  11   0   0   2   1   0  12   1   0   8   6  45   2   0   4   0  0.53 0.39
   12 R   -3  6 -3 -4 -4  0 -3 -2  4 -4 -1  1 -2 -1 -4 -2 -3 -5 -1 -3    1  57   0   0   0   4   0   3  11   0   7   7   0   3   0   3   0   0   2   1  1.03 0.50
   13 I    0 -2 -2 -3 -2 -2 -3 -1 -3  1  1 -1 -1 -1  2  0  1  2 -2  3    7   1   2   0   0   0   0   4   0   7  16   2   0   2  11   8  12   4   0  24  0.22 0.19
   14 H   -1  3 -2 -3  2  1 -2 -4  6 -3  1 -2 -2 -1  0  0 -1 -3  2 -3    4  17   0   0   4   6   0   0  26   0  16   1   0   2   5   8   3   0   7   0  0.54 0.35
   15 K    0  2 -1 -3 -4  2 -2 -2 -3 -4 -4  5 -3 -4  0  2  1 -4 -2 -2    9   9   2   0   0   9   0   1   0   0   1  39   0   0   4  15   7   0   1   2  0.56 0.35
   16 L   -1 -2 -4 -4 -3 -2 -4 -4 -2  1  5 -3  0  0 -4 -2  0  0 -3  2    3   2   0   1   0   1   1   1   1   4  58   1   0   3   1   3   6   1   0  14  0.63 0.34
   17 D   -1  0  0  4 -1  1  1  0 -1 -2 -2  0 -2  1 -2  0 -1 -3  0 -2    2   5   3  31   2   6   7   6   1   1   4   5   0   8   1   7   4   0   3   3  0.28 0.19
   18 P    0  1 -2 -3  1  0 -1 -2  5 -3 -1 -2 -3 -2  5  0 -2 -4 -2 -3    7   9   0   1   3   4   4   2  17   1   9   1   0   1  29   9   2   0   0   2  0.59 0.32
   19 G   -1  2  0 -2 -4  0 -2  4 -3 -2 -2  0 -1 -2  0 -1 -2 -4 -2  0    5  13   4   2   0   5   0  38   0   2   3   5   1   1   5   3   1   0   1   9  0.40 0.26
   20 R   -2  6 -1 -4  5  0 -2 -3  3 -4 -2  0  2 -2 -2 -3 -3 -4  2 -4    3  46   3   0  11   3   1   1   6   0   3   3   5   2   2   1   0   0   8   0  0.89 0.48
   21 F    1 -1 -4 -3  3 -3 -4 -3 -2 -2  2 -2 -1  5 -1 -1 -1 -3  0 -1   16   4   0   1   6   0   0   1   1   1  18   3   1  30   3   5   4   0   2   4  0.43 0.31
   22 L   -2 -3 -5 -3  2 -3 -4 -5 -4  2  5 -3  2  0  0 -2 -2 -4 -3  0    2   1   0   1   4   1   0   0   0  10  56   2   5   4   5   4   2   0   0   3  0.69 0.39
   23 H   -2  2  2  0  0  1 -2 -3  8 -5 -3  1 -1 -3 -3 -1 -2 -5 -1 -4    2  13   9   5   2   5   1   2  36   0   3   9   2   1   1   5   2   0   1   0  0.85 0.46
   24 M    1 -1 -2 -3 -1  1 -1  0 -3 -1 -1  0  2 -2  1  1  3 -3  0 -1   10   2   1   0   1   6   2   7   0   3   4   5   7   2   7   8  26   0   3   4  0.22 0.23
   25 G    2 -1  0 -2  0 -1 -1  3 -3 -2 -3 -2 -3 -1 -1  2  0 -4  0 -2   20   4   4   1   2   2   3  24   0   3   1   2   0   2   3  19   6   0   3   2  0.31 0.26
   26 T    2  0 -1 -2 -3 -2 -1 -1 -1 -1 -2 -1 -2 -1  1  1  3  0 -2  0   23   5   1   1   0   1   3   5   2   2   4   3   0   3   6  11  23   1   1   6  0.24 0.24
   27 Q    0  3  1 -1  1  4 -1 -3 -1 -3 -3  2 -3 -3  0  1 -1 -2 -3 -3    6  20   5   2   3  22   2   1   1   1   2  10   0   1   6  11   3   1   1   1  0.43 0.33
   28 A    4  0 -2  0  0 -1 -1  1 -1 -2 -1  0 -3 -2 -2  0 -1 -4 -2 -1   38   6   0   6   2   3   4  10   1   2   6   6   0   1   1   6   3   0   1   4  0.29 0.27
   29 R    0  5 -2 -2  4  1 -3 -4  0 -5 -3  0 -4 -5  3  0 -2  2 -3 -5    8  39   1   2   9   7   0   1   3   0   2   3   0   0  13   6   2   3   1   0  0.80 0.51
   30 Q   -1  3 -1 -2 -5  4  0 -3 -1 -3  0  2 -3  0 -2  0  0 -3 -2 -3    4  14   1   1   0  25   6   1   1   1  11  14   0   5   1   6   6   0   1   1  0.41 0.35
   31 S    0  3 -1 -4 -1  0 -3 -2 -3 -3  1 -1 -1 -3 -2  4  1 -5 -3 -3    6  18   3   0   1   4   1   2   0   1  16   3   1   1   1  31  10   0   1   1  0.43 0.39
   32 I    1 -3 -3 -2 -2 -1  0 -2 -4  3  1 -2 -1 -1 -1  1  2 -4 -3  0   14   1   0   1   0   3   6   3   0  22  12   1   0   3   3  13  12   0   0   6  0.22 0.25
   33 A    3 -3 -2 -3 -1  0  0 -2 -4  0 -1 -2 -2 -4  0  0  0 -4 -2  2   34   0   1   0   1   4   7   2   0   6   5   1   1   0   4   7   6   0   1  17  0.33 0.31
   34 A    3 -2 -2  1 -3 -1 -1 -3 -2  0  1 -3 -2 -1 -2  1  0 -4 -3  2   27   2   1   9   0   2   4   1   1   4  17   0   0   2   1   9   7   0   0  14  0.24 0.27
   35 H    1 -1  0 -1 -4  1  1 -2  4 -3 -2 -1  0 -2  0  3 -1 -4 -3 -2   14   2   4   3   0   6  10   3  11   0   3   2   3   2   4  27   3   0   0   3  0.35 0.32
   36 L    1 -1  3 -1 -3  2  0 -2 -1 -1  1  0 -1 -2  0  0 -1  1 -3  0   10   2  17   1   0  11   4   1   1   2  17   6   1   1   5   6   2   2   0   8  0.18 0.22
   37 D   -1 -2  2  5 -3  0  0 -1 -2 -4 -2  0 -1 -4 -1  0  2 -5 -3 -2    5   1  12  31   0   4   5   4   1   0   5   7   1   0   3   6  12   0   1   2  0.43 0.31
   38 N   -1 -1  5  0 -1  0 -1 -1 -1 -2 -2  1 -2 -2  2  1 -1 -4 -3  0    6   2  29   5   1   3   3   4   1   1   3   7   1   2   9  11   4   0   0   7  0.35 0.28
   39 Q    2  0 -3  0 -4  4  2 -2 -3 -3 -3 -1 -3 -4  1  1 -1 -2 -4 -2   21   6   0   5   0  24  13   2   0   1   3   1   0   0   6  12   2   1   0   2  0.47 0.37
   40 V    0 -3 -3 -2 -3 -1 -2 -4 -3  2  3 -2  0 -1 -1  0  0 -3 -2  3    8   1   0   2   0   3   2   1   0   9  29   1   1   2   3   8   6   0   1  23  0.31 0.25
   41 P   -1 -1 -2  1 -5  1  0 -2  2 -3 -2 -2 -4 -1  6 -1 -2 -5 -4 -1    6   3   2   7   0   7   5   3   6   1   5   2   0   3  41   4   2   0   0   5  0.77 0.44
   42 V    1 -1 -1  1 -3 -1  0 -3  1  0  0 -1 -1 -2  0 -1  0 -3  0  3   11   2   2   9   0   3   5   1   3   4   6   3   1   1   4   5   5   0   3  30  0.18 0.20
   43 E   -1  0  0 -1 -4  3  4  1 -2 -4 -2  0 -1 -1  1  1 -1 -1 -1 -3    3   4   4   3   0  12  28   9   0   0   3   4   1   3   7  10   4   1   2   1  0.34 0.29
   44 S    0  2  0  1 -3  0  0  0 -1 -2 -2  0 -2 -2  2  2  1 -1 -3 -2    7  11   5   8   0   4   7   8   1   2   4   6   0   2  10  15   9   1   0   1  0.18 0.17
   45 P   -2 -2  2 -3 -4 -1 -1 -3 -2  0  0 -1  0 -4  6 -1 -1 -5 -4 -2    3   2  10   0   0   2   3   2   1   6  10   4   3   0  42   5   3   0   0   3  0.82 0.46
   46 R   -1  4 -1 -1 -4  2  0  0  0  0 -1  1 -2 -1  2 -2 -2 -4 -3 -1    3  25   3   2   0   8   7   7   3   6   6   7   1   3  10   1   2   0   0   5  0.27 0.24
   47 A    2  1  0  3  0  0 -1 -1 -3 -2 -3 -1 -3 -1  1  2  2 -4 -3 -2   21   8   3  15   2   3   2   3   0   2   2   2   0   3   6  14  11   0   0   2  0.27 0.26
   48 I   -1 -4 -3 -2 -2 -3 -3 -4  0  2  3 -3  1  0  1 -1  0  2  0  2    4   0   0   2   1   0   2   1   2  13  27   1   2   2   9   5   5   3   4  16  0.30 0.24
   49 S   -2 -4 -2 -3  2 -2 -2 -4 -2 -4  0 -2 -3  5  0  4 -1 -4  0 -2    1   1   2   1   4   1   2   1   1   0  10   2   0  29   4  34   3   0   2   2  0.72 0.50
   50 R   -2  5 -2  0  0 -1 -2 -3  3 -2 -2  1 -2  2 -1 -1 -2  0  0 -2    4  38   1   5   2   2   2   1   6   2   3   9   1   9   4   3   2   1   3   3  0.56 0.38
   51 T   -3 -3 -3 -2 -2 -2 -1 -4 -5  1  1 -2  0 -4  0 -1  6 -5 -4 -1    1   1   1   2   1   1   3   1   0   8  11   2   2   0   5   2  54   0   0   4  0.88 0.56
   52 N    0 -1  2 -1 -2  0 -1 -2  1 -1 -2 -1 -2 -1  3  3  0 -4 -3 -2    8   3  12   2   1   5   3   2   4   4   3   3   0   2  12  27   6   0   0   2  0.32 0.29
   53 E   -1 -1 -2  1 -3  0  5 -3 -2 -1 -3 -1  0 -3 -2  0  0 -5 -4  0    5   3   1   5   1   3  46   2   1   4   3   2   2   1   2   5   7   0   0   7  0.61 0.43
   54 N    0 -1  3  0 -2 -1 -2 -1 -1 -2  1 -1 -1  0  0  2  1 -2 -3 -1    7   3  17   4   1   2   0   4   2   1  15   3   1   5   4  20   9   1   0   3  0.19 0.22
   55 D   -3 -2  4  5 -5  0  0 -3  0 -4 -3 -3 -3 -4 -3  2  0 -5  0 -4    1   1  21  35   0   4   5   1   2   1   2   0   1   1   1  13   6   0   3   0  0.79 0.46
   56 P    0 -5 -5 -3 -5 -3 -4 -4 -5 -2 -1 -4 -4 -4  8 -3 -1 -5 -5 -3    7   1   0   1   0   1   1   1   0   3   8   1   0   1  67   2   3   0   0   2  1.76 0.77
   57 A    3 -2 -2  0 -3 -1  1 -1 -3 -1 -1 -2 -2 -1 -2  2  0 -4 -3  1   28   2   1   6   0   1  11   4   0   3   4   2   1   2   2  16   5   0   0  11  0.27 0.26
   58 K    0  0  3 -1  1  2  1 -2  1 -1 -2  3 -1 -3 -2  0  0 -4 -2 -1    7   4  13   3   3   8   9   2   3   4   4  20   1   1   1   6   5   0   1   4  0.22 0.20
   59 H   -2 -2 -3 -4 -4  0 -3 -3  8  0  3 -4  1  1 -3 -4 -3 -4 -2 -2    4   2   1   1   0   3   1   2  39   5  26   1   3   5   1   1   2   0   1   2  1.07 0.53
   60 G   -1 -1  1  1 -3 -1 -2  1 -3 -3 -2 -1 -2 -3 -2  3  4 -4 -4 -2    4   3   8   6   0   2   1  11   0   1   4   2   1   1   1  23  28   0   0   2  0.45 0.35
   61 D    1  1  0  1 -2  1  4 -3  0 -3 -2  1 -1 -1  0  0 -1 -4 -3 -2   10   7   3   7   1   6  28   1   2   2   5   8   1   3   5   6   3   0   0   2  0.31 0.26
   62 Q    0  1  2  1 -2  3  1 -2  1 -3 -3  2 -2 -3 -2  1  0 -4 -3 -2    8   6   9   9   1  14   9   2   3   2   2  15   1   1   2   9   5   0   1   3  0.25 0.22
   63 H    0 -3  3  3  0  0 -2 -3  7 -4 -4 -2 -1 -3 -3  1 -2 -5 -2 -2    7   1  13  17   2   5   1   1  27   1   2   2   2   1   1  12   1   0   1   3  0.76 0.46
   64 E    0 -1 -2 -3 -1  0  1 -3 -3  3  1 -1  0 -2 -3 -2  0 -4 -3  3   10   4   1   1   1   3  13   1   0  18  11   2   2   1   1   2   7   0   0  22  0.27 0.25
   65 G    0 -2  2 -2  3 -4 -4  6 -2 -5 -4 -4 -5 -5 -5 -1 -3 -5 -3 -5    9   3  10   2   6   0   1  59   1   0   2   0   0   0   0   5   1   0   1   0  1.19 0.60
   66 Q   -2  3 -2 -3 -2  4 -1 -3  0 -4 -1  4 -3 -3 -4  1  1 -5 -2 -3    3  16   1   1   1  19   2   1   2   0   7  24   0   1   0  11   9   0   1   1  0.56 0.42
   67 H    0 -4 -4 -4 -4 -3 -3 -4  3  1  1 -4  3  4  1 -2 -1  1  4  1    8   0   0   0   0   0   1   1   7   6  10   0   7  17   6   3   3   2  15  12  0.45 0.33
   68 Y   -2 -3 -5 -6 -2 -5 -4 -6  1 -2  0 -2  3  4 -5 -3 -2 -3  7  0    4   1   0   0   1   0   1   0   3   2   8   2   8  18   0   2   2   0  41   6  1.19 0.62
   69 N    2  0  0 -1  1  1  0 -1 -1 -2 -3  2 -3 -4 -1  1  3 -5 -4 -2   15   5   4   3   3   5   6   5   2   3   1  13   0   0   2   9  21   0   0   2  0.28 0.27
   70 I   -4 -5 -3 -3 -4 -5 -5 -6 -1  4  2 -4  2  5 -5 -5 -3  2  0  2    0   0   1   2   0   0   0   0   1  24  19   1   4  26   0   0   1   3   3  13  0.87 0.48
   71 S   -1 -2 -1  1 -5 -3 -2 -2 -2 -5 -4 -1 -5 -6  6  3  1 -6 -5 -4    4   2   2   7   0   1   3   3   1   0   1   3   0   0  43  20   8   0   0   1  1.09 0.64
   72 P   -1  0  1  2 -4  1  1 -1  0 -2  0  2  1 -2  2  0 -1 -4 -2 -2    4   3   8  10   0   7   9   3   2   2  10  13   3   1   9   6   3   0   1   3  0.16 0.17
   73 Q    0 -1  2  3 -5  2  4 -1 -1 -3 -4  0 -4 -5  0  0 -1 -5 -5 -3    7   3  10  14   0   9  24   5   1   2   1   6   0   0   5   8   3   0   0   1  0.45 0.36
   74 D    0 -2  0  3 -4  1  2 -2  2  0 -1 -1  0 -2 -2 -1  0 -4 -2  1    8   2   3  20   0   6  13   2   6   7   5   2   2   1   1   3   6   0   1  12  0.25 0.25
   75 L   -1 -2  0 -2  0  0 -2 -2 -1  1  2 -1  1  0 -1 -1 -1  1 -1  2    5   2   5   1   2   6   2   4   1   9  27   3   2   4   4   3   2   2   2  14  0.15 0.17
   76 E   -1  0  2  3 -1  1  0 -2  0 -2 -3  3 -1 -3 -1  1  0 -5 -4 -2    3   5   9  17   1   7   5   2   2   2   2  22   2   1   3  10   4   0   0   3  0.33 0.30
   77 T    2  1 -1 -1 -3  2  0 -2  0 -1 -1  1  0 -2  1  0  1 -4 -3 -1   19   6   3   3   0  11   5   2   2   4   6  11   2   2   7   4   9   0   0   4  0.16 0.20
   78 V   -1 -2 -2 -2  0 -3 -4 -4 -1  2  3 -2  2  2 -2 -2 -1  2  0  1    6   3   2   2   2   0   0   0   2  14  27   2   4   9   2   3   4   2   3  11  0.30 0.25
   79 F   -2  2 -1 -2  0 -1 -2 -2  0  0  1  1  1  5 -4 -2 -2 -3  1 -2    2  11   2   2   2   3   3   3   2   4  15  10   3  26   0   2   3   0   4   2  0.35 0.30
   80 P    0  0  0  0  2  0  0 -1  1  0 -1  0  1  0  0  0  0 -2  1  0    5   5   5   5   5   5   5   5   5   5   5   5   5   5   5   5   5   0   5   5  0.03 0.05
   81 H   -1 -1  1 -2 -4 -1  2 -1  4 -1 -1  1 -1  3 -1 -1 -1  0  2 -2    6   4   7   1   0   2  13   4  13   4   6   7   2  11   3   4   3   1   6   2  0.22 0.22
   82 G    0 -3 -2 -1  0 -3  1  6 -2 -3 -4 -3 -2  1 -5 -2 -3  0 -5 -1    7   1   2   4   2   1   9  52   1   2   1   1   1   5   0   3   2   1   0   4  0.90 0.56
   83 L    1 -3 -6 -3 -5 -3 -2 -4 -6  1  5 -3  2  2 -6 -3 -2 -5 -1  1   10   1   0   1   0   1   4   2   0   6  48   2   4   7   0   2   2   0   2   8  0.72 0.46
   84 P   -1 -3 -3 -3 -7 -2 -1 -2  1 -2 -3 -1 -2  3  7 -2 -1 -6 -2 -4    4   1   1   2   0   2   4   4   3   2   2   4   1  10  48   3   4   0   2   1  1.14 0.71
   85 P    0  2 -1 -2 -2 -1 -2 -1 -1 -3 -3  4 -1 -1  3  1  0  0 -1 -2    7  12   3   2   1   2   2   5   1   1   3  23   2   2  13  10   6   1   2   4  0.35 0.31
   86 R   -2  3  0 -1 -5  0  1  0  2 -3 -3  2 -2  0  0  1  1  0 -1 -2    2  17   5   3   0   4   8   9   4   1   3  11   1   4   6  10   8   1   2   3  0.23 0.23
   87 F   -2 -1 -1 -4 -4 -1 -2 -4  0  2  1 -2  4  5 -4 -2  0  1  1  0    3   3   3   1   0   3   3   1   2  10  15   2  10  21   1   3   7   2   5   6  0.44 0.29
   88 V   -1  0  0  0 -3  2  1 -1  1 -1  0  1  1 -1 -3 -1  0  1  0  0    5   5   3   5   0  10  10   4   3   3  11   8   4   2   0   4   7   2   3   8  0.09 0.13
   89 M   -3  2 -1  1  1  4  0 -2  1 -1 -3  1  2 -1 -1 -2 -2  2 -1 -1    3  10   3   7   3  19   7   3   3   3   3   8   4   3   3   4   3   3   3   4  0.32 0.27
   90 Q   -2  0 -1  0  1  4  3 -2  1 -2 -1  0  1 -1 -1  0 -1 -6  0 -2    3   4   3   5   3  18  18   3   3   3   6   5   3   3   3   6   4   0   3   3  0.34 0.28
   91 V    0 -2 -2 -4 -1 -3 -4 -2 -1  1  0 -3  2  5 -5 -2 -2  7  1  1    7   2   2   1   1   1   0   3   2   8   6   2   5  24   0   3   3  18   3  10  0.67 0.37
   92 K    0  2  1  1 -4  1  2  1  0 -3 -3  3 -3 -5 -1  0 -1 -5 -4 -3    6  12   7   9   0   6  12  10   2   1   2  20   0   0   2   8   4   0   0   2  0.31 0.23
   93 T   -1 -3 -2  0 -4 -2  1 -4 -1  0  2 -3  0  0  0 -1  4 -4 -1  0    4   0   1   5   0   1  12   1   1   5  24   0   2   5   4   3  27   0   2   5  0.31 0.29
   94 F   -3 -5 -4 -1 -5  0 -3 -2 -4 -1  1 -5  0  7 -5  1  0 -3  1 -2    2   0   0   4   0   5   1   3   0   3  13   0   2  45   0  10   7   0   3   2  0.83 0.46
   95 S   -1  3  2 -1 -4 -1 -2  1  2 -3 -2  0  1  0  0  1  0  1 -2 -3    2  16  12   3   0   2   1  13   6   1   4   5   5   4   4  13   6   2   0   1  0.22 0.20
   96 E   -2  4  0 -1 -5  1  4 -3  1 -3 -4  2 -1 -4 -2 -1 -1 -5 -3 -3    2  26   4   3   0   5  28   2   3   2   1  11   2   1   2   3   3   0   1   1  0.59 0.35
   97 A    0  2  0 -2  3 -3 -4 -3 -2 -3 -3 -2 -2 -2  6  0  1 -1 -1 -3   10  10   4   1   7   0   0   1   1   1   3   2   1   1  38   5   9   1   3   1  0.78 0.42
   98 C    3 -1 -2 -3  5 -1 -3  0  3 -3 -2 -2 -3  0 -2  2  0 -4 -1  0   23   3   1   1  15   2   0   6   8   0   3   1   0   4   2  14   6   0   2   9  0.39 0.29
   99 L   -2 -4 -3 -4  1 -3 -4 -4 -4  2  3 -3  1  1 -4  1  3  3 -2  1    2   0   0   0   2   0   0   0   0  11  29   0   4   7   0  10  19   5   0  10  0.42 0.27
  100 M   -2 -4 -2 -5 -4 -2 -4 -5 -4  1  4 -4  6 -1 -1  0 -2 -4 -3  2    2   0   3   0   0   2   0   0   0   5  39   0  21   2   3   7   2   0   0  16  0.69 0.37
  101 V   -1 -2 -4  0 -1 -2 -3 -4 -1  3  1 -2  2 -1 -2 -2 -1 -4 -1  4    3   1   0   7   1   1   0   0   1  16  13   3   6   1   2   1   3   0   2  37  0.42 0.26
  102 R   -4  8 -3 -4 -5 -2 -3  0 -3 -5 -4 -1 -4 -5 -4 -3  0 -5 -4 -5    1  79   0   0   0   0   1   7   0   0   1   1   0   0   0   1   7   0   0   1  1.78 0.61
  103 K   -1  1  2  1 -4  2  2 -1  0 -3 -3  4 -3 -4  1  0 -1 -4 -1 -2    4   6   9   7   0   8  11   3   2   0   2  29   0   0   6   4   2   0   2   2  0.35 0.20
  104 P   -1 -2 -1 -1  0  3  3 -2  1 -2 -3 -1 -1 -4  4  1 -1 -4 -3 -1    5   0   2   2   2  14  23   2   4   2   2   2   2   0  19  11   3   0   0   5  0.43 0.25
  105 A    2 -3 -2 -1 -3 -2 -3  0  0 -1 -1 -3  0  2 -3  1  4 -3  0  0   21   0   0   2   0   0   0   6   2   2   4   0   3  10   0  12  28   0   2   6  0.32 0.24
  106 L   -2 -3 -5 -5 -4 -3 -5 -6 -1  2  4 -3  0 -1 -5 -4 -2 -2 -4  3    4   1   0   1   0   1   0   0   2  11  48   1   1   2   0   1   2   0   0  23  0.81 0.42
  107 E   -1 -1 -1  4 -3  2  5 -4  0 -4 -4  0 -4 -4 -2 -1 -2 -6 -3 -4    4   2   2  19   1   7  45   1   2   1   1   5   0   0   2   4   2   0   1   1  0.87 0.48
  108 L   -1 -5 -6 -6 -1 -5 -4 -6 -6  4  5 -5  2 -3 -6 -4 -2 -5 -4  2    4   0   0   0   1   0   1   0   0  19  51   0   4   0   0   1   2   0   0  16  1.00 0.49
  109 L    1  1 -2 -4 -1 -3 -3  0 -2  3  2 -2  3  1 -4 -2 -1 -4 -1  1   11   8   2   0   1   0   1   7   1  21  18   2   8   5   0   1   3   0   1   9  0.27 0.22
  110 H   -1  2  2  3 -2  1  0  0  3 -4 -4  2 -4 -5 -4  2 -1 -5 -2 -4    5  10  11  16   1   5   5   6   8   1   1  11   0   0   0  17   3   0   1   0  0.41 0.28
  111 Y   -1  1  2 -1  3  0 -1 -4  1 -1  0  1 -1  0 -4 -2 -2  1  5 -1    5   9   9   3   6   4   2   0   3   3  10   9   1   2   0   1   2   2  24   3  0.36 0.28
  112 L   -5 -5 -6 -7 -3 -4 -6 -7 -6  3  5 -6  5  3 -6 -5 -4 -5 -2  0    0   0   0   0   0   1   0   0   0  13  56   0  12  12   0   0   1   0   1   4  1.22 0.56
  113 K   -2  2  1  2 -5  2  3 -4 -1 -5 -3  4 -3 -3 -4  0 -1 -4 -4 -3    2  12   7  12   0   8  17   0   1   0   2  27   0   1   0   5   3   0   0   1  0.58 0.36
  114 N    1  2  3  1 -2  2  1 -1  1 -3 -2  1 -2 -4 -3  1 -1 -5 -4 -3   14  11  16   7   1  10   8   3   3   1   3   9   1   0   0  11   2   0   0   1  0.33 0.25
  115 T    3 -3 -2 -2 -3 -1 -2 -2 -2  1 -2 -2  0 -2 -2  2  3 -1 -2  0   29   1   1   1   0   2   2   2   1   7   3   2   3   1   2  13  21   1   1   7  0.35 0.29
  116 S    1 -1  4  3 -4  0  0 -1 -2 -3 -3  1 -3 -5 -2  2 -2 -5 -4 -1   11   2  22  18   0   3   6   4   0   1   2  10   0   0   1  13   1   0   0   5  0.44 0.31
  117 F   -1 -1  0  0 -2  1  1  0 -1 -2 -1  1 -1  3 -1 -1 -1 -1  3 -2    5   2   3   6   1   7   9   8   1   1   5  11   1  17   3   4   4   0  10   1  0.18 0.18
  118 A    2 -1  2  0 -4  0  0 -1 -1 -4 -4  2 -3 -4  0  2  1 -3 -3 -2   18   1  11   5   0   3   6   5   1   0   1  16   0   0   4  17   9   0   0   2  0.32 0.26
  119 Y   -1  1  0 -1 -4  0 -1  0  4 -3 -2  4 -3 -3 -3  2 -1  2  1 -4    3   7   4   2   0   4   3   8  11   1   3  28   0   1   1  14   2   3   5   0  0.40 0.30
  120 P   -1 -1 -2 -3 -5  0  1 -3 -3 -4 -4  3 -4 -4  6  2 -1 -6 -5 -3    4   2   1   1   0   4   7   1   0   1   2  16   0   1  39  15   4   0   0   1  0.91 0.48
  121 A    3 -1  0 -1 -2 -1 -1 -1 -3  0 -2  1 -2 -3 -1  0  2 -4 -4  2   30   2   4   4   1   1   4   3   0   4   2   9   1   1   3   7  12   0   0  14  0.27 0.24
  122 I   -1 -1  2 -1 -2 -2 -2 -3 -1  1  1  0  0 -1  1 -1  0 -4 -2  3    3   3  11   3   1   1   1   1   2   6  16   6   2   2   6   4   4   0   1  26  0.18 0.19
  123 R   -3  7 -4 -4 -6  1 -3 -3 -3 -6 -6  3 -3 -3 -4 -1 -3 -6 -3 -6    2  63   0   0   0   5   1   2   0   0   0  17   0   1   1   4   1   0   1   0  1.59 0.70
  124 Y   -2 -1 -4 -5  1 -3 -4 -5  1  2  1  0  0  3 -4 -3 -2 -2  6  1    2   4   0   0   3   0   1   0   3  11  11   5   2  10   1   1   2   0  35   8  0.72 0.37
  125 L   -2 -5 -5 -6  0 -5 -5 -3 -5  3  2 -5  1 -1 -5 -4 -2 -5 -3  5    2   0   0   0   2   0   0   2   0  15  22   0   2   2   0   1   1   0   1  50  0.94 0.45
  126 L   -4 -5 -5 -6 -4 -5 -5 -6 -5  3  5 -5  1  1 -4 -5 -3 -4 -2  1    0   0   0   0   0   0   0   0   0  17  62   0   2   6   1   0   1   0   1   7  1.06 0.47
  127 Y   -2 -4 -1  3  0 -3 -3 -4  2 -1 -3 -3 -2  0 -4 -1  3  3  6 -2    2   0   2  15   2   1   1   1   4   3   1   1   1   2   0   3  18   3  35   3  0.80 0.42
  128 G   -3 -5 -3 -4 -5 -4 -4  7 -4 -5 -5 -4 -5 -5 -4 -3 -4 -5 -5 -5    1   1   0   1   0   0   1  90   0   1   1   1   0   0   1   1   1   0   0   1  2.16 0.72
  129 E   -1  1 -1  1 -4  1  4 -2 -1 -2 -3  2  0 -4  3 -1 -2 -2 -2 -2    5   7   2   7   0   5  27   3   1   2   2  11   2   0  16   4   1   1   1   2  0.42 0.25
  130 K   -1  3  0  0 -2  0 -1 -2  0 -2 -2  3 -1  0  1  0  0  0 -1 -1    5  19   3   4   1   4   1   1   2   2   3  21   1   5   8   6   5   2   1   5  0.24 0.18
  131 G   -1 -3 -2 -3 -3 -3 -1  6 -3 -2 -3 -3 -1 -4 -4 -1 -3 -4 -4 -3    4   1   2   1   1   1   5  69   1   2   3   1   2   1   1   5   1   0   0   2  1.22 0.49
  132 T    0 -3 -2 -3  5  0 -3 -2 -2 -2 -2 -3 -3 -4 -3  3  4 -4 -3  0    7   1   1   1  13   5   1   2   1   2   2   1   0   0   1  29  26   0   0   8  0.59 0.36
  133 G   -3 -4 -3 -4 -5 -4 -4  7 -5 -6 -6 -1 -5 -5 -5 -3 -4 -5 -5 -5    1   0   0   0   0   0   1  88   0   0   1   4   0   0   0   1   0   0   0   1  2.04 0.70
  134 K   -3  2 -3 -3 -5 -2 -1 -4 -3 -2 -4  7 -4 -5 -4 -3 -3 -5 -4 -3    1   7   0   0   0   0   2   1   0   3   1  79   0   0   0   1   1   0   0   1  1.65 0.66
  135 T   -1 -3 -2 -3 -3 -3 -3 -3  2 -4 -4 -2 -4 -4 -3  6  4 -5 -4 -3    2   0   0   0   0   0   1   1   4   0   1   1   0   0   0  61  24   0   0   1  1.20 0.58
  136 L   -1 -1 -3 -4  1 -3 -3 -4 -2  2  1 -3  4  1 -3  0  1 -3  0  2    5   3   0   0   3   0   0   1   1  14  15   0  14   6   0   6  12   0   3  16  0.31 0.23
  137 S    1 -3 -3 -3  0 -2 -3 -3  1  1  2 -3  0 -2 -3  1  4 -4 -2  0   11   0   0   0   2   1   0   1   4   7  23   0   2   1   0  12  29   0   1   4  0.38 0.30
  138 L   -3 -4 -5 -2 -4 -2 -4 -4 -3  0  6 -4  3  0 -5 -4 -3 -4 -3 -1    2   0   0   2   0   2   0   1   1   2  73   0   7   3   0   1   0   0   0   3  1.14 0.53
  139 C    2 -1  0 -3  5 -3 -2 -2 -1 -1  3 -3  1 -1 -3  0 -1  0 -1 -1   19   4   5   0  14   0   2   3   1   3  31   1   2   1   0   5   2   1   3   2  0.34 0.27
  140 H   -3 -2 -3 -4 -5  6 -2 -5  8 -4 -4 -3  2 -5 -4 -2 -3 -5 -1 -2    2   1   1   0   0  43   1   0  35   1   1   0   5   0   0   2   1   0   2   3  1.59 0.72
  141 V    3 -2 -3 -3  1 -3 -2 -2 -4  2  1 -3 -1 -2 -3  0  1 -4 -3  2   33   2   0   0   3   0   3   2   0  14  14   0   1   1   0   4   7   0   0  14  0.35 0.27
  142 I    0 -4 -4 -4 -3 -1 -2 -3 -4  2  2 -3  4 -1 -4 -3 -1 -4  0  4    6   0   0   0   0   3   2   1   0  10  20   1  14   2   0   1   4   0   3  31  0.53 0.33
  143 H    1 -3 -1 -3  0  1 -1 -4  8 -3 -2 -3 -2 -2 -4  1 -1 -4  1 -4   13   1   3   1   2   5   3   1  44   2   3   0   1   2   0   9   5   0   4   1  1.08 0.54
  144 F   -4 -2 -2 -5 -3 -3 -3 -5  3 -3 -2 -4  3  4 -5 -2 -2  6  7 -3    1   2   2   0   1   1   1   1   7   1   4   1   8  15   0   3   2   9  42   1  1.27 0.59
  145 C    5 -4 -4 -5  7 -4 -4  2 -4 -4 -2 -4 -2 -3 -4 -1 -3 -5 -1 -2   47   0   0   0  22   0   0  14   0   0   4   0   1   1   0   4   1   0   2   1  1.08 0.55
  146 A    1  1 -2 -3 -2 -1 -3 -2  1  0  1 -1  0  3 -3 -1 -1  1  3 -1   14  11   1   1   1   3   0   3   4   5  14   2   2  15   0   5   3   2  12   4  0.22 0.20
  147 K    0  1  0  0  0  1  1 -2 -1 -1  0  1  2 -3 -2  1  0 -3 -3 -1    8   9   3   5   3   8  11   1   1   2  11   8   7   0   1  11   6   0   0   4  0.13 0.15
  148 Q   -2  1  4  1 -1  4  1 -3  1 -4 -4  3 -2 -5 -2  0 -1 -5 -4 -4    3   5  20   5   2  19   8   0   3   0   1  18   1   0   1   7   3   0   0   0  0.52 0.36
  149 D   -3 -1  3  2 -3 -1  0  4 -1 -5 -4  2 -4 -2 -1 -1 -2 -4 -4 -4    1   2  17  13   1   3   4  32   2   0   1  12   0   2   3   3   1   0   0   1  0.56 0.35
  150 W   -3 -5 -3 -5 -2 -3 -5 -3 -2 -2 -2 -2 -1  3 -5 -3 -3 11  3 -4    2   1   2   1   1   1   1   2   1   2   3   3   2  10   1   2   1  56   8   1  2.31 0.81
  151 L   -1 -3 -4 -4  0 -3 -4 -4 -4  4  3 -3  1  0 -3 -3 -2 -3 -1  3    5   1   1   1   1   1   1   1   0  26  33   1   2   4   1   1   2   0   1  19  0.58 0.29
  152 I   -2 -4 -5 -5 -3 -4 -4 -5 -5  4  1 -4  0 -3 -2 -3 -1 -4 -3  5    2   0   0   0   0   0   0   0   0  23  13   0   1   0   2   1   4   0   0  47  0.86 0.45
  153 L   -3 -4 -4 -4  0 -4 -4 -5 -4  3  3 -4  1  2 -4 -2 -2  0  0  3    1   0   0   0   2   0   0   1   0  15  33   0   3  10   0   2   1   1   2  24  0.55 0.32
  154 H   -1 -3  2 -4 -4 -2 -3 -3  8 -4 -3 -3 -4  0  0 -1  0 -3  5 -4    6   0   9   0   0   2   0   2  33   0   2   0   0   3   4   5   5   0  23   0  1.01 0.52
  155 I   -1 -4 -2 -4 -1 -3 -4 -5 -2  4  1 -3  0  2 -4 -3 -2 -4 -2  4    3   0   2   0   1   1   0   0   1  30   9   2   2  10   0   2   1   0   0  32  0.61 0.36
  156 P   -2  0 -2 -2 -2 -2 -4 -2  0 -5 -5 -2 -2 -3  7 -2 -3 -5 -2 -3    2   5   2   2   1   2   0   3   2   0   1   2   1   1  64   3   2   0   2   1  1.55 0.66
  157 D   -3  2  2  3 -1 -1  1 -3  0 -4 -4  0 -4 -1 -4  2 -2  7 -1 -4    1  14   8  18   2   2   9   1   2   0   1   5   0   3   0  14   1  17   2   0  0.64 0.36
  158 A    4 -1 -5 -5  3 -4 -5  1 -5 -1 -2 -4  0 -1  0 -1 -1 -5 -5  1   41   3   0   0   6   0   0  12   0   3   4   0   3   3   6   4   4   0   0  12  0.63 0.44
  159 H    0  1  0 -1 -3  1  0 -1  3  0 -1  1  0  0  1  0  0  2  0 -1    6   7   3   4   0   7   4   3   9   7   5   8   3   4   7   7   5   3   3   5  0.08 0.12
  160 L   -1  1  2  2  1  0  1 -1  2 -1 -1  0  0  0 -1  0  0 -3  0 -1    4   8  10  12   3   4   9   3   6   4   5   5   3   4   3   6   5   0   3   3  0.10 0.12
  161 W   -6 -6 -7 -7 -6 -6 -7 -7 -2 -1  4 -6 -1  1 -7 -6 -3 11 -1 -3    0   0   0   0   0   0   0   0   1   4  32   0   1   6   0   0   2  47   2   2  2.36 0.96
  162 V   -3 -5 -4 -5 -1 -5 -5 -6 -3  1  0 -4  3  1 -5 -3  4 -5 -1  5    1   0   1   0   1   0   0   0   1   7   8   1   7   7   1   1  24   0   2  38  0.90 0.52
  163 K   -3  2  4  1 -5  0 -1 -4  4  0 -3  3 -2 -2 -3  0  0 -5 -1 -4    1  10  21   9   0   3   3   1  12   6   2  17   1   2   1   6   5   0   2   1  0.53 0.35
  164 N    1  2  5 -1 -5 -3 -1  3 -2 -6 -6 -3 -5  0 -3  2 -3 -5  0 -5   12  10  25   4   0   1   3  21   1   0   0   1   0   4   1  14   1   0   3   0  0.62 0.43
  165 C    0 -2  0 -2  5 -1 -2 -1  3 -2 -3 -2  0 -2  2  2  1 -1 -1  0    7   2   5   1  13   2   1   6   8   2   2   2   2   2   9  16  11   1   2   8  0.32 0.25
  166 R   -2  2 -2 -2 -2 -1 -1 -1  0 -4 -2  3 -3 -1 -1  2  4 -3 -1 -3    3   9   1   2   1   2   3   4   2   0   4  19   0   2   3  13  27   0   2   2  0.42 0.33
  167 D    0 -2 -2  2 -1 -1  4  1 -4 -5 -4 -2 -3 -2  1  0  1  1  1 -3    9   2   1   9   2   2  33   9   0   0   1   1   0   2   6   7   8   2   4   1  0.48 0.37
  168 L   -1 -5 -6 -6  0 -4 -6 -6  0  1  2 -5 -1  2 -3 -3 -1 -3  7  2    5   0   0   0   2   0   0   0   2   7  16   0   2   8   2   2   4   0  35  15  0.96 0.53
  169 L    2 -1 -2 -2 -3  0  0 -2 -1 -1  0 -1  1  1 -2  1  0  1  1  0   22   2   1   2   0   5   5   2   1   4  10   2   4   8   1  12   6   2   5   5  0.15 0.18
  170 Q   -2 -2  1 -4 -5  1 -1 -4 -1 -3 -3 -1  1 -1  5 -3 -1 -1  5 -3    4   2   7   1   0   8   5   1   1   2   2   4   3   2  32   1   4   1  20   2  0.83 0.50
  171 S   -2 -1 -1 -3 -1 -2 -2 -3 -2 -2 -2  1 -2 -1  2  5 -2 -4  1 -2    3   4   2   1   1   1   2   1   1   3   4   8   1   3  11  45   1   0   5   3  0.61 0.42
  172 S    0 -2  3  3 -2 -1  0 -2  0 -1 -2 -2 -3 -3  0  2  2 -5 -4 -1    6   2  13  17   1   2   7   3   3   4   3   1   0   1   4  14  14   0   0   5  0.30 0.25
  173 Y   -1 -2 -2 -3 -4 -1  0 -3  1 -1  0 -3 -2  0  3  1  3  0  4 -2    5   2   1   1   0   3   6   2   3   3   9   1   0   4  15   9  18   1  14   2  0.38 0.31
  174 N   -2  3  3  0 -5  2  1 -2  3 -3 -2  2 -3 -4 -3  0 -1 -5 -1 -2    3  16  14   5   0  10   9   2   8   2   4  11   0   1   0   7   4   0   2   2  0.39 0.29
  175 K   -2 -2  0 -1 -5  0  2 -3 -1 -5 -3  1 -4 -2  5  1  3 -5 -5 -3    2   2   4   3   0   4  14   1   1   0   2   8   0   2  27   9  19   0   0   1  0.65 0.43
  176 Q   -2 -1 -1  0 -3  3  0  4 -1 -3 -2  0  1 -5 -2 -1 -1 -2 -4 -2    2   4   2   6   0  13   7  35   1   1   5   6   3   0   2   4   4   0   0   4  0.45 0.32
  177 R   -2  3 -3 -4  1  3 -2 -4 -3 -1  2  0  2  1 -4 -2  2 -4 -2 -2    3  19   1   1   3  14   1   1   0   3  18   6   5   7   0   2  14   0   1   1  0.41 0.33
  178 F   -4 -6 -6 -6 -6 -6 -6 -4 -2  2  0 -6  0  6 -6 -5 -5  7  6 -1    1   0   0   0   0   0   0   2   1  10   9   0   2  29   0   1   0  12  28   4  1.46 0.66
  179 D   -1 -2  1  6 -3 -2 -1 -3  0 -1  0 -3  0 -2 -4 -1 -1 -5 -2  0    5   2   5  44   1   2   3   1   3   4   9   1   2   1   0   4   4   0   2   7  0.70 0.42
  180 Q   -3 -3 -4 -2 -6  7 -3 -4  0 -2  1 -4 -1 -1 -3 -3  1 -5 -4 -3    2   1   0   2   0  56   0   2   2   3  13   0   2   2   2   1   9   0   1   1  1.31 0.73
  181 P   -5 -5  1 -1 -6 -4 -4 -3 -2 -4 -5 -2 -6 -5  8 -4 -3 -2 -6 -4    0   1   7   3   0   1   1   2   1   1   1   2   0   1  74   1   1   1   0   1  2.20 0.97
  182 L   -1 -2  0  0 -2  0  1 -3  1  1  1 -2  0 -1 -3  0  1 -2 -1  2    5   1   4   6   0   3  12   1   4   9  16   1   2   3   0   5   8   0   1  17  0.15 0.17
  183 E    1 -1 -1  2 -4  2  1 -4  1 -2  1 -3 -2  1 -3 -2 -2 -3  4 -2   11   3   2  13   0  11   9   1   3   2  16   1   1   5   1   1   1   0  17   3  0.36 0.31
  184 A    5 -5 -5 -5  3 -5 -5 -1 -5 -1 -4 -5 -3 -6 -5  2  3 -6 -5 -2   50   0   0   0   5   0   0   5   0   3   1   0   1   0   0  12  18   0   0   3  1.06 0.62
  185 S    3  0 -3 -3  0  1 -1 -1 -1 -2  0 -1 -1  0 -3  2 -1 -2  0  0   27   5   1   0   2   7   4   4   1   1   9   3   1   4   0  16   3   0   3   7  0.23 0.25
  186 T    2  0  2  0 -4  2  1 -2  1 -2 -2  2 -1 -1 -3  0  0 -2 -2 -2   16   3   9   6   0  12  10   2   3   3   4  13   2   3   1   6   6   0   1   2  0.22 0.21
  187 W   -3 -6 -6 -6 -2 -5 -6 -6 -6  2  4 -6  2  1 -6 -5  0  9 -3  0    3   0   0   0   1   0   0   0   0  12  32   0   4   4   0   0   5  31   0   5  1.52 0.68
  188 L   -5 -6 -7 -7 -5 -6 -6 -5 -6  1  6 -6  2 -4 -6 -6 -5 -6 -5 -2    0   0   0   0   0   0   0   1   0   5  84   0   4   0   0   0   0   0   0   2  1.89 0.83
  189 K   -3  2  0 -1 -5  5  1 -3  0 -3 -3  4 -2 -4 -4  0 -1 -5 -4 -2    2  11   4   2   0  27   6   2   2   2   3  23   1   1   0   6   4   0   0   4  0.65 0.43
  190 N   -1  3  3  2 -3  2 -1 -2  3 -3 -2  1 -2 -3 -3  0  0 -4  0 -2    5  17  14  10   1  10   1   3   9   1   4   6   1   1   1   6   5   0   4   2  0.34 0.26
  191 F   -3 -5 -6 -6 -1 -5 -6 -6 -5  3  1 -6  2  7 -6 -5 -1  2 -2 -1    3   0   0   0   2   0   0   0   0  15  13   0   4  51   0   0   3   2   0   4  1.39 0.62
  192 K    0  1 -2 -4 -4 -1 -2 -3 -1  0  2  4  0 -2 -4 -1 -2 -4  1  0   10   7   1   0   0   3   2   2   2   5  22  28   2   1   0   3   1   0   4   6  0.36 0.30
  193 T    0  0  0  0 -1  1  1 -3  0 -2 -1  3 -1 -2 -3  0  2 -4 -1 -1    8   4   4   5   2   6   7   1   3   2   6  24   1   1   0   7  14   0   2   3  0.24 0.23
  194 T    2 -1 -2 -4  0  2 -3 -2 -3  0  0 -2  1 -1 -3  1  1 -1  1  2   23   2   1   0   2  12   0   2   0   5   8   1   4   3   0  10   8   1   4  13  0.24 0.25
  195 N   -5 -5  8 -3 -6 -4 -4 -2  3 -6 -6 -4 -6 -6 -6 -1 -1 -6 -1 -6    1   0  78   0   0   0   0   3   6   0   1   0   0   0   0   3   3   0   2   0  2.27 0.95
  196 E    0  1  0  1 -4  1  3  1  2 -2 -2  1 -1 -2 -2  1 -1 -4 -2 -2    7   6   3   6   0   7  20  10   5   2   4   9   1   1   2  10   4   0   1   3  0.20 0.18
  197 R    1  1  0  1 -1  1  0 -1  3 -2 -2  2 -1 -4  0  1  0 -4 -1 -2   14   7   3   7   1   5   6   3   9   2   4  12   1   0   5  12   5   0   1   2  0.18 0.19
  198 F    0  0 -1 -2  0  0 -1 -2  0  1  1  0  0  2 -2  0 -1  0  0  1    7   5   2   1   2   6   3   3   3   9  16   5   2  12   1   6   3   1   2  11  0.06 0.10
  199 L   -3 -2 -6 -6  0 -2 -6 -6 -5  0  6 -5  1  0 -6 -3 -2  4 -1 -1    2   2   0   0   2   2   0   0   0   3  66   0   2   3   0   2   3   6   2   3  1.14 0.63
  200 N   -1  1  0  0 -1  3  1 -2 -1 -4 -2  4  0 -5 -1  2  0 -5 -4 -3    4   6   3   4   1  12   8   2   2   0   3  25   3   0   2  17   5   0   0   2  0.40 0.35
  201 Q   -1  0  1  1 -1  4  2 -1  0 -4 -1  3 -1 -4 -2  0  0 -5 -4 -3    5   5   7   8   1  20  10   4   2   0   6  16   1   0   2   6   5   0   0   2  0.33 0.30
  202 I   -2 -4 -1 -4 -4 -3 -1 -5  2  2  3  0  2  1  0 -3  1  3  1  0    4   0   4   0   0   0   4   0   4  12  29   6   5   5   4   0   8   4   5   5  0.34 0.27
  203 K    0  0  0  0  2  0  0 -1  1  0 -1  0  1  0  0  0  0 -2  1  0    5   5   5   5   5   5   5   5   5   5   5   5   5   5   5   5   5   0   5   5  0.03 0.05
  204 V   -1 -4 -4 -4  3 -4 -4 -4 -4  2  2 -4  2  0 -1 -1  4 -4  0  2    3   0   0   0   7   0   0   0   0  11  18   0   5   3   4   4  28   0   3  12  0.50 0.35
  205 Q   -1  0  1 -1  0  3  0 -1  0 -2 -2  1 -3 -2  0  2  2 -4 -3 -1    4   5   7   3   2  15   5   3   3   2   3   7   0   2   4  17  12   0   0   4  0.22 0.23
  206 E    0  2  1  0 -3  2  2 -1  1 -1 -2  2  0 -3 -3  0  0 -3 -1 -2    9   9   5   4   0  11  11   3   4   4   3  16   2   0   0   5   7   0   3   3  0.20 0.19
  207 K   -1  0  0  4 -3  0  2 -1  0 -3 -4  3 -4 -2  1  1  0 -5 -3 -3    6   3   4  22   0   4  12   5   2   1   1  18   0   2   6   9   5   0   1   1  0.38 0.29
  208 Y   -3 -1 -4 -1 -2 -4 -3 -4  6  0 -1 -3 -3  1 -3 -3 -4 -1  6  1    2   3   0   4   1   0   1   1  21   4   6   1   0   5   2   1   1   1  32  12  0.99 0.53
  209 V    0 -1 -1  0 -3  0  1 -1 -2  0 -2  0  0 -2  3  0  1 -4 -2  1    6   2   2   4   0   3  12   6   1   5   3   6   2   1  18   5   8   0   1  14  0.23 0.19
  210 W   -2 -4 -2 -3 -4 -2 -2 -3 -1  1  1 -3  0  2 -2 -3 -2  9  0  0    4   1   3   2   0   2   3   2   2   8  14   2   2   9   3   2   3  29   3   7  0.91 0.41
  211 N   -1 -2  2  2 -3 -1  1  1 -1 -2 -1 -1  0 -2  1  2  1 -4 -2 -1    4   1  11  11   0   1  10  10   1   1   8   2   2   1   8  14   7   0   1   3  0.19 0.18
  212 K   -1  2 -1 -1 -2  1 -1 -1 -1 -2  1  5 -3 -2 -1 -1 -1 -4 -1 -3    4   9   3   3   1   7   3   4   1   2  14  35   0   2   3   4   2   0   2   1  0.39 0.30
  213 R   -1  4  0 -1 -2 -1 -1  1  0 -1  0  0 -1 -1  1  0 -1 -1 -1 -1    4  23   4   3   1   2   3  12   2   3   8   5   1   3   7   8   3   1   2   5  0.16 0.16
  214 E    0 -2 -1  1 -4  0  4 -2  0  0 -1  0  0 -2  0 -1 -1 -4 -2 -1    8   1   3   8   0   4  34   3   2   5   7   4   2   2   5   4   4   0   1   4  0.34 0.26
  215 S    0 -1  0 -1 -2 -1 -1 -1  1  0 -1  0  0 -1  3  3  1 -4 -3  0    9   2   3   2   1   3   3   3   4   5   5   4   3   3  13  22   8   0   0   5  0.21 0.20
  216 T   -2 -2 -3 -4 -4 -2 -4 -3 -2  3  2 -2  1  1 -2 -1  3 -4 -3  3    3   2   1   0   0   2   0   1   1  14  16   3   3   5   1   5  23   0   0  19  0.42 0.31
  217 E    0 -2 -3  0 -5  0  2 -2 -2 -4 -3  3 -3 -5  5  0 -1 -5 -3 -4    7   1   1   5   0   4  15   4   1   1   2  15   0   0  31   7   3   0   1   1  0.70 0.44
  218 K    2 -1 -1 -2 -1  2  3 -2 -1 -3 -4  3 -3 -2  1  0 -2  0 -4 -1   20   2   3   1   1   7  18   2   1   1   1  18   0   2   7   7   2   2   0   4  0.36 0.31
  219 G   -2 -4  3  0 -5 -3 -1  6 -2 -5 -5 -1 -5 -2 -2 -1 -3 -5 -2 -3    2   1  12   6   0   1   4  55   1   0   1   3   0   2   3   4   2   0   1   2  1.05 0.54
  220 S    1  0 -1 -1 -1 -1  0 -2 -2 -1 -3  0  2 -4 -3  3  4 -5 -3 -2   10   5   2   2   1   2   5   2   1   3   2   5   6   1   1  24  26   0   1   2  0.44 0.37
  221 P   -1 -4  0 -3 -1 -3 -4 -4 -2 -4 -4 -3 -3 -6  5  3  5 -6 -5 -3    4   1   4   2   1   1   1   1   1   1   1   1   1   0  25  23  32   0   0   1  1.01 0.61
  222 L   -4 -4 -7 -7 -5 -6 -6 -7 -6  2  6 -6  0 -2 -3 -6 -5  2 -5 -1    2   1   0   0   0   0   0   0   0   8  77   0   2   1   2   0   0   2   0   3  1.59 0.75
  223 G    1 -1 -1  0 -2 -1  0  0  1 -1  1  0  0  0 -2  0  0 -3  3 -1   16   2   3   5   1   1   5   6   4   3  16   5   2   3   1   8   5   0  11   3  0.09 0.14
  224 E   -2  1  0  5 -6  1  4 -3  0 -5 -6  0 -5 -6 -3 -1 -1 -6 -5 -4    4   6   4  34   0   6  26   2   2   1   0   5   0   0   1   5   4   0   0   1  0.87 0.51
  225 V   -3 -6 -6 -7 -5 -6 -6 -7 -6  2  6 -6  2  0 -6 -6 -1 -1 -4  1    2   0   0   0   0   0   0   0   0   9  65   0   4   4   0   0   3   1   0  10  1.29 0.64
  226 V    3 -5 -5 -5  3 -5 -5 -5 -3  4  1 -3  1 -3 -5 -3 -3 -5 -4  4   22   0   0   0   6   0   0   0   1  19  13   1   3   1   0   1   1   0   0  30  0.77 0.45
  227 E    0  0  2  2 -4  3  4 -2 -1 -3 -2  1 -1 -2 -4 -1 -2 -5 -4 -2    7   5   9  11   0  13  25   2   1   1   4  10   1   2   0   4   2   0   0   2  0.42 0.31
  228 Q   -1  0  0  0  2  0  0 -1  2  0 -1  0  2  1  0 -1  0  4  1 -1    5   5   5   5   5   5   5   5   5   5   5   5   5   5   5   5   5   5   5   5  0.09 0.08
  229 G    2 -5 -3 -5  0 -5 -5  6 -5 -2 -3 -5 -5 -5 -3 -1 -3 -5 -5 -5   17   0   1   0   2   0   0  65   0   3   2   0   0   0   1   3   1   0   0   0  1.44 0.68
  230 I    1 -3 -3 -4 -2 -1 -3 -3 -1  4  2 -2  0 -1 -4 -2  0 -4 -1  2   11   1   1   1   1   3   1   2   1  31  20   2   2   2   1   2   5   0   2  11  0.42 0.28
  231 T    1  1  2  1 -3  1  1 -2  0 -3 -2  2 -1 -2 -2  1  1 -4 -3 -3   13   9   9   7   0   7   7   3   2   1   4  15   1   1   1   9   9   0   0   1  0.23 0.20
  232 R   -1  4  0  4 -4  1  2 -3 -1 -3 -4 -1 -3 -4 -2  0 -2  1 -2 -3    5  23   4  22   0   6  15   1   1   1   1   3   1   0   2   6   2   2   2   2  0.54 0.35
  233 V    0  0  0 -1 -1  1  0 -1  0  0 -2 -1  0 -2  3  0  1 -4 -2  2    8   4   4   4   1   7   4   4   2   5   2   2   3   1  15   8   8   0   1  15  0.16 0.16
  234 R    1  2 -1  1 -3 -1  1 -1  3 -3 -3  4 -3 -2 -2  1 -1 -4 -2 -3   10  13   1   6   0   1  10   3   7   2   3  24   0   1   2   9   4   0   1   2  0.34 0.28
  235 N    0 -2  1 -1 -3  0 -1 -3  2  0  1 -1  0  1 -1  1 -1 -1  3  0    7   1   9   3   0   4   4   1   5   5  13   2   2   7   3  11   4   1  13   6  0.13 0.17
  236 A    6 -3 -4 -5 -4 -3 -2 -4 -1 -3 -4 -3 -2 -5 -1  3 -1 -6 -5 -1   59   1   0   0   0   1   3   0   1   1   1   1   1   0   4  19   3   0   0   3  1.08 0.65
  237 T    0 -3 -2 -2  4 -2 -1 -2  1 -3 -4 -3 -4 -2  3  2  2  7 -2 -1    6   1   1   3   9   1   3   2   4   1   1   0   0   1  14  15  13  17   1   5  0.67 0.41
  238 D    0 -1 -1  4 -4  0  1  0  0 -2 -2 -1 -2 -2  2 -1  0  0 -1 -1   10   2   2  23   0   3   9   7   2   2   3   4   1   1  11   2   6   2   3   6  0.25 0.21
  239 A    3 -1 -4 -4  4 -2 -3 -2 -4  2 -2 -1 -1 -1 -4 -1  0 -4 -2  4   22   3   0   0   9   1   2   2   0  11   2   5   1   3   0   3   5   0   1  29  0.46 0.33
  240 V   -1 -3 -5 -5 -1  0 -4 -5 -2  2  2 -4  0  3 -5 -2 -2  5  0  3    5   1   0   0   1   6   0   0   1  11  21   0   1  13   0   2   1   8   2  25  0.54 0.35
  241 G    0 -1  0  1 -1  3  2  3 -1 -2 -3  0 -2 -4  0  0  0 -4 -4 -2    6   2   4   8   2  14  13  22   1   2   3   4   1   0   4   5   5   0   0   3  0.28 0.24
  242 I    4 -3 -3 -2 -1 -3  0 -1 -3  1 -2 -3 -2 -1 -3 -1  0 -2 -1  2   42   1   1   3   1   1   5   3   1   7   3   1   1   3   1   4   5   1   2  16  0.46 0.37
  243 V   -2 -5 -6 -6 -4 -5 -5 -3 -5  1  5 -5  0  3 -3 -5 -2 -4 -3  3    2   0   0   0   0   0   0   2   0   6  49   0   2  11   1   0   3   0   0  22  0.90 0.50
  244 L   -3 -2 -5 -3 -3 -2  0 -3 -4  1  3 -2  4  2 -5 -4 -3  7 -1  1    1   2   0   2   1   1   8   2   0   7  28   2  10   8   0   1   1  15   2   9  0.63 0.39
  245 K    1  3  0  1 -4  1  1 -2  1 -4 -3  2 -3 -3 -3  1  0 -4 -1 -3   15  16   4   8   0   6   8   2   4   0   1  16   0   1   0   9   6   0   3   2  0.32 0.27
  246 E   -2 -3 -4 -1 -1 -1  6 -5 -1 -2  0 -3 -2 -2 -3 -3 -2 -6 -5 -1    4   1   0   2   1   2  63   0   2   2  10   1   1   2   1   1   2   0   0   4  1.16 0.67
  247 L   -4  0 -6 -6 -5 -5 -5 -6 -5  2  5 -3  1  1 -2 -5 -4  3 -4  0    1   5   0   0   0   0   0   0   0  10  62   2   2   6   2   0   0   4   0   4  1.05 0.56
  248 K    0  2  0 -1  1  0  1  0 -2 -3 -3  4 -2 -4 -3  0  2 -4 -3 -3    6   9   4   3   3   3   7   8   1   2   3  32   1   0   1   5  13   0   0   1  0.40 0.30
  249 R    1  1  0 -1 -3  2  3 -2  0 -1 -1  1 -1 -3 -3 -1  1 -4 -2 -1   13   7   4   2   0  11  24   2   2   3   8   8   1   0   1   3   9   0   1   3  0.26 0.23
  250 Q    0 -1 -2 -1 -1  4 -1 -3  1 -1  2 -2  0 -3  1 -1 -1 -3 -2 -1    7   2   2   4   1  24   3   2   3   2  25   2   2   0   7   3   4   0   1   5  0.33 0.29
  251 S    1 -4  1 -1  3 -3 -2  0 -1 -4 -3 -1 -4 -5 -2  4  2 -5 -4 -3   12   0   5   4   6   0   3   7   2   0   2   3   0   0   2  37  13   0   0   2  0.58 0.46
  252 S    1  0  0  0  2  1  0  0  1 -1  0  0 -1 -1  0  1  1 -3 -2 -1   11   4   5   4   4   7   5   6   4   3   9   5   1   3   4  15   8   0   0   2  0.07 0.11
  253 L    1 -1  1  0 -1  1  0 -1 -1  0  0  0  0 -2  2  0  0 -3 -2  1   13   3   7   4   1   9   7   4   2   4  12   4   2   1   9   5   4   0   0  10  0.08 0.11
  254 G   -1 -2  0  1 -1 -1 -1  4  0 -3 -3  1 -4 -4  2 -1  0 -4 -4 -2    3   2   5   7   2   3   3  38   2   2   2   9   0   0   9   3   5   0   0   3  0.50 0.34
  255 M   -1  4  0  0  0  0  1 -1 -1 -1 -1  2  0 -2 -2  0 -2 -4 -2 -2    4  28   3   6   2   3  10   5   1   3   5  11   2   2   1   8   2   0   1   2  0.30 0.26
  256 F   -2 -2 -3 -3  4 -3 -3 -5 -1 -1 -2 -3 -1  5  5 -2 -3 -4  1  0    2   2   2   1  10   1   1   0   1   4   4   2   2  26  26   3   1   0   5   8  0.81 0.47
  257 H   -5  3 -2 -5  0 -1 -5 -6  3 -7 -6  3 -6 -7  7 -2 -3  2 -6 -6    0  15   2   0   2   2   0   0   6   0   0  15   0   0  50   2   2   2   0   0  1.54 0.79
  258 L   -2 -2 -4 -5  1 -4 -4 -5 -2  2  2 -4  1 -1 -1 -3  2 -4 -3  5    2   2   0   0   3   0   0   0   1  10  18   0   4   2   3   0  12   0   0  41  0.66 0.38
  259 L    0 -1 -5 -6 -4 -4 -5 -5 -5  0  5 -5  3  1 -5 -4 -4 -4 -1  0    7   3   0   0   0   0   0   0   0   2  65   0   8   6   0   0   0   0   2   4  1.06 0.51
  260 V   -2 -4 -5 -2 -4 -2 -4 -5 -5  2  2 -4  1  2 -5 -4 -1 -1 -1  5    2   0   0   3   0   2   0   0   0   9  16   0   2  10   0   0   4   1   2  46  0.73 0.40
  261 A    5 -4 -2 -4  3 -4 -4 -1 -4 -1 -2 -4 -1 -3 -4  0  2 -5 -4  1   50   0   1   0   5   0   0   5   0   3   2   0   2   1   0   5  12   0   0  11  0.73 0.44
  262 V   -1 -4 -4 -1 -1 -4 -4 -3 -4  4  2 -4  2 -1  0 -2 -2 -4 -3  4    4   0   0   4   1   0   0   1   0  26  15   0   5   2   4   2   0   0   0  35  0.58 0.32
  263 D   -4  0 -1  8 -5 -3  0 -1 -4 -5 -6 -2 -5 -5 -4 -3 -2 -6 -5 -5    1   5   2  77   0   0   4   5   0   0   1   1   0   0   0   1   2   0   0   0  1.76 0.66
  264 G    0 -3  1  1  0  1  0  5 -1 -5 -5 -2 -4 -5 -4 -1 -3 -4 -4 -4    7   0   6   9   2   6   5  54   1   0   1   2   0   0   0   3   0   0   0   1  0.87 0.39
  265 I    0 -1 -3 -4  0 -3 -3 -4  1  1  2 -3  0  3 -4 -3 -2  1  3  3    7   4   0   0   2   0   2   1   4   8  17   0   1  14   0   1   1   2  10  25  0.35 0.23
  266 N    0 -3  6  1 -4  2 -1 -1 -1 -5 -5 -1 -4 -5 -3  1  0 -5 -4 -4    7   0  51   5   0   9   3   5   1   0   1   2   0   0   1   9   5   0   0   0  0.92 0.45
  267 A    3 -2 -1 -3  0 -2 -1  0  6 -2 -2 -2 -3  0 -3  1 -1 -2 -1 -2   30   1   3   0   2   1   4   8  19   2   4   2   0   5   1  11   2   1   2   2  0.43 0.31
  268 L   -3 -5 -5 -3 -2 -4 -5 -2 -4  2  3 -5  0  5 -1 -4 -3  6 -1  0    2   0   0   2   1   0   0   4   0  12  32   0   2  22   3   0   1  12   1   4  0.79 0.39
  269 W   -4 -4 -1 -5  0 -3 -4 -5  2 -3 -2 -1  5  5 -5 -1  0  8  3 -4    1   0   3   0   2   1   0   0   5   0   2   3  17  25   0   4   6  19  10   0  1.12 0.52
  270 G   -1  2  0 -2  3  1  0  2  1 -3 -3  1 -1 -3 -1  0  1 -2 -1 -2    3  12   4   1   8   6   7  21   4   1   1   7   1   0   2   7   8   0   3   2  0.24 0.19
  271 R   -2  2  1  1 -4  1  0 -3  1 -1 -2  1  0  0  3 -1  0 -4 -1 -1    2  15   8   7   0   6   5   0   4   3   4  11   3   5  13   1   6   0   1   5  0.22 0.18
  272 T   -3 -3 -2 -4 -2 -3 -1 -2 -4 -4 -4 -3 -4 -5  0  5  5 -5 -1 -3    0   1   1   0   1   0   4   3   0   0   2   1   0   0   4  38  40   0   2   1  1.02 0.57
  273 T    1  1 -1  0 -2  0  1 -2  1 -2 -1  1 -1 -3  0  0  2 -2 -1 -1   11  10   2   6   1   3  10   2   3   1   6  11   1   1   4   4  19   1   1   3  0.16 0.16
  274 L   -1 -3 -4 -5 -1 -3 -4 -5 -1  2  2 -3 -1  2 -5 -3 -4 -2  7  1    5   1   1   0   1   1   0   1   1  10  18   1   1   6   0   1   0   0  42   8  0.97 0.46
  275 K   -3  5 -2 -1  0 -1  0 -2 -2 -2 -1  4 -1  0 -4 -2 -3 -5 -1 -3    1  35   1   4   2   2   5   3   1   2   8  23   2   4   0   1   1   0   3   2  0.64 0.39
  276 R   -2  1  2  4 -5 -1  0 -3  1 -3 -3  2 -3 -4 -3  0  0 -5  1 -2    3   8  10  29   0   1   5   1   3   1   2  13   1   0   1   7   6   0   5   4  0.47 0.31
  277 E    1 -1 -2  1 -5  0  3 -3 -2 -4 -4 -2 -4 -3  5  0 -2 -3 -5 -3   12   4   1   8   0   3  22   1   1   1   1   2   0   1  30   8   2   0   0   2  0.74 0.42
  278 D   -1 -2  3  5 -5  0  2 -1  2 -5 -4  0 -4 -4 -2  1 -1 -5 -4 -4    6   2  16  30   0   3  12   3   5   0   1   5   0   1   1  10   2   0   0   1  0.62 0.37
  279 K   -3  1  0 -3  1 -2 -3 -2  3 -4 -3  4 -2  4 -2 -2 -2 -2  3 -1    2   7   4   1   4   1   0   3   6   0   2  31   1  18   2   1   2   0   8   6  0.55 0.36
  280 S   -1  2  1 -1 -2  1  1 -2 -1 -2 -2  3 -2 -3  1  2  0 -4 -2  0    2  10   6   2   1   6   8   2   1   2   3  19   1   1   6  16   7   0   2   7  0.24 0.21
  281 P   -1  1  0 -1 -3  1 -1 -2  0  0  0 -1  2  2  2 -1  0  2  1 -1    6   8   4   3   0   8   3   3   3   5   7   4   6  10   9   3   6   3   5   4  0.11 0.12
  282 I    0  0 -5 -6  3 -5 -5 -5 -5  4  1 -5  3  1 -5 -4  0  4 -4  4    7   5   0   0   5   0   0   0   0  24  10   0   7   5   0   0   5   5   0  24  0.71 0.36
  283 A    0 -1 -1 -1 -1  0  1 -2  5 -3 -2  1  0 -2  2  0  0 -4  2 -1    8   2   2   3   1   3   9   2  17   0   5  10   3   2   9   7   5   0   8   4  0.28 0.22
  284 P    3 -5 -1 -4  0 -4 -4 -2  0 -4 -3 -4 -4 -1  6  1 -1 -5 -5 -1   22   0   3   0   2   0   0   3   2   0   3   0   0   3  38  12   4   0   0   4  0.95 0.49
  285 E   -2 -1  0  2 -1  1  3 -1  4 -4 -3  0 -1  0 -2  1 -3  1  3 -3    3   3   3  12   2   6  19   4   9   0   2   5   1   5   1  11   0   2   9   2  0.34 0.27
  286 E   -2  2  0  3  0  2  3 -4  4 -4 -4  1 -4 -4 -3 -1 -2 -4 -1 -3    3  10   4  18   2   9  24   1  12   0   1   8   0   0   0   3   2   0   2   2  0.59 0.33
  287 L   -3 -4 -5 -5  0 -4 -5 -5 -5  3  5 -4  2  2 -5 -2 -3 -4 -3  1    1   0   0   0   2   0   0   1   0  14  53   0   4  10   0   4   0   0   0   9  0.86 0.41
  288 A    2 -1  1 -3 -2 -1 -2 -1 -1 -3 -2 -2 -1 -3 -1  3  3 -4 -2 -1   15   2   6   0   1   3   2   3   1   1   4   1   2   1   3  28  23   0   1   3  0.42 0.31
  289 L   -1 -4 -5 -5  0 -4 -4 -5 -5  2  4 -4  3  1 -3 -4 -1 -4 -3  1    5   0   0   0   2   0   0   1   0  12  50   0   6   6   1   0   3   0   0   9  0.75 0.37
  290 V   -1 -4 -4 -4 -1 -4 -4 -3 -4  2 -1 -4  0 -2  3 -1  2 -5 -1  4    5   0   0   0   1   0   0   1   0  12   4   0   2   1  17   3  13   0   2  36  0.64 0.37
  291 H   -2  5  2 -1 -2  1 -1 -3  5 -2 -3  1 -3 -3 -4 -1 -2 -1  1 -3    3  30  11   3   1   7   3   2  15   2   2   7   0   1   0   4   2   1   4   1  0.61 0.36
  292 N    2 -2  2 -2 -1 -1 -2 -2  4 -1  1 -2  0 -1  1  0  0 -2 -2 -2   19   1  11   2   1   3   1   2  14   2  16   1   2   2   8   7   6   0   1   1  0.26 0.24
  293 L   -3 -5 -6 -6 -5 -5 -5 -4 -5  1  3 -5  0  7 -6 -5 -4 -3  0 -1    2   0   0   0   0   0   0   1   0   7  27   0   2  52   0   0   0   0   2   3  1.41 0.59
  294 R   -2  4 -2 -4 -4 -3 -3 -3 -3  0  3  1  2 -1 -4 -3 -1  0  0  0    2  21   2   0   0   0   0   2   0   4  35  10   5   2   0   1   5   1   4   6  0.45 0.31
  295 K   -2  1  2  4 -4 -1  2 -2 -1 -4 -3  3 -3 -5 -1  2 -1 -5 -4 -3    1   7  11  21   0   2  14   2   1   0   2  18   1   0   3  14   3   0   0   1  0.50 0.32
  296 M    0 -2 -2 -3  1  0 -2  0  1  1  1 -1  4  1 -3  0 -2 -2  1  0    7   0   0   0   4   5   0   8   5   8  13   4  17   7   0   7   0   0   6   6  0.17 0.20
  297 M    0  0 -1  1  1  1  0  0 -2  0  1  0  1  0 -2  0  0 -3 -2  0    8   4   0   8   3   8   5   6   0   6  17   4   5   4   0   4   8   0   0   8  0.04 0.09
  298 K    0  1  1 -1 -3  1  0 -1  2 -2 -2  3  0 -1  1  1 -1  0 -2 -2    7   8   7   3   0   6   4   3   6   2   3  24   3   2   5   9   3   1   0   3  0.21 0.20
  299 N    0  1  3  1 -3  0  0  1  1 -2 -3  1 -3 -1  0  1 -1 -3  1 -3    9   7  18   8   0   4   4  10   3   2   1   7   0   2   5  11   3   0   5   0  0.22 0.20
  300 D   -1 -1  1  4 -4  0  0  0 -1 -3 -1  1 -1  0  0  0 -1 -4 -1 -2    3   2   6  28   0   3   3   8   2   0   9  10   2   6   5   8   3   0   1   2  0.25 0.23
  301 W    0 -2 -4 -3 -4 -2 -3 -2  0 -1  0 -2 -1  2  3 -1  1  8  1 -2    8   2   0   1   0   2   2   2   2   3   9   2   1  10  15   3   8  23   4   2  0.71 0.40
  302 H    0  0  4 -1  3 -1 -1 -2  2 -3 -3  1 -3 -3  1  1  1 -4 -2 -1    8   3  24   2   6   2   2   2   5   1   1   9   0   0   8  11   8   0   1   4  0.32 0.24
  303 G   -2  2  5 -2 -4 -2 -3  4  0 -4 -4  0 -1 -4 -4 -1 -2 -4 -3 -4    2  14  30   1   0   1   1  33   2   1   2   6   1   0   1   4   1   0   1   1  0.77 0.40
  304 G   -1 -4 -3 -4 -4 -2 -2  7 -4 -5 -4 -1 -4 -3 -4 -1 -4 -4 -4 -3    4   1   0   1   0   2   2  75   0   1   2   3   0   2   1   4   1   0   0   2  1.46 0.58
  305 A    4 -4 -2 -4  0 -2 -3  0 -2  0  0 -3  4  0 -3 -1 -1 -4 -3  0   46   0   2   0   1   1   1   5   1   4  10   0  11   4   0   2   4   0   0   7  0.52 0.37
  306 I   -1 -4 -4 -5  1 -4 -4 -4 -4  4  0 -4  3  3 -3 -2 -1 -3 -1  4    5   0   0   0   3   0   0   0   0  22   7   0   7  13   1   3   3   0   2  31  0.57 0.34
  307 V   -3 -4 -5 -5 -3 -4 -5 -5 -5  3  3 -4  1 -1 -2 -2 -1 -4 -1  5    0   0   0   0   0   0   0   0   0  18  28   0   2   2   2   3   2   0   1  39  0.77 0.41
  308 S    2 -2 -3 -3  1 -2 -3  3 -3 -2  1 -3  0  0 -1  0  1 -3  1 -1   21   2   0   0   3   1   0  22   0   1  13   0   3   5   2   4  12   0   5   3  0.25 0.23
  309 A    5 -4 -3 -4  3 -3 -3 -2 -4 -3 -3 -3 -3 -4 -1  2  3 -5 -3 -1   50   0   0   0   5   0   0   2   0   1   1   0   0   0   2  16  16   0   1   4  0.81 0.49
  310 L    1 -1 -3 -2 -2 -3 -3 -4 -2  1  2 -3  0  1 -1 -1  4 -3 -1  2   12   3   1   1   1   0   1   0   1   6  18   0   1   7   2   2  29   0   1  14  0.33 0.28
  311 S   -1 -3  1  3  0 -3 -2 -2 -4 -5 -5 -3 -4 -5 -1  5  3 -5 -3 -4    3   1   5  16   2   0   2   2   0   0   0   0   0   0   3  50  15   0   1   0  0.88 0.53
  312 Q    0  2 -1 -1 -2  3  0  0  2 -2 -2  1 -1 -2 -2  1  1 -2 -2 -2    5  10   2   3   1  15   6   8   6   2   4   9   1   1   1  10  12   0   0   2  0.18 0.18
  313 T   -1  1  1 -1 -2 -1 -2 -1 -1 -1 -1 -1 -1 -3 -1  3  3 -1 -1 -2    3   8   8   3   0   2   2   4   1   3   6   3   1   1   2  29  20   1   2   1  0.32 0.29
  314 G    1 -1  4  1 -1  0 -1  2  3 -4 -3 -2 -3  0 -1  0  0 -4 -2 -2   12   2  22   7   1   4   3  14   7   0   2   0   0   5   4   7   7   0   1   2  0.30 0.24
  315 S    1 -1  2 -2  0 -1 -2 -2 -1 -1 -2  0  0 -3 -1  2  3 -4 -1  0   15   3   9   2   2   2   2   2   1   3   3   6   3   0   3  18  19   0   2   6  0.23 0.22
  316 L    0  0 -1 -1 -2  0 -1 -3  1 -1  0  0 -1 -1  4 -1  0  1  0  1    7   5   2   4   1   3   4   1   4   2  13   5   1   2  20   4   6   2   4  11  0.20 0.16
  317 F    0  0  0  1 -2 -1  0  0 -1 -2 -1  0 -2  4  0  0  0  1  1 -1    6   6   4   8   1   2   6   8   2   2   5   5   0  20   5   6   5   2   5   3  0.13 0.14
  318 K    0  0  0  1 -2  0  0 -1  1 -1 -1  2 -2 -2  2  1  1 -3  0 -1    6   5   3   8   1   3   3   4   3   4   5  19   0   2   9   9  10   0   3   3  0.14 0.15
  319 P    0  0  0  0 -4 -1 -1 -2  1 -2  0 -1 -2 -2  5 -1 -1 -4  1 -2    6   7   4   5   0   2   3   3   4   3   8   4   1   1  34   4   3   0   5   3  0.54 0.30
  320 R    0  4 -1 -1 -2  0 -2 -2 -1 -2 -1  0  1 -4 -1  2  1 -4 -2 -2    7  29   2   3   1   4   1   3   1   2   5   4   3   0   3  19   9   0   1   2  0.40 0.29
  321 K    0 -1 -1  1 -2  1  2 -2 -1 -2  0  2  0  1  0  1  0 -2 -2 -2    7   2   2   7   1   6  12   3   1   1   9  14   3   6   5  12   5   1   0   2  0.13 0.14
  322 A    1 -2  0  2 -1  0  2 -2 -1 -2 -2 -1 -2 -3  0  3 -1 -2 -3 -1   14   2   3  13   1   3  14   3   2   1   4   4   1   1   4  21   3   1   1   4  0.25 0.22
  323 Y   -1 -2 -2 -1  0 -2 -1 -3  4 -1  1 -1  0  1  0 -1 -2 -1  5 -1    6   1   2   4   2   1   5   2  11   3  17   3   2   6   4   4   1   1  22   3  0.38 0.26
  324 L   -1 -3 -2 -2 -1 -3 -3 -3 -2  0  4 -2  2  1 -2 -2  1 -2  1  0    6   1   2   2   1   1   2   2   1   5  37   2   4   7   2   2  10   1   6   6  0.34 0.24
  325 P   -1 -4 -2 -1 -5 -1 -2 -5 -5  0  0 -2 -3 -3  7 -2 -3 -1 -5 -2    4   1   2   4   0   3   3   1   0   6  10   3   1   1  52   3   1   1   0   3  1.21 0.60
  326 Q   -1  2 -1 -1 -3  2  0 -2  2 -2  1  1  0 -1 -1  0  0  0  1 -1    4  13   2   4   0  12   5   3   5   2  14   8   2   2   2   8   4   1   5   4  0.13 0.15
  327 E    0 -2 -2 -1 -3  4  4 -4 -1 -3 -3 -1 -3  0 -2 -3 -3  0  5 -1   10   2   2   3   0  18  23   1   2   1   3   3   1   4   2   2   1   1  19   4  0.63 0.42
  328 L    0 -1 -2 -3 -4 -1 -3 -3 -4  0  5 -2  1 -1 -2 -2 -2 -4 -3  0    7   4   2   2   0   4   2   2   0   4  53   3   2   2   2   2   2   0   1   5  0.62 0.38
  329 L    1  1 -1 -1 -3 -1 -1 -4 -3 -1  4 -2  0  0  0 -1 -1 -4 -3 -1   12   8   3   3   0   3   3   1   1   2  41   2   2   4   4   6   3   0   1   3  0.36 0.29
  330 G    1 -1 -2  1 -3  0  1  4 -1 -4 -4 -1 -3 -3 -1 -1 -1 -2  1 -4   10   4   2   9   1   4   8  36   1   1   1   3   1   1   3   5   3   0   6   1  0.49 0.32
  331 K    1  3 -1 -1 -5  3  1 -3 -1 -3 -1  4 -2 -4 -2 -2 -2 -5 -4 -3   12  14   3   3   0  11   9   2   1   1   6  30   1   1   2   2   1   0   0   1  0.55 0.37
  332 E    0  2 -2  0 -5  2  4 -3 -2 -3 -1  2 -3 -4 -1 -1 -2 -5 -3 -2    7  12   1   5   0  10  30   1   1   1   8  10   0   1   3   4   2   0   1   2  0.48 0.35
  333 G   -1 -1 -3 -1 -3 -1 -1  6 -1 -2 -3 -2 -3 -5 -1  0 -3 -5 -3  0    5   4   1   3   0   3   4  52   2   3   3   2   1   0   3   7   2   0   1   6  0.82 0.45
  334 F   -1  0 -3 -3 -4 -3 -1 -3 -1  1  1 -3  0  6 -3 -2 -3  1  2 -1    5   5   1   1   0   1   4   2   1   8  11   2   3  37   2   3   2   2   6   3  0.68 0.38
  335 D   -1 -2 -1  4 -5  0  4 -2  0 -5 -4  1 -4 -4  1  0 -1 -3 -3 -4    5   2   2  19   0   3  31   3   2   0   2   7   0   1   8   8   3   0   1   1  0.61 0.40
  336 A    2 -1 -1 -1  0 -1 -1 -2  4 -1 -1  0 -2  0  1  0  0  0  0  0   21   3   2   3   2   2   3   2  11   2   7   5   1   5   8   6   6   1   3   7  0.17 0.18
  337 L   -1 -3 -3 -2 -4 -3 -3 -3 -4  1  4 -3  4 -1  2  0 -1  0 -1  0    5   1   1   2   0   1   2   2   0   8  37   2   9   2   9   7   3   1   2   5  0.44 0.31
  338 D   -2  0 -1  5 -5  0  2 -2  2 -4 -4  1 -4 -5 -2  1 -1 -3 -2 -4    3   4   3  37   0   5  11   3   5   1   2   7   0   0   2  11   3   0   1   1  0.66 0.40
  339 P   -3 -4 -1 -2 -6 -3 -2 -1 -6 -6 -6 -2 -4 -6  8 -2 -2 -6 -6 -6    2   1   3   3   0   1   3   5   0   0   1   3   1   0  71   3   2   0   0   1  2.05 0.94
  340 F   -2 -1 -4  1 -5 -4 -1 -4 -2 -3 -2 -3 -2  7 -4 -2 -2  1  4  1    4   3   1   9   0   0   5   1   1   1   4   1   1  38   1   2   2   1  13  10  0.89 0.48
  341 I   -1 -3 -1  0 -1 -2  0 -2  0  3  1 -2 -1  1 -2 -1 -1 -3  0  3    3   0   3   6   1   1   8   3   3  16  10   3   1   6   2   5   4   0   3  21  0.18 0.17
  342 P   -2  0 -3 -3 -6 -5 -3 -4 -5 -1 -4  0 -5 -6  8 -2 -2 -6 -4 -1    3   5   2   1   0   0   1   1   0   4   2   5   0   0  63   3   2   0   1   5  1.66 0.80
  343 I   -2 -4 -5 -5 -4 -2 -3 -5 -4  5  1 -2  1  1 -3 -4 -2 -1  2  4    3   1   0   0   0   2   2   1   0  31  11   3   4   5   1   1   1   1   7  25  0.72 0.39
  344 L   -2  0  1  0 -1  2  2 -3  3 -3  0  0  0 -3  2  0 -1 -3 -1 -2    3   4   7   4   1  11  17   1   8   1  10   6   2   1  10   6   4   0   2   3  0.26 0.24
  345 V   -2 -4 -5 -3 -4 -4 -4 -4 -5  1  1 -1  1  0 -3 -2  0 -2 -4  6    2   1   0   2   0   1   1   1   0   7  14   4   3   4   1   2   5   1   0  49  0.82 0.45
  346 S   -2  0 -1  1 -4 -2  2  1 -2 -6 -5  1 -1 -6  5  2 -2 -3 -5 -4    2   4   3   8   0   1  11  10   1   0   1  10   1   0  31  13   2   0   0   1  0.72 0.47
  347 N   -1  2  5  0 -5  0 -1  3 -1 -4 -3  1 -4 -3  0 -2 -3 -5 -2 -5    4  13  28   4   0   4   3  18   1   1   3   8   0   1   5   2   1   0   2   0  0.59 0.40
  348 Y   -4 -5 -7 -8 -7 -7 -6 -8 -4 -3  3 -7  0  2 -4 -5 -6 -4  8 -1    1   1   0   0   0   0   0   0   0   1  26   0   3   8   1   1   0   0  54   4  1.93 0.92
  349 N    0  1  1  1  2  1  1  0 -1 -2 -2  1 -2 -2 -2  0  0 -2  1  0    8   8   7   8   7   7   8   8   0   0   1   8   0   0   0   8   8   0   7   8  0.12 0.12
  350 P   -1  0  0  0 -4  1  1 -2  0 -1  0  1  0 -1  2 -1 -1  2  0  0    3   5   3   5   0   8  11   3   3   4  10   8   3   3  11   4   3   3   4   7  0.11 0.12
  351 K    0  2  0  2 -4  0  2 -2 -3 -2 -2  2 -1 -2  1  0 -1 -4 -1 -2    9  12   3  13   0   3  12   3   0   2   2  16   2   2   6   7   4   0   3   2  0.23 0.22
  352 E   -5  0 -1 -1 -6  0  7 -6  1 -6 -6  0 -5 -6 -5 -4 -5 -6 -5 -1    0   4   3   3   0   3  70   0   3   0   0   6   0   0   0   0   0   0   0   5  1.62 0.74
  353 F    3 -4 -4 -2 -1 -4 -4 -3 -1 -1  0 -4  1  5 -4  0 -1 -3  3  0   26   0   0   2   1   0   0   1   1   3  10   0   3  24   0   6   3   0  11   6  0.52 0.35
  354 E    1  2  1  2 -4  0  3 -2  0 -2 -3  1 -1 -3 -3  0 -1 -4 -2 -2   13  13   5  13   0   2  23   2   2   3   2   7   2   1   0   6   2   0   1   2  0.32 0.25
  355 S    2 -2  1 -1 -1 -1 -1  1  0 -1 -2 -1 -1 -4 -3  4  1 -4 -3 -1   14   1   5   3   1   2   3  10   2   4   3   3   1   0   0  33   7   0   0   4  0.34 0.29
  356 C   -1  0 -4 -4  5 -2 -2 -2 -2  2  2 -3  2  1 -4 -2 -2 -3  0  2    5   6   0   0  14   1   3   3   1  10  21   0   6   5   0   2   2   0   4  16  0.34 0.24
  357 I   -1 -3 -4 -4  2 -3 -1 -4 -1  2  2 -1  4  3 -4 -2 -2 -2  3  1    3   0   0   0   5   0   4   0   2  15  18   4  12  12   0   3   1   0   9  11  0.36 0.25
  358 Q    0  0  1  2 -4  3  3 -1  2 -4 -2 -1 -3 -3 -3  0 -1 -3  1 -3    8   5   6  12   0  12  23   3   6   0   4   2   0   0   0   8   2   0   6   0  0.36 0.27
  359 Y   -1 -4 -3  0 -4 -2 -2 -5 -1  0 -1 -4  2  2 -5 -2 -4 -2  8  0    5   0   1   6   0   2   3   1   1   4   5   0   5   6   0   2   0   0  51   6  1.10 0.54
  360 Y    0 -3 -4 -5 -2 -3 -4 -5  0 -2  1 -3 -1  2 -5 -3 -4  6  7 -2    9   1   0   0   1   1   0   1   1   2  14   1   1   8   0   1   0  12  42   2  1.17 0.55
  361 L    1  0 -1 -3 -2  0 -2 -2 -1  0  2  1  1 -1 -1 -2 -1  2 -1  1   12   6   2   1   1   4   2   1   2   4  29  11   4   2   2   1   3   3   2   8  0.15 0.18
  362 E    0  1  1  4 -3  0  2 -2 -1 -4 -3  3 -1 -4 -3  0 -2 -5  0 -3    6   9   6  21   1   4  16   1   1   0   3  19   2   0   0   5   1   0   3   2  0.43 0.31
  363 N   -1  3  2  0 -1  1  0 -2  0 -2 -4  1 -2 -4 -1  2  0 -5 -3 -2    5  18  13   6   1   7   6   2   2   3   0   9   1   0   2  18   5   0   1   2  0.32 0.27
  364 N   -2  3  3 -2 -1  0  0  2  1 -2 -2  2 -2 -4 -3  1 -1 -4 -4 -2    1  15  14   1   1   3   4  19   4   2   5  15   1   0   0  11   2   0   0   2  0.35 0.28
  365 W    0 -4 -5 -5 -4 -2 -2 -1 -1  0  1 -2  1  1 -5 -3 -2 10  1  1    8   0   0   0   0   2   2   4   1   5  11   2   3   6   0   1   2  35   3  11  1.11 0.52
  366 L   -1 -2 -5 -5  0 -4 -5 -5 -5  4  4 -4  1  2 -5 -4 -2  0 -2  2    4   3   0   0   2   0   0   0   0  23  38   0   2   7   0   0   1   1   1  15  0.72 0.40
  367 Q   -1  3  1 -1 -4  3 -1  0  2 -2  0  0 -1 -1 -1 -1 -1  0 -3 -2    4  21   6   4   0  18   2   7   6   2  10   3   1   3   2   3   3   2   0   3  0.28 0.25
  368 H    0  3  2  0 -2  0  0 -2  5 -2 -2  1  0 -3 -2  1  0 -2 -1 -2   10  16   9   4   1   2   4   3  15   2   3   7   2   1   2   9   6   0   2   2  0.26 0.21
  369 E   -1  1 -1  0 -3  0  3 -1 -1 -2 -1  0 -1  0  3 -1 -1  1 -1 -1    5   7   2   6   0   3  21   4   1   1   7   5   1   4  15   4   4   2   2   5  0.21 0.17
  370 K    0  0  0 -1 -3  1  2  1  0 -2 -2  3 -1 -3  0  0 -1 -3 -1 -1    8   4   5   3   0   4  12  11   2   1   3  20   2   1   4   8   3   0   2   5  0.17 0.14
  371 A    3 -2 -1 -1 -2  0 -1  2 -2 -2 -1 -1 -2 -2  0  2  0 -1 -2  0   25   2   2   3   1   3   3  16   1   2   5   3   0   2   4  15   6   1   1   6  0.21 0.17
  372 P   -2  1 -2 -2 -2 -1 -2 -1  1  1  1 -1 -2  1  3 -1 -1 -1 -1  2    2   8   1   2   0   3   2   5   3   8  12   2   0   7  16   5   2   1   1  17  0.20 0.19
  373 T   -2 -1  1  1 -4  0 -2 -3 -2 -4 -4  0 -4  0 -3  3  5 -5 -1 -4    2   3   7   8   0   4   1   1   1   0   1   6   0   4   1  20  38   0   3   1  0.69 0.49
  374 E   -3 -3 -2  4 -6  0  5 -5 -4 -6 -4  2 -5 -6  1 -1 -4 -3 -5 -3    1   0   1  26   0   3  37   0   0   0   2  15   0   0   7   5   0   1   0   2  1.03 0.59
  375 E   -1  0 -1  3 -5  1  5 -3 -3 -3 -4  0 -3 -5 -3 -1 -2 -5 -2 -1    6   5   2  13   0   6  44   2   0   1   1   5   1   0   1   4   2   0   1   5  0.73 0.47
  376 G    0 -3 -1 -2 -4 -2  0  4 -3 -1  1  0 -1  1 -4  0  0  0 -3 -2    7   1   3   1   0   1   8  31   0   3  14   5   2   7   0   7   6   1   0   2  0.31 0.26
  377 K    0  2 -3 -2 -3  0 -1 -3  0  0  0  2  0  3 -2 -2 -3  3 -1  1    9  10   0   2   0   5   4   1   2   6   7  12   2  17   1   2   0   5   1  13  0.23 0.23
  378 K    1  2 -1 -1 -4  1 -1 -3 -2 -3  1  3  1 -1 -3  0 -1 -4 -1 -1   13  12   2   3   0   5   3   1   1   1  15  23   3   3   0   6   4   0   2   3  0.26 0.25
  379 E   -1  0 -2 -1 -6  3  5 -3 -2 -5 -3  1 -4 -4 -4  0 -2 -2  0 -2    4   4   1   2   0  13  45   2   0   0   2   8   0   1   0   8   2   1   3   4  0.78 0.52
  380 L   -1 -1 -2 -5 -2 -3 -3 -5 -2  2  4  3  1 -1 -4 -3 -2 -5 -1 -1    5   3   2   0   1   0   1   0   1  12  43  19   3   2   0   1   2   0   2   2  0.59 0.41
  381 L   -3  1 -4 -5 -5  0  0 -3  0 -1  1  1  4  2 -5 -4 -4  7  5 -2    1   8   1   0   0   3   6   2   2   4  12   9  10   7   0   1   0  13  19   2  0.67 0.43
  382 F   -1 -4 -3 -5 -2 -1 -4 -4 -1 -1  1 -3  0  5 -3  0  2 -3  3  0    6   0   1   0   1   2   0   1   2   2  13   1   2  29   1   7  16   0   8   8  0.55 0.38
  383 L   -2 -5 -6 -5 -5 -2  2 -6 -5  1  5 -4  4 -3 -6 -4 -2 -5 -3 -1    4   0   0   0   0   1  13   0   0   5  57   1  11   0   0   1   2   0   1   3  1.00 0.56
  384 S    1 -3 -3 -5 -1 -4 -5 -2 -5 -6 -6 -4 -5 -7 -5  6  3 -7 -6 -5   11   1   1   0   1   0   0   3   0   0   0   0   0   0   0  69  14   0   0   0  1.56 0.85
  385 N    0 -3  5  1 -1 -1 -2  4 -1 -6 -6 -1 -5 -6 -5  2 -3 -6 -5 -5    8   0  24   7   2   2   2  36   2   0   0   3   0   0   0  13   0   0   0   0  0.86 0.50
  386 A    0  1 -1 -3  1 -3 -5  6 -2 -5 -3  1 -1 -1 -4  0 -4 -5 -1 -5    6   7   2   1   3   1   0  57   1   0   2   7   2   3   1   6   0   0   2   0  0.99 0.53
  387 N   -6 -3  8 -2 -7 -4 -3 -4  0 -1 -3 -5 -6 -7 -6 -2 -2 -8 -6 -2    0   1  80   1   0   0   1   1   2   3   3   0   0   0   0   2   2   0   0   3  2.13 0.94
  388 P    1 -6 -6 -6 -6 -5 -5  1 -6 -2 -4 -5 -2 -7  8 -5 -5 -7 -4 -1   12   0   0   0   0   0   0  10   0   2   2   0   1   0  68   0   0   0   1   5  1.97 0.85
  389 S   -1  4 -2 -2 -4  0 -2  2  0 -4 -1 -1 -1  0 -4  0 -2 -1  3 -3    5  28   1   2   0   3   1  18   2   0   8   3   1   5   0   7   2   1  12   1  0.41 0.32
  390 L   -1  0 -1  1 -5  3  4 -4 -1 -2  0  2 -1 -3 -4 -1  0 -5 -1 -2    3   5   1   9   0  11  32   1   1   3   9  10   1   1   0   2   5   0   2   3  0.44 0.33
  391 L   -4 -6 -6 -7 -5 -5 -6 -7 -5  0  4 -6  5  6 -6 -5 -4 -4  0  1    1   0   0   0   0   0   0   0   0   3  42   0  13  29   0   0   0   0   2  10  1.24 0.58
  392 E   -1  1 -3 -1 -2 -1  3 -4 -1  0 -1 -2  4  2 -4 -1 -2  3  0  1    4  10   0   3   1   1  24   0   1   4   3   0  12  11   0   5   1   4   3  13  0.36 0.31
  393 R   -4  5 -1  1 -6  0 -1 -3 -1 -6 -4  4 -3 -5 -5 -3 -3  7 -3 -4    1  34   3   7   0   4   4   1   1   0   2  23   0   0   0   1   1  17   1   1  1.14 0.57
  394 H   -2 -1  1 -4 -3 -1 -4 -5  2  1  4 -3  2  0 -4 -3 -2 -3  1  0    3   4   7   0   0   4   0   0   6   8  46   0   4   3   0   1   2   0   6   6  0.47 0.31
  395 C    1 -6 -5 -6 10 -5 -6 -5 -6 -4 -4 -5 -3 -5 -5  0 -2 -5 -5  1   13   0   0   0  66   0   0   0   0   0   1   0   1   0   0   6   2   0   0  10  2.22 0.71
  396 A    4  1 -2 -2 -3 -2 -3  1 -1 -3 -4  1 -3 -4  1  2  1 -5 -4 -2   43   7   1   1   0   0   0   8   1   1   0   8   0   0   6  14   7   0   0   3  0.50 0.33
  397 Y   -1 -1 -2 -4 -4 -3 -3 -2  1 -3 -2 -3 -2  5  3  2 -3 -1  4 -2    3   4   1   0   0   0   1   2   4   0   1   0   0  30  16  20   0   0  14   3  0.68 0.37
  398 L   -4 -5 -6 -6 -4 -5 -5 -6 -5  2  6 -5  4 -2 -5 -5 -4 -4 -4  0    0   0   0   0   0   0   0   0   0   9  78   0  10   0   0   0   0   0   0   4  1.35 0.50

                      K         Lambda
Standard Ungapped    0.1352     0.3192
Standard Gapped      0.0451     0.2670
PSI Ungapped         0.1472     0.3132
PSI Gapped           0.0451     0.2670
