
Last position-specific scoring matrix computed, weighted observed percentages rounded down, information per position, and relative weight of gapless real matches to pseudocounts
           A  R  N  D  C  Q  E  G  H  I  L  K  M  F  P  S  T  W  Y  V   A   R   N   D   C   Q   E   G   H   I   L   K   M   F   P   S   T   W   Y   V
    1 M   -2 -3 -3 -4 -3 -2 -3 -4 -3  0  1 -3  9 -1 -4 -3 -2 -3 -2  0    0   0   0   0   0   0   0   0   0   0   0   0  97   0   0   0   0   0   0   3  1.28 0.26
    2 A    5 -2 -2 -2 -1 -1 -1 -1 -2 -2 -2  0 -2 -3 -2  1  0 -3 -3  0   84   0   0   1   0   0   3   1   0   0   0   4   0   0   0   3   2   0   0   3  0.58 0.15
    3 L    2 -1 -2 -2 -2 -1 -1  1 -1  0  2 -1  1 -1 -2  0  0 -3 -2  0   25   4   0   1   0   1   2  15   1   0  35   0   3   0   1   4   5   0   0   3  0.13 0.05
    4 S    0  1 -1 -2  1 -1 -1 -2 -2 -1  0 -1  0  2  1  2  1 -2  0 -1    5   9   0   0   3   2   0   0   0   0  14   2   2  18   8  29   8   0   0   1  0.14 0.06
    5 G   -1  3 -1 -2 -3  0 -1  4 -2 -4 -3  4 -2 -4 -2 -1 -1 -3 -3 -3    2  19   0   0   0   0   0  36   0   0   0  41   0   0   0   1   1   0   0   0  0.55 0.11
    6 S    0  4 -1 -1  1  0 -1 -1 -1 -3 -2  0 -2 -3  2  2 -1 -3 -2 -2    4  47   0   2   4   0   0   3   0   0   4   0   0   0  12  24   0   0   0   0  0.45 0.11
    7 T    0  1  0  0 -2  1 -1 -1 -2 -2 -2  0 -2 -3  1  3  3 -3 -2 -1    0   7   0   4   0   8   0   3   0   0   0   1   0   0   6  31  35   0   0   4  0.33 0.09
    8 P    1  4 -2 -2 -3 -1 -1 -1 -1 -2 -2  0 -2 -3  5 -1 -1 -3 -3 -2   15  33   0   0   0   0   0   3   1   2   4   0   0   0  41   0   0   0   0   0  0.76 0.11
    9 A    4 -2 -1  0 -1 -1 -1  0 -2 -2 -2 -1 -2 -1  0  2  0 -3 -2 -1   58   0   1   4   0   1   1   2   0   0   0   0   0   3   3  22   0   0   1   3  0.37 0.10
   10 P   -1 -1 -1 -1 -3  4  1 -3  1 -2 -2  0 -1 -3  5 -1 -1 -3 -2 -2    1   0   0   0   0  40   5   0   5   3   4   0   1   0  38   3   0   0   0   0  0.81 0.14
   11 C    1 -2 -1 -2  4 -1 -1 -2 -2 -1 -2 -1 -1 -2  3  2  1 -3 -1  0   15   0   0   0  13   1   0   0   0   2   0   0   1   0  16  30  10   0   3   9  0.33 0.08
   12 W   -4 -5 -6 -6  1 -4 -5 -4 -4 -4 -3 -5 -3 -1 -5 -4 -4 12  1 -5    0   0   0   0   4   0   0   0   0   0   0   0   0   0   0   0   0  96   0   0  3.48 0.41
   13 E   -2 -2 -1  3 -4  0  4 -3 -2 -4 -4 -1 -3 -4  5 -1 -2 -4 -4 -4    0   0   0  20   0   0  42   0   0   0   0   0   0   0  38   0   0   0   0   0  1.06 0.19
   14 E   -2 -1 -1  1 -5  2  7 -3 -1 -5 -4  0 -3 -5 -2 -1 -2 -4 -3 -4    0   0   0   1   0   4  95   1   0   0   0   0   0   0   0   0   0   0   0   0  1.32 0.27
   15 D   -1 -2 -1  4 -4  0  5 -3 -1 -4 -4 -1 -3 -4 -2 -1  2 -4 -3 -3    3   0   0  29   0   0  53   0   0   0   0   0   0   0   0   0  16   0   0   0  0.76 0.18
   16 E    0  2 -1  0 -4  2  5 -2  2 -4 -3  0 -2 -4 -1  0 -1  1 -2 -3    8  12   1   2   0   7  55   1   8   0   0   0   0   0   1   4   0   2   0   0  0.58 0.15
   17 C   -1 -4 -3 -3  9 -4 -4  3 -4 -2 -3 -4 -3 -4 -4 -2 -2 -4 -4  0    1   0   0   1  64   0   0  26   0   0   0   0   0   0   0   0   0   0   0   7  1.41 0.26
   18 L   -2 -2 -1  3 -3 -1  1 -3 -2  0  3 -1  0 -1 -3 -2 -2 -3 -2 -1    0   0   3  22   0   2   8   0   0   0  55   5   1   2   0   0   0   0   0   2  0.33 0.13
   19 D   -2  2  2  4 -3  2  2 -2 -1 -3 -3  1 -1 -4 -2  0  0 -4 -3 -3    0  17  13  31   0   9  10   0   1   0   0   5   2   0   0   7   5   0   0   0  0.44 0.11
   20 Y   -1 -2 -1 -2 -1  1  3 -3  1 -3 -3 -1 -2  1 -3 -1 -2  0  6 -3    3   0   3   0   1   5  28   0   2   0   0   1   0   1   0   4   0   0  53   0  0.75 0.21
   21 Y   -3 -2 -2 -3 -4 -1  0 -4  7 -3 -3 -2 -2  1 -4 -3 -3  0  7 -3    0   0   0   0   0   1   5   0  32   0   0   0   0   0   0   0   0   0  62   0  1.35 0.28
   22 G   -1 -3  0 -1 -4 -2 -1  6 -3 -5 -5 -2 -4 -4 -3 -1 -2 -4 -4 -4    0   0   4   3   0   0   3  88   0   0   0   0   0   0   0   0   0   0   0   0  1.30 0.23
   23 M   -2 -3 -4 -4  1 -2 -3 -4 -3  0  4 -3  7 -1 -4 -3 -1 -3 -2  0    0   0   0   0   3   0   0   0   0   0  42   0  49   0   0   0   1   0   0   3  0.82 0.24
   24 L   -2  0 -2 -4 -3 -1 -3 -4  1  0  3 -2  1  2 -4 -3 -2  0  5  0    0   5   1   0   0   2   0   0   3   2  42   0   2   4   0   0   0   0  34   4  0.50 0.16
   25 S    0 -1 -1 -2 -2 -2 -2 -2 -2 -3 -4 -2 -3 -4 -1  6  3 -4 -3 -3    0   1   0   0   0   0   0   0   0   0   0   0   0   0   2  80  17   0   0   0  0.94 0.31
   26 L   -3 -4 -5 -5 -3 -3 -4 -5 -4  1  5 -4  2 -1 -3 -4 -3 -3 -2  0    0   0   0   0   0   0   0   0   0   4  91   0   4   0   1   0   0   0   0   0  1.03 0.29
   27 H   -3 -2 -1 -1 -5  0 -2 -4 10 -5 -3 -3 -3  2 -4 -3 -3 -4  0 -5    0   0   0   4   0   4   0   0  83   0   1   0   0   9   0   0   0   0   0   0  1.89 0.43
   28 R   -2  5  0  2 -5  0  2 -3  1 -4 -4  1 -3 -4 -3 -1 -2 -4 -3 -4    0  54   4  11   0   2  19   0   4   0   0   5   0   0   0   2   0   0   0   0  0.79 0.24
   29 M   -3 -3 -4 -5 -3 -2 -4 -5 -4  2  2 -3  8 -2 -4 -3 -2 -3 -3  2    0   0   0   0   0   0   0   0   0   7  11   0  70   0   0   0   1   0   0  11  1.24 0.37
   30 F   -4 -4 -5 -5  0 -5 -5 -5 -3 -2  0 -5 -2  8 -5 -4 -4 -1  3 -2    0   0   0   0   2   0   0   0   0   0   4   0   0  89   0   0   0   0   4   0  1.71 0.39
   31 E   -2  2  0  4  1  1  4 -3 -2 -4 -4  0 -3 -4 -3 -1 -1 -4 -3 -4    0  13   2  30   4   3  44   0   0   0   0   2   0   0   0   0   3   0   0   0  0.75 0.23
   32 V   -2  0 -4 -1 -2 -3 -3 -4 -4  5  0 -3  0 -2 -4 -3 -1 -4 -2  4    0   8   0   4   0   0   0   0   0  44   2   0   0   0   0   1   1   0   0  41  0.62 0.23
   33 V   -2 -4 -5 -5 -2 -4 -4 -5 -5  2  0 -4 -1 -2 -4 -3 -2 -4 -3  6    0   0   0   0   0   0   0   0   0   8   2   0   0   0   0   0   0   0   0  90  1.12 0.34
   34 G   -1 -4 -2 -3 -4 -3 -4  7 -4 -5 -5 -3 -4 -5 -4 -1 -3 -4 -5 -5    0   0   0   0   0   0   0  96   0   0   0   0   0   0   0   4   0   0   0   0  1.73 0.36
   35 G    1 -2  0  0 -1 -1 -1  3 -2 -3 -3 -1 -2 -3 -2  3  3 -4 -3 -1   12   0   4   4   1   0   2  23   0   0   0   3   0   0   0  26  23   0   0   2  0.37 0.15
   36 Q   -3  0 -1 -2 -5  7  0 -4  7 -5 -4 -1 -3 -4 -3 -2 -3 -4 -2 -4    0   3   0   0   0  61   0   0  36   0   0   0   0   0   0   0   0   0   0   0  1.46 0.40
   37 L   -3 -4 -5 -5 -3 -3 -4 -5 -4  2  5 -4  2 -1 -4 -4 -3 -3 -2  0    0   0   0   0   0   0   0   0   0   7  88   0   4   0   0   0   0   0   0   0  1.03 0.32
   38 T   -1 -3 -2 -2 -3 -2  0 -3 -3 -3 -3 -2 -2 -4 -3  1  7 -4 -3 -2    3   0   0   0   0   0   5   0   0   0   0   0   0   0   0   5  85   0   0   0  1.19 0.40
   39 E   -2  0 -1  0 -4  2  3 -3  5 -1  0 -1 -1 -2  0 -2 -2 -3  0 -2    2   5   0   3   0   8  31   0  25   5   9   0   2   0   5   0   0   0   3   2  0.45 0.20
   40 C    0  4  0 -1  5  0 -2 -3 -2 -3 -3  0 -1  0 -3  1  1 -3 -2 -2    6  39   4   3  18   2   0   0   0   0   0   2   1   5   0   9   9   0   0   1  0.48 0.21
   41 E   -3 -2  1  6 -5 -1  4 -3 -2 -4 -5 -2 -4 -5 -3 -2 -2 -5 -4 -4    0   0   3  62   0   0  32   0   0   0   0   0   0   0   0   0   0   0   0   0  1.25 0.34
   42 L   -2 -3 -4 -4 -2 -3 -4 -4 -4  3  2 -3  3  0 -3 -3 -1 -3 -2  4    0   0   0   0   0   0   0   0   0  16  26   0   8   3   0   0   0   0   0  46  0.58 0.21
   43 E    0  3  0  2 -3  0  4 -2  0 -3 -3  1 -2 -3 -2  0 -2 -3 -1 -3   11  26   2   9   0   0  35   0   2   0   1   5   0   0   0   4   0   0   2   0  0.48 0.19
   44 L   -1 -3 -3 -3 -2 -2 -1 -4 -3  1  3 -3  1 -1 -3 -2 -1 -3 -2  4    3   0   0   0   0   0   4   1   0   2  33   0   3   0   0   1   3   0   0  47  0.47 0.20
   45 L   -2 -3 -4 -4 -2 -2 -1 -4 -3  0  5 -1  2  0 -3 -3 -2 -3 -2 -1    1   0   0   0   0   0   5   1   0   0  80   4   4   2   0   1   0   0   0   0  0.75 0.27
   46 A    2  0  0 -2 -2 -1 -1 -1 -2 -1 -2  1 -2 -3 -2  4  1 -3 -2 -1   17   5   2   0   0   0   0   1   0   5   1   9   0   0   0  47   7   0   1   4  0.37 0.19
   47 F   -2 -4 -4 -4 -3 -4 -4 -4 -2  0 -1 -4  1  8 -4 -3 -2 -1  2 -2    3   0   0   0   0   0   0   1   0   4   1   0   3  77   0   1   3   0   4   0  1.29 0.34
   48 L   -2 -3 -4 -4 -2 -3 -1 -4 -3  0  5 -3  1 -1 -3 -3 -1 -2  0 -1    1   0   0   0   0   0   5   1   0   0  82   0   0   0   0   1   3   0   3   0  0.77 0.27
   49 L   -2 -1 -3 -3 -2 -2 -3 -3 -2  0  3 -2  2  4 -3 -1  0 -1  3  0    1   5   0   0   0   0   0   1   0   0  35   0   5  27   0   4   5   0  10   4  0.40 0.16
   50 D   -2 -1  2  5 -3 -1  0  1  0 -2 -3  0 -3 -3 -2 -1 -1 -3 -3 -1    1   2   9  50   0   1   3   9   3   1   1   7   0   1   1   1   2   0   0   8  0.55 0.18
   51 E    0  0  0  1 -2  0  3  0 -1  0 -2 -1 -1 -2  0  0 -1 -3 -2  1    6   7   4   5   0   1  34   8   0   4   1   1   0   1   3   4   1   0   0  20  0.20 0.12
   52 A    1 -2 -2 -2 -1 -2 -2 -1 -3  3  1 -2  0  0 -2  0  2 -3 -2  2   17   1   0   1   0   0   1   4   0  28   8   1   0   3   1   6  17   0   0  13  0.19 0.11
   53 P   -2 -2 -1  3  1 -1  0 -3  0  0  1 -1  0 -1  3 -1 -2  3  1 -1    1   0   0  23   3   2   5   1   2   9  17   2   2   1  17   3   0   5   5   1  0.27 0.13
   54 G    0  0  0  4 -1 -1  1  2 -1 -3 -3 -1 -3 -3  3  0 -1 -3 -3 -3    6   6   3  31   1   0   8  18   1   0   1   1   0   0  15   6   1   0   0   1  0.44 0.15
   55 A    1 -2 -2 -2 -2  0  1 -2  1 -2  0 -1 -1  1  2  1 -1  2  4 -1   20   1   0   0   0   3   9   1   3   0   8   0   0   6   9  11   0   3  21   3  0.22 0.13
   56 A    0  1  0  1 -3  1  3 -2 -1 -2 -2  0 -2 -3  2  0  2 -3 -3 -2   10   8   2   7   0   4  29   1   0   2   4   1   0   0  11   4  15   0   0   0  0.31 0.14
   57 G    0  3 -1  0 -3  1  0  1  4 -3 -2  0  0 -1 -2  1  0 -3 -1 -2    5  26   0   7   0   7   2  12  15   0   1   0   4   3   0  10   6   0   0   0  0.28 0.14
   58 G   -1 -1 -1  0 -3  1  0  4 -2 -2 -2  0 -2 -3  3  0 -2 -3 -3 -3    2   2   0   7   0   9   6  41   0   3   5   5   0   0  15   4   1   0   0   1  0.44 0.15
   59 L   -1  2 -2 -2 -1 -1  0  0 -2  0  3 -1  4 -1 -1 -2 -1 -2 -2 -1    1  15   1   1   1   1   7  10   0   5  33   1  18   1   2   1   1   0   0   1  0.21 0.13
   60 A    1  0 -1  0 -2 -1  0  1  1  2  0 -1 -1 -1  0  0 -1 -3 -2  0   16   7   0   7   0   0   5  11   4  22   9   3   0   1   4   6   1   0   0   1  0.05 0.07
   61 R   -1  6 -1 -2 -3  1 -1 -3  1 -3 -3  3 -2 -4  1 -1 -1 -3 -3 -3    4  54   0   0   0   3   2   1   3   0   2  20   0   0   6   1   3   0   0   0  0.74 0.25
   62 A    1 -1 -1 -1 -1 -1 -1 -1  1  2 -1 -1 -1  0  3  0  0 -2 -1  1   16   1   1   2   1   1   3   2   6  18   3   2   1   6  17   4   7   0   1  10  0.16 0.07
   63 R   -1  3  1 -1 -1  0  1 -1 -1 -2 -1  3 -1 -2  1 -1 -1 -2 -1 -2    3  23   8   2   2   1   7   2   1   2   6  24   1   1   7   2   3   0   2   2  0.24 0.08
   64 S   -1 -2  3  2 -1 -1 -1 -1 -2 -2 -3 -1  0 -3 -2  4  0  2 -2 -1    1   1  15  14   1   0   2   1   0   1   1   1   4   0   1  45   3   3   0   6  0.39 0.19
   65 G   -1 -3 -2  0 -3 -3 -2  6 -3 -4 -3 -2 -3 -4 -1 -1 -2 -3 -4 -4    1   1   0   5   0   0   2  82   0   1   2   1   0   0   3   1   1   0   0   1  1.24 0.30
   66 L   -1  3 -2 -2 -2  1 -1 -3  0  0  2  1  0  0 -2 -1 -1 -2  1  0    3  27   0   1   0   6   2   1   2   1  27   7   0   2   1   3   3   0   5   9  0.19 0.12
   67 E    0 -1  0  5 -3  0  4 -2 -2 -3 -3 -1 -3 -3 -2  0 -1 -4 -3 -3    6   1   0  41   0   1  33   1   0   1   2   1   0   0   1   5   3   0   0   1  0.68 0.22
   68 L   -2  0 -3 -4 -3 -3 -3 -4 -2  0  3 -3  1  5 -3 -3 -2 -1  1 -1    1   5   0   1   0   0   1   1   0   1  43   1   2  38   1   1   1   0   3   1  0.62 0.22
   69 L   -2 -2 -3 -4 -2 -3 -3 -4 -3  2  4 -3  1  3 -3 -3 -2 -2  0  0    1   1   1   1   0   0   1   1   0  11  58   1   3  19   1   1   1   0   0   1  0.52 0.18
   70 L   -2  0 -3 -3 -2 -2 -3 -3  0  0  4 -2  3  2 -3 -3 -2 -2 -1  0    1   6   1   1   0   0   1   1   2   1  66   1   9   8   1   1   1   0   0   1  0.52 0.19
   71 E    3 -1 -1  0 -2  0  3  1 -2 -3 -3 -1 -2 -3 -2  0 -1 -3 -2 -2   40   1   1   4   0   2  32  13   0   1   1   1   0   0   1   1   2   0   0   1  0.41 0.17
   72 L   -2  1 -3 -3 -2 -2 -2 -3 -3  0  4 -2  2 -1 -3 -2 -2 -2 -2  0    1  10   1   1   0   1   1   1   0   1  72   1   3   1   1   1   1   0   1   1  0.53 0.19
   73 E   -1 -1 -1  0 -3  0  5  0 -1 -1 -3 -1 -2 -3  1  0 -1 -3 -2 -2    1   1   1   1   0   1  64   8   0   4   1   1   0   1   6   5   1   0   1   3  0.64 0.21
   74 R   -2  5 -1 -2  2  0 -1  0 -1 -3 -3  3 -2 -3 -2 -1 -2 -3 -2 -3    1  53   0   1   5   0   1   6   1   1   1  26   0   0   1   1   1   0   0   1  0.73 0.22
   75 R   -1  4 -1 -2  2  3  0 -2 -1 -2 -2  0  1  1 -2  0 -1 -2 -1 -2    5  32   0   1   5  24   2   1   1   1   2   1   5   9   1  10   1   0   0   1  0.35 0.16
   76 G    0 -3  0 -2 -3 -2 -1  6 -2 -4 -4 -2 -3 -3 -2 -1  0 -3 -3 -3    4   1   4   1   0   0   4  74   0   1   1   1   0   0   1   3   5   0   0   1  0.98 0.23
   77 Q    0  3 -1 -2 -2  2  0 -2  1 -1  0  1  1 -1 -2 -1 -1 -1  2 -1    6  23   1   1   0  11   6   1   3   1  12   8   6   1   1   1   1   0  11   5  0.16 0.09
   78 C    0  0 -2 -1  8 -2 -2 -3 -3  0  1 -2 -1 -1 -3 -2 -1 -3 -2  0    6   6   1   5  46   1   1   1   0   5  13   1   0   2   1   1   1   0   1   8  0.70 0.19
   79 D    0  0  0  5 -2 -1  1 -1  1 -2 -3 -1 -2 -3  0  1 -1 -3 -2 -1    6   5   1  45   1   1   5   2   4   1   1   1   0   1   5  14   1   0   1   6  0.43 0.14
   80 E   -1  1 -1  2 -3  0  5 -1 -1 -3 -3  0 -2 -3 -2  0 -1 -3 -2 -3    1  10   1  12   0   1  56   3   0   1   1   1   0   1   1   7   1   0   1   1  0.62 0.19
   81 S    0 -2  0  0 -2 -1 -1  3 -2 -2 -2 -1 -2 -3 -2  3  2 -3 -2 -1    4   1   4   5   0   1   1  26   0   1   1   1   0   1   1  29  18   0   1   6  0.31 0.12
   82 N   -1 -1  6  2 -3 -1 -1  0 -1 -3 -2 -1 -3 -3 -3 -1 -1 -4 -3 -3    4   2  66  10   0   1   1   5   0   1   6   1   0   0   1   1   1   0   0   1  0.84 0.26
   83 L   -2 -3 -3 -3 -2 -2 -3 -3 -2  0  2 -3  0  4  1 -1  0  4  0 -1    1   1   0   1   0   0   1   1   0   4  32   1   0  30   9   6   7   7   0   1  0.40 0.16
   84 R   -1  4 -1 -1 -3  1  2  1 -1 -3 -3  1 -2 -1 -2  0 -1 -3 -2 -2    2  39   0   1   0   3  17  15   0   1   1   6   0   3   1   8   2   0   0   2  0.40 0.16
   85 L   -1 -1 -1 -1 -2  2  0 -2  3 -1  1  0  0  0  2  0 -1 -2  0 -1    1   1   1   1   0  18   7   1   9   1  22   3   0   5  12  10   1   0   3   4  0.18 0.10
   86 L   -2 -3 -3 -3 -2 -2 -3 -3 -3  3  4 -3  1 -1 -3 -2 -1 -2 -2  2    1   1   1   1   0   1   1   1   0  20  51   1   0   1   1   1   1   0   0  18  0.45 0.16
   87 G   -1  0 -2 -3  2 -2 -2  0 -3  1  3  0  0 -1 -2 -1 -1 -2 -2  1    2   6   0   1   5   0   1   7   0   8  43  10   0   0   0   2   3   0   0  10  0.18 0.11
   88 Q   -2  0  1  0 -3  4  2 -2  4 -3 -1  0 -1  0 -2  0 -1 -2  1 -3    1   2   5   3   0  37  10   1  14   0   5   1   0   6   0   8   1   0   5   1  0.41 0.19
   89 L   -1 -2 -3 -3 -2 -2 -3 -3 -3  1  4 -2  4  0 -3 -2 -1  2  0  2    3   1   1   1   0   1   1   1   0   1  52   1  14   2   1   1   1   3   2  14  0.40 0.15
   90 L   -2 -3 -3 -3  2 -3 -3 -2 -3  0  4 -3  1  0 -3  0  0 -2 -2  0    1   0   0   0   6   0   0   3   0   0  71   0   0   3   0   7   5   0   0   0  0.50 0.21
   91 R    0  5 -1 -1 -3  0  0  0  1 -3 -3  2 -2 -3 -2 -1 -2 -3 -2 -3    9  54   0   2   0   0   5   8   3   0   1  15   0   0   0   0   0   0   0   0  0.63 0.21
   92 V   -1 -3 -3 -3  2 -2 -2 -3 -3  3  1 -2  0 -1  2 -2  0  3 -2  3    1   0   0   0   7   0   2   1   0  23  12   2   2   0  12   0   5   6   0  26  0.30 0.13
   93 L    0 -2 -2 -3  0 -2 -2  0 -3  3  2 -1  0 -1 -2 -1  0 -3 -2  1    7   0   0   0   2   0   0   8   0  25  30   5   0   0   0   5   4   0   0  11  0.17 0.10
   94 A    1  0  1 -1 -2  1  1  0 -1 -1 -1  1 -1 -3 -2  1  3 -3 -2  0   13   4   6   0   0   6   8   5   0   0   5  11   0   0   0   5  29   0   0   7  0.17 0.10
   95 R    0  6 -2 -2 -3  0 -1 -3 -1 -3 -1  0 -2 -3 -3  0 -2  3 -2 -3    8  66   0   1   0   0   1   1   0   1   6   1   0   0   1   8   1   5   0   1  0.77 0.25
   96 H   -1 -2 -1 -2 -3  1  0  1  8 -4 -3 -2 -2 -2  0 -2 -2 -3  2 -3    5   0   0   0   0   5   6  15  53   0   1   1   0   0   5   1   1   0   5   1  0.84 0.26
   97 D   -2 -2  0  6 -4 -1  2  0 -2 -3 -4 -1 -3 -4  2 -1  0 -4 -3 -3    1   0   0  59   0   0  10   8   0   0   1   1   0   0  11   1   5   0   0   1  0.82 0.23
   98 L   -1 -3 -3 -3 -2 -2 -3 -3 -3  1  4 -3  1  1  2 -2 -2 -2 -1  0    6   0   0   0   0   0   1   1   0   7  61   1   0   8  10   1   1   0   0   2  0.45 0.17
   99 L   -1  0 -2 -3  2 -2 -2 -3 -2  1  3  0  1 -1 -2 -1 -1 -2 -2  0    1   6   2   1   7   1   1   1   0   3  54   8   2   1   1   6   1   0   0   5  0.26 0.13
  100 P   -1 -2 -2 -2 -3 -1 -2 -3  4 -3 -3 -2 -2 -2  7 -2 -2 -3  2 -1    2   1   1   1   0   2   1   1  15   1   1   1   0   1  58   1   1   0   8   6  1.20 0.25
  101 H   -2 -2 -2 -3  0 -2 -2 -1  4 -1  1 -1  2  4 -3 -2 -2 -1  4 -1    1   1   1   1   2   1   1   5  16   1  15   3  10  21   1   2   1   0  19   1  0.35 0.16
  102 L   -1 -3 -3 -3 -2 -3 -3 -3 -3  2  2 -3  1  1  1 -2 -1 -2 -1  3    3   0   0   0   0   0   1   1   0  11  25   0   3   8   7   1   0   0   0  38  0.35 0.16
  103 A    1 -2  0 -2 -2  1 -1 -2  1 -2 -2 -1 -2  0  2  2  3 -3 -2 -2   15   0   3   0   0   8   0   1   4   0   1   0   0   6  11  23  26   0   0   0  0.32 0.18
  104 R   -1  3 -2 -2 -2  0 -2 -3  2  0  2 -1  1  0 -3  0 -1 -2 -1  0    4  27   0   0   0   3   0   1   6   2  30   0   3   3   0   9   2   0   0   7  0.21 0.15
  105 K    0  3 -1 -2 -3  0  0 -3 -2 -3 -1  4 -2 -3  3 -1  0 -4 -3 -3    6  19   2   0   0   0   3   0   0   0   6  42   0   0  14   0   5   0   0   0  0.51 0.22
  106 R   -1  5  0 -2 -4  1  0 -1 -2 -3 -1  2 -2 -3 -3  0 -2  2 -2 -3    3  42   3   0   0   6   4   4   0   0   8  16   0   0   0   9   0   4   0   0  0.48 0.22
  107 R    0  4 -1 -2 -3  2 -1 -2 -1 -2 -2  2 -1 -3  1  1  0 -3 -2 -1    5  34   0   0   0   8   0   0   0   0   1  16   2   0   7  12   4   0   0   7  0.39 0.18
  108 R   -2  4 -1 -2  4  1  0 -3 -2 -3 -2  1 -2  0  0  0  0  0 -2 -2    0  41   0   0  11   6   6   0   0   0   4   6   0   6   5   7   4   2   0   0  0.41 0.20
  109 P    1  2 -1 -1 -2  2  0 -1 -1 -2 -2  2 -1 -3  3  1  1 -2 -2 -2   13  13   1   1   0  13   1   1   0   1   1  13   0   0  13  13  13   0   0   1  0.27 0.07
  110 V    0  1 -2  0 -1 -1 -1  0 -2  1  1 -1  1 -1 -2 -1 -1 -2 -2  3   11  10   1   7   0   1   1   7   0   1  11   1   7   0   1   1   1   0   0  40  0.10 0.08
  111 S   -1  0 -1 -3  5 -2 -3 -3 -3 -1 -1 -2 -3  1 -1  4  0 -4 -3  0    0   7   1   0  13   0   0   0   0   2   6   0   0   7   3  49   4   0   0   7  0.58 0.38
  112 P   -2 -1 -4 -4 -5  1  0 -2 -4 -4 -2 -3 -4 -5  7 -2 -3 -5 -5 -2    2   4   0   0   0   7   5   3   0   0   5   0   0   0  67   2   0   0   0   4  1.61 0.57
  113 E   -2 -1 -2  4 -5  1  6 -2 -3 -5 -5 -2 -4 -5 -4 -1 -3 -5 -4 -5    3   3   0  28   0   4  54   3   0   0   0   0   0   0   0   3   0   0   0   0  1.19 0.55
  114 R   -1  6 -3 -1 -5 -2 -3 -1 -3 -4 -1  1 -3 -5  3 -3 -3 -5 -4 -4    6  54   0   4   0   0   0   5   0   0   8   6   0   0  15   0   0   0   0   0  0.98 0.50
  115 Y   -2 -3 -3 -3 -3 -1 -1  0 -1  1 -1 -3 -2  2  0 -2 -2 -1  6  3    1   0   0   0   0   3   4   8   1   7   3   0   0   7   4   3   2   0  31  25  0.51 0.33
  116 S   -1 -1  0  2 -3 -1  2  1 -2 -2 -1  0  0 -1 -1  1  1 -3 -1 -1    0   3   4  15   0   0  15  10   0   0   6   6   2   3   2  15  13   0   2   4  0.18 0.17
  117 Y   -2 -1 -2 -2  3  2  2  0  3  0 -1  2 -2 -1 -3 -2 -2 -2  3 -1    1   0   0   0   7  10  17   8   7   8   5  14   0   2   0   1   0   0  14   5  0.26 0.23
  118 G   -1  1  1  2 -4  0  1  2 -1 -3 -3 -2 -3  0 -1  0 -1 -2  4 -3    4   7   7  11   0   4   8  21   0   0   1   0   0   4   3   5   2   0  21   0  0.35 0.25
  119 T   -2  0 -1 -3 -3 -2 -2 -1 -2 -2  3 -1 -1  0  3  0  1 -2  4 -2    1   6   2   0   0   0   2   4   0   0  30   3   0   3  14   6  11   0  16   0  0.34 0.31
  120 S    0 -2 -2  1  1  0  3  0 -2 -3 -2  0 -3 -4  1  3 -1 -4 -3 -3    8   0   0   7   3   3  21   6   0   0   5   3   0   0   8  31   2   0   0   0  0.39 0.32
  121 S    0 -1  1  0 -3  1  3  0  0  0 -1 -1 -1 -3 -2  1  0 -3 -3  0    7   3   7   3   0   4  28   8   2   6   4   0   2   0   0  10   4   0   0  10  0.20 0.21
  122 S    0  1 -2  0  1 -2  0 -3 -3 -1  0 -1 -2 -3  0  3  2 -4 -3  0    5   8   0   4   3   0   7   1   0   3  10   3   0   0   4  25  18   0   0   9  0.22 0.24
  123 S   -1 -1  2  2 -1 -1 -1 -2 -2 -2 -4 -2 -3 -2 -1  4  0 -4  0 -1    3   2   9  12   1   1   2   2   0   2   0   0   0   2   3  42   6   0   4   6  0.43 0.37
  124 K   -1  1 -2  0 -1  1  0 -1 -2  1 -2  0 -1  1 -1  1  0 -3 -2  1    2  10   0   5   2   8   3   4   0  13   1   7   0   8   3  16   4   0   0  14  0.11 0.17
  125 R    0  5 -1 -3  2  0  0  0 -1 -3 -1  1 -2 -3 -3  0  0 -4 -2 -1    6  38   2   0   5   4   4   8   1   0   7   9   0   0   0   5   4   0   1   3  0.42 0.31
  126 T   -1 -1 -1 -2 -3  1 -2  1 -2 -1  0  0  0 -2  2  1  2 -2  2 -1    4   3   2   0   0   8   0  10   0   2  14   5   2   0  12  10  14   0  12   2  0.18 0.21
  127 E    0  1 -1  0 -3  0  1  0  2 -1 -2 -1  0 -1  0  1  0 -3 -1  0    6  11   2   6   0   4  12   8   6   4   0   0   3   3   4  14   4   0   1  10  0.11 0.15
  128 G    0 -1  1  1 -3  0  0  4  2 -1 -3 -2 -2 -4 -1  0  1 -4 -3 -2    9   3   6   9   0   4   7  32   5   4   1   0   1   0   2   5   9   0   0   2  0.32 0.23
  129 S    0 -1  1 -2  1  0  0  0  0  0  0 -1  0 -3  2  2  0 -3 -3 -1    5   2   6   0   3   3   8   7   2   6   8   2   3   0  13  19   7   0   0   2  0.15 0.17
  130 C    0  2 -2 -1  6  0  0  0 -3 -3 -2 -2 -1  0 -1  1  1 -4 -3  0    6  12   0   3  20   5   8   9   0   0   2   0   1   4   3  13   7   0   0   6  0.34 0.28
  131 R    0  2  0  1  2  1  0  1  2 -3 -1  0  0 -3  1  1 -1 -3 -2 -3    6  11   3   7   5   7   5  10   6   0   5   4   4   0   8  14   3   0   0   0  0.17 0.17
  132 R   -1  2  0  0  1  0 -1  0  2 -2 -2 -1 -2 -3  1  2  1 -4 -3 -1    3  17   4   6   3   4   3   9   5   3   3   1   0   0   7  18   8   0   0   5  0.19 0.20
  133 R   -1  1  1 -2  2  0  1  0  3 -3 -2  0 -2  0  2  0  0 -3  0 -1    4   9   8   0   6   4   9   6   9   0   3   4   0   4  11   8   7   0   3   3  0.18 0.19
  134 R   -1  2  0  1  1  2  0 -1  0 -1 -1  0  0 -3  2 -1  0 -3 -3 -1    5  13   3   7   3  12   5   4   3   5   6   6   2   0  12   4   6   0   0   3  0.17 0.17
  135 Q    0  0  1  0  2  1  0  0  2 -2 -1  0  1 -3  1  0  0 -3 -2  0    6   6   6   6   6   6   6   6   6   0   6   6   6   0   6   6   6   0   0   6  0.08 0.11
  136 S    1  1  1 -2 -1  0 -1 -3  1 -1 -2  1 -3 -4  3  2  2 -4 -3 -2   11   6   6   0   1   3   3   0   3   4   2   9   0   0  16  15  18   0   0   2  0.33 0.28
  137 S   -1  1  0  0  0  0  2 -1  3 -4 -2  0 -3 -4  3  2 -1 -4 -3 -2    3   6   4   5   2   4  13   4   9   0   4   5   0   0  15  19   3   0   0   3  0.33 0.28
  138 S    0  0  0 -1 -1  1 -2 -1  2 -1 -1  0  0 -3  1  3  1 -4 -3  0    7   5   3   3   1   6   0   5   6   3   5   4   3   0   6  26   9   0   0   7  0.18 0.22
  139 S   -1  1  0 -1  0  0 -1 -1  0 -3 -2 -2 -3 -1  4  2  2  1 -3 -2    4   8   4   3   2   3   3   3   3   0   4   0   0   3  21  21  11   2   0   3  0.37 0.31
  140 A    1  0  0  0  0  0  0  0 -2 -2 -1 -2 -1  0  2  2  0 -3 -2 -1   12   6   5   6   2   3   7   5   0   0   6   0   2   5  12  18   7   0   0   5  0.16 0.18
  141 N   -1 -1  2  1  0  1  1  0  4 -4 -2 -1 -3 -3  2  1  1 -4 -1 -3    3   3  11   8   2   5  12   6  12   0   3   3   0   0  11   9   9   0   2   0  0.29 0.25
  142 S    0  1  0 -1  2 -1 -2 -1  5 -4 -2 -2 -3 -1  2  2  2 -4  1 -3    7   7   5   3   4   3   0   4  16   0   3   0   0   2  10  15  16   0   4   0  0.36 0.32
  143 Q   -1  2  0 -1  0  3  0 -1  2 -2 -2  0 -2  0  2 -1 -2  0  0 -1    5  15   3   3   2  18   3   5   5   1   3   3   0   5  12   4   1   2   3   4  0.24 0.24
  144 Q   -1 -1 -1  0 -3  3  0 -2  1 -1 -1 -1 -1 -3  2  1  2 -4  0  0    5   2   3   4   0  18   4   2   4   4   5   2   2   0  11  10  13   0   3   6  0.23 0.25
  145 G    0 -2  0  0 -3  1 -1  2  2 -1  0  0 -1 -3  1  1  0 -4 -3  0    4   0   3   5   0   7   3  21   6   4  10   5   1   0   7  11   7   0   0   8  0.15 0.17
  146 Q   -1  0  1  0  3  1  0  0  3  0 -1 -1 -2  0  1  0  0 -3 -2 -1    4   4   7   5   7   8   4   6   9   7   4   3   0   4   8   6   8   0   0   4  0.11 0.14
  147 W    0  0  0 -3  4  0 -1  0 -3  0  0 -2 -2  1  1  0  0  6  1 -2    7   6   4   0  11   4   4   7   0   6   8   0   0   5   7   9   6  11   4   0  0.26 0.24
  148 E   -1  2  1  1  3  0  1 -1  2 -4 -2  0 -3 -3  2  1  0 -4  0 -3    2  13   7   7   7   4  11   5   7   0   4   4   0   0  12  11   4   0   3   0  0.26 0.24
  149 T    0 -1  0 -1  3  0 -1 -2 -3  0 -1  0 -1  0  2  2  2 -3 -3  0    4   3   4   3   7   4   2   2   0   7   3   4   1   4  10  17  17   0   0   8  0.19 0.21
  150 G    0  0 -2 -1  2  0  0  3  2 -2 -2 -2 -3 -3  0  2  0 -4  0 -2    5   5   0   3   5   4   5  27   6   2   4   0   0   0   5  19   4   0   3   2  0.29 0.26
  151 S    0 -1 -2 -1  3 -2 -1  2 -3 -1 -2 -1 -1 -1  2  3  0 -4 -3  0    7   3   0   2   8   0   4  14   0   2   3   3   1   4  11  25   5   0   0   6  0.26 0.26
  152 P   -1 -2  0 -1  2  1 -3  0 -1 -2 -1 -3 -3 -4  6  0  0 -4 -1 -2    3   2   4   4   5   7   1   7   1   3   6   0   0   0  40   6   6   0   2   2  0.71 0.39
  153 P   -1 -3 -3 -3 -4  2 -3  0 -3 -3 -1 -3 -3 -4  6  2 -1 -4 -4  0    5   0   0   0   0   9   1   6   0   0   8   0   0   0  39  17   3   0   0   8  0.80 0.45
  154 T    0 -2  1 -2 -1  0 -1  0  1 -1  0 -2  1 -1  3  0  2 -3 -1  0    7   1   7   0   1   5   4   6   3   3   8   0   5   2  17   8  13   0   2   6  0.19 0.18
  155 K   -1  0 -1  0  3 -2 -1  0  1  0 -2  2  0 -1  1  1  0  2 -2  1    2   3   2   6   7   0   1   6   4   4   2  18   2   3   6  10   5   3   0  13  0.12 0.18
  156 R   -1  3  0  0  3  1 -2  0  0 -1 -2 -1 -2 -4  2  1  0 -4 -3 -1    5  21   3   5   8   8   0   8   3   3   5   2   0   0  10  10   6   0   0   4  0.25 0.24
  157 Q   -1  0  0 -2  4  1  1 -1  1 -2  0  2 -2 -1  1  0  0 -3 -1 -1    4   4   3   0  11   9   9   3   4   2   9  13   0   2   7   8   5   0   1   3  0.15 0.17
  158 R    0  4 -1 -1  1 -1 -1  0 -2 -3 -1  0 -1 -3  3  0  0  2  0 -1    7  29   3   3   3   0   3   6   0   0   4   3   2   0  13   7   7   3   3   4  0.28 0.24
  159 R    0  3 -2 -1  1  0 -1  0 -2 -1 -2  0 -2 -3  3  0 -2  3 -2 -1    6  24   0   3   4   5   3   6   0   4   4   5   0   0  16   7   0   5   0   5  0.29 0.22
  160 S    1  1  0  0 -2 -1 -1  1  1  0 -1  0 -2 -3  1  2  0 -3 -2  0    9   8   4   6   0   0   0  11   4   5   4   4   0   0   8  23   5   0   0   9  0.14 0.16
  161 R   -2  3 -1  0  2  1  0  0  0 -1 -2  1 -2 -3  1  0  0 -3 -3 -1    0  25   0   5   6   5   4  10   3   3   3  10   0   0   8   5   7   0   0   5  0.23 0.20
  162 G    0  1 -1 -2  1  0 -1  3 -2 -2 -1  0  0 -3  2  1  0 -3 -3 -1    4   9   2   0   4   6   4  24   0   0   8   4   3   0   9  11   4   0   0   5  0.18 0.17
  163 R    0  5 -2 -1 -1 -1 -2  0 -3 -2 -2  1 -3 -2 -1  0  0  1 -3 -3    7  45   0   3   1   2   0   8   0   3   4   8   0   2   3   5   5   2   0   1  0.58 0.39
  164 P    1  1 -2 -3  1  0 -2  1  0 -4 -3  0 -2 -4  5  0 -1 -4 -4 -2   11  10   1   0   3   3   0  12   2   0   2   6   1   0  35   6   3   0   0   2  0.64 0.37
  165 S    0  1 -1 -2  2 -1 -2  0  1 -2 -2  0 -2 -3  2  3  0 -3 -2  0    8   8   3   0   5   2   1   7   4   0   4   7   0   0  12  25   4   0   1   8  0.23 0.22
  166 G    1  1  0 -1 -3 -1 -1  2  2 -2  0  1 -2 -2  0  0 -1  0 -1  0   12   9   4   3   0   2   2  19   6   0  11   8   0   0   5   8   1   1   1   8  0.12 0.14
  167 G   -1  1  0 -3  2 -1 -2  3  1 -3 -1  0 -3 -2  2  1  0  3 -2 -2    4   9   4   0   5   3   1  24   3   0   6   4   0   1  11  12   5   5   1   2  0.29 0.24
  168 A    1  0  0 -1 -3  0 -1  1  2 -1 -1  1 -2 -3  2  2  0 -4 -3 -2   15   6   5   2   0   4   2  11   7   3   6   8   0   0  10  16   4   0   0   0  0.20 0.20
  169 R   -2  5  0 -4 -5  2 -2 -1  3 -2 -2  1 -3 -4  1 -2 -2  3 -3 -4    3  41   4   0   0   9   0   6   7   2   4   8   0   0   6   3   2   4   0   0  0.70 0.46
  170 R   -2  5  0 -3 -1  0  0  0  1 -1 -2  2 -3 -4  1  1 -1 -1 -3 -3    2  32   3   0   1   3   4   7   3   4   4  14   0   0   8   9   3   1   0   0  0.45 0.34
  171 R   -2  5 -1 -3  0  0 -2 -2  1 -2 -1  3 -1 -4  0  1  0  0 -3 -3    3  32   3   0   3   4   0   3   3   2   6  17   1   0   5  10   5   1   0   0  0.47 0.36
  172 R   -2  5 -1 -3 -2  2  0 -2 -3 -2 -3  2 -3 -3  0 -1  0  3 -4 -3    3  40   3   0   1   7   4   3   0   2   2  12   0   1   6   5   5   4   0   1  0.63 0.43
  173 R   -1  5  0 -3 -1  0 -1  0 -3 -2 -4  1 -3 -1  2  0  0 -4 -4 -2    3  40   5   0   1   3   2   8   0   3   0   9   0   3   9   6   5   0   0   3  0.56 0.39
  174 G    1  0 -1 -2 -3 -1  0  2  1 -2 -2  2 -2 -3  2  1  0 -3 -2 -2   11   4   2   1   0   2   4  18   3   2   2  15   0   0  11  13   6   0   2   3  0.24 0.20
  175 A    1  0 -1 -1 -1  1  0  0  1 -1 -1  0  0 -2  1  0  0 -3 -2  1   17   6   1   2   1   6   3   8   5   3   4   6   2   1   7   8   5   0   0  12  0.09 0.12
  176 P    0  1 -1 -1 -3  0 -1  0 -3 -2 -2  1 -1 -1  4  1  1 -4 -3 -2    6   9   2   3   0   3   3   5   0   2   4  11   1   3  23  14   9   0   0   2  0.35 0.26
  177 A    0  0  0 -1 -3  1  0 -1  1 -1 -1  0 -2 -2  2  1  1  3  0 -1    7   4   3   3   0   8   4   5   5   4   6   5   0   0  10  10  11   4   4   5  0.12 0.15
  178 A    0  0  0  0 -3  1  0 -1  1 -2 -1  0  0 -1  2  1  1  2 -2 -1   10   6   4   6   0   8   4   4   4   0   5   5   3   3   9   9  11   4   0   4  0.12 0.15
  179 P    0  0 -2  1 -3  1  0  0  1 -1 -3  0  0 -2  4  1  0 -4 -3 -1    8   5   0   8   0   7   5   6   4   4   2   4   2   2  24  11   5   0   0   4  0.34 0.26
  180 Q    0  2  0  0  2  3  1  0  0 -3 -2  1 -2 -4  1  1 -2 -4 -3 -2    7  13   3   4   5  18   7   7   2   0   5   7   0   0   7   9   1   0   0   2  0.26 0.25
  181 Q   -1  2  0  0  1  3  0 -1  1 -1 -1  1 -2 -3  1  0  0  3  0 -3    4  13   4   6   4  15   4   4   3   5   5   7   0   0   7   6   5   5   3   0  0.20 0.21
  182 Q    0  0  1  0  2  1  0  0  2  0 -1  0 -1 -2  1  0  0 -3 -2  0    6   6   6   6   6   6   6   6   6   6   6   6   0   0   6   6   6   0   0   6  0.07 0.08
  183 S   -2  2  0 -1  0  4  0 -1  0  0 -2  0 -2 -2  1  1  0 -3 -3 -1    1  13   3   3   2  21   5   4   2   8   2   5   0   2   8  11   5   0   0   3  0.24 0.24
  184 E   -1 -1  0  1  1  1  3 -1  1 -3 -1  1 -2 -1  1  0  0 -3 -2 -2    3   0   5   7   4   6  20   4   4   0   8  11   0   2   8   7   6   0   0   3  0.19 0.20
  185 P   -1  0  0 -2 -3  0  0 -1  0  0  0  0  0 -3  4  0  1 -3 -3 -1    3   6   5   0   0   5   5   5   3   6  10   5   3   0  21   9   9   0   0   4  0.24 0.20
  186 A    1  0  0  1  2  0  0  0 -2 -1 -1  0  0 -2  2  1  0 -3  0  0   13   5   4   8   5   4   4   6   0   3   4   5   3   0  10   9   4   0   4   7  0.08 0.09
  187 R    0  1  1  1 -2  1  0  0  2 -2 -1  0 -1  0  1  0  0 -3 -1 -1    7   7   7   7   0   7   7   7   6   0   7   7   0   6   7   7   7   0   0   7  0.07 0.09
  188 P    0 -2  0  0  1  0  0  0  1 -3 -2 -2 -2 -3  5  1  0 -4 -3 -1    5   0   6   5   4   6   6   6   4   0   4   0   0   0  28  12   7   0   0   5  0.42 0.25
  189 S    0 -1  0  2  1  0  1 -1 -2  0 -1 -1 -2 -1  2  1  1  0 -2 -1    9   2   3  13   3   2  10   3   0   6   4   3   0   3  10  12  12   1   0   3  0.16 0.15
  190 S    1  0  1 -2  2 -2 -2  0 -2 -1 -1 -2 -2 -1  3  1  0 -3  1  0   16   6   8   0   6   0   1   7   0   4   5   1   0   3  14  13   7   0   5   5  0.17 0.17
  191 E    0  1  0  0 -4  1  2 -3  3 -3 -2  2 -3 -4  3  0 -1 -4 -3 -1    6   6   4   4   0   6  15   0   7   0   5  14   0   0  17   5   4   0   0   5  0.34 0.25
  192 G    0 -2  0  0  0  1  1  1  1  0 -1  0 -1 -1  1  0  0 -3  0 -1    7   0   4   4   3   8   9  15   4   9   5   6   0   3   6   6   4   0   3   3  0.07 0.09
  193 K    0  1 -2 -2 -3  1 -1  0 -2 -3  0  4 -2  0  0  1 -2 -3 -2 -1    8   7   0   1   0   6   1   5   0   1   9  35   0   4   4  15   1   0   0   4  0.31 0.24
  194 V    0  0 -2 -1  2  1  0 -2  0 -1  0 -1 -1  1  1  0  0  2  1  0    8   5   0   4   6   8   5   1   2   2  12   2   0   6   9   6   5   4   6  10  0.08 0.08
  195 T   -1  1 -1 -2  3  1  0 -2  2 -2  0  0 -1  0  2  0  1 -2  0 -2    1  11   1   1   9   9   5   1   6   1  11   6   0   4  11   8  11   0   4   1  0.16 0.12
  196 C    0 -1  1 -1  3  1 -1 -2 -1 -2  0  1 -1 -1  2  1  1 -2  2 -1   10   0   9   0   9   9   1   1   0   0  10  10   0   0  10  10  10   0   9   1  0.15 0.12
  197 D    0  1  1  1 -2  1  1  0 -1 -1 -1 -1 -1 -2 -2  0  1 -2  1  0    8   8   8   8   0   8   8   8   0   0   8   0   0   0   0   8   8   0   8   8  0.08 0.09
  198 I    1 -1 -2 -2  2 -1  1 -2 -2  2  1  1  0  1 -2 -1 -1 -2  1  1   14   0   0   0   5   0  12   1   0  21  10  13   0   9   0   1   1   0   4   7  0.08 0.09
  199 R    0  2  0 -1 -2  0  0 -2 -1 -1  0  1 -1  1 -2 -1  0 -1  1  0   12  17   5   1   0   1   9   1   0   1  12  14   0   6   1   1   4   0   8   9  0.09 0.07
  200 L    1 -1  1 -1 -1  1 -1 -1 -1 -1  1 -1  2 -1 -2  2  1 -2 -2 -1   13   1   7   1   0   8   1   1   0   1  23   1   9   0   1  22  12   0   0   1  0.14 0.09
  201 R   -1  3 -1 -1 -3  2  1 -2  2 -3 -2  2 -1 -2 -2  1  0  4 -1 -2    1  26   1   1   0  12   8   1   6   1   1  14   0   0   1  11   8   7   0   1  0.33 0.11
  202 V    1 -2 -2 -2 -2 -2 -2 -2 -2  2  0  0  0 -2  2  1 -1 -3 -2  3   10   1   0   1   0   0   1   1   0  13   6   8   0   0  12  13   1   0   0  32  0.22 0.13
  203 R   -1  4  0  0 -3  1  0 -2 -1 -2 -1  3 -2 -3  1  0 -1 -3 -2 -2    4  34   4   6   0   5   1   1   0   1   7  20   0   0   8   4   3   0   0   1  0.36 0.15
  204 A    1  0 -1  0 -2  1 -1  0 -1  0  0  0  0 -1 -1  0 -1 -2  0  0   22   7   0   6   0   8   1   7   0   6  13   4   0   0   2   6   1   0   6  10  0.05 0.06
  205 E   -1  1 -1  2 -3  2  4  0  2 -3 -3  1 -2 -3  1 -1 -1 -3 -2 -3    1  10   0  11   0  12  38   6   6   1   1   7   0   0   5   1   1   0   0   1  0.45 0.16
  206 Y    1 -2 -2 -3  2  0 -2 -2 -1  0  1 -2  2  2 -2 -1 -1 -1  3  1   17   1   0   1   5   7   1   1   0   4  17   1   7  11   1   1   1   0  17  11  0.17 0.11
  207 C    1 -2  0 -2  5 -2 -2  1 -2 -2 -1  0 -2 -2 -2  1 -1  5 -1 -2   13   1   5   1  21   0   1  13   0   1   8   7   0   0   1  14   2  12   0   1  0.36 0.15
  208 E    0 -1  0  2  2  2  3 -2  0 -2 -1 -1 -2 -3  1  0 -1 -3 -2 -2    8   1   4  15   7  11  28   1   1   1   6   1   0   0   7   7   1   0   0   1  0.30 0.12
  209 H    0 -1 -1 -2 -3  0 -1 -2  7 -3 -3  1 -2 -2 -2  2  0 -3  0 -1    6   1   0   1   0   2   1   1  41   1   1  10   0   0   1  20   6   0   3   6  0.63 0.26
  210 G    1  1 -1  0 -2  0  2  2 -1  0 -2 -1 -1 -2 -2  0  1 -3 -2  0   11  11   1   4   0   2  20  16   1   5   1   1   0   0   1   2  11   0   0  11  0.14 0.10
  211 P    0 -1  0  2  2 -1  1 -2 -2 -3 -3 -1 -2 -3  3  3  1 -4 -3 -2    7   1   4  12   5   0  12   1   0   0   1   0   0   0  16  30   9   0   0   0  0.40 0.18
  212 A    3 -2 -1  1 -2 -1  1 -1  1 -1 -2 -1 -2 -3  1  1  0 -3 -2  0   39   0   0   9   0   0  11   0   5   3   1   0   0   0   6   9   5   0   0   8  0.26 0.16
  213 L   -2 -3 -3 -3  3 -2 -1 -3 -3  1  4 -3  2 -1 -3  0 -2 -2  2 -1    1   0   0   0   6   0   5   1   0   7  52   1   5   0   0  10   1   0   8   1  0.43 0.25
  214 E    0  3 -1 -1 -3  2  0 -1  0  0 -1  0 -1 -1 -2  0 -1  4 -1  0    7  25   0   3   0  11   6   6   3   8   3   1   0   3   0   5   3   7   0   8  0.20 0.15
  215 Q   -1  0  1  0  2  2  0  2 -2 -2  0  2 -1 -3 -2  0 -1 -3 -2 -2    4   4   8   6   5  14   4  18   0   0  16  15   0   0   0   4   1   0   0   1  0.18 0.14
  216 G    0  1  4  1 -3  0 -1  3 -1 -3 -3  0 -2 -2 -2  0 -1 -3 -2 -1    6   9  29   6   0   3   1  24   0   1   1   6   0   2   1   5   1   0   0   5  0.36 0.17
  217 V   -1 -2 -3 -3 -2 -2  1 -3 -3  3  0  0 -1 -2  1 -2 -1 -4 -2  4    3   0   0   0   0   0  10   1   0  17   3   8   0   0   9   1   0   0   0  45  0.40 0.23
  218 A    1 -1 -1 -1 -2  0 -2 -1  1 -1  0 -2  0  3 -2  1 -1 -1  1  0   19   4   3   4   0   4   1   3   5   0   7   0   3  21   0  10   2   0   5   7  0.12 0.12
  219 S   -1  1 -1 -2 -3 -2 -2 -2 -2 -3 -3 -2 -2  2 -2  5  2 -3 -2 -2    1   9   0   0   0   0   1   1   0   0   1   0   0  10   0  60  13   0   0   3  0.67 0.35
  220 R   -1  2  4  3 -3 -1  0 -2 -1 -2 -1  0 -2 -3  0  0 -1 -4 -3 -1    2  12  32  17   0   0   5   1   0   1   6   5   0   0   3   8   2   0   0   4  0.39 0.20
  221 R   -2  4 -1  1 -4  0  1 -1  1 -4 -3  4 -3 -4  0 -1 -1 -4 -3 -3    1  24   0  10   0   0  10   4   4   0   1  36   0   0   5   1   2   0   0   1  0.56 0.25
  222 P    0  1  0  0 -3  4  0 -3  1 -3 -2 -1 -2 -4  5 -1 -2 -4 -3 -2    9   8   3   5   0  23   5   1   4   0   5   0   0   0  33   1   0   0   0   2  0.66 0.26
  223 Q   -2  1  1  4 -4  3  3  0  0 -4 -4 -1 -3 -4  0 -1 -1 -4 -3 -3    1   9   8  30   0  15  18   5   3   0   1   0   0   0   3   2   3   0   0   1  0.51 0.22
  224 A    1  1 -2 -2 -3 -2 -1  1 -1 -3 -1 -1 -2 -1  5  1 -2 -3 -3 -2   15  11   0   0   0   0   2  12   2   0   6   1   0   2  34  11   0   0   0   1  0.56 0.22
  225 L   -2 -3 -3 -3 -3 -3 -3 -4 -3  0  3 -1  0  3  3 -3 -2 -2  1  0    1   0   0   0   0   0   1   1   0   4  46   5   1  13  17   1   0   0   4   4  0.48 0.22
  226 A    1  0  0  1 -3  0  4  0 -2 -2 -3  0  0 -3 -1  0 -1 -3 -3 -1   18   5   5   4   0   0  35   9   0   0   1   5   3   0   2   3   3   0   0   5  0.29 0.17
  227 R   -2  6  1 -2 -3  1 -1 -3 -1 -4 -3  2 -3 -4  1 -2 -2 -4 -3 -3    0  68   7   0   1   4   0   0   0   0   1  11   0   0   6   0   0   0   0   0  0.98 0.28
  228 Q    0  0 -2 -2 -3  6  0 -3  1 -3  0 -1  1 -3  1 -1 -2 -3 -2 -3    8   1   0   0   0  63   0   0   2   0  11   0   5   0   6   0   0   0   0   0  0.78 0.29
  229 L   -1  0 -3 -3 -2 -2 -1 -3 -2  2  2 -2  2  4 -3 -2 -2 -1  0  1    5   6   0   0   0   0   6   0   0  12  26   0   8  27   0   0   0   0   0   7  0.29 0.13
  230 D   -2 -1  0  5 -4  0  4 -1  0 -4 -4  1 -3 -4 -2 -1  0 -4 -3 -3    0   0   0  39   0   0  33   4   3   0   1  10   0   0   0   0   7   0   0   0  0.67 0.21
  231 V   -1  2 -2 -3  3 -1 -2 -1 -2  1  1  1  1  0 -3 -1  0 -3 -2  2    0  15   0   0  11   0   0   4   0   5  18  10   3   3   0   0   6   0   0  22  0.15 0.10
  232 F   -1 -4 -4 -4 -3 -4 -4 -4 -2 -2 -1 -4 -2  8 -4 -3 -3 -1  2 -2    7   0   0   0   0   0   0   0   0   0   1   0   0  84   0   0   0   0   4   0  1.47 0.36
  233 G    0 -2  2  0 -2 -1  0  3 -1 -2 -1 -1 -1 -3 -2  1 -1 -3 -3  0    5   0  16   6   0   0   4  28   1   0  10   4   2   0   0  14   2   0   0   9  0.23 0.11
  234 Q   -2  3  1 -1 -4  5  2 -1 -1 -3 -1  1 -1 -3 -2 -1 -2 -3 -2 -3    0  23   6   0   0  49   9   5   0   0   7   2   0   0   0   0   0   0   0   0  0.57 0.17
  235 A    4 -2 -2 -3 -2 -2 -2 -1 -2 -2  0 -2 -1  2  1  0 -1 -2  1 -1   60   0   0   0   0   0   0   0   0   0   9   0   0  14   7   4   0   0   7   0  0.37 0.14
  236 T    0 -1  3 -1  4  0  0 -2 -1 -2 -2  0 -1 -3 -2  3  2 -3 -2 -1    0   0  19   0  11   5   3   0   0   0   0   7   1   0   0  35  13   0   0   6  0.32 0.11
  237 A    3 -2  2 -1 -2 -1 -1  2 -2 -2 -2 -1 -1 -3 -1  1  2 -3 -3 -1   40   0  17   0   0   0   0  17   0   0   1   0   2   0   1   5  16   0   0   0  0.34 0.11
  238 V    0 -2 -2 -3 -1 -2 -2 -1 -3  2  2 -2  1 -1 -2 -1  1 -2 -2  2    9   0   0   0   0   0   1   5   0  22  27   0   1   0   0   1  13   0   0  18  0.18 0.06
  239 L   -2 -3 -3 -3 -2 -2 -3 -4 -3  2  4 -3  1  0  2 -2 -2 -2 -2  0    1   0   0   0   0   0   1   1   0  14  68   0   0   0  11   1   0   0   0   1  0.49 0.13
  240 R    0  4 -1 -1 -3  0  1 -2  1 -3 -3  3 -2 -3  1  0 -1 -3 -2 -2    6  41   0   0   0   0   7   1   3   0   1  28   0   0   5   5   0   0   0   1  0.48 0.11
  241 S    2 -1  1 -1 -2  0 -1 -1 -1 -2 -2  1 -1 -2 -1  3  1 -2  1  0   18   0   6   0   0   0   1   1   0   0   1  15   0   0   0  34   8   0   7   6  0.21 0.08
  242 R    0  5 -2 -3 -3  1 -1 -3 -1  1 -2  1 -1 -3 -3 -1 -2  0 -2  0    8  61   0   0   0   4   0   0   0  14   0   6   0   0   0   0   0   1   0   6  0.57 0.16
  243 D   -1 -2  0  4  0 -1  3  0 -2  1 -2 -1 -2 -3 -2  0 -1 -4 -3  0    4   0   0  42   3   0  23   6   0  13   0   0   0   0   0   3   0   0   0   7  0.40 0.12
  244 L   -1 -3 -2  0 -2 -2 -2  2 -3 -1  3 -2  0 -2  4 -2 -2 -3 -3 -1    5   0   0   6   0   0   0  20   0   0  45   0   0   0  24   0   0   0   0   0  0.43 0.12
  245 G   -1 -3  1 -2 -3 -2 -3  6 -3 -5 -5 -2 -4 -4 -3  0 -2 -4 -4 -4    0   0   6   0   0   0   0  88   0   0   0   0   0   0   0   6   0   0   0   0  1.26 0.21
  246 S    0 -2 -1  0  5 -1  1 -2 -2 -2 -1 -1 -2 -3 -2  3  0 -3 -2 -2    1   0   0   5  22   0  13   0   0   0   7   0   0   0   0  48   3   0   1   0  0.45 0.14
  247 V   -2 -3 -4 -4  3 -3 -4 -4 -3  4  1 -3  0  3 -4 -3 -1 -2  1  3    0   0   0   0   7   0   0   0   0  35   3   0   0  21   0   0   0   0   4  29  0.45 0.12
  248 V   -2 -2 -2 -3  2 -2 -3 -4 -3  3  1  0  0  1 -3 -2 -1  4 -1  3    0   0   2   0   6   0   0   0   0  35  10   9   0   5   0   0   0   7   0  26  0.32 0.10
  249 C   -2 -5 -4 -5 10 -4 -5 -4 -4 -2  0 -4 -2  1 -4 -2 -2 -3 -2 -2    0   0   0   0  83   0   0   0   0   0   9   0   0   8   0   0   0   0   0   0  1.82 0.27
  250 D   -2 -2  3  4 -3 -1  0 -2  3 -2 -3 -1 -2 -3 -2  0  1 -4 -2  0    0   0  16  42   0   0   0   1  12   0   0   0   0   0   0   5  11   0   0  12  0.46 0.10
  251 I   -2 -3 -4 -4 -2 -3 -4 -4 -4  4  3 -3  1  1 -4 -3 -2 -2 -1  1    0   0   0   0   0   0   0   0   0  48  47   0   0   6   0   0   0   0   0   0  0.57 0.12
  252 K   -2  4 -1  1 -4  1  1 -2 -1 -4 -3  4 -2 -3 -2 -1 -2  5 -2 -3    0  25   0   8   0   5   6   0   0   0   0  46   0   0   0   0   0  10   0   0  0.60 0.12
  253 F    0 -4 -4 -4 -3 -4 -4 -4 -2 -1 -1 -4 -1  7 -4 -3 -3  0  2 -2   10   0   0   0   0   0   0   0   0   0   0   0   0  90   0   0   0   0   0   0  1.24 0.20
  254 S    0 -2  2 -1 -1 -1 -1 -2 -2 -2 -2 -1 -2  1  0  3  3 -3 -1  0    0   0  11   0   0   0   0   0   0   0   0   0   0   9   4  42  28   0   0   6  0.35 0.11
  255 E   -2  2  0  4 -4  3  4 -3 -1 -4 -4  0 -3 -4 -2 -1 -2 -4 -3 -3    0  16   0  28   0  13  44   0   0   0   0   0   0   0   0   0   0   0   0   0  0.69 0.12
  256 L   -2 -3 -4 -4 -2 -3 -3 -4 -4  1  4 -3  1 -1  1 -3 -2 -3 -2  2    0   0   0   0   0   0   0   0   0   2  71   0   0   0   9   0   0   0   0  18  0.54 0.12
  257 S    0 -2  1  2  5 -1  0  1  1 -3 -3 -1 -2 -3 -2  2  2 -3 -2 -2    2   0   5  13  19   0   7  12   5   0   0   0   0   0   0  18  19   0   0   0  0.31 0.08
  258 Y    0 -1  3 -2  1  1 -1 -2  4 -3 -3 -1 -2  0 -3  0 -1 -1  5 -2   10   0  19   0   4   9   0   0  16   0   0   1   0   0   0   4   0   0  36   0  0.46 0.12
  259 L   -2 -3 -4 -4 -2 -3 -4 -4 -3  1  5 -3  1  0 -4 -3 -2 -2  0  1    0   0   0   0   0   0   0   0   0   4  83   0   0   0   0   0   0   0   4   9  0.65 0.13
  260 D   -2 -1  0  5 -4  0  3 -2 -1 -4 -4  2 -3 -4 -2 -1 -2 -4 -3 -4    0   0   0  55   0   0  30   0   0   0   0  16   0   0   0   0   0   0   0   0  0.85 0.14
  261 A    4 -2 -1  0 -2 -1  2 -1 -2 -2 -2 -1 -2 -3 -2  1  1 -3 -2 -1   58   0   0   5   0   0  19   0   0   0   0   0   0   0   0   9   9   0   0   0  0.41 0.11
  262 F   -3 -4 -4 -5 -3 -4 -4 -4 -2 -1  1 -4 -1  7 -5 -3 -3  0  2 -2    0   0   0   0   0   0   0   0   0   0  10   0   0  90   0   0   0   0   0   0  1.29 0.20
  263 W   -4 -4 -5 -6 -4 -3 -4 -4 -3 -3 -1 -4 -2  0 -5 -4 -4 12  3 -4    0   0   0   0   0   0   0   0   0   0   6   0   0   0   0   0   0  85   9   0  2.81 0.29
  264 G    1  3  1 -1 -1  0 -1  2  4 -3 -3  0 -2 -3 -2  1 -1 -3 -2 -3   16  32  10   0   1   0   0  15  15   0   0   0   0   0   0  11   1   0   0   0  0.34 0.09
  265 D   -2  1  0  6 -4 -1  0  0 -2 -4 -4 -1 -4 -4 -2  0 -2 -5 -4 -4    0  10   0  76   0   0   0   8   0   0   0   0   0   0   0   6   0   0   0   0  0.97 0.16
  266 Y   -3 -3 -3 -4 -4 -2 -3 -4  4 -3 -2 -3 -2  2 -4 -3 -3  1  8 -2    0   0   0   0   0   0   0   0   9   0   0   0   0   0   0   0   0   0  91   0  1.58 0.24
  267 L   -1  0  1 -2 -2  1 -1 -3 -2  1  2 -1  1  1 -3  0  1 -2 -1  0    0   6  10   0   0   9   0   0   0  16  30   0   2   9   0   8  11   0   0   0  0.11 0.05
  268 S    0  1  3  2 -2 -1  0 -1 -1 -3 -3  0 -2 -3 -2  3  1 -4 -3 -3    0   9  22  14   0   0   0   0   0   0   0   2   0   0   0  48   6   0   0   0  0.47 0.11
  269 G   -1 -3  1 -1 -3 -2  0  6 -2 -5 -4 -2 -3 -4 -3 -1 -2 -4 -4 -4    0   0  10   0   0   0   9  81   0   0   0   0   0   0   0   0   0   0   0   0  1.08 0.15
  270 A    3 -1  0 -1 -2  1 -1 -1 -1 -3 -3  0 -2 -3 -2  3  0 -3 -2 -2   40   0   4   2   0  10   0   0   0   0   0   6   0   0   0  38   0   0   0   1  0.39 0.11
  271 L   -2 -3 -4 -5 -2 -3 -4 -5 -4  1  5 -3  1  0 -4 -3 -2 -3 -2  0    0   0   0   0   0   0   0   0   0   0 100   0   0   0   0   0   0   0   0   0  0.88 0.17
  272 L   -1  2 -2 -2 -2 -1 -1 -2 -2  0  3  1  0 -1 -2  1  0 -3 -2 -1    0  20   0   0   0   0   0   1   0   0  45  10   0   0   0  23   1   0   0   0  0.23 0.09
  273 Q   -1  0 -1  2 -4  2  4 -2 -1 -3 -3  3 -2 -3 -2 -1  0 -3  0 -3    1   1   0   9   0  11  40   0   0   0   0  25   0   0   0   0   9   0   5   0  0.47 0.10
  274 A    4 -2 -2  1 -1 -2 -1 -1 -2  0 -1 -2 -1 -2 -2  0  1 -3  0  0   62   0   0  10   0   0   0   0   0   9   6   0   0   0   0   1   8   0   5   0  0.31 0.11
  275 L   -2 -3 -4 -4 -2 -3 -4 -5 -4  2  5 -3  2  0 -4 -3 -2 -2 -2  0    0   0   0   0   0   0   0   0   0   5  92   0   2   0   0   0   0   0   0   0  0.79 0.15
  276 R    0  2  0 -1 -3  0  1 -2 -1  0 -1  3  2 -3 -2  0  2 -3 -2 -1    6  12   2   0   0   0  11   0   0   6   0  32  14   0   0   0  17   0   0   0  0.24 0.08
  277 G    1  1  1  0 -3  0 -1  4 -2 -3 -3  1 -2 -3 -2  0 -1 -3 -3 -2   12   8   9   6   0   6   0  43   0   0   0  10   0   0   0   5   0   0   0   2  0.42 0.07
  278 V   -1 -2  1 -2 -2 -2  0 -3 -3  2  1 -2  1 -1 -3 -2 -1 -3 -2  4    0   0  11   0   0   0   8   0   0   5   9   0   4   1   0   0   0   0   0  60  0.30 0.10
  279 F   -2 -3 -4 -4 -2 -3 -4 -4 -3  0  4 -3  1  5 -4 -3 -2 -1  1  0    0   0   0   0   0   0   0   0   0   1  53   0   0  44   0   0   0   0   0   1  0.67 0.13
  280 L   -2 -1 -4 -4 -2 -3 -3 -4 -3  4  3 -3  1 -1 -3 -3 -1 -3 -2  2    0   5   0   0   0   0   0   0   0  52  31   0   0   0   0   0   0   0   0  10  0.46 0.10
  281 T    1 -2  0 -2 -2 -1 -2 -2  1 -2 -2 -1 -2 -3 -1  1  5 -3 -2 -1   10   0   2   0   0   0   0   0   5   0   0   0   0   0   1   5  76   0   0   0  0.65 0.16
  282 E   -2 -2  0  5 -4  0  4 -2 -1 -4 -4 -1 -3 -4  2  0 -1 -4 -3 -3    0   0   0  46   0   0  36   0   0   0   0   0   0   0   9   6   0   0   0   0  0.77 0.13
  283 A    1  0  0  3 -2  0  2  0 -1 -3 -3  0 -2 -3 -2  2  0 -4 -3 -2   13   5   0  19   0   0  20   6   0   0   0   4   0   0   0  31   2   0   0   0  0.34 0.08
  284 L   -2 -2 -1 -3 -2 -2 -3 -3 -3  0  4 -1  4 -1 -3 -1  0 -2 -2  0    0   0   5   0   0   0   0   0   0   0  57   6  23   0   0   4   5   0   0   0  0.40 0.11
  285 R   -2  5 -1 -2 -3  2  0 -2  2 -3 -3  3 -2 -3 -2 -1  0 -3 -2 -3    0  42   0   0   0   9   0   0   5   0   0  28   0   0   0   0   6   0   0   0  0.51 0.12
  286 E    1  2  0  0 -2  3  2 -2 -1 -3 -2  1  0 -3 -2  2  0 -3 -2 -2   17  14   1   1   0  18  13   0   0   0   1  10   3   0   0  20   1   0   0   0  0.29 0.07
  287 A    4  0 -3 -3 -2 -2 -2 -1 -2 -1  1 -2 -1  2 -1  0 -1 -2 -1 -1   63   6   0   0   0   0   0   0   0   0  15   0   0  15   1   0   0   0   0   0  0.35 0.12
  288 V    2 -2 -3 -2 -2 -1  1 -2 -3  1 -1 -2 -1  0 -2 -1 -1 -3 -2  3   31   0   0   0   0   0  14   0   0   0   0   0   0   5   0   0   0   0   0  49  0.28 0.11
  289 G   -1 -3 -1 -2 -3 -2  0  6 -3 -5 -4 -2 -3 -4 -3 -1 -2 -3 -4 -4    0   0   0   0   0   0  10  89   0   0   0   0   0   0   0   0   0   0   0   0  1.22 0.17
  290 R    0  2  0 -1 -3  1  0  3  5 -3 -3  0 -2 -3 -2  0 -1 -3 -1 -3    7  17   3   1   0  10   6  27  22   0   0   0   0   0   0   4   3   0   0   0  0.36 0.08
  291 E    0 -1 -1  2 -4  1  5 -2  0 -4 -3  0 -3 -4 -2 -1 -1 -4 -3 -3   10   0   0   7   0   0  80   0   2   0   0   0   0   0   0   0   0   0   0   0  0.82 0.12
  292 A    2 -1 -1  3 -2 -1  1  1 -2 -2 -3 -1 -2 -3 -1  1  1 -3 -3 -2   38   3   0  21   0   0  10  11   0   0   0   0   0   0   0   3  13   0   0   0  0.27 0.06
  293 V   -1 -3 -4 -4 -2 -3 -3 -4 -4  4  2 -3  1 -1 -3 -3 -1 -3 -2  3    0   0   0   0   0   0   0   0   0  41  24   0   1   0   0   0   0   0   0  35  0.47 0.08
  294 R   -2  4 -1 -1 -2  1  1 -3 -1 -2 -2  3  1 -2 -2 -1 -1 -2  2 -2    0  32   0   0   1   3  12   0   0   0   0  32  10   0   0   0   0   0  10   0  0.40 0.08
  295 L   -2 -3 -4 -4 -2 -3 -3 -4 -3  2  4 -3  1  2 -3 -3 -2 -2 -1  1    0   0   0   0   0   0   0   0   0  10  66   0   1  12   0   0   0   0   0  11  0.48 0.08
  296 L   -1  1 -2 -3 -2 -1 -2 -3  2  0  4 -1  1 -1 -3  0 -1 -2 -1  0    0  11   0   0   0   0   0   0  10   0  64   0   3   0   0  12   0   0   0   0  0.30 0.08
  297 V   -1 -3 -4 -4 -1 -3 -3 -4 -4  3  0 -3  1 -1 -3 -2 -1 -3 -2  5    0   0   0   0   0   0   0   0   0  10   0   0   3   0   0   0   0   0   0  87  0.63 0.12
  298 S   -1  2  3  0 -3  0  2 -1 -1 -3 -3  0 -2 -3 -2  3  0 -4 -2 -3    0  12  27   0   0   0  24   0   0   0   0   0   0   0   0  36   0   0   0   0  0.43 0.07
  299 V   -1 -3 -3 -4 -1 -3 -3 -4 -4  2  0 -3  3 -1 -3 -2 -1 -3 -2  5    0   0   0   0   0   0   0   0   0   0   0   0  13   0   0   0   0   0   0  87  0.59 0.11
  300 D   -2  1  0  6 -4 -1  1 -2 -2 -3  0 -1 -2 -3 -2 -1 -2 -4 -3 -3    0  11   0  75   0   0   1   0   0   0  13   0   0   0   0   0   0   0   0   0  0.76 0.10
  301 E   -2 -1 -1  2 -4  3  5 -3  0 -3 -3  0 -2 -2 -2 -1 -1 -2  2 -3    0   0   0  13   0  19  57   0   0   0   0   0   0   0   0   0   0   0  11   0  0.63 0.09
  302 A    0 -1  2  4 -3  0  2 -1 -1 -3 -3 -1 -3 -3 -2  1 -1 -4 -3 -3   12   0  13  38   0   0  21   2   0   0   0   0   0   0   0  14   0   0   0   0  0.49 0.06
  303 D    0 -2  0  6 -4  0  2 -2 -2 -3 -4 -1 -3 -4 -2 -1 -1 -4 -3 -3   13   0   0  74   0   0  13   0   0   0   0   0   0   0   0   0   0   0   0   0  0.87 0.10
  304 Y   -2 -2 -2 -3 -3 -2 -3 -4  1 -2 -2 -2 -2  2 -3 -1  1  1  8 -2    0   0   0   0   0   0   0   0   0   0   0   0   0   0   0   1  13   0  86   0  1.12 0.15
  305 E   -2  2 -1  1 -4  2  5 -3 -1  0 -2  0 -2 -3 -2 -1 -1 -3 -2 -2    0  14   0   0   0   4  70   0   0  11   1   0   0   0   0   0   0   0   0   0  0.60 0.09
  306 A    1  2 -1  2 -2  0  2 -2  3 -1 -1  0 -1 -2 -2  0 -1 -3 -1  0   21  14   0  13   0   2  15   0  14   0   8   5   0   0   0   0   0   0   0   8  0.16 0.04
  307 G    0 -3 -1 -2 -3 -2 -2  5 -2 -2 -3 -2 -2 -3 -1 -1 -2 -3 -3  0    0   0   0   0   0   0   0  74   0   0   0   0   0   0   2   0   0   0   0  11  0.70 0.09
  308 R   -2  6 -1  1  4  0 -1 -3 -1 -3 -3  1 -2 -3 -3 -1 -2 -3 -2 -3    0  73   0  11  14   2   0   0   0   0   0   0   0   0   0   0   0   0   0   0  0.73 0.10
  309 R   -2  4 -1 -2 -2  2 -1 -3 -1 -1  1  1  0  1 -3 -1 -1 -2 -1 -2    0  45   0   1   1  15   0   0   1   0  16   3   3  11   0   3   0   0   0   1  0.32 0.06
  310 R   -1  2  0  1 -3  2  0 -2  0 -1  1  2  0 -2 -2  0 -1 -3 -2 -1    0  14   0  13   0  12   0   0   2   2  21  22   0   0   0  11   1   0   0   1  0.16 0.04
  311 L   -2 -3 -3  1 -2 -2 -2 -4 -3  1  4 -3  1  0 -3 -3 -2 -2 -2  0    0   0   0  11   0   0   0   0   0   0  86   0   0   0   0   0   0   0   0   2  0.51 0.09
  312 L   -1 -2 -3 -3 -2  1 -2 -3 -2  1  3 -2  2  0 -1 -2 -1 -2 -1  2    1   0   0   0   0  14   0   0   0   1  56   0   9   0   2   0   1   0   0  17  0.29 0.05
  313 L   -1  3 -1  1 -1  0  0 -3 -2  0  1  0  1 -2 -2 -1 -1 -3 -2  1    0  26   1  15   2   3   5   0   0   0  19   2   7   0   0   1   2   0   0  18  0.14 0.04
  314 M    1  0  4 -1 -2 -1 -1 -1 -1 -2 -2 -1  2 -2  2  1  0 -3 -2 -2   16   6  35   0   0   0   0   1   0   0   0   0  15   1  13  13   1   0   0   0  0.31 0.07
  315 E    0 -1 -1 -1 -2  1  2 -2  0 -1  1 -1  0  0 -2  2  0 -1  3 -1    2   0   0   0   0   5  20   1   1   0  24   0   0   0   0  27   0   0  20   2  0.17 0.05
  316 E    0  0  2  2 -1  1  2 -1  0 -2 -2  0 -1 -3 -2  1  1 -3 -2 -1    3   3  17  15   2   4  22   2   2   1   1   1   1   0   0  10  10   0   0   9  0.22 0.03
  317 E    0  1  1  1 -3  2  3 -2  0 -2 -2  2 -1 -3 -1  0  1 -3 -2 -2    5   3   8   7   0  12  23   0   2   1   2  17   1   0   1   0  18   0   0   0  0.28 0.04
  318 G    3 -2  0 -1 -2 -1 -1  4 -2 -3 -3 -1 -2 -3 -1  1 -1 -3 -3 -2   36   0   3   3   0   2   1  44   0   0   0   0   0   0   1  10   0   0   0   0  0.50 0.05
  319 G    0 -2 -1 -1 -3  2 -1  5 -2 -4 -4 -1 -3 -4 -2  0 -2 -3 -3 -3    0   0   0   0   0  18   1  76   0   0   0   0   0   0   0   5   0   0   0   0  0.86 0.07
  320 R   -1  6 -1 -2 -4  2  0 -1  1 -3 -3  1 -2 -3 -2 -1 -1 -3 -2 -2    5  74   0   0   0   8   3   4   4   0   0   0   0   0   0   0   1   0   0   1  0.67 0.08
  321 R    0  3  0 -1 -2  0 -1  2  0 -2 -2  2 -1 -3  0  1  0 -3 -2 -2    6  30   4   0   1   0   0  18   2   2   0  19   1   0   5   9   5   0   0   0  0.27 0.03
  322 P    0 -1 -1 -1 -3  1  1  0 -2 -3 -2 -1 -2 -3  6  1 -1 -3 -3 -2    5   3   0   2   0   8   8   9   0   0   2   0   0   0  51  12   0   0   0   0  0.85 0.04
  323 T   -1 -1  0 -1 -2 -1 -1  0 -2 -2 -2 -1 -1 -3  5  1  3 -3 -2 -1    0   4   5   0   0   0   0   5   0   0   0   0   3   0  37   7  35   0   0   4  0.61 0.04
  324 E   -1  0  0  1 -3  3  4  0  0 -3 -2  1  0 -3 -1  0  0 -3 -2 -2    0   0   0   0   0  15  60   7   0   0   0   5   6   0   0   0   7   0   0   0  0.45 0.02
  325 A    4 -2 -2 -2 -1 -1 -1  1 -2 -2 -2 -1 -1 -3 -1  1  0 -3 -2  0   92   0   0   0   0   0   0   8   0   0   0   0   0   0   0   0   0   0   0   0  0.42 0.02
  326 S    1 -1  1  0 -1  0  0  0 -1 -2 -3  0 -2 -3 -1  4  2 -3 -2 -2    0   0   0   0   0   0   0   0   0   0   0   0   0   0   0  92   8   0   0   0  0.46 0.01

                      K         Lambda
Standard Ungapped    0.1335     0.3178
Standard Gapped      0.0384     0.2670
PSI Ungapped         0.1244     0.3050
PSI Gapped           0.0384     0.2670
