
Last position-specific scoring matrix computed, weighted observed percentages rounded down, information per position, and relative weight of gapless real matches to pseudocounts
           A  R  N  D  C  Q  E  G  H  I  L  K  M  F  P  S  T  W  Y  V   A   R   N   D   C   Q   E   G   H   I   L   K   M   F   P   S   T   W   Y   V
    1 M   -1 -2 -3 -4 -2 -1 -3 -4 -2  2  1 -2  7 -1 -3 -2 -1 -2 -2  1    0   0   0   0   0   0   0   0   0  12   0   0  79   0   0   0   0   0   0   9  0.64 0.10
    2 S    2 -1 -1 -1 -2  3  0  0 -1 -3 -3 -1 -2 -3  1  3  0 -3 -3 -2   28   0   0   0   0  26   0   6   0   0   0   0   0   0   7  34   0   0   0   0  0.43 0.12
    3 Q   -3 -1  0 -2 -5  7  0 -4  0 -4 -3  0 -2 -1  0 -1 -2 -3  2 -4    0   0   3   0   0  75   2   0   1   0   1   1   0   2   4   4   0   0   7   0  1.17 0.32
    4 P   -2 -3  0 -3 -5  0 -3 -4 -4 -5 -4 -1 -4 -5  8  1 -2 -6 -5 -4    0   0   4   0   0   5   0   0   0   0   1   2   0   0  75  13   0   0   0   0  1.88 0.37
    5 S    2 -2 -2 -2 -3  1 -2  2 -3 -3 -4 -2 -3 -4  4  3  0 -4 -3 -2   19   0   0   0   0   8   0  17   0   0   0   0   0   0  21  28   4   0   0   3  0.55 0.20
    6 G    1 -1 -2 -3 -4 -3 -3  4 -3 -3 -2 -2 -3  1  4 -1 -2 -3  0 -2   10   4   0   0   0   0   0  44   0   1   2   1   0   7  21   2   0   0   4   3  0.66 0.21
    7 G    0  0  0 -2 -3 -1 -2  3  3 -2 -2 -2 -2  0  1  1 -1  3  1 -1    9   6   5   0   0   2   0  24  11   1   3   0   1   4   6  11   3   5   4   4  0.22 0.11
    8 R    0  1  0 -2 -4  4 -1  1 -1 -3 -3 -1 -1 -2  4  0 -2 -2  0 -3    5   9   3   0   0  25   1  13   1   0   2   1   1   2  25   8   0   1   4   0  0.52 0.20
    9 A    2 -1 -3 -3 -2 -1 -2  0 -3 -2 -2 -1 -2  2  4 -1 -2  3  0 -1   28   3   0   0   1   3   1   8   0   1   3   2   0  11  24   3   0   5   4   4  0.41 0.17
   10 P   -1 -4  3 -3 -5 -2 -3 -3 -4 -5 -4 -3 -5 -6  8 -1 -3 -6 -5 -4    4   0  14   0   0   2   0   1   0   0   1   0   0   0  75   2   0   0   0   1  1.96 0.44
   11 G    0 -1 -1 -2 -3  0 -2  3 -2 -2 -2 -1  1  0  3  1 -1 -3  0 -2    6   3   1   0   0   4   0  27   0   1   3   3   5   4  17  16   3   0   3   2  0.34 0.15
   12 T    2 -1  1 -2  0  2 -1 -1  1  0 -2 -1 -2 -1 -1  2  1 -3  0 -1   22   2   6   1   2  15   0   2   4   6   0   0   0   3   3  17  10   0   4   3  0.18 0.13
   13 R    0  1 -1 -2 -2  3 -1  0  3 -2 -2 -1  1 -1  4  0  0  0 -1 -2    5   8   2   0   1  17   0   9  10   1   3   1   6   2  20   6   5   1   1   2  0.31 0.15
   14 I    0 -2 -1 -2  0 -1 -2 -2  0  2 -1 -2  2  2  2  1  1 -2 -1  0    6   2   1   0   2   2   2   3   3  18   1   1   8  12  11  13   9   0   1   6  0.14 0.11
   15 Y    1 -1 -1 -3  1 -1 -2  0 -1  0 -2 -2  0  0  4  0  2 -3  0 -1   15   2   2   0   4   3   0   8   1   6   1   0   3   4  24   3  14   0   5   3  0.32 0.14
   16 S    2 -2 -1 -2 -3  3 -1  1 -2 -2 -2 -1  2 -3  3  1 -1 -3 -3 -2   18   1   2   0   0  18   0  13   1   1   1   2   8   1  17  14   1   0   0   1  0.37 0.18
   17 W    1 -2  0 -1 -3 -1 -2  1  0 -2 -2 -2  0 -1  4  0  2  4  1 -1   10   0   3   2   0   3   0  12   3   1   1   1   3   2  22   5  18   6   5   4  0.35 0.15
   18 S    0  0  1 -1  0  0 -1  0 -1  0 -1  1  0  0  2  1  0 -3 -1  1    7   5   7   2   2   3   0   7   1   6   1   9   2   5  11  12   7   0   1  13  0.09 0.06
   19 C    1 -3 -2 -3  4  0 -2 -2 -2  3  0 -2  1  1  0 -1  0 -3 -1  1   17   0   1   0  11   5   1   2   0  25   4   1   4   6   5   4   5   0   2   6  0.21 0.14
   20 P   -2 -3 -1 -3 -5  2 -3  0  5 -4 -3 -2 -4 -1  6 -2 -3 -5 -2 -3    3   1   2   0   0   9   0   8  18   0   2   2   0   3  49   2   0   0   0   1  1.19 0.35
   21 T    2 -2 -2 -2 -2  1 -2  2 -1 -2 -1 -2  0 -3  1  1  3 -4 -1 -2   21   1   0   2   0   6   0  16   1   2   4   0   2   0   7   8  26   0   2   0  0.31 0.19
   22 V    1 -2 -2 -3 -2 -1 -3 -2  0 -1 -1 -3  1  2  4 -1 -1 -2  4  2   11   1   2   1   1   4   0   1   3   0   5   0   4  10  19   3   3   0  16  18  0.35 0.19
   23 M    0 -3 -3 -2 -4  3 -2  0  1 -3 -1 -3  6 -1  4 -1 -3 -4  0 -1    6   0   0   2   0  14   1   6   4   0   3   0  30   3  21   3   0   0   4   3  0.67 0.36
   24 S    1 -2 -1  0 -2  0 -1  1  0 -4 -4 -2 -1  1  0  4  1 -4  1 -3   12   1   1   5   0   4   2  11   3   0   0   0   1   7   4  38   7   0   4   1  0.38 0.26
   25 P    0 -4 -2 -4 -2 -2 -3 -3 -3 -3 -3 -3 -1 -3  7  0  1 -5 -2 -2    9   0   1   0   1   1   1   1   0   1   2   0   2   1  59   6  10   0   1   2  1.37 0.46
   26 G    1 -3 -1 -2 -4  0 -2  5 -1 -3 -4 -2 -4 -5  4  0 -2 -4 -4 -3   13   0   3   1   0   4   1  43   1   1   1   1   0   0  20   5   2   0   0   1  0.78 0.31
   27 E   -1 -2 -1 -1 -2  3  3  2  0 -3 -3 -1  0 -2  2 -1 -1 -3  1 -2    5   0   2   2   1  18  21  16   2   0   0   2   4   2  12   3   3   0   5   3  0.35 0.22
   28 K    0  0  0 -2  0  4  1 -1  1 -3 -3  2 -3 -2  2  0  0 -3 -1 -3    6   2   3   1   3  25   8   5   3   1   1  17   0   1  11   5   4   0   3   0  0.36 0.23
   29 L    0 -2 -3 -4 -2 -2 -3  0  0  0  3 -3  4  0  1 -2 -2 -3  1 -1    8   2   0   0   0   2   0   7   2   4  34   1  16   2   9   2   1   0   6   3  0.34 0.21
   30 D   -1 -1  2  3  0  1 -1 -1 -1 -3 -2 -2  0  3  1  0 -1 -3  0 -2    5   4  10  17   2   9   2   3   1   1   3   0   3  19   8   8   2   0   3   1  0.24 0.18
   31 P   -2 -4 -1 -3 -4  1 -1 -3 -3 -5 -4 -2 -3 -4  7  2 -2 -5 -5 -4    3   0   3   1   0   6   3   1   0   0   1   2   1   1  61  16   1   0   0   1  1.52 0.50
   32 I    0 -2  1 -2  0  0 -2 -2 -2  1  2 -2  1  0  0  0  0 -2  0  0    9   0   9   0   2   5   1   2   0  11  27   0   3   4   5   7   6   0   3   3  0.12 0.12
   33 P   -3 -4  1 -2 -5  0 -2 -2 -2 -5 -5 -2 -1 -3  7  0 -2 -5 -4 -4    0   0   7   1   0   4   1   3   1   0   1   1   2   1  66   7   2   0   1   1  1.66 0.53
   34 D    0  0  0  3 -1  0  0  0 -2 -1  0 -1  0 -2  2  0  0 -3 -2 -1   11   5   3  21   1   5   2   6   0   1  10   2   4   1  11   4   8   0   1   4  0.16 0.11
   35 S    2 -2 -1 -1 -1 -1 -1  0 -2  0 -1 -1  0 -2  1  2  1 -3 -1 -1   23   1   2   4   1   1   3   5   0   7   6   3   3   1   8  16  11   0   2   3  0.16 0.12
   36 F   -2 -3 -3 -3 -1 -1 -3 -2 -2 -2 -1 -3  0  6  3 -2 -2 -2  2 -2    3   1   1   1   2   3   2   2   1   2   4   1   3  45  15   3   2   0   7   3  0.78 0.31
   37 I   -1 -2 -1 -3 -3 -2 -3 -2 -2  3  0 -3  4 -1  3 -1  0 -3  2  2    3   2   4   0   0   1   1   3   1  18   6   0  16   2  14   4   5   0   8  13  0.32 0.21
   38 L   -1 -3 -2 -4 -3  0  0 -2 -4 -2  3 -3  3  0  4 -1 -1 -2 -3 -2    4   0   1   0   0   6   5   4   0   0  34   0   9   5  21   4   4   1   0   1  0.47 0.28
   39 Q    1 -1 -2 -4 -6  8 -2  2 -4 -6 -5 -2 -2 -6 -2 -3 -4 -4 -4 -3   11   2   1   0   0  65   1  13   0   0   0   1   1   0   2   1   0   0   0   1  1.53 0.68
   40 P    0 -2  2 -3 -5  5 -2 -4 -2 -5 -4  0 -3 -4  6 -2 -2 -6 -3 -5    7   1  11   1   0  28   2   0   1   0   1   5   1   1  35   2   2   0   1   0  1.07 0.51
   41 P   -4 -5 -6 -5 -6 -4 -5 -6 -6  0 -5 -4 -4 -6  8 -3  2 -7 -5  0    1   0   0   0   0   1   0   0   0   5   0   0   0   0  72   2  11   0   0   6  2.11 0.78
   42 V   -1 -5 -3 -5 -2 -3 -5 -5 -2  4 -2 -5 -1  3 -5 -3  2 -3  4  4    4   0   1   0   1   1   0   0   1  23   1   0   1  14   0   1  13   0  12  27  0.74 0.39
   43 F   -4 -4 -2 -5 -2 -3 -5 -6  2 -2  2 -5  1  4 -3  0 -3 -1  7 -1    1   1   2   0   1   1   0   0   4   1  18   0   3  17   1   7   1   0  37   4  0.97 0.46
   44 H   -4 -4  8 -2 -4 -2 -4 -3  4 -5 -7 -3 -6 -3 -4  1 -2 -6  0 -6    1   0  66   1   0   1   0   1  10   0   0   1   0   1   1   9   3   0   4   0  1.74 0.71
   45 P   -5 -5 -6 -6 -7 -2 -5 -5 -6 -5 -4 -4 -6 -7  9 -5 -5 -7 -3 -6    0   0   0   0   0   2   0   1   0   1   2   1   0   0  91   1   0   0   1   0  2.95 0.99
   46 V    0  0 -3 -4 -2 -2 -3 -2 -3  1 -2 -2  0 -4  2  1  3 -5 -4  4    6   5   1   0   1   1   0   3   0   8   1   2   2   0   9  11  20   0   0  28  0.40 0.29
   47 V   -3 -6 -6 -6 -4 -5 -6 -6 -6  6  3 -5  0 -3 -5 -4 -2 -5 -3  4    1   0   0   0   0   0   0   0   0  42  22   0   2   0   0   1   2   0   0  28  1.20 0.50
   48 P   -6 -6 -7 -6 -7 -6 -6 -7 -7 -7 -6 -6 -7 -8  9 -3 -6 -8 -8 -7    0   0   0   0   0   0   0   0   0   0   1   0   0   0  96   2   0   0   0   0  3.29 1.10
   49 Y   -6 -5 -7 -7 -4 -6 -7 -7  0 -5 -5 -6 -2  7 -7 -6 -6 -3  8 -5    0   1   0   0   0   0   0   0   2   0   0   0   1  41   0   0   0   0  54   0  2.55 0.89
   50 V    0 -2  1 -3  1 -1 -2 -4  1  0 -1 -1 -1 -2 -4  2  3 -4  0  3    6   1   7   0   2   3   1   0   3   4   4   3   1   1   0  14  19   0   3  27  0.34 0.28
   51 T   -2 -1 -2 -4 -1  0 -3  6 -5 -6 -5  0 -2 -6 -5 -1  2 -6 -6 -4    3   3   1   0   1   5   1  61   0   0   1   6   1   0   0   3  12   0   0   1  1.17 0.53
   52 T   -1 -2 -3 -4 -1  0 -3 -3 -1 -2 -4 -2 -3 -4  5  1  5 -6 -5 -3    4   2   0   0   1   3   1   2   2   3   1   2   1   1  28   8  41   0   0   1  0.99 0.52
   53 I   -5 -7 -7 -7 -5 -7 -7 -8 -7  8  1 -7 -2 -3 -7 -6 -4 -7 -5  0    0   0   0   0   0   0   0   0   0  84   9   0   0   1   0   0   1   0   0   5  2.24 0.80
   54 F   -2 -3 -2 -3 -5  4 -3 -5  3 -3  1 -2 -3  3  5 -1 -3 -2  0 -3    3   1   2   1   0  17   0   0   6   1  14   1   0  13  31   4   1   1   3   2  0.78 0.43
   55 G   -3 -4 -4 -1 -2 -4  0  7 -2 -7 -7 -4 -6 -7 -6 -3 -4 -6 -5 -7    1   1   0   3   1   1   7  82   1   0   0   1   0   0   0   1   1   0   0   0  1.97 0.74
   56 G   -2 -2 -4 -4 -1  1 -4  7 -4 -7 -7 -5 -6 -7 -4 -2 -5 -6 -7 -6    2   2   0   1   1   7   1  81   0   0   0   0   0   0   1   2   0   0   0   1  1.91 0.73
   57 L   -5 -6 -7 -7 -5 -6 -7 -7 -7 -1  7 -6  1 -1 -7 -6 -5 -6 -5 -2    0   0   0   0   0   0   0   0   0   2  90   0   3   2   0   0   0   0   0   2  1.94 0.75
   58 H   -2  3  0 -2 -1  4  0 -3  5 -3 -2  0 -2 -3 -3  1 -1 -1  0 -1    2  17   3   2   1  21   6   1  14   0   4   4   1   1   0  11   3   1   4   6  0.48 0.32
   59 A    0 -4 -2  3 -5 -2  2 -5 -3 -3 -4 -3 -4 -6  6 -2 -2 -6 -5  1   10   0   2  16   0   1  15   0   0   2   1   0   0   0  38   2   2   0   0  11  0.98 0.49
   60 G   -3 -3 -4 -4 -4 -6 -4  7 -6 -8 -7 -4 -5 -7 -6 -2 -6 -7 -7 -5    1   2   0   1   0   0   1  91   0   0   0   1   0   0   0   2   0   0   0   1  2.34 0.84
   61 K   -3  0 -3 -2 -2 -1  2 -5 -2 -3  1  4  5 -1 -4 -1  1 -5 -4 -3    1   5   0   2   1   2  14   0   1   0  14  26  19   2   0   3   9   0   0   1  0.60 0.39
   62 M   -2 -3 -2 -3 -3  3 -2 -5 -3 -1  2 -2  6 -3 -4  3  1 -5 -4 -2    2   1   1   1   0  13   2   0   0   3  16   2  25   0   0  24   7   0   0   1  0.68 0.44
   63 V   -5 -7 -7 -7 -4 -5 -7 -6 -7  7 -1 -6 -3 -4 -6 -6 -4 -7 -5  5    0   0   0   0   0   1   0   0   0  55   3   0   0   0   0   0   0   0   0  40  1.81 0.70
   64 M   -3 -5 -4 -4 -4 -3 -4 -6 -2  2  1 -4  4 -1 -4 -3  3 -4  5  3    1   0   1   1   0   1   1   0   1  13  10   0   9   1   0   1  21   0  19  22  0.72 0.41
   65 L   -4 -6 -7 -7 -5 -6 -7 -6 -7  7  1 -6 -1 -4 -6 -5 -4 -6 -5  4    0   0   0   0   0   0   0   1   0  60  13   0   1   0   0   0   0   0   0  25  1.63 0.64
   66 Q   -3  2  1 -3 -2  7 -1 -5  4 -2 -4  0 -4 -6 -5  1 -1 -6 -4 -5    1  10   7   1   1  49   2   0   9   2   1   4   0   0   0  10   4   0   0   0  1.16 0.59
   67 G   -3 -7 -5 -6 -7 -5 -7  8 -3 -8 -8 -5 -7 -8 -7 -5 -6 -7 -7 -6    2   0   0   0   0   0   0  96   1   0   0   0   0   0   0   0   0   0   0   0  2.65 0.92
   68 V   -1  2 -2 -4  0 -2 -2 -4  3 -1 -2 -2  0 -1 -4  1  4 -5 -2  3    5  10   2   0   2   2   1   1   9   2   1   1   3   3   0  11  26   0   1  21  0.46 0.34
   69 V    1 -5 -6 -7 -3 -6 -6 -6 -7  2 -2 -4 -3 -4 -2 -4 -3 -7 -5  7   12   0   0   0   1   0   0   0   0  11   1   1   0   0   3   0   1   0   0  70  1.51 0.66
   70 P   -3 -4  0 -4 -2 -1 -3 -5  2 -4  2 -2 -4 -5  7  1 -3 -6 -3 -5    1   0   4   1   1   3   1   1   4   1  17   2   0   0  51  11   1   0   1   0  1.25 0.58
   71 L   -2 -1  0  1  0  0  2 -2  3 -4 -1  0 -3 -3  4  2 -2 -5 -1 -4    2   2   4   7   2   3  12   3   7   0   8   5   0   1  19  21   1   0   2   0  0.40 0.29
   72 D   -3 -2  2  5 -5 -2 -1  1  6 -6 -6 -2 -5 -2 -2  1 -2 -6 -2 -6    1   2  10  30   0   1   3  13  19   0   0   2   0   2   1  13   2   0   1   0  0.83 0.43
   73 A    5 -4 -3 -5  2 -3 -2  1 -2 -1 -3 -4  4 -4 -3  1 -1 -5 -5 -1   47   0   1   0   5   0   2  11   1   3   1   0  11   0   1  10   3   0   0   3  0.74 0.44
   74 H   -3  2  3  5 -6  0  0 -4  2 -6 -6  2 -5 -6 -4 -1  1 -6 -5 -5    1  10  14  32   0   3   6   0   6   0   0  13   0   0   0   4  10   0   0   0  0.78 0.42
   75 R   -5  8 -3 -6 -4 -2 -4 -3 -5 -6 -7 -1 -6 -7 -7  0 -5 -1 -6 -6    0  85   1   0   0   1   0   3   0   0   0   2   0   0   0   6   0   1   0   0  2.34 0.90
   76 F   -6 -7 -7 -8 -7 -7 -7 -6 -6 -3 -4 -7 -5  9 -8 -7 -6 -4 -2 -5    0   0   0   0   0   0   0   1   0   1   1   0   0  95   0   0   0   0   0   0  3.19 1.03
   77 Q    2 -1 -1 -3 -2  6 -2 -2  4 -4 -3 -2 -3  1 -4  0 -2 -5 -2 -2   16   3   3   1   1  38   1   3  11   0   1   1   0   5   0   7   2   0   1   3  0.77 0.46
   78 V   -4 -6 -7 -7 -5 -6 -6 -7 -7  3 -2 -6 -1 -3 -6 -6 -4 -6 -5  7    0   0   0   0   0   0   0   0   0  15   2   0   1   1   0   0   0   0   0  79  1.96 0.75
   79 D   -6 -5  7  6 -7 -4 -3 -5 -4 -7 -7 -5 -6 -7 -4 -3 -5 -8 -6 -7    0   0  52  44   0   0   0   0   0   0   0   0   0   0   1   1   0   0   0   0  2.17 0.83
   80 F   -6 -6 -7 -7 -6 -6 -7 -6 -6 -3  5 -6 -3  8 -7 -6 -5 -4 -2 -4    0   0   0   0   0   0   0   1   0   0  45   0   0  52   0   0   0   0   0   0  1.95 0.73
   81 Q    0 -1 -4 -4  1  7 -2 -5 -1 -3 -3 -1  0 -6 -5 -1  0 -6 -5 -1    8   2   0   0   3  59   1   0   1   1   3   2   2   0   0   4   7   0   0   5  1.29 0.64
   82 C   -1 -4 -3 -6 10 -3 -6 -5 -3 -2 -3 -5 -3 -5 -5  0  2 -3 -2  1    5   1   2   0  54   1   0   1   1   2   2   0   0   0   0   6  13   0   1  11  1.79 0.67
   83 G   -2 -5 -4 -3 -6 -4 -5  7 -5 -7 -7 -5 -6 -5 -6 -3 -5 -6 -6 -6    3   1   1   1   0   1   0  90   0   0   0   0   0   1   0   1   0   0   0   0  2.27 0.79
   84 C   -2 -1  1 -1  6  2 -1 -2  1 -4 -4 -2 -4  1  1  4 -1 -4 -2 -4    2   3   7   2  16  10   4   2   3   1   1   1   0   6   6  32   3   0   1   0  0.59 0.36
   85 S   -1 -1  0  0  0 -1 -2  0  2 -4 -4 -2 -4 -4 -3  6 -1 -3 -4 -4    4   3   5   5   2   2   1   7   4   1   1   2   0   1   1  58   2   0   0   1  0.89 0.45
   86 L    0 -1 -1 -1 -1  0 -1 -1 -1  1  1 -1  1 -1 -1  0  1 -2 -1  1    6   3   2   3   1   4   3   5   1  10  16   4   3   1   3   6  12   1   2  14  0.06 0.05
   87 C   -1  0  1  0  1  0  0 -1  2 -2 -2  4  0 -1 -1  0 -1 -1  0 -2    3   4   7   4   4   4   6   4   6   3   4  29   2   3   2   5   3   1   3   3  0.21 0.11
   88 P   -2 -3 -3  0 -1 -2  1 -2 -3 -3 -3 -2 -3 -2  7 -2 -2 -3 -3 -2    3   2   1   5   1   2   8   3   1   2   3   2   1   2  57   2   3   0   1   3  1.27 0.40
   89 R   -3  6 -1  2 -4  0  0  3 -3 -4 -4 -1 -4 -4 -2 -1 -2 -4 -4 -4    1  41   3  10   0   4   6  23   0   1   2   1   0   0   2   3   2   0   0   1  0.81 0.38
   90 P    5 -3  3 -1 -1 -3 -3 -2 -3 -4 -4 -3 -3 -4  3  2 -1 -4 -4 -3   44   1  12   3   1   1   1   2   1   1   1   1   0   0  14  13   3   0   0   1  0.74 0.39
   91 D   -6 -6  1  8 -7 -5 -3 -5 -3 -7 -7 -5 -7 -7 -6 -4 -5 -7 -7 -7    0   0   5  91   0   0   0   0   1   0   0   0   0   0   0   0   0   0   0   0  2.69 0.93
   92 I   -4 -6 -6 -6  0 -6 -6 -6 -7  7 -2 -6 -3 -4 -6 -5 -1 -6 -5  5    0   0   0   0   2   0   0   0   0  56   1   0   0   0   0   0   3   0   0  36  1.72 0.67
   93 A    7 -5 -6 -6 -5 -5 -5 -2 -6 -4 -4 -5 -5 -6 -3 -3 -3 -6 -6 -3   91   0   0   0   0   0   0   2   0   1   1   0   0   0   1   0   1   0   0   1  2.04 0.83
   94 F   -6 -6 -7 -7 -3 -6 -7 -7 -5  1  2 -7 -2  8 -6 -6 -6 -4 -2 -3    0   0   0   0   1   0   0   0   0   7  22   0   0  67   0   0   0   0   0   1  2.05 0.74
   95 H   -6 -4 -4 -6 -7 -2 -5 -7 11 -8 -7 -6 -6 -6 -7 -6 -6 -7 -3 -5    0   1   0   0   0   1   0   0  94   0   0   0   0   0   0   0   0   0   0   1  3.90 1.21
   96 F   -6 -7 -7 -7 -7 -7 -7 -7 -6 -2 -1 -7 -4  9 -7 -7 -6 -4 -2 -4    0   0   0   0   0   0   0   0   0   3   5   0   0  90   0   0   0   0   0   0  2.96 0.97
   97 N   -4 -4  9 -3 -7 -5 -5 -5 -4 -7 -8 -3 -7 -7 -6 -1 -5 -8 -6 -7    2   0  92   1   0   0   0   0   0   0   0   1   0   0   0   3   0   0   0   0  2.83 1.01
   98 P   -3 -5 -6 -6 -7 -6 -6 -7 -4 -4 -7 -6 -7 -8  9 -4 -6 -8 -7 -4    2   1   0   0   0   0   0   0   1   1   0   0   0   0  92   1   0   0   0   1  3.08 1.06
   99 R   -6  9 -5 -6 -2 -3 -5 -7 -3 -7 -5 -2 -6 -7 -6 -5 -6 -4 -4 -7    0  94   0   0   1   1   0   0   0   0   1   0   0   0   0   0   0   0   1   0  2.80 0.99
  100 F   -6 -6 -7 -7 -6 -7 -7 -7 -5 -3 -2 -7 -2  9 -5 -6 -6 -3  3 -2    0   0   0   0   0   0   0   0   0   1   3   0   1  82   1   0   0   0   8   2  2.62 0.87
  101 H   -3 -1  1  5 -5 -1  3 -2  4 -3 -5  3 -3 -5 -4 -1 -2 -5 -2 -4    1   2   6  28   0   1  16   3  11   1   1  22   0   0   0   3   2   0   2   1  0.76 0.39
  102 T   -1  3 -1  1 -3  0  2  2 -2 -3 -3  0 -3 -3 -2  0  1 -4 -3 -3    3  19   2   8   0   2  17  19   0   1   3   4   0   1   1   6  12   0   0   2  0.36 0.23
  103 T   -1 -4  0 -3 -4 -3 -4  4  1 -4 -4 -3 -4 -2 -3  3  2  6 -3 -3    4   0   5   1   0   0   0  29   3   1   2   1   0   2   1  25  12  13   1   2  0.78 0.42
  104 K   -1  1  1  3 -4  0 -1  3 -2 -4 -3  1 -3 -3  1 -1 -2 -4 -3 -3    3   8   7  17   0   5   2  27   0   1   2  11   0   1   6   4   2   0   0   2  0.40 0.22
  105 P   -1 -1  0  1  5 -1 -1  0  0 -2 -2 -1 -1 -2  4  0 -1 -2 -1 -2    5   2   4   7  16   2   3   8   2   2   4   4   1   2  22   6   4   1   2   3  0.41 0.15
  106 H   -2 -1 -2 -3  5 -1 -2 -3  5 -2 -2  3 -2 -1 -3 -2 -2 -2  5 -1    2   3   2   1  12   2   1   2  15   2   3  18   1   1   1   3   2   0  24   6  0.69 0.30
  107 V   -2 -6 -6 -6 -4 -6 -6 -6 -6  5 -2 -6 -1 -4 -6 -5 -3 -6 -5  6    2   0   0   0   0   0   0   0   0  29   2   0   1   0   0   0   1   0   0  63  1.66 0.66
  108 I   -4 -6 -7 -7 -5 -6 -6 -7 -7  3 -3 -6 -3 -5 -6 -6 -3 -7 -5  7    1   0   0   0   0   0   0   0   0  14   0   0   0   0   0   0   1   0   0  83  2.07 0.78
  109 C   -4  2 -5 -7 10 -6 -6 -5 -2 -5 -1 -6 -5  4 -7 -5 -1 -3 -4 -5    1  10   1   0  60   0   0   1   1   0   7   0   0  15   0   0   3   0   0   0  2.28 0.80
  110 N   -6 -5  9 -3 -7 -5 -5 -5 -4 -8 -8 -5 -7 -7 -6 -4 -5 -8 -7 -7    0   0  97   0   0   0   0   0   0   0   0   0   0   0   0   1   0   0   0   0  3.15 1.08
  111 T   -3 -5 -3 -5 -3 -5 -5 -5 -1 -5 -6 -5 -3 -5 -5  3  7 -7 -6 -5    1   0   1   0   0   0   0   0   1   0   0   0   1   0   0  22  72   0   0   0  1.89 0.82
  112 L   -4  1 -5 -5  2  0 -3 -5 -2 -2  4  3  2  2 -5 -4 -4 -4  0 -3    0   6   0   0   5   5   2   0   1   0  46  18   4  10   0   0   0   0   3   0  0.74 0.41
  113 H   -4  0 -4 -4 -6  7  2 -5  4 -1 -1  0 -2 -6 -5 -3  0 -6 -3 -3    0   4   0   0   0  50  13   0   8   4   6   5   1   0   0   1   6   0   1   1  1.18 0.60
  114 G   -2  2  5 -1 -2  1 -2  3  1 -6 -5  2 -4 -5 -4  0 -3 -3 -2 -5    2  11  30   2   1   7   1  19   4   0   1  15   0   0   0   6   0   0   1   0  0.73 0.40
  115 G   -4 -1  0 -1 -6  0  4  6 -2 -7 -6 -4 -6 -6 -5 -1 -4 -6 -6 -6    0   3   4   3   0   3  28  53   1   0   0   0   0   0   0   4   0   0   0   0  1.27 0.58
  116 R   -2  3  1 -3  3  1 -1 -2  1 -3 -3  4 -3 -5 -4  2 -1 -5 -4 -3    2  19   6   0   6   7   2   2   4   1   2  26   0   0   0  19   2   0   0   1  0.59 0.36
  117 W   -8 -8 -9 -9 -8 -7 -8 -8 -8 -8 -6 -8 -7 -5 -9 -8 -8 13 -3 -8    0   0   0   0   0   0   0   0   0   0   0   0   0   0   0   0   0  98   0   0  5.22 1.50
  118 Q   -3 -6 -4 -5 -5  3 -2  7 -6 -7 -4 -5 -4 -7 -6 -4 -4 -7 -7 -5    2   0   0   0   0  11   2  79   0   0   2   0   1   0   0   0   1   0   0   1  1.94 0.77
  119 R    0  2 -1 -2 -3  0 -1 -2  1 -4 -3  1 -3 -4  2  2  0  6 -3 -3    9  13   3   1   0   3   4   3   3   1   2  11   0   0  12  16   5  12   0   1  0.44 0.29
  120 E   -5 -5 -5 -3 -8 -2  8 -6 -5 -7 -7 -3 -6 -8 -6 -5 -5 -7 -6 -5    0   0   0   0   0   0  97   1   0   0   0   0   0   0   0   0   0   0   0   1  2.70 1.02
  121 A    0 -3 -4 -1 -7 -1  7 -6 -3 -6 -6 -4 -6 -7 -5 -4 -3 -7 -6 -3    9   1   0   2   0   2  81   0   0   0   1   0   0   0   0   0   1   0   0   2  1.95 0.81
  122 R   -4  6 -2 -5 -4 -3 -3 -4 -1  4 -4  2 -2 -5 -5 -3 -1 -3 -5 -3    1  51   1   0   0   0   1   1   2  22   0  12   1   0   0   1   4   0   0   1  1.24 0.56
  123 W   -4 -2 -2 -4 -5 -1 -2 -4  3  0 -1  5 -3 -2 -4 -2  3  6 -3 -2    0   1   1   0   0   2   2   1   7   5   7  35   0   1   0   1  22  11   0   3  0.79 0.45
  124 P   -4  2 -3 -3 -3  0 -2 -1  4 -3 -2 -1  4 -1  3 -2 -2 -3  6 -4    0  10   1   2   1   4   2   5   9   1   3   4  11   1  13   3   2   0  28   0  0.69 0.40
  125 H   -2  0  0  2 -1  3  2  1  5 -5 -3  0 -4 -4  0  1 -2 -5 -1 -4    1   4   4  11   1  12  13  10  14   0   3   6   0   0   4  13   2   0   2   1  0.39 0.27
  126 L   -2 -5 -2 -6  0 -1 -5 -6 -3 -2  2 -5  9  0 -4 -1 -1 -5 -5 -2    3   0   2   0   2   3   0   0   1   1  19   0  55   3   1   5   4   0   0   2  1.59 0.69
  127 A    0 -6 -6 -5 -7 -4 -5 -5 -3 -7 -4 -5 -6 -7  8 -4 -4 -8 -5 -5    9   0   0   0   0   1   0   0   1   0   2   0   0   0  83   1   1   0   0   1  2.60 0.94
  128 L   -5 -7 -7 -7 -6 -7 -7 -7 -5 -3  3 -7 -2  8 -7 -6 -6 -4  1 -4    1   0   0   0   0   0   0   0   0   1  22   0   1  72   0   0   0   0   3   0  2.26 0.80
  129 R   -1  3 -2 -3 -2  6 -1 -3  2 -4 -4  3 -4 -5  0 -1 -1 -4 -4 -3    4  17   2   1   1  34   2   1   5   1   1  16   0   0   6   5   4   0   0   2  0.75 0.43
  130 R   -1  4 -3 -4 -3  0 -3 -5  1 -5 -3  6  1 -4  0 -3 -4 -1 -5 -3    4  23   0   0   1   4   0   0   4   0   3  48   4   1   5   1   0   1   0   2  1.08 0.53
  131 G   -4 -4 -2 -2 -6 -5  1  7 -1 -7 -7 -5 -6 -7 -6 -4 -4 -6 -7 -7    0   1   2   2   0   0  10  81   1   0   0   0   0   0   0   0   1   0   0   0  1.97 0.75
  132 S    2 -1 -1 -1 -2  2  0 -2  1 -2 -4  3  1 -4 -3  1  0 -5 -3 -2   21   2   2   2   1  11   6   1   4   2   0  22   5   0   0  11   5   0   1   3  0.37 0.28
  133 S    1 -4  1 -2 -5 -4 -4 -2  3 -5 -5 -4 -4 -5  5  4 -1 -6 -1 -3   14   0   6   1   0   0   0   3   6   0   1   0   0   0  32  29   3   0   2   1  0.94 0.49
  134 F   -7 -7 -7 -8 -2 -8 -8 -8 -6 -5 -4 -8 -5 10 -8 -7 -7 -4 -2 -6    0   0   0   0   1   0   0   0   0   0   1   0   0  97   0   0   0   0   0   0  3.34 1.07
  135 L   -5 -3 -1  0 -6 -1  7 -6 -3 -4  0 -2 -5 -4 -5 -3  1 -6 -5 -5    0   1   2   5   0   2  67   0   0   1  10   1   0   1   0   1   8   0   0   0  1.41 0.66
  136 I   -4 -6 -6 -6 -4 -5 -6 -7 -6  6  4 -6  3 -2 -6 -5 -1 -5 -4  1    0   0   0   0   0   0   0   0   0  44  38   0   6   1   0   0   4   0   0   5  1.28 0.54
  137 L   -2  0 -3 -5  4 -1 -2 -5 -1  3  2 -3  1 -3 -5 -1 -1 -5 -4  4    2   5   1   0   8   3   2   0   1  19  16   1   3   0   0   4   2   0   0  31  0.52 0.30
  138 F   -5 -6 -7 -7 -5 -6 -7 -7 -6  6 -2 -6 -1  7 -7 -6 -4 -4 -2  0    0   0   0   0   0   0   0   0   0  45   1   0   1  45   0   0   1   0   0   6  1.85 0.69
  139 L   -4 -4 -2 -6 -5 -3 -4 -5 -1  0  5 -3  7 -3 -6 -4  0 -5 -4 -1    1   0   2   0   0   1   1   1   2   4  50   2  27   0   0   1   6   0   0   2  1.16 0.54
  140 F   -1 -6 -6 -5  1 -6 -6 -5 -6  3 -3 -6 -3  3 -6 -5 -3 -5 -4  6    4   0   0   0   3   0   0   1   0  12   0   0   0  12   0   0   1   0   0  64  1.42 0.60
  141 G   -2 -2  0 -1 -3  3  0  1  0 -2  3  0  2 -3 -4 -2  1 -4 -4 -3    1   2   5   3   0  18   6  10   3   1  29   5   4   1   0   2  11   0   0   0  0.33 0.28
  142 N    0  2  2 -1 -3  1  0 -2  2 -4 -4  3 -2 -4  1  2 -1 -5 -4 -3    6   9  11   3   0   6   5   3   5   1   1  23   1   0   7  17   2   0   0   1  0.40 0.28
  143 E   -2 -3  1  5 -4  0  4 -4  4 -5 -5 -3 -5 -6 -4  2 -3 -1 -4 -6    2   0   5  32   0   3  30   1   8   1   1   0   0   0   0  15   1   1   0   0  1.00 0.50
  144 E    0 -1 -1  1  3  0  2  1  5 -4 -3  3 -1 -2 -4  0 -3 -5 -2 -2    7   2   1   7   6   2  14  10  14   0   1  21   2   2   0   8   0   0   1   3  0.40 0.28
  145 V   -7 -7 -7 -8 -7 -7 -7 -8 -5 -3 -4 -7  2  8 -8 -7 -6 -4  7  1    0   0   0   0   0   0   0   0   0   1   1   0   4  53   0   0   0   0  32   8  2.29 0.90
  146 K   -5 -2 -3 -5 -7  6 -2 -6 -5 -7 -6  6 -2 -7 -6 -2 -4 -7 -6 -5    0   1   1   0   0  38   1   0   0   0   0  52   1   0   0   3   1   0   0   1  1.89 0.86
  147 V   -5 -7 -7 -7 -5 -6 -7 -7 -7  2 -2 -6 -4 -4 -7 -5 -3 -7 -6  7    0   0   0   0   0   0   0   0   0  10   2   0   0   1   0   1   1   0   0  83  2.16 0.87
  148 S    3 -4 -2 -4 -3 -2 -4 -4 -4 -2 -2 -1  3 -4 -3  4  2 -5 -5  1   24   0   2   0   0   2   0   0   0   2   3   4   8   0   1  29  12   0   0  12  0.59 0.42
  149 V   -3 -3 -5 -7 -5 -6 -6 -6 -7  0 -2 -3 -4 -5 -6 -4 -2 -7 -5  7    2   2   1   0   0   0   0   1   0   4   2   2   0   0   0   1   2   0   0  84  1.99 0.83
  150 N   -6 -5  9 -1 -7 -5 -4 -4 -4 -7 -8 -5 -7 -7 -7 -2 -5 -8 -7 -7    0   0  89   3   0   0   1   1   0   0   0   0   0   0   0   3   0   0   0   0  2.86 1.09
  151 G   -4  0 -2 -5 -6 -4 -3  7 -3 -7 -7  2 -6 -7 -2 -3 -5  0 -6 -7    0   5   2   0   0   0   1  74   1   0   0  11   0   0   2   2   0   1   0   0  1.75 0.74
  152 Q    0  2  3 -2 -2  3 -1 -3 -2 -2 -2  3  0 -5 -4  2 -1 -5 -4 -3    8  10  15   2   1  14   2   1   1   2   5  20   2   0   0  13   4   0   0   1  0.45 0.33
  153 H   -6 -3 -3 -2 -7 -2 -2 -6 10 -5 -1 -4 -5  0  3 -2 -6 -6 -1 -5    0   1   1   3   0   2   3   0  59   1   6   0   0   4  16   3   0   0   1   1  2.07 0.84
  154 F   -5 -6 -6 -6 -3 -6 -6 -6 -5  1  2 -6 -1  7 -6 -3  0 -4  1  0    0   0   0   0   1   0   0   0   0   6  20   0   1  51   0   2   7   0   4   6  1.39 0.60
  155 L   -2 -5 -5 -6  3 -4 -5 -6  0  0  4 -4  3 -1 -3 -3 -1 -4  3  1    2   0   0   0   5   0   0   0   2   4  46   0   8   2   1   2   4   0  12  10  0.78 0.42
  156 H   -4 -2 -2  2 -4  3  4 -5  4 -3  2 -2 -3 -4 -4 -1 -1 -5 -4 -2    1   1   1  12   0  13  28   0  12   1  18   2   0   0   0   4   4   0   0   2  0.66 0.42
  157 F   -6 -6 -6 -7 -6 -6 -6 -7 -4 -3 -3 -6 -5  5 -4 -5 -6 -3  9 -5    0   0   0   0   0   0   0   0   0   1   3   0   0  21   1   1   0   0  68   0  2.59 0.96
  158 R    1  3  2 -3 -2  0 -2  1  1 -3 -3  3 -3 -2  0  0 -1 -5 -3 -3   11  20  11   0   1   3   2  10   4   1   2  19   0   1   5   5   3   0   0   1  0.40 0.28
  159 Y   -6 -5 -1 -4 -7 -3 -3 -6 11 -7 -7 -5 -6 -3 -1 -3 -6 -6  4 -7    0   0   2   1   0   1   1   0  74   0   0   0   0   1   4   2   0   0  12   0  2.95 1.06
  160 R   -4  8 -4 -6 -3 -1 -5 -7 -2 -7 -4 -1 -6 -7 -4 -5 -6 -7 -6 -7    1  87   1   0   1   3   0   0   1   0   2   2   0   0   1   0   0   0   0   0  2.57 1.01
  161 L   -5 -6 -6 -4 -5 -4 -6 -5 -6  6  3 -6  2 -2 -4 -4 -3 -6 -5  3    0   0   0   1   0   1   0   1   0  40  30   0   4   1   1   1   1   0   0  19  1.16 0.53
  162 P   -4 -5 -1 -1 -4 -4 -2 -4 -6 -7 -7 -1 -7 -8  8  2 -5 -8 -7 -7    1   1   3   3   0   1   3   1   0   0   0   4   0   0  66  16   0   0   0   0  1.97 0.86
  163 L   -4 -5 -6 -6 -1 -5 -4 -6 -5  0  4 -2  0  4  1 -1 -4 -4  1  0    1   0   0   0   1   0   1   0   0   4  48   3   2  17   9   5   0   0   4   5  0.84 0.46
  164 S   -2 -2  1  0 -1  4  4 -3  5 -5 -5 -1 -4 -3 -2  2 -1 -2  0 -5    3   1   5   3   1  18  24   1  14   0   1   2   0   1   2  16   3   1   3   1  0.69 0.44
  165 H   -3  6 -3 -3 -2  1 -2 -2  2 -4 -1  2  4 -5 -3  0 -1  0 -4 -4    2  39   0   2   1   6   1   3   4   1   6  13  10   0   1   6   3   1   0   0  0.79 0.46
  166 V   -3 -6 -7 -7 -5 -4 -6 -4 -7  4 -3 -4 -1 -5 -6 -4 -2 -7 -5  7    2   0   0   0   0   1   0   2   0  22   1   1   1   0   0   1   2   0   0  66  1.64 0.71
  167 D   -4 -2  3  7 -2  2 -2 -3 -5 -6 -7 -2 -6 -7 -2 -2  2 -7 -6 -5    1   2  11  55   1   8   1   1   0   0   0   2   0   0   3   3  11   0   0   1  1.36 0.65
  168 T   -1 -3 -2 -5 -5 -3 -4 -3  5 -3 -5 -3 -5 -4 -3 -2  7 -2 -1 -1    5   1   2   0   0   1   0   2  12   2   0   2   0   1   1   2  62   1   3   4  1.38 0.70
  169 L   -3 -4 -6 -7 -5 -6 -6 -7 -6  4  5 -6  0  0 -6 -6 -5 -5 -4  0    2   1   0   0   0   0   0   0   0  25  60   0   2   3   0   0   0   0   0   6  1.35 0.59
  170 G    0 -3 -2 -3  0  3 -2  4  2 -3 -3 -3 -1 -2 -4  2  0 -5 -2 -3    7   1   2   1   2  14   2  34   4   1   2   0   1   1   0  18   5   0   1   2  0.61 0.39
  171 I   -3 -6 -6 -2 -3 -6 -6 -6 -6  6 -3 -4 -2 -4 -2 -5 -4 -6 -5  5    1   0   0   3   0   0   0   0   0  50   1   1   0   0   2   0   0   0   0  39  1.61 0.67
  172 F   -1 -3  1  3 -1 -2  0 -1 -1 -1 -4 -2 -3  2 -2  2  0 -3  5 -3    5   1   7  16   1   1   7   4   1   4   1   1   1   8   2  15   7   0  19   1  0.39 0.29
  173 G   -4 -6 -3 -4 -6 -4 -5  7 -6 -7 -6 -5 -6 -7 -5 -1 -4 -6 -4 -7    0   0   1   1   0   1   1  87   0   0   1   1   0   0   1   4   1   0   1   0  2.26 0.87
  174 D   -2 -2  0  5 -1  0 -1  0 -1 -4 -5  4  1 -6 -1 -1  0 -6 -5 -5    4   2   4  34   2   3   3   6   1   1   0  25   4   0   3   3   5   0   0   0  0.73 0.43
  175 I   -2 -6 -7 -7 -2 -6 -6 -7 -7  3  2 -6 -1 -4 -4 -5 -1 -6 -5  6    2   0   0   0   1   0   0   0   0  16  16   0   1   0   1   0   4   0   0  58  1.39 0.63
  176 L   -2  0  1 -2 -4  4  3 -4  0 -2  0  0  1 -3 -4  0  1 -4 -3 -1    2   5   7   1   0  23  17   1   3   2  10   4   3   1   0   7   8   0   0   5  0.40 0.32
  177 V   -4 -6 -7 -7 -5 -6 -6 -7 -6  5  3 -6 -2 -3 -2 -4 -4 -6 -2  4    1   0   0   0   0   0   0   0   0  31  30   0   0   1   2   1   0   0   1  32  1.22 0.56
  178 E   -2  0  1 -2 -6  5  0 -3  5 -5 -5  2 -4 -1 -5  2  1 -6 -3 -5    3   4   7   1   0  25   5   1  13   0   1  14   0   3   0  15   7   0   1   0  0.70 0.45
  179 A    2 -4 -2 -3  1 -3 -4 -3 -3 -4 -3 -3 -3  0 -3  5  3 -3  2 -3   19   1   1   1   3   0   0   1   0   1   2   1   0   4   1  40  16   0   7   2  0.76 0.50
  180 V   -4 -7 -7 -7 -5 -7 -7 -7 -7  7  0 -7 -1 -4 -7 -6 -5 -7 -2  5    1   0   0   0   0   0   0   0   0  59   5   0   1   0   0   0   0   0   1  31  1.83 0.74
  181 G    1 -1  4  1 -2  0 -1  4 -2 -5 -5 -1 -4 -5 -4  2  0 -5 -1 -4    9   3  18   8   1   4   3  28   1   0   0   3   0   0   0  14   5   0   2   1  0.54 0.34
  182 F   -5 -7 -7 -5 -6 -7 -7 -7 -6  1 -3 -7 -4  9 -5 -1 -3 -4  1  0    1   0   0   1   0   0   0   0   0   6   1   0   0  74   1   5   2   0   3   6  2.22 0.86
  183 L   -2 -2 -3 -3 -4  5 -2 -4 -4  3  2 -1 -1 -1 -4  0  0 -5 -4  0    3   2   0   1   0  27   2   1   0  16  21   3   1   2   0   8   5   0   0   7  0.50 0.36
  184 N   -2 -3  4 -1  0  0 -2  4 -3 -5 -5 -2 -4  0  2  2 -2 -5 -4 -5    2   1  21   3   2   4   2  27   1   0   0   2   0   5  12  15   2   0   0   0  0.63 0.38
  185 I   -1 -1  1 -3 -4 -1 -2  3 -3  1 -3 -1 -2 -2  4  2  0 -4 -3 -2    3   3   8   1   0   2   2  20   0  10   2   4   1   1  18  15   5   0   1   3  0.36 0.26
  186 N    1 -1  3 -1 -4  4 -1  1  0 -3 -3 -2 -2 -3 -1  2  0 -4 -2 -2   10   3  15   3   0  19   4  11   2   1   2   1   1   1   3  16   4   0   1   3  0.37 0.28
  187 P   -1 -3 -2  1 -4 -2 -1 -2 -1 -3 -4 -2  2 -4  6  1  0 -5 -2 -1    4   2   2   7   0   1   4   3   1   1   1   3   6   1  42  11   5   0   2   5  0.84 0.43
  188 F    0 -3 -2 -3 -1 -1 -2 -2 -1  0 -1 -2  2  4  2  1  1  1  0  0    9   1   1   1   1   2   1   3   2   4   6   2   5  19   9  14  10   2   3   5  0.22 0.20
  189 V    0 -2 -1 -2 -3  0 -2  0  0 -1 -1 -1 -1  0  4  0 -1 -3  1  1    9   2   3   2   0   4   2   8   2   2   6   3   2   4  22   9   3   0   5  12  0.25 0.18
  190 E    0 -2  1 -1 -1  1  1  1 -1 -3 -1 -2  0 -3  4  1 -1 -4 -2 -2    6   2   7   3   2   8  10  10   1   1   6   1   3   1  19  12   3   0   1   3  0.29 0.22
  191 G    0 -3  0 -1 -3  2 -1  4  1 -3 -3 -2 -1 -4  2  0 -1 -4 -3 -1    9   1   3   3   0  10   3  30   4   1   3   2   2   0  11   7   4   0   1   6  0.37 0.24
  192 S    0 -1  0 -1 -2  2 -2  1  0 -1 -1 -2  2 -1  1  2  1 -3  0  0    5   2   5   2   1   9   1  12   2   3   4   1   6   3   8  20   7   0   3   6  0.16 0.17
  193 R    0  0 -1 -2 -2  1 -1  0  0 -1 -1  0  1  0  3  1  1 -1 -1 -1    8   6   2   2   0   8   2   6   3   3   7   4   4   4  14   9  10   1   2   4  0.13 0.12
  194 E    0 -1 -1 -1 -1  1  2  1  1 -2 -2  0  0 -3  2  1  0 -3 -2 -2    8   2   3   2   2   7  16  10   3   2   3   6   3   1  12  12   7   0   1   2  0.22 0.16
  195 Y   -1 -2  1 -2  1  0 -1 -1  0  1 -1 -1  1  2  0  0  1 -2  4 -1    4   1   8   2   3   4   3   4   2   8   4   2   4   8   5   8   8   0  18   3  0.18 0.16
  196 P   -1 -4  0 -3 -4 -1 -3 -1 -4 -2 -2  0  0 -1  6  1  0 -3 -2 -3    4   1   5   1   0   3   2   6   0   2   4   5   2   3  46   9   5   0   2   2  0.94 0.43
  197 A    2 -1  0 -1 -2  0 -1  1  0 -1 -1  0 -1 -2  3  1  0 -3 -1  1   18   3   3   2   0   3   4   9   2   3   5   4   2   2  14   8   6   0   1  10  0.15 0.13
  198 G    0 -1  1 -2  0  0  0  2 -1  1 -1 -2  0  0  0  1 -1 -2 -1 -1   10   2   7   1   2   5   8  19   1  10   4   1   2   5   5  11   3   0   2   2  0.11 0.12
  199 H   -2 -2  2 -2 -2  1 -2 -1  4 -3  0 -2 -1 -1  4  0 -1  0  1 -2    2   1  11   1   1   8   2   4   9   1  12   2   1   3  20   7   4   1   6   3  0.34 0.24
  200 P   -1 -4 -3 -2 -3  0 -2  0 -3 -2 -2 -1 -4 -4  7 -2 -2 -5 -3 -1    5   1   1   2   1   4   3   9   1   3   4   4   0   1  52   2   2   0   1   4  1.12 0.49
  201 F   -1 -2 -1 -2 -2  0 -1  0 -1  0  0 -2  4  3  0 -1  1 -3 -1  1    5   1   3   2   1   5   4   7   1   5   6   2  13  16   5   3  11   0   2  10  0.19 0.18
  202 L    0 -2  0 -3 -1 -1 -1 -2 -1 -1  2  0  5  1  1  0  0 -3 -1  0    8   1   5   1   1   2   3   3   1   1  17   6  19   5   7   6   5   0   2   7  0.22 0.20
  203 L   -1 -2 -1 -2 -1 -1  1 -1 -2 -1  1 -1  0  0  2  0 -1  0  3 -1    3   2   2   1   1   3   9   5   1   3  18   3   2   3  10   9   4   1  15   5  0.16 0.16
  204 M    0 -1  0  0 -2  1 -1  2 -1 -1 -2 -1  1  0  3  0 -1 -3  0  0    6   3   3   4   1   6   4  17   2   4   3   3   5   4  15   7   4   0   3   6  0.17 0.14
  205 S   -1 -2  3 -2 -1  1 -2 -1  1 -2 -2 -1 -1 -3  3  3  0 -4 -3 -1    3   1  16   1   1   6   1   5   3   2   3   2   2   1  16  25   6   0   1   4  0.42 0.29
  206 P   -1 -3 -4 -3 -4 -1 -3  0 -2 -4 -3  0 -3 -3  7  2 -1 -4  0 -2    4   1   1   1   0   2   2   6   1   1   3   5   1   1  48  13   4   0   3   3  1.04 0.48
  207 R    1  1  1  1 -2  2  0 -1  0  0 -2 -1 -1 -1 -1  0  1 -3 -2  0   11   8   6   7   1  11   5   4   3   7   2   2   2   3   3   8   9   0   1   7  0.09 0.10
  208 L   -4 -4 -3 -4 -4  1 -3 -4 -2 -2  3 -2  1  5  0 -3 -3 -2  5 -2    1   1   1   1   0   6   2   2   1   2  28   2   3  21   5   1   2   0  20   2  0.73 0.37
  209 E    0 -1 -1 -2 -4 -1  1  1 -2 -4 -3 -2 -3 -4  5  1  2 -4 -2 -1    6   3   3   1   0   2   8   9   1   1   2   2   1   1  30  13  13   0   1   4  0.57 0.33
  210 V   -3 -5 -5 -5 -4 -4 -5 -5 -4  3  2 -5  4 -2 -3 -4 -1 -5 -2  5    2   0   0   0   0   1   0   1   0  12  18   0   9   1   2   1   3   0   1  48  1.01 0.48
  211 P   -6 -7 -7 -6 -7 -3 -6 -7 -4 -7 -5 -6 -7 -8  9 -4 -4 -8 -8 -7    0   0   0   0   0   1   0   0   1   0   2   0   0   0  93   1   1   0   0   0  3.20 1.19
  212 C   -6 -6 -6 -5  4 -6 -7 -5 -1 -5 -2 -6 -5  7 -7 -3 -6 -3  7 -5    0   0   0   1   7   0   0   1   1   0   3   0   0  42   0   2   0   0  41   0  2.13 0.84
  213 S   -1  1 -1 -3 -1  0 -1 -4  0  0 -1  1  0  3 -3  1  1 -4 -1  2    4   7   3   0   1   4   3   0   2   5   3  11   2  13   0  11  11   0   1  18  0.22 0.22
  214 H    2  0  0 -4 -2 -2 -3  4  2 -4 -5 -1 -2 -5 -3  0  4 -4 -5 -3   18   5   3   0   1   1   1  28   5   0   0   3   1   0   1   6  25   0   0   2  0.62 0.40
  215 A    1  3  0 -2 -1 -1 -2 -2 -2 -2 -3  2  0 -2  0  2  1 -3 -4 -2   12  20   5   1   1   2   1   2   1   2   2  12   3   1   5  18   7   0   0   3  0.32 0.27
  216 L   -5 -4 -7 -7 -5 -6 -4 -7 -7  6  5 -6  0 -1 -7 -5 -5 -6 -5 -1    0   1   0   0   0   0   1   0   0  38  52   0   2   2   0   1   0   0   0   3  1.50 0.65
  217 P   -2 -3  3  1 -6  2 -3 -4  1 -5 -2 -3 -3 -4  6  0 -3 -6 -1 -2    3   1  16   8   0  11   1   1   3   0   5   1   1   1  36   7   1   0   2   3  0.87 0.49
  218 Q   -2  0  0 -2 -6  0 -4  6 -4 -6 -6  0 -5 -6 -5  1  1 -6 -3 -6    3   6   4   3   0   4   1  53   0   0   0   6   0   0   0  11   8   0   1   0  1.03 0.53
  219 G    1 -4 -3 -6 -4 -4 -6  7 -3 -8 -8 -5 -7 -7  0  0 -4 -7 -7 -7    9   1   1   0   0   1   0  74   1   0   0   0   0   0   5   7   1   0   0   0  1.79 0.77
  220 L   -4 -4 -7 -8 -6 -6 -7 -6 -7  0  6 -5  6  0 -5 -5 -5 -6 -5 -1    1   1   0   0   0   0   0   1   0   4  68   1  17   3   0   1   0   0   0   3  1.61 0.71
  221 S   -1  1 -3 -4 -1 -1 -3  1  3 -2 -4 -2 -3  1 -4  2  1  5  5 -4    4   8   1   0   1   3   1  13   6   3   1   2   1   4   1  14  10   7  21   1  0.51 0.35
  222 P    1 -2 -6 -2 -7 -6 -5 -6 -4 -6 -6 -4 -6 -4  8 -2 -3 -8 -7 -1   11   2   0   3   0   0   0   0   0   0   0   1   0   1  71   3   2   0   0   4  2.09 0.89
  223 G   -2  2 -2 -5 -6 -3 -2  6 -5 -7 -6  0 -6 -4 -4  2 -3 -6 -5 -6    1  12   2   0   0   1   3  53   0   0   0   7   0   1   1  18   1   0   0   0  1.16 0.58
  224 Q   -5  6 -3 -1  4  2 -3 -4  1 -6 -3  5 -5 -6 -5 -3 -5 -6 -5 -6    0  39   1   3   8  10   0   1   3   0   2  29   0   0   0   1   0   0   0   0  1.30 0.62
  225 V   -3 -2 -1 -3 -3 -4 -4 -5 -1 -2 -3 -2  3 -4 -3  3  6 -6 -5  1    1   3   3   1   0   0   0   0   2   2   2   3   7   0   1  18  47   0   0  10  0.98 0.57
  226 I   -5 -4 -7 -7 -5 -7 -7 -7 -7  7 -2 -6 -2 -2 -7 -6 -3 -7 -5  4    0   1   0   0   0   0   0   0   0  68   1   0   0   1   0   0   2   0   0  25  1.98 0.78
  227 I    1 -5 -3 -5 -4 -5 -5 -4 -5  5 -2 -5  2  0 -5 -2  3 -5 -1  4   11   0   1   0   0   0   0   1   0  30   2   0   5   3   0   2  18   0   2  25  0.81 0.44
  228 V   -5 -6 -7 -7 -5 -6 -6 -7 -7  7  0 -6 -1 -3 -6 -4 -4 -6 -5  5    0   0   0   0   0   0   0   0   0  57   7   0   1   1   0   1   0   0   0  31  1.73 0.70
  229 R   -3  3 -1 -4 -6  2 -2 -5 -1 -5 -3  5 -3 -5 -5  2  0 -4 -4 -2    2  17   2   0   0   8   2   0   1   0   2  41   0   0   0  16   5   0   0   3  0.92 0.51
  230 G   -2 -6 -5 -6 -3 -6 -6  8 -3 -7 -7 -6 -7 -7 -6 -5 -6 -7 -7 -5    2   0   0   0   1   0   0  93   1   0   0   0   0   0   0   0   0   0   0   1  2.55 0.95
  231 L   -2 -2 -1 -3 -3  1  3 -4 -2  0  1 -2  0  1 -4 -1  2 -4  2  0    1   2   3   0   1   5  24   1   1   6  13   1   2   6   0   4  17   0   6   8  0.32 0.28
  232 V   -2 -6 -6 -6 -5 -6 -6 -6 -6  3 -2 -4 -3 -5  0 -4 -1 -6 -5  7    2   0   0   0   0   0   0   0   0  16   2   1   0   0   5   1   4   0   0  67  1.52 0.67
  233 L   -4 -2  5 -3  0 -3 -4 -3  1 -3  3 -1 -3 -4  4  0 -2 -6 -2 -4    1   2  24   1   2   1   0   1   3   1  25   3   0   0  23   8   2   0   1   0  0.73 0.45
  234 Q   -1 -3 -3 -4 -3  2 -2 -2  1 -5 -3  2  0 -2  6 -1  1 -6  0 -4    6   1   1   1   1   9   2   3   3   0   3  14   2   2  38   3   8   0   3   1  0.81 0.46
  235 E   -3 -3  5  0 -1 -1  1  0  0 -5 -5 -1 -2 -3 -3  2  2 -5  1 -4    1   1  34   4   1   2   8   8   2   0   1   4   1   1   1  15  11   0   5   1  0.66 0.42
  236 P    6 -6 -4 -4 -2 -5 -4 -1 -6 -6 -5 -5 -5 -4  5 -1 -4 -7 -6 -4   60   0   1   1   1   0   1   5   0   0   1   0   0   1  24   3   1   0   0   0  1.47 0.72
  237 K   -3  0  2  1 -2  3  0 -5  2 -4 -6  5 -5 -6 -4 -1 -1 -6 -3 -5    2   3  10   8   1  15   5   0   5   1   0  40   0   0   1   4   4   0   1   0  0.88 0.50
  238 H   -3  5 -2  1 -3 -2 -1  0  1 -6 -5 -1 -4 -5 -5  4 -2  2 -3 -5    0  37   1   7   1   0   4   8   3   0   0   2   0   0   0  30   1   3   1   0  0.89 0.49
  239 F   -6 -7 -7 -8 -7 -7 -6 -7 -6 -1 -3 -7 -1  9 -8 -7 -6 -4 -2 -3    0   0   0   0   0   0   1   0   0   4   2   0   2  89   0   0   0   0   0   1  2.86 0.94
  240 T    1 -2  1 -3  1  0 -2 -2  6 -1 -4 -3 -2 -3 -4  0  4 -5 -1 -1   14   1   8   0   3   4   2   3  22   3   1   0   1   1   0   6  25   0   2   4  0.60 0.37
  241 V   -4 -5 -6 -7 -4 -6 -6 -7 -6  6  2 -6 -1  0 -6 -5 -4 -3 -4  5    0   1   0   0   0   0   0   0   0  47  14   0   1   3   0   0   0   0   0  34  1.39 0.56
  242 S   -4 -3  8  2 -4 -4 -4 -4 -3 -7 -5 -4 -6 -7 -6  2 -4 -7 -4 -6    1   1  67  12   0   0   0   0   0   0   2   0   0   0   0  16   0   0   1   0  1.88 0.76
  243 L   -5 -5 -7 -7 -5 -6 -7 -7 -6 -2  6 -6 -2  4 -7 -6 -5 -5 -3 -3    0   1   0   0   0   0   0   0   0   1  78   0   0  18   0   0   0   0   0   0  1.78 0.70
  244 R   -4  6 -2 -4 -1  2 -3 -3 -4 -6 -3  5  0 -6 -5  0 -3 -4 -5 -5    0  42   1   0   2  10   0   2   0   0   2  30   3   0   0   7   1   0   0   0  1.20 0.56
  245 D   -3 -4  2  7 -6 -2 -1 -3  3 -6 -6 -2 -6 -2 -5 -2 -4 -6 -3 -6    2   1   7  72   0   1   2   2   6   0   0   1   0   2   0   1   0   0   1   0  1.66 0.60
  246 Q   -3 -4 -4  0 -4 -1  1 -3 -5  6 -1 -3 -2 -2 -5 -2 -1 -5 -3  2    1   1   0   5   0   3   9   2   0  59   2   1   0   1   0   2   3   0   0  11  0.92 0.43
  247 A    6 -5 -5 -5 -3 -4 -4 -1 -5 -4 -4 -4 -3 -5 -1 -1 -1 -6 -3 -2   81   0   0   0   0   0   1   4   0   0   0   0   1   0   3   3   3   0   1   3  1.43 0.61
  248 A    1 -4 -5 -3 -3 -3 -4 -4 -4  0  4 -5  0  6 -5 -1 -3 -3 -2 -2   12   0   0   2   0   1   1   0   0   3  42   0   1  31   0   5   1   0   0   1  0.83 0.39
  249 H   -6  0 -4 -5 -7  0 -4 -6 11 -7 -7 -5 -6 -2 -5 -5 -6 -6 -1 -7    0   6   0   0   0   3   0   0  87   0   0   0   0   2   1   0   0   0   1   0  3.23 0.96
  250 A   -1 -4 -5 -3 -1 -4 -4 -5 -4  3  3 -4  1  4 -4 -4 -2 -3  2  2    4   0   0   1   1   0   1   0   0  16  37   0   2  17   1   0   1   0   7  12  0.63 0.30
  251 P   -3 -4  8  0 -6 -2 -4 -4 -1 -4 -5 -1 -5 -6  4 -3 -4 -7 -4 -6    2   0  65   4   0   1   0   0   1   1   1   4   0   0  18   0   0   0   0   0  1.67 0.65
  252 V   -3 -6 -6 -5 -1 -5 -5 -6 -3 -3 -2 -5 -4 -2  8 -2 -4 -7 -6  3    1   0   0   0   1   0   0   0   1   1   3   0   0   2  67   3   0   0   0  21  1.95 0.68
  253 T   -3  8 -4 -5 -2 -2 -4 -4  0 -6 -2  0  1 -6 -5 -3  1 -6 -5 -5    2  75   0   0   1   0   0   1   2   0   4   2   4   0   0   1   8   0   0   0  1.70 0.65
  254 L   -5 -5 -6 -7 -5 -5 -6 -6 -5  0  4 -6  3  7 -6 -5 -4 -3 -1  0    0   0   0   0   0   0   0   0   0   5  38   0   8  43   0   0   0   0   0   6  1.35 0.51
  255 R   -2  3  4  3 -4  0  0 -2  1 -5 -5  3 -3 -5 -2  0 -1 -5 -4 -4    1  19  19  16   0   4   3   2   4   0   0  21   0   0   1   6   4   0   0   0  0.60 0.31
  256 A    2 -2  0  0 -3  0  5 -4 -3 -2 -4  0 -3 -3 -2  0  0 -5 -2  0   20   1   4   4   0   2  43   0   0   2   0   4   0   1   1   4   6   0   1   6  0.58 0.34
  257 S   -2  0  5 -1  1  0 -2  2 -1 -5 -5  2 -4 -5 -3  2 -1 -5 -2 -5    1   5  30   2   3   3   0  17   1   0   0  15   0   0   0  18   3   0   1   0  0.65 0.35
  258 F    2 -4 -3 -3 -1 -2 -3 -3  1  1 -1 -3 -1  4 -4  0  2 -3 -1  3   18   0   0   1   1   1   1   1   4   5   2   0   1  21   0   5  14   0   1  23  0.42 0.28
  259 A    0 -1 -5 -5 -4 -4 -5 -5 -5  2  0 -2  0  4 -4 -3  0 -4 -2  5    8   3   0   0   0   0   0   0   0   9   5   2   1  17   1   1   5   0   0  48  0.75 0.38
  260 D   -3 -5 -4  3 -3 -5 -4 -6 -6  2 -2 -4 -3 -4 -5 -4 -2 -6 -5  6    0   0   0  18   0   0   1   0   0  11   1   1   0   0   0   0   1   0   0  67  1.34 0.56
  261 R   -5  8 -4 -5  4  0 -4 -5 -1 -7 -5 -2 -5 -6 -6 -3 -5 -2 -2 -6    0  83   0   0   8   3   0   0   1   0   1   0   0   0   0   1   0   1   1   0  2.19 0.76
  262 T   -3 -4  8 -3 -6 -4 -4 -4 -4 -5 -7 -3 -6 -7 -6 -3  4 -7 -6 -6    1   0  75   0   0   0   0   0   0   1   0   1   0   0   0   0  22   0   0   0  2.12 0.77
  263 L   -2 -4 -2 -3 -4 -3 -3 -4  1 -2  2 -4 -3 -4 -3  5  4 -5 -4 -2    0   0   1   0   0   0   0   0   3   1  19   0   0   0   1  42  31   0   0   1  0.92 0.50
  264 A    1  0 -1 -4  1  3 -2 -4  1 -2  1  1  1  3 -4 -2 -3 -1  3 -2   16   3   2   0   4  14   0   0   4   1  14   9   4  15   0   1   0   1  10   0  0.31 0.25
  265 W   -3 -3 -5 -4  0  2 -2 -5  0  3  3 -3  1 -2 -5 -3 -2  7  0 -1    0   1   0   1   2  11   2   0   2  18  32   0   3   0   0   1   2  19   2   2  0.80 0.38
  266 I   -2  0  4  0 -2  1 -2  2  2  0 -3  0 -1 -3 -4  0 -1 -1 -2  0    2   5  27   3   1   7   1  15   6   7   0   5   2   1   0   8   1   1   1   8  0.34 0.24
  267 S   -2 -3  1  2 -5 -1  2  4 -3 -6 -6 -2 -4 -5 -2  2 -3 -3 -4 -4    2   1   7  10   0   2  14  39   0   0   0   2   0   0   2  20   0   0   0   0  0.73 0.36
  268 R    0  1  0 -2  3  1 -2 -2 -1 -3 -2  1 -1 -4  2  4  0 -5 -3 -4    7   8   4   1   7   6   0   1   1   1   3   9   2   0  10  38   4   0   0   0  0.48 0.32
  269 W   -4 -4 -9 -9 -7 -7 -8 -7 -7 -7 -4 -8 -6 -4 -9 -6 -7 13 -1 -8    1   1   0   0   0   0   0   0   0   0   1   0   0   0   0   0   0  94   1   0  4.70 1.23
  270 G   -2 -1 -4 -2 -6 -4 -5  7 -5 -6 -5 -4 -6 -6 -5 -2 -5 -6 -6 -6    2   3   0   3   0   1   0  87   0   0   1   0   0   0   0   2   0   0   0   0  1.99 0.65
  271 Q    0  2 -2 -2 -1  3  2 -3  1 -5 -4  1 -3 -5  3  3 -1 -2 -4 -3    6  10   1   1   1  15  15   0   4   0   0   7   0   0  13  22   3   0   0   1  0.50 0.30
  272 K   -1  0 -4 -2 -7 -1  7 -5 -4 -6 -6  3 -5 -7 -2 -3 -4 -6 -5 -5    6   4   0   0   0   0  72   0   0   0   0  16   0   0   2   0   0   0   0   1  1.61 0.65
  273 K   -3 -2 -4 -1  0  1  7 -5 -4 -5 -6  2 -5 -7 -5 -3 -1 -6 -5 -6    1   1   0   2   2   4  73   0   0   1   0  13   0   0   0   0   4   0   0   0  1.60 0.65
  274 L   -2  6 -2 -4 -5 -2 -1 -5 -3 -2  1  3 -2 -5 -3 -2 -2 -5 -4 -3    4  52   2   0   0   0   2   0   0   2  17  14   0   0   1   3   2   0   0   1  0.97 0.45
  275 I   -1  0  1  0 -2 -1  1 -2  2  2  1  0  0 -1 -3  0 -1 -3 -2  0    2   4   9   4   0   2  13   3   5  19  15   6   1   1   1   8   3   0   0   3  0.11 0.13
  276 S    0 -2 -3 -3 -2  0 -3 -1 -2  2  2 -1  1 -1  2  1 -1  3 -1  1    6   1   0   0   0   5   0   5   1  14  19   2   3   2  10  14   1   5   1  10  0.19 0.16
  277 A    3 -1  0 -2  0 -2 -2  2  0 -3 -3 -2 -2 -4  3  1  1 -5 -4 -2   26   4   4   1   2   1   1  16   2   1   2   1   1   0  16  11  11   0   0   1  0.42 0.26
  278 P   -2 -1  0 -2  3 -2 -3  1  3 -4 -4  1 -2  1  4  0 -2 -3  3 -3    1   3   5   1   7   1   0  11   7   0   0   9   1   7  24   6   1   0  12   1  0.51 0.28
  279 F   -5 -5  3 -5 -2 -4 -5 -6 -4 -3  0 -4  7  7 -5 -2 -4 -3 -2 -2    0   0  13   0   1   0   0   0   0   0   7   0  27  46   1   2   0   0   0   2  1.48 0.59
  280 L   -2 -6 -4 -6 -3 -5 -5 -6 -6 -4  2 -5 -5 -6  8 -5 -3 -7 -5 -4    3   0   1   0   1   0   0   0   0   0  19   0   0   0  74   0   1   0   0   1  2.19 0.74
  281 F   -6 -5 -3 -7 -6 -7 -7 -7 -5 -4 -1 -7 -4  9 -8 -5 -6 -3 -1 -5    0   1   2   0   0   0   0   0   0   0   6   0   0  91   0   1   0   0   0   0  2.74 0.85
  282 Y    0  0 -2 -3 -1  2 -1  0  4 -1 -2 -2  0 -1 -3  2  1 -3  3  0    8   5   1   0   1  10   2   6  13   3   1   1   3   2   0  17   7   0  14   6  0.28 0.23
  283 P    0  4 -4 -4 -1  0 -2 -3 -2 -4 -5  0 -5 -4  7 -2 -3 -4 -5 -5    7  23   0   0   1   3   2   1   1   1   0   6   0   1  50   1   1   0   0   0  1.36 0.54
  284 Q   -2 -3  0 -2 -6  4 -1  6 -4 -7 -6 -3 -5 -6 -5 -2 -4 -6 -6 -6    2   1   5   1   0  19   3  67   0   0   0   1   0   0   0   2   0   0   0   0  1.49 0.57
  285 R    0  4 -3 -2 -4  6  0 -3  0 -4 -4 -1  4 -5 -4 -1 -3 -5 -3 -4    7  24   0   2   0  38   5   2   2   1   0   2  12   0   0   4   1   0   0   0  0.90 0.46
  286 F   -1 -3  2 -3 -4 -2 -4 -2 -1 -3 -4 -4 -3  5  1  2 -2 -2  6 -4    6   1   9   1   0   1   0   2   1   0   0   0   0  27   8  17   1   0  26   0  0.84 0.41
  287 F   -6 -6 -7 -7 -6 -7 -7 -7 -5 -4 -3 -7 -3  9 -7 -6 -6 -3 -1 -3    0   0   0   0   0   0   0   0   0   0   1   0   0  95   0   0   0   0   0   1  2.93 0.86
  288 E   -3 -2 -3  3 -5  2  5 -4 -2 -4 -1 -2 -1 -5 -4  0  1 -5 -4 -3    0   1   0  15   0   7  49   0   1   0   8   1   1   0   0   7   8   0   0   1  0.87 0.43
  289 V   -3 -5 -5 -6 -4 -4 -5 -6 -5  4  3 -5  6 -2 -5 -5 -3 -5 -4  4    0   0   0   0   0   0   0   0   0  21  25   0  19   1   0   0   0   0   0  33  1.07 0.44
  290 L   -2  0 -3 -4  2 -2 -1 -4 -4  3  2 -2  1 -2 -4  1  0  5 -3  0    2   5   0   0   4   1   4   1   0  23  26   2   3   0   0  15   5   8   0   4  0.39 0.26
  291 L   -4 -6 -6 -6 -3 -6 -6 -6 -6  7  2 -6 -1  2 -6 -5 -4 -5 -3  1    0   0   0   0   0   0   0   0   0  66  19   0   0   9   0   0   0   0   0   4  1.48 0.54
  292 L   -3  3 -4 -5  0 -2 -4 -5  0  0  3 -2  2  2 -4 -1  0 -3  1  0    0  18   0   0   2   1   0   0   2   4  37   0   6   8   0   4   7   0   6   5  0.45 0.28
  293 F   -1 -5 -3 -7 11 -6 -7 -6 -7 -1 -5 -7 -5  1 -7 -2 -4 -6 -4  0    5   0   1   0  75   0   0   0   0   3   0   0   0   6   0   3   1   0   1   6  2.70 0.81
  294 Q   -3 -2  0  3 -5  3  4  2  0 -5 -3 -1 -2 -5 -4 -2 -1 -5 -4 -3    0   1   4  18   0  16  31  17   2   0   3   2   1   0   0   1   3   0   0   2  0.68 0.36
  295 E    2 -1  2 -1 -3  1  2  0  0 -2 -2  0  0 -4  1  0  1 -2 -3 -1   17   2  13   2   0   5  17   6   2   1   3   4   3   0   7   7   7   0   0   4  0.20 0.16
  296 G   -2  1  1  3 -5  3  1  2  6 -5 -5 -1 -4 -4 -4 -1 -3 -5 -1 -5    1   8   7  15   0  13   7  16  25   0   0   3   0   0   0   2   1   0   2   0  0.72 0.35
  297 G   -1  2 -2 -2  6  2  2  2  3 -4 -4 -1 -3 -4 -4 -1 -3 -5 -3 -3    3  12   1   2  21  10  13  18   8   0   1   3   0   1   0   5   0   0   0   2  0.60 0.32
  298 L   -5 -6 -6 -7 -1 -6 -6 -7 -4 -2  3 -6  1  7 -7 -5 -5 -2  5 -1    0   0   0   0   1   0   0   0   0   0  24   0   3  52   0   0   0   0  16   3  1.56 0.56
  299 K   -4  3 -1 -2 -7  1 -2 -4 -4 -6 -5  7 -1 -6 -5 -3 -3 -6 -5 -6    0  15   3   1   0   5   1   1   0   0   0  71   2   0   0   1   0   0   0   0  1.60 0.63
  300 L   -4 -6 -6 -7 -4 -5 -6 -7 -6  2  2 -6  0 -4 -6 -5 -3 -6 -4  6    0   0   0   0   0   0   0   0   0   9  21   0   1   0   0   0   0   0   0  68  1.47 0.57
  301 A    5 -4 -3 -2 -3 -4 -4 -3 -3 -2 -3 -3  0  3 -4  1 -1 -4  2  0   55   0   1   2   0   0   0   0   0   1   1   1   2  11   0  10   3   0   7   5  0.78 0.42
  302 L    0 -5 -5 -6 -3 -5 -5 -4 -6  1  2 -5  1 -4 -5 -4 -2 -6 -4  6    8   0   0   0   0   0   0   2   0   5  17   0   2   0   0   0   1   0   0  65  1.18 0.50
  303 N   -6 -5  9  2 -7 -4 -3 -4 -3 -7 -8 -4 -6 -7 -6 -3 -4 -8 -6 -7    0   0  87  11   0   0   1   0   0   0   0   0   0   0   0   0   0   0   0   0  2.55 0.85
  304 G   -3 -4  1 -5 -3 -5 -5  7 -5 -7 -7 -3 -6 -7 -6 -2 -5 -3 -7 -7    0   1   5   0   0   0   0  88   0   0   0   1   0   0   0   3   0   0   0   0  2.12 0.70
  305 Q   -1  0  0 -3 -2  6 -1 -3 -1  0 -3  0  0 -3 -4 -1 -2 -5 -3  2    5   3   4   0   1  47   2   2   1   5   1   5   2   1   0   3   1   0   1  15  0.75 0.43
  306 G   -3 -2 -3 -3 -6  2 -3  1 10 -6 -4 -3 -5 -3  1 -3 -4 -6 -2 -5    2   2   0   1   0  10   1  11  62   0   1   1   0   1   6   1   1   0   1   0  1.87 0.68
  307 L   -2 -3 -4 -5 -2  1 -3 -5 -4  1  4 -3  2  3 -4 -1  0 -3 -1  1    3   1   0   0   1   6   0   0   0   5  44   1   5  13   0   4   7   0   1   8  0.51 0.29
  308 G   -3 -5 -4 -3  4 -4 -5  2  2 -1  3 -5 -2  5 -5 -3 -2 -3 -1 -2    1   0   0   2  10   0   0  18   6   2  31   0   0  26   0   0   3   0   0   1  0.73 0.37
  309 A    1 -2  0  4 -4  1  4 -4  2 -3 -4 -2 -4 -5 -4 -1  2 -5 -4 -2   13   1   4  25   0   4  30   0   5   1   1   0   0   0   0   2  12   0   0   2  0.67 0.36
  310 T   -4 -3 -6 -7 -6 -5 -6 -7 -3 -4 -4 -6 -2  5 -7 -5  2 -2  9 -5    1   1   0   0   0   0   0   0   0   1   0   0   1  23   0   0  11   0  62   0  2.12 0.73
  311 S    0  2  2 -1 -3  0 -1 -2  2 -3 -4  3 -3 -1 -2  2 -1 -4  1 -2    6  12  10   3   0   2   2   1   5   1   0  22   0   3   1  21   2   0   4   3  0.35 0.25
  312 M   -5 -4 -3 -5 -7 -4 -4 -6 10 -6  0 -5 -3 -2 -1 -4 -3 -5  3 -3    0   0   0   0   0   0   0   0  71   0  11   0   0   1   3   0   1   0   9   2  2.34 0.78
  313 N   -5  8 -1 -2 -3 -2 -4  0 -1 -6 -4 -1 -5 -6  0 -2 -5 -6 -4 -6    0  76   2   2   1   0   0   8   1   0   2   1   0   0   5   2   0   0   0   0  1.72 0.66
  314 Q   -2 -2 -4 -5 -4  2 -3 -5  0  1  3 -3  1  4 -4 -3 -3  2  1  2    3   1   0   0   0  12   0   0   3   9  30   0   3  18   0   1   0   2   4  12  0.48 0.28
  315 Q   -2  1 -1 -2 -3  4 -1 -3  0 -3 -1  3 -2 -3  2  0  1 -3 -3 -3    2   6   1   1   0  23   1   2   2   1   8  25   0   1   8   6  10   0   0   1  0.43 0.25
  316 A    2 -2  3  2 -4  1  0 -2 -1 -3 -3 -1 -2 -5  4  1 -1 -5 -4 -2   17   1  17  12   0   7   5   2   1   1   1   1   1   0  19   9   3   0   0   2  0.47 0.27
  317 L   -3 -5 -6 -6 -3 -5 -5 -5 -2 -1  6 -5 -1  3 -5 -5 -3  1  0 -1    2   0   0   0   0   0   0   1   1   1  72   0   0  14   0   0   1   2   3   3  1.20 0.48
  318 E   -2  0  1  0 -1  4  3 -1  2 -4 -3  0 -3 -5  2  2 -1 -5 -3 -4    1   3   7   3   1  20  21   4   4   0   2   3   0   0  10  17   2   0   0   0  0.50 0.30
  319 Q    1  4  0  0 -2  3  0 -2  1 -4 -3  1 -1 -4 -2  1  0 -5 -4 -4   11  25   3   4   1  18   4   2   3   0   2   9   1   0   1  11   4   0   0   0  0.44 0.27
  320 L   -3 -6 -3 -6 -4 -5 -6 -6 -6  6  1 -5 -2 -2 -3 -5 -3 -5 -4  4    1   0   2   0   0   0   0   0   0  56  13   0   0   1   1   0   1   0   0  25  1.29 0.50
  321 R   -4  3  5  6 -3 -1 -2 -3 -3 -6 -5 -2 -5 -6 -5 -2  0 -7 -5 -5    0  14  29  45   1   2   0   1   0   0   1   1   0   0   0   1   5   0   0   0  1.26 0.52
  322 E   -2 -1  0 -2 -4  1  3 -2  0  1 -2 -1  2 -3 -3  0  3 -3 -2  1    1   2   4   0   0   8  19   2   2   9   2   3   5   0   0   5  25   0   1  10  0.31 0.25
  323 L   -4 -5 -7 -7 -4 -5 -6 -7 -6  1  6 -6  1 -1 -6 -6 -4 -5 -4  2    0   0   0   0   0   0   0   0   0   5  78   0   3   1   0   0   0   0   0  13  1.45 0.55
  324 R   -1  2 -1 -1 -3  2  6  0 -1 -6 -4 -2 -3 -6 -4 -1 -3  0 -4 -4    4  11   3   2   0   8  56   7   1   0   1   0   1   0   0   3   0   1   0   1  0.98 0.47
  325 I   -3 -6 -7 -7 -4 -6 -6 -7 -7  6 -2 -6 -2 -4 -6 -5 -4 -6 -5  5    1   0   0   0   0   0   0   0   0  54   1   0   0   0   0   0   0   0   0  44  1.73 0.62
  326 S    1  0  1  2  0  0  1 -1 -1 -2 -2  0  0  0 -3  2  1 -3  0 -1   10   3   7  11   2   3  11   4   1   1   3   3   3   5   0  16   8   0   3   4  0.12 0.11
  327 G   -3 -6 -4 -5 -6 -6 -5  8 -6 -8 -8 -5 -7 -7 -6 -4 -5 -6 -4 -7    1   0   0   0   0   0   1  98   0   0   0   0   0   0   0   0   0   0   1   0  2.57 0.80
  328 S   -4 -4  1  8 -3 -2 -2 -4 -2 -6 -7 -3 -6 -7 -4  2 -3 -8 -6 -6    0   1   5  76   0   1   0   1   1   0   0   1   0   0   0  13   1   0   0   0  1.85 0.67
  329 V   -3 -6 -6 -6 -4 -5 -6 -7 -6  5  1 -6 -1 -3 -6 -5 -3 -6 -4  6    1   0   0   0   0   0   0   0   0  35  11   0   1   0   0   0   0   0   0  52  1.38 0.53
  330 Q   -3  1 -1 -3 -4  5  1 -4  3 -3 -3  0 -2 -5 -4  1  3 -5 -4 -2    0   8   2   1   0  33   8   1   7   1   2   5   1   0   0   9  17   0   0   4  0.72 0.43
  331 L   -5 -6 -7 -8 -5 -6 -7 -8 -7  2  6 -7 -2 -3 -7 -6 -5 -6 -5  0    0   0   0   0   0   0   0   0   0   8  86   0   0   1   0   0   0   0   0   5  1.86 0.71
  332 Y   -2 -4 -1 -4 -1 -1 -4 -5 -1 -2  2 -3 -1 -1 -5  3  4 -3  4 -2    1   0   2   0   1   3   0   0   1   1  19   1   1   1   0  23  28   0  15   1  0.65 0.42
  333 C   -1 -2 -1  3  5  1  0 -4  4 -4 -3 -3 -4 -1 -5  1 -3 -4  5 -4    4   2   2  17  13   6   6   0  10   1   2   0   0   2   0  14   0   0  19   1  0.68 0.40
  334 V   -4 -7 -7 -7 -5 -7 -7 -8 -7  3 -2 -7 -1 -3 -7 -6 -4 -7 -5  7    0   0   0   0   0   0   0   0   0  14   1   0   1   1   0   0   0   0   0  82  2.08 0.78
  335 H   -5  5 -3 -5 -7  7 -3 -6  6 -7 -4 -2 -5 -6 -5 -4 -4 -6 -4 -6    0  30   0   0   0  45   0   0  22   0   1   1   0   0   0   1   0   0   0   0  1.79 0.69
  336 S    2 -3 -2 -3 -3 -3 -3 -3 -3 -4 -4 -3 -3 -5 -3  5  4 -5 -4 -3   20   0   0   0   0   0   0   0   0   0   0   0   0   0   0  57  23   0   0   0  1.01 0.39

                      K         Lambda
Standard Ungapped    0.1422     0.3261
Standard Gapped      0.0536     0.2670
PSI Ungapped         0.1759     0.3144
PSI Gapped           0.0536     0.2670
