
Last position-specific scoring matrix computed, weighted observed percentages rounded down, information per position, and relative weight of gapless real matches to pseudocounts
           A  R  N  D  C  Q  E  G  H  I  L  K  M  F  P  S  T  W  Y  V   A   R   N   D   C   Q   E   G   H   I   L   K   M   F   P   S   T   W   Y   V
    1 M   -1 -2 -3 -4 -2 -1 -3 -3 -2  1  3 -2  7  0 -3 -2 -1 -2 -1  1    0   0   0   0   0   0   0   0   0   2  21   0  76   0   0   0   0   0   0   1  0.54 0.09
    2 K   -1  3  0 -1 -3  3  1 -2 -1 -3 -3  4 -2 -3 -2 -1 -1 -3 -2 -3    0  15   0   1   0  17   1   0   0   0   0  64   0   0   0   0   1   0   0   0  0.55 0.06
    3 A    5 -2 -2 -2 -1 -1 -1  0 -2  0 -2 -1 -1 -3 -1  1  0 -3 -2  0   90   0   0   0   0   0   0   0   0   6   0   0   0   0   0   4   0   0   0   0  0.51 0.10
    4 G    1 -2 -1 -2 -3  1 -1  6 -2 -4 -4 -1 -3 -3 -2 -1 -2  1 -3 -3    7   0   0   0   0  12   1  77   0   0   0   0   0   0   0   0   0   3   0   0  0.85 0.08
    5 A    4 -2 -1  2 -1 -1 -1 -1 -2 -2 -2 -1 -2 -3 -1  1  1 -3 -2 -1   70   0   0  15   0   0   0   0   0   0   0   0   0   0   0   0  15   0   0   0  0.40 0.09
    6 T    0 -2 -1 -2 -1 -1 -1 -2 -2 -1 -1 -1 -1  1 -2  3  3 -2 -1  1    4   0   0   0   0   0   0   0   0   0   5   0   0   9   0  33  38   0   0  12  0.27 0.07
    7 S    0 -2  0 -1  0 -1 -1 -1 -2  0 -2 -1 -2 -3 -2  4  2 -3 -2 -1    0   0   2   0   1   0   0   0   0  11   0   0   0   0   0  68  17   0   0   0  0.46 0.13
    8 M   -3 -3 -4 -5 -3 -2 -4 -5 -4 -1  0 -3 10 -2 -5 -4 -3 -4 -3  0    0   0   0   0   0   0   0   0   0   0   1   0  96   0   0   0   0   0   0   3  2.01 0.49
    9 W   -5 -5 -6 -6 -5 -4 -5 -5 -4 -4 -3 -5 -3  3 -6 -5 -5 12  0 -5    0   0   0   0   0   0   0   0   0   0   1   0   0  13   0   0   0  86   0   0  3.35 0.53
   10 A    6 -3 -3 -3 -2 -2 -2 -1 -3 -3 -3 -2 -3 -4 -1  0  1 -4 -3 -2   91   0   0   0   0   0   0   0   0   0   0   0   0   0   2   1   6   0   0   0  1.07 0.35
   11 S    1 -2 -1 -2  1 -2 -2 -1 -3 -3 -3 -2 -3 -4 -2  5  2 -4 -3  0    9   0   0   0   2   0   0   2   0   0   0   0   0   0   0  69  11   0   0   7  0.73 0.29
   12 C   -3 -6 -5 -6 11 -5 -6 -5 -5 -3 -4 -5 -4 -5 -5 -3 -3 -5 -5 -3    0   0   0   0 100   0   0   0   0   0   0   0   0   0   0   0   0   0   0   0  3.10 0.57
   13 C   -3 -6 -5 -6 11 -5 -6 -5 -5 -3 -4 -5 -4 -5 -5 -3 -3 -5 -5 -3    0   0   0   0 100   0   0   0   0   0   0   0   0   0   0   0   0   0   0   0  3.10 0.57
   14 G   -2 -3  6 -1 -4 -2 -2  4 -2 -5 -5 -2 -4 -5 -3  1 -2 -5 -4 -4    0   0  52   0   0   0   0  41   0   0   0   0   0   0   0   7   0   0   0   0  1.09 0.31
   15 L   -4 -5 -6 -6 -4 -4 -5 -5 -5 -2  3 -5 -2 -1 -5 -5 -4 11 -1  0    0   0   0   0   0   0   0   0   0   1  30   0   0   0   0   0   0  63   0   6  2.28 0.50
   16 L   -3 -3 -4 -5 -3 -3 -4 -4 -3  0  4 -4  2  5  0 -3 -3 -2  0 -1    0   0   0   0   0   0   0   0   0   0  54   0   5  33   5   0   0   0   0   0  0.78 0.27
   17 N    0  1  4  0  4  0 -1 -1  0 -1 -1  0 -1 -2 -1  0  0 -1 -1 -1    8   9  32   3  12   2   3   4   1   2   4   3   1   2   2   4   3   1   2   3  0.23 0.07
   18 E   -1  1  0  0 -2  2  3 -1  0 -1 -1  0  0 -1 -1  0  0 -1 -1 -1    4   7   2   3   1   9  34   4   1   3   8   3   4   2   3   3   4   1   2   5  0.19 0.06
   19 V    0 -1 -1  1  3 -1 -1 -1 -2  0  0 -1  0 -1 -1 -1  0 -2 -1  3    9   2   2  10   9   2   2   4   1   2   9   2   1   1   2   4   2   1   1  33  0.10 0.06
   20 M   -1 -2 -2 -3  5 -1 -2 -2 -2 -1  0  0  7 -2  0  0 -1 -2 -2 -1    3   1   1   1  16   1   2   2   0   2   6   6  42   1   5   6   2   0   1   1  0.57 0.24
   21 G    0 -1 -1  1 -2 -1 -1  4 -2 -2  1 -1  0 -2 -1 -1 -1 -2 -2 -1    9   2   1   8   0   2   3  42   0   1  16   1   2   1   2   2   2   0   1   4  0.31 0.12
   22 T    1 -2  0  3 -2 -1 -1  0 -2 -1 -2 -1 -2 -2 -1  1  4 -3 -2  0   12   1   2  19   0   1   1   5   0   1   2   1   1   1   1   6  37   0   1   7  0.31 0.16
   23 G    1 -2 -1 -2 -2 -2 -1  5 -2 -3 -3 -2 -2 -2 -2  0 -1  3 -2 -2   11   1   1   1   0   1   3  55   0   1   2   1   0   1   1   7   3   5   1   3  0.65 0.19
   24 A    3 -3 -2 -1  6 -1 -2 -1 -2 -2  0 -2 -2 -3 -2  1  1 -3 -3 -1   32   0   1   3  23   2   1   4   1   0   9   0   0   0   0  11   9   0   0   3  0.43 0.22
   25 V   -1 -3  0 -2 -2 -2 -2 -3 -3  1  1 -2  0  0  3 -2 -1 -3 -2  3    4   0   5   2   0   1   1   1   0   6  16   0   1   3  17   1   1   0   0  39  0.35 0.18
   26 R   -2  4  0  4 -4  0  3 -3 -2 -3 -2  0 -2 -3 -2  0 -2 -4 -3 -3    1  33   2  25   0   0  22   1   0   0   5   2   0   0   0   5   0   0   0   1  0.58 0.24
   27 G    0 -2  0  0 -3 -1  2  5 -2 -3 -3 -2 -3 -4  0  0  0 -3 -3 -3    5   1   3   3   0   0  20  49   0   2   1   1   0   0   4   4   5   0   0   1  0.60 0.22
   28 Q    0 -1  0 -1 -3  5  1 -2  1 -2 -2 -1  3 -3 -2  1  1 -3 -2 -2    7   0   4   1   0  35   9   1   3   1   1   1  14   0   1  14   7   0   0   1  0.43 0.24
   29 Q    0  1  0 -1 -3  5  0 -2 -1 -3 -2 -1 -2 -3  4 -1  0 -3 -2 -2    6   9   5   3   0  38   1   1   0   1   4   1   0   1  19   2   7   0   0   2  0.53 0.23
   30 S    0  1 -1  0 -2  0  2 -1  0 -2 -2  0 -1 -3  4  1  0 -3 -2 -1    7  10   2   3   0   4  16   2   2   1   2   3   2   1  24  10   7   0   1   3  0.36 0.12
   31 G    0 -1 -1  1 -2  2  2  3 -1 -2 -2 -1 -2 -3  0  0 -1 -3 -2 -1    8   3   1  10   1  13  17  26   1   2   2   1   0   1   5   3   1   0   1   5  0.28 0.13
   32 F    0 -1 -2 -1 -2 -1  0 -2  1 -1 -1 -2  0  4  2  0 -1  3  1  0    7   4   1   3   0   2   6   2   3   2   2   1   2  32  12   7   2   4   3   6  0.26 0.14
   33 A    1 -1 -1 -1 -2  1  1  3 -2 -2 -2 -1 -1 -3  3  2  0 -3 -2 -2    9   2   1   1   0   6  10  23   0   1   2   1   3   1  14  18   6   0   1   1  0.30 0.12
   34 G    1  1  1 -1 -2  1  0  3  0 -3 -2 -1 -2 -3  2  0  0 -3 -2 -2   14  10   6   1   0   8   6  23   2   1   2   1   0   1  13   7   4   0   0   1  0.28 0.12
   35 G    1 -1 -1 -2 -1 -1 -2  4  1 -3 -3  0 -2 -3  2  1 -1 -3 -3 -2    8   4   1   1   1   2   1  42   4   1   1   6   0   1  11  14   3   0   0   1  0.46 0.17
   36 T    2  1  0  1 -2  1  0 -1 -2 -1 -1 -1 -1 -3  0  1  1 -3 -2 -1   30  11   2   7   0   7   3   2   0   2   4   1   0   0   4  13   9   0   0   3  0.18 0.13
   37 G    0  2  1 -1 -3  0 -1  4 -1 -3 -3 -1 -2 -3 -2  1  0 -3 -3 -3    3  17   5   3   0   4   1  40   1   1   1   1   0   1   1  14   6   0   0   1  0.45 0.18
   38 P    1  0 -2 -2 -3 -1 -1 -2  0 -3 -3 -1 -2 -3  6 -1  1  3 -2 -2   17   7   1   1   0   1   2   1   3   1   1   1   0   1  43   2  12   5   1   1  0.80 0.24
   39 F   -1  1  0 -1 -2  1  0 -1  3 -1 -1 -1 -1  3 -1 -1  1 -1  0 -1    3   9   3   2   0   7   5   5  10   4   4   1   0  23   3   3  13   0   1   1  0.14 0.11
   40 R   -2  4  1  0 -4  5  0 -2 -1 -3 -2  1 -2 -4 -2 -1  0 -3 -3 -2    2  32   5   4   0  32   1   2   0   0   3   8   0   0   0   1   4   0   0   3  0.57 0.26
   41 F    3  0 -2 -2 -2 -2 -1  1 -2 -2 -1 -2 -2  4 -2  0  0 -2  0 -2   33   6   0   1   0   0   5  10   0   0   2   0   0  29   0   6   4   0   0   1  0.33 0.20
   42 T    1  0 -2 -3 -3  0 -2  1 -1 -3 -2 -2 -2  0 -3  0  1 -1  6 -2   18   5   0   1   0   5   1  10   0   0   1   1   0   2   1   6   9   0  40   1  0.53 0.26
   43 P   -1  0 -2 -2 -3 -2 -2 -3  1 -1 -3 -2 -3 -4  5  3  3 -4 -3 -2    3   4   0   0   0   0   0   1   4   4   1   0   0   0  36  26  20   0   0   0  0.78 0.29
   44 N    0  0  6 -1 -3  0  0 -1  0 -4 -4 -1 -3 -4 -3  3 -1 -4 -3 -3    8   3  49   0   0   3   4   2   2   0   1   0   0   0   0  23   2   0   0   0  0.73 0.31
   45 S    2 -2 -2 -2 -2  1 -2  0 -2 -3 -3 -2 -3 -3  5  3  1 -3 -2 -2   16   0   0   0   0   6   0   6   0   0   1   0   0   0  29  29   8   0   2   0  0.62 0.25
   46 D    0 -1  1  1 -3  0 -1  5 -2 -3 -2 -2 -3 -1  0 -1 -2 -3 -3 -3    7   2   6  10   0   6   1  49   0   0   4   0   0   3   5   2   1   0   0   0  0.53 0.21
   47 F   -1 -3 -1 -3 -3 -1 -3  1 -1 -2 -2 -3 -2  4 -3  0  1  0  6 -2    4   0   2   0   0   2   0  11   0   0   1   0   0  24   0   7  10   0  35   0  0.65 0.28
   48 S   -1 -1  1 -2 -3  1 -2  0  1 -4 -4 -2 -1 -4 -1  5  1 -4 -3 -3    1   2   6   0   0   5   0   6   3   0   1   0   1   0   2  64   7   0   0   0  0.72 0.35
   49 A    1 -2  1 -2 -2  0 -2 -1 -2 -1 -1 -2 -2 -3 -1  4  3 -3 -3 -1    7   0   5   0   0   5   1   3   0   2   7   0   0   0   2  40  21   0   0   3  0.38 0.23
   50 Y   -1 -2 -2 -2 -2  1 -2 -3  2 -1 -1 -1 -2  3 -1  0 -1  0  6  0    3   1   0   3   1   6   1   1   4   4   3   3   0  14   2  11   2   0  36   7  0.47 0.23
   51 P    0 -2 -2 -3 -3 -1 -2 -2 -3 -2 -3 -2 -3 -4  7 -1  0 -4 -2 -2    6   2   2   1   0   2   1   3   0   2   1   1   0   0  66   3   5   0   1   3  1.44 0.38
   52 P    0 -1 -1 -1 -3 -1 -1 -2 -2 -3 -3 -1 -3 -3  5  4 -1 -4 -2 -2    3   3   2   2   0   2   2   1   0   1   2   3   0   0  33  40   2   0   1   2  0.74 0.29
   53 A    0 -1  0 -2 -3 -2 -2 -1 -3 -1 -1 -2 -2 -2  6  1  1 -3 -3 -1    9   4   4   1   0   0   1   3   0   5   5   1   0   1  42  12   8   0   0   2  0.71 0.24
   54 S    1 -1  0 -1 -2 -1 -1 -1 -2 -2 -2  0 -1 -3  1  3  3 -3 -2 -1    8   2   2   2   0   1   2   2   0   1   3   7   1   1   5  32  27   0   0   4  0.35 0.20
   55 A    2  0 -1 -1 -2 -1 -1  2 -2 -2 -1  0 -1 -2  2  1  1 -2 -2 -1   21   6   1   2   0   2   1  14   0   1   9   4   0   1  11  14   7   0   1   1  0.20 0.11
   56 E    0 -1  0 -1  1  0  1  2 -1 -2 -1 -1 -1 -2  1  2  0 -2 -2 -1    7   3   5   2   4   3  10  15   1   2   7   2   1   1   5  26   5   0   1   2  0.16 0.10
   57 G    0  0  0 -1  1  1  2  2 -1 -2 -1 -1 -1 -1  1  1  0 -2 -2 -1    6   4   5   1   4   6  21  15   1   1   6   1   1   2   5  15   3   0   1   3  0.16 0.09
   58 P    1 -2 -2 -2 -1  2 -1 -1 -2 -2 -2 -2  0 -3  6  0  0 -3 -3 -1   10   1   1   1   1  12   3   4   0   1   3   1   2   1  41   7   7   0   1   4  0.71 0.24
   59 N    0 -2  2  2 -3  0  3  0 -2 -2 -3  0 -2 -3 -1  3 -1 -3 -3 -2    5   1  10  10   0   1  23   5   0   2   1   4   0   0   3  29   1   0   0   3  0.36 0.20
   60 I   -2 -2  0 -2 -2  1 -2 -2  4  1  1 -1  5 -1 -1 -1 -1  2  0  0    2   1   6   1   0   7   2   2  12   6  13   4  25   1   3   3   3   3   2   5  0.29 0.18
   61 V    0 -1  0 -2  1  0 -1 -1  0  0  0 -1  0  1  1  1  1  2 -1  1    9   3   4   1   3   4   2   5   2   4   6   1   1   7   8  10  11   3   1  16  0.06 0.06
   62 C   -1 -5 -4 -5 11 -5 -5 -4 -5 -3 -3 -5 -4  1 -4 -3 -3 -4 -4 -3    5   0   0   1  81   0   1   1   0   0   1   1   0   6   0   1   1   0   0   1  2.66 0.67
   63 K   -1  2 -2 -1 -2  0  3 -2  0 -4 -3  4 -2 -4 -2  1 -1 -3 -1 -3    4  10   0   2   1   1  21   1   2   0   1  40   1   0   0   9   4   0   2   1  0.54 0.26
   64 A    4 -2 -1 -2  1  0 -1  0 -3 -2 -2 -1 -2 -3 -2  2 -1 -4 -3 -2   51   1   2   2   3   3   2   6   0   2   2   3   1   0   0  18   2   0   0   1  0.51 0.27
   65 C   -3 -5 -4  0 11 -5 -5 -4 -5 -4 -4 -5 -4 -5 -5 -3 -3 -4 -5 -3    1   0   0   6  87   0   1   1   0   0   1   0   0   0   0   1   1   0   0   1  2.93 0.73
   66 G   -1  0  0 -2 -3 -2 -3  5 -1 -4 -3 -1  1 -4  1  0 -2 -4 -2 -3    3   5   4   0   0   0   1  57   2   0   2   3   6   0   6   6   1   0   1   1  0.76 0.30
   67 L    1  0 -2 -2 -2  0 -1  1 -1  1  1  0  0 -2 -2  0  0 -3 -2  1   12   4   0   0   0   5   1  11   1   6  18   6   2   0   0   6   7   0   0  17  0.09 0.09
   68 S    0  2  0 -1  1  1  0 -2  5 -3 -2  2 -2 -3  0  1  0 -3 -2 -2    7  10   3   2   3   7   6   1  18   0   4  16   0   0   4  13   4   0   0   2  0.28 0.17
   69 F   -4 -4 -2 -5 -4 -4 -5 -5 -3 -1  1 -4 -2  8 -1 -4 -4 -2  0 -1    0   0   3   0   0   0   0   0   0   3  11   0   0  72   3   0   0   0   0   5  1.44 0.50
   70 S    1  0  1  3 -3 -1  0  0  1 -2 -1 -1 -2 -3 -1  2  1 -4 -3 -1   13   6   5  22   0   0   3   4   4   0   5   0   0   0   2  22   8   0   0   5  0.26 0.20
   71 V    0 -2  1 -2 -2 -2 -2 -2  1  0  1 -2 -1  1 -3  2  2 -3 -2  1    5   0   8   0   0   0   0   2   4   5  13   0   0   7   0  22  18   0   0  15  0.21 0.21
   72 F   -1 -2 -1 -3  0 -1 -1 -3  0  0 -1 -2  0  4  2  2  0  2 -1 -1    3   2   2   0   2   2   3   1   2   6   4   0   3  24  12  23   5   3   0   3  0.30 0.24
   73 R    0  3  0 -1 -2  0  1 -2 -1  0 -1  1 -1  0 -2  0  1 -3 -2 -1   11  23   4   0   0   3  12   0   0   7   7   5   0   5   0   8  10   0   0   4  0.16 0.13
   74 K   -1  3 -2 -2 -3  1 -1  0  1 -1 -1  2  0 -3  0  0  1  5 -2 -2    4  18   0   0   0   8   0   9   4   4   4  16   4   0   4   4   8  11   0   0  0.30 0.20
   75 K   -1  1 -1  1 -2  1  1 -2 -1  0  0  1  2 -2 -2  0  1 -3 -2 -1    1  10   0  10   0   9  10   1   0  10  10  10   9   0   0  10  10   0   0   1  0.12 0.10
   76 H   -2  3  1 -3 -4  1 -2  1  6 -2 -3  2 -1 -1  0 -1 -2 -3  2 -3    0  15   5   0   0   5   0  10  24   3   0  17   2   3   5   4   0   0   6   0  0.49 0.28
   77 V   -1  0  0 -2 -1  2  0 -2  0  1 -1  0  0 -1 -1  0  1 -3 -2  1    3   5   6   0   2  12   7   1   2  10   5   7   2   2   2   9  12   0   0  16  0.10 0.11
   78 C   -2 -4 -4 -4 10 -4 -4 -4 -4 -3  0 -4 -3 -3 -4  1 -2 -4 -4 -3    1   1   1   1  70   1   1   1   0   1  10   1   0   1   1  10   1   0   0   1  1.99 0.49
   79 C    0  0  0 -2  4  1 -1 -1 -2 -2  0  0  1  0 -2  2  0 -2  1 -1    5   6   3   0  11   7   4   5   0   0  10   4   4   5   0  19   7   0   6   4  0.13 0.16
   80 D   -1 -2  1  5 -4  1  2  0  1 -3 -4  0 -3  0 -3  0 -2 -4 -3 -1    5   0   6  38   0   6  11   6   4   0   1   5   0   5   0   6   0   0   0   5  0.52 0.30
   81 C   -4 -5 -5 -5 11  1 -5 -5 -5 -4 -4 -5 -4 -5 -5 -4 -4 -5 -5 -4    1   0   0   1  84   7   1   1   0   0   1   1   0   0   0   1   1   0   0   1  3.27 0.90
   82 K   -3  2 -1 -2 -4 -1  2  1  1 -4  0  5 -3 -2 -3 -1 -2 -4 -3 -3    1   9   3   2   0   0  13  10   4   0   9  41   0   2   0   3   2   0   0   1  0.56 0.31
   83 K   -3  4  0 -2 -5  0  1 -2 -3 -4 -2  5 -2 -4 -3  0 -3 -4 -1 -4    0  27   5   1   0   2  10   3   0   0   4  36   1   0   0   7   0   0   2   0  0.76 0.38
   84 D   -2 -3  3  2  0 -1 -3 -3  1 -1  0 -2 -2  1 -4  0 -2 -2  5  0    1   0  14  14   2   2   0   1   3   2   8   1   1   4   0   9   2   0  28   6  0.50 0.31
   85 F   -4 -5 -5 -5 -5 -5 -5 -5  0 -3  1 -5 -3  7 -5 -5 -2 -2  6 -2    0   0   0   0   0   0   0   0   2   0  12   0   0  51   0   0   2   0  26   3  1.60 0.58
   86 C   -4 -6 -5 -5 11 -5  0 -2 -5 -5 -5 -5 -5 -5 -5 -4 -4 -5 -5 -4    1   0   0   0  82   0   7   4   0   0   1   0   0   0   0   1   0   0   0   0  3.13 0.89
   87 S    0 -1  0 -1  1 -2 -2  0  0 -3 -3 -1  1 -2 -2  4  2 -4 -3 -2    8   2   5   2   3   1   1   5   2   1   2   3   5   2   2  43  12   0   0   1  0.49 0.35
   88 V   -1  1  3  1 -3 -1  1 -1  0 -2  0  0 -1 -2 -1  1  1 -4 -3  0    4   8  17   7   0   1   8   5   2   1  10   3   1   1   2  12  10   0   0   8  0.15 0.15
   89 C    0 -6 -6 -6 11 -6 -6 -3 -6 -5 -5 -6 -5 -6 -6 -4 -4 -5 -6 -4    7   0   0   0  85   0   0   2   0   0   1   0   0   0   0   1   0   0   0   0  3.38 1.01
   90 S   -1 -1 -3 -3  1 -3 -3 -3 -3 -1  2 -3  0  1 -3  5 -1 -1 -3  1    2   4   0   0   3   0   1   1   0   2  21   0   2   5   0  45   2   1   0   9  0.57 0.39
   91 V    1 -2  0 -3 -2 -2 -1 -3 -1  2  0 -1 -1 -2  0  2  1 -3 -3  3    9   1   4   1   0   1   3   1   1  17   6   2   1   0   5  18   7   0   0  21  0.23 0.20
   92 L   -2  2 -1 -1 -4  4 -1 -2 -1 -2  0  3 -2 -1  0 -1  0 -4 -1 -2    2   9   3   3   0  26   1   3   1   2   9  20   1   2   5   4   5   0   2   2  0.37 0.28
   93 Q    0  3  0 -1 -2  3  1  0  0 -3 -1  0 -1 -2  1  0  0 -3 -2 -1    5  19   4   3   1  15   8   6   2   0   5   3   2   2   8   7   4   0   1   3  0.22 0.17
   94 E    0 -1  0  3 -4  1  4  1 -2 -4 -3 -1 -3 -4 -1  0 -1 -1 -3 -3    8   2   5  15   0   5  35  11   0   0   3   2   0   0   2   6   3   1   0   2  0.48 0.29
   95 N   -2  1  5  2 -4 -1 -1  1 -1 -4 -4  1 -3 -3  1  0 -1 -4 -3 -4    2   9  29  13   0   2   2  12   1   1   1  11   0   1   7   7   3   0   0   1  0.49 0.28
   96 L   -1  1 -2 -2 -3 -1 -1 -1 -2  1  1 -1 -1 -2  4  0  0 -3 -3  1    5   9   1   1   0   3   4   6   1   9  14   2   0   1  21   5   7   0   0  12  0.25 0.18
   97 R   -2  5  0 -3  0  0 -2 -3  0 -1  0  0 -2  2 -3 -2  0  0 -1 -3    2  43   5   0   2   3   1   1   2   4  10   3   0   9   1   2   7   1   2   1  0.57 0.34
   98 R   -2  2  0 -1  2  2 -2 -3 -2 -1  2  0  1 -1 -3 -1  0 -1 -1  0    1  16   5   4   6  10   1   1   0   3  25   4   4   1   1   5   6   1   2   7  0.18 0.17
   99 C   -1 -5 -5 -2 11 -5 -5 -5 -5 -4 -4 -5 -4 -5 -1 -1 -4 -5 -5 -4    4   0   0   3  78   0   1   1   0   0   1   0   0   0   4   5   0   0   0   1  2.82 0.82
  100 S    0  1  0  2 -1  1  1 -1  3 -2  0  0 -1 -1 -1  1 -1 -3 -1 -2    6   8   4  11   1   5   8   4  10   2  13   7   0   3   2   9   3   0   2   1  0.11 0.10
  101 T   -1  3  0  0 -3 -2 -2 -3 -3 -2  0  1 -2 -3  0  1  3 -4 -1 -1    2  17   4   4   0   0   1   1   0   2  12  10   0   0   4  10  26   0   2   4  0.31 0.24
  102 C   -4  0 -5 -5 11 -5 -5 -5 -5 -4 -4 -5 -4 -5 -5 -1 -4 -5 -5 -4    1   7   0   0  82   0   1   1   0   0   1   0   0   0   0   4   0   0   0   1  3.09 0.87
  103 H    0  2  0 -2  2  4  0  0  4 -2 -2  0 -2  0 -3  0  0 -3 -2 -2    6  14   3   1   5  21   3   6  12   1   4   3   0   4   0   8   5   0   1   2  0.31 0.22
  104 L   -1  2 -2 -3 -3 -2 -3 -3 -1  2  2 -2  1 -2 -3  0  0 -3  1  2    5  16   1   1   0   0   1   1   1  13  23   1   4   0   1   7   4   0   5  15  0.25 0.19
  105 L   -4 -4 -5 -5 -4 -4 -4 -5 -4  1  4 -4 -1  5  0 -4 -3 -3 -1  0    1   0   0   0   0   0   1   1   0   8  48   0   0  30   4   1   0   0   0   4  0.97 0.41
  106 Q    0  3  0 -2 -2  2 -1 -1  2 -2 -3  1 -1 -2 -3  2  0  0  1 -3    6  19   4   0   1  11   2   5   7   2   1   7   2   1   0  21   5   1   6   0  0.30 0.23
  107 E    1  2 -2  0  0  0  1  1  0 -2 -1  0  0 -3 -2  1 -1 -3 -3 -2   17  16   0   4   2   4   9  14   3   1   6   6   2   0   0  10   3   0   0   2  0.18 0.15
  108 T   -1  3  1 -1  1  0 -2  0 -2 -1 -3  0  0 -3  2  0  2 -4 -3 -1    5  22   8   3   3   3   0   6   0   3   1   4   3   0   9   5  20   0   0   3  0.26 0.23
  109 A    1 -1 -1 -1 -3  2 -1 -2  1 -2  0  0  0  0  4  0 -2 -3 -2 -1   12   2   3   2   0  10   3   2   4   0  14   7   3   4  22   6   0   0   0   5  0.27 0.20
  110 F    0 -3 -3 -4 -3 -1 -3 -2 -3  1  2 -3  2  5 -1 -1 -1 -2 -1  0    8   0   0   0   0   3   0   3   0   6  25   0   6  29   3   6   4   0   0   4  0.37 0.27
  111 Q   -2 -1  3  2 -3  3  2 -2  2  0 -2 -1 -2 -3 -1  0  1 -3  1 -1    0   3  15  10   0  15  12   2   6   7   3   0   0   0   2   7   8   0   5   3  0.24 0.22
  112 R   -3  7 -3 -3 -5  0 -2 -4 -1 -3 -2  2 -3 -1 -1 -2 -3  3 -3 -4    1  64   0   0   0   3   0   1   1   2   4  11   0   3   3   3   0   4   0   0  1.13 0.45
  113 P    0 -1  2  2 -3  1  2  0  0 -2 -3  0 -2 -3  2  1  0 -3 -2 -1    6   1  11  12   0   6  14   5   3   3   1   6   0   0  10  14   4   0   0   3  0.25 0.13
  114 Q    0  1  1  3 -3  4  2 -1  0 -3 -2  0 -2 -1 -2  0 -1 -3 -1 -3    6   7   7  16   0  25  14   2   2   0   4   2   0   3   0   6   3   0   2   1  0.36 0.19
  115 L   -3 -4 -4 -4 -3 -4 -4 -5 -4  3  5 -4  0 -1 -4 -4 -3 -3 -3  1    1   0   0   0   0   0   1   1   0  20  65   0   0   0   0   1   0   0   0   9  0.91 0.33
  116 M    0  0 -2 -2 -2  1  0 -2 -2  0  1 -1  5  1 -3 -1 -1 -3 -2  0    8   6   0   1   0   8   7   3   0   5  10   3  28   6   1   3   3   0   0   7  0.24 0.18
  117 R   -1  2  0 -1 -3  4  1  0  1 -3 -1  3 -2 -3 -2  0 -2 -3 -1 -2    5  10   3   2   0  24   5   8   4   1   8  19   0   0   1   4   1   0   2   3  0.27 0.16
  118 L   -2 -2 -3 -3 -2 -2 -3 -3 -2  2  3 -2  3  1 -3 -2 -1  4  0  1    1   1   1   1   0   1   1   1   0  14  39   1  15   8   1   1   1   7   0   8  0.34 0.10
  119 K   -1  3  1 -1  2  0  1 -2 -1 -3 -2  3 -2 -3  1  0  0 -3 -2 -2    1  19   6   1   6   1   6   1   0   1   1  35   0   0   6   7   6   0   0   1  0.32 0.10
  120 V    1 -2  1 -2  3 -1 -2 -2 -2  1  0 -1 -1 -2  2  1  1 -3 -2  1   11   1  10   1  10   0   1   1   0  11  11   1   0   0  11  11  11   0   0  11  0.15 0.09
  121 K   -1  3  2 -1 -3  0  0 -2 -1 -3 -3  5 -2 -3 -2  1 -1 -3 -2 -3    1  15  13   1   0   1   1   1   0   1   1  51   0   0   1  11   1   0   0   1  0.52 0.15
  122 D   -4 -3 -1  7 -5  1  1 -4 -1 -5 -5  0 -4 -5 -4 -2 -2 -6 -3 -3    0   0   0  76   0   7   6   0   1   0   0   6   0   0   0   0   2   0   1   2  1.42 0.39
  123 L   -3 -4 -5 -6 -3 -4 -5 -6 -5  2  6 -5  1 -2 -5 -4 -3 -4 -3 -1    0   0   0   0   0   0   0   0   0   8  90   0   2   0   0   0   0   0   0   0  1.30 0.38
  124 R   -3  5 -2 -3  0  4 -1 -4 -1  0 -3  3 -3 -4 -3 -2 -2 -4 -3 -3    0  45   0   0   3  22   0   0   1   7   0  19   0   0   0   1   1   0   0   1  0.88 0.31
  125 Q   -2 -1 -1  3  4  3  2 -2 -1 -3 -3  1 -2  1 -3 -1 -2  4 -2 -2    2   2   1  19  10  22  11   2   1   0   1   8   0   9   0   1   0   8   0   2  0.43 0.20
  126 Y   -4 -4 -5 -6 -4 -4 -5 -5 -1 -1  0 -4 -2  5 -5 -4 -4  0  8 -2    0   0   0   0   0   0   0   0   0   4   7   0   0  28   0   0   0   0  60   1  1.65 0.43
  127 L   -3 -4 -5 -5 -3 -4 -5 -2 -5  1  5 -4  2  0 -5 -4 -3 -3 -3 -1    0   0   0   0   0   0   0   4   0   6  83   0   3   3   0   0   0   0   0   0  1.06 0.34
  128 I    0  1  2  1 -3  2  1 -2  4 -1 -1  0 -1 -3 -2  0 -1 -3 -2 -1    9   7  10   8   0  15   7   0  13   4   7   3   1   0   0   7   2   0   0   5  0.19 0.11
  129 L    2  2 -1 -1 -2 -1 -1 -2  1 -1  2  1 -1 -2 -2  0  1 -3 -2 -1   20  12   2   3   0   0   1   0   4   0  26  11   0   0   0   7  13   0   0   1  0.17 0.14
  130 R    0  4  2 -2 -4  1 -1 -3  5 -4 -4  3 -3 -1 -3 -2 -2 -3  2 -3   10  23  10   0   0   7   0   0  16   0   0  25   0   2   0   0   0   0   8   0  0.56 0.23
  131 N   -2 -1  5  1 -4  1  1 -1  4 -4 -4  1 -3 -1  0  1 -1 -4 -2 -3    0   1  35   6   0   4   8   2  12   0   0  11   0   4   4   8   2   0   0   1  0.49 0.20
  132 I   -3 -4 -5 -5 -3 -4 -5 -5 -5  5  1 -4 -1 -2 -4 -4 -2 -4 -3  4    0   0   0   0   0   0   0   0   0  51  11   0   0   0   0   0   1   0   0  37  1.00 0.31
  133 P   -2 -3  0  0 -4 -1 -1 -1 -3 -5 -5 -2 -4 -5  6  4 -1 -5 -4 -4    0   0   4   4   0   1   2   4   0   0   0   0   0   0  37  46   1   0   0   0  1.06 0.34
  134 I    0 -3 -2 -3  2 -2  0 -3  0  1 -1 -2  0  0 -3  0  5 -3  0  0    5   0   0   0   6   0   6   0   3  10   2   0   2   4   0   3  50   0   4   4  0.49 0.24
  135 D    1  2  1  2 -3  2  2 -2  1 -3 -3  2 -2 -2  0  0 -1 -3 -1 -1   12  10   5  11   0   9  14   1   5   1   0  16   0   1   3   4   2   0   1   4  0.24 0.11
  136 T   -1 -1  0  2 -3 -2 -2  3 -1 -2 -1 -2  3 -2 -3  0  2 -4 -3 -2    2   4   3  18   0   1   0  29   2   0   5   0  14   2   0   4  17   0   0   0  0.35 0.19
  137 C   -1 -2 -3 -4  9 -3 -3 -3 -3 -1 -1 -3 -2 -3 -3  1 -2 -3 -3  0    4   3   0   0  62   0   1   1   0   2   6   1   0   0   0  12   1   0   0   6  1.28 0.30
  138 R   -1  3 -2 -2  1  0 -1 -3 -2  1  0  2  0  0 -2 -1 -1 -3 -1  1    1  29   0   0   4   3   1   1   0  11   8  14   2   6   0   1   3   0   0  16  0.21 0.11
  139 E   -2 -1 -1  0 -4  0  6 -3  2 -3 -2 -1 -3 -3 -2  1 -2 -4 -3 -3    1   0   0   0   0   0  71   1   6   0   5   1   0   0   0  12   1   0   0   1  0.88 0.28
  140 K   -1  0 -2 -2 -4  0 -1 -3 -2 -1 -3  6 -3 -4  1 -2 -2 -5 -3 -1    4   0   0   0   0   0   0   0   0   5   0  81   0   0   6   0   0   0   0   5  0.98 0.34
  141 E    0  1 -1  1 -4  1  5 -3  0 -4 -2  0 -3 -3  0  0 -1  2 -2 -3    8  10   1   7   0   3  53   0   1   0   3   2   0   0   3   3   1   4   1   0  0.56 0.21
  142 D   -2  1 -1  5 -4  1  4 -3 -2 -3 -3 -1 -3 -4 -3 -1  0 -4 -3 -1    0   9   0  43   0   4  31   0   0   0   2   0   0   0   0   0   6   0   0   5  0.72 0.24
  143 L   -3 -3 -4 -4 -3  1 -3 -5 -3  1  5 -3  3  1 -4 -3 -2 -3 -2 -1    0   0   0   0   0   9   0   0   0   3  72   0  11   6   0   0   0   0   0   0  0.75 0.26
  144 V   -1  0 -3 -1  2 -3 -3 -4 -3  2  1 -3  1 -2 -3 -2 -1 -3 -2  4    0   6   0   5   6   0   0   0   0  11  11   0   3   0   0   0   0   0   0  55  0.44 0.19
  145 D   -2  0  1  3 -2  1  4 -2  3 -3 -3  1 -2  0 -2 -1 -2 -3 -1 -3    0   3   6  21   1   4  34   2   8   0   2   8   0   5   0   2   0   0   1   1  0.42 0.15
  146 L    1 -1 -3 -3 -2  0 -2 -3 -3  1  3 -2  1 -1 -3 -2 -1  2 -2  1   20   4   0   0   0   6   0   0   0  10  48   0   1   0   0   0   0   3   0   5  0.29 0.15
  147 V   -1 -3 -3 -3  0 -3 -3 -2 -3  3  1 -3  0  2 -3 -1 -1 -3 -1  4    1   0   0   0   2   0   0   3   0  17  10   0   0   9   0   6   0   0   0  47  0.36 0.16
  148 L   -3 -3 -4 -4 -3 -3 -1 -5 -4  2  4 -2  4  0 -4 -4  0  2 -3  0    0   1   0   0   0   0   5   0   0   9  53   3  12   3   0   0   5   3   0   4  0.71 0.32
  149 C    1  1  0 -1  5  0 -1  2 -2 -1 -1  0 -2 -2 -2  1  0 -3 -2 -2   12   9   6   2  15   4   3  14   0   3   5   5   0   2   1  13   5   0   1   1  0.22 0.14
  150 H   -3 -2  0 -2 -4  3 -2 -3  7 -3 -2 -2  2  2 -3  0  0 -3  3 -3    1   1   5   2   0  18   1   1  27   1   4   1   5   9   1   7   5   0  12   1  0.68 0.32
  151 H    1  2 -2  0 -1  3 -1 -2  2 -1  0  0 -1  0 -3  0 -1 -3 -2  0   11  12   0   5   1  19   2   1   6   2  12   3   0   4   0   8   2   0   1  10  0.16 0.16
  152 R   -1  1  2  1  0  0  0  2 -1 -3 -3  0 -3 -4  3  1  0 -4 -2 -3    4   9  13   6   3   4   7  14   1   1   2   5   0   0  17   9   4   0   1   1  0.32 0.16
  153 L    0 -1  0  0 -2  1 -1  0  0  1  0 -1  1 -1  2  0  0 -3 -2  1    9   3   3   4   0   9   3   6   3   9   8   2   4   3  10   6   7   0   0  10  0.07 0.11
  154 G    0  1  0 -1  0  0  1  1  0  0 -1 -1  0 -3  0  1  1 -3 -3  0    9   7   3   3   2   3   9  13   2   8   3   3   2   0   5  11  10   0   0   5  0.09 0.13
  155 S    0 -1  0  1  1  0  1 -1 -2 -1 -2 -2 -2  0  1  2  0  2  1 -1    9   4   4   8   3   5   8   4   0   3   3   0   0   3   6  22   6   3   6   4  0.14 0.20
  156 E   -1  0  0  1  1  1  3  0  1 -1 -2  0 -2 -3  0  1  0 -3  0 -1    4   5   4   6   3   7  23   8   3   4   3   4   0   0   4  10   4   0   4   3  0.18 0.20
  157 D   -1  0  0  3  1  1  2  0  2 -2 -1 -2 -1 -3  1  1  0 -4 -1 -2    4   5   4  16   3   5  13   6   6   2   6   0   2   0   6  12   4   0   2   2  0.19 0.21
  158 D    0  0  0  0  2  0  0  0  2  0 -1 -1  1  0  0  0  0 -2  1  0    6   6   5   6   5   5   6   6   5   6   6   0   5   5   6   6   6   0   5   6  0.03 0.09
  159 L    0  0  0  0 -3  1  0  0 -2  0  0  0  1  0  1  0  0  3 -1  0    6   6   6   6   0   6   6   6   0   6   6   6   6   6   6   6   6   6   0   6  0.06 0.09
  160 D   -1  2  1  3 -4  0  1 -1  2 -3 -3 -1 -1 -2  1  1  1 -4 -1 -2    4  12   6  16   0   3   9   5   5   1   2   2   2   2   6  11  10   0   2   2  0.25 0.25
  161 T    0  0  1  1  0  0  1  0  1 -1 -2 -2 -1 -2  0  0  3  0  1 -1    9   5   6   6   2   3   9   6   3   3   2   0   1   1   3   7  22   1   5   4  0.16 0.22
  162 S    0  1  1  1  0  0  1  0  0 -1 -3 -1 -3 -3  2  1  1  0  0 -1    6   9   7  10   2   3   9   6   2   3   2   1   0   0  12  11   7   1   3   4  0.17 0.20
  163 S    0  0  0  0 -2  1  0  0  1  0 -1  0  1  0  1  0  0 -2  1  0    6   6   5   6   0   5   6   6   5   6   6   6   5   5   6   6   6   0   5   6  0.03 0.06
  164 L   -1  0  0  0 -1 -1  1 -1  0  0  2 -2 -1  1  0  0  0 -3  0  0    4   5   4   4   1   1  12   4   3   6  22   0   1   8   4   7   7   0   2   4  0.08 0.14
  165 N   -2  0  2  0  0  1  2 -2  3 -2 -2 -1 -1 -2  1  1  1 -4  0 -1    2   5  11   5   2   5  12   3   9   2   3   3   1   1   6  12  11   0   3   4  0.22 0.23
  166 S   -1  0  0  0 -4  1  1 -1  0 -2 -3 -1 -1 -1  2  3  1 -4 -3 -2    4   4   5   6   0   7   8   5   3   3   2   2   1   3  11  24   9   0   0   3  0.27 0.29
  167 S    0  0  1  2 -1  0  1 -1  0 -1 -1 -1 -1 -2  2  2  0 -4 -2 -1    6   5   7  12   1   3  10   4   3   5   5   1   2   2  10  16   5   0   1   3  0.16 0.19
  168 R    0  2  0  1 -3  0  1 -1  0 -1 -1  0 -2  2  1  0  0 -3  0 -1    7  11   4   8   0   5   9   3   2   4   6   4   0  10   8   9   4   0   3   3  0.11 0.15
  169 S   -1  0  0 -1  1  2  1 -2  0 -2 -2 -1 -1 -4  3  3  1 -4 -1 -2    4   6   4   3   3   8   9   2   2   2   3   2   2   0  14  23   8   0   2   2  0.30 0.31
  170 Q   -1  1 -1  1 -4  3  3  0 -1 -4 -3 -1 -1 -2  0  0  1 -4  0 -1    4   6   3   8   0  12  21   8   1   0   2   2   1   1   5   8   9   0   3   6  0.27 0.28
  171 T   -1 -1  2  1 -1  3  1 -2 -1 -2 -2 -1 -3 -1  0  0  3 -4 -2 -1    5   3   9   7   2  14   8   2   1   2   4   2   0   3   5   7  21   0   1   4  0.24 0.28
  172 S    0 -1  1  0 -4  4  0 -1 -1 -1 -2 -2 -1 -4  1  2  0 -4 -4 -2    8   2   7   5   0  21   5   4   1   4   4   1   2   0   8  18   7   0   0   2  0.32 0.33
  173 S    1 -1  0  2 -3 -1  1  0  0 -2 -3 -2 -3 -3  1  2  1 -4 -1 -2   14   3   5  14   0   2   9   7   2   3   2   0   0   1   7  17   9   0   2   2  0.23 0.24
  174 F   -1 -1 -2  0 -2  0  1 -2  1 -1  0 -3  0  4  1  0  0 -3  0 -2    6   4   1   6   1   5   9   3   3   2   8   0   2  23   9   7   6   0   3   2  0.24 0.24
  175 F   -1  0  0  0  0  0  0 -2  1 -1  1 -1  0  2  1  0 -1 -3 -1  0    3   4   4   7   2   5   7   2   4   1  16   3   2  12   7   7   4   0   1   9  0.08 0.14
  176 T   -1 -1  0  0 -1  1  0 -2 -1  1 -1 -2 -2 -1  2  1  4 -4 -2 -1    5   2   3   6   1   7   6   3   2   8   4   1   1   2   9   9  26   0   1   3  0.25 0.28
  177 H   -1  0  0  0 -4  3  1 -2  4 -3 -1 -2 -1 -1  1  0 -1 -4  1 -1    4   5   5   6   0  17   9   3  12   0   8   0   2   3   8   7   4   0   5   4  0.26 0.28
  178 S   -1  0 -1  0  0 -1  0 -2 -1 -1 -1 -3 -1 -4  5  3  0  0 -4 -1    4   5   3   4   2   2   6   3   2   3   7   0   1   0  27  21   5   1   0   5  0.46 0.38
  179 F   -1 -1  1  0 -3  0  0 -1  3 -2  0 -1 -1  2  3  1  0 -3 -1 -1    5   3   7   4   0   5   5   3   8   2   8   3   2   9  15  10   5   0   2   3  0.17 0.19
  180 F    0  0  0 -1 -3  0  0 -1  0 -1 -2 -1  0  1  2  2  1 -3  0 -1    6   5   5   2   0   5   7   4   3   4   3   2   2   8   9  17  12   0   3   4  0.13 0.18
  181 S    0  0  0  0  1  0  0  0  1 -1 -1 -2  0 -1  1  3  1 -4 -3 -1    5   5   4   4   3   5   5   7   4   3   5   0   3   3   6  24  10   0   0   4  0.15 0.21
  182 N   -1  0  1  0  1  0  0 -1  1 -1  0 -2  1 -1  1  1  1 -3  0 -1    4   5   7   4   3   4   6   5   4   3   8   0   5   3   8  11  12   0   3   4  0.08 0.13
  183 Y    1 -1  1  0 -2  0  0 -1  0 -1 -1 -1 -1 -1  2  0  0 -3  1  1   10   4   9   4   1   4   7   5   3   2   4   2   1   3  10   8   6   0   6  11  0.10 0.13
  184 T    0 -1  0 -1  0  1 -1  0  2 -2 -2 -2 -3 -4  3  2  2 -4 -1 -1    6   4   5   4   2   6   4   7   5   2   5   1   0   0  15  16  13   0   3   3  0.25 0.25
  185 A    1 -2  0 -1 -4  0  0 -3 -1 -3 -1 -3  0  0  4  3  0 -4 -2 -1   11   1   5   3   0   3   5   2   2   1   6   1   2   4  20  23   6   0   1   4  0.38 0.34
  186 P   -1 -1  0  0 -5 -1  1 -2 -1 -3 -1 -3 -1 -2  5  0  3 -5 -4 -3    4   4   4   4   0   3   9   3   2   1   7   0   1   2  31   8  16   0   0   1  0.61 0.45
  187 S    0 -1  1 -1  0 -1 -1 -2 -2 -2 -2 -2  1 -1  1  4  2 -5 -3 -2    7   3   7   3   2   2   3   3   1   3   5   1   3   2   6  33  15   0   1   2  0.39 0.38
  188 A    1 -1  1 -1 -4  0 -1 -2  2 -1 -3 -2 -1 -1  3  3  1 -4 -2 -2   12   3   7   3   0   4   4   2   6   3   2   2   1   2  15  20  10   0   1   3  0.30 0.29
  189 T    0  0  1  1 -4 -1  0 -1  0 -1 -3 -3 -2 -2  3  2  3 -5 -2 -1    6   5   5   8   0   2   6   4   2   3   2   0   1   1  14  17  17   0   1   4  0.29 0.29
  190 A    1  0 -1 -1 -1  0  1 -1 -1 -1  0 -1  1 -2  1  1  1 -3 -2  0   11   5   2   2   1   5  10   5   2   3  10   3   4   2   8  13   7   0   1   7  0.09 0.13
  191 S    0 -1 -1 -1 -4  0 -1 -1  0 -2 -2 -2  0 -2  3  3  1 -4 -1 -1    8   3   3   4   0   4   4   4   2   3   3   2   3   2  15  26   8   0   2   5  0.29 0.30
  192 S    0  0  1 -1 -2 -1  1 -3  0 -2 -3 -2 -4 -3  2  4  2 -5 -4 -3    7   6   6   3   1   2   8   1   2   2   2   2   0   1  10  35  10   0   0   2  0.49 0.43
  193 F    1 -2  0 -1 -2 -1 -1 -2  2 -1 -1 -2 -1  1  1  3  2 -1 -2  0    9   2   5   3   1   2   4   2   5   3   5   1   1   8   7  22  12   1   1   6  0.20 0.25
  194 Q    0 -1  1 -1 -3  3  1 -3 -1 -4 -2 -2 -4 -3  3  3  0 -5 -3 -4    6   4   7   2   1  16   8   2   2   1   4   2   0   1  15  23   6   0   1   0  0.48 0.42
  195 G    1 -1  0 -1 -1 -1 -1  2  1 -1 -2 -2 -3 -1  2  1  0  0 -1  0   13   4   3   4   1   3   4  19   3   4   4   0   0   3  10  10   7   1   2   6  0.16 0.18
  196 E    0 -2 -1  3 -2  2  3 -1  0 -2 -3 -3 -4 -1  1  2 -1 -5 -2 -2    6   2   2  14   1  11  20   4   2   2   3   0   0   3   8  17   2   0   1   2  0.38 0.36
  197 L    2 -1  1 -1 -1  0  0 -1  0 -1  1 -2  0 -1  2  0  0 -1 -1  0   17   2   7   3   1   3   6   3   2   2  16   0   2   3  10   8   7   1   1   6  0.11 0.17
  198 M    0 -1  1 -1  0  1 -1 -2  1  0 -1 -2  2 -2  1  2  1 -4 -3  0    9   3   6   4   2   6   3   2   4   6   5   0   5   2   8  19  10   0   0   7  0.16 0.21
  199 G    0 -1  1  0 -4  0  1  0  1 -1 -2 -1 -3 -2  2  2  1  0 -1 -2    7   2   8   6   0   3   8   7   3   4   3   2   0   2   9  20   9   2   2   3  0.19 0.22
  200 G    0  2  0  0  0  2  0  1  1 -1 -2 -2 -3 -3  1  0  0 -4 -1  0    9  12   3   5   2   9   6  12   4   3   4   0   0   0   8   7   5   0   2   8  0.14 0.18
  201 D   -1  0  0  2 -4  0  2 -1  0 -1 -3 -2 -3 -2  2  2  1 -4 -1 -1    4   6   3  14   0   5  12   5   2   3   2   0   0   2   9  16   9   0   2   4  0.23 0.24
  202 R    1  1  0 -1  1  1  0  0  2 -1 -2 -1 -1 -3  1  1  0  0 -1 -1   14   9   3   3   3   7   7   7   5   2   4   2   1   0   8   9   5   2   2   5  0.12 0.14
  203 T    0 -1  1  0 -1  2  0 -1  0 -2 -2 -2 -1 -3  2  2  2 -4 -1 -1    9   4   6   6   1   9   7   5   2   2   4   0   1   0   9  14  14   0   2   4  0.18 0.21
  204 L    1 -1  0 -1 -2  2  1 -2  1 -2  0 -1 -1 -1  2  1  1  0 -3 -1   10   3   5   3   1  10   8   2   3   2   8   2   1   3  11  12  10   1   0   4  0.15 0.18
  205 G    1  1  0 -1 -3  1  0  2 -1 -1 -2 -1 -1 -1  0  1  0 -3 -1 -1   13   7   4   2   0   7   5  16   1   5   3   1   2   3   4  13   7   0   1   4  0.13 0.16
  206 S    0  0  1  0 -2  1  0  0  2  0 -1 -1 -1  1  1  0  0 -2  1  0    6   6   6   6   0   6   6   6   6   6   6   0   0   6   6   6   6   0   6   6  0.05 0.08
  207 G    0  1  0  0 -3  2  1  0  1 -1 -1 -1 -2 -3  2  1  0 -3  0 -1    9   8   5   5   0  10   8   9   4   3   5   0   0   0  11   9   5   0   3   5  0.14 0.14
  208 A    1 -1  1 -1 -1  0  0  0  0  0 -2 -2 -1 -2  2  1  1 -4 -1 -1   14   4   7   3   1   5   5   7   3   5   3   0   1   1  10  13  11   0   2   4  0.15 0.18
  209 L    0 -1 -1  0 -3  2  0 -1  0  0  0 -1  0 -1  2  0  0 -3 -1  1    6   3   2   6   0  12   7   6   2   5  12   2   2   2  11   6   5   0   1  10  0.10 0.13
  210 A    2 -1  0  0 -3  0  0  0  1 -1 -1 -2 -1 -2  2  1  0 -4 -1  0   21   4   5   4   0   3   7   6   3   3   6   0   1   1   9  12   5   0   1   8  0.13 0.17
  211 Q   -1  1  1 -1 -4  4  2 -2  2 -1 -2 -2 -1 -2  1  0 -1 -4 -2  0    4   7   7   2   0  26  12   2   5   3   3   1   2   2   6   6   3   0   1   8  0.33 0.31
  212 E   -1 -1 -1  1 -4  1  4  0 -3 -2 -2 -2 -3 -4  2  1 -1 -4 -4  0    5   3   2   8   0   5  27   9   0   3   3   0   0   0  10  12   4   0   0   9  0.34 0.30
  213 P   -1 -1  0  2 -2  3  0 -2  3  0 -2 -2 -3 -4  4 -1 -1 -4 -2 -2    4   4   4  12   1  15   4   3   8   7   3   0   0   0  23   3   4   0   1   2  0.46 0.34
  214 S   -1 -2 -1 -1 -4  3  2 -2 -1 -2 -3 -2  0 -5  1  3  1 -5 -4  0    5   1   2   3   0  16  11   3   1   2   2   1   2   0   6  27   8   0   0   7  0.43 0.40
  215 E   -2  0  0  1 -3  5  4 -1 -2 -3 -3 -3 -4 -1  1  0  0 -5 -3 -4    2   4   4   7   1  25  23   4   1   2   3   0   0   2   7   7   5   0   1   1  0.57 0.45
  216 I    1 -1 -1 -1 -1  0 -1  0 -2  1  0 -2  1 -1 -1  0  1  0 -2  2   14   3   3   3   1   5   3   6   1   9   7   1   4   3   3   9   9   2   1  14  0.08 0.12
  217 A    1 -1  2  0 -1  2  1 -1 -1 -2 -1 -2 -3 -2  1  1  1  1 -2 -2   14   3  10   6   1   8   8   5   1   3   5   1   0   1   7  13   7   2   1   3  0.17 0.20
  218 S   -1  0 -1 -2 -5  0  0  2  0 -4 -2 -2  1 -2  2  4 -1  0 -3 -1    4   5   2   2   0   3   6  13   2   0   5   2   4   2   9  29   4   1   1   4  0.34 0.35
  219 A    1 -2  0 -1 -1 -1  0 -2  3 -1  0 -2 -2 -2  1  1  1 -2  0  1   14   2   4   4   1   2   7   3   7   3  10   1   1   1   6  12  11   1   3   9  0.13 0.18
  220 N    1 -1  2  1 -2  0  0  0  0 -2 -2 -2 -3  0  1  0  0 -2 -1  1   12   3  13   9   1   4   7   7   2   2   2   2   0   4   6   8   6   1   2   9  0.14 0.18
  221 T   -1  1  1 -1 -1  0  0 -3 -1 -1  0 -2  0  0  1  2  2 -4 -1  1    4   7   6   3   1   4   6   1   1   3   9   1   2   3   6  17  14   0   2   9  0.15 0.20
  222 E   -1 -1  0  0 -1  2  3 -1 -1 -3 -2 -2  0  0  2  1 -1 -4 -1 -2    5   3   5   5   1  10  23   5   1   1   3   1   2   4  10  13   3   0   2   4  0.29 0.30
  223 D   -1 -1  0  3 -4  2  1 -2  1  1 -2 -3 -1 -1  2  2 -2 -4 -1 -1    3   3   5  16   0   8   8   3   4   8   3   0   1   2   9  17   2   0   2   4  0.25 0.27
  224 D    0 -1  0  3  0  2  1 -1  1 -2 -1 -2 -3  1  1  0  0  1 -2 -2    9   3   4  17   2  10   8   5   4   2   7   0   0   6   6   5   5   2   1   3  0.17 0.21
  225 E    0 -1 -1  1  2  1  3 -2  0 -1 -2 -1 -1 -2 -1  0  0  1 -1 -1    9   4   2   7   5   6  24   2   3   4   4   2   2   1   3   6   6   2   2   5  0.20 0.23
  226 D   -1  0  0  2 -1  2  3  0  0 -2 -3  0  0 -4  1  0  0 -5 -1 -3    4   5   3  10   1   9  24   7   3   2   2   5   3   0   7   7   4   0   2   2  0.29 0.28
  227 D    0 -1 -1  2 -3  0  1  0  1 -1  0 -2  0 -2  2  0  1 -1 -1 -1    9   3   2  12   0   4  11   6   3   2   8   0   2   1   9   7   8   1   2   5  0.11 0.16
  228 D    0  0 -1  1 -4  2  1 -2  0  0 -2 -1 -1  0  3  0  1 -4 -1  0    8   4   3   7   0  10   8   2   3   7   4   2   1   4  13   6  10   0   1   7  0.16 0.20
  229 D    0 -1  0  1 -1  0  1 -1  2 -1 -1 -1 -2 -2  1  0  1  0  0 -1    9   4   5   8   1   5   9   5   6   3   7   1   0   1   8   6  12   1   4   4  0.11 0.15
  230 D   -1 -1  0  2 -4  0  3 -2 -1  0  0 -1 -1 -1  1  1 -1  1 -1  0    4   3   5  11   0   4  21   2   1   5   8   2   1   2   7  10   4   2   2   6  0.19 0.22
  231 D    0 -1 -1  3  0  1  3 -1  0 -1 -2 -2 -1 -4  0  0  0  0 -4  1    6   3   2  14   2   5  22   4   2   4   4   1   1   0   5   6   5   1   0  11  0.25 0.26
  232 D    0 -1  2  3 -2  0  2 -1 -1 -3 -2 -2 -2 -2  0  1  1 -2 -3 -2    9   3   9  15   1   3  17   5   1   1   4   1   1   2   5  12   9   1   0   3  0.25 0.20
  233 D   -1  0  0  2 -3  0  2 -1  0 -2 -1 -1 -1 -2  2  0  1 -2 -3 -2    5   5   3  13   0   4  17   5   2   2   8   2   1   1  10   8  11   0   0   3  0.20 0.15
  234 D    0 -1  1  1 -2  3  2 -1  0 -1 -1 -1 -1 -3  2  0  0 -4 -3  0    8   3   6   7   1  15  12   5   2   2   6   1   1   1  12   4   6   0   0   7  0.20 0.17
  235 D    0  1  1  1 -3  0  2  0  0 -1 -2  0 -2 -3  1  0  1 -1 -2 -1    7   9   7  10   0   3  15   5   2   5   4   3   0   1   5   6  11   1   1   4  0.14 0.12
  236 D    0 -1  1  2 -3  0  2 -1  1 -1 -1 -1 -2 -3  1  2  0 -2 -2 -1    7   2   7  11   0   4  13   3   3   3   6   3   0   1   8  18   7   0   1   3  0.19 0.15
  237 D    0 -1 -1  2 -1  2  2 -1  0 -1 -1 -1 -1 -2  1  1  0 -2 -3  0    6   2   2  13   1   9  14   4   3   4   4   2   1   1   7  11   6   0   0   8  0.16 0.13
  238 D    0  0  0  1 -3  0  1 -1 -1 -1 -3 -1 -2 -2  3  3 -1 -4 -1 -1    6   5   4   7   0   4   9   5   1   5   1   2   1   1  14  25   3   0   3   4  0.28 0.21
  239 E   -1 -1 -2  1 -2  1  4 -2 -1 -2 -2  0 -3 -3  0  1  0 -3  0 -2    5   2   1   9   1   7  30   2   1   2   4   6   0   1   3  13   6   0   3   2  0.35 0.23
  240 E    0  0  0  2 -3  1  4 -1 -1 -3 -3 -2 -3 -2 -1  1  1 -3 -1 -1    6   6   5  10   0   6  27   3   1   1   2   1   0   1   3  10  11   0   2   4  0.32 0.22
  241 N    0 -1  3  0 -2  1  1 -1  1 -2 -2 -1 -1 -1  2  2 -1 -3 -2  0    6   3  14   3   1   5  11   5   3   2   3   2   1   2  10  15   3   0   0   7  0.18 0.15
  242 L    0 -1  0  0 -2  0  0 -1  1  1  1 -1  0  0  0  1  1 -2 -1  0    5   3   4   4   0   5   6   5   4   8  16   2   2   3   3  10  11   0   1   7  0.04 0.06
  243 E   -1 -1 -1  0 -3  2  3 -1  0 -1 -2 -1 -1 -2  2  1  0 -2 -1 -1    4   3   2   6   0  12  22   3   2   3   3   1   2   1   9  14   5   1   2   5  0.26 0.20
  244 D   -1 -1  0  1 -2  1  2  1  2 -2 -2  0 -2 -1 -1  2  0 -3 -2 -2    5   1   3   9   1   7  15  10   5   2   5   5   0   3   2  19   5   0   1   3  0.19 0.15
  245 R   -1  1 -1  1 -2  1  0 -1 -1  0 -1  0  0  0  2  1  1 -2 -1  0    4   7   2   9   0   9   5   3   1   5   5   4   3   6   9  10  10   0   2   6  0.09 0.08
  246 T    0 -1  1  0 -2  0  0  0 -1 -1 -2 -1 -1  0  2  1  1 -3 -2  0    6   3   8   6   0   4   6   9   1   2   2   2   1   4  11  15  11   0   1   7  0.14 0.11
  247 P    0 -2 -1  1 -3  0  1 -2 -1 -2 -3  0 -3 -2  5  1  1 -4 -3 -1    7   2   3   9   0   3   9   2   1   2   2   5   0   1  31   9   7   0   1   4  0.51 0.23
  248 G    0 -1 -1  0  1  1  1  2  0 -2 -2 -1  1 -2  3  0  0 -3 -2 -2    6   2   2   4   3   7  12  16   2   3   3   2   5   1  15   7   6   0   1   2  0.21 0.13
  249 L    0  0  0  1  1  0 -1 -2 -1  0  0 -1 -1  0  1  0  1 -2 -2  0    7   6   5  11   4   4   2   1   1   4  14   2   1   5   6   8  11   0   1   9  0.06 0.07
  250 T    1 -1  0  0  0  0  0 -1 -2 -1 -1  0 -1 -2  0  2  2 -3 -1  0   14   3   3   6   2   3   5   3   0   2   7   4   1   1   4  17  18   0   2   5  0.14 0.12
  251 K    0  1  1  1 -3  2  2 -2  1 -1 -1  0 -1 -1  0  0  0 -1 -2 -1    6   9   5   6   0   9  20   1   3   4   4   5   2   3   4   6   7   1   0   4  0.15 0.10
  252 K   -1  1 -1  0 -3  1  0 -1  0  0 -1  2 -2 -2  3  1  0  2 -1 -1    2   9   2   4   0   5   6   3   2   8   4  14   0   1  14  10   6   3   1   4  0.17 0.10
  253 R    0  3 -1  0 -1  1  0  2  0 -3 -2  0  0 -2  2  0  0 -2 -2 -2    6  18   2   5   1   6   5  16   2   1   2   5   3   1  12   7   6   0   0   2  0.23 0.13
  254 V    0  1  0  2 -2  0 -1  0 -1 -1  0  0 -1 -2 -1  0  2 -3 -2  0    8  11   3  14   1   3   2   6   1   2  12   4   1   1   2   4  16   0   0   8  0.10 0.10
  255 R   -2  4 -2  0 -1  1 -2 -2 -1 -2 -2  1 -1 -1  0  0  2  4 -1 -3    1  30   1   5   1   5   0   3   1   3   3   7   2   3   5   7  14   7   2   0  0.39 0.24
  256 A    4 -1 -3 -3 -2 -2 -1 -1 -3  2  0 -2  0 -2  0  0 -1 -4 -1  1   41   3   0   0   0   0   4   3   0  15   6   1   1   1   4   5   2   0   2  12  0.31 0.21
  257 S   -1 -1  2  1 -1  0  1 -2 -1 -4 -3  1 -3 -4 -3  4  1 -5 -3 -3    2   1  11   9   1   3   8   1   1   0   3  11   0   0   0  41   8   0   0   0  0.50 0.28
  258 L   -3 -4 -5 -5 -4  1 -3 -5 -4  1  5 -4  1 -2  1 -3 -3  2 -3 -1    0   0   0   0   0   9   1   0   0   5  68   0   2   0   8   1   0   3   0   3  0.89 0.37
  259 S    0 -3  0  2 -3 -1  2  1 -1 -3 -4 -2 -3 -3 -1  4  0 -4 -3  0    4   0   2  12   0   1  17   9   1   0   0   0   0   1   3  38   2   0   0   8  0.44 0.26
  260 D   -3 -2 -1  7 -1  0  0 -4 -2  0 -5 -3 -4 -5 -4 -1 -1 -6 -5 -4    1   1   1  70   2   4   4   0   1   8   0   0   0   0   0   4   3   0   0   0  1.33 0.45
  261 L   -2 -4 -4 -4 -3 -3 -4 -4 -4  4  3 -3  1  1 -3 -3  1 -3 -1  2    0   0   0   0   0   0   0   0   0  33  28   0   2   5   1   0   8   0   2  17  0.57 0.23
  262 S   -1  0  1  0 -3  0  2 -2  0 -2  0  2  2 -3 -2  1  1 -3 -3 -2    3   3   8   5   0   2  13   2   2   0  13  15   7   0   0  14  12   0   0   1  0.19 0.15
  263 S   -1 -2  1  1  0 -1  1 -1  4 -4 -4 -2 -2 -4 -3  4  1 -4 -3 -2    2   1   6   8   2   1  10   3  10   0   1   0   1   0   0  45   8   0   0   2  0.58 0.29
  264 L    0  0 -1 -2 -2 -1  1 -2 -3  1  1 -1  0 -2  2 -1  0 -3 -2  2    7   5   2   0   0   1  10   2   0   7  20   4   1   1  12   2   4   0   1  20  0.16 0.12
  265 E    0 -1  1  1 -4  0  4  0 -2 -3 -3  0 -1 -4 -2  3  0 -4 -3 -3    7   2   7   8   0   3  33   5   0   2   1   3   1   0   1  23   3   0   0   1  0.45 0.23
  266 D   -2 -3  0  6 -5  2  2 -3  0 -4 -4 -1 -4 -5 -3 -1 -3 -5 -4  0    3   0   3  54   0   8  15   1   2   0   0   2   0   0   0   2   0   0   0   8  1.01 0.36
  267 V   -2 -4 -4 -4 -3 -4 -4 -4 -4  5  2 -4 -1 -1  1  0 -2 -4 -3  2    0   0   0   0   0   0   0   0   0  40  22   0   0   1   8  10   0   0   0  16  0.65 0.28
  268 E   -1 -1  0  2 -4  0  5 -2 -2 -4 -4 -1 -3 -1 -3  3 -1 -4 -2 -4    4   2   4   9   0   1  41   1   1   0   0   3   0   3   0  27   1   0   1   0  0.68 0.31
  269 G    1 -1  1 -1  0  0  1  3  0 -3 -2 -1 -2 -3 -2  0  0 -3  1 -2   14   2   9   2   2   4  13  24   2   1   3   1   0   0   0   7   7   0   7   3  0.23 0.14
  270 M    0 -4 -5 -5 -3 -4 -4 -5 -4 -1  5 -4  2 -2 -4 -3  1 -4 -2 -2    8   0   0   0   0   0   0   0   0   0  73   0   4   0   0   0  10   0   1   0  1.02 0.38
  271 S   -2 -3  1 -3 -3 -3 -3 -3 -3 -4 -5 -3 -4 -5  0  6  3 -5 -4 -4    0   0   6   0   0   0   0   0   0   0   0   0   0   0   4  72  15   0   0   0  1.27 0.49
  272 V   -1 -4 -4 -4 -3 -3 -4 -4 -4  3 -1 -3 -1 -3 -2  1  0 -4 -3  6    3   0   0   0   0   0   1   1   0  13   1   1   1   0   2  10   4   0   0  63  0.88 0.34
  273 R   -3  6 -2 -3 -4 -1  1 -4  0 -3 -4  5  1 -4 -3 -2 -3 -4 -3 -4    1  42   0   0   0   0   8   1   2   2   1  35   4   0   0   1   1   0   0   1  1.02 0.36
  274 Q   -1 -1 -2 -2 -3  6  1 -3  0 -2 -3  2 -2 -4 -2 -2  0 -3 -3 -1    4   1   1   1   0  51   6   1   2   3   1  14   0   1   1   1   7   0   0   6  0.78 0.28
  275 L   -2 -2 -3 -3  0 -2 -3 -4 -3  3  4  1  1 -1 -3 -3 -2 -3 -2 -1    1   1   1   1   2   1   1   1   0  16  53  14   3   1   1   1   1   0   0   1  0.55 0.21
  276 K   -2  1 -2 -2 -4 -1 -1 -1 -2 -4 -3  6 -3 -4 -2  2 -2 -4 -3 -3    1   5   1   1   0   1   1   5   0   1   1  64   0   1   1  14   1   0   0   1  0.95 0.31
  277 E    0 -1  1  3 -3  0  3 -1  0 -1 -2 -1 -2 -3 -2  0  0 -3 -1 -1    7   3   5  20   0   4  26   4   1   4   4   2   0   1   1   8   4   0   2   6  0.27 0.12
  278 I   -2 -3 -3 -4 -2 -3 -3 -4 -3  4  3 -3  4 -1 -3 -3 -2 -3 -2  1    1   1   1   1   0   1   1   1   0  34  33   1  13   1   1   1   1   0   0   8  0.64 0.21
  279 L   -3 -3 -4 -4 -3 -3 -3 -4 -4  0  5 -3  0 -1 -3 -3 -2 -3 -2  2    1   1   1   1   0   1   1   1   0   1  73   1   0   1   1   1   1   0   0  14  0.92 0.29
  280 A    2  0 -1  1 -2  0 -1 -2 -1 -1 -1  0  1 -2  0  1  2 -3 -2  0   19   4   2   8   0   5   1   1   1   2   3   5   5   1   5   9  21   0   0   7  0.16 0.10
  281 R    1  4  0 -1  0  0  2 -2 -1 -2 -1  0 -1 -1 -2  0  1 -3 -1 -1   13  27   4   2   3   2  15   1   1   2   5   3   2   2   1   4   9   0   2   2  0.22 0.12
  282 N   -2 -1  6  0 -3  1 -1 -1  2 -3 -3 -1  1 -3 -2  0 -1 -3 -2 -3    1   1  65   1   0   7   1   1   4   1   1   1   8   1   1   5   1   0   0   1  0.71 0.19
  283 F   -1  1 -2 -1  3 -2 -2 -2  0 -1  0 -1 -1  5 -3 -2 -2 -1  2 -1    7  12   1   4   9   1   1   1   3   1   5   4   0  44   1   1   1   0   3   1  0.33 0.12
  284 V   -1 -3 -3 -3 -1 -2 -3 -3 -3  3  0 -2  0 -1 -2 -2  0 -3 -2  5    1   1   1   1   0   1   1   1   0  13   1   1   0   1   1   1   4   0   0  72  0.53 0.16
  285 N   -1 -1  3  3  2  0  2  0 -1 -3 -3 -1 -2 -3 -2  1  0 -3 -2 -2    1   1  20  26   8   1  13   5   0   1   1   1   0   1   1  12   7   0   0   1  0.35 0.09
  286 Y   -2 -2 -2 -3  2  1 -2 -3  3 -2 -2 -2 -1  4 -3 -2 -2  1  6 -2    1   1   1   1   6   8   1   1   8   1   1   1   0  17   1   1   1   0  50   1  0.71 0.17
  287 S    0  1  0  1 -2  0  0  0  1 -1 -2  2  0 -2 -1  2  0 -2 -1 -1    8   7   1   7   0   2   1   5   4   2   2  25   3   1   1  22   3   0   1   4  0.15 0.06
  288 G   -1 -1  1  0 -2 -1 -1  5  3 -3 -3  0 -2 -3 -2 -1 -1 -2 -2 -3    2   1  10   4   0   1   1  55  10   1   2   6   0   1   1   2   1   0   1   1  0.54 0.11
  289 C    0 -3 -3 -3  7 -2 -3 -3 -3  1 -1 -3  1 -2 -3 -2 -1 -3 -2  3    5   1   1   1  40   1   1   1   0   7   1   1   5   1   1   1   1   0   0  32  0.66 0.16
  290 C   -1 -3 -3 -3  8 -3 -3 -3 -3  2  1 -3 -1 -2 -3 -2 -1 -2  0  2    1   1   1   1  42   1   1   1   0  14  12   1   0   1   1   1   2   0   3  18  0.71 0.17
  291 E   -1 -1 -1  0 -3  0  6 -2 -1 -3 -3  0 -3 -3 -2  1 -1 -3 -3 -3    1   1   1   1   0   1  76   1   0   1   1   1   0   1   1  12   1   0   0   1  0.94 0.23
  292 K   -1  3 -1 -2 -3  0  0 -2 -1 -3 -3  5 -2 -3 -2  1 -1 -3 -2 -3    1  17   1   1   0   1   1   1   0   1   1  60   0   1   1  12   1   0   0   1  0.66 0.18
  293 W    2  0 -1 -2  0  0 -1  0 -1 -2 -2  0 -2 -1 -1  1  0  7  1 -2   21   7   1   1   3   5   2   4   0   1   1   5   0   1   2  13   3  23   5   1  0.43 0.12
  294 E   -2 -1 -1  3  4  0  5 -3 -1 -3 -3 -1 -3 -3 -2 -1 -2 -3 -3 -3    1   1   1  14  11   1  64   1   0   1   1   1   0   1   1   1   1   0   0   1  0.80 0.20
  295 L   -2 -2 -3 -3 -2 -2 -3  1 -3  0  5 -3  1 -1 -3 -2 -2 -2 -2  0    1   1   1   1   0   1   1  12   0   1  76   1   0   1   1   1   1   0   0   1  0.54 0.17
  296 V   -1 -1 -2 -3 -2  0 -2 -3  0  2  2 -1  3 -1 -2 -1 -1 -2 -1  3    1   2   1   1   0   5   2   1   4   8  22   2  11   1   1   2   1   0   0  35  0.22 0.09
  297 E    0 -1  1  2 -3  3  4 -2 -1 -3 -2  1 -2 -3 -1  0  0 -3 -2 -2    6   1   7  15   0  14  34   1   0   1   2   7   0   1   1   5   3   0   0   1  0.40 0.11
  298 K   -2  5 -2 -2 -4  3 -1 -3 -1 -3 -2  4  0 -4 -3 -2 -2 -4 -3 -3    0  47   0   0   0  14   0   0   0   0   4  32   4   0   0   0   0   0   0   0  0.82 0.23
  299 V    1 -3 -3 -3 -2 -2 -3 -3 -3  1  0 -3  1 -2 -3 -2 -1 -3 -2  5   14   1   0   1   0   0   1   1   0   1   5   1   4   0   1   1   1   0   0  70  0.56 0.19
  300 N   -1  2  1 -1  0  1  0 -1  1 -1 -1  1  0 -2 -2  1  1 -3 -1 -1    3  19   8   1   2   9   5   2   5   3   3   9   3   1   1  11  14   0   0   2  0.16 0.06
  301 R   -2  6 -1 -4 -5 -1 -3 -3 -1 -1 -3  0 -1 -4 -4 -2 -2  4 -3  1    3  62   2   0   0   2   0   1   1   3   1   2   1   0   0   2   2   6   0  12  1.00 0.36
  302 L   -4 -5 -6 -6 -4 -5 -5 -6 -5  0  6 -5  0 -2 -5 -5 -3 -4 -3  2    0   0   0   0   0   0   0   0   0   0  88   0   0   0   0   0   0   0   0  12  1.39 0.42
  303 Y    1 -4 -5 -5 -4 -4 -4 -4 -3  1  0 -4  0  1 -5 -4 -3  9  6 -1   14   0   0   0   0   0   0   0   0   9  10   0   2   2   0   0   0  29  29   4  1.25 0.37
  304 K   -2  3  0  1 -4  2  2 -3  1 -4 -3  3 -3 -2 -3 -1 -2 -3  3 -3    2  18   3  10   0   7  14   0   3   0   2  24   0   0   0   1   1   0  12   1  0.45 0.20
  305 E   -1 -2 -1  3 -4  1  4 -3  0 -4 -4 -2 -4 -4  4  0 -1  2 -3 -4    3   1   2  19   0   7  35   0   2   0   1   0   0   0  20   5   2   3   0   0  0.74 0.27
  306 N   -1  2  1 -2 -4  3 -1 -3  4 -3 -3  2 -1 -1  2 -1 -2 -3  3 -2    3  11   7   1   0  16   2   0  12   1   1  12   2   1  12   3   1   0  12   3  0.38 0.18
  307 E   -1  3  0  1 -3  2  2 -3 -2 -4 -3  3 -3 -3  2 -1 -2  4 -2 -2    3  15   3   6   0   8  14   0   0   0   1  24   0   0  12   1   0   8   1   3  0.48 0.20
  308 E    0  0  0  0 -2  2  1 -1  1 -1  0  1  0 -2 -2  0  1 -3 -2  0    4   4   3   4   0  13   9   5   3   1  15  13   1   0   0   4  12   0   0   6  0.11 0.08
  309 N   -1 -1  2 -1  4  1  1  1 -1 -2  0 -1 -2 -3 -2  2 -1 -3 -2 -1    3   3  16   2  12   5  11   9   1   1  11   2   0   0   1  17   2   0   0   3  0.20 0.12
  310 Q   -1  2  2  0 -3  2  0 -2  3 -2 -1  1  1 -2 -1  0 -1 -3 -1  0    3  12  13   6   0  13   3   2  10   1   4   9   5   1   2   4   2   0   1   9  0.18 0.11
  311 K    0  1  1 -1 -3  0  0 -1  1 -2 -2  3 -1 -2 -1  2  0 -3 -2 -2    7   5   6   2   0   3   4   2   4   1   4  29   2   1   3  21   5   0   0   1  0.26 0.14
  312 S    0 -1  0  2 -2  0  0  1 -1 -2  0  1 -1 -2  0  1  0 -3 -2 -1    6   1   5  12   0   5   2  14   1   1  11  10   1   1   4  16   6   0   1   2  0.12 0.07
  313 Y    0 -1  1  2 -1  0  0  0 -1  0  0 -1  0 -1 -1  0  0 -1  1  1    4   2   8  14   2   4   7   7   1   3   7   2   3   1   2   6   3   1   5  18  0.06 0.06
  314 G    1 -1  0  1 -2  1  0  4 -2 -2 -3 -1 -2 -2  0  1 -1 -3 -2 -2   11   2   3   9   1   6   6  33   1   3   2   3   1   2   5   9   2   0   1   2  0.31 0.13
  315 E    1 -2  1  2 -2  0  3  1 -1 -3 -2  0 -2 -3 -1  0  0 -3 -2 -1   11   1   5  15   1   3  23  10   1   1   2   5   1   1   3   6   6   0   1   4  0.25 0.13
  316 R    0  2  0  0 -2 -1  0  3 -1 -1 -2  1 -1 -2  1  0  0 -3 -2 -2    8  16   5   6   1   2   5  23   1   4   3   7   1   1   6   3   6   0   1   2  0.18 0.10
  317 L    0 -1 -1  0 -1 -1  0  0 -1  0  0 -1  2 -2  2  0  0 -2 -2  1    9   2   3   5   2   3   4   9   2   4   6   4  10   1  10   7   4   0   1  15  0.08 0.07
  318 Q    1 -1  0  2 -2  3  0 -1 -2 -2 -2  2 -2 -4  2  0 -1 -4 -3 -2   15   1   3  15   1  16   3   4   0   1   2  17   0   0   9   8   3   0   0   2  0.32 0.18
  319 L    2 -3 -2 -2 -2 -2 -1  1 -3  0  2 -2  0 -1  0 -1 -1 -3 -2  1   21   0   1   1   0   1   4  13   0   4  22   1   2   1   5   3   3   0   1  14  0.17 0.14
  320 Q   -1 -1  0  1 -2  4  2  0 -2 -3 -1 -1 -2 -3  2  0  0 -4 -3 -2    5   2   4   8   1  22  16   6   0   1   6   1   0   1  11   4   7   0   0   3  0.32 0.19
  321 D   -1 -1  1  3 -3 -1  1  0 -2 -2  0  1 -2 -3  2  1  0 -4 -3 -2    3   1   8  17   0   2   9   8   0   2  12   9   1   0  10  10   5   0   0   1  0.21 0.14
  322 E    1 -2 -1 -1 -2 -2  1  2 -1  0  1 -1 -1 -2 -1  0  0 -3 -2  1   15   0   3   3   0   0  11  15   1   6  16   1   1   1   3   8   4   0   0   9  0.10 0.11
  323 E    1 -2  2  1 -3  0  2 -1 -1 -3 -1 -1 -1 -3  2  1  0 -4 -2 -1   14   1   9   7   0   4  17   3   1   0   8   1   1   0   9  12   7   0   2   3  0.21 0.16
  324 D   -4 -4 -2  6 -6 -1  5 -5 -4 -5 -3 -3 -5 -4 -4 -1  0 -1 -5 -4    0   0   1  48   0   1  34   0   0   0   3   0   0   1   0   4   5   1   0   1  1.30 0.51
  325 D   -3 -3 -1  6 -6 -1  5 -5 -4 -6 -6 -2 -5 -6 -4 -2 -2 -7 -6 -5    1   1   1  54   0   2  36   0   0   0   0   1   0   0   0   2   2   0   0   0  1.56 0.56
  326 S   -2 -3  6  2 -5 -1  2 -1  1 -5 -5 -3 -5 -3 -4  2 -1 -6 -4 -5    2   0  46  12   0   1  14   4   2   0   1   0   0   1   0  13   3   0   0   0  0.98 0.43
  327 L   -2 -4 -6 -6 -1 -5 -3 -6 -6  0  6 -5  0 -2 -6 -4 -2 -5 -4 -1    3   1   0   0   1   0   1   0   0   4  82   0   1   1   0   1   2   0   0   1  1.36 0.52
  328 C   -5 -8 -5 -8 12 -7 -8 -5 -7 -6 -6 -7 -6 -7 -7 -4 -4 -7 -7 -5    0   0   1   0  97   0   0   1   0   0   0   0   0   0   0   1   1   0   0   0  4.09 1.02
  329 R   -4  5 -3 -4 -6 -2 -2 -2  2 -6 -5  6 -4 -6 -4 -3 -4 -6 -4 -5    0  34   0   0   0   0   0   2   6   0   0  58   0   0   0   0   0   0   0   0  1.58 0.53
  330 I   -4 -6 -6 -6 -4 -6 -6 -7 -6  8  1 -6 -2 -3 -6 -6 -4 -6 -4  1    0   0   0   0   0   0   0   0   0  86   8   0   0   0   0   0   0   0   0   6  1.94 0.58
  331 C   -4 -7 -7 -8 11 -3 -7 -7 -7 -5 -2 -7 -5 -6 -7 -5 -5 -6 -6 -5    0   0   0   0  95   2   0   0   0   0   4   0   0   0   0   0   0   0   0   0  3.78 0.88
  332 M   -5 -1 -6 -7  4 -4 -6 -6 -5 -3  0 -5 10 -3 -6 -5 -4  6 -1 -3    0   4   0   0   8   0   0   0   0   0   5   0  72   0   0   0   0   9   2   0  2.32 0.70
  333 D   -2 -5 -1  8 -7 -3  3 -5 -4 -6 -4 -4 -6 -7 -5 -3 -4 -7 -6 -6    3   0   1  79   0   0  16   0   0   0   2   0   0   0   0   0   0   0   0   0  1.97 0.60
  334 A    5 -1  0 -4 -1 -1 -1 -1 -1 -4 -3 -2 -3 -5 -3  2 -2 -5 -4  0   61   3   4   0   1   2   3   3   1   0   1   0   0   0   0  16   0   0   0   5  0.82 0.38
  335 V   -1 -3 -3 -4 -2  0 -2 -5 -1  2 -2 -3 -2  1  6 -3 -1 -5 -4  2    6   1   1   0   1   4   2   0   2  11   3   0   0   5  46   0   3   0   0  17  0.98 0.36
  336 I   -3 -3 -6 -6 -4 -1 -5 -6 -5  7  1 -5 -1  0 -5 -3 -3 -5 -4  2    0   1   0   0   0   4   0   0   0  70   8   0   1   3   0   2   1   0   0  10  1.31 0.45
  337 D   -4 -4  4  7 -6 -3  3 -4 -3 -6 -6 -3 -6 -6 -4 -2 -3 -7 -6 -6    0   0  18  62   0   0  18   0   0   0   0   0   0   0   0   2   1   0   0   0  1.63 0.52
  338 C   -4 -7 -6 -7 11 -6 -7 -6 -6 -5 -3 -6 -5 -6 -6 -2 -2 -6 -6 -4    0   0   0   0  91   0   0   0   0   0   2   0   0   0   0   3   2   0   0   0  3.55 0.82
  339 V   -3 -5 -3 -6 -4 -5 -5 -6 -6  0 -1 -5  0 -4 -5 -5 -3 -6 -4  7    0   0   2   0   0   0   0   0   0   2   4   0   2   0   0   0   0   0   0  89  1.77 0.57
  340 L   -4 -5 -6 -6 -4 -5 -5 -6 -5  2  5 -5  2  4 -6 -5 -4 -3  0 -2    0   0   0   0   0   0   0   0   0  11  61   0   5  20   0   0   0   0   3   0  1.15 0.40
  341 L   -4 -5 -6 -6 -4 -5 -6 -6 -5 -1  6 -5  4 -2 -6 -5 -4 -4 -4 -2    0   0   0   0   0   0   0   0   0   0  92   0   8   0   0   0   0   0   0   0  1.65 0.48
  342 E   -4 -3  1  2 -6 -1  7 -5 -3 -6 -6 -2 -5 -6 -4 -3  0 -6 -5 -5    0   0   5   9   0   0  79   0   0   0   0   0   0   0   0   0   6   0   0   0  1.63 0.50
  343 C   -4 -7 -6 -7 11 -7 -7 -6 -7 -5 -5 -7 -5 -6 -7 -5 -5 -6 -6 -5    0   0   0   0 100   0   0   0   0   0   0   0   0   0   0   0   0   0   0   0  3.97 0.80
  344 G   -2 -5 -1 -4 -5 -4 -5  7 -5 -7 -6 -4 -5 -6 -5  0 -4 -5 -6 -6    1   0   2   0   0   0   0  90   0   0   0   0   0   0   0   6   0   0   0   0  1.99 0.50
  345 H   -5 -4 -3 -4 -7 -3  0 -6 11 -7 -6 -1 -5 -5 -6 -4 -5 -6 -2 -7    0   0   0   0   0   0   6   0  91   0   0   3   0   0   0   0   0   0   0   0  3.07 0.71
  346 M   -4 -4 -5 -6 -5 -4 -5 -6 -5  0  1  0 10 -3 -6 -4 -4 -5 -4 -1    0   0   0   0   0   0   0   0   0   3  10   6  77   0   0   0   0   0   0   3  2.13 0.60
  347 V    2 -4 -4 -5  1 -4 -4 -2 -5  0 -1 -4 -2 -1 -4 -1  1 -5 -3  5   22   0   0   0   3   0   0   2   0   1   1   0   0   2   0   3   8   0   0  58  0.80 0.33
  348 T   -1 -4 -3 -4  4 -3 -3 -4 -4 -3 -4  0 -3 -5 -4  0  6 -5 -4  0    3   0   0   0   9   0   0   0   0   0   0   6   0   0   0   6  70   0   0   6  1.27 0.45
  349 C   -4  0 -6 -7 11 -6 -7 -6 -6 -5 -2 -6 -5 -6 -6 -4 -4 -6 -6 -4    0   6   0   0  91   0   0   0   0   0   3   0   0   0   0   0   0   0   0   0  3.37 0.72
  350 T   -2 -3  2 -3 -3 -3 -3 -4 -4  2 -1 -2  3 -4 -4 -1  6 -5 -4  1    0   0   9   0   0   0   0   0   0  12   5   1   8   0   0   2  55   0   0   7  0.83 0.35
  351 K   -2  0  3  3 -5  1 -1 -3 -2 -4 -4  5 -3  1 -3  0 -1 -4 -2 -3    2   1  13  15   0   6   1   1   0   0   0  45   0   6   0   4   3   0   1   1  0.65 0.28
  352 C   -4  0 -6 -7 11 -6 -7 -6 -6 -5 -5 -6 -5 -6 -6 -4 -4 -6 -6 -4    0   6   0   0  94   0   0   0   0   0   0   0   0   0   0   0   0   0   0   0  3.57 0.75
  353 G    0 -5 -3 -4 -5 -4 -4  7 -5 -6 -6 -4 -5 -6 -5  1 -4 -5 -5 -5    8   0   0   0   0   0   0  82   0   0   0   0   0   0   0  10   0   0   0   0  1.73 0.45
  354 K   -3  1  2 -3 -6 -1 -2 -4  0 -5 -5  7 -2 -2 -4 -2 -3 -6 -4 -5    0   6   9   0   0   0   0   0   2   0   0  80   1   2   0   1   0   0   0   0  1.53 0.46
  355 R   -3  6 -3 -4 -5  4 -2 -4 -3 -4 -2  3 -3 -5 -4 -3 -3 -5 -4 -1    1  54   0   0   0  22   0   0   0   0   3  15   0   0   0   0   0   0   0   5  1.19 0.38
  356 M   -4 -4 -5 -6 -4 -4 -5 -6 -5  0  4 -5  8 -2 -5 -5 -4 -4 -4 -1    0   0   0   0   0   0   0   0   0   3  43   0  52   0   0   0   0   0   0   2  1.64 0.47
  357 S    1  2  4 -2 -2 -2 -2 -3  0 -4 -4 -2  0 -4 -3  4  1 -5 -4 -4   10  12  22   0   1   0   0   0   2   0   0   0   3   0   0  45   6   0   0   0  0.74 0.31
  358 E   -4 -3 -3  2 -7  0  7 -5 -2 -6 -6 -2 -5 -6 -4 -3 -4 -6 -5 -5    0   0   0  10   0   1  89   0   0   0   0   0   0   0   0   0   0   0   0   0  1.93 0.53
  359 C   -4 -7 -6 -7 11 -7 -7 -6 -7 -5 -5 -7 -5 -6 -6 -4 -4 -6 -6 -4    0   0   0   0 100   0   0   0   0   0   0   0   0   0   0   0   0   0   0   0  3.88 0.74
  360 P   -4 -5 -5 -5 -6 -5 -4 -5 -5 -6 -6 -4 -6 -7  9 -4 -4 -7 -6 -6    0   0   0   0   0   0   0   0   0   0   0   0   0   0 100   0   0   0   0   0  3.17 0.64
  361 I   -4 -5 -6 -6 -4 -5 -6 -6 -6  7  0 -5  1 -1 -5 -5 -3 -5 -4  1    0   0   0   0   0   0   0   0   0  89   4   0   2   2   0   0   0   0   0   2  1.69 0.43
  362 C   -4 -7 -6 -7 11 -6 -7 -6 -6 -5 -5 -7 -5 -6 -6 -4 -4 -6 -6 -4    0   0   0   0 100   0   0   0   0   0   0   0   0   0   0   0   0   0   0   0  3.78 0.68
  363 R   -4  8 -3 -4 -6 -1 -3 -5 -3 -6 -5  2 -4 -6 -5 -3 -4 -5 -4 -5    0  93   0   0   0   0   0   0   0   0   0   7   0   0   0   0   0   0   0   0  2.10 0.47
  364 Q   -3 -1 -3 -3 -6  8  2 -4 -2 -6 -5 -1 -3 -6 -4 -3 -3 -5 -4 -5    1   2   0   0   0  83  13   0   0   0   0   1   0   0   0   0   0   0   0   0  1.89 0.48
  365 Y   -3 -3 -2 -5 -5 -4 -4 -5  0 -2 -3 -2 -3  3 -1 -2 -2 -1  8 -3    1   1   2   0   0   0   0   0   1   2   1   2   0   7   3   3   2   0  72   0  1.60 0.41
  366 V   -3 -5 -5 -5 -3 -5 -5 -6 -5  4 -1 -5 -1 -3 -5 -4 -2 -5 -3  6    0   0   0   0   0   0   0   0   0  28   0   0   0   0   0   0   0   0   0  72  1.35 0.36
  367 V   -2 -4 -4 -5 -3 -4 -4 -5 -5  4  0 -4 -1 -3 -4 -1  0 -5 -3  6    1   0   0   0   0   0   0   0   0  20   6   0   0   0   0   4   4   0   0  65  0.96 0.29
  368 R   -4  8 -3 -4 -6 -1 -3 -5 -3 -6 -5  2 -4 -6 -5 -3 -4 -5 -4 -5    0  92   0   0   0   0   0   0   0   0   0   8   0   0   0   0   0   0   0   0  2.08 0.47
  369 A    4 -2 -4 -4 -1 -3 -3 -3 -4  2  0 -3 -1 -3 -3 -2 -2 -4 -3  3   51   2   0   0   1   0   0   0   0   9   7   0   0   0   0   0   0   0   0  30  0.66 0.25
  370 V   -3 -5 -5 -6 -3 -5 -5 -6 -6  1  0 -5 -1 -3 -5 -4 -2 -5 -4  7    0   0   0   0   0   0   0   0   0   3   3   0   0   0   0   0   0   0   0  93  1.58 0.41
  371 H   -4  5 -2 -4 -6 -2 -3 -5  9 -6 -5 -1 -4 -4 -5 -3 -4 -5 -2 -6    0  33   0   0   0   0   0   0  65   0   0   2   0   0   0   0   0   0   0   0  2.12 0.47
  372 V   -1 -4 -4 -5 -3 -4 -4 -5 -4  1 -1 -4 -1  3 -4 -2  2 -4 -2  5    3   0   0   0   0   0   0   0   0   5   1   0   0  16   0   1  13   0   0  61  0.84 0.28
  373 F   -5 -6 -6 -6 -5 -6 -6 -6 -4 -3 -2 -6 -3  9 -7 -5 -5 -2  0 -4    0   0   0   0   0   0   0   0   0   0   0   0   0 100   0   0   0   0   0   0  2.60 0.52
  374 K   -3  6 -1 -3 -5 -1 -2 -4 -3 -4 -4  6 -3 -5 -4 -3 -3 -5 -4 -5    0  48   1   0   0   0   0   0   0   0   0  50   0   0   0   0   0   0   0   0  1.41 0.36
  375 S    4 -3 -2 -3 -3 -2 -2 -2 -3 -4 -4 -2 -3 -4 -3  5  0 -5 -4 -3   38   0   0   0   0   0   0   0   0   0   0   0   0   0   0  60   3   0   0   0  1.01 0.32

                      K         Lambda
Standard Ungapped    0.1331     0.3184
Standard Gapped      0.0384     0.2670
PSI Ungapped         0.1260     0.3097
PSI Gapped           0.0384     0.2670
