
Last position-specific scoring matrix computed, weighted observed percentages rounded down, information per position, and relative weight of gapless real matches to pseudocounts
           A  R  N  D  C  Q  E  G  H  I  L  K  M  F  P  S  T  W  Y  V   A   R   N   D   C   Q   E   G   H   I   L   K   M   F   P   S   T   W   Y   V
    1 M   -2 -2 -3 -4 -2 -1 -3 -4 -3  0  2 -2  8 -1 -3 -2 -2 -2 -2  0    0   0   0   0   0   0   0   0   0   0   7   0  93   0   0   0   0   0   0   0  1.01 0.16
    2 S    1 -2  0 -1 -2 -1 -1 -1 -2 -2 -2 -1 -2 -2  0  4  2  1 -1 -1   11   0   0   0   0   0   0   2   0   0   3   0   0   1   4  62  12   2   1   1  0.41 0.09
    3 R    0  6 -1 -2 -4  0 -1 -3 -1 -2 -2  2 -2 -3 -3 -1 -2 -3 -2 -3   10  79   0   0   0   0   0   0   0   2   4   5   0   0   0   1   0   0   0   0  0.82 0.13
    4 R   -2  6 -1  0 -1  0 -1 -2 -1 -4 -3  1 -2 -4 -3  0 -2 -4 -3 -3    2  82   1   5   2   0   0   2   0   0   0   2   1   0   0   4   0   0   0   0  0.93 0.15
    5 R   -2  5 -1 -1 -4  1  0 -1 -1 -3 -1  3 -2 -3 -1 -1 -2 -3 -2 -3    0  58   0   1   0   5   3   3   0   0   6  18   0   0   1   1   0   0   0   0  0.59 0.11
    6 F   -1 -2 -2 -3 -2 -1 -1 -2 -1  0  1 -2  1  4  1 -1 -1  1  1  0    5   2   0   0   0   2   4   1   1   2  20   0   4  36   8   7   4   1   0   3  0.24 0.07
    7 D   -1  0  0  4 -4  1  4 -2 -1 -4 -4  0 -3 -4  2 -1 -1 -4 -3 -3    2   3   2  36   0   6  35   1   0   0   0   1   0   0  10   1   3   0   0   0  0.64 0.11
    8 C    0 -2  2 -1  5 -1 -1 -1 -2 -2 -2 -1 -2 -3  1  2  2 -3 -2 -1    6   0  14   0  20   0   3   4   0   1   2   0   0   0   7  23  17   0   1   2  0.33 0.08
    9 R   -1  4 -1 -1  0  0  0 -2 -1 -2 -2  2  0 -3  2  0  2 -3 -2 -2    1  38   1   1   3   1   3   0   0   0   2  12   4   0   9   6  19   0   0   0  0.38 0.09
   10 S    0 -1  2  0 -1  0 -1 -1 -1 -3 -2 -1  2 -3  0  4  0 -3 -2 -2    2   1   9   3   0   4   0   3   0   0   0   0   9   0   4  58   2   0   1   2  0.41 0.14
   11 I   -1  0 -1 -2 -1  0 -2 -1 -1  2  2 -1  1  0 -1 -1 -1 -2 -1  1    5   8   2   1   1   6   0   5   2  26  21   3   1   3   3   2   3   0   0   8  0.07 0.04
   12 S    0  0  0  0 -2  2  0 -1 -2 -2 -2  0 -2 -3  4  3  0 -3 -3 -2    7   6   4   3   0  12   2   1   0   1   2   2   0   1  23  34   3   0   0   1  0.43 0.10
   13 G    1 -2 -1 -2  0 -1 -2  6 -2 -4 -4 -2 -3 -4 -1  0 -1 -4 -4 -3   14   2   0   0   2   3   0  70   0   0   0   1   0   0   2   4   2   0   0   0  0.91 0.16
   14 L   -1 -2 -2 -3 -2 -2 -3  1  3  1  3 -2  2 -1 -3  0 -1 -3 -2  0    2   1   0   0   0   1   0  15  10   5  47   0   7   0   0   9   0   0   0   2  0.25 0.10
   15 L   -2 -2 -4 -4 -2 -2 -3 -3 -3  1  4 -3  5 -1 -4 -1 -2 -3 -2  0    0   1   0   0   1   0   0   1   0   4  63   1  22   0   0   4   1   0   0   2  0.61 0.16
   16 T    1  1 -1 -2 -1  0 -1 -1 -2 -1  1  0  0 -1  0  1  1 -3 -2  0   14  11   0   1   1   4   0   2   0   0  21   7   1   2   5   8  15   0   0   7  0.09 0.05
   17 T    0 -2 -1  1  0 -1  1  0 -1 -2 -2 -1 -2 -3  2  2  4 -3 -3 -1    3   1   0   8   3   1  11   5   1   2   4   0   0   0  10  15  37   0   0   0  0.31 0.10
   18 T    0 -1  0  0 -2  0  2 -2 -2  0 -1  0 -1 -3  3  1  2 -3 -2 -1    2   1   2   4   0   1  16   1   0   6   5   6   0   0  14  13  24   0   0   4  0.24 0.08
   19 P   -1 -2  0 -2 -2 -2 -1  0 -2  2  1 -2  0 -2  4 -1  0 -3 -2  0    2   1   6   1   0   0   3   8   0  26  11   0   3   1  27   4   3   0   0   2  0.34 0.08
   20 Q   -1  2 -1 -1 -3  4  1 -3  3 -2 -2  1  4 -3 -2  0 -1 -3 -2 -2    1  14   2   1   0  32   7   0   8   0   0   7  20   0   1   5   3   0   0   0  0.43 0.14
   21 T    1  2  0 -2 -2 -1  0 -2 -2 -1 -2 -1 -1 -3 -1  1  4 -3 -2  0   15  12   2   0   0   0   5   0   0   1   0   1   1   0   1  11  42   0   0   7  0.33 0.12
   22 P    1  1 -2 -2 -2  0 -1 -2  0 -1  1 -1  0 -2  5 -1  0 -3 -2  0   12   8   0   1   0   7   0   1   2   1  16   2   1   0  31   3   6   0   0   9  0.41 0.09
   23 M   -2 -4 -4 -4 -2 -3 -4 -4 -3  4  1 -4  2  4 -3 -3 -2 -2  0  2    0   0   0   0   0   0   0   0   0  42  10   0   8  24   0   0   0   0   1  15  0.55 0.14
   24 K   -1  4  0 -2  1  0 -1 -2  1 -3 -2  4 -2 -3 -2  1 -1 -4 -2 -3    1  31   3   0   4   2   0   0   3   1   2  38   0   1   0  13   1   0   0   0  0.53 0.14
   25 T   -1 -1  0 -2 -3  3  0 -3 -2 -2 -1  2  2 -2 -1  1  4 -3 -2 -2    2   0   2   0   0  24   2   0   0   1   2  14  10   1   2   6  35   0   0   0  0.38 0.14
   26 E   -1 -1 -1  3 -4  4  5 -2 -1 -4 -4  0 -3 -4 -2 -1 -2 -4 -3 -3    2   0   0  19   0  26  48   2   0   0   0   0   0   0   1   0   0   0   0   0  0.84 0.19
   27 N   -1 -1  3  0 -3 -1 -1 -2 -2 -4 -3  1 -3 -4  6  0  1 -4 -3 -3    1   1  23   3   0   0   0   1   0   0   1  13   0   0  42   6   8   0   0   0  0.86 0.16
   28 F   -2 -4 -4 -4 -3 -4 -4 -4 -3  2  2 -4  1  5 -4 -3 -2 -1  1  2    1   0   0   0   0   0   0   0   0   9  20   0   3  44   0   0   0   0   0  23  0.63 0.15
   29 N   -1 -1  2  1 -3  2  3 -1  3 -3 -2  0 -2 -3 -2  0  1 -3 -1 -3    3   1  12   6   0   8  34   2   8   0   3   2   0   0   0   3  15   0   1   0  0.36 0.11
   30 N   -1 -1  3  4 -3  0  2 -1  0 -3 -4  0 -3 -4 -2  1  0 -4 -3 -3    4   1  20  37   0   1  16   1   1   1   0   3   0   0   0  13   2   0   0   0  0.57 0.13
   31 F   -1  0  0 -3 -1 -2 -2 -2  2  0  1 -1  0  4 -3 -1  0  0  2  1    3   5   4   0   1   0   0   2   6   2  13   5   0  31   0   6   4   1   5  11  0.18 0.08
   32 Y   -3 -4 -4 -5 -4 -3 -4 -5  0 -3 -2 -4 -3  2 -4 -3 -3  1  9 -3    1   0   0   0   0   0   0   0   0   0   1   0   0   4   1   0   0   0  95   0  2.02 0.33
   33 T   -1 -1  0  2 -3  0  3 -1 -1 -2 -2 -1  0 -3 -2  1  2 -1 -3 -2    1   1   3  16   0   1  32   2   1   1   2   0   4   0   0  14  20   1   0   2  0.35 0.11
   34 L   -2 -3 -4 -4 -2 -3 -4 -4 -4  3  3 -3  2 -1 -3 -3 -1 -3 -2  3    0   0   0   0   0   0   0   0   0  27  34   0   5   1   0   0   0   0   0  31  0.53 0.12
   35 T   -1 -2 -1  1 -1  0  2  2 -1 -1 -2 -1 -2 -3 -2  1  2 -3 -3 -1    1   0   0   7   1   4  22  22   0   4   2   0   0   0   0  11  19   0   0   6  0.24 0.08
   36 P    0 -1  0  0 -1  0  1  1  0 -2 -2  0 -1 -2  4  1  0 -2 -2 -1    7   2   2   4   2   3  10  12   3   2   5   3   1   1  22  17   3   0   1   2  0.27 0.04
   37 K   -1  2  0  0 -4  2  3  1 -1 -3 -3  3 -2 -3 -1 -1  0 -3 -3 -3    2  13   2   1   0   8  26  12   0   0   1  28   0   0   1   0   6   0   0   0  0.40 0.10
   38 E   -2 -2 -2  1 -4  0  6 -3 -2 -4 -4 -1 -3 -4  4 -1 -2 -4 -3 -3    1   0   0   2   0   1  73   0   0   0   0   0   0   0  20   1   1   0   0   1  1.07 0.21
   39 L   -3 -1 -4 -4 -2 -3 -4 -5 -3  1  4 -3  1  3 -4 -3 -2 -2 -1  0    0   3   0   0   0   0   0   0   0   6  72   0   0  18   0   0   0   0   0   0  0.68 0.15
   40 G    2 -3 -2 -3 -3 -2 -3  6 -3 -4 -4 -2 -3 -4 -3 -1 -2 -4 -4 -3   20   0   0   0   0   1   0  78   0   0   0   0   0   0   0   1   0   0   0   0  1.18 0.19
   41 R   -2  6 -1 -2 -4  0 -1 -3 -2 -4 -3  1 -2 -4 -3  2 -1 -4 -3 -4    0  73   1   0   0   0   0   0   0   0   0   0   0   0   0  25   0   0   0   0  1.04 0.22
   42 G   -1 -4 -2 -3 -4 -3 -3  7 -3 -5 -5 -3 -4 -4 -3 -2 -3 -4 -4 -4    0   0   0   0   0   0   0  97   0   0   0   0   0   0   0   0   0   0   0   0  1.61 0.23
   43 K   -2  2 -1 -2 -4  4  0 -3 -1 -4 -3  6 -2 -4 -2 -1 -2 -4 -3 -3    0   6   0   0   0  22   0   0   0   0   0  69   0   0   0   0   0   0   0   0  0.91 0.20
   44 F   -3 -4 -4 -5  2 -4 -4 -4 -2 -2 -1 -4 -1  7 -4 -3 -3  0  4 -2    0   0   0   0   5   0   0   0   0   0   0   0   0  78   0   1   0   0  14   0  1.35 0.23
   45 A    6 -3 -3 -3 -2 -2 -2  0 -3 -3 -3 -2 -2 -3 -2  0 -1 -4 -3 -1   92   0   0   0   0   0   0   4   0   0   0   0   0   0   0   1   0   0   0   0  0.94 0.22
   46 V    0 -3 -3 -3 -2 -2 -3 -3 -3  3  0 -3  0 -2 -3 -1  2 -3 -2  4    5   0   0   0   0   1   0   0   0  22   0   0   0   0   0   2  14   0   0  54  0.48 0.13
   47 V   -1 -4 -4 -4 -2 -3 -4 -4 -4  1  0 -4 -1 -2 -4 -3 -1 -4 -2  6    0   0   0   0   0   0   0   0   0   0   0   0   0   0   0   0   0   0   0  97  1.08 0.24
   48 R   -2  6 -1 -2 -1  0 -1 -3 -2 -4 -3  5 -2 -4 -3 -2 -2 -4 -3 -3    0  53   0   0   2   0   0   0   0   0   0  43   0   0   0   0   0   0   0   0  0.99 0.20
   49 Q   -2  4 -1 -2 -4  2  0 -3 -1 -4 -3  5 -2 -4 -2 -1 -2 -4 -3 -3    0  32   0   0   0   9   0   0   0   0   0  56   0   0   0   0   0   0   0   0  0.87 0.18
   50 C   -1 -5 -4 -5 11 -4 -5 -4 -4 -2 -2 -5 -3 -4 -4 -2 -2 -4 -3 -2    2   0   0   0  92   0   0   0   0   2   2   0   0   0   0   0   0   0   0   0  2.39 0.32
   51 I   -2  3 -2 -3 -2  0 -2 -3 -2  3  0  0  0 -2 -3 -2  0 -1 -2  2    1  30   0   0   1   2   0   0   0  29   2   4   2   0   0   0   5   1   0  23  0.32 0.11
   52 S    0 -1  1  1 -4  1  5 -2  3 -4 -4  1 -3 -4 -2  0 -1 -4 -2 -3    7   0   8   3   0   5  50   0  12   0   0   7   0   0   0   8   0   0   0   0  0.57 0.13
   53 K   -2  3  0 -2 -4  0 -1 -3 -2 -3 -2  6 -2 -4 -2 -1 -2 -4 -3 -3    0  17   3   0   0   1   0   0   0   1   4  70   0   0   0   3   0   0   0   0  0.80 0.18
   54 S    1 -1  0  2  0  0  1  0  0 -2 -3 -1 -2 -2 -2  3  1 -3 -2 -1   12   0   0  11   2   4  11   3   2   1   0   1   0   1   0  43   5   0   0   2  0.31 0.10
   55 T   -1 -2 -1 -2 -2 -2 -2 -2 -3 -2 -3 -2 -2 -3 -2  3  6 -4 -3 -2    0   0   0   0   0   0   0   0   0   0   0   0   0   0   0  27  71   0   0   0  0.90 0.22
   56 G   -1 -3  0 -2 -4 -2 -1  6 -3 -5 -5 -2 -4 -4 -3 -1 -3 -4 -4 -4    0   0   3   1   0   0   4  88   0   0   0   1   0   0   0   1   0   0   0   1  1.33 0.20
   57 Q   -1  2 -1 -2 -3  2  0 -3  0  0  0  3  0 -2 -2 -1 -1 -3 -2  0    1  14   1   0   0  15   4   0   2   5  12  29   1   0   0   0   3   0   0  11  0.24 0.08
   58 E   -1 -1 -1  1 -4  3  6 -3  0 -3 -3  0 -2 -4 -2 -1 -2 -4 -3  0    3   0   0   3   0  14  68   0   1   0   0   1   0   0   1   0   0   0   0   9  0.81 0.18
   59 Y   -3 -3 -3 -4 -2 -3 -3 -4  1 -2 -2 -3 -2  5 -4 -3 -3  5  7 -1    0   0   0   0   0   0   0   0   2   0   0   0   0  29   0   0   0   8  53   4  1.19 0.21
   60 A    6 -3 -3 -3 -2 -2 -2 -1 -3 -3 -3 -2 -2 -3 -2  0  0 -4 -3 -1   95   0   0   0   0   0   0   0   0   0   0   0   0   0   0   0   3   0   0   0  1.00 0.23
   61 A    6 -3 -3 -3 -2 -1 -2  0 -3 -3 -3 -2 -2 -3 -2  0 -1 -4 -3 -1   91   0   0   0   0   3   0   4   0   0   0   0   0   0   0   0   0   0   0   0  0.92 0.22
   62 K   -2  1 -1 -2 -4  0  0 -3 -2 -4 -4  7 -3 -4 -2 -1 -2 -4 -3 -3    0   0   0   0   0   0   0   0   0   0   0  95   0   0   0   0   0   0   0   0  1.22 0.24
   63 F   -3 -4 -4 -4  1 -4 -4 -4 -2 -1 -1 -4 -1  8 -4 -2 -3  0  2 -2    0   0   0   0   4   0   0   0   0   1   0   0   0  86   0   2   0   0   2   1  1.39 0.23
   64 L   -2 -3 -4 -4 -2 -3 -4 -4 -3  4  3 -3  4 -1 -3 -3 -2 -3 -2  1    0   0   0   0   0   0   0   0   0  37  41   0  15   0   0   0   0   0   0   4  0.58 0.13
   65 K   -2  6 -1 -2 -4  0 -1 -3 -2 -4 -3  5 -2 -4 -3 -2 -2 -4 -3 -3    0  52   0   0   0   0   0   0   0   0   0  45   0   0   0   0   0   0   0   0  1.00 0.19
   66 K   -2  1 -1 -2 -4  0 -1 -3 -2 -4 -3  7 -3 -4 -2 -2 -2 -4 -3 -3    0   0   0   0   0   0   0   0   0   0   1  96   0   0   0   0   0   0   0   0  1.23 0.24
   67 R   -3  7 -2 -3 -5  0 -1 -4 -2 -4 -3  1 -3 -4 -3 -2 -2 -4 -3 -4    0  96   0   0   0   0   0   0   0   0   0   1   0   0   0   0   0   0   0   0  1.53 0.26
   68 R   -2  7 -1 -3 -4  1 -1 -3 -2 -4 -3  1 -3 -4 -3 -2 -2 -4 -3 -4    1  90   1   0   0   3   0   0   0   0   0   2   0   0   0   0   0   0   0   0  1.38 0.24
   69 R   -2  6 -1 -2 -4  0 -1 -3 -1 -4 -3  4 -1 -4 -3 -1 -2 -4 -3 -3    0  67   0   0   0   1   0   0   0   0   1  27   1   0   0   2   0   0   0   0  1.04 0.19
   70 G    1  0  0 -2 -3 -2 -2  6 -3 -4 -4 -2 -3 -4 -3  0 -2 -3 -3 -3   13   6   2   0   0   0   0  70   0   0   0   0   0   0   0   6   0   0   0   0  0.91 0.15
   71 Q    0  1 -1 -2 -3  5  1 -1 -1 -1 -2  1  0 -3 -2 -1 -1 -3 -2  1    5   8   0   0   0  42   5   5   0   1   1   9   3   0   0   2   2   0   0  17  0.35 0.12
   72 D   -2  1  0  6 -3 -1  2 -2 -2 -3 -3 -1 -3 -4 -2  1 -1 -4 -3 -1    1   7   2  60   0   0  11   1   0   0   1   2   0   0   0   9   0   0   0   5  0.73 0.14
   73 C   -1 -2 -2 -3  9  0 -2 -3 -2 -1  0 -2 -1 -2 -3  0 -1 -3 -2  0    1   3   1   1  56   6   1   1   1   2  11   1   0   1   1   7   1   0   0   5  0.92 0.15
   74 R   -3  7 -2 -3 -4  0 -1 -3 -2 -4 -3  2  0 -4 -3 -2 -2 -4 -3 -4    0  86   0   0   0   0   0   0   0   0   0   8   3   0   0   0   0   0   0   0  1.28 0.23
   75 A    2 -1 -1  0 -2  0  3 -1  1 -2 -1  0  3 -2 -1  0 -1 -3 -2 -1   30   1   2   4   0   3  24   3   4   0   2   3  15   0   1   2   2   0   0   2  0.22 0.09
   76 E   -2 -1 -1  3 -5  1  6 -2 -1 -4 -4 -1 -3 -4 -2 -1 -2 -4 -3 -3    0   0   1  12   0   2  80   2   0   0   0   0   0   0   0   0   0   0   0   1  1.08 0.21
   77 I    0 -4 -4 -4 -2 -3 -3 -4 -4  6  0 -3  0 -1 -3 -3 -2 -4 -2  2   10   0   0   0   0   0   1   0   0  78   0   0   0   0   0   0   0   0   0   9  0.77 0.18
   78 L   -2 -2 -3 -2 -2 -1  2 -4 -2  3  3 -2  2 -1 -3 -2 -1 -3 -2  1    1   1   0   0   0   1  20   0   0  25  42   0   4   1   0   0   0   0   0   4  0.34 0.11
   79 H   -3  4  1 -2 -4 -1 -1 -3  9 -5 -4 -1 -3 -3 -3 -2 -3 -4  0 -4    0  26   7   0   0   0   1   0  65   0   0   1   0   0   0   0   0   0   0   0  1.35 0.24
   80 E   -2 -2 -2  0 -5  1  7 -4 -2 -5 -4 -1 -3 -5 -3 -2 -2 -4 -4 -4    0   0   0   0   0   0  99   0   0   0   0   0   0   0   0   0   0   0   0   0  1.49 0.27
   81 I   -1 -4 -4 -4 -2 -3 -4 -4 -4  5  0 -3  2 -1 -4 -3 -1 -4 -2  4    2   0   0   0   0   0   0   0   0  48   0   0   7   0   0   0   0   0   0  41  0.70 0.16
   82 A    4 -2  0  0 -2 -2 -2  0 -1 -2 -2 -1 -2 -2 -2  1  0 -3 -2  0   66   1   6   4   0   0   0   2   1   0   0   0   0   2   0   9   1   0   1   5  0.46 0.14
   83 V   -2 -4 -4 -4 -2 -3 -4 -5 -4  4  0 -3  2 -2 -4 -3 -1 -4 -2  5    0   0   0   0   0   0   0   0   0  27   0   0   6   0   0   0   0   0   0  67  0.80 0.18
   84 L   -3 -3 -5 -5 -3 -3 -4 -5 -2  0  6 -4  1 -1 -4 -4 -2 -3 -2  0    0   0   0   0   0   0   0   0   1   0  99   0   0   0   0   0   0   0   0   0  1.05 0.21
   85 E   -2  2 -1  2 -4  2  5 -3 -1 -4 -3  1 -1 -4 -2 -1 -2 -4 -2 -3    0  11   0   9   0  11  59   0   0   0   1   5   3   0   0   0   0   0   1   0  0.75 0.16
   86 L    1 -1 -2 -2 -2  2  0 -3 -1  0  3 -1  2 -1 -3 -1 -1 -3 -2  0   14   1   1   0   0  18   5   0   1   3  46   0   5   0   0   4   1   0   0   2  0.25 0.10
   87 A    4 -2 -2 -3  2 -2 -2 -1 -3  1 -1 -2  1 -2 -2  1  1 -3 -2  1   52   0   0   0   5   0   0   1   0  11   3   0   5   0   0  10   7   0   0   7  0.34 0.12
   88 R    0  2 -1 -1 -2  3  0 -2  0 -2  0  2  0 -3 -2  0 -1 -3 -2 -2   11  16   1   2   0  24   3   0   1   0  13  20   2   0   0   3   3   0   0   1  0.26 0.09
   89 S    1 -1  2  1  1 -1 -1 -1  5 -3 -3 -1 -2 -2  0  2 -1 -3 -1 -3   12   1  13   9   4   1   1   3  27   0   2   2   0   1   4  18   1   0   1   0  0.35 0.10
   90 C    0 -2  4 -1  6 -1 -1 -1  2 -2 -2 -1 -2 -3 -2  1  0 -3 -2 -2    5   1  31   1  25   1   1   1   8   1   1   1   0   1   1  16   3   0   0   1  0.49 0.11
   91 P   -1 -2  0 -2 -2  0 -1 -2  2 -3 -2 -2 -3 -4  7  1 -1 -4 -3 -3    4   1   4   0   1   4   2   1   6   0   3   0   0   0  61  10   1   0   0   0  1.19 0.16
   92 H   -3  5  3 -2 -4  0 -2 -2  3 -4 -3  0 -3 -1 -3 -2 -2  6  1 -4    0  45  22   0   0   1   0   1  10   0   0   1   0   1   0   0   0  14   5   0  0.78 0.17
   93 V   -2 -4 -4 -4 -2 -3 -4 -4 -4  4  2 -3  0 -1 -4 -3 -1 -4 -2  4    0   0   0   0   0   0   0   0   0  31  15   0   0   0   0   0   0   0   0  54  0.68 0.15
   94 I   -2 -4 -4 -4 -2 -4 -4 -5 -4  5  0 -4  0 -2 -4 -3 -1 -4 -2  5    0   0   0   0   0   0   0   0   0  51   0   0   0   0   0   0   0   0   0  49  0.85 0.18
   95 N   -1  1  5  1 -3  0 -1  0  0 -3 -3  0 -2 -4 -2  2  2 -4 -3 -3    3   6  39   7   0   2   0   4   1   0   0   5   0   0   0  15  17   0   0   0  0.46 0.12
   96 L   -3 -4 -5 -5 -3 -3 -4 -5 -4  0  6 -4  1  0 -4 -4 -2 -3 -2  0    0   0   0   0   0   0   0   0   0   0  99   0   0   1   0   0   0   0   0   0  1.07 0.22
   97 H   -3 -1 -1 -3 -5  0 -2 -4  9 -3 -3 -1 -3 -2 -4 -2 -3 -3  2 -3    0   2   0   0   0   3   0   0  84   2   1   2   0   0   0   0   0   0   6   1  1.75 0.29
   98 E   -1 -1 -1  4 -4  3  5 -3 -1 -4 -4  0 -3 -4 -2 -1 -2 -4 -3 -3    6   0   0  25   0  13  55   0   0   0   0   1   0   0   0   1   0   0   0   0  0.83 0.17
   99 V    0 -4 -4 -4 -2 -3 -4 -4 -4  2  0 -3  0 -2 -4 -3 -1 -4 -2  6    6   0   0   0   0   0   0   0   0   7   0   0   0   0   0   0   0   0   0  87  0.90 0.21
  100 Y   -3 -3 -4 -5 -4 -3 -4 -5  1 -3 -2 -4 -2  5 -5 -3 -3  1  8 -3    0   0   0   0   0   0   0   0   2   0   0   0   0  23   0   0   0   0  75   0  1.61 0.26
  101 E   -2 -2 -2  0 -5  1  7 -4 -2 -5 -5 -1 -4 -5 -3 -2 -2 -4 -4 -4    0   0   0   0   0   0 100   0   0   0   0   0   0   0   0   0   0   0   0   0  1.52 0.28
  102 T   -1 -2  4 -1 -3 -2 -2 -2 -1 -2 -3 -2  0 -3 -3  1  5 -4 -3 -2    0   0  29   0   0   0   0   0   1   0   0   0   3   0   0   7  60   0   0   0  0.78 0.20
  103 A    1  2  2  0 -3  0  0 -2  0 -3 -3  1 -2 -3  3  1  1 -4 -2 -2   16  15  11   6   0   2   1   0   2   0   1   9   0   0  18  10  10   0   0   0  0.34 0.07
  104 T   -1 -2  2 -2 -2 -1 -2 -2  3 -3 -3 -1 -2 -3 -2  3  5 -4 -2 -2    2   0  10   0   0   0   0   0  11   0   0   0   0   0   0  27  49   0   0   0  0.62 0.17
  105 E   -2 -2 -1  4 -5  0  6 -3 -2 -5 -4 -1 -4 -5 -3 -1 -2 -5 -4 -4    0   0   0  31   0   0  69   0   0   0   0   0   0   0   0   0   0   0   0   0  1.17 0.22
  106 I   -2 -3 -4 -4 -2 -3 -4 -4 -4  4  1 -3  5 -1 -4 -3 -2 -3 -2  3    0   0   0   0   0   0   0   0   0  36   6   0  31   1   0   0   0   0   0  26  0.66 0.16
  107 I   -1 -4 -3 -4 -2 -4 -4 -4 -4  5  0 -4  0 -2 -4 -3 -1 -4 -2  4    2   0   1   0   0   0   0   0   0  50   0   0   0   0   0   0   0   0   0  47  0.77 0.17
  108 L   -3 -3 -5 -5 -3 -3 -4 -5 -4  0  6 -4  1  0 -4 -4 -2 -3 -2  0    0   0   0   0   0   0   0   0   0   0  99   0   0   1   0   0   0   0   0   0  1.07 0.21
  109 V   -2 -4 -4 -4 -2 -3 -4 -5 -4  4  1 -4  1 -2 -4 -3 -1 -4 -2  5    0   0   0   0   0   0   0   0   0  32   5   0   1   0   0   0   0   0   0  61  0.76 0.17
  110 L   -3 -3 -4 -5 -2 -3 -4 -5 -4  0  5 -4  1 -1 -4 -3  0 -3 -2  0    0   0   0   0   0   0   0   0   0   0  94   0   1   0   0   0   5   0   0   0  0.95 0.20
  111 E   -2 -2 -2  0 -5  1  7 -3 -2 -5 -4 -1 -4 -5 -3 -2 -2 -4 -4 -4    0   0   0   0   0   1  99   0   0   0   0   0   0   0   0   0   0   0   0   0  1.49 0.27
  112 Y   -3 -3 -4 -4  2 -3 -4 -4 -1 -1  3 -3  1  2 -4 -3 -2  0  6 -1    0   0   0   0   6   0   0   0   0   0  38   0   4   5   0   0   0   0  46   0  0.76 0.16
  113 A    5 -3 -3 -3  2 -2 -2 -1 -3 -1 -2 -2 -1 -3 -2  0 -1 -4 -3  2   70   0   0   0   4   0   0   0   0   0   0   0   0   0   0   3   0   0   0  23  0.60 0.16
  114 A    4 -2 -2 -2  0 -2 -2 -1 -2 -1 -3 -1 -2 -3  2  3  0 -4 -3 -1   57   1   0   0   1   0   0   0   0   3   0   1   0   0   9  25   3   0   0   1  0.51 0.14
  115 G   -1 -2 -2 -2 -4 -3 -3  7 -3 -5 -5 -3 -4 -5 -3 -2 -3 -4 -4 -5    0   3   0   1   0   0   0  96   0   0   0   0   0   0   0   0   0   0   0   0  1.55 0.22
  116 G   -1 -3 -2 -3 -4 -3 -3  7 -3 -5 -5 -2 -4 -5 -3 -2 -3 -4 -4 -5    0   0   0   0   0   0   0  97   0   0   0   3   0   0   0   0   0   0   0   0  1.60 0.22
  117 E   -2 -1  0  1 -5  1  7 -3 -1 -5 -4 -1 -3 -5 -3 -1 -2 -4 -3 -4    0   0   3   1   0   0  96   0   0   0   0   0   0   0   0   0   0   0   0   0  1.39 0.24
  118 I   -2 -4 -4 -4 -2 -3 -4 -5 -4  5  4 -4  1 -1 -4 -3 -2 -3 -2  1    0   0   0   0   0   0   0   0   0  48  48   0   1   0   0   0   0   0   0   3  0.70 0.14
  119 F   -3 -3 -3 -3 -3  1 -3 -3  0 -1 -1 -3 -1  7 -4 -2 -3  0  2 -2    1   0   0   0   0  11   1   1   2   0   1   0   0  78   0   3   0   0   0   1  1.05 0.19
  120 N   -2  1  4  5 -3  0  0 -2  2 -3 -3 -1 -2 -1 -2  0 -1 -4 -2 -3    1   9  24  46   0   1   3   1   6   0   1   0   1   3   0   2   1   0   0   1  0.60 0.11
  121 L   -2 -1 -1 -2 -3  4  0 -3  3 -1  1 -1  0  3 -3 -2 -2 -2  0 -2    0   0   3   0   0  33   5   0  10   2  21   0   0  21   0   0   0   0   1   0  0.33 0.11
  122 C   -2 -4 -4 -4  9 -3 -4 -4 -3 -1  2 -3  2  0 -3 -2 -2 -3 -2 -1    0   0   0   0  57   0   0   0   0   1  24   0   8   4   0   0   0   0   0   2  1.10 0.18
  123 L    2 -3 -3 -2 -1 -2 -2 -2 -3  2  1 -2  0 -2 -2 -1 -1 -3 -2  4   23   0   0   1   0   0   0   0   0   5  14   0   1   0   0   3   0   0   0  50  0.33 0.10
  124 P    2  0 -2 -1 -1  2  0 -1 -2 -1  0 -1 -1 -2  3  0 -1 -3 -2  0   25   3   0   1   1  17   5   1   0   3  13   0   0   1  16   7   1   0   0   4  0.23 0.06
  125 E   -2 -1  0  5 -4  0  4 -2 -2 -4 -4  2 -3 -4 -2  0 -2 -4 -3 -4    0   0   1  45   0   0  29   0   0   0   0  21   0   0   0   3   0   0   0   0  0.77 0.14
  126 L   -1  3  0  0 -1  0  0 -1  0  0  1  0  0 -1 -1 -1 -1 -2 -1 -1    3  29   7   5   2   3   4   4   2   5  19   4   1   1   3   4   2   0   1   3  0.10 0.03
  127 A    0 -1  0  4 -2  1  3 -1  0 -2 -2  0 -2 -2 -1  0 -1 -2 -1 -2   11   2   3  29   1   5  22   4   3   2   3   5   1   1   2   3   2   0   1   2  0.28 0.05
  128 E   -2 -1 -1  3 -5  1  6 -3 -1 -5 -4 -1 -3 -4 -2 -1 -2 -4 -3 -4    0   0   0  13   0   3  82   1   0   0   0   0   0   0   0   0   0   0   0   0  1.15 0.21
  129 M    2  0 -1 -2  0 -1 -1  0 -2 -1  0 -1  2 -2 -2  2  0 -3 -2  0   29   5   0   0   2   0   1   4   0   2   7   0  10   1   0  27   3   0   0   8  0.18 0.07
  130 V   -2 -3 -4 -4 -2 -3 -3 -4 -3  2  3 -3  0  5  1 -3 -2 -1  0  1    0   0   0   0   0   0   0   0   0  12  32   0   0  35   9   1   0   0   0  11  0.47 0.10
  131 S    0 -1  0  0 -1  0  1  0 -1 -3 -3  2 -2 -3  1  3  2 -4 -3 -2    1   0   1   1   1   0  11   5   0   0   0  20   0   0   7  36  17   0   0   0  0.35 0.09
  132 E   -2 -1 -2  0 -5  1  7 -3 -1 -5 -4  0 -3 -5 -2 -1 -2 -4 -3 -4    0   0   0   0   0   2  97   0   0   0   0   0   0   0   0   0   0   0   0   0  1.36 0.23
  133 N    0  2  1  1 -3  1  3 -1  0 -3 -3  3 -1 -3 -1  1  0 -3 -2 -2    5  10   7   5   0   2  24   3   2   0   0  28   2   0   1   9   2   0   0   1  0.32 0.07
  134 D   -2 -1  0  5 -4  3  4 -3  0 -4 -4 -1 -3 -4 -2 -1 -2 -4 -3 -3    1   0   0  50   0  14  31   0   2   0   0   0   0   0   0   0   0   0   0   1  0.87 0.15
  135 V    2 -3 -3 -3 -2 -3 -3 -3 -3  3  0 -3  0 -2 -3 -1 -1 -4 -2  4   28   0   0   0   0   0   0   0   0  21   0   0   0   0   0   0   1   0   0  49  0.45 0.12
  136 I    0  0 -2 -2 -2  1 -1 -3 -2  2 -1  1 -1 -2 -2  0  3 -3 -2  1   10   6   0   0   0  11   0   0   0  26   0   9   0   0   0   0  28   0   0   8  0.21 0.08
  137 R   -2  6 -1 -2 -4  2  0 -3  0 -4 -3  2 -2 -4 -3  0 -1 -2 -3 -3    1  70   0   0   0   9   1   0   2   0   0   5   1   0   0   7   3   1   0   1  0.87 0.16
  138 L   -2 -3 -4 -5 -2 -3 -4 -4 -3  1  4 -4  1  4 -4 -3 -2 -2  0  0    2   0   0   0   0   0   0   0   0   1  69   0   0  25   0   0   0   0   1   1  0.69 0.14
  139 I   -1 -3 -4 -4 -2 -2 -3 -4 -3  4  2 -3  5 -1 -3 -3 -1 -3 -2  1    6   0   0   0   0   0   0   0   0  40  20   0  32   0   0   0   0   0   0   2  0.57 0.14
  140 K   -2  5 -1 -2 -4  0 -1 -2 -2 -3 -3  5 -2 -4 -3 -1 -2 -3 -3 -2    0  44   0   0   0   1   0   1   0   1   0  50   0   0   0   0   0   0   0   2  0.85 0.16
  141 Q   -2  0 -1 -2 -5  8  1 -3 -1 -4 -4  0 -2 -5 -3 -2 -2 -4 -3 -4    0   0   0   0   0  98   2   0   0   0   0   0   0   0   0   0   0   0   0   0  1.56 0.27
  142 I   -2 -4 -4 -4 -2 -4 -4 -5 -4  6  1 -4  1 -1 -4 -3  0 -4 -2  2    0   0   0   0   0   0   0   0   0  91   1   0   1   0   0   0   5   0   0   2  0.96 0.19
  143 L   -3 -3 -5 -5 -2 -3 -4 -5 -4  1  5 -4  2 -1 -4 -4 -2 -3 -2  0    0   0   0   0   0   0   0   0   0   1  98   0   1   0   0   0   0   0   0   0  0.97 0.18
  144 E   -2 -1  0  4 -4  1  5 -2 -1 -4 -4  0 -2 -4 -2 -1 -1 -4 -3 -2    0   0   3  26   0   1  59   2   0   0   0   1   1   0   0   1   3   0   0   3  0.78 0.15
  145 G    0 -4 -2 -3 -4 -3 -3  7 -3 -5 -5 -3 -4 -4 -3 -1 -3 -4 -4 -4    4   0   0   0   0   0   0  96   0   0   0   0   0   0   0   0   0   0   0   0  1.52 0.20
  146 V   -1 -4 -4 -4 -2 -3 -4 -4 -4  3  2 -3  0 -1 -4 -3 -1 -4 -2  5    0   0   0   0   0   0   0   0   0  11  14   0   0   0   0   0   0   0   0  75  0.72 0.15
  147 H    2 -1  2 -1  3  0 -1 -1  4 -2 -2 -1 -2 -1 -2  1 -1 -2  2 -1   22   3  12   0   8   5   0   1  19   1   3   0   0   0   0  11   1   0   9   3  0.23 0.08
  148 Y   -3 -3 -3 -4  2 -3 -4 -4  2 -2 -1 -3 -1  6 -4 -3 -3  0  6 -2    0   0   1   0   6   1   0   0   5   0   2   0   0  46   0   0   0   0  40   0  1.02 0.17
  149 L   -2 -3 -4 -5 -2 -3 -4 -5 -4  1  5 -4  1 -1 -4 -2 -2 -3 -2  0    0   0   0   0   0   0   0   0   0   0  97   0   0   0   0   2   0   0   0   0  0.93 0.18
  150 H   -3 -2 -1 -3 -5 -1 -2 -4 10 -5 -5 -2 -3 -3 -4 -2 -3 -4  0 -5    0   0   0   0   0   0   0   0 100   0   0   0   0   0   0   0   0   0   0   0  2.25 0.30
  151 Q    0  2  0  1 -3  3  2 -2  0 -3 -3  0 -1 -3 -2  2  1 -2 -2 -2    8  13   2   6   0  23  10   1   2   0   0   1   0   1   0  21  10   0   0   3  0.29 0.08
  152 N   -2  2  4 -1 -2  0 -1 -2  4 -2 -1  2 -1 -2 -3  0 -1 -4 -2 -3    0  12  37   0   1   1   0   0  13   1   8  21   1   1   0   4   2   0   0   0  0.42 0.11
  153 N   -2  1  6  2 -4  0 -1 -1  0 -4 -4  2 -3 -4 -3  0 -1 -5 -3 -4    0   5  66   9   0   2   0   1   1   0   0  14   0   0   0   4   0   0   0   0  0.86 0.16
  154 I   -2 -4 -4 -4 -2 -4 -4 -5 -4  5  1 -4  0 -1 -4 -3 -1 -4 -2  4    0   0   0   0   0   0   0   0   0  58   4   0   1   0   0   0   0   0   0  38  0.74 0.15
  155 V    3 -3 -3 -4 -2 -3 -3 -2 -3  1  0 -3 -1 -2 -3 -1  0 -4 -2  4   37   0   0   0   0   0   0   0   0   1   1   0   0   0   0   0   1   0   0  59  0.52 0.14
  156 H   -3 -2 -1 -3 -5 -1 -2 -4 10 -5 -5 -2 -3 -3 -4 -2 -3 -4  0 -5    0   0   0   0   0   0   0   0 100   0   0   0   0   0   0   0   0   0   0   0  2.25 0.30
  157 L   -3 -3 -4 -5 -2 -3 -4 -5 -3  0  5 -4  1  4 -4 -3 -2 -2  0  0    0   0   0   0   0   0   0   0   0   0  78   0   0  22   0   0   0   0   0   0  0.80 0.16
  158 D   -3 -3  0  7 -5 -2  0 -3 -2 -5 -5 -2 -5 -5 -3 -2 -2 -6 -5 -5    0   0   0 100   0   0   0   0   0   0   0   0   0   0   0   0   0   0   0   0  1.70 0.24
  159 L   -2 -3 -4 -5 -2 -3 -4 -5 -4  3  5 -4  1 -1 -4 -3 -2 -3 -2  0    0   0   0   0   0   0   0   0   0  16  84   0   0   0   0   0   0   0   0   0  0.81 0.15
  160 K   -2  1 -1 -2 -5  0  0 -3 -2 -4 -4  7 -3 -5 -2 -1 -2 -4 -3 -4    0   0   0   0   0   0   0   0   0   0   0 100   0   0   0   0   0   0   0   0  1.27 0.23
  161 P   -2 -4 -4 -3 -4 -3 -3 -4 -4 -4 -4 -2 -4 -5  8 -2 -3 -5 -5 -4    0   0   0   0   0   0   0   0   0   0   0   0   0   0 100   0   0   0   0   0  2.62 0.27
  162 Q   -2  0 -1 -1 -4  7  3 -3 -1 -4 -4  0 -2 -5 -3 -1 -2 -3 -3 -4    0   0   0   0   0  77  22   0   0   0   0   0   0   0   0   1   0   0   0   0  1.21 0.22
  163 N   -3 -2  8  0 -4 -1 -2 -2 -1 -5 -5 -2 -4 -5 -3 -1 -1 -5 -4 -4    0   0 100   0   0   0   0   0   0   0   0   0   0   0   0   0   0   0   0   0  1.63 0.26
  164 I   -2 -4 -4 -4 -2 -4 -4 -5 -4  6  2 -4  1 -1 -4 -3 -2 -3 -2  2    0   0   0   0   0   0   0   0   0  79  18   0   2   0   0   0   0   0   0   2  0.84 0.17
  165 L   -2 -3 -4 -5 -2 -3 -4 -5 -4  1  5 -4  1 -1 -4 -3 -2 -3 -2  1    0   0   0   0   0   0   0   0   0   1  89   0   1   0   0   0   0   0   0   9  0.84 0.16
  166 L   -3 -3 -5 -5 -2 -3 -4 -5 -4  1  5 -4  1  0 -4 -4 -2 -3 -2  0    0   0   0   0   0   0   0   0   0   0  98   0   0   2   0   0   0   0   0   0  0.96 0.18
  167 S   -1 -2  0  3 -2 -1 -1 -2 -2 -2 -3 -2 -2 -3 -2  2  5 -4 -3 -2    0   0   0  21   0   0   0   0   0   0   1   0   0   0   0  20  58   0   0   0  0.66 0.16
  168 S    0  1  0 -1  1  0 -1  1 -1 -2 -3  2 -2 -3 -2  4  0 -4 -3 -3    1   5   3   1   3   1   0  11   1   2   0  23   0   0   0  51   0   0   0   0  0.41 0.12
  169 I    0 -1  2  1 -2  0  2 -2 -1  0 -1  0 -1 -2  1  0  0 -3 -2  0    8   0  18   8   0   1  21   1   1  12   7   4   0   0   7   5   5   0   0   3  0.16 0.05
  170 Y    0 -1  0 -1  0 -1 -2 -2  0  1  0 -1 -1  3 -2  1  0 -1  3  0    4   4   6   2   3   2   0   0   1  11   3   1   0  16   1  23   2   0  13   8  0.11 0.06
  171 P   -2 -3 -2 -3 -4 -3 -2 -3 -3 -4 -4 -2 -4 -4  8 -2 -2 -5 -4 -4    1   0   2   0   0   0   0   0   0   0   1   0   0   0  94   1   1   0   0   0  2.34 0.24
  172 L   -2 -2 -1  1  0 -2 -1 -3  0  1  3 -2  1 -1 -1 -1 -1 -2 -2  0    0   1   3  12   2   1   3   1   3  10  55   1   0   1   2   2   1   0   0   1  0.23 0.08
  173 G   -1 -3 -2 -1  4 -3 -3  5 -3 -4 -4 -2 -3 -4  4 -1 -1 -4 -3 -3    0   0   0   2  12   0   0  58   0   0   0   0   0   0  22   3   2   0   1   0  0.91 0.14
  174 D   -3  1  1  6 -5 -1  1 -3  4 -4 -4 -1 -4 -4 -3 -1 -2 -5 -2 -4    0   9   3  71   0   0   5   0  12   0   0   0   0   0   0   0   0   0   0   0  1.04 0.17
  175 I   -2 -4 -2 -4 -2 -4 -4 -5 -4  6  0 -4  0 -1 -4 -3 -2 -4 -2  3    0   0   2   0   0   0   0   0   0  76   0   0   0   0   0   0   0   0   0  22  0.82 0.17
  176 K   -2  3 -1 -2 -4  0  0 -3 -2 -3 -4  6 -3 -4 -2 -1 -2 -4 -3 -3    0   9   0   0   0   0   0   0   0   1   0  89   0   0   0   0   0   0   0   1  1.07 0.20
  177 I   -2 -4 -4 -4 -2 -3 -4 -5 -4  5  3 -4  1 -1 -4 -3 -2 -3 -2  1    0   0   0   0   0   0   0   0   0  55  42   0   0   0   0   0   0   0   0   2  0.71 0.14
  178 V   -1 -4 -4 -4  6 -4 -4 -4 -4  3  0 -4  0 -2 -4 -3 -1 -4 -2  4    0   0   0   0  25   0   0   0   0  22   0   0   0   0   0   0   0   0   0  53  0.75 0.15
  179 D   -3 -3  0  7 -5 -2  0 -3 -2 -5 -5 -2 -5 -5 -3 -2 -2 -6 -5 -5    0   0   0 100   0   0   0   0   0   0   0   0   0   0   0   0   0   0   0   0  1.70 0.24
  180 F   -4 -4 -4 -5 -4 -5 -5 -5 -3 -1  0 -5 -1  8 -5 -4 -3  0  2 -2    0   0   0   0   0   0   0   0   0   0   4   0   0  96   0   0   0   0   0   0  1.62 0.24
  181 G   -1 -4 -2 -3 -4 -3 -3  7 -3 -5 -5 -3 -4 -4 -3 -1 -3 -4 -4 -5    0   0   0   0   0   0   0 100   0   0   0   0   0   0   0   0   0   0   0   0  1.65 0.21
  182 M   -2 -3 -4 -4 -2 -3 -4 -4 -4  3  4 -3  4  1 -4 -3 -2 -3 -2  1    0   0   0   0   0   0   0   0   0  24  57   0  16   3   0   0   0   0   0   0  0.62 0.12
  183 S    3 -2 -1 -2  0 -1 -1 -1 -2 -3 -3 -1 -2 -3 -2  5  0 -4 -3 -2   34   0   0   0   1   0   0   0   0   0   0   0   0   0   0  65   0   0   0   0  0.71 0.17
  184 R   -3  6 -1 -3  1  0 -1 -3  5 -4 -3  1 -3 -4 -3 -2 -2 -4 -2 -4    0  72   0   0   4   0   0   0  22   0   0   2   0   0   0   0   0   0   0   0  1.11 0.19
  185 K   -2  2 -2 -2 -2  0  0 -3 -1  1  0  3  0 -1 -2 -1 -1 -2  2  0    0  13   0   0   1   1   7   0   1  14  11  31   2   0   0   0   1   0  10   7  0.19 0.07
  186 I   -2 -3 -4 -4 -1 -3 -4 -4 -4  4  2 -3  4 -1 -3 -3 -1 -3 -2  2    0   0   0   0   1   0   0   0   0  45  22   0  17   0   0   0   2   0   0  14  0.53 0.11
  187 G   -1  0  2  2 -2  1  3  2 -1 -4 -3  2 -2 -4 -2  1 -1 -4 -3 -3    0   1   9   8   1   2  28  19   0   0   1  16   0   0   0  14   1   0   0   0  0.36 0.08
  188 N    0 -1  3  3 -3  0  0 -1  2 -3 -3  0 -2 -3 -1  1  0 -4 -2 -2   11   0  25  19   0   2   3   1   8   0   0   6   1   1   2  15   5   0   1   0  0.33 0.07
  189 A    1 -2  1 -2  0 -2 -2  4 -1 -1 -3 -2 -2 -2 -2  1 -1 -3 -2  0   13   0   8   0   2   0   0  45   1   4   0   0   0   1   0  17   1   0   0   7  0.43 0.09
  190 S    1 -1  0 -1  3  0  2  0 -1  0 -2  0 -1 -3 -2  0  1 -3 -2  1   10   1   5   0   9   4  22   8   1   3   0   2   0   0   0   6   7   0   1  21  0.13 0.06
  191 E   -2 -1 -1  3 -5  1  6 -3 -1 -4 -4  0 -3 -5 -2 -1 -2 -4 -3 -4    0   0   0  16   0   0  82   0   0   0   0   2   0   0   0   0   0   0   0   0  1.15 0.20
  192 L   -2 -3 -4 -4 -2 -3 -4 -4 -3  3  3 -3  1  4 -4 -3 -2 -2  0  2    0   0   0   0   0   0   0   0   0  17  46   0   0  23   0   0   0   0   0  14  0.51 0.10
  193 R   -2  6 -2 -3 -3  0 -1 -3 -1 -4 -2  3 -2 -4 -3 -2 -2 -4 -3 -3    0  74   0   0   1   0   0   0   0   0   2  23   0   0   0   0   0   0   0   0  1.10 0.19
  194 E   -2 -1  3  1 -5  1  6 -3  0 -4 -4  0 -3 -4 -2 -1 -2 -4 -3 -4    0   0  21   4   0   4  69   0   1   0   0   0   0   0   0   0   0   0   0   0  0.92 0.17
  195 I   -3 -4 -5 -5 -3 -4 -5 -5 -5  7  0 -4  0 -1 -4 -4 -2 -4 -3  2    0   0   0   0   0   0   0   0   0 100   0   0   0   0   0   0   0   0   0   0  1.17 0.22
  196 M   -2 -3 -4 -4 -2 -2 -3 -4 -3  2  3 -3  5  4 -4 -3 -2 -2  0  1    0   0   0   0   0   1   0   0   0   8  27   0  35  22   0   0   1   0   0   6  0.56 0.13
  197 G   -1 -4 -2 -3 -4 -3 -3  7 -3 -5 -5 -3 -4 -4 -3 -1 -3 -4 -4 -5    0   0   0   0   0   0   0 100   0   0   0   0   0   0   0   0   0   0   0   0  1.65 0.21
  198 T   -1 -3 -1 -2 -2 -2 -2 -3 -3 -2 -3 -2 -2 -4 -2  0  7 -4 -3 -1    0   0   0   0   0   0   0   0   0   0   0   0   0   0   0   0 100   0   0   0  1.27 0.24
  199 P   -2 -4 -3 -3 -4 -3 -3 -4 -4 -3 -4 -2 -4 -5  8 -2 -1 -5 -4 -2    0   0   0   0   0   0   0   0   0   0   1   0   0   0  92   0   4   0   0   2  2.28 0.24
  200 E   -2 -2 -1  4 -5  0  6 -3 -1 -4 -4 -1 -3 -5 -2 -1 -2 -4 -3 -4    0   0   0  27   0   0  73   0   0   0   0   0   0   0   0   0   0   0   0   0  1.12 0.19
  201 Y   -3 -3 -4 -5 -4 -3 -4 -5  0 -2 -2 -3 -2  5 -5 -3 -3  1  8 -2    0   0   0   0   0   0   0   0   0   0   0   0   0  23   0   0   0   0  77   0  1.57 0.23
  202 L   -1 -3 -4 -4 -2 -2 -3 -4 -4  2  2 -3  0 -2 -3 -3 -1 -4 -2  5    0   0   0   0   0   2   0   0   0   2  15   0   0   0   0   0   0   0   0  80  0.72 0.16
  203 A    6 -3 -3 -3 -2 -2 -2 -1 -3 -3 -3 -2 -2 -3 -2  1 -1 -4 -3 -1   97   0   0   0   0   0   0   0   0   0   0   0   0   0   0   3   0   0   0   0  0.98 0.20
  204 P   -2 -4 -4 -3 -4 -3 -3 -4 -4 -4 -3 -2 -4 -5  8 -2 -3 -5 -4 -4    0   0   0   0   0   0   0   0   0   0   2   0   0   0  98   0   0   0   0   0  2.50 0.26
  205 E   -2 -1 -2  0 -5  1  7 -4 -1 -5 -4  0 -3 -5 -2 -1 -2 -4 -3 -4    0   0   0   0   0   0 100   0   0   0   0   0   0   0   0   0   0   0   0   0  1.44 0.24
  206 I   -2 -4 -4 -4 -2 -4 -4 -5 -4  6  0 -4  0 -1 -4 -3 -1 -4 -2  3    0   0   0   0   0   0   0   0   0  73   0   0   0   0   0   0   1   0   0  26  0.85 0.17
  207 L   -2 -3 -4 -5 -2 -3 -4 -5 -4  1  5 -3  1 -1 -4 -3 -2 -3 -2  2    0   0   0   0   0   0   0   0   0   1  78   0   0   0   0   0   0   0   0  21  0.73 0.15
  208 N   -2 -2  6  1 -3  0 -1 -1  1 -4 -4 -1 -3 -4 -3  3 -1 -5 -3 -4    0   0  66   3   0   2   0   0   2   0   0   0   0   0   0  27   0   0   0   0  0.94 0.18
  209 Y   -3 -3 -4 -5 -4 -3 -4 -5  0 -3 -3 -3 -3  2 -5 -3 -3  1  9 -3    0   0   0   0   0   0   0   0   0   0   0   0   0   1   0   0   0   0  99   0  1.98 0.28
  210 D   -2 -2 -1  4 -5  0  6 -3 -1 -4 -4 -1 -3 -5 -2 -1 -2 -4 -4 -4    0   0   0  32   0   0  68   0   0   0   0   0   0   0   0   0   0   0   0   0  1.10 0.18
  211 P   -2 -3 -3 -3 -4 -2 -2 -3 -3 -4 -4 -2 -4 -5  8 -2 -2 -5 -4 -4    1   0   0   0   0   1   0   0   0   0   1   1   0   0  94   1   0   0   0   0  2.36 0.24
  212 I   -2 -4 -4 -4 -2 -3 -4 -5 -4  6  3 -4  1 -1 -4 -3 -2 -3 -2  1    0   0   0   0   0   0   0   0   0  71  26   0   0   0   0   0   0   0   0   0  0.76 0.15
  213 T    0 -2  0 -1  0 -1 -1  3 -2 -3 -3 -1 -2 -3 -2  3  3 -3 -3 -2    0   1   2   1   2   0   0  25   0   0   0   0   0   0   0  41  27   0   0   0  0.50 0.12
  214 T   -2 -2 -2 -3 -2 -2 -3 -3 -3  0  3 -2  2 -1 -3 -1  4 -3 -2  0    0   0   0   0   0   0   0   0   0   3  45   0   6   0   0   0  44   0   0   1  0.47 0.14
  215 A    5 -2 -2 -2 -2  0  2 -1 -2 -3 -3 -1 -2 -3 -1  1 -1 -3 -1 -2   70   0   0   0   0   3  16   0   0   0   0   0   0   0   2   7   0   0   2   0  0.56 0.14
  216 T    2 -2 -1 -2 -2 -2 -2 -2 -3 -2 -2 -2 -2 -3 -2  1  6 -4 -3 -1   22   0   0   0   0   0   0   0   0   0   0   0   0   0   0   1  76   0   0   1  0.83 0.19
  217 D   -3 -3  0  7 -5 -2  0 -3 -2 -5 -5 -2 -5 -5 -3 -2 -2 -6 -5 -5    0   0   0 100   0   0   0   0   0   0   0   0   0   0   0   0   0   0   0   0  1.70 0.24
  218 M   -2 -3 -4 -5 -3 -2 -4 -4 -3  1  1 -3  9 -1 -4 -3 -2 -3 -2  0    0   0   0   0   0   0   0   0   0   6   7   0  87   0   0   0   0   0   0   0  1.40 0.26
  219 W   -4 -5 -6 -6 -4 -4 -5 -4 -4 -4 -3 -5 -3 -1 -6 -5 -4 12  1 -5    0   0   0   0   0   0   0   0   0   0   0   0   0   0   0   0   0  99   0   0  3.69 0.36
  220 N    0 -2  3 -1 -2 -1 -1 -1 -2 -4 -4 -1 -3 -4 -2  6  0 -4 -3 -3    0   0  15   0   0   0   0   0   0   0   0   0   0   0   0  84   1   0   0   0  0.89 0.20
  221 I   -2 -4 -4 -4 -2 -4 -4 -5 -4  6  1 -4  0 -1 -4 -3 -2 -4 -2  3    0   0   0   0   0   0   0   0   0  73   5   0   0   0   0   0   0   0   0  21  0.82 0.16
  222 G   -1 -4 -2 -3 -4 -3 -3  7 -3 -5 -5 -3 -4 -4 -3 -1 -3 -4 -4 -5    0   0   0   0   0   0   0 100   0   0   0   0   0   0   0   0   0   0   0   0  1.65 0.21
  223 I   -1 -4 -4 -4 -2 -3 -4 -4 -4  3  0 -4  0 -2 -4 -3 -1 -4 -2  6    0   0   0   0   0   0   0   0   0  10   0   0   0   0   0   0   0   0   0  90  0.92 0.19
  224 I   -2 -3 -4 -4 -2 -3 -4 -5 -4  4  4 -4  1 -1 -4 -3 -2 -3 -2  1    0   0   0   0   0   0   0   0   0  44  55   0   1   0   0   0   0   0   0   0  0.71 0.14
  225 A    3 -2 -2 -2 -2 -2 -2 -2 -3 -1  0 -2 -1 -2 -2  1  4 -3 -2  0   33   0   0   0   0   0   0   0   0   3   9   0   0   1   0   6  47   0   0   2  0.43 0.12
  226 Y   -3 -3 -4 -5 -2 -3 -4 -5  0 -3 -3 -3 -3  2 -5 -3 -3  1  9 -3    0   0   0   0   1   0   0   0   0   0   0   0   0   0   0   0   0   0  99   0  1.97 0.28
  227 M   -1 -3 -4 -4 -2 -2 -3 -4 -4  3  1 -3  5 -1 -3 -3 -1 -3 -2  4    0   0   0   0   0   1   0   0   0  22   0   0  25   0   0   0   0   0   0  52  0.64 0.15
  228 L   -2 -3 -4 -4 -2 -2 -3 -4 -3  1  4 -3  6 -1 -3 -3 -2 -2 -2  0    0   0   0   0   0   0   0   0   0   0  60   0  35   0   0   0   0   0   0   0  0.75 0.15
  229 L   -2 -3 -4 -4 -2 -3 -4 -4 -4  1  5 -3  1 -1 -4 -3 -2 -3 -2  1    0   0   0   0   0   0   0   0   0   1  89   0   0   0   0   0   0   0   0   7  0.78 0.15
  230 T   -1 -2 -1 -2 -2 -1 -2 -2 -2 -2 -2 -1 -2 -3 -2  3  5 -3 -3 -1    0   0   0   0   0   0   0   0   0   1   0   0   0   0   0  31  64   0   0   0  0.74 0.16
  231 H    0 -3 -1 -2 -3  0 -2  6  2 -4 -4 -2 -3 -4 -3 -1 -1 -3 -3 -4    3   0   0   0   0   5   0  78   8   0   0   0   0   0   0   1   2   0   0   0  1.03 0.15
  232 T    2 -2 -2 -1  4 -1  2 -2  1  1 -1 -1 -1 -2 -2 -1  0 -2  1  0   22   0   0   0  14   0  21   0   5  16   1   0   0   0   0   1   8   0   6   5  0.18 0.07
  233 S    0 -2  0 -1 -2 -1 -1 -1 -2 -3 -3 -1 -2 -3 -2  6  1 -4 -3 -3    0   0   0   0   0   0   0   0   0   0   0   0   0   0   0  91   5   0   0   0  0.92 0.20
  234 P   -2 -3 -3 -3 -4 -2 -2 -3 -3 -4 -4 -2 -4 -5  8 -2 -2 -5 -4 -4    0   0   0   0   0   0   0   0   0   0   0   0   0   0  96   0   0   0   0   0  2.40 0.24
  235 F   -3 -4 -4 -4 -3 -4 -4 -4 -2 -1 -1 -4 -1  8 -4 -3 -3  0  2 -2    0   0   0   0   0   0   0   0   0   0   0   0   0  95   0   0   0   0   0   0  1.56 0.22
  236 V    1 -2 -3 -2 -2 -2 -2  1 -3  0  3 -2  1 -1 -3 -1 -1 -2 -2  1   13   0   0   2   0   1   0  15   0   0  51   0   1   0   0   1   1   0   0  13  0.25 0.08
  237 G    0 -3 -1 -2 -3 -3 -3  6 -3 -4 -4 -2 -3 -4 -3 -1 -2 -3 -4 -4    3   0   0   0   0   0   0  91   0   0   0   0   0   0   0   0   0   0   0   0  1.34 0.18
  238 E    0 -2  1  5 -4  0  4 -2 -1 -4 -4 -1 -3 -4 -2  0 -2 -4 -3 -3    9   0   4  51   0   0  30   0   0   0   0   1   0   0   0   2   0   0   0   0  0.77 0.13
  239 D   -1 -2  2  4 -3 -1  0 -2 -2 -3 -3 -1 -2 -3 -2  1  4 -4 -3 -2    0   0  13  38   0   1   2   1   0   0   0   0   0   0   0   6  37   0   0   0  0.58 0.12
  240 N   -2  1  2 -1 -4  1  0 -2 -1 -3 -3  6 -2 -4 -2 -1 -1 -4 -3 -3    0   0  11   0   0   2   0   0   1   1   0  81   0   0   0   0   1   0   0   1  0.84 0.17
  241 Q   -2  0 -1 -2 -4  8  1 -3  0 -4 -3  0 -2 -4 -3 -1 -2 -3 -3 -3    0   0   0   0   0  95   0   0   1   0   0   0   0   0   0   0   0   0   0   0  1.43 0.25
  242 E   -2 -1 -1  1 -4  2  6 -3 -1 -4 -4  0 -3 -4 -2 -1 -2 -4 -3 -3    0   0   0   2   0   5  88   1   0   0   0   1   0   0   0   0   0   0   0   0  1.14 0.19
  243 T   -1 -2 -1 -2 -2 -2 -2 -3 -3 -2 -2 -2 -2 -3 -2  0  7 -3 -3 -1    0   0   0   0   0   0   0   0   0   0   0   0   0   0   0   0  96   0   0   0  1.13 0.22
  244 Y   -3 -3 -4 -4 -3 -3 -3 -4 -1 -1  2 -3  0  6 -4 -3 -2  0  4 -1    0   0   0   0   0   0   0   0   0   0  22   0   1  54   0   0   0   0  17   3  0.80 0.14
  245 L    1 -2 -3 -3  4 -2 -3 -2 -3  0  3 -3  0 -1 -3 -1  0  1 -2  0   13   1   0   0  14   0   0   3   0   0  56   0   0   0   0   2   6   3   0   0  0.36 0.10
  246 N   -3 -2  8  0 -4 -1 -1 -2 -1 -4 -4 -1 -3 -4 -3 -1 -1 -5 -3 -4    0   0  95   0   0   0   0   0   0   0   0   0   0   0   0   0   0   0   0   0  1.47 0.23
  247 I   -2 -4 -4 -4 -2 -4 -4 -4 -4  6  1 -3  0 -1 -4 -3 -2 -3 -2  2    0   0   0   0   0   0   0   0   0  87   0   0   0   0   0   0   0   0   0   9  0.90 0.17
  248 S    0 -2  0 -1 -2 -1 -1 -1 -2 -3 -3 -1 -2 -3 -2  5  3 -4 -3 -2    1   0   0   0   0   0   0   0   0   0   0   0   0   0   0  76  19   0   0   0  0.76 0.17
  249 Q    2  2 -1 -2 -3  6  0 -1  0 -3 -2  0 -1 -3 -2  0 -1 -3 -2 -2   21   9   1   0   0  56   0   2   1   0   3   2   0   0   0   3   0   0   0   0  0.60 0.14
  250 V   -1 -3 -3 -4  5 -3 -3 -1 -3  2  0 -3  3 -2 -3 -2 -1 -3 -2  4    1   0   0   0  16   0   0   4   0   6   5   0  15   0   0   1   0   0   0  48  0.47 0.13
  251 N   -1  1  6  0 -2 -1 -1 -2 -1 -3 -4  0 -3 -4 -3  1  0 -4 -3 -3    4   9  65   1   1   0   0   0   0   2   1   5   0   0   0   8   2   0   0   0  0.78 0.17
  252 V   -1 -3 -3 -4 -2 -3 -3 -4 -2  2  3 -3  0  1 -3 -2 -1 -1  4  3    2   0   0   0   0   0   0   0   0   7  34   0   0   1   0   0   0   0  21  32  0.42 0.11
  253 D   -2 -2  1  6 -3  0  2 -2 -2 -4 -4 -1 -3 -4 -2  2  0 -4 -3 -3    0   0   3  55   0   1  13   0   0   0   1   0   0   0   0  20   3   0   0   0  0.77 0.15
  254 Y   -3 -3 -3 -4 -3 -3 -4 -4 -1 -2 -1 -3 -2  6 -4 -3 -3  0  7 -2    0   0   0   0   0   0   0   0   0   0   1   0   0  48   0   0   0   0  45   0  1.27 0.21
  255 S    0 -2  0  3 -2  0  0 -1 -1 -3 -3 -1 -3 -3  4  3  0 -4 -3 -3    2   0   1  20   0   2   3   2   1   0   1   0   0   0  22  41   3   0   0   0  0.56 0.13
  256 E   -2  0 -1  3 -4  2  5 -2 -1 -4 -4  0 -2 -4  0  0 -2 -4 -3 -3    1   4   1  16   0   7  57   3   0   0   1   2   0   0   4   3   0   0   0   0  0.69 0.14
  257 E   -2 -2  0  4 -4  0  5 -3 -1 -4 -4 -1 -3 -4 -2 -1 -2 -4 -2 -3    0   0   2  27   0   0  63   0   0   0   1   0   0   0   0   1   0   0   2   0  0.94 0.18
  258 M    0 -2 -1  0 -2 -1  1 -2  0  0  2 -1  0  2 -2 -1  1 -1  1  0    6   0   1   6   0   0  16   1   2   1  25   0   1  15   0   2  15   0   4   4  0.11 0.06
  259 F   -3 -4 -4 -4 -3 -4 -4 -4 -3 -1  0 -4 -1  8 -4 -3 -3  1  2 -2    0   0   0   0   0   0   0   0   0   0   7   0   0  87   0   0   0   1   0   0  1.44 0.24
  260 S    0 -1  0  3  0  1  3  0 -1 -3 -3  0 -1 -3 -2  3  0 -3 -3 -3    5   1   1  17   2   4  23   8   1   1   1   2   1   0   0  32   1   0   0   0  0.35 0.09
  261 S   -1  0  1  2 -1  1  0  2  3 -2 -1 -1 -1 -2 -2  1 -1 -3 -2 -1    2   6   7  14   1   8   3  16  10   1   5   1   0   1   0  17   1   0   0   7  0.16 0.05
  262 V   -1 -3 -3 -3 -2 -2 -3 -3 -2  3  1 -3  0 -2 -3 -1  2 -3 -2  4    1   0   0   0   0   0   0   0   1  20   6   0   0   0   0   0  22   0   0  46  0.44 0.12
  263 S    0 -2  0  0 -2 -1 -1 -2 -2 -3 -4 -1 -3 -3 -2  6  0 -4 -3 -3    0   0   2   5   0   0   0   0   0   0   1   0   0   0   1  86   2   0   0   0  0.90 0.22
  264 Q   -1 -1  0  2 -3  2  4 -2 -1 -3 -3  0 -2 -3  1  1 -1 -3 -1 -3    1   1   3   7   0  12  47   1   0   0   2   3   0   0   6  12   1   0   3   0  0.51 0.12
  265 L    0 -2 -1  0 -1  0  1 -2 -2  0  3 -1  0 -1  1  1 -1 -3 -2 -1    5   0   2   4   1   4   9   2   0   0  44   0   0   0   6  17   1   0   0   2  0.16 0.08
  266 A    6 -3 -3 -3 -1 -2 -2 -1 -3 -2 -3 -2 -2 -3 -2  0 -1 -4 -3 -1   93   0   0   0   1   0   0   0   0   0   1   0   0   0   0   1   0   0   0   0  0.95 0.22
  267 T   -1  2 -2 -2 -2  0 -1 -3 -2  2 -1  3 -1 -2 -2 -1  0 -3 -2  2    1  11   0   0   0   3   0   0   0  18   2  32   0   0   0   0   5   0   0  25  0.26 0.10
  268 D   -2 -2  1  7 -2 -1  1 -2  0 -4 -4 -1 -4 -4 -2  0 -1 -5 -3 -4    1   1   2  80   1   0   2   0   3   0   1   1   0   0   0   4   1   0   0   0  1.18 0.20
  269 F   -3 -4 -4 -4 -3 -4 -4 -4 -3 -1  1 -4 -1  8 -4 -3 -3 -1  1 -2    0   0   0   0   0   0   0   0   0   1  10   0   0  85   0   0   0   0   0   0  1.37 0.23
  270 I   -2 -4 -4 -4 -2 -3 -4 -4 -4  6  0 -3  3 -1 -4 -3 -2 -3 -2  1    0   0   0   0   0   0   0   0   0  82   1   0  11   0   0   0   0   0   0   2  0.92 0.20
  271 Q   -1  4 -1 -2 -1  4  0 -2 -1 -3 -3  4 -2 -4 -2  0 -1 -3 -2 -3    1  29   1   0   1  28   2   0   0   0   1  29   0   0   0   3   3   0   0   0  0.61 0.14
  272 S    0  2  0 -1 -2  1  0 -1 -1 -3 -3  4 -1 -3 -2  2  1 -3 -2 -2    5  12   2   0   1   5   0   2   0   0   1  35   2   0   0  23  10   0   0   1  0.35 0.10
  273 L   -2 -3 -4 -4  0 -3 -3 -4 -4  0  5 -3  1 -1 -3 -3 -1 -3 -2  0    2   0   0   0   2   0   0   0   0   0  88   0   0   0   0   0   3   0   0   2  0.78 0.17
  274 L   -2 -3 -4 -4 -1 -3 -4 -4 -3  1  5 -3  3 -1 -4 -3 -2 -3 -2  0    0   0   0   0   1   0   0   0   0   2  83   0   8   0   0   0   0   0   0   1  0.80 0.17
  275 V   -1 -2 -3 -3 -1 -2 -1 -4 -3  3  0 -3  0 -2 -3 -2 -1 -3 -2  5    0   2   0   0   1   1   4   0   1  15   3   0   0   0   0   0   1   0   0  70  0.60 0.16
  276 K   -2  1 -1 -2 -4  0 -1 -3 -2 -2 -3  6 -1 -4 -2 -1  0 -4 -3 -1    0   3   0   0   0   1   0   0   0   1   1  81   1   0   0   0   5   0   0   4  0.87 0.20
  277 N   -1  0  3  4 -3  0  2 -2 -1 -3 -3  2 -3 -4 -2  0 -1 -4 -3 -3    4   2  22  32   0   2  14   0   1   0   2  16   0   0   0   1   2   0   0   1  0.49 0.11
  278 P   -2 -3 -3 -3 -3 -2 -2 -3 -3 -3 -4 -1 -3 -4  8 -1  2 -4 -4 -3    1   1   0   0   0   0   0   0   0   0   1   2   0   0  77   1  14   0   0   0  1.80 0.24
  279 E   -1  4  1  0 -3  1  4 -2 -1 -3 -3  2 -2 -3 -2  1 -1 -3 -2 -3    1  29   6   1   0   5  34   1   0   0   1   9   1   0   0  10   1   0   0   0  0.49 0.12
  280 K   -1  1  0  3  1  1  3 -2 -1 -4 -3  4 -2 -4 -2 -1 -2 -4 -3 -3    2   2   2  21   4   2  21   1   0   0   1  41   0   0   0   1   0   0   0   0  0.54 0.14
  281 R   -3  8 -2 -3 -5  0 -2 -4 -2 -5 -4  1 -3 -4 -4 -2 -3 -4 -3 -4    0  97   0   0   0   2   0   0   0   0   0   0   0   0   0   0   0   0   0   0  1.66 0.29
  282 P    2 -3 -3 -3 -2 -2 -2 -2 -3  0  2 -2  3 -2  4 -1 -2 -3 -2 -1   25   0   0   0   0   0   0   0   0   1  30   0  14   0  24   2   0   0   1   1  0.48 0.14
  283 T   -1 -2 -1 -1 -2 -2 -2 -3 -3 -2 -3 -1 -2 -4 -2  2  6 -4 -3 -2    1   1   2   2   0   0   0   0   0   0   0   2   0   0   1  15  77   0   0   0  0.93 0.24
  284 A    4 -3 -3 -3 -2 -2 -2 -2 -3  2 -1 -2  0 -3 -2  0 -1 -4 -3  1   63   0   0   0   0   0   0   0   0  20   1   0   1   0   0   1   2   0   0  11  0.53 0.17
  285 E    0  0 -1  0 -3  3  4 -3  1 -3 -2  1 -2 -4 -2 -1  0 -4 -2 -2   10   3   0   2   0  14  46   0   4   0   3   9   0   0   0   1   7   0   0   1  0.50 0.14
  286 S   -1 -1 -1  2 -4  3  5 -2 -1  0 -3 -1 -2 -4 -2 -1 -1 -4 -3 -2    6   0   0  12   0  14  55   1   0   8   0   0   0   0   0   1   1   0   0   1  0.66 0.17
  287 C    2 -4 -4 -4 10 -4 -4 -3 -4 -3 -2 -4 -3 -4 -4  0 -1 -4 -4 -2   16   0   0   0  74   0   0   1   0   0   2   0   0   0   0   6   1   0   0   0  1.77 0.29
  288 L   -3 -3 -4 -5 -3 -3 -4 -5 -4  0  5 -4  2 -1 -4 -4 -2 -3 -2  0    0   1   0   0   0   0   0   0   0   1  92   0   5   0   0   0   0   0   0   0  0.99 0.22
  289 S   -1  2  1  0 -1  3  1 -2  0 -3 -2  1 -1 -3 -2  2  2 -3 -2 -2    1  10   8   3   1  18   8   0   1   0   2  10   2   0   0  21  14   0   0   0  0.29 0.09
  290 H   -3 -2 -1 -3 -5 -1 -2 -4 10 -5 -5 -3 -3 -3 -4 -3 -4 -4  0 -5    0   0   0   1   0   0   0   0  97   0   0   0   0   0   0   0   0   0   0   0  2.41 0.37
  291 S    0 -2 -2 -2 -3 -1 -2 -2 -1 -3 -2 -2 -3 -3  7  2 -1 -4 -3 -3    4   1   0   0   0   2   1   1   2   0   4   0   0   0  59  24   1   0   0   1  1.25 0.21
  292 W   -5 -5 -6 -6 -4 -4 -5 -5 -4 -5 -4 -5 -4 -1 -6 -5 -5 12  0 -5    0   0   0   0   0   0   0   0   0   0   0   0   0   0   0   0   0  98   0   0  3.83 0.45
  293 L   -2 -3 -4 -5 -2 -3 -4 -5 -4  3  4 -4  1  2 -4 -3 -2 -2 -1  0    0   0   0   0   0   0   0   0   0  28  61   0   1   9   0   0   0   0   0   0  0.70 0.16
  294 Q    0  0  1 -1 -3  3  0 -2  0 -3 -3  2 -1 -3 -2  1  2  3 -2 -2    5   3   9   0   0  23   2   1   2   1   0  17   2   0   0  13  16   6   0   0  0.31 0.11
  295 Q    0  0 -1 -1 -1  4  0 -1 -1 -2 -1  1  1 -3  2  1 -1 -3 -2 -1    5   4   0   3   1  34   3   4   1   1   4   6   4   0  12  14   1   0   0   3  0.32 0.11
  296 W   -1  0  0 -1  0  0  0  0  1 -1  0  0 -1  1 -1  1  0  5  0 -1    2   3   3   1   2   4   4   9   6   4   7   8   1  10   2  14   5  12   0   3  0.13 0.05
  297 D   -1 -1  0  3  2  0  2 -1 -1 -3 -3  0 -2 -2  1  1  0 -3 -2 -2    4   2   2  27   6   4  19   4   0   1   1   5   0   1   6  13   2   0   1   2  0.30 0.08
  298 F   -1  0  0  1 -2  1  0 -2  1  0  0  0  0  2  1 -1 -1 -2  0  0    2   5   4  10   0   7   6   1   6   9   6   5   1  18   9   4   2   0   1   5  0.08 0.04
  299 G    0  1  0 -1 -3  2  1  1 -1 -1 -1  0 -1 -2  3  0  0 -3 -2 -1    3   7   2   1   0  13  10  15   1   5   6   5   2   1  16   6   3   0   1   2  0.21 0.05
  300 S   -1  0  2  1 -2  1  2  0  1 -2  0  0 -1 -2  0  1  0 -3 -2 -1    3   3  11   6   0   8  16   7   6   1  13   1   1   0   4  11   7   0   1   1  0.13 0.05
  301 L    0 -1 -1 -2  1 -1  0 -2 -2  0  1  0  0 -2  4  0  0  0 -2  1    9   2   2   1   3   1   6   1   0   2  23   5   0   0  20   7   4   2   1  12  0.21 0.06
  302 F    0  0 -1 -1  2 -1 -1 -2  0  0  0 -1  0  2  1  0  0 -1  1  0    9   8   3   2   6   2   3   1   3   6   7   1   2  15   8  11   4   1   4   4  0.06 0.04
  303 H    0  0  0 -1 -1  0  0 -2  2  0  1  0  0 -1  0  1  0 -2 -1  0    6   3   3   1   1   5   6   1  10   2  21   5   0   2   4  15   4   0   1   9  0.06 0.05
  304 P    0  0 -2 -1 -3  0  1 -2  0 -3 -3  0 -2 -3  6  0 -1 -1 -3 -1    5   5   1   1   0   4  10   2   3   0   2   6   0   0  48   4   4   1   0   4  0.84 0.16
  305 E   -1  0  0  1 -3  1  4 -2  0 -2 -1  0 -1 -3 -1  0  0 -1 -2 -2    3   5   2   7   0   4  44   1   2   3   8   3   1   0   2   7   6   1   1   1  0.34 0.12
  306 E    0  0  0  0 -2  1  3 -1  0 -1 -1  1 -1 -3  1  0  0 -3 -2 -1    4   3   4   2   0   4  30   3   2   2   6  12   1   0   8   8   4   0   1   3  0.22 0.08
  307 T    0 -1  1  1 -1 -1  0 -1 -1 -1 -1  1  1 -2  1  1  2 -3 -2 -1    9   2   7  10   1   1   2   4   1   4   3  10   7   0   5  15  16   0   0   2  0.13 0.06
  308 S    1  0  1 -1  3  0 -1 -1  1 -1 -2  0 -2 -3  1  3  1 -3 -2  0   11   4   6   2   8   3   2   1   4   2   2   4   0   0   8  30   6   0   0   6  0.20 0.09
  309 E    0  0 -1  0  2  1  3 -1 -2 -3 -2  0 -2 -3  1  2  0 -3 -2 -2    7   5   1   3   6   4  25   2   0   0   1   4   0   1   6  24   4   0   1   2  0.27 0.11
  310 S    0  0  0 -1 -2  0  0 -1  0 -1 -1  0 -2 -2  4  2  1 -3 -2 -1    5   6   4   0   1   3   6   2   2   3   5   3   0   1  24  24   7   0   0   3  0.34 0.11
  311 S    0  0 -1 -1 -1  0  1 -1 -1 -1 -1  0 -1 -1  3  2  1  1 -2 -1    6   6   1   2   1   5  13   2   0   3   6   2   1   3  14  22   9   2   0   4  0.18 0.08
  312 Q   -1  1  0  1 -2  4  2 -2 -1 -2 -1  1  0 -3  1  1  0 -3 -2 -2    2   6   2   7   1  26  15   1   1   1   6   6   2   0   6   9   6   0   1   2  0.29 0.12
  313 T    0  0  0  0 -2  0  0  1 -2 -1  0 -1  0 -2  2  0  1 -3 -2  0    7   5   5   5   0   2   6  10   0   3  14   1   4   0  11   9  13   0   0   5  0.10 0.05
  314 Q   -1  1  0  1 -1  3  2 -2  0 -3 -2  2 -2 -3  2  0 -1 -3 -2 -2    3   8   3   5   1  19  15   1   2   1   4  16   0   0  10   7   2   0   1   1  0.30 0.11
  315 D   -1  0  1  4 -3 -1  2  0 -2 -2 -2 -1 -2 -3  1  1  2 -4 -2 -2    2   4   5  26   0   0  15   5   0   3   4   0   0   0   6  10  16   0   1   1  0.31 0.12
  316 L   -1  0  0 -1 -2  0  1 -2  4 -1 -1  2  0 -1  0  0  0 -3 -1  0    4   1   3   1   1   3   9   1  15   2   6  18   4   3   4  10   4   0   0  10  0.13 0.09
  317 S    0  2  0 -2 -2  0  1 -2 -1 -2 -2  0 -1 -3  2  1  2 -2 -3 -1    4  17   4   0   1   2  11   2   1   2   1   4   1   0  12  12  22   1   0   4  0.27 0.12
  318 L    0 -1 -1 -1 -1  0  2 -2 -1  0  1  0  0 -2  0  0  2 -3 -2  0    6   1   2   2   1   5  18   1   1   3  19   4   1   0   4   5  16   0   0   9  0.12 0.08
  319 R   -1  4 -1 -2 -2  0  0 -2 -1 -1 -2  2 -1 -3  1  0  1 -3 -1 -1    4  28   0   1   1   2   6   2   1   5   2  17   1   0   5   9   8   0   3   5  0.26 0.11
  320 S   -1 -1  1  0  2 -1  3 -1 -2 -2 -1  0 -2 -3  0  2  1 -1 -3 -1    3   1   5   4   6   0  25   2   0   1   8   4   0   0   3  26   6   1   0   3  0.24 0.13
  321 S    0 -1  0 -2 -1  0  1 -2 -1 -1 -1  0 -2 -1  0  3  1 -2  2 -1    3   1   2   0   1   4   9   1   0   5   6   5   0   1   5  36   6   0  12   2  0.23 0.14
  322 E   -1 -1 -1  1 -3  1  4  0 -2 -1 -1  0 -2 -2  0  0  2  2 -3 -1    2   2   0   7   0   3  34   8   0   3   5   3   0   1   4   6  15   3   0   2  0.28 0.14
  323 D    0 -1  0  2  0 -1  2 -2  0  0 -1 -1 -1 -3  1  1  1 -2 -3 -1    4   1   2  12   2   0  22   1   2  10   8   1   1   0   7  15   9   0   0   1  0.19 0.11
  324 K    0  1 -1  0 -1  1  2 -2  2 -2 -1  3  1 -2 -2  0 -1 -1  0 -1    5   7   1   3   1   4  16   1   6   0   6  28   5   1   1   4   2   1   4   5  0.22 0.12
  325 T   -1 -1  1 -2  3 -1 -1 -2 -2  0 -2  0 -1 -2 -1  3  2  2 -2  0    2   1   7   0   8   0   4   1   1   5   2   7   2   2   2  28  17   3   0   8  0.23 0.14
  326 P    1 -1 -2 -2  0 -1  0 -2  3  0  0 -1 -1 -3  4  1  1 -4 -2  0   10   3   1   0   2   0   5   2  12   5   8   3   0   0  22  12   9   0   0   5  0.31 0.13
  327 K    0  0 -1 -1  0  0  1 -1 -1 -1 -1  2  1 -2  1  2  0 -2 -1  0    5   2   0   2   2   1  11   3   1   2   3  20   6   1   6  19   4   0   1   8  0.13 0.09
  328 S    0 -1 -1 -1 -3 -1  0 -1 -2 -3 -3 -1 -1 -2  2  4  1 -2  2 -2    3   2   1   2   0   1   5   2   0   1   1   3   1   1  11  44  10   0   8   2  0.43 0.19
  329 C   -1 -2 -1 -1  6  0  0 -3 -1 -1 -1 -2  3 -2  1  0  2  0 -2  0    2   2   2   2  21   4   6   1   2   2   3   1  11   1   7   4  19   1   1   8  0.32 0.15
  330 N   -1  0  5  0 -2 -1  0 -2  0 -2  0 -1 -1 -3 -1  2  0 -4 -2 -2    5   5  38   3   1   1   4   1   2   1  10   1   1   0   3  19   2   0   1   1  0.41 0.18
  331 G    0 -1  3 -1 -1 -1 -2  4 -1 -3 -3 -1 -2 -1  0  0  0 -3  1 -2    7   2  20   2   1   2   1  33   1   0   1   4   1   2   4   6   4   0   7   2  0.37 0.15
  332 S   -1 -2 -2 -2  0  3 -1 -3 -1 -2 -3 -1 -1 -4  1  2  5 -4 -3 -2    2   0   0   1   2  14   2   0   1   1   1   2   1   0   7  15  48   0   0   1  0.65 0.26
  333 C   -2 -4 -3 -4  8 -3 -2 -4 -3 -2  1 -3 -2 -2  1 -1 -2 -1  5 -1    1   0   1   1  37   1   2   1   0   1  15   2   0   0   7   4   2   1  21   3  0.92 0.28
  334 G    0  2 -1 -1 -3  0  1  2 -1  0 -1  0 -1 -3 -1  1 -1 -3 -2  0    7  16   1   1   0   1  11  18   1   5   3   3   1   0   2  15   2   0   1  10  0.16 0.10
  335 D   -2 -2  4  4 -4  4  0 -2  0 -4 -4 -1 -2 -4 -1  0  0 -5 -3 -3    1   0  25  22   0  26   3   2   2   0   1   0   1   0   2   7   6   0   0   1  0.64 0.24
  336 R   -2  2 -1 -2  4 -1 -1 -2  0 -2 -1  0 -1  4  2  1 -1 -3 -1 -2    1  12   2   1  13   3   2   2   2   1   4   4   2  21  12  13   3   0   0   1  0.30 0.15
  337 E   -2  2 -1  0 -4  1  6 -3 -2 -4 -3 -1 -2 -4  0  0 -1 -4 -4 -3    1  12   1   2   0   3  59   1   0   1   2   1   1   0   3   8   4   0   0   2  0.84 0.28
  338 D   -2  3  0  4 -3  2  0 -2  0 -3 -2  0 -1 -3 -2  0  0 -4 -3 -2    2  20   3  34   0  11   4   2   2   1   3   3   1   0   1   6   4   0   0   2  0.47 0.17
  339 K   -2  0 -2 -2 -4 -1 -1 -2 -1 -3 -3  5 -1  4 -1  1 -1 -3 -1 -3    1   3   1   1   0   1   3   1   1   0   1  44   2  21   3  14   2   0   0   0  0.58 0.24
  340 E    1 -1 -1  0 -4  0  5 -2 -2 -4 -3  0 -3 -4 -1  1 -1 -4 -3 -3   15   2   1   4   0   3  54   1   0   0   3   4   0   0   2   8   2   0   0   1  0.70 0.25
  341 N   -2  1  4 -1 -3  1 -1 -2  2 -3 -3  3 -1 -3 -2  0  0 -4 -1 -1    2   8  31   1   0   7   1   0   6   1   1  22   1   0   1   6   5   0   1   5  0.45 0.18
  342 I   -1 -3 -2 -2  0 -2  1 -3 -3  4  1 -3  1  1 -2 -2 -1 -3 -2  3    2   0   1   1   2   1  12   1   0  30  11   0   3   7   2   2   1   0   0  23  0.32 0.15
  343 P   -1 -1 -1 -2 -3 -1 -1 -3 -3 -1  0  2  0 -2  4  0  1 -3 -2  2    3   2   2   1   0   1   3   0   0   0  12  14   1   1  23   5  11   0   1  17  0.33 0.14
  344 E   -1 -2 -1  0 -4  0  5  0 -2 -3 -2 -1  2 -4  1 -1  0 -4 -3 -2    4   1   2   3   0   3  49   6   0   1   2   2   8   0   7   2   7   0   0   3  0.57 0.22
  345 D   -2 -2 -1  5 -2  1  4 -3 -2 -2 -4 -1 -3 -4 -3  0 -1 -4 -4 -2    2   1   1  43   1   6  26   1   0   2   1   2   0   0   0   6   2   0   0   4  0.76 0.23
  346 D   -1 -1 -1 -1 -3  3  0  0 -1  1  0 -1  0 -3  0  2 -1 -4 -3  0    3   1   2   3   0  23   3   6   1   9   9   2   1   0   5  23   1   0   0   8  0.21 0.15
  347 S    1 -1  0 -1 -3 -1 -1  0  2 -4 -4  4 -3 -4 -2  3 -1 -4 -3 -3   11   1   3   3   0   0   3   6   7   0   0  31   0   0   1  34   1   0   0   0  0.54 0.24
  348 L    3 -1 -2 -2 -2  0 -1 -1 -1 -1  1 -2  1 -2  1  1  1  0 -2  1   31   2   0   1   0   3   2   2   2   1  13   0   4   0   6  10  12   1   0   9  0.21 0.14
  349 L   -1 -3 -3 -4 -3 -2 -2 -3  3  4  0  0  3 -2 -4 -2  0 -4 -2  3    4   0   0   0   0   1   3   1   9  29   3   6  10   1   0   1   4   0   1  28  0.44 0.20
  350 S    1 -1 -2  0 -3 -1  2 -2 -3 -4 -4 -2 -3 -4  0  5  1 -5 -4 -3   13   3   0   4   0   0  15   2   0   0   1   0   0   0   4  51   6   0   0   0  0.66 0.27
  351 K   -2  1 -1 -2 -5  1  0  1 -1 -5 -4  6 -3 -5 -3 -2 -1 -5 -4 -4    1   3   1   1   0   5   3  11   1   0   1  69   0   0   0   1   3   0   0   0  1.04 0.32
  352 R   -1  7 -2 -2 -1 -1 -1  1 -3 -5 -3  0 -3 -5 -4 -1 -1 -5 -4 -4    4  66   0   2   2   1   2  11   0   0   2   2   0   0   0   5   3   0   0   0  1.03 0.31
  353 F   -4 -5 -5 -5  3 -5 -3 -5 -4 -2  0 -5 -2  8 -2 -3 -3 -2  0 -3    1   0   0   0   6   0   2   0   0   0   5   0   0  79   2   2   1   0   0   0  1.69 0.40
  354 R   -2  5 -1 -3 -1 -1 -1 -2 -1 -3 -3  4 -3 -4 -2  1  0 -4 -3 -3    1  42   1   0   1   0   0   2   1   1   1  33   0   0   2   9   4   0   0   2  0.79 0.24
  355 F   -3 -3 -3 -4 -3 -3 -3 -2 -3 -2  0 -3  0  8 -3 -3 -3 -1  1 -2    2   1   1   1   0   1   2   3   0   1   5   1   2  73   1   1   1   0   1   2  1.32 0.28
  356 D   -2 -2 -1  4 -3  0  5 -2 -1 -3 -3  0 -3 -2 -2  1 -1 -3 -3 -3    1   1   1  27   0   1  42   1   1   1   2   3   0   2   1  10   2   0   1   2  0.67 0.19
  357 D   -2 -1 -1  4 -4  0  5 -2 -2 -4 -4 -1 -3 -4 -1  1 -2 -4 -3 -3    1   3   1  21   0   1  53   2   0   1   1   1   0   0   3   9   1   0   0   1  0.83 0.23
  358 S    0 -2 -2 -1 -3 -2  0 -2 -3 -4 -4 -1 -3 -4  6  3  1 -5 -4 -3    6   1   1   3   0   1   7   2   0   0   0   2   0   0  43  26   7   0   0   1  0.94 0.25
  359 L   -2 -2 -4 -5 -3 -3 -4 -5 -4  0  5 -4  1  4 -3 -2 -1 -1 -1 -1    1   2   0   0   0   1   0   0   0   1  61   0   2  20   1   3   4   1   1   2  0.72 0.23
  360 P    2 -1 -1 -2  0  2 -1 -1 -1 -2 -2 -1 -2 -2  5  1 -1 -3 -2 -2   20   3   2   1   3  10   2   2   1   1   2   2   1   1  32  11   2   0   1   2  0.54 0.13
  361 S    2 -1  1 -1 -2 -1  0  0  0 -2 -2  0 -1 -1 -1  2  2 -2  1 -1   21   1   6   1   0   1   4   7   2   1   2   6   2   1   2  18  13   0   8   3  0.16 0.08
  362 P    1  1 -3 -3  0 -2 -3 -3 -3 -1  3 -2  1 -2  4  0 -1 -4 -3 -1   12  12   0   1   2   0   0   0   0   0  35   0   3   1  22   7   4   0   0   1  0.43 0.18
  363 H   -3 -1 -1 -3 -5  6 -1  0  7 -5 -5 -1 -3 -4  1  0 -1 -4 -2 -4    0   1   1   0   0  43   0   7  30   0   0   2   0   0   7   5   3   0   0   1  1.07 0.33
  364 E   -2 -3 -1  5 -6  0  6 -4 -3 -5 -5 -1 -4 -5 -1 -2 -2 -5 -4 -5    1   0   1  33   0   1  58   0   0   0   0   2   0   0   3   0   1   0   0   0  1.27 0.33
  365 L   -2 -3 -3 -2 -2 -3 -3 -4 -3  4  2 -3  1  2 -3  0  1 -1 -2  1    1   0   0   1   0   0   1   0   0  42  17   0   3   9   0   9  11   1   0   5  0.41 0.16
  366 V   -1 -2 -3 -3 -3  2 -2 -3 -3  1  1 -1  1 -3  5 -1 -1 -4 -3  2    4   0   0   0   0  12   0   0   0   8  13   4   5   0  30   2   3   0   0  17  0.50 0.15
  367 P   -1 -1 -2 -2 -4  5 -1  4 -1 -4 -4 -1 -3 -4 -1  1  1 -4 -4 -4    2   2   0   1   0  32   0  38   1   0   0   0   0   0   3  12  10   0   0   0  0.69 0.22
  368 D   -2 -2 -1  5 -5  0  6 -3 -2 -5 -5 -2 -4 -5 -3 -2 -3 -5 -4 -5    1   0   0  41   0   2  56   1   0   0   0   0   0   0   0   0   0   0   0   0  1.31 0.31
  369 L   -3 -4 -2  0 -3 -2 -3 -4 -1  0  3 -4  0  6 -4 -3 -3 -2  0  1    0   0   1   7   0   2   0   0   1   1  30   0   0  46   0   0   0   0   0  13  0.67 0.19
  370 F   -2 -4 -5 -5 -2 -4 -4 -5 -4  5  3 -4  0 -1 -4 -3 -2 -4 -1  3    2   0   0   0   0   0   0   0   0  52  25   0   0   1   0   0   0   0   1  19  0.75 0.19
  371 C   -2 -5 -4 -5 11 -5 -5 -4 -5 -3 -3 -5 -3 -4 -5 -3 -3 -4 -4 -2    0   0   0   0 100   0   0   0   0   0   0   0   0   0   0   0   0   0   0   0  2.66 0.32

                      K         Lambda
Standard Ungapped    0.1342     0.3176
Standard Gapped      0.0497     0.2670
PSI Ungapped         0.1616     0.3121
PSI Gapped           0.0497     0.2670
