
Last position-specific scoring matrix computed, weighted observed percentages rounded down, information per position, and relative weight of gapless real matches to pseudocounts
           A  R  N  D  C  Q  E  G  H  I  L  K  M  F  P  S  T  W  Y  V   A   R   N   D   C   Q   E   G   H   I   L   K   M   F   P   S   T   W   Y   V
    1 M   -2 -2 -3 -4 -2 -1 -3 -4 -2  1  3 -2  7  0 -3 -2 -1 -2 -2  0    0   0   0   0   0   0   0   0   0   0  21   0  79   0   0   0   0   0   0   0  0.71 0.11
    2 S   -1  4  2 -1 -3  2  0 -2 -1 -3 -3  2 -2 -3 -2  3  0 -3 -2 -3    0  34  10   0   0   9   0   0   0   0   0  12   0   0   0  36   0   0   0   0  0.43 0.07
    3 L   -1 -2 -2 -3 -2  0 -2  0 -2  1  3 -2  4  0  0  0 -1 -2 -2  0    3   0   0   0   0   4   0   9   0   5  36   0  28   1   4   9   0   0   0   0  0.25 0.08
    4 Y   -1  3 -2 -3 -3 -1 -2 -3  1 -2 -1 -1 -2  2  0  0  0  8  2 -2    3  22   0   0   0   0   0   0   4   0   4   0   0  12   4  12   6  24   9   0  0.54 0.11
    5 P    0 -2 -2 -2 -3 -1 -2 -1 -3 -2 -2  1  0 -3  6  1 -1 -4 -3 -2    8   0   0   0   0   0   0   4   0   3   3  14   4   0  53  10   0   0   0   0  0.94 0.13
    6 A    3  0 -2 -2 -1 -1  0 -1 -2 -1 -1 -1 -1 -2  0  2  0  4 -2  1   36   5   0   0   1   0   4   0   0   0   3   1   0   1   3  25   0   7   0  12  0.28 0.11
    7 S    1 -1 -2 -3 -2 -1 -2  0 -3 -1  1 -2  5 -1 -2  2  1 -3 -2 -1   15   2   0   0   0   1   1   6   0   0  16   0  29   1   1  19   8   0   0   1  0.30 0.15
    8 P   -2  3 -2 -2 -4  1  0 -3 -1 -1  0  3  1 -2  3 -1 -2 -4 -3 -1    0  23   0   0   0   5   3   0   1   4  10  26   6   1  18   1   0   0   0   3  0.42 0.14
    9 Y   -1  1 -2 -3 -3 -1 -1  0  2 -1  2 -1  2  2  0 -1 -1  4  0 -1    4  13   0   0   0   2   3   7   7   1  23   0   9  10   4   4   2   6   1   3  0.14 0.09
   10 L    0 -3 -4 -4  2 -3 -4 -3 -4  1  4 -3  3 -1 -2 -2  0 -3 -2  1    8   0   0   0   4   0   0   1   0   6  55   0   7   0   2   0   8   0   0  10  0.50 0.18
   11 A    1 -3 -3 -3  4 -2 -2  0 -3  1  2 -2  0 -1  2 -1 -1 -2 -2  1   17   0   0   0  10   0   1   8   0   5  28   2   0   1  12   2   2   1   1  11  0.23 0.11
   12 S    1 -2 -2 -3 -1 -1 -2 -2 -2  0  1 -2  0  2  1  1  1  2 -1  1   11   0   0   0   1   2   0   1   0   3  18   0   2  11   7  17  10   3   0  13  0.15 0.10
   13 L    0 -3 -4 -4  0 -3 -3 -4 -4  2  4 -3  1  0 -3 -1 -1 -3 -2  2   10   0   0   0   2   0   0   0   0   9  47   0   2   4   0   4   4   0   0  17  0.41 0.16
   14 L    0 -3 -4 -4 -2 -3 -4 -1 -4  1  4 -3  1  1 -1 -2 -2 -1 -2  1    7   0   0   0   0   0   0   4   0   4  59   0   2   6   2   2   1   1   0  10  0.48 0.19
   15 L    0 -3 -4 -4 -1 -3 -4 -1 -4  1  4 -3  0  3 -3 -2  0 -3 -1  1    9   0   0   0   1   0   0   5   0   2  47   0   1  15   1   1   6   0   0  12  0.42 0.18
   16 F   -1 -3 -3 -4  1 -3 -3 -2 -2  1  3 -3  0  3 -3  0  0  4  0  1    2   0   0   0   4   0   0   3   1   5  32   0   1  17   1  11   4   7   2  10  0.31 0.14
   17 I    2 -3 -3 -4 -1 -3 -3 -3 -3  2  3 -3  1  0 -3 -1  0 -3 -2  2   26   0   0   0   1   0   0   0   0   9  34   0   1   4   0   3   5   0   0  16  0.35 0.16
   18 L    0 -3 -3 -4  4 -3 -3  0 -3  0  3 -3  0  3 -3  0 -1  2 -1  0    9   0   1   0  13   0   0   7   0   2  33   0   0  15   0   9   2   3   1   5  0.30 0.15
   19 A    0 -2  0 -1  0 -2 -2  0 -2  0  2 -2  2  0 -2  1 -1  0  0  1    7   1   6   2   2   0   0   9   1   2  31   0   5   4   1  14   2   1   2   9  0.11 0.09
   20 L    0 -2 -4 -4  2 -2 -3 -3 -3  1  3 -3  1  3 -1 -2 -1  2 -1  2    9   1   0   0   5   1   1   2   0   8  34   0   2  14   2   1   4   3   0  13  0.28 0.13
   21 H   -1  0  2 -1 -1  3  0  1  5 -3 -3 -1 -2 -3  0  1  0 -4  0 -2    3   4  12   1   1  19   3  10  18   1   1   1   1   0   4  13   3   0   2   1  0.35 0.17
   22 G    1 -2 -2 -1  0 -2 -2  3 -2 -1 -1 -2 -1 -2  2  0  0 -4 -3  0   16   1   0   3   2   1   2  30   0   3   6   0   1   1  11   8   5   0   0  10  0.28 0.13
   23 A    4 -3 -2 -3  0 -2 -3  1 -3 -2 -3 -2 -2 -4 -2  2  2 -4 -3  0   46   0   0   1   1   0   0   9   0   2   1   1   0   0   1  16  15   0   0   8  0.53 0.25
   24 L    2 -2 -2 -2  0  0  1 -1 -1 -1  2 -2 -1 -1 -2  2  1 -3 -2  0   18   1   0   0   2   5  10   3   1   0  23   0   0   2   1  17  11   0   0   4  0.17 0.14
   25 S    3 -2 -2 -2  0 -2 -1  0 -1 -3 -3 -1 -2 -4 -1  3  2 -4 -3 -2   33   0   0   1   1   0   3   6   1   0   0   1   1   0   3  31  16   0   0   1  0.53 0.26
   26 L   -4 -5 -6 -6 -4 -4 -5 -6 -5  0  5 -5  5  5 -5 -5 -3 -3 -2 -1    0   0   0   0   0   0   0   0   0   1  57   0  17  23   0   0   0   0   0   1  1.19 0.40
   27 R   -4  6 -3 -4 -6 -1 -2 -5 -1 -5 -2  6 -4 -5 -4 -3 -3 -6 -4 -5    0  45   0   0   0   1   0   0   1   0   3  49   0   0   0   0   0   0   0   0  1.49 0.49
   28 L   -4 -6 -6 -6 -4 -6 -6 -7 -6  8  0 -6 -1 -3 -6 -5 -4 -6 -4  2    0   0   0   0   0   0   0   0   0  86   6   0   0   0   0   0   0   0   0   9  1.82 0.54
   29 C    3 -5 -4 -5  9 -5 -5  2 -5 -4 -4 -5 -4 -5 -5  0 -3 -5 -5 -3   30   0   0   0  47   0   0  17   0   0   0   0   0   0   0   5   0   0   0   0  1.61 0.49
   30 S    6 -4 -3 -4 -3 -3 -3 -2 -4 -4 -5 -3 -4 -5 -4  4 -2 -5 -5 -3   68   0   0   0   0   0   0   0   0   0   0   0   0   0   0  31   1   0   0   0  1.32 0.50
   31 F   -6 -6 -7 -7 -6 -7 -7 -7 -5 -4 -3 -7 -3  9 -7 -6 -6 -2  1 -4    0   0   0   0   0   0   0   0   0   0   0   0   0  98   0   0   0   0   2   0  2.86 0.72
   32 N   -5 -4  9 -2 -6 -3 -4 -4 -3 -7 -7 -4 -6 -7 -5 -3 -3 -7 -6 -6    0   0  99   0   0   0   0   0   0   0   0   0   0   0   0   0   0   0   0   0  2.71 0.74
   33 V    1 -5 -5 -5 -3 -4 -5 -4 -5  6  0 -4  0 -3 -4 -3 -1 -5 -4  4   12   0   0   0   0   0   0   1   0  48   4   0   2   0   0   0   3   0   0  31  0.94 0.36
   34 R   -3  5 -2 -3 -6  6 -1 -5  2 -6 -5  3 -3 -6 -4 -3 -4 -5 -4 -5    0  31   0   0   0  48   1   0   5   0   0  14   0   0   0   0   0   0   0   0  1.38 0.49
   35 S    0  3  1 -3 -3 -2 -2 -2  1 -3 -4  1 -3 -4 -3  4  2 -5 -4 -1    7  21   6   0   0   0   0   1   3   1   0   6   0   0   0  40  11   0   0   4  0.59 0.31
   36 F   -5 -6 -6 -7 -4 -6 -6 -6 -5 -3  1 -6  0  9 -7 -6 -5 -2  0 -4    0   0   0   0   0   0   0   0   0   0  15   0   1  83   0   0   0   0   1   0  2.21 0.61
   37 G   -2 -4 -2 -1 -5 -4 -4  7 -5 -6 -6 -4 -5 -6 -5 -1  1 -5 -6 -5    2   1   1   3   0   0   0  82   0   0   0   0   0   0   0   3   9   0   0   0  1.69 0.50
   38 E   -2  0 -1  4 -5  0  4 -3 -2 -3  0 -1  0 -4 -3 -2 -1 -2 -3 -2    3   4   1  27   0   3  34   1   1   1  13   3   2   0   1   1   2   0   0   3  0.55 0.27
   39 S    2 -1  1 -3 -3 -1 -2 -2 -1 -4 -4  1 -2 -4 -1  4  4 -5 -4 -3   17   3   5   0   0   2   0   1   1   0   0  10   1   0   2  32  27   0   0   0  0.57 0.30
   40 K   -4 -1 -4 -4 -7 -2 -3 -5 -4 -6 -6  8 -5 -7 -4 -4 -4 -7 -5 -6    0   0   0   0   0   0   0   0   0   0   0 100   0   0   0   0   0   0   0   0  2.36 0.71
   41 K    2 -1 -4 -4 -2 -2 -3 -4 -4  2  0  0  5 -3 -4  0 -2 -4 -3  4   18   3   0   0   0   0   0   0   0   8   5   7  21   0   0   7   1   0   0  30  0.49 0.27
   42 E    3 -1  1  0 -3 -1  1 -1 -2 -4 -4  0 -3 -5 -3  5  0 -5 -4 -3   22   2   6   3   0   1   8   2   0   0   1   5   0   0   0  46   3   0   0   1  0.61 0.31
   43 N   -4  2  6  5 -6 -2 -2 -4 -2 -5 -6  2 -5 -6 -4 -2 -2 -6 -5 -5    0  13  45  29   0   0   0   0   0   0   0  11   0   0   0   0   1   0   0   0  1.25 0.44
   44 H    0 -1 -2 -1 -2  3  2 -3 -1 -4 -4  1 -3 -3  5  0  0 -4 -1 -1    9   2   1   2   1  13  13   1   1   0   0  10   0   1  30   5   4   0   3   4  0.59 0.25
   45 N    0  1  2  1 -3  0  2 -2  1 -3 -3  1 -1 -3 -1  0  3 -4 -3 -2    9   7   9   9   0   3  16   2   4   1   1   8   2   1   2   3  23   0   0   2  0.26 0.17
   46 A    0 -4 -5 -5  3 -4 -5 -5 -5  3  1 -4 -1 -3 -4 -4 -1 -5 -4  5    6   0   0   0   7   0   0   0   0  14  13   0   0   0   1   0   3   0   0  57  0.92 0.36
   47 M    1 -2 -4 -4 -1 -3 -4  0 -4  0  2 -2  7 -3 -2  1 -2 -4 -3  1   10   2   0   0   1   0   0   6   0   3  17   2  36   0   1  11   1   0   0  10  0.59 0.31
   48 D   -2 -1  2  5 -4 -1  0  1  2 -4 -4  1 -4 -5 -3  1 -1 -5 -4 -4    2   3  10  37   0   1   4  11   7   1   1   7   0   0   0  14   2   0   0   0  0.61 0.26
   49 I    0 -3 -3 -4 -3 -3 -3 -4 -2  4 -1 -3 -1 -1 -4 -2  3 -3  3  3    8   1   1   0   0   0   1   0   1  28   3   0   0   1   0   2  21   0  12  22  0.52 0.27
   50 I   -4 -5 -6 -6 -4 -5 -5 -6 -5  6  4 -5 -1 -1 -5 -5 -3 -4 -3  1    0   0   0   0   0   0   0   0   0  46  45   0   0   1   0   0   0   0   0   6  1.17 0.40
   51 V    0 -4 -4 -5 -2 -4 -4 -4 -5  2 -1 -3 -1 -3 -4 -1  2 -5 -3  5    9   0   0   0   0   0   0   1   0  12   3   1   0   0   0   5  11   0   0  56  0.77 0.34
   52 K   -3  3  0 -2 -5  4  0 -4 -3 -5 -4  5 -3 -5 -3  0 -1 -5 -4 -4    1  13   3   1   0  21   3   0   0   0   1  47   0   0   0   6   4   0   0   0  0.93 0.38
   53 I   -4 -6 -6 -6 -1 -6 -6 -7 -6  7 -1 -6 -2 -3 -6 -5 -2 -6 -4  2    0   0   0   0   1   0   0   0   0  83   1   0   0   0   0   0   2   0   0  13  1.76 0.54
   54 I   -3 -5 -5 -5 -3 -4 -4 -6 -5  4  4 -5  0 -2 -5 -4 -3 -4 -3  3    0   0   0   0   0   0   1   0   0  31  43   0   1   1   0   0   0   0   0  21  0.92 0.34
   55 K    2  0  0 -3 -2 -1 -2 -2  1 -4 -2  1 -2 -4 -2  5  0 -5 -4 -2   20   5   3   0   1   2   0   0   3   0   3   9   0   0   1  48   4   0   0   1  0.61 0.32
   56 R   -4  8 -3 -3 -5  1 -1  1 -3 -6 -5  0 -2 -6 -4 -3 -3 -5 -5 -5    0  78   0   1   0   5   3  10   0   0   0   1   1   0   0   0   1   0   0   0  1.66 0.53
   57 C   -4 -5 -4 -6  9 -5 -6 -6 -2 -4 -4 -5 -4  0 -6 -4 -4 -2  8 -3    0   0   1   0  42   0   0   0   0   0   0   0   0   2   0   0   0   0  53   1  2.40 0.65
   58 D   -5 -5 -2  8 -6 -3  0 -4 -3 -6 -7 -3 -6 -6 -2  0 -4 -7 -6 -6    0   0   0  89   0   0   2   0   0   0   0   1   0   0   1   5   0   0   0   0  2.16 0.61
   59 L   -3 -5 -6 -6 -4 -5 -5 -6 -6  7  1 -5 -1 -3 -5 -3 -3 -5 -4  3    1   0   0   0   0   0   0   0   0  68  13   0   1   0   0   1   0   0   0  16  1.34 0.44
   60 I    2 -4 -4 -4  4 -3 -4 -4 -4  4 -1 -3  5 -1 -4 -1  1 -4 -3  2   17   0   0   0  11   0   0   0   0  26   1   0  16   2   0   3  11   0   0  12  0.57 0.28
   61 L   -1 -5 -5 -6 -3 -4 -5 -5 -5  0  5 -5  0 -1 -5 -4 -3 -4 -3  3    4   0   0   0   0   0   0   0   0   1  65   0   0   1   0   0   0   0   0  26  1.05 0.39
   62 L   -2 -5 -5 -5 -3 -4 -5 -5 -5  5  3 -5  0 -2 -5 -4 -3 -4 -3  4    1   0   0   0   0   0   0   1   0  34  34   0   1   0   0   0   0   0   0  28  0.93 0.34
   63 M   -4 -3 -4 -4 -5  7 -1 -5 -3 -3  1 -2  5 -5 -5 -4 -4 -5 -4 -4    0   0   0   0   0  65   1   0   0   0  15   0  18   0   0   0   0   0   0   0  1.62 0.59
   64 E   -4 -3 -4 -1 -7 -1  8 -5 -2 -7 -6 -2 -5 -6 -4 -3 -4 -2 -5 -6    0   0   0   1   0   0  97   0   1   0   0   0   0   0   0   0   0   1   0   0  2.27 0.69
   65 I   -3 -5 -6 -6 -4 -5 -5 -6 -6  4 -1 -5 -2 -3 -5 -5 -3 -6 -4  7    0   0   0   0   0   0   0   0   0  20   1   0   0   0   0   0   0   0   0  78  1.61 0.52
   66 K   -3  6 -3 -4 -3 -1 -3 -5 -3 -3 -3  3  2 -4 -4 -3 -3 -5 -4  3    0  48   0   0   0   2   0   0   0   0   0  19   7   0   0   0   1   0   0  22  1.03 0.41
   67 D   -5 -5 -1  8 -7 -3  1 -3 -4 -6 -7 -4 -6 -7 -5 -2 -4 -7 -6 -6    0   0   2  89   0   0   5   2   0   0   0   0   0   0   0   2   0   0   0   0  2.20 0.62
   68 S    2  0  1 -2 -3 -2 -1 -2 -3 -3 -3  0 -3 -4  2  4  0 -5 -3  0   15   4   8   0   0   1   3   1   0   1   1   5   0   0  10  42   4   0   0   7  0.48 0.28
   69 N   -2  0  1  4 -4  0  0 -3  3 -5 -5  3 -4 -4 -3  3  0 -5 -2 -4    0   4   7  27   0   3   2   1   7   0   0  20   0   0   0  22   6   0   1   0  0.59 0.28
   70 N   -2 -3  3 -1 -4 -1 -1  4 -3 -3  3 -2 -2 -3 -4 -2 -3 -4 -2 -3    1   1  19   3   0   2   3  35   0   0  33   1   0   0   0   0   0   0   1   0  0.63 0.30
   71 N    0  2  0 -1 -3  0  1 -3 -2 -2 -3  2  0 -4 -3  3  2 -4 -3 -1    4  10   3   2   0   3   9   0   0   2   1  15   3   0   0  30  14   0   0   3  0.36 0.22
   72 I    6 -4 -4 -4 -3 -3 -3 -3 -4  1 -3 -3 -3 -4 -2  1 -1 -5 -4  1   69   0   0   0   0   0   0   0   0  10   0   0   0   0   1   9   3   0   0   8  0.99 0.42
   73 C   -2 -5 -5 -5  5 -3 -5 -4 -5  4  0 -4  3 -1 -5 -3  1 -5 -3  5    0   0   0   0  14   1   0   1   0  21   3   0   7   2   0   0   7   0   0  43  0.86 0.34
   74 P   -1 -1  0 -1 -4  1  0  0 -2 -3 -4  3 -3 -4  5  2  0 -5 -3 -3    2   2   4   3   0   7   4   8   0   2   1  19   0   0  28  15   5   0   1   0  0.55 0.24
   75 M    1  0 -2 -2 -2  0  0 -3 -2  0  2  2  2 -1 -2 -1  1 -3 -2 -1   14   3   1   1   1   4   4   0   0   3  22  21   6   3   1   3  11   0   0   2  0.17 0.15
   76 L   -4 -5 -6 -6 -4 -5 -6 -6 -2 -1  6 -5 -1  2 -6 -5 -4 -4 -3 -2    0   0   0   0   0   0   0   0   1   0  92   0   0   7   0   0   0   0   0   0  1.62 0.52
   77 M   -3 -4 -4 -6 -4 -3 -5 -5 -5  0  4 -4  7 -2 -5 -4 -2 -4 -4  2    0   0   0   0   0   0   0   0   0   2  40   1  37   0   0   0   1   0   0  17  1.18 0.43
   78 E   -1  2  0  3 -5  2  4 -2 -2 -4 -4  2 -2 -4 -3 -1  0 -5 -2 -4    4  11   3  16   0   9  34   2   0   0   0  11   1   0   0   4   5   0   1   0  0.56 0.26
   79 K    0  1  0  0 -4  3  4 -3  1 -3 -3  3 -2 -4 -3  0 -2 -4 -2 -3    8   8   3   3   0  18  27   0   3   1   2  17   0   0   0   6   1   0   1   1  0.49 0.24
   80 L   -4 -5 -6 -6 -4 -4 -5 -6 -5  2  6 -3 -1 -2 -5 -5 -3 -4 -2  1    0   0   0   0   0   1   0   0   0   9  79   1   0   0   0   0   0   0   1   8  1.25 0.43
   81 N   -3 -2  8 -2 -5 -3 -3 -3  0 -6 -6 -3 -3 -6 -5 -1  0 -6 -5 -5    1   1  85   0   0   0   0   0   1   0   0   1   1   0   0   3   5   0   0   0  2.05 0.61
   82 G   -2  5 -2 -2 -2  1 -1  1 -2 -4 -3  2 -3 -4 -3  3 -1 -2 -3 -4    1  34   1   1   1   6   1  10   0   0   2  13   0   0   1  27   2   1   0   0  0.62 0.29
   83 N    1  0  1 -1  0  1  0  0  0  0 -1  0  0 -1 -1  0  0 -1  1  1   14   7   7   3   2   7   4   6   2   2   3   3   2   2   3   3   3   1   7  18  0.04 0.05
   84 S    0 -2 -1  0 -1 -2 -1 -1 -1 -2 -1 -2 -1  3 -2  4  0 -2  0 -2    7   1   2   5   1   1   2   3   1   1   7   1   1  16   1  38   5   0   3   2  0.30 0.17
   85 R   -2  2  2  4 -3  0  1 -2 -1 -3 -2  2 -1 -3  0 -1 -1 -3 -2 -2    2  11  12  31   0   2   6   2   1   1   4  15   1   1   3   3   1   0   1   2  0.41 0.16
   86 R    0  2  0  1 -2  0  0  1  0 -1 -1  1 -1 -2  1  0  0 -2 -1 -1    7  14   2   8   1   3   3  11   3   3   4  13   1   1   5   7   7   0   1   4  0.11 0.05
   87 S    0 -1  0  0 -1  0  0  0 -1 -2 -2  1 -2 -2  3  2  0 -2 -1 -2    6   3   3   4   1   2   5   8   2   1   2   8   1   1  18  25   5   0   3   2  0.29 0.12
   88 T   -2 -1  2  1 -4 -1  0  1  7 -2 -3 -2 -3 -2 -3  0 -1 -3  1 -3    2   2  10  10   0   2   6  10  34   3   2   1   0   1   1   6   3   0   5   1  0.58 0.24
   89 T   -1  0 -1 -1 -1  1  2 -2  3 -2 -2  0 -2 -3  4  1  2 -4 -2 -2    3   4   2   2   1   6  15   1  11   1   2   4   1   1  19  10  14   0   0   2  0.37 0.17
   90 Y   -5 -5 -5 -6 -4 -4 -5 -6 -1 -4 -4 -5 -4  2 -6 -5 -5 -1 10 -4    0   0   0   0   0   0   0   0   0   0   0   0   0   7   0   0   0   0  89   0  2.68 0.68
   91 N    1  1  2  1 -3  0  1 -1  2 -3 -3  1 -2 -4 -2  3  1 -4 -3 -3    9   6   9  10   0   4   7   3   5   0   1   7   1   0   0  30   7   0   0   1  0.32 0.18
   92 Y   -1 -3 -3 -4  2 -2 -3 -4  2 -2  0 -2  3  4 -4  0 -2 -1  6 -1    4   1   0   0   5   2   0   0   6   1   8   2   9  20   0   7   1   0  32   2  0.70 0.29
   93 V   -1 -2 -3 -4 -3  0  0 -4 -3  2  2 -1  0 -2 -4 -3 -1 -4 -3  4    2   1   1   0   0   6   6   0   0  10  23   3   1   0   0   0   2   0   0  44  0.51 0.25
   94 I    1 -2 -1 -1  0 -2  0 -2 -3  3  0 -2 -1 -2 -3  2 -1 -4 -3  2   11   1   2   3   2   0   6   2   0  24   5   1   0   0   0  19   2   0   0  20  0.24 0.17
   95 S   -2 -4 -2 -3 -4 -3 -3 -3 -4 -5 -5 -3 -4 -5 -4  7 -2 -5 -5 -4    0   0   0   0   0   0   0   0   0   0   0   0   0   0   0  96   0   0   0   0  1.89 0.62
   96 S   -1  0 -1  1 -3  1  4  0 -2 -1 -3  1 -3 -4  2  1  0 -4 -3 -2    2   3   1   6   0   6  30   7   0   5   1  10   0   0   9  12   6   0   0   2  0.33 0.18
   97 R   -2  5 -3 -4 -3  0 -3 -3  0 -4 -1 -1 -3 -4  5 -1 -3 -5 -4 -3    1  41   0   0   1   3   0   1   2   0   7   0   0   1  35   6   1   0   0   1  1.08 0.38
   98 L   -4 -4 -6 -6 -4 -5 -5 -6 -5 -1  6 -5  0 -2 -5 -4 -4 -4 -4 -1    0   0   0   0   0   0   0   0   0   1  94   0   0   0   0   1   0   0   0   1  1.60 0.49
   99 G   -3 -5 -3 -4 -5 -4 -5  7 -5 -6 -6 -4 -5 -6 -5 -3 -4 -5 -6 -6    0   0   0   0   0   0   0  96   0   0   0   0   0   0   0   1   0   0   0   0  2.22 0.57
  100 R   -3  8 -2 -4 -6 -1 -3 -5  0 -5 -3  1 -4 -5 -3 -3 -3 -5 -4 -5    1  84   1   0   0   1   0   0   2   0   2   4   0   0   1   1   1   0   0   0  1.85 0.54
  101 N   -2 -1  3  2 -3 -2  0  0 -2 -4 -4  2 -3 -4 -3  3  2 -4 -4 -3    0   1  18  12   0   0   4   6   0   0   1  12   0   0   0  27  16   0   0   0  0.49 0.25
  102 T   -1  1  2 -2 -3  1 -2 -2  0 -3 -3 -1 -3 -4 -1  4  4 -4 -3 -2    3   8  10   1   0   8   1   2   2   0   1   2   0   0   2  32  29   0   0   1  0.55 0.28
  103 Y   -5 -5 -5 -1 -5 -4 -5 -6 -1 -4 -4 -5 -4  0 -5 -2 -3 -1  9 -4    0   0   0   4   0   0   0   0   1   0   0   0   0   0   0   3   1   0  87   0  2.47 0.66
  104 K   -3  0 -2 -3 -5  2 -2 -4 -3 -4 -4  7  2 -5 -4 -3 -1 -5 -4 -4    0   3   1   1   0   7   0   0   0   1   1  77   5   0   0   0   3   0   0   1  1.43 0.48
  105 E   -4 -3 -3 -1 -6  0  8 -5 -3 -6 -5 -2 -5 -6 -4 -3 -4 -5 -5 -5    0   0   0   1   0   2  93   0   0   0   0   0   0   0   0   0   0   0   0   0  2.06 0.61
  106 Q   -3  3 -3 -3 -5  7 -1 -4 -2 -4 -3  2  4 -5 -4 -3 -2 -4 -4 -4    1  14   0   0   0  56   0   0   0   0   1  12  12   0   0   0   1   0   0   0  1.29 0.47
  107 Y   -5 -5 -2 -5 -2 -4 -5 -6 -2 -3 -4 -5 -4  4 -5 -4 -4 -1  9 -4    0   0   2   0   1   0   0   0   0   1   0   0   0  13   0   0   0   0  80   0  2.32 0.62
  108 A    2 -4 -4 -5 -3 -3 -4 -3 -4  0  3 -4  2 -2 -4 -3 -2 -4 -3  4   17   0   0   0   0   0   0   2   0   1  37   0   6   0   0   0   0   0   0  35  0.65 0.29
  109 F   -4 -5 -5 -6  2 -5 -5 -5 -3 -3 -3 -5 -3  8 -5 -5 -4 -2  5 -4    0   0   0   0   4   0   0   0   0   0   0   0   0  71   0   0   0   0  20   0  1.98 0.53
  110 L   -3 -4 -5 -5 -3 -4 -4 -5 -4  5  3 -4  0  2 -4 -4 -2 -4 -2  3    1   0   0   0   0   0   0   0   0  36  28   0   1   7   0   0   0   0   0  24  0.79 0.29
  111 Y   -5 -5 -4 -6 -5 -4 -5 -6 -1 -4 -4 -5 -4  2 -6 -5 -5 -1 10 -4    0   0   1   0   0   0   0   0   1   0   1   0   0   5   0   0   0   0  89   0  2.65 0.68
  112 K   -4  8 -3 -4 -6 -2 -3 -5 -3 -6 -5  1 -3 -6 -5 -3 -4 -6 -5 -5    0  90   0   0   0   0   0   0   0   0   0   7   0   0   0   0   0   0   0   0  2.19 0.61
  113 E    0 -1  1  1 -3  1  2 -2 -1 -3 -3  2 -1 -4  2  2  1 -4 -3 -3    5   2   6   9   0   7  16   0   1   0   1  12   1   0   9  18  12   0   0   1  0.33 0.18
  114 K   -2 -2  1  6 -5  0  1 -2  4 -5 -5  1 -4 -5 -4 -1 -2 -6 -4 -5    3   1   6  53   0   3   6   2  12   0   0  10   0   0   0   3   1   0   0   0  1.02 0.36
  115 L    0  0 -2 -3 -3  1  0 -3 -2  0  2  1  3 -2 -3  0  1 -3 -2  1    6   6   0   0   0   8   5   0   0   3  21  10  10   0   0   6  10   0   0  15  0.18 0.15
  116 V   -1 -5 -5 -6 -3 -5 -5 -5 -5  0  0 -5 -1 -2 -5 -4  1 -5 -4  6    3   0   0   0   0   0   0   0   0   0   7   0   1   2   0   0   9   0   0  77  1.27 0.46
  117 S   -2 -2  0  1 -2  3  0 -3 -3 -4 -4  1 -2 -4 -3  5  1 -4 -4 -4    0   1   2   7   1  13   4   0   0   0   0   9   1   0   0  53   9   0   0   0  0.76 0.36
  118 V   -2 -5 -5 -6 -3 -3 -5 -6 -6  1  2 -5 -1 -3 -1 -4 -3 -5 -4  6    3   0   0   0   0   1   0   0   0   3  21   0   0   0   4   0   0   0   0  68  1.13 0.42
  119 K   -2  0 -3 -3 -3  0 -2 -4 -3  1  2  3  1 -3 -3 -2  2 -4 -3  3    2   4   0   0   0   3   2   0   0   5  22  21   3   0   0   0  15   0   0  24  0.35 0.22
  120 A   -1 -2  1  6 -5  1  2  2 -2 -5 -5  1 -4 -5 -4 -1 -3 -5 -5 -5    4   1   4  47   0   8  12  14   0   0   0   8   0   0   0   3   0   0   0   0  0.86 0.32
  121 K   -1 -1  1 -3  0  2 -2 -3  2 -3 -3 -1 -3 -2 -3  4  3  3 -1 -2    1   1   5   0   2  10   0   0   5   0   2   3   0   2   0  40  20   5   1   2  0.56 0.31
  122 Y   -5 -4 -5 -6 -3 -5 -5 -6  1 -5 -4 -4 -4  1 -6 -5 -5  0 10 -5    0   1   0   0   0   0   0   0   3   0   0   1   0   3   0   0   0   1  90   0  2.73 0.72
  123 L   -3 -2 -3 -3 -3  7 -1 -5  4 -4  0 -2 -2 -3 -4 -3  0 -4  3  0    0   0   0   1   0  55   0   0   9   0   9   1   0   0   0   1   5   0  11   8  1.07 0.45
  124 Y   -5 -4 -5 -6 -6 -5 -5 -6  0 -4 -4 -5 -4  2 -6 -2 -3 -1  9 -3    0   0   0   0   0   0   0   0   1   0   1   0   0   5   0   3   2   0  86   1  2.51 0.68
  125 H   -2 -2  1  4 -5 -1  3 -3  3 -5 -4 -1 -4 -5  5 -1 -2 -5 -4 -3    2   2   6  29   0   1  17   0   7   0   2   2   0   0  27   2   1   0   0   1  0.82 0.30
  126 D   -4 -3 -1  8 -6 -2  0 -4 -4 -6 -6 -1 -5 -6 -4 -2 -3 -6 -5 -5    0   1   1  86   0   1   4   1   0   0   0   3   0   0   1   1   1   0   0   0  1.99 0.55
  127 Y   -1 -1  2  0  6  0  0 -1 -2 -2 -1  0 -2 -2  2 -1  1 -3  0 -2    2   2  13   5  21   4   5   5   0   1   5   6   1   1  12   2   9   0   5   1  0.34 0.17
  128 Q   -3 -1 -1  1 -4  5  4 -3  0 -4 -3  1 -2 -5 -3 -2 -2 -4 -4 -4    1   2   2   8   0  35  35   1   1   0   2   8   1   0   0   2   1   0   0   1  0.89 0.34
  129 D    0 -2  1  0 -2 -1  0 -1 -1 -2 -2 -1 -2 -2  5  1  1 -3 -2 -1    8   1   6   6   1   2   7   3   1   2   2   3   0   2  30  13   7   0   1   5  0.43 0.14
  130 G   -1 -2  1  0  6 -1 -1  4 -2 -2 -3 -1 -2 -3 -2 -1 -1 -3 -3 -2    4   1   8   4  21   2   5  35   1   2   2   3   1   1   1   3   3   0   1   2  0.56 0.18
  131 D   -1 -1  0  4 -3 -1  1  4 -2 -3 -3 -1 -3 -3 -2 -1 -2 -3 -2 -3    2   3   4  33   0   3   6  30   1   1   2   3   1   1   2   3   2   0   1   1  0.54 0.18
  132 T    0 -1  2  0 -2  0  2 -1 -1 -1 -2  0 -1 -2  0  0  2 -3 -2  0    9   1  12   4   0   4  20   3   1   2   3   3   1   1   4   3  20   0   1   9  0.20 0.12
  133 D   -3 -4 -1  8 -6 -3  0 -2 -2 -5 -6 -3 -5 -6 -4 -3 -3 -6 -5 -5    1   1   1  86   0   1   3   2   1   0   0   1   0   0   0   1   1   0   0   0  1.96 0.54
  134 V    3 -3 -2 -2 -2 -2 -2 -3 -2  0  0 -3 -2 -3 -3  0  3 -4 -3  3   33   1   1   2   0   1   1   0   1   3  10   0   0   0   0   3  19   0   0  25  0.42 0.25
  135 F   -5 -6 -6 -7 -6 -6 -6 -6 -4 -1 -2 -6 -3  9 -7 -6 -5 -2  0 -4    0   0   0   0   0   0   0   0   0   3   1   0   0  94   0   0   0   0   1   0  2.64 0.67
  136 S    3 -3  1 -2 -2 -1 -1 -3 -3 -1 -3 -3 -1 -4 -3  5 -1 -5 -4 -1   25   0   5   1   0   1   3   0   0   3   2   0   1   0   0  53   2   0   0   3  0.73 0.35
  137 R   -5  8 -4 -5 -7 -2 -3 -6 -3 -6 -5 -1 -5 -6 -5 -4 -4 -6 -5 -6    0  99   0   0   0   0   0   0   0   0   0   0   0   0   0   0   0   0   0   0  2.54 0.69
  138 E   -3 -3 -3  1 -6 -1  7 -2 -3 -6 -6 -2 -5 -6 -1 -3 -4 -6 -5 -5    1   0   0   7   0   0  84   3   0   0   0   1   0   0   3   0   0   0   0   0  1.72 0.56
  139 P   -4 -6 -5 -5 -6 -5 -5 -6 -6 -6 -6 -4 -6 -7  9 -4 -5 -7 -6 -6    0   0   0   0   0   0   0   0   0   0   0   0   0   0  99   0   0   0   0   0  3.17 0.75
  140 F   -1 -5 -6 -6 -5 -6 -6 -6 -4 -3 -2 -6 -3  8 -6 -4 -4 -2  4 -3    6   0   0   0   0   0   0   0   0   1   1   0   0  78   0   0   1   0  11   1  2.02 0.56
  141 V    0 -5 -5 -5 -3 -5 -5 -5 -5  5 -1 -5 -1 -3 -5 -4 -2 -5 -4  5    6   0   0   0   0   0   0   0   0  42   1   0   0   0   0   0   2   0   0  48  1.17 0.40
  142 V    1 -4 -5 -5 -1 -4 -4 -4 -5  2  2 -4 -1 -3 -4 -3 -2 -5 -3  5   14   0   0   0   1   0   0   1   0   6  18   0   0   0   0   0   0   0   0  58  0.88 0.35
  143 W   -4  5 -3 -4 -5  1 -2 -4  2 -5 -3  3  1 -3 -4 -3 -3  7  0 -4    0  39   0   0   0   7   1   0   5   0   2  21   5   0   0   0   0  18   2   0  1.13 0.40
  144 F   -5 -6 -6 -7 -5 -6 -6 -6 -4 -3 -2 -6 -3  9 -7 -5 -5 -1  0  0    0   0   0   0   0   0   0   0   0   0   1   0   0  92   0   0   0   0   0   5  2.49 0.65
  145 Q   -1  1 -1 -2 -2  3 -1 -3  4 -4 -4  1 -3 -1 -3  4  1 -2 -1 -4    2   6   2   1   1  17   1   0  10   0   0   8   0   3   0  38   9   1   1   0  0.54 0.29
  146 A    2 -3 -3 -3  5 -3 -3 -2 -4 -2  0 -3 -2 -2  0  5 -1 -1 -4 -1   18   0   0   0  12   0   0   1   0   1   9   0   0   1   4  49   1   1   0   3  0.68 0.34
  147 P   -3 -1 -2 -3 -5 -3 -3 -5  1 -4 -1  0 -4 -4  8 -1 -3 -6 -5 -4    1   3   2   1   0   1   0   0   4   1   6   6   0   1  70   3   1   0   0   0  1.74 0.49
  148 F   -1  1  2 -1 -2  0 -1  0  3 -3 -2  1 -2  1 -2  2  2 -3  1 -3    2   6  13   1   1   2   2   5  10   0   2  12   0   8   1  17  14   0   5   0  0.27 0.18
  149 T   -2 -3 -2 -3 -1 -3 -3 -4 -4 -3 -4  1 -3 -5 -3  2  7 -5 -4 -3    2   0   0   1   1   0   0   0   0   0   1  10   0   0   0  12  72   0   0   0  1.32 0.49
  150 A    3 -2 -2 -1 -3  1  0 -1 -2 -1 -1  0 -1 -3 -3 -1 -1 -4 -2  3   36   1   1   3   0   7   6   2   1   2   4   6   0   0   0   1   2   0   1  26  0.32 0.22
  151 A    1 -4 -4 -5 -3 -4 -4 -3 -5  3  2 -4  0 -2 -3 -3 -2 -4 -3  5   10   0   0   0   0   0   1   1   0  14  24   0   1   0   1   1   1   0   0  46  0.69 0.28
  152 K   -2  2 -2 -1 -2  2  2 -1 -2 -5 -4  5 -3 -5  2 -1 -2 -5 -4 -4    0   8   1   1   1   8  12   5   1   0   1  47   0   0  11   3   1   0   0   0  0.74 0.31
  153 D   -3 -2  1  6 -5 -1  5 -4 -2 -5 -5 -1 -5 -5 -3  1 -1 -6 -5 -5    0   1   5  41   0   1  36   0   0   0   0   2   0   0   0   9   2   0   0   0  1.09 0.38
  154 F   -4 -5 -6 -6 -5 -5 -6 -6 -4  0  3 -5 -2  8 -6 -5 -4 -2  0 -1    0   0   0   0   0   0   0   0   0   3  33   0   0  61   0   0   0   0   0   2  1.58 0.48
  155 V    2 -5 -5 -5 -3 -4 -5 -5 -5  0 -2 -4 -2 -4 -4 -3 -1 -5 -4  6   21   0   0   0   0   0   0   0   0   2   0   0   0   0   0   1   2   0   0  73  1.27 0.46
  156 I   -3 -5 -5 -6 -4 -4 -5 -6 -5  4  5 -5  3 -2 -5 -5 -3 -4 -3  0    0   0   0   0   0   0   0   0   0  25  63   0   8   0   0   0   0   0   0   2  1.14 0.39
  157 V   -3 -5 -5 -6 -4 -5 -5 -4 -6  6 -1 -5  0 -3 -5 -4 -3 -5 -4  5    1   0   0   0   0   0   0   1   0  51   2   0   1   0   0   0   0   0   0  44  1.34 0.44
  158 P   -3 -5 -5 -5 -4 -4 -4  0 -5 -6 -6 -4 -5 -7  8 -1 -4 -7 -6 -3    1   0   0   0   0   0   0   7   0   0   0   0   0   0  84   5   0   0   0   2  2.43 0.63
  159 L   -3 -3 -4 -5 -2  3 -3 -5  1  1  4 -3  0 -2 -4 -4 -3 -4 -3  2    0   0   0   0   1  19   0   0   4   7  53   0   1   0   0   0   0   0   0  15  0.76 0.33
  160 H   -5 -1 -3 -5 -7 -3 -4 -6 11 -7 -6 -4 -5 -5 -6 -4 -5 -6 -2 -7    0   3   0   0   0   0   0   0  96   0   0   0   0   0   0   0   0   0   0   0  3.41 0.82
  161 T    3 -4 -3 -4 -3 -3 -3 -4 -4 -2 -4 -3 -3 -5 -4  1  7 -5 -4 -3   23   0   0   0   0   0   0   0   0   2   0   0   0   0   0   8  66   0   0   0  1.29 0.49
  162 T    2 -2 -2 -2  2 -1  0 -3 -3 -3 -3  1  0 -4 -2  2  4 -4 -3 -1   23   0   0   1   5   2   5   0   0   0   0  11   2   0   1  16  30   0   0   2  0.47 0.26
  163 P   -2 -5 -5 -5 -6 -5 -5 -5 -6 -6 -6 -4 -6 -7  9 -4 -4 -7 -6 -6    2   0   0   0   0   0   0   0   0   0   0   0   0   0  96   0   0   0   0   0  3.05 0.73
  164 E   -1  1  0  2 -4  0  3 -2  4 -3 -3  2 -3 -4 -3  2 -1 -1 -2 -3    2   5   3  10   0   1  25   1  11   1   2  18   0   0   0  15   3   1   1   1  0.42 0.21
  165 T    0 -2  2  4 -4  1  1 -2  2 -4 -3 -1 -1 -3 -3  1  2 -4  0 -3   10   1   9  30   0   6   5   1   5   0   1   3   1   1   0   8  15   0   4   1  0.42 0.21
  166 S    6 -4 -4 -4 -3 -3 -3 -3 -4 -3 -4 -3 -3 -5 -3  2  0 -5 -4  1   69   0   0   0   0   0   0   0   0   0   0   0   0   0   0  17   5   0   0   9  1.10 0.44
  167 V    0 -4 -4 -3 -3 -2  2 -4 -4  0 -1 -2  2 -3 -1 -2  0 -3 -3  5    7   0   0   1   0   1  18   0   0   3   2   1   5   1   3   1   4   0   0  54  0.64 0.32
  168 K    2  3  0 -2 -4  1  0 -3  0 -3 -4  5 -1 -4 -3 -1  0 -2 -3 -2   19  14   3   1   0   6   4   0   2   0   0  39   1   0   0   2   5   0   0   3  0.53 0.26
  169 E   -4 -3 -4 -2 -7 -1  8 -6 -3 -7 -6 -3 -5 -7 -5 -3 -4 -6 -6 -6    0   0   0   0   0   0 100   0   0   0   0   0   0   0   0   0   0   0   0   0  2.38 0.70
  170 I   -4 -5 -6 -6 -4 -5 -6 -6 -6  7  3 -5  1 -2 -5 -5 -2 -5 -4  1    0   0   0   0   0   0   0   0   0  64  28   0   3   0   0   0   2   0   0   4  1.31 0.43
  171 D   -4 -5  3  8 -7 -3 -1 -4 -4 -6 -7 -3 -6 -7 -5 -3 -4 -7 -6 -6    1   0  11  87   0   0   0   0   0   0   0   0   0   0   0   0   0   0   0   0  2.17 0.61
  172 E    4 -1 -3 -2 -4  0  4 -3 -1 -4 -4  0 -3 -5 -3 -1 -2 -2 -3 -3   48   2   0   0   0   3  35   0   2   0   1   4   0   0   0   3   1   1   0   0  0.83 0.37
  173 L   -4 -5 -7 -7 -4 -5 -6 -7 -6 -1  7 -6 -1 -2 -6 -6 -4 -5 -4 -2    0   0   0   0   0   0   0   0   0   0 100   0   0   0   0   0   0   0   0   0  1.84 0.56
  174 A   -1 -5 -5 -6 -5 -5 -5 -6  3 -4 -4 -5 -4  1 -6 -5 -3 -1  9 -1    6   0   0   0   0   0   0   0   6   0   0   0   0   4   0   0   1   0  80   4  2.24 0.64
  175 D   -4 -2 -1  8 -7 -2  0 -4 -2 -6 -7 -3 -6 -7 -5 -3 -2 -7 -6 -6    1   2   0  88   0   1   3   1   1   0   0   0   0   0   0   1   2   0   0   0  2.06 0.59
  176 V   -2 -6 -6 -6 -4 -5 -6 -6 -6  0 -1 -5 -1 -4 -6 -5 -3 -6 -4  7    1   0   0   0   0   0   0   0   0   0   2   0   1   0   0   0   0   0   0  96  1.94 0.60
  177 Y   -3 -5 -5 -6  0 -4 -5 -6 -2 -3 -1 -5 -3  6 -6 -5 -4  2  7  1    1   0   0   0   2   0   0   0   0   0   3   0   0  32   0   0   1   2  47  12  1.55 0.48
  178 T   -2 -2 -3 -1 -3  2  0 -4 -3 -1  4  0  3 -2 -4 -3  1 -2 -3  0    1   0   1   4   0  11   6   0   0   0  48   6   7   0   0   0  10   0   0   6  0.45 0.26
  179 D    0 -2  0  7 -5 -1  2 -2  2 -4 -5 -1 -2 -3 -4 -2 -3 -6 -3 -3    7   1   2  61   0   1  12   2   5   1   0   3   1   1   0   0   0   0   1   2  1.12 0.39
  180 V    0 -5 -5 -6 -3 -5 -5 -5 -6  3 -1 -5  0 -3 -5 -4 -1 -5 -4  6    7   0   0   0   0   0   0   0   0  14   3   0   2   0   0   0   2   0   0  72  1.26 0.44
  181 R   -2  3 -2 -3 -2  2 -2 -4 -1  2 -2  4 -1 -4 -3  1 -1 -3 -2  0    1  20   0   0   1   8   0   0   1  13   1  31   1   0   0  12   3   0   1   7  0.45 0.25
  182 R   -1  2  2  2 -3  4  1 -2  1 -4 -3  3 -2 -4 -3  0 -1 -3 -3 -3    2  11   8  14   1  21   7   1   3   0   2  19   1   0   0   5   3   0   0   1  0.45 0.22
  183 R   -3  5 -3 -3 -6  0 -2 -4  3 -4 -3  6  1 -5 -4 -3 -3 -5 -4 -5    0  33   0   1   0   2   1   0   7   1   1  50   4   0   0   0   0   0   0   0  1.21 0.43
  184 W   -7 -7 -8 -9 -6 -6 -7 -7 -7 -6 -3 -7 -5 -1 -8 -7 -7 13 -2 -7    0   0   0   0   0   0   0   0   0   0   3   0   0   1   0   0   0  95   0   0  4.55 0.97
  185 K    0  1  2  0 -4  2  0  3 -2 -5 -4  4 -3 -5 -3 -1 -2 -5 -4 -4    6   5  13   5   0   9   3  22   1   0   1  33   0   0   0   1   1   0   0   0  0.55 0.26
  186 A    0 -3  1 -3 -3 -3 -3 -4 -4 -1  0 -3  0 -4 -3  1  6 -5 -4 -1    7   0   6   0   0   0   1   0   0   4   8   0   3   0   0   9  61   0   0   3  0.89 0.39
  187 E   -3 -1  2  4 -6  1  5 -4 -2 -5 -5  1 -4 -5 -3 -2 -1 -6 -4 -5    0   1  11  28   0   4  40   0   0   0   0   9   0   0   0   1   3   0   0   0  0.95 0.35
  188 N   -4 -4  7  5 -6 -2 -2 -4 -2 -6 -6 -3 -4 -6 -5 -2 -3 -7 -5 -6    1   0  59  36   0   1   1   0   0   0   0   0   0   0   0   0   0   0   0   0  1.76 0.54
  189 F   -2 -5 -5 -5 -3 -4 -5 -5 -5  5 -1 -4  3  3 -5 -4 -2 -4 -1  4    1   0   0   0   0   0   0   0   0  36   1   0   9  16   0   0   0   0   1  35  0.94 0.34
  190 I   -3 -4 -5 -5 -4 -4 -5 -5 -5  5  2 -4  8 -2 -5 -4 -3 -4 -3  1    0   0   0   0   0   0   0   0   0  30  17   0  42   1   0   0   0   0   0   8  1.27 0.43
  191 F   -4 -5 -5 -5 -4 -5 -5 -5 -4  4  3 -5 -1  6 -5 -4 -3 -3 -1  0    0   0   0   0   0   0   0   0   0  24  31   0   0  40   0   0   0   0   0   3  1.08 0.36
  192 M   -3 -4 -5 -6 -4 -4 -5 -6 -5 -1  5 -5  6 -2 -5 -5 -3 -4 -4 -2    1   0   0   0   0   0   0   0   0   1  70   0  26   0   0   0   1   0   0   0  1.43 0.47
  193 G   -3 -5 -3 -4 -3 -5 -5  7 -5 -6 -6 -4 -6 -6 -5 -3 -4 -5 -6 -6    0   0   0   0   1   0   0  97   0   0   0   0   0   0   0   0   0   0   0   0  2.28 0.59
  194 D   -3 -5 -1  8 -6 -3 -2 -4 -4 -6 -6 -4 -6 -6 -4 -3 -3 -7 -6 -6    1   0   1  95   0   0   0   0   0   0   0   0   0   0   0   0   1   0   0   0  2.39 0.64
  195 F   -5 -6 -6 -6 -5 -6 -6 -6 -4 -3  1 -6 -3  9 -6 -5 -5 -2  1 -4    0   0   0   0   0   0   0   0   0   0  10   0   0  85   0   0   0   0   3   0  2.25 0.59
  196 N   -5 -2  9 -2 -3 -3 -2 -4  0 -6 -7 -3 -5 -6 -5 -3 -3 -7 -5 -6    0   2  92   0   1   0   1   0   2   0   0   1   0   0   0   0   0   0   0   0  2.37 0.67
  197 A    7 -4 -4 -5 -3 -4 -4 -2 -5 -4 -4 -4 -4 -5 -4 -1 -1 -5 -5 -3   95   0   0   0   0   0   0   1   0   0   0   0   0   0   0   1   2   0   0   0  1.77 0.58
  198 G    1 -4 -2  6 -5 -3 -2  5 -4 -5 -6 -3 -5 -6 -4 -1 -3 -6 -5 -5   10   0   0  47   0   0   0  39   0   0   0   0   0   0   0   3   0   0   0   0  1.26 0.42
  199 C   -4 -5 -5 -6 11 -6 -7  2 -6 -5 -5 -6 -5 -6 -6 -4 -3 -6 -5 -4    0   0   0   0  81   0   0  16   0   0   0   0   0   0   0   0   1   0   0   0  2.94 0.70
  200 S    2 -1  1 -1 -3 -1 -2  1 -3 -4 -4 -1 -3 -4 -2  5  0 -2 -4 -2   16   4   5   2   0   1   0  11   0   0   1   2   0   0   1  51   4   1   0   2  0.64 0.31
  201 Y   -5 -5 -4 -6 -5 -4 -5 -6  0 -5 -4 -5 -4  0 -6  1 -3 -1  9 -4    0   0   0   0   0   0   0   0   1   0   0   0   0   2   0  10   1   0  85   0  2.45 0.68
  202 V   -3 -5 -5 -6 -3 -5 -5 -6 -6  1  2 -5  1 -3 -5 -4 -3 -5 -4  6    0   0   0   0   0   0   0   0   0   4  17   0   3   0   0   0   0   0   0  75  1.33 0.45
  203 P    1  1 -2 -3 -3  0 -2 -2 -3 -4 -4  0 -3 -4  4  2  4 -5 -4 -3   10   9   0   0   0   4   0   1   0   0   0   6   0   0  22  17  29   0   0   1  0.62 0.28
  204 K    0  1 -1 -1 -4  1  0 -1 -2 -2 -3  4 -2 -4  2  1 -1 -4 -3 -3    8   7   2   3   0   7   3   4   0   2   1  37   0   0  11  10   2   0   0   1  0.45 0.22
  205 K    0  1 -1 -1 -4  1  0 -2  0 -5 -4  5 -3 -5 -2  2 -1 -5 -4 -4    5   5   2   2   0   5   4   2   2   0   0  50   0   0   1  21   2   0   0   0  0.75 0.33
  206 A    1  2  0  4 -3  4  1  0  2 -4 -4  1 -3 -5 -3 -1 -2 -5 -3 -4   11  11   4  26   0  20   7   6   5   0   0   8   0   0   0   1   0   0   0   0  0.53 0.24
  207 W   -5  0 -6 -7 -6 -4 -5 -6 -5 -4  0  0  4 -2 -6 -6 -5 12 -1 -4    0   6   0   0   0   0   0   0   0   0   9   6  11   1   0   0   0  66   0   1  2.75 0.68
  208 K    1  0  0  0 -4  1  0  0 -2 -4 -4  4 -3 -5  3  1 -2 -5 -4 -3   14   4   3   4   0   5   5   6   0   0   0  32   0   0  13  11   1   0   0   1  0.44 0.22
  209 N    1 -1  4  0 -3  0  1 -1  0 -3 -4  1 -3 -4 -3  3  1 -4 -2 -2   11   1  26   2   0   4   7   3   2   1   0   8   0   0   0  25   6   0   1   2  0.42 0.23
  210 I   -4 -4 -4 -6 -4 -5 -6 -6 -6  7  1 -5 -1 -3 -6 -4 -3 -5 -4  2    0   1   1   0   0   0   0   0   0  78  12   0   1   0   0   1   0   0   0   8  1.55 0.48
  211 R   -4  8 -4 -5 -6  0 -3 -5 -3 -3 -3 -1 -3 -6 -4 -3 -4 -6 -5 -2    1  86   0   0   0   3   1   0   0   1   2   1   0   0   0   1   0   0   0   4  1.90 0.58
  212 L   -4 -4 -6 -6 -4 -5 -6 -6 -6  3  6 -5  0 -2 -6 -5 -4 -4 -4 -1    0   1   0   0   0   0   0   0   0  15  84   0   0   0   0   0   0   0   0   0  1.46 0.47
  213 R   -4  7 -3 -5 -2 -2 -3 -5 -1 -1 -4 -1 -2  2 -5 -3 -4  1  0 -5    1  77   0   0   1   0   0   0   1   4   0   1   1   8   0   1   0   2   3   0  1.61 0.52
  214 T   -2 -2  0 -3 -4 -1 -3 -3  0 -3 -4 -1 -1 -5 -4  4  5 -1 -4 -3    1   2   4   0   0   3   0   0   3   1   0   3   2   0   0  33  48   1   0   0  0.94 0.41
  215 D   -2 -3  1  5 -4  1  1 -3  1 -3 -2 -1 -3 -4 -3  2 -2 -5  0 -3    1   0   7  40   0   7   6   0   4   2   5   2   0   0   0  21   0   0   5   1  0.65 0.29
  216 P    0  0 -2  1 -3 -1  2 -3 -2 -4 -4  2 -4 -5  5  1 -1 -5 -4 -3    6   4   1   6   1   2  14   0   0   0   1  13   0   0  35  13   4   0   0   1  0.74 0.28
  217 N    0  1  2  0 -2  0  1  2 -1 -1 -2  0 -2 -3 -1  1 -1 -4 -3  0   10   8  14   4   0   2   9  14   1   5   0   7   0   0   2  11   2   0   0  10  0.15 0.11
  218 F   -5 -6 -6 -7  3 -6 -6 -6 -4 -3  0 -6 -3  9 -7 -5 -5 -2  1 -3    0   0   0   0   5   0   0   0   0   0   6   0   0  85   0   0   0   0   3   0  2.28 0.61
  219 V   -2  0 -1 -2 -4  2  0 -4  7 -1 -2  2 -2 -1 -4 -1 -1 -3  1  1    1   4   2   1   0  11   5   0  33   4   3  12   0   2   0   3   2   0   5  12  0.57 0.27
  220 W   -7 -7 -8 -9 -7 -6 -7 -7 -7 -7 -6 -7 -6 -3 -8 -7 -7 13 -2 -7    0   0   0   0   0   0   0   0   0   0   0   0   0   0   0   0   0 100   0   0  4.90 1.02
  221 L   -1 -5 -6 -6 -4 -5 -6 -6 -6 -1  6 -5 -1 -2 -6 -5 -4 -4 -4  0    5   0   0   0   0   0   0   0   0   1  89   0   0   0   0   0   0   0   0   5  1.47 0.48
  222 I   -4 -6 -6 -6 -4 -6 -6 -7 -6  8 -1 -6 -2 -2 -5 -6 -3 -6 -4  0    0   0   0   0   0   0   0   0   0  95   2   0   0   1   0   0   1   0   0   1  2.12 0.61
  223 G    0 -1 -2  1 -5 -3 -2  4 -4 -5 -5 -2 -4 -5  5 -1 -2 -5 -5 -4    9   3   0   8   0   0   1  36   0   0   0   1   0   0  33   4   2   0   0   0  0.98 0.34
  224 D   -5 -5  0  8 -7 -3 -1 -4 -2 -6 -7 -4 -6 -7 -5 -3 -4 -7 -6 -6    0   0   2  94   0   0   1   0   1   0   0   0   0   0   0   1   0   0   0   0  2.39 0.65
  225 Q   -1  0  1  3 -2  1  1  1 -1 -4 -4  1 -3 -4 -3  2  1 -4 -3 -3    2   3   6  19   0   8   7  10   1   0   0  11   0   0   0  21  11   0   0   0  0.39 0.20
  226 E    3 -3  1 -2 -3  0  3 -3 -3 -1 -3 -2 -1 -4 -3 -1  0 -5 -3  3   32   0   7   0   0   4  21   0   0   1   0   1   1   0   0   2   6   0   0  24  0.44 0.26
  227 D   -4 -5 -1  8 -6 -3 -2 -4 -3 -6 -6 -4 -6 -6 -4 -3 -4 -7 -6 -6    1   0   1  95   0   0   0   0   1   0   0   0   0   0   0   0   0   0   0   0  2.41 0.64
  228 T   -3 -4 -3 -2 -4 -4 -4 -5 -5 -4 -4 -4 -4 -5 -4 -1  8 -6 -5 -3    1   0   0   2   0   0   0   0   0   0   0   0   0   0   0   1  96   0   0   0  2.12 0.67
  229 T   -3 -4 -2 -4 -4 -4 -4 -5 -5 -4 -4 -4 -2 -5 -3 -2  8 -6 -5 -3    0   0   1   0   0   0   0   0   0   0   0   0   1   0   1   1  96   0   0   0  2.13 0.67
  230 V    1 -5 -5 -5 -3 -4 -5 -5 -5  0 -2 -4 -2 -4 -5 -2  1 -5 -4  7   11   0   0   0   0   0   0   0   0   0   0   1   0   0   0   2   7   0   0  78  1.30 0.47
  231 K    0  4  0 -2 -3 -1 -1  2 -2 -3 -3  3 -3 -4 -2  2 -1 -4 -3 -2    8  23   4   1   0   0   1  15   0   1   1  21   0   0   0  19   3   0   0   2  0.42 0.20
  232 K    1  0  3  1 -3  0  1 -1  2 -2 -3  1 -1 -3 -1  0  3 -4 -3 -2   12   5  16   6   0   3   8   3   5   1   1  10   2   0   2   5  21   0   0   0  0.25 0.16
  233 S   -1 -1  1 -2 -2 -1 -2 -1  0 -3 -3  1 -2 -4 -2  5  2 -4 -3 -3    2   3   5   1   1   2   1   3   2   1   1   8   1   0   1  55  10   0   1   0  0.66 0.31
  234 T   -2 -3  3 -2 -3 -2 -2 -3 -3 -2 -3 -2 -3 -3 -3 -1  6 -4 -3 -2    2   1  15   1   0   1   1   1   0   2   1   1   0   1   1   2  68   0   0   1  1.13 0.39
  235 S   -2  0  3  4 -2 -2 -1 -3  6 -3 -5 -1 -4 -3 -3  2 -1 -5 -2 -3    1   4  17  26   1   0   2   1  23   1   0   3   0   1   0  14   3   0   1   1  0.72 0.29
  236 C   -4 -6  0 -6 11 -5 -5 -6  3 -5 -5 -6 -5 -5 -6 -4 -4 -6 -3 -4    0   0   6   0  84   0   0   0   8   0   0   0   0   0   0   0   0   0   1   0  3.07 0.73
  237 A    5 -4 -4 -4 -3 -3 -3 -3 -4 -4 -4 -3 -4 -5  3  0  3 -5 -4 -3   62   0   0   0   0   0   0   0   0   0   0   0   0   0  16   4  18   0   0   0  1.09 0.43
  238 Y   -5 -5 -6 -7 -6 -5 -6 -7 -2 -5 -5 -5 -5  0 -6 -5 -5 -1 10 -5    0   0   0   0   0   0   0   0   0   0   0   0   0   0   0   0   0   0  98   0  3.12 0.79
  239 D   -5 -5 -2  8 -7 -4 -2 -4 -4 -6 -7 -4 -6 -7 -5 -4 -4 -8 -6 -6    0   0   0  98   0   0   0   1   0   0   0   0   0   0   0   0   0   0   0   0  2.58 0.68
  240 R   -5  8 -4 -5 -3 -2 -3 -6 -2 -6 -5 -1 -5 -6 -5 -4 -4 -6 -5 -6    0  98   0   0   1   0   0   0   0   0   0   0   0   0   0   0   0   0   0   0  2.50 0.68
  241 I   -4 -6 -5 -5 -4 -6 -5 -6 -6  8 -1 -5  0 -1 -6 -5 -4 -4 -4  0    0   0   0   0   0   0   0   0   0  92   2   0   2   1   0   1   0   0   0   1  1.91 0.56
  242 V   -3 -5 -6 -6 -4 -5 -5 -6 -6  2 -2 -5 -2 -4 -5 -5 -3 -6 -4  7    0   0   0   0   0   0   0   0   0   7   1   0   0   0   0   0   0   0   0  91  1.75 0.54
  243 L    1 -4 -5 -5 -3 -4 -4 -5 -5  1  2 -4  0 -3 -4 -3 -2 -5 -3  6   13   0   0   0   0   0   0   0   0   3  18   0   2   0   0   0   0   0   0  62  0.97 0.38
  244 R    0  1 -1 -4  5 -1 -3 -2  7 -4 -4 -3 -3 -2 -3  1  0 -3  4 -2    9   7   2   0  16   1   0   3  28   0   0   0   0   0   0  11   5   0  15   2  0.76 0.32
  245 G   -2 -4 -3 -4 -5 -4 -4  7 -4 -6 -5 -3 -5 -5 -4 -2 -3 -5 -5 -5    1   1   0   0   0   1   0  91   0   0   1   1   0   0   0   1   1   0   0   0  1.96 0.51
  246 Q    1  0 -1  2 -4  3  3 -3 -1 -4 -3  0 -2 -4 -1  1  1 -4 -2 -3   14   4   1  13   0  17  21   0   1   0   1   4   1   0   2   9  11   0   1   1  0.40 0.21
  247 E    0  3  0  2 -4  0  2 -2  1 -3 -1  2 -2 -4 -1 -1  0 -4 -3 -3    9  17   2  13   0   3  16   1   4   0   7  17   0   0   2   2   4   0   0   0  0.31 0.17
  248 I   -3 -4 -5 -6  4 -4 -5 -5 -5  2  4 -4  6  2 -5 -4 -3 -3 -3 -1    0   0   0   0   9   0   0   0   0   9  46   0  23  10   0   0   0   0   0   0  0.99 0.36
  249 V   -2  2 -1 -3 -3  3 -2 -4 -2  1  2  1  1 -2 -3 -2 -2 -3 -2  1    2  15   2   1   0  18   1   0   0  11  25   8   4   1   0   2   1   0   1   8  0.29 0.19
  250 N   -1  3  1  1 -4  2  0  0  2 -4 -4  2 -3 -4 -3  2 -1 -4 -3 -4    5  20   8   6   0  12   4   7   5   0   0  12   0   0   0  18   2   0   0   0  0.40 0.20
  251 S    4 -3 -2  0 -1 -3 -2  1 -3 -3  0 -3 -2 -4 -3  3  0  0 -3 -2   41   0   1   4   1   0   1  10   0   0  10   0   0   0   0  24   5   1   0   0  0.49 0.27
  252 V   -3 -5 -4 -5 -3 -5 -5 -6 -5  5  2 -4  0 -2 -5 -4 -2 -5 -2  5    1   0   1   0   0   0   0   0   0  36  16   0   1   0   0   0   1   0   1  43  1.00 0.36
  253 V   -2 -2 -2 -3 -3 -2  0 -4 -4  1 -1  1  0 -2 -3 -3 -1  1 -3  5    1   2   2   1   0   1   6   1   0   3   3  12   2   1   0   1   2   2   0  61  0.68 0.30
  254 P   -2 -4 -3 -3 -4 -1 -3 -4 -3 -4 -4 -3 -3 -5  8 -1 -3 -5 -4 -4    3   1   1   1   0   2   1   1   1   1   2   1   0   0  78   3   1   0   0   1  2.05 0.51
  255 R   -2  1  3  1 -3  2  0  3  3 -4 -4  1 -3 -1 -3  0 -2 -4 -1 -4    2   7  19   9   0  10   3  22   9   0   0   8   0   2   0   4   0   0   2   0  0.41 0.20
  256 S   -1 -4 -2 -3 -4 -3 -3 -3 -4 -5 -5 -3 -4 -5 -4  7  1 -4 -4 -4    3   0   0   0   0   0   0   1   0   0   1   0   0   0   0  86   7   0   0   0  1.59 0.58
  257 S    6 -4  0 -4 -3 -3 -4 -2 -4 -4 -4 -3 -4 -5 -3 -1 -2 -5 -4  0   83   0   5   0   0   0   0   1   0   0   0   0   0   0   1   2   1   0   0   6  1.31 0.50
  258 G    2  1  1 -1 -3  2 -1  0 -1 -3 -2  4 -1 -4 -3  0  1 -3 -3 -2   17   4   6   1   0   9   1   7   1   0   2  31   1   0   0   6  10   0   0   2  0.33 0.20
  259 V    2 -3 -4 -4 -2 -3 -3 -4 -4  2 -2 -3 -2 -3  4 -2  0 -5 -4  4   18   1   0   0   0   0   1   0   0  15   0   0   0   0  24   1   7   0   0  32  0.69 0.30
  260 F   -5 -4  0 -4 -5 -5 -5 -6  3 -3 -2 -5 -3  8 -6 -5 -5 -2  4 -4    0   0   6   1   0   0   0   0   6   0   1   0   0  72   0   0   0   0  13   0  1.87 0.55
  261 D   -4 -3  7  5 -6 -3 -2 -4 -1 -6 -4 -3 -5 -6 -5 -2 -3 -6 -3 -6    1   1  55  39   0   0   0   0   1   0   1   0   0   0   0   0   0   0   1   0  1.65 0.52
  262 F   -5 -6 -6 -7 -6 -6 -6 -6 -4 -2 -2 -6 -3  9 -7 -6 -5 -2  2 -4    0   0   0   0   0   0   0   0   0   2   1   0   0  92   0   0   0   0   4   0  2.59 0.67
  263 Q   -1 -1 -3  0 -5  7  0 -3  2 -5 -4  1  2 -5  2 -2 -2 -5 -4 -4    5   2   0   4   0  56   2   2   5   0   0   7   5   0  11   0   1   0   0   0  1.07 0.44
  264 K    1  2 -1 -1 -4  1  3 -2 -2 -3 -3  4 -1 -4 -3 -1  0 -4 -3 -2   11  13   2   1   0   6  20   2   0   1   1  32   1   0   0   3   6   0   0   3  0.49 0.25
  265 A    3 -1 -1  1 -3 -1  4 -2 -1 -3 -4  0 -3 -4 -3  1  0 -4 -2 -2   34   1   2   7   0   1  30   1   1   1   0   4   0   0   0   9   6   0   1   2  0.51 0.27
  266 Y   -5 -5 -5 -6 -5 -5 -5 -6 -2 -3  0 -5 -2  7 -6 -5 -5 -1  7 -3    0   0   0   0   0   0   0   0   0   0  10   0   0  54   0   0   0   0  34   1  1.83 0.53
  267 E   -2  1  1  0 -5  3  0  4  4 -5 -4  2 -3 -5 -3 -1 -3 -4 -3 -4    1   8   8   4   0  16   3  32  10   0   1  14   0   0   0   2   0   0   0   0  0.60 0.27
  268 L   -4 -4 -6 -6 -4 -5 -5 -6 -5 -1  6 -5  4 -2 -6 -5 -4 -4 -4 -2    0   0   0   0   0   0   0   0   0   1  87   0  11   0   0   0   0   0   0   0  1.58 0.51
  269 S   -2 -2  0  1 -4  1 -1 -3 -3 -4 -4 -1 -3 -4 -3  4  5 -5 -3 -3    1   1   3   8   0   5   4   0   0   0   0   2   0   0   0  32  42   0   1   0  0.81 0.38
  270 E   -3 -1  1  2 -5  3  5 -4  1 -4 -4  0 -2 -4 -3 -1 -2 -4  0 -4    0   1   5  11   0  17  46   0   3   1   1   4   1   1   1   4   1   0   4   1  0.79 0.34
  271 E    0 -2 -2  1 -5  2  6 -4 -3 -4 -4  2 -3 -5 -3  0  0 -5 -3 -4    7   0   0   6   0   7  53   0   0   1   1  11   0   0   0   5   7   0   0   0  0.84 0.36
  272 E   -3 -1 -2  1 -5  5  4 -4 -3 -3  0  0  3 -4 -4 -3 -2 -2 -4 -3    0   1   0   8   0  28  35   0   0   0  11   5   9   0   0   0   1   1   0   1  0.77 0.36
  273 A    7 -4 -5 -5 -3 -4 -3 -3 -5 -4 -4 -4 -4 -5 -4 -2  0 -6 -5 -1   90   0   0   0   0   0   1   0   0   0   0   0   0   0   0   0   5   0   0   4  1.61 0.57
  274 L   -3 -4 -5 -4 -4 -1 -2 -5 -5 -1  6 -2 -1 -2 -5 -3 -3 -2 -3 -2    1   0   0   1   0   3   3   0   0   0  85   3   0   0   0   1   1   0   0   1  1.23 0.45
  275 D    4  0  1  2 -3  0  2  1 -3 -4 -4  0 -3 -5 -3  0 -2 -5 -4 -3   38   4   9  10   0   4  16   8   0   0   0   6   0   0   0   5   0   0   0   0  0.45 0.25
  276 V   -3 -5 -6 -6 -4 -5 -5 -6 -6  5 -1 -5 -2 -3 -5 -5 -3 -6 -4  6    0   0   0   0   0   0   0   0   0  31   1   0   0   0   0   0   0   0   0  66  1.49 0.49
  277 S   -2 -4 -3 -4 -4 -3 -3 -4 -4 -6 -6 -4 -5 -6 -4  7 -2 -6 -5 -5    0   0   0   0   0   0   0   0   0   0   0   0   0   0   0 100   0   0   0   0  2.10 0.70
  278 D   -5 -5 -2  8 -7 -4 -2 -5 -5 -7 -6 -4 -7 -7 -5 -4 -4 -8 -7 -7    0   0   0  99   0   0   0   0   0   0   1   0   0   0   0   0   0   0   0   0  2.64 0.70
  279 H   -5 -4 -3 -5 -7 -3 -4 -6 11 -7 -7 -4 -5 -5 -5 -5 -5 -6 -2 -7    0   0   0   0   0   0   0   0  99   0   0   0   0   0   0   0   0   0   0   0  3.60 0.85
  280 F   -5 -5 -6 -6 -6 -5 -6 -6 -2 -4 -3 -6 -4  7 -6 -5 -5  0  8 -4    0   0   0   0   0   0   0   0   0   0   1   0   0  46   0   0   0   1  53   0  2.24 0.61
  281 P   -4 -6 -6 -5 -7 -5 -5 -6 -6 -7 -7 -5 -6 -7  9 -4 -5 -8 -7 -6    0   0   0   0   0   0   0   0   0   0   0   0   0   0 100   0   0   0   0   0  3.26 0.77
  282 V   -3 -6 -6 -6 -4 -5 -6 -6 -6  1 -2 -5 -2 -4 -6 -5 -3 -6 -4  7    0   0   0   0   0   0   0   0   0   5   1   0   0   0   0   0   0   0   0  94  1.90 0.58
  283 E   -4 -3 -4 -2 -4  0  8 -4 -3 -7 -6 -2 -5 -7 -4 -3 -4 -6 -5 -5    0   0   0   0   0   1  97   1   0   0   0   0   0   0   0   0   0   0   0   0  2.23 0.66
  284 F   -3 -5 -6 -6 -2 -5 -5 -6 -6  0 -2 -5  1  4 -5 -5 -3 -5 -3  7    0   0   0   0   1   0   0   0   0   1   1   0   3  17   0   0   0   0   0  77  1.47 0.49
  285 K   -2  0 -1  1 -2  1  5 -3 -3 -3 -2  2 -1 -5 -3 -1  3 -5 -4 -3    1   3   2   5   1   6  39   0   0   0   4  13   2   0   0   1  21   0   0   1  0.59 0.29
  286 L   -4 -5 -6 -7 -4 -5 -6 -7 -6 -1  6 -5  0 -1 -6 -5 -4 -4 -4 -1    0   0   0   0   0   0   0   0   0   1  96   0   1   2   0   0   0   0   0   1  1.71 0.52
  287 Q   -3  3  0 -2 -3  2  0 -3  0 -3 -3  5  0 -4 -3 -1 -1 -4 -1 -3    0  13   4   1   1   9   3   1   2   2   2  52   3   0   0   4   3   0   2   2  0.71 0.30
  288 S    2  1 -1 -1 -3  0 -1 -1 -2 -2 -1  0 -2 -3  2  3  2 -2 -3 -2   15   7   2   2   0   4   1   4   0   1   5   4   0   0   9  29  13   1   0   0  0.29 0.17
  289 S    3  0  1  0 -3 -1 -1 -2  1 -3 -3  2 -3 -4 -2  3  1 -4 -3 -2   26   3   6   6   0   0   0   1   3   1   1  15   0   0   1  27   8   0   0   2  0.36 0.19
  290 R    1  3 -1 -1 -1  1 -1  1  2 -3 -3  1 -2 -3  0  1  0 -2 -2 -2   14  25   0   1   1   5   1  12   6   1   1   6   0   0   4  14   5   0   0   2  0.26 0.13
  291 A    2  2 -2 -2 -1 -1 -2  2 -2 -3 -2 -1 -2 -1  3  1 -1 -3 -3 -2   21  17   0   1   1   0   1  20   0   0   4   2   1   3  16   9   3   0   0   2  0.33 0.14
  292 F   -1 -2 -2 -3 -1 -2 -3 -1  1 -1  0 -2 -1  5  0 -1 -1 -1  4 -1    4   2   1   0   1   1   0   4   4   2   9   3   0  36   4   3   5   0  17   3  0.42 0.15
  293 T   -1  0  0 -2 -2  0 -1 -2  0 -2 -1  0 -1  3 -3  1  2  4  0 -2    4   7   6   1   1   4   1   2   3   1   7   6   1  19   0  11  22   7   0   0  0.20 0.11
  294 N   -1  0  5  0 -3  2 -1  2 -1 -4 -3  0  0 -4 -2  1  0 -4 -3 -3    1   4  38   3   0  13   1  16   0   0   1   4   3   0   1  10   4   0   0   1  0.49 0.17
  295 S    1  2  0 -2 -3  1  0 -1 -2 -2 -2  0 -2 -2 -2  2  0  6 -1 -2   13  16   6   0   0   7   3   4   0   1   2   5   0   0   1  17   7  17   0   1  0.37 0.13
  296 R   -1  3 -1 -1 -3  2 -1 -2 -2 -1  1  3 -1 -2 -1  0  0 -3 -1 -1    2  16   2   1   0  10   0   3   0   1  21  28   0   0   2   5   4   0   1   2  0.23 0.11
  297 K   -1  3  1 -1 -4  0  0 -2 -2 -3 -2  4 -2  1  1 -1  0 -3 -1 -3    2  17   6   3   0   2   4   2   0   0   2  41   0   9   8   0   4   0   1   0  0.41 0.14
  298 S    0 -1 -1 -1 -2  1  0  0 -1 -3 -2  0 -2 -3  1  4  0 -4 -3 -3    3   2   0   0   0   5   6   5   1   1   4   6   0   1   5  59   3   0   0   0  0.46 0.17
  299 V    0  0 -2 -2  3  1 -1 -3 -1  0  1  1  0  0  1 -1 -1 -3 -1  1    6   5   0   1   8  11   1   0   1   5  14  15   0   4   8   2   2   0   1  18  0.11 0.06
  300 S    1 -2 -1 -1 -2 -1 -1 -1 -2 -2 -1  0 -1  3  1  3  1 -2 -1 -1   13   0   1   1   0   2   1   2   0   1   2   7   1  21   6  29  11   0   0   2  0.23 0.11
  301 L    0  1 -1 -2 -1 -1  0 -1 -2 -1  1  0 -1 -2  4  2  0  0 -2 -1    2   8   0   0   1   2   4   5   0   0  20   6   0   0  20  24   3   1   0   4  0.25 0.09
  302 K    0  4  1 -2 -1  1  0 -1 -1 -3 -3  4 -2 -4 -1  0 -1 -4 -3 -2    6  26   5   0   1   4   1   2   0   0   0  44   0   0   1   7   0   0   0   3  0.50 0.13
  303 K    0  3  0 -1 -4  1  0 -2 -2 -3 -3  5 -2 -4  1 -1  0 -4 -3 -3    5  14   2   3   0   3   4   2   0   0   2  53   0   0   5   1   6   0   0   0  0.49 0.13
  304 K    0  5  0 -2 -4  1  0 -1 -1 -4 -3  4 -2 -4 -1 -1  0 -4 -3 -3    5  41   3   0   0   5   5   3   0   0   0  29   0   0   2   2   4   0   0   0  0.55 0.12
  305 K   -1  3  0 -1 -3  1  0 -1 -1 -3 -3  3  0 -3  1 -1  2 -3 -3 -2    2  22   2   2   0   4   5   4   0   0   0  29   3   0   6   0  20   0   0   1  0.34 0.10
  306 K   -1  2 -1 -2 -4  2  1 -2  1 -4 -3  5 -2 -4 -2 -1  0 -4 -2 -3    2   8   1   0   0  10   4   1   5   0   0  62   0   0   1   1   7   0   0   0  0.63 0.15
  307 G    2 -1  0 -2 -2 -1 -2  4 -2 -3 -2 -1 -2 -3 -2  2  1 -3 -3 -2   23   3   3   0   0   0   0  35   0   0   2   1   0   0   1  24   8   0   0   1  0.43 0.10
  308 S    0  2  2 -1  0  0 -1 -2  2 -2 -3  2 -2 -3 -1  2  1 -3 -2 -2    7  14  14   0   2   2   0   0   9   2   0  16   0   0   1  25   8   0   0   0  0.27 0.08
  309 R   -1  5 -1 -2 -4  1 -1 -3  4 -4 -3  2 -2 -3  0  0 -2 -3 -1 -3    2  53   0   0   0   5   0   0  15   0   1  14   0   0   3   6   0   0   1   0  0.64 0.12
  310 S    1 -2  0 -1 -2 -1 -1 -1 -2 -3 -3 -1 -2 -3 -2  5  1 -4 -3 -2    7   0   0   0   0   0   0   0   0   0   0   0   0   0   0  89   4   0   0   0  0.71 0.12

                      K         Lambda
Standard Ungapped    0.1342     0.3199
Standard Gapped      0.0585     0.2670
PSI Ungapped         0.1908     0.3137
PSI Gapped           0.0585     0.2670
