
Last position-specific scoring matrix computed, weighted observed percentages rounded down, information per position, and relative weight of gapless real matches to pseudocounts
           A  R  N  D  C  Q  E  G  H  I  L  K  M  F  P  S  T  W  Y  V   A   R   N   D   C   Q   E   G   H   I   L   K   M   F   P   S   T   W   Y   V
    1 M   -2 -2 -3 -4 -2 -1 -3 -3 -2  1  3 -2  7  0 -3 -2 -1 -2 -2  0    0   0   0   0   0   0   0   0   0   1  19   0  78   0   0   0   0   0   0   1  0.64 0.11
    2 K   -1  3  0 -1 -3  3  1 -2 -1 -3 -3  4 -1 -4 -2 -1 -1 -3 -2 -3    0  14   0   1   0  23   1   0   0   0   0  61   0   0   0   0   1   0   0   0  0.55 0.07
    3 A    5 -2 -2 -2 -1 -1 -1  0 -2 -1 -2 -1 -1 -3 -1  1  0 -3 -2  0   88   0   0   0   0   0   0   0   0   5   0   0   0   0   0   7   0   0   0   0  0.53 0.10
    4 G    1 -2 -1 -2 -3  1 -1  5 -2 -4 -4 -1 -3 -3 -2 -1 -2  1 -3 -3    8   0   0   0   0  12   1  76   0   0   0   0   0   0   0   0   0   3   0   0  0.85 0.09
    5 A    4 -2 -1  2 -1 -1 -1 -1 -2 -2 -2 -1 -2 -3 -1  1  1 -3 -2 -1   68   0   0  17   0   0   0   0   0   0   0   0   0   0   0   0  15   0   0   0  0.43 0.11
    6 T    0 -2 -1 -2 -1 -1 -2 -2 -2  0 -1 -1 -1  1 -2  2  3 -2 -1  1    4   0   0   0   0   0   0   0   0   0   4   0   0  11   0  31  33   0   0  17  0.25 0.08
    7 S    0 -2  0 -1  0 -1 -1 -2 -2  1 -2 -1 -2 -3 -2  4  3 -3 -2 -1    0   0   2   0   1   0   0   0   0  13   0   0   0   0   0  63  22   0   0   0  0.47 0.15
    8 M   -3 -4 -4 -5 -4 -3 -4 -5 -4 -1  0 -4 10 -2 -5 -4 -3 -4 -3  0    0   0   0   0   0   0   0   0   0   0   2   0  95   0   0   0   0   0   0   3  2.11 0.53
    9 W   -5 -5 -6 -7 -5 -4 -5 -5 -5 -5 -3 -5 -4  3 -6 -5 -5 12  0 -5    0   0   0   0   0   0   0   0   0   0   1   0   0  10   0   0   0  89   0   0  3.58 0.59
   10 A    6 -3 -3 -3 -2 -2 -3 -2 -3 -3 -3 -2 -3 -4 -1  0  0 -4 -4 -2   92   0   0   0   0   0   0   0   0   0   0   0   0   0   1   1   5   0   0   0  1.15 0.39
   11 S    1 -2 -1 -2  0 -2 -2 -1 -3 -3 -3 -2 -3 -4 -2  5  2 -4 -3 -1    9   0   0   0   1   0   0   1   0   0   0   0   0   0   0  68  16   0   0   5  0.78 0.31
   12 C   -3 -6 -5 -6 11 -5 -6 -5 -6 -4 -4 -6 -4 -5 -5 -3 -3 -5 -5 -3    0   0   0   0 100   0   0   0   0   0   0   0   0   0   0   0   0   0   0   0  3.22 0.61
   13 C   -3 -6 -5 -6 11 -5 -6 -5 -6 -4 -4 -6 -4 -5 -5 -3 -3 -5 -5 -3    0   0   0   0 100   0   0   0   0   0   0   0   0   0   0   0   0   0   0   0  3.22 0.61
   14 G   -2 -3  6 -1 -4 -2 -2  4 -2 -5 -5 -2 -4 -5 -4  0 -2 -5 -4 -5    0   0  57   0   0   0   0  37   0   0   0   0   0   0   0   6   0   0   0   0  1.22 0.38
   15 L   -4 -5 -6 -6 -4 -4 -5 -5 -5 -2  3 -5  1 -1 -6 -5 -4 11 -1 -1    0   0   0   0   0   0   0   0   0   1  28   0   3   0   0   0   0  63   0   5  2.36 0.54
   16 L   -3 -4 -4 -5 -3 -4 -4 -5 -3 -1  4 -4  2  6  1 -4 -3 -2  0 -1    0   0   0   0   0   0   0   0   0   0  46   0   5  39   8   0   0   0   0   0  0.84 0.30
   17 N    0  0  4  0  5 -1  1 -1 -1 -2 -2 -1 -2 -2  0  0 -1 -2 -2 -2    6   7  30   2  16   2  11   3   1   2   3   2   1   1   5   3   2   0   1   2  0.30 0.11
   18 E   -1  0 -1  0 -2  1  4 -2 -1 -1  0  0  0 -2 -1 -1 -1 -2 -1 -1    3   6   2   2   1   7  43   3   1   2  10   2   2   2   2   3   3   1   1   5  0.29 0.10
   19 V    1 -2 -1  1  4 -1 -1 -1 -2  0  0 -2 -1  0 -2 -1 -1 -2 -1  3   11   1   1  12  11   1   2   3   1   2   7   2   1   4   1   3   2   0   1  34  0.15 0.10
   20 M   -1 -2 -3 -2  5 -2 -2 -1 -3 -1  1 -1  7 -2  2 -1 -2 -3 -2 -1    2   1   1   1  15   1   2   4   0   2   8   5  40   0  11   4   1   0   0   1  0.60 0.28
   21 G    0 -2 -1  1 -2 -1 -1  4 -2 -2  1 -2 -1 -2  1 -1 -1 -3 -2 -1    9   2   2   9   0   3   2  35   0   1  17   1   0   1   8   3   2   0   1   3  0.27 0.12
   22 T    0 -2 -1  3 -2 -1 -1  0 -2 -2 -2 -1 -2 -3  2  1  4 -3 -3 -1    8   1   1  20   0   1   1   5   0   1   1   1   0   1  12   6  35   0   0   5  0.39 0.19
   23 G    1 -2 -1 -2 -3  1 -1  5 -2 -3 -3 -2 -3 -1 -2  1 -1  3 -2 -2    9   1   0   1   0   9   3  52   0   1   1   1   0   3   1   9   2   4   0   3  0.62 0.22
   24 A    3 -2 -1  0  4  0  0  1 -2 -2 -1 -2 -2 -3 -2  1  1 -3 -3 -1   30   0   1   6  10   4   4  11   0   0   8   0   0   0   1  12   9   0   0   3  0.24 0.15
   25 V    1 -3 -1 -3 -2 -1 -2 -3 -3  1  0 -2  0 -2  3 -1  0 -4 -3  3   15   0   4   0   0   2   2   0   0   4   7   0   2   0  18   3   3   0   0  38  0.38 0.21
   26 R   -2  5  1  1 -4  0  3 -3 -2 -4 -2  0 -3 -4 -2 -1 -1 -4 -3 -3    0  38   8   9   0   2  27   0   0   0   4   2   0   0   1   4   3   0   0   0  0.60 0.26
   27 G    0 -2 -1 -1 -3 -1  3  4 -2 -4 -4 -2 -1 -4  3  0  1 -4 -3 -3    5   1   1   1   0   1  22  38   0   0   1   0   2   0  15   4   9   0   0   0  0.58 0.24
   28 Q    1 -1  1 -1 -3  5  0 -2  1 -3 -2  0  3 -3 -2  1  0 -3 -2 -2   10   1   6   1   0  40   3   1   4   0   1   3  12   0   1   9   6   0   0   1  0.50 0.27
   29 Q    1  1  0  1 -3  5  1 -1 -1 -3 -3  0 -2 -3  1  0  1 -3 -3 -2   11   8   3   7   0  40   4   3   1   1   1   1   0   0   7   3   8   0   0   2  0.46 0.24
   30 A    0  1 -2 -1 -2  0  1 -2 -2 -2 -2 -1 -1  0  5  0  1 -2  1 -1    9   9   1   3   1   3   9   1   0   2   1   1   1   4  29   9  10   0   7   2  0.40 0.16
   31 G    0 -1 -1  0 -2  2 -1  3 -1 -2 -3 -1 -2 -3  1  2  0 -3 -1 -1    5   2   1   6   0  12   3  29   1   2   1   1   0   0   8  18   4   0   3   4  0.29 0.15
   32 F    0 -1  1 -1 -2  1 -1 -2 -2 -1 -1 -2  0  4  2  0 -1  3  0 -2    9   3  10   2   0   8   4   1   0   2   2   1   2  30  10   9   1   4   0   2  0.27 0.16
   33 P    0 -2  0 -1 -2  0  0  3 -2 -3 -3 -1 -2 -3  4  1  0 -3 -3 -2    9   1   3   1   0   4   6  31   0   1   1   1   1   1  21   9   8   0   0   1  0.47 0.17
   34 G    1  1  2 -1 -3  1  0  3  0 -3 -3 -1 -2 -3  0  0  1 -3 -3 -2   16   9  14   2   0   7   3  29   1   0   1   1   0   0   4   3   8   0   0   1  0.33 0.16
   35 S    0  1 -1 -1 -1 -1 -1  4 -1 -3 -3  0 -2 -3  0  2  0 -3 -3 -2    8   9   1   2   1   2   3  33   1   1   1   5   1   1   4  24   3   0   0   1  0.36 0.16
   36 T    3  0  0 -1 -2  0  0  0 -2 -2 -1 -1 -2 -3 -1  2  2 -3 -2 -1   34   7   3   3   0   3   3   4   0   1   4   1   0   1   2  18  13   0   0   2  0.25 0.15
   37 G    0  2  0 -2 -3  2 -1  4 -1 -3 -3 -1  0 -3 -1  0  0  0 -2 -2    5  14   2   1   0  11   1  38   1   1   1   1   4   1   2   7   7   2   0   1  0.39 0.17
   38 P    2  1 -1 -2 -3  0 -2 -1  2 -3 -3 -1 -2 -3  6 -1 -1  2 -2 -2   20   9   3   1   0   4   1   5   5   1   1   1   0   1  38   1   4   3   0   2  0.68 0.23
   39 F    0  1 -1 -1 -2  1  0 -2  3 -2 -2 -1 -1  4 -2 -1  1 -1  2 -2    6  10   3   4   0   8   5   1  11   1   2   1   0  26   1   3   9   0   6   1  0.25 0.15
   40 R    0  4  0 -2 -3  3  0 -2 -1 -3 -3  2 -2 -3  0  0 -1 -3 -2 -2    9  31   4   1   0  22   1   2   0   1   1  10   0   1   5   6   3   0   1   1  0.43 0.19
   41 F    1 -2  0 -2 -2  0 -1  1 -1 -2 -1 -2 -1  4  1  0 -1 -1  1 -1   18   1   4   1   0   3   4  11   0   1   3   1   0  27   7   9   1   0   4   3  0.20 0.13
   42 T    2 -2  0 -1 -2  0 -1  0 -1 -1 -2 -1 -2  0  1  0  2 -1  4 -1   21   1   5   3   0   5   1   6   0   4   2   1   0   2   7   5  15   0  22   1  0.23 0.15
   43 P   -1 -2  0 -2 -3 -1 -2 -1  1 -3 -3 -2 -3 -3  5  3  2 -3 -3 -3    3   1   3   1   0   3   1   4   4   1   1   1   0   0  34  26  16   0   0   1  0.70 0.25
   44 S    0 -2  5 -1 -3 -1 -2 -2 -1 -2 -3 -2 -3 -3  1  3  0 -3  0 -3    8   1  42   1   0   0   1   1   1   3   1   1   0   0   7  27   2   0   4   1  0.61 0.28
   45 S    2 -2 -1 -2 -2  0 -2  1 -2 -1 -3 -2 -2 -3  4  3  1 -3 -1 -2   16   1   0   1   0   3   1  10   0   3   1   1   0   0  21  28  12   0   2   1  0.44 0.20
   46 D    0 -1  1  2 -2 -1 -1  4 -2 -2 -1 -1 -2  0 -2  1 -1 -2 -2 -2    9   2   9  12   0   1   2  36   0   1   6   1   0   6   1   9   1   0   1   2  0.32 0.14
   47 F    0 -3 -1 -3 -3  1 -2 -3 -1 -2 -2 -2 -2  5 -3  0 -1  0  6 -2    7   1   2   1   0   7   1   1   0   1   1   1   0  28   1   8   3   0  37   1  0.78 0.30
   48 P   -1  0  1 -1 -3 -2 -2  0 -2 -3 -2 -2 -2 -4  2  5  0 -4 -3 -3    1   4   7   2   0   0   0   6   0   0   4   0   1   0   9  58   4   0   0   0  0.61 0.31
   49 T    0 -2 -1 -2 -2  0 -2  0 -2 -1 -2 -2 -2 -3  0  4  3 -3 -1 -1    5   0   1   0   0   3   1   5   0   2   4   0   0   0   4  42  26   0   2   2  0.49 0.27
   50 Y   -1 -3 -2 -3 -2  0 -3  0  1  0 -2 -2 -2  3  1 -1  0 -1  6 -1    3   0   2   0   1   4   1  10   3   6   1   1   0  13   8   5   5   0  36   2  0.50 0.24
   51 P   -2 -3 -3 -1 -4 -3 -3 -2 -3 -2 -1 -3 -3 -4  7  0 -1 -4 -4 -2    2   1   1   3   0   0   1   2   0   3   6   1   0   0  66   7   4   0   0   3  1.47 0.41
   52 P   -1  1 -1 -2 -3 -1 -1 -1 -2 -3 -2  0 -2 -3  5  4 -1 -3 -2 -1    2   8   2   1   0   1   3   2   0   1   3   3   0   0  28  37   1   0   1   5  0.59 0.26
   53 A    2 -2 -1 -2 -3 -1 -2 -2 -3 -3 -1 -1 -2 -3  6  0  1 -4 -3 -2   18   2   3   1   0   2   1   2   0   1   8   3   0   0  39   7  10   0   0   2  0.69 0.25
   54 A    1  0 -1 -1 -2 -1 -2 -1 -2 -2 -2  0 -2 -2  2  2  3 -3 -2  0    9   4   2   2   0   1   1   4   0   1   2   5   1   2  12  18  30   0   0   6  0.32 0.18
   55 T    2 -1 -1 -1 -2 -1  0  1 -2 -1 -2 -1 -2 -2  2  2  1 -3 -2 -1   19   3   1   2   0   1   7  11   0   5   3   3   0   1  13  19   9   0   1   1  0.22 0.12
   56 E    0 -1  0  1 -2  0  1  2 -1 -2 -1 -1 -1 -2  0  2  0 -2 -2 -2    5   2   3   7   1   3  13  20   1   2   8   2   2   1   3  20   5   0   1   2  0.16 0.08
   57 G    0 -1  0 -1 -2  1  1  2 -1 -1  0 -1 -1 -1  0  1  0 -2 -2  0    6   2   5   1   0   9  11  17   1   1  11   1   1   2   4  16   3   0   1   7  0.11 0.08
   58 P    0 -2 -1 -1  1  0 -1 -3 -3 -3 -3 -2 -1 -4  6  2  1 -4 -3 -1    9   2   1   3   3   4   2   1   0   1   2   1   2   0  39  18   8   0   0   4  0.74 0.27
   59 N    0 -2  2  2 -3  0  3  0  0 -2 -3  0 -3 -3  0  2 -1 -4 -3 -2    7   0  12   9   0   1  29   6   2   2   1   5   0   0   3  19   1   0   0   3  0.35 0.19
   60 I   -2 -1 -1 -3 -3  2 -2 -2  3  1  1 -1  6 -2 -1 -1 -1  2 -2 -1    2   3   2   1   0  12   1   2   9   8  14   3  28   1   2   3   4   3   0   2  0.40 0.24
   61 V    1 -1 -1 -2  0  0 -2 -1 -1  0 -1 -1 -1  0  2  1  1  2 -1  2   10   4   1   1   2   5   1   4   2   4   4   1   1   5   9  15  10   3   0  19  0.12 0.11
   62 C   -2 -6 -5 -6 11 -5 -6 -5 -5 -4 -4 -5 -4  0 -5 -4 -4 -5 -4 -4    3   0   0   0  87   0   0   0   0   0   1   0   0   5   0   0   0   0   0   0  3.10 0.79
   63 K   -1  1 -2 -1 -2  0  3 -2 -1 -4 -4  5 -2 -4 -3  0 -1 -4  0 -3    4   7   0   1   1   1  23   2   1   0   1  42   1   0   0   8   3   0   4   0  0.60 0.31
   64 A    4 -2 -1 -1  1 -1 -1  0 -3 -2 -2 -1 -1 -3 -2  2 -1 -4 -3 -2   51   1   2   2   4   3   2   5   0   1   3   3   1   0   0  17   2   0   0   0  0.51 0.29
   65 C   -3 -6 -5 -1 11 -5 -5 -5 -5 -4 -4 -5 -4 -5 -5 -4 -4 -5 -5 -4    1   0   0   4  90   0   0   0   0   0   1   0   0   0   0   0   0   0   0   0  3.27 0.83
   66 G   -1 -1  0 -3 -4 -3 -3  5  0 -4 -3 -1  1 -4  0  1 -2 -4 -2 -4    3   4   5   0   0   0   0  57   2   0   1   3   4   0   5  11   1   0   2   0  0.82 0.34
   67 L    1 -1 -2 -2 -2  1 -1  0 -2  1  1  0  0 -2 -2  0  0 -3 -2  2   14   3   0   0   0   7   1   8   1   7  17   6   1   0   0   7   7   0   0  19  0.11 0.12
   68 S    0  2  0 -1  1  1  1 -2  4 -3 -2  2 -2 -3  0  1  0 -4 -2 -2    9  10   4   2   3   7   7   1  16   0   2  16   0   0   3  13   4   0   0   1  0.30 0.19
   69 F   -5 -5 -3 -6 -5 -5 -5 -5 -4 -2  0 -5 -2  8 -3 -5 -4 -2  0 -1    0   0   2   0   0   0   0   0   0   2   9   0   0  81   2   0   0   0   0   3  1.95 0.63
   70 S    1  0  1  2 -3 -2 -1  0  0 -3 -2 -2 -2 -4 -1  3  2 -4 -3 -1   13   4   6  14   0   0   2   6   3   0   4   0   0   0   2  30  12   0   0   5  0.30 0.23
   71 V    0 -3  1 -3 -2 -3 -3 -2  0  1  1 -3 -1  2 -3  1  1 -3 -2  3    5   0   9   0   0   0   0   1   3   7  16   0   0   9   0  13  11   0   0  25  0.24 0.21
   72 F   -2 -3 -3 -4  0 -2 -4 -4  1  0  0 -3  0  6  1  1  0  2  0 -2    2   1   1   0   2   1   0   0   3   5   6   0   2  44   7  13   7   2   0   1  0.65 0.35
   73 R    1  4  0 -2 -4  0  0 -3  0 -1 -2  2 -2 -2 -3  0  1 -4 -3 -2   12  31   5   0   0   1   6   0   2   4   3  17   0   2   0   6   9   0   0   2  0.40 0.25
   74 K   -2  6 -3 -4 -5  0 -2 -1 -1 -3 -3  3 -1 -4 -1 -2 -1  5 -3 -4    1  47   0   0   0   2   0   5   1   2   1  21   1   0   3   1   5   8   0   0  0.92 0.43
   75 K   -3  1 -3 -1 -5  0 -1 -4 -3 -1 -3  7 -1 -5 -3 -1 -2 -5 -4 -4    1   4   0   3   0   3   2   1   0   3   2  73   2   0   0   4   2   0   0   0  1.22 0.50
   76 H   -3  3  1 -3 -4  1 -2  1  6 -2 -3  2 -1 -1  0 -1 -3 -3  2 -4    0  17   5   0   0   5   0  10  23   3   0  15   2   3   4   4   0   0   6   0  0.51 0.29
   77 V   -1  0  1 -1 -1  2  1 -2  0  1 -1  0  0 -1 -1  0  1 -3 -2  1    3   5   8   0   2  11   8   1   2   9   4   7   2   2   2   8  11   0   0  15  0.10 0.11
   78 C   -2 -4 -4 -4 10 -4 -4 -4 -4 -3  0 -4 -3 -4 -4  1 -3 -4 -4 -3    1   1   1   1  69   1   1   1   0   1  10   1   0   1   1  10   1   0   0   1  2.03 0.51
   79 C    0  0  0 -2  3  1 -1 -1  2 -2  0 -1  1  0 -3  2  0 -2  1 -1    5   5   3   0   9   7   3   5   5   0   9   3   5   5   0  19   6   0   6   4  0.12 0.16
   80 D   -1 -2  1  5 -4  1  2  0  3 -4 -4  0 -3  0 -3  0 -2 -4 -3 -1    5   0   6  36   0   6  11   6   7   0   1   5   0   5   0   6   0   0   0   5  0.54 0.32
   81 C   -4 -5 -5 -6 11  1 -5 -1 -5 -5 -5 -5 -5 -5 -5 -4 -4 -5 -5 -4    1   0   0   0  82   6   1   5   0   0   1   0   0   0   0   1   0   0   0   1  3.13 0.90
   82 K   -3  1 -1  0 -4 -1  2  1  1 -4 -1  5 -3 -2 -3 -1 -2 -4 -3 -4    1   7   3   5   0   0  12  10   3   0   9  42   0   2   0   2   2   0   0   1  0.54 0.32
   83 K   -3  5  0 -2 -5  0  1 -2 -3 -4 -2  5 -2 -2 -4  0 -3 -4 -1 -4    0  30   5   1   0   2   9   3   0   0   3  35   1   2   0   6   0   0   2   0  0.76 0.39
   84 D   -2 -3  3  2 -1 -1 -2 -3  1 -1 -1 -2 -2  1 -4  0  0 -2  5  0    1   0  14  14   2   2   0   1   3   2   7   1   1   4   0   9   6   0  26   7  0.44 0.29
   85 F   -5 -5 -5 -6 -5 -5 -5 -5  0 -3  1 -5 -3  7 -5 -5 -3 -2  6 -2    0   0   0   0   0   0   0   0   2   0  14   0   0  51   0   0   2   0  25   3  1.59 0.58
   86 C   -4 -6 -5 -5 11 -5  0  0 -5 -5 -5 -5 -5 -5 -5 -4 -4 -5 -5 -4    1   0   0   0  80   0   6   8   0   0   1   0   0   0   0   0   0   0   0   0  3.03 0.89
   87 S    1 -1  0 -1  1 -2 -2 -1  0 -3 -3 -1  1 -2 -2  5  2 -5 -4 -2    8   2   4   2   3   1   1   5   2   1   2   2   5   2   1  45  13   0   0   1  0.54 0.38
   88 L    0  1  3  1 -3 -1  1  0  0 -2  0  0 -1 -2 -1  1  1 -4 -3  0    5   8  16   6   0   1   8   8   2   1  10   3   1   1   2  11   9   0   0   8  0.13 0.14
   89 C   -1 -6 -6 -6 11 -6 -6 -3 -6 -5 -5 -6 -5 -6 -6 -4 -4 -6 -6 -1    6   0   0   0  83   0   0   2   0   0   1   0   0   0   0   0   0   0   0   4  3.25 0.99
   90 S   -1 -1 -3 -3  1 -3 -3 -3 -3 -1  2 -3  0  1 -3  4 -1 -1 -3  1    3   3   0   0   3   0   0   1   0   3  23   0   2   5   0  43   2   1   0   9  0.54 0.38
   91 V    1 -3 -1 -2 -2 -2 -1 -2 -1  2  0 -1 -1 -3  0  2  1 -3 -3  2   13   1   3   2   0   1   3   1   1  15   5   2   1   0   4  17   7   0   0  21  0.21 0.19
   92 S   -2  2  0 -1 -4  5 -1 -1 -1 -3  0  3 -2 -2  0  0 -1 -4 -3 -2    1   9   5   3   0  28   1   4   1   1   9  19   1   2   5   5   4   0   0   2  0.42 0.30
   93 Q    0  3 -1 -1 -2  3  1  0  0 -3 -1  0 -1 -3  1  0 -1 -3 -2 -1    6  22   2   3   1  15   8   7   3   0   5   3   2   0   8   7   3   0   1   4  0.26 0.20
   94 E    0 -2  0  2 -4  1  4  1 -2 -4 -3 -1 -3 -4 -1  0  0 -1 -3 -3    7   1   4  13   0   5  35  11   0   0   2   2   0   0   2   6   7   1   0   2  0.46 0.29
   95 N   -2  1  4  2 -4 -1 -1  1 -1 -4 -4  1 -3 -3  1  1 -1 -4 -3 -4    2   8  27  12   0   2   2  11   1   1   1  11   0   1   7  10   3   0   0   1  0.45 0.26
   96 L   -1  1 -2 -3 -3 -1 -2  1 -2  1  1 -1 -1 -2  3  0  0 -3 -3  1    4   9   1   1   0   2   1  10   1   8  14   2   0   1  19   7   6   0   0  13  0.23 0.17
   97 R   -2  5  0 -3  0  0 -2 -3  0  0  1  0 -2  2 -3 -2 -1  0 -1 -2    2  41   4   0   2   3   1   1   2   7  13   3   0   9   1   2   4   1   2   1  0.53 0.32
   98 R   -1  3  0  0  2  0 -2 -3 -2 -1  2 -1  1 -2 -3 -1  0 -2 -1  0    5  18   5   6   6   5   1   1   0   2  26   2   4   1   0   4   5   0   2   6  0.18 0.18
   99 C   -2 -5 -5 -2 11 -5 -5 -5 -5 -4 -4 -1 -4 -5 -1 -1 -4 -5 -5 -4    3   0   0   3  75   0   1   1   0   0   1   5   0   0   4   4   1   0   0   1  2.61 0.78
  100 S    0  1  0  1 -1  1  1 -1  3 -2  0  1 -1 -1 -2  0 -1 -3 -1 -2    6   8   4  10   1   5   8   4  10   2  13  12   1   2   1   9   2   0   2   1  0.12 0.11
  101 T   -2  3  0  0 -3 -2 -2 -3 -2 -2  0  1 -2 -3  0  1  3 -3  0 -1    2  22   4   4   0   0   1   1   0   2  12   8   0   0   4   8  25   0   3   4  0.33 0.25
  102 C   -4  0 -5 -5 11 -5 -5 -5 -5 -4 -4 -5 -4 -5 -5 -2 -4 -5 -5 -1    1   6   0   0  78   0   1   1   0   0   1   0   0   0   0   3   1   0   0   5  2.86 0.83
  103 H   -1  3  0 -2  2  3  0 -1  4 -2 -1  0 -2  0 -3  0  0 -3 -2 -2    5  19   3   1   5  20   3   4  11   1   5   3   0   4   0   8   4   0   1   2  0.32 0.23
  104 L    0  2 -2 -3 -2 -2 -3 -3 -1  2  2 -2  1 -2 -2  0  0 -3  1  2    9  15   1   0   0   0   1   1   1  12  22   0   3   0   2   7   4   0   5  15  0.21 0.18
  105 L   -3 -4 -5 -5 -4 -4 -4 -5 -4  1  4 -4 -1  5 -1 -1 -3 -3 -1  0    1   0   0   0   0   0   0   1   0   7  45   0   0  31   4   5   0   0   0   4  0.89 0.40
  106 Q    0  3  0 -2 -2  2 -1 -1  2 -2 -1  0 -1 -2 -3  2  0  0  1 -3    7  18   5   0   1  11   2   5   6   2   5   5   2   1   0  19   5   1   6   0  0.23 0.19
  107 E    1  2 -1 -2  0  1  1  1  0 -2 -1  0  0 -3 -2  1 -1 -3 -2 -1   17  13   0   1   3   5   8  13   2   2   5   6   3   0   1  15   3   0   0   2  0.17 0.15
  108 T   -1  3  1  0  1  0 -2  0 -2 -1 -3  0  0 -3  2  0  2 -4 -3 -1    5  20   9   5   3   3   0   7   0   3   1   4   4   0   9   5  21   0   0   3  0.25 0.22
  109 A    1 -1 -1 -1 -3  1 -1 -2  1 -2  1  0  0  0  4  0 -2 -3 -2 -1   12   2   3   2   0   9   3   2   4   0  15   7   2   4  23   4   0   0   0   5  0.29 0.20
  110 F    0 -3 -3 -4 -3 -1 -3 -3 -3  0  2 -3  2  5 -1  0  0 -2 -1  0    8   0   0   0   0   4   1   1   0   5  25   0   6  29   3   7   4   0   0   5  0.40 0.27
  111 Q   -2 -1  3  2 -3  3  2 -2  2 -1 -2 -1 -2 -3 -1  0  1 -3  1 -1    1   2  16  10   0  15  12   2   6   5   3   0   0   0   2   8   8   0   5   4  0.26 0.22
  112 R   -3  6 -2 -3 -4  0 -1 -4 -1 -3 -1  2 -3 -1 -1 -2 -3  3 -3 -4    1  60   0   0   0   3   3   1   1   2   5  10   0   2   3   2   1   4   0   1  1.00 0.41
  113 P    0 -1  2  2 -3  1  2  0  0 -2 -3  0 -2 -3  3  1  0 -3 -2 -1    6   2  11  11   0   6  15   5   3   3   1   3   0   0  13  14   4   0   0   4  0.26 0.13
  114 Q    0  1  1  3 -3  3  2 -1  1 -3 -2  0 -2 -1 -2  0 -1 -3 -1 -3    6   6   7  17   0  21  14   3   4   1   4   2   0   3   1   6   4   0   2   1  0.31 0.17
  115 L   -3 -3 -4 -4 -3 -3 -4 -4 -4  3  5 -3  0 -1 -4 -3 -2 -3 -2  1    1   1   0   1   0   0   1   1   0  19  63   1   0   0   1   1   1   0   0   9  0.83 0.31
  116 M    0  0 -2 -2 -2  1  0 -2 -2  0  1 -1  5  1 -3 -1 -1 -3 -2  0    7   6   0   1   0   8   8   3   0   5  13   3  27   5   0   3   3   0   0   7  0.23 0.18
  117 R   -1  2  0 -1 -3  3  0  0  1 -2  0  2 -1 -3 -2  0 -2 -3 -1 -2    5   9   3   2   0  22   5   9   4   0  12  18   0   0   0   4   1   0   2   2  0.23 0.16
  118 L   -2 -2 -3 -3 -2  0 -2 -3 -2  2  3 -2  3  1 -3 -2 -1  4 -1  1    1   1   1   1   0   7   1   1   0  13  36   1  15   7   1   1   1   6   0   7  0.28 0.11
  119 K   -1  3  1 -1  2  0  1 -2 -1 -3 -2  3 -2 -3  2  0  0 -3 -2 -2    1  17   6   1   6   1   6   1   0   1   1  32   0   0  13   7   6   0   0   1  0.33 0.11
  120 V    1 -2  1 -2  3 -1 -2 -2 -2  1  0 -1 -1 -2  2  1  1 -3 -2  1   11   1  10   1  10   0   1   1   0  11  11   1   0   0  11  11  11   0   0  11  0.15 0.09
  121 K   -1  3  2 -1 -3  0  0 -2  3 -3 -3  4 -2 -3 -2  1 -1 -3 -2 -3    1  13  11   1   0   1   1   1   9   1   1  47   0   1   1  10   1   0   0   1  0.46 0.15
  122 D   -2 -3 -1  7 -5  1  1 -4 -1 -5 -5 -3 -5 -5 -4 -2 -2 -6 -3 -3    4   0   0  78   0   8   6   0   1   0   0   0   0   0   0   0   2   0   1   2  1.48 0.39
  123 L   -4 -4 -6 -6 -3 -4 -5 -6 -5  0  6 -5  1 -2 -5 -5 -3 -4 -3 -1    0   0   0   0   0   0   0   0   0   2  95   0   2   0   0   0   0   0   0   0  1.44 0.39
  124 R   -3  5 -2 -3  1  3 -1 -4 -1  0 -3  3 -3 -4 -3 -2 -2 -4 -3 -3    0  42   0   0   3  18   0   0   1   8   0  24   0   0   0   1   1   0   0   1  0.83 0.28
  125 Q   -1 -1 -1  3  4  3  2 -2 -1 -3 -2 -1 -2  2 -3 -1 -2  5 -2 -2    3   2   1  20  11  19  12   2   1   0   1   3   0  10   0   4   0   8   0   2  0.40 0.18
  126 Y   -4 -4 -5 -6 -5 -4 -5 -6 -1  0 -2 -5 -3  5 -6 -4 -4  0  8 -2    0   0   0   0   0   0   0   0   0   5   2   0   0  26   0   0   0   0  67   1  1.86 0.45
  127 L   -3 -4 -5 -6  1 -4 -5 -6 -5  1  6 -4  2  0 -5 -4 -3 -3 -3 -1    0   0   0   0   4   0   0   0   0   6  84   0   3   3   0   0   0   0   0   0  1.15 0.33
  128 L    0  1  2  0 -3  3  1 -2  3 -1 -1  0 -1 -3 -2  0 -1 -3 -2  0   10  10  10   3   0  17   8   0   9   4   8   3   1   0   0   8   2   0   0   6  0.17 0.11
  129 L    2  2 -1 -1 -2 -1 -1 -2  1 -1  2  1 -1 -2 -3  1  1 -3 -2 -1   24  13   2   3   0   0   1   0   4   0  27   7   0   0   0   8   8   0   0   1  0.19 0.14
  130 R   -3  4  2 -2 -5  2 -1 -3  5 -4 -4  4 -3 -1 -3 -2 -2 -3  3 -4    0  24  12   0   0   8   0   0  17   0   0  27   0   2   0   0   0   0  11   0  0.72 0.25
  131 N   -3 -1  5  1 -4  1  1 -1  4 -4 -4  2 -3  0 -3 -1 -1 -4 -2 -3    0   1  37   7   0   8   9   2  14   0   0  12   0   5   0   3   2   0   0   2  0.59 0.22
  132 I   -3 -4 -5 -5 -3 -4 -5 -5 -5  5  2 -4  0 -2 -4 -4 -2 -4 -3  4    0   0   0   0   0   0   0   0   0  50  14   0   0   0   0   0   1   0   0  35  0.98 0.29
  133 P   -2 -3  0  0 -4 -1 -1 -3 -3 -4 -5 -2 -4 -5  5  5  0 -5 -4 -4    0   0   4   5   0   2   2   0   0   0   0   0   0   0  34  49   4   0   0   0  1.05 0.33
  134 T    0 -3  0 -3  3 -3 -3 -3  0  1 -1 -3  0  0 -3  0  5 -3  1  0    5   0   4   0   6   0   0   0   3  11   3   0   2   4   0   3  49   0   5   4  0.51 0.24
  135 D    0  2 -1  2 -3  2  2 -2  1 -3 -3  2 -2 -2  1  0 -1 -4 -1 -2    7  12   1  12   0  11  15   1   5   1   0  16   0   1   7   5   2   0   1   4  0.28 0.11
  136 T   -1 -1  0  2 -3 -1 -2  3 -1 -3 -1 -1  2 -2 -3  1  2 -4 -3 -2    2   2   3  12   0   1   0  32   2   0   5   3  10   2   0   8  19   0   0   0  0.35 0.17
  137 C   -1 -2 -4 -5 10 -4 -5 -4 -4 -1 -1 -4 -2 -2 -4  0 -2 -4 -4  0    3   2   0   0  71   0   0   0   0   1   6   0   0   2   0   7   0   0   0   7  1.69 0.35
  138 R   -2  4 -2 -3  2  0 -1 -3 -2  1  0  2  0  0 -3 -2 -1 -3 -2  1    0  32   0   0   5   4   0   0   0  11  10  16   2   5   0   0   3   0   0  12  0.29 0.13
  139 E   -2 -2 -2  0 -5  0  6 -4  2 -4 -2 -1 -3 -4 -3  0 -2 -4 -3 -4    0   0   0   0   0   0  81   0   6   0   5   0   0   0   0   8   0   0   0   0  1.18 0.33
  140 K   -1  0 -2 -3 -4 -1 -1 -3 -3 -1 -3  7 -3 -4 -3 -2 -2 -5 -3 -1    5   0   0   0   0   0   0   0   0   5   0  86   0   0   0   0   0   0   0   5  1.11 0.33
  141 E    0  0 -1  1 -4  1  5 -3  0 -4 -2  0 -3 -3  0  0 -1  3 -2 -3    9   3   1   7   0   3  54   0   1   0   4   3   0   0   3   3   1   5   1   0  0.57 0.19
  142 D   -2 -2 -1  5 -4  1  4 -3 -2 -3 -2 -1 -3 -4 -3 -1  0 -5 -4 -1    0   0   0  40   0   5  40   0   0   0   3   0   0   0   0   0   6   0   0   5  0.81 0.23
  143 L   -3 -4 -5 -5 -3 -3 -4 -5 -4  1  5 -4  3  1 -4 -4 -3 -3 -2  0    0   0   0   0   0   0   0   0   0   3  83   0   7   6   0   0   0   0   0   0  0.97 0.27
  144 V   -2  0 -3  1 -2 -3 -3 -4 -4  3  0 -3  1 -2 -4 -3 -2 -4 -3  5    0   6   0  10   0   0   0   0   0  13   2   0   3   0   0   0   0   0   0  66  0.63 0.23
  145 D   -2  0  1  4 -2  1  3 -2  1 -3 -3  1 -3  0 -2 -1 -2 -4 -2 -3    0   5   8  28   1   4  30   2   3   0   2   9   0   6   0   2   0   0   1   1  0.46 0.15
  146 L    1 -1 -3 -3 -2  0 -2 -3 -3  1  4 -2  1 -1 -3 -2 -2  2 -2  0   14   4   0   0   0   7   0   0   0   4  58   2   1   0   0   0   0   3   0   5  0.37 0.15
  147 V   -1 -3 -3 -4  1 -3 -3 -1 -4  3  1 -3  0 -2 -3 -2 -1 -3 -2  4    1   0   0   0   3   0   1   6   0  19  12   0   0   0   0   1   0   0   0  54  0.50 0.17
  148 L   -4 -3 -5 -5 -4 -2 -2 -6 -5  2  5 -4  5  0 -5 -5 -4  1 -3  0    0   2   0   0   0   2   3   0   0  10  58   0  14   3   0   0   0   2   0   6  1.00 0.52
  149 C    0  1  0 -1  6  1 -1  2 -3 -1 -1 -1 -2 -1 -3  0  0 -4 -1 -2    6   9   6   2  19   7   4  17   0   3   6   3   0   2   0   7   5   0   2   2  0.30 0.24
  150 H   -4 -2  0 -1 -5  4 -2 -4  7 -4 -3 -3  2  3 -4 -1 -1 -4  2 -4    0   2   5   3   0  23   0   0  33   0   2   0   5  11   0   4   4   0   7   0  1.06 0.57
  151 R    1  2 -2 -2  0  5 -1 -2  3 -1 -1  0 -2  0 -3 -1 -2 -4 -2  1   14  11   0   2   2  28   1   2   7   2   5   4   0   4   0   3   0   0   1  13  0.36 0.32
  152 G    0 -1  3 -1  1 -1 -1  3  0 -4 -2 -2 -3 -4  3  0  0 -4 -1 -4    8   3  16   3   3   2   3  24   3   0   3   2   0   0  17   5   5   0   2   0  0.43 0.31
  153 L    0 -1 -1 -1 -2  0 -2  0  0  0  0 -2  1  0  2  0  1 -3 -2  1    8   3   3   3   0   6   1   7   3   7  11   0   5   4  11   9   9   0   0  11  0.09 0.13
  154 G    0  0  0  0  0  0  1  1  0  0 -1 -1 -2 -3  1  1  1 -3 -2 -1    8   5   2   6   2   3  10  13   3   9   6   3   0   0   6  10  10   0   0   4  0.08 0.11
  155 S    0 -1  0  1 -1 -1  1 -1 -3 -2 -3 -2 -3 -2  3  3  1  0  0 -1    7   4   4   9   2   2   9   3   0   1   2   0   0   2  13  25   9   1   3   4  0.28 0.28
  156 G   -1  1  1  1 -1  3  3 -1  0 -2 -2 -1  0 -4  0  1  0 -4 -1 -1    4   7   5   6   2  15  20   4   2   3   3   2   3   0   3  12   5   0   2   4  0.23 0.24
  157 D   -1  0  1  2 -1  1  3 -1  1 -2 -1 -2 -1 -3  1  2 -1 -4  0 -3    4   5   6  12   2   5  19   5   4   2   5   0   1   0   7  14   4   0   3   0  0.24 0.24
  158 D   -1  1  0  2 -1  0  0  1  0 -2 -2 -1 -1 -2  1  1  0  0  0 -2    4  11   3  16   2   3   7  10   2   2   3   0   1   1   6  14   7   1   3   3  0.16 0.18
  159 L    0  0 -1 -1 -3  0  0 -1 -2  1  0 -1  2 -2  1  1  2 -3 -3  0    7   4   2   3   0   3   8   4   0   8   9   2   8   1   7  10  19   0   0   4  0.15 0.19
  160 D   -2  2  1  3 -2  1  1 -1  2 -3 -4 -2 -3 -4  1  1  1 -4 -1 -3    2  14   6  20   1   5  10   3   6   1   1   1   0   0   7   9   9   0   2   1  0.38 0.30
  161 S    1 -1  1  2 -1 -1  1 -1  0 -1 -3 -2 -1 -1  0  1  2 -4  0 -1   12   2   7  10   1   1  11   5   2   3   1   0   2   3   5  11  17   0   3   4  0.19 0.22
  162 S    0  0  1  1 -1  0  1 -1 -1 -3 -4 -2 -3 -4  4  2  1 -4 -1 -2    6   6   8   7   1   3  11   5   2   1   1   1   0   0  18  17   8   0   2   3  0.35 0.29
  163 S   -1 -1  1  0 -4 -1  2 -2  0 -1 -2 -1 -1 -2  3  2  2 -4 -1 -2    5   2   6   5   0   2  12   3   3   3   4   2   2   2  14  20  11   0   2   2  0.27 0.27
  164 L   -1 -1  1 -1 -1  0  1 -2  0  1  2 -2  0  1 -1  0  0 -3  1  0    3   3   7   4   1   3  11   3   3   7  22   0   1   8   2   8   5   0   4   4  0.08 0.14
  165 N   -1  1  3  1 -1  0  1 -1  2 -2 -3  0 -3 -1  0  2  1  1  0 -1    3   8  15   6   1   3  10   3   6   2   2   4   0   3   4  15   7   2   3   4  0.19 0.21
  166 S   -1  0  1  1 -4  1  1 -2  0  0 -2 -1 -3 -4  2  2  2 -4 -4 -2    5   6   6   8   0   6   8   3   3   5   3   3   0   0  10  20  12   0   0   2  0.25 0.26
  167 S    0  1  1  2  0  0  1  0  0 -1 -1 -1 -1 -2  0  2  0 -4 -3 -2    6   9   6  11   2   4   8   6   2   3   5   2   2   2   4  19   6   0   0   2  0.13 0.16
  168 R    0  2  0  0 -3  1  0  0  0 -2 -1  0 -2  1  1  1  0 -3  0 -2    9  12   5   6   0   6   5   7   3   3   4   3   0   7   8  12   4   0   3   2  0.11 0.14
  169 S   -1  0  1  0  0  0  1 -1  0 -1 -1 -1 -1 -2  2  2  1 -4 -3 -1    4   5   8   4   2   5  11   3   2   3   5   2   2   2  11  20   7   0   0   4  0.19 0.22
  170 Q   -1  0  0  1 -4  2  3  0  0 -2 -2 -1 -3 -1  0  0  1 -4  0 -2    3   4   4   7   0  12  23   8   2   2   4   2   0   2   4   5  11   0   4   3  0.24 0.26
  171 T   -1  0  1  0 -1  3  0 -1  0 -1 -1 -2 -2 -1  0  0  3 -4 -1 -1    5   6   7   4   1  17   6   4   2   4   5   0   0   2   4   8  19   0   1   4  0.22 0.27
  172 S    0  0  0  0 -2  1  0  0  1  0 -1  0  1  0  1  0  0 -2  1  0    6   6   5   6   0   5   6   6   5   6   6   6   5   5   6   6   6   0   5   6  0.03 0.06
  173 S    0  0  1  0  2  1  0  0  2 -2 -1  0 -2  0  1  0  0 -2  1 -1    6   6   6   6   6   6   6   6   6   0   6   6   0   6   6   6   6   0   6   6  0.06 0.09
  174 F   -1  0  0  0 -1  0  0 -1  2 -2 -1 -2 -1  4  2  0 -1 -1  0 -2    4   5   4   6   1   4   8   4   4   2   6   1   1  24   9   8   3   1   3   2  0.25 0.25
  175 F   -1  0  1  0 -3 -1  0 -1  1 -1  1 -2 -1  2  1  1  0 -3 -1  0    4   5   6   5   0   2   6   4   5   3  16   0   1  11   7  12   5   0   1   7  0.09 0.16
  176 T   -1 -1 -1  1 -4  0  0 -2 -2  0 -2 -2 -2 -1  2  2  4 -4 -2 -1    3   3   3   8   0   4   6   2   1   5   3   2   1   3  11  13  28   0   2   3  0.36 0.35
  177 Q   -1  0  1  2 -4  4  0 -2  3 -2 -1 -2 -1 -3  1  0 -1 -4  0  0    5   5   5  10   0  21   6   2   9   2   6   1   1   1   7   6   4   0   4   6  0.29 0.29
  178 S   -1 -1  1  0 -1 -2  0 -1 -1 -1 -2 -2 -2 -3  5  3  0 -5 -2 -2    3   3   6   4   2   2   6   4   2   3   5   1   1   1  26  21   6   0   1   3  0.44 0.36
  179 L   -1 -1  0  1 -3  1  0 -2  3 -2  1 -1  0  2  2  1  0 -3 -1 -1    4   2   3   9   0   6   5   3   8   2  13   2   2   9  12  10   5   0   2   3  0.16 0.19
  180 F    0  0  1 -1 -3  0  0 -1  1 -2 -2 -1 -1  2  1  2  2 -3  0 -2    7   6   6   3   0   4   6   3   4   3   4   3   1   9   6  18  12   0   4   1  0.16 0.20
  181 S   -1  2 -1 -1 -2  1  0 -1  1 -2 -1 -2  0 -2  1  3  1 -4 -3 -2    5  10   1   2   1   6   5   4   3   2   8   1   2   2   6  29  10   0   0   2  0.30 0.33
  182 N   -1  0  3  0  0  0  0 -1  2 -1 -1 -1  1 -3  1  1  2 -4 -3 -1    5   6  14   4   2   4   4   5   5   3   5   1   4   1   6  11  16   0   0   5  0.17 0.20
  183 Y    0  0  1  0  0  0  1  0  1 -1 -1  0 -1 -1  0  0  0 -2  1  0    8   6   7   4   3   3   9   5   3   2   6   4   2   2   5   8   6   0   8   9  0.04 0.07
  184 T   -1 -1  1  0  1  0  1 -1  2 -2 -1 -2  0 -1  2  1  1 -3 -1 -1    3   4   6   4   3   5  11   3   5   2   7   0   2   3  12  12  10   0   2   5  0.14 0.17
  185 P    0 -2  1 -1 -4  0  1 -3  0 -2 -2 -2  1 -2  5  0  1 -5 -2 -2    6   2   6   3   0   4   8   2   2   3   4   2   3   2  34   6   8   0   2   3  0.56 0.40
  186 P   -1  0  2  1 -4 -1  1 -2  2 -2 -2 -3 -1  0  4  0  1 -4 -3 -2    6   4   9   7   0   3   8   2   5   2   3   0   2   4  24   7  11   0   0   3  0.39 0.32
  187 S    0  0  0  0  2  0  0  0  2  0 -1 -1  1  0  0  0  0 -2  1  0    6   6   5   6   5   5   6   6   5   6   6   0   5   5   6   6   6   0   5   6  0.03 0.09
  188 A    1 -1  0  0 -3  1 -1 -1  1 -1 -2 -2  0 -1  3  2  1 -4 -2  0   14   4   5   5   0   6   2   3   3   3   3   0   3   4  13  18   7   0   1   6  0.20 0.23
  189 T    0  0  0 -1 -3 -1  0  0  0 -1 -1 -2 -2 -2  2  3  3 -4 -3 -2    6   5   5   3   0   3   7   5   2   3   6   1   1   1  10  21  17   0   0   3  0.25 0.27
  190 V    1  0 -1 -1  0  0  0 -2  1  0  0 -1  0  0  1  1  0 -3 -1  1   12   5   2   3   2   3   5   2   3   4  12   2   2   4   8  12   6   0   1  10  0.07 0.11
  191 S    0 -1  0  0 -4  0 -1 -1  1 -3 -2 -2 -4 -2  3  4  1 -5 -4 -2    7   2   4   4   0   4   4   4   3   2   4   1   0   2  14  34   7   0   0   3  0.42 0.39
  192 S    0  0  1  0 -1  0 -1 -2  0 -2 -3 -3 -4 -3  3  4  1 -5 -2 -3    8   6   6   6   1   4   4   2   2   2   2   0   0   1  12  34   7   0   1   1  0.45 0.41
  193 F    1 -1  0 -1 -3 -1  0 -1  2 -1 -1 -1  0  1  1  2  2  0 -1 -1   10   4   5   4   0   2   5   3   5   3   6   2   2   6   8  17  13   1   2   3  0.13 0.18
  194 Q   -1  0  0 -1 -1  2  2 -2  0 -2 -2 -1 -3 -2  3  3  0 -5 -2 -1    4   4   3   3   1   9  12   2   2   3   3   3   0   2  16  21   6   0   1   4  0.31 0.31
  195 G    1  0  1  0  0  0  0  1  2 -1 -1 -2 -2 -1  2  1  1 -3 -2 -1   11   5   6   5   3   4   4  11   6   3   6   0   0   3  10   9   8   0   0   5  0.11 0.14
  196 E   -1 -1  0  2  0  2  2 -1  0 -1 -2 -1  0 -2  2  1  0 -4 -1 -2    4   3   4  11   2  12  12   5   2   4   2   2   2   2  10  11   5   0   3   3  0.18 0.20
  197 L    1  0  0  0 -3  0  0 -1  0 -1  0 -2  0 -1  1  1  1  1 -2  0   17   4   5   4   0   4   6   5   2   3  10   0   2   3   6  12   8   2   0   7  0.08 0.14
  198 M    1  0  0 -1 -2  0 -1 -2 -1 -1 -1 -2  2 -2  1  2  3 -4 -3 -1   14   5   4   3   1   4   3   2   1   4   5   0   6   2   8  17  18   0   1   4  0.23 0.27
  199 D    0  0  2  0 -4  0  1  0  1 -3 -4 -1 -4 -5  2  3  1 -5 -4 -2    7   5   8   6   0   3   9   7   3   2   1   2   0   0   9  27   9   0   0   2  0.35 0.33
  200 R    0  1  0  0 -3  1  0  1 -1 -1 -1 -1 -1 -3  1  1  1 -3 -2  1    7  10   4   6   0   6   5  10   1   4   5   1   1   0   7  11   8   0   1  10  0.10 0.14
  201 D   -1  1  0  2 -1  1  0  0 -1 -2 -2 -2 -2 -2  1  2  1 -1 -3 -2    4   7   3  14   2   6   7   6   1   2   4   1   1   2   8  21   9   1   0   3  0.22 0.24
  202 G    1  0  1 -1 -1  1  1  1  1 -2 -3 -1 -3 -2  2  1  0 -2 -2 -1   14   6   6   3   1   7   8  13   3   2   2   2   0   2   9  11   5   1   1   4  0.17 0.17
  203 A    1 -1  0  1 -2  2  0 -1 -1 -1 -2 -2 -1 -2  2  2  2 -4 -3  0   11   2   4   7   1   9   4   3   1   4   3   1   1   2  11  17  12   0   0   6  0.23 0.24
  204 F    0 -1  0  0  0  1  1 -1 -3 -2  0 -2 -1 -1  2  2  1 -1 -2 -1    8   3   4   4   2   8   7   3   0   2   9   0   2   2  11  20   8   1   1   4  0.17 0.21
  205 R    1  1 -1 -1  0  0  0  1 -1  0 -1 -1 -1 -2  1  1  1 -3 -2 -1   10  10   2   3   2   5   7  13   1   8   5   2   2   2   7  11   8   0   1   2  0.10 0.13
  206 S    0  0  1 -1  0  1  1  0  0 -1 -1 -1 -1 -2  1  2  1 -3 -3 -1    8   4   6   2   3   6   8   6   2   3   7   3   1   2   7  22   7   0   0   4  0.14 0.17
  207 E    0  0  0 -1 -1  1  2  1  0 -3 -2 -2 -3 -4  1  3  0 -4 -1 -1    8   4   3   3   1   8  16  12   3   0   3   0   0   0   6  22   4   0   2   5  0.25 0.27
  208 V    1 -1 -1  0  1  0  0 -1  0 -1 -1 -1 -1 -2  2  1  2 -4 -3  1   11   2   2   4   4   3   6   4   2   4   6   2   1   1  12  12  13   0   0  10  0.15 0.17
  209 L    0 -1  0 -1 -3  2  0  0  1 -1  1 -1 -1 -1  3  0  0 -3 -2  0    6   3   4   2   0  10   7   6   3   4  14   1   1   2  15   8   6   0   1   6  0.15 0.17
  210 A    2 -1  0  0 -3  2  0  0 -3 -2 -1 -2 -3 -1  2  2  0 -4 -3 -1   22   2   4   4   0   9   6   5   0   1   5   2   0   3  12  16   4   0   0   4  0.26 0.27
  211 Q    1  0 -1  0 -1  4  1 -1  1 -1 -2 -2 -1 -1  0  1  0 -4 -2 -1   11   5   2   5   1  20   7   3   4   5   3   0   1   3   5  13   5   0   1   5  0.20 0.24
  212 V    1 -1  0  0 -1  1  1  0  0 -1 -1 -1 -2  0  2  1  0 -3 -2  1   10   3   3   5   1   8   8   8   2   4   5   2   0   4   9  11   5   0   0  12  0.09 0.12
  213 Q    0  0  0  0  2  1  0  0  1  0 -1  0  1 -2  1  0  0 -3  1  0    6   6   5   6   5   5   6   6   5   6   6   6   5   0   6   6   6   0   5   6  0.04 0.08
  214 S    0  0  0  0 -3  2  1  0  2 -1 -2 -1  0 -1  1  2  0 -4 -3 -1    6   4   4   3   0  11   8   9   5   3   3   3   3   3   8  17   4   0   0   4  0.16 0.20
  215 E   -1 -1  1  0 -4  1  3 -1  1 -1 -2 -1  0 -1  2  0  0 -4  0 -1    4   3   8   4   0   7  19   4   4   3   3   3   3   3  11   7   6   0   3   3  0.19 0.21
  216 I    1 -1  0 -2  1  1 -1 -1 -1  1 -1 -2 -1 -2  0  1  2  0 -2  1   11   4   5   2   3   7   3   4   2   9   5   0   1   1   6  11  12   1   1  13  0.12 0.17
  217 A    1  0  2  0 -1  3  0  0 -2 -1 -1 -2 -3 -3  2  1  0 -1 -2 -1   10   5   9   5   2  16   7   6   1   4   6   1   0   1   9   9   5   1   1   4  0.17 0.22
  218 S   -1 -1 -1 -1 -4  2  0  1  1 -2 -1 -2 -1 -2  1  4  0 -5 -4 -1    4   4   2   3   0   9   6   9   3   2   6   2   2   2   7  29   4   0   0   4  0.28 0.31
  219 A    2  1  0 -2 -3 -1  1 -1  1  0  0 -2 -1 -1  1  1  0 -1  1  0   18   7   4   1   0   2   8   4   4   4   8   1   1   2   7   9   5   1   6   8  0.10 0.16
  220 N    0  0  3  0 -1  0  1  0  0 -2 -2 -2 -2 -1  1  1  0 -4 -2  0    9   5  16   4   1   4   9   7   3   2   3   1   1   3   6  11   6   0   1   9  0.15 0.19
  221 T   -1  1  0  0 -2  0  0  0  0 -1 -1 -1  0 -1  2  1  2 -4 -3 -1    5   9   4   4   1   3   8   7   2   3   6   2   2   3  11   9  14   0   0   5  0.13 0.17
  222 D    0 -2  0  0  0  0  2 -2  2 -3 -3 -2 -4 -1  3  3  0 -1 -1 -3    6   2   4   5   2   5  13   3   5   2   2   2   0   3  15  20   7   1   3   2  0.33 0.32
  223 D   -1  0  0  2 -4  0  0 -2 -1  1 -2 -3 -2 -1  1  3  0 -5 -2  0    4   4   4  10   0   5   7   2   1   9   4   0   1   3   7  24   5   0   1   8  0.22 0.27
  224 D   -2 -1  0  2 -4  2  1 -1 -1 -3 -2 -1 -2  1  1  2  0  1 -2 -2    3   4   3  12   0  12  10   5   1   1   5   3   1   8   8  14   6   2   1   2  0.22 0.25
  225 D    0 -1 -1  2  4  3  1 -1  0 -3 -2 -2 -2 -1  1  0  0  0 -1 -1    6   2   2  13   8  13  11   4   2   1   3   1   1   3   6   7   7   1   2   6  0.22 0.25
  226 D   -1  0  0  3  0  1  2  0  1 -2 -2  0  0 -2  0  0  0 -4 -2 -1    5   4   4  17   3   6  12   9   4   3   3   5   2   2   4   7   5   0   1   5  0.16 0.17
  227 D   -1 -1 -1  2 -4  2  3 -1  0 -1  0 -1  2 -2  1  0  0 -4 -2 -1    4   3   2  10   0  12  18   5   2   3   8   3   5   1   6   9   4   0   1   4  0.21 0.24
  228 D    0 -1 -1  2 -4  1  2 -1 -1  0 -2 -2 -3 -1  1 -1  2 -1 -2  0    6   3   3  13   0   7  16   6   2   5   4   1   0   2   7   4  14   1   1   6  0.21 0.23
  229 D    0 -1  0  2 -2  1  3  0  2 -1 -2 -2 -1 -2  1  0  0 -4 -2 -1    6   3   5  11   1   7  18   8   6   3   3   0   2   2   6   8   5   0   1   4  0.20 0.22
  230 D    0  0  0  1 -3  1  1 -1  0  0 -1 -2 -1 -3  3  1  0  0 -2  1    7   4   4   8   0   5  10   4   2   5   5   1   2   1  15   9   5   2   1   9  0.16 0.18
  231 D   -1  0  0  1 -1  0  2 -2  0  0 -1 -1 -1 -2  1  0  1  2 -1  0    4   6   5   9   2   2  16   3   3   6   5   2   1   2   7   6  10   3   2   8  0.11 0.12
  232 D    0  0  1  2 -1  1  2 -1  1 -1 -2 -1 -2 -1  1  0  0 -3  0 -1    7   4   8  13   2   8  13   3   3   4   4   2   1   2   8   7   4   0   4   4  0.14 0.12
  233 D    1  0  0  2 -2  0  0  0  0 -2 -1 -1 -2 -2  3  1  0  0 -1 -1   10   4   3  11   1   5   6   5   2   2   7   2   1   1  15  10   7   2   2   6  0.16 0.13
  234 D    0 -1  0  2 -3  0  2 -1 -1 -2 -1 -1 -2 -3  2  0  0 -4 -3 -1    8   2   4  14   0   4  17   4   1   2   8   3   0   1  12   8   6   0   0   3  0.23 0.16
  235 E    0  1  1  1 -2  1  2 -1  0 -1 -1  0 -1 -3  1  1  0 -3 -2  0    6   8   6   9   0   6  15   3   2   3   8   2   1   1   6   9   7   0   1   6  0.12 0.11
  236 D    0 -2  1  1 -3  1  1  1  0 -2 -1 -1 -2 -2  1  2  1 -3 -2 -1    9   1   8  10   0   6   8   9   2   1   6   2   1   2   6  17   8   0   1   4  0.16 0.13
  237 D    0 -2  1  1 -3  0  2 -1  0  0  0 -1 -2 -3  2  1  0 -3 -2 -2    8   1   8   8   0   4  18   4   2   5   9   1   0   1  10  13   5   0   1   2  0.18 0.15
  238 D    0  1  0  1 -3  2  2  0  1 -2 -2 -1 -1 -3  0  1  1 -3 -3 -2    5   6   5   9   0   9  15   6   4   2   5   2   1   1   3  14   8   0   0   3  0.19 0.15
  239 D    0 -1 -1  2 -2  0  1 -1 -1  0 -1 -1 -1  0  3  1  0 -3 -2  0    5   3   3  12   1   5  10   4   1   5   4   2   1   6  13  10   5   0   1   9  0.14 0.12
  240 E   -1  0 -1  0 -1  2  3 -2  1 -1 -2 -1 -2 -2  2  0  0 -3  0 -1    4   4   3   4   1  12  26   2   3   3   3   3   1   1   9   7   5   0   4   4  0.28 0.20
  241 Q    0  0  1  0 -3  1  2 -1  0  1 -2 -1 -2 -2  1  0  1 -2 -3 -1    9   6   6   5   0   6  19   3   2  11   3   2   0   1   6   8   9   1   0   3  0.16 0.14
  242 E   -1 -1  1  0 -2  1  3 -1 -2 -2 -2  0 -3 -2  1  1  1 -1 -3 -1    5   2   6   4   1   7  23   4   1   3   3   4   0   2   7  12  11   1   0   4  0.24 0.19
  243 E    0  0  0  1 -3  2  3 -2  2 -1 -1  0 -2 -3  1  1  1 -2 -2 -2    7   3   2  10   0   8  19   3   5   3   6   5   1   1   7   9   8   0   0   2  0.21 0.15
  244 E   -1 -1 -1 -1 -3  1  2 -2  0 -1 -1 -1 -1 -3  1  2  2 -3 -2  0    3   3   2   3   0   8  17   2   3   3   6   2   1   1   8  18  12   0   1   8  0.22 0.18
  245 E    0  0  0  1 -2  1  2 -1  0 -2  0  0 -1  0  0  1  1 -2 -2 -1    5   3   5   8   1   5  14   4   3   2  10   5   1   5   5  11  10   1   0   2  0.10 0.09
  246 Q   -1  0 -1  1 -3  3  3 -2 -1 -2 -2 -1  1  1  0  1  0 -3 -1 -1    4   5   1   8   0  16  19   3   1   2   3   1   4   6   5  11   5   0   2   4  0.21 0.17
  247 N    0 -2  2  0 -2 -2  0  1 -1 -2 -3 -2 -1 -2  2  2  2 -4 -2  1    4   1  11   5   0   1   7   9   1   1   1   1   1   1  10  20  12   0   1  12  0.25 0.19
  248 P   -1 -3 -2  1  0  0  1 -2 -2 -2 -3 -1 -3 -4  5  1  2 -4 -4 -1    4   1   1   9   2   3  11   3   1   3   2   3   0   0  31   9  15   0   0   3  0.57 0.28
  249 G    0 -2  0  2  0  0  1  2  0 -3 -3 -2 -1 -1  2  1 -1 -3 -2 -2    7   1   5  14   2   4   9  18   2   1   2   0   2   3  12  10   3   0   1   3  0.24 0.15
  250 L    0 -1  2  0  0  0 -2 -2 -2  0  1 -2  0 -1  3  1  0 -3 -2  0    6   2  12   5   2   6   1   1   0   7  13   1   2   3  14  11   6   0   0   6  0.16 0.12
  251 S    0 -1 -1  1  0  0  2 -1 -2 -2 -1  0 -1 -2  2  2  2 -3 -1 -1    7   2   2   7   2   4  13   3   0   1   8   4   2   1   9  17  14   0   3   3  0.16 0.14
  252 K    1  1  1  1 -3  3  0 -2  1 -1 -2  0 -1 -2  0  0  1 -2 -2 -1   11  10   5   8   0  15   5   2   3   4   2   4   1   1   5   7   9   1   0   6  0.15 0.12
  253 K   -1  0 -1  0 -3  1  2 -2 -1 -2 -2  2 -2 -2  0  1  1  4 -1 -2    3   5   2   5   0   7  14   3   1   2   5  13   0   1   4  14   9   7   2   1  0.23 0.16
  254 K    1  2 -2  0 -3  0  0  2  1 -3 -3  1 -1 -2  2  1  0 -3 -1 -2   12  16   0   5   0   2   5  14   3   1   1   8   2   1  12   9   6   0   2   1  0.24 0.15
  255 A    0  3  0  1 -2  0 -1  1 -1 -2 -1  1 -1 -3  0  0  1 -4 -3 -1    9  21   2   9   1   4   2  11   1   2   7   8   1   0   4   5   8   0   0   6  0.17 0.13
  256 R   -2  4 -1  2  0  1 -2 -2 -1  0 -2  1 -1  0  0  0  1  0 -2 -3    0  32   2  11   2   5   0   3   1   6   3   8   2   4   4   6   8   1   1   0  0.34 0.22
  257 A    3 -1 -3 -3 -3 -3 -1 -2 -3  2  0 -2  1 -2  0 -1  1 -4 -2  2   33   3   0   0   0   0   4   2   0  15   7   1   3   1   4   2   9   0   1  15  0.32 0.22
  258 S    0 -2  2  0 -1  0 -2 -2  0 -4 -3  2 -3 -4 -3  4  1 -5 -2 -4    8   1  12   5   1   4   0   1   2   0   2  12   0   0   1  42   9   0   1   0  0.58 0.34
  259 L   -3 -4 -4 -4 -4  1  0 -3 -4  1  5 -4  1 -2 -4 -3 -3  0 -3 -1    0   0   0   0   0   8   8   2   0   6  68   0   2   0   0   1   0   2   0   3  0.84 0.35
  260 S    0 -3  0  2 -4 -1  2  0 -1 -4 -4 -2 -4 -3  2  4  0 -5 -4 -4    4   0   2  14   0   1  17   7   1   0   0   0   0   1  10  39   4   0   0   0  0.57 0.28
  261 D   -3 -2 -1  7 -1  0  0 -4 -2 -3 -3 -3 -4 -5 -4 -1 -2 -6 -5  0    1   2   1  70   2   4   2   0   1   1   2   0   0   0   0   4   2   0   0   8  1.30 0.44
  262 L   -3 -4 -5 -5 -3 -4 -4 -5 -4  5  3 -4  1  1 -4 -4 -2 -3 -1  2    0   0   0   0   0   0   0   0   0  42  30   0   2   5   0   0   0   0   2  15  0.80 0.28
  263 S   -1  0  1  0 -3 -1  0 -2  0 -2  0  2  1 -3 -2  1  3 -4 -3 -1    4   3   8   5   0   2   6   2   2   0  10  15   5   0   0  14  22   0   0   3  0.21 0.15
  264 S   -1 -2  1  2  0 -1  3 -1  0 -4 -4 -2 -3 -4 -3  4  1 -4 -3 -2    1   1   6  10   2   1  18   3   2   0   1   0   1   0   0  42   8   0   0   2  0.58 0.28
  265 L    0  0 -1 -2 -2 -1  1 -2 -3  1  2 -1  0 -2  2 -1  0 -3 -2  2    8   4   2   0   0   1  10   2   0   7  21   4   1   1  10   2   4   0   1  21  0.15 0.12
  266 E    0 -1  1  1 -4  0  4  0 -2 -3 -3  0 -1 -4 -2  2  0 -4 -3 -2    6   2   6   8   0   3  34   5   0   2   1   4   1   0   1  21   3   0   0   2  0.45 0.22
  267 E   -2 -3  0  6 -5  2  3 -3  0 -4 -4 -1 -4 -5 -3 -2 -3 -5 -4  0    3   0   3  53   0   8  16   1   2   0   0   2   0   0   0   2   0   0   0   9  1.00 0.35
  268 V   -3 -4 -4 -4 -3 -4 -4 -5 -4  5  2 -4 -1 -1  1  0 -2 -4 -3  3    0   0   0   0   0   0   0   0   0  39  23   0   0   1   8   8   0   0   0  17  0.68 0.27
  269 E   -1 -1  0  2 -4  0  5 -2 -2 -4 -4 -1 -4 -1 -3  3 -1 -4 -2 -4    4   2   4   9   0   1  42   1   1   0   0   3   0   3   0  26   1   0   1   0  0.70 0.31
  270 G    1 -1  1 -1  0  0  1  3  0 -3 -2 -1 -2 -2 -3  0  0 -3  1 -2   14   2   9   2   2   4  13  23   2   1   3   1   0   0   0   7   7   0   7   3  0.22 0.14
  271 M    0 -4 -5 -5 -3 -4 -4 -5 -4 -1  5 -4  2 -2 -4 -4  0 -4 -2 -2    9   0   0   0   0   0   0   0   0   0  75   0   4   0   0   0   7   0   1   0  1.06 0.38
  272 S   -2 -3  1 -3 -4 -3 -3 -3 -3 -4 -5 -3 -4 -5  0  6  3 -5 -4 -4    0   0   6   0   0   0   0   0   0   0   0   0   0   0   4  71  16   0   0   0  1.27 0.48
  273 V   -1 -4 -4 -4 -3 -4 -4 -4 -4  3 -2 -4 -1 -3 -2  1 -1 -4 -3  6    3   0   0   0   0   0   0   1   0  12   1   0   1   0   1  11   3   0   0  64  0.96 0.36
  274 R   -3  6 -2 -3 -5 -1  1 -4  0 -3 -4  5  1 -4 -3 -3 -3 -4 -4 -4    1  42   0   0   0   0   9   1   2   2   1  36   4   0   0   1   0   0   0   0  1.09 0.37
  275 Q   -2 -2 -3 -3 -5  7  1 -5  0 -2 -5  2 -3 -6 -4 -3  0 -5 -4 -1    3   0   0   0   0  63   6   0   2   2   0  14   0   0   0   0   7   0   0   4  1.30 0.43
  276 L   -3 -3 -5 -5  0 -3 -4 -5 -5  3  4  2  1 -2 -5 -4 -3 -4 -3  1    0   0   0   0   2   0   0   0   0  16  55  14   3   0   0   0   0   0   0  10  0.79 0.28
  277 K   -3  3 -3 -3 -5 -2 -2 -1 -3 -5 -5  6 -4 -6 -4  2 -3 -6 -5 -5    0  14   0   0   0   0   0   4   0   0   0  67   0   0   0  14   0   0   0   0  1.34 0.42
  278 E    0 -1  1  3 -4  0  3 -1 -1 -1 -2 -1 -2 -3 -3  0 -1 -4 -2  1    6   2   5  20   0   3  26   3   1   3   3   1   0   0   0   6   3   0   2  15  0.32 0.16
  279 I   -3 -5 -5 -6 -3 -4 -5 -6 -5  5  3 -5  5 -2 -5 -4 -3 -4 -3  3    0   0   0   0   0   0   0   0   0  35  33   0  14   0   0   0   0   0   0  18  1.00 0.30
  280 L    0 -5 -6 -6 -4 -4 -5 -5 -5 -1  5 -5 -1 -2 -5 -4 -3 -4 -4  2   10   0   0   0   0   0   0   0   0   0  76   0   0   0   0   0   0   0   0  14  1.18 0.37
  281 A    2  0 -1  0 -3  0 -2 -3 -1 -2 -2  0  1 -2  0  1  3 -3  2  0   19   3   1   7   0   5   0   0   1   1   1   5   5   1   4   9  22   0  10   6  0.21 0.15
  282 R    1  4  0 -1 -1  0  2 -3 -1 -2 -1  0 -1 -2  2 -1  1 -4 -1 -2   11  28   3   1   2   1  16   0   1   2   5   2   1   1  10   3  10   0   2   1  0.32 0.17
  283 N   -2 -2  6  0 -4  1 -1 -2  2 -4 -3 -1  2 -4  2  0 -1 -4 -3 -3    0   0  68   0   0   7   0   0   4   0   0   0   8   0  10   4   0   0   0   0  0.90 0.24
  284 F   -1  1 -3 -1  3 -2 -2 -3  0 -2 -1 -1 -1  5  2 -2 -2 -1  2 -2    6  12   0   4  10   0   0   0   3   0   4   4   0  46  10   0   0   0   3   0  0.46 0.16
  285 V   -1 -4 -4 -4 -2 -3 -4 -4 -4  3  1 -3  0 -2 -4 -3  0 -4 -2  5    0   0   0   0   0   0   0   0   0  13  10   0   0   0   0   0   3   0   0  74  0.73 0.21
  286 N   -1 -2  3  4  5 -1  2  0 -2 -3 -3 -1 -3 -4 -2  1  0 -4 -3 -3    0   0  20  26  18   0  13   4   0   0   0   0   0   0   0  12   6   0   0   0  0.51 0.14
  287 Y   -3 -2  1 -3  2  1 -2 -4  3 -3 -2 -2 -2  4 -4 -2 -2  0  7 -3    0   0  10   0   6   8   0   0   8   0   0   0   0  16   0   0   0   0  52   0  0.88 0.22
  288 S    0  1  0  0 -2  0  0  0  1 -2 -2  3  0 -3 -2  3  0 -3 -2 -1    8   7   0   6   0   1   1   4   5   2   1  25   3   0   0  32   2   0   0   3  0.23 0.10
  289 G   -1 -2  1  0 -3 -2 -2  5  3 -4 -4  0 -3 -3 -3 -1 -2 -3 -2 -3    1   0   9   3   0   0   1  65  10   0   1   6   0   0   0   1   0   0   0   1  0.82 0.17
  290 C    0 -4 -4 -4  8 -3 -4 -4 -4  1 -1 -4  2 -2 -4 -2 -1 -4 -3  4    4   0   0   0  41   0   0   0   0   7   0   0   6   0   0   0   0   0   0  42  0.92 0.22
  291 C   -1 -3 -3 -3  8 -3 -3 -3 -3  2  1 -3 -1 -2 -3 -2 -1 -3  0  2    1   1   1   1  42   1   1   1   0  14  12   1   0   0   1   1   2   0   3  18  0.74 0.17
  292 E   -2 -1 -1  0 -4  0  6 -3 -1 -4 -3 -1 -3 -4 -2  1 -2 -3 -3 -3    1   1   1   1   0   1  78   1   0   1   1   1   0   0   1  11   1   0   0   1  1.00 0.24
  293 K   -1  3 -1 -2 -3  0  0 -2 -2 -3 -3  5 -2 -3 -2  1 -1 -3 -2 -3    1  17   1   1   0   1   1   1   0   1   1  62   0   0   1  11   1   0   0   1  0.71 0.19
  294 W    2  0 -1 -2  0  0 -1 -1 -2 -2 -2  0 -2 -1 -1  1  0  7  1 -2   20   7   1   1   3   5   2   4   0   1   1   5   0   0   2  13   3  23   6   1  0.46 0.12
  295 E   -2 -1 -1  3  4  0  5 -3 -1 -3 -3 -1 -3 -4 -2 -1 -2 -3 -3 -3    1   1   1  14  11   1  64   1   0   1   1   1   0   0   1   1   1   0   0   1  0.84 0.21
  296 L   -2 -3 -3 -3 -2 -2 -3  1 -3  0  5 -3  1 -1 -3 -2 -2 -2 -2  0    1   1   1   1   0   1   1  11   0   1  77   1   0   1   1   1   1   0   0   1  0.59 0.18
  297 V   -1 -1 -2 -3 -2  0 -2 -3  0  2  2 -2  3 -1 -2 -2 -1 -2 -1  3    1   2   1   1   0   5   2   1   4   8  23   2  11   1   1   2   1   0   0  35  0.24 0.10
  298 E    0 -1  1  3 -3  3  4 -2 -1 -3 -2  1 -2 -3 -2  0 -1 -3 -2 -2    6   1   7  15   0  14  35   1   0   1   2   7   0   1   1   5   3   0   0   1  0.42 0.11
  299 K   -2  5 -1 -2 -3  0 -1 -3 -1 -3 -1  4  0 -3 -2 -1 -2 -3 -2 -3    1  49   1   1   0   1   1   1   0   1   5  32   4   0   1   1   1   0   0   1  0.72 0.18
  300 V    1 -2 -2 -2 -1 -2 -2 -2 -2  1  0 -2  1 -1 -2 -1 -1 -2 -2  4   15   1   1   1   0   1   1   2   1   1   6   1   4   1   1   2   1   0   1  58  0.35 0.13
  301 N    0  1  1 -1  0  1  0 -1  1 -1 -1  1  0 -1 -1  1  1 -2 -1 -1    3   6   8   1   2  10   6   2   5   4   4   9   3   2   1  12  16   0   1   3  0.10 0.04
  302 R   -1  6 -1 -3 -4  0 -2 -3 -1 -1 -2  0 -1 -3 -3 -1 -1  4 -3 -3    4  63   2   1   0   2   1   2   1   4   2   3   2   0   1   2   3   7   0   1  0.99 0.31
  303 L   -3 -4 -4 -4 -3 -4 -4 -4 -4 -1  6 -4  0 -2 -4 -4 -3 -3 -3 -1    1   1   0   1   0   0   1   1   0   1  90   1   0   0   1   1   1   0   0   1  1.28 0.37
  304 Y   -2 -3 -4 -4 -3 -3 -4 -4 -2  1  1 -4  0  1 -4 -3 -3  9  6 -1    3   1   0   1   0   0   1   1   0  11  11   1   2   3   1   1   1  30  29   5  1.20 0.31
  305 K   -1  3  0  2 -3  2  2 -2  1 -3 -2  3 -2 -3 -2 -1 -1 -3 -2 -2    3  19   3  11   0   8  15   1   4   1   3  25   0   1   1   2   1   0   1   2  0.41 0.16
  306 E   -1 -1 -1  3 -3  1  4 -2  0 -3 -3 -1 -3 -3  2  0 -1  2 -3 -3    4   1   1  19   0   6  36   1   2   1   2   1   0   1  10   6   2   4   0   1  0.55 0.20
  307 N   -1  2  1 -1 -3  3  0 -2  4 -2 -2  2 -1 -1 -2  0 -1 -2  3 -2    5  13   9   2   0  14   2   1  13   2   2  12   1   1   1   4   2   0  13   3  0.30 0.14
  308 E   -1  2  0  1 -2  2  2 -2 -1 -3 -2  3 -2 -3 -2 -1 -2  4 -1 -1    4  13   4   9   1   8  15   1   0   1   2  24   0   1   1   2   1   8   1   4  0.37 0.15
  309 E    0  0  0  0 -1  2  1  0  1 -2 -1  2 -1 -2 -1  0  1 -2 -2 -1    5   5   4   5   1  13  10   6   4   1   5  14   1   1   1   5  13   0   1   5  0.13 0.07
  310 N   -1 -1  2  0 -2  1  1  1  0 -1  0  0 -1 -2 -2  2 -1 -2 -1 -1    3   2  16   3   0   7  13   9   1   2  13   2   0   1   1  18   2   0   1   4  0.14 0.09
  311 Q    0  2 -1  0 -2  2  0 -2  3 -2 -1  1  1 -2 -1 -1 -1 -2 -1  0    6  16   1   4   0  15   3   3  12   1   4  10   6   1   3   3   2   0   1   9  0.19 0.10
  312 K    0  1  1 -1 -2  1  0 -1  1 -2 -1  3  0 -2  0  1  0 -2 -2 -2    7   6   5   2   0   4   5   3   5   2   6  27   2   1   3  11   6   0   1   2  0.17 0.09
  313 S    0 -1  1  1 -2  1  0 -1 -1 -1  0  1 -1 -2 -1  2  1 -2 -2 -1    6   2   5  11   0   5   3   4   1   2  12  11   1   1   2  19   8   0   1   5  0.10 0.06
  314 Y    0 -1  1  2 -1  0  0  0 -1  0  0  0  0 -1 -1  0  0 -2  1  0    5   2   8  13   2   4   5   8   1   4   9   6   4   2   3   8   3   0   6   7  0.04 0.03
  315 G    1 -1  0  1 -2  0  0  4 -2 -2 -3  0 -1 -2  0  1 -1 -3 -3 -2   14   3   3   9   0   5   6  31   0   3   2   4   1   2   3  10   2   0   1   1  0.30 0.13
  316 E    0 -1  1  2 -2  0  3  1 -1 -3 -3  0 -1 -2  0  0  0 -3 -2 -1    9   1   6  14   1   3  24  11   1   1   2   4   2   2   3   6   6   0   1   4  0.24 0.12
  317 R    0  2  0  1 -1 -1  0  2 -1 -1 -1  1 -1 -2  1  0  0 -3 -2 -1   10  14   4   8   1   1   5  18   1   4   4   8   1   1   6   4   5   0   1   3  0.14 0.07
  318 M    0 -1 -1  0 -1 -1  0  0 -1  0  0 -1  2 -2  2  0  0 -2 -2  1    9   2   2   8   1   2   5   6   1   6   7   3  10   1  12   6   4   0   1  14  0.10 0.07
  319 Q    1 -1  0  2 -3  3  0  0 -2 -2 -3  2 -2 -3  2  0 -1 -3 -3 -2   13   2   3  14   0  18   3   5   1   2   1  14   1   1  10   8   3   0   0   1  0.31 0.16
  320 L    1 -2 -2 -1 -2 -1 -1  1 -2  0  2 -2  0 -2  0 -1  0 -3 -1  1   18   1   1   3   0   1   5  11   0   4  22   2   2   1   5   3   4   0   1  15  0.12 0.11
  321 Q   -1 -1  0  1 -2  4  2  0 -2 -2 -2 -1 -2 -3  2  0  1 -3 -3 -2    5   1   5   9   1  22  16   6   0   1   4   1   1   1  12   5   8   0   0   3  0.34 0.19
  322 D   -1 -1  1  3 -3 -1  1  1 -2 -2  0  1 -2 -3  2  1  0 -4 -3 -2    4   1   8  18   0   2   9   9   0   2  11  10   1   0   9   9   5   0   0   1  0.21 0.13
  323 E    1 -2 -1  0 -2 -1  1  1 -1  0  1 -1 -1 -2 -1  0  0 -3 -2  1   14   0   3   4   0   0  12  14   1   7  17   2   1   1   1   9   4   0   0   9  0.10 0.10
  324 E    1 -2  1  1 -3  0  2 -1 -1 -2 -1 -1 -2 -3  2  1  0 -4 -1 -1   14   1   8   7   0   4  18   3   1   0   8   1   0   0   9  13   6   0   2   3  0.21 0.16
  325 D   -4 -4 -2  6 -6 -1  5 -4 -4 -4 -3 -3 -5 -4 -4 -1  0 -1 -5 -4    0   0   1  48   0   2  34   0   0   1   3   0   0   1   0   4   5   1   0   1  1.26 0.49
  326 D   -3 -3 -1  6 -6 -1  5 -5 -4 -6 -6 -1 -5 -6 -4 -2 -4 -7 -6 -5    1   1   1  53   0   1  37   0   0   0   0   3   0   0   0   2   0   0   0   0  1.56 0.55
  327 S   -3 -3  6  3 -5 -1  2 -1  1 -5 -4 -3 -4 -3 -4  1 -1 -6 -4 -5    1   0  45  15   0   1  15   4   2   0   1   0   0   1   0  11   3   0   0   0  0.96 0.41
  328 L   -3 -4 -6 -6 -1 -5 -4 -6 -6  0  6 -5  1 -2 -6 -3 -2 -5 -4 -1    1   1   0   0   2   0   1   0   0   3  83   0   2   1   0   2   2   0   0   1  1.38 0.51
  329 C   -5 -8 -5 -8 12 -7 -8 -5 -7 -6 -6 -7 -6 -7 -7 -4 -4 -7 -7 -5    0   0   1   0  98   0   0   1   0   0   0   0   0   0   0   1   1   0   0   0  4.06 1.00
  330 R   -4  5 -3 -4 -6 -2 -2 -3  2 -6 -5  6 -4 -6 -4 -3 -4 -6 -4 -5    0  35   0   0   0   0   0   2   6   0   0  57   0   0   0   0   0   0   0   0  1.56 0.52
  331 I   -4 -6 -6 -6 -4 -6 -6 -7 -6  8  1 -6 -2 -3 -6 -5 -4 -6 -4  1    0   0   0   0   0   0   0   0   0  86   8   0   0   0   0   0   0   0   0   6  1.91 0.56
  332 C   -4 -7 -7 -7 11 -3 -7 -7 -7 -5 -2 -7 -5 -6 -7 -5 -5 -6 -6 -5    0   0   0   0  95   2   0   0   0   0   4   0   0   0   0   0   0   0   0   0  3.75 0.86
  333 M   -5 -1 -6 -7  4 -4 -6 -6 -5 -3  0 -5 10 -3 -6 -5 -4  6 -1 -3    0   4   0   0   9   0   0   0   0   0   5   0  71   0   0   0   0  10   2   0  2.28 0.69
  334 D   -2 -4 -1  8 -7 -3  3 -5 -4 -6 -4 -4 -6 -7 -5 -3 -4 -7 -6 -6    3   0   1  79   0   0  15   0   0   0   2   0   0   0   0   0   0   0   0   0  1.96 0.58
  335 A    5 -1  0 -3 -1 -1 -1 -1 -1 -4 -3 -2 -3 -5 -3  2 -2 -5 -4  0   60   3   4   0   1   2   3   3   1   0   1   0   0   0   0  16   0   0   0   5  0.80 0.37
  336 V   -1 -3 -3 -4 -2  0 -2 -5 -1  1 -2 -3 -2  0  6 -3 -1 -5 -4  2    6   1   1   0   1   5   2   0   2  10   2   0   0   5  46   0   3   0   0  17  0.97 0.35
  337 I   -3 -3 -5 -6 -4 -1 -5 -6 -5  7  1 -5 -1  0 -5 -3 -3 -5 -4  2    0   1   0   0   0   4   0   0   0  69   8   0   1   3   0   2   0   0   0  10  1.25 0.43
  338 D   -4 -4  4  7 -6 -2  3 -4 -3 -6 -6 -3 -6 -6 -4 -2 -3 -7 -6 -6    0   0  18  61   0   0  19   0   0   0   0   0   0   0   0   2   1   0   0   0  1.60 0.51
  339 C   -4 -7 -6 -7 11 -6 -7 -6 -6 -5 -3 -6 -5 -6 -6 -2 -2 -6 -6 -4    0   0   0   0  92   0   0   0   0   0   2   0   0   0   0   3   2   0   0   0  3.52 0.81
  340 V   -3 -5 -3 -6 -4 -5 -5 -6 -6  0 -1 -5  0 -4 -5 -5 -3 -6 -4  7    0   0   2   0   0   0   0   0   0   2   4   0   2   0   0   0   0   0   0  89  1.73 0.55
  341 L   -4 -5 -6 -6 -4 -5 -5 -6 -5  2  5 -5  2  4 -5 -5 -4 -3  0 -2    0   0   0   0   0   0   0   0   0  11  61   0   5  21   0   0   0   0   3   0  1.13 0.39
  342 L   -4 -5 -6 -6 -4 -5 -6 -6 -5 -1  6 -5  4 -2 -6 -5 -4 -4 -4 -2    0   0   0   0   0   0   0   0   0   0  91   0   9   0   0   0   0   0   0   0  1.62 0.47
  343 E   -4 -3  1  2 -6 -1  7 -5 -3 -6 -6 -2 -5 -6 -4 -3  0 -6 -5 -5    0   0   5  10   0   0  79   0   0   0   0   0   0   0   0   0   6   0   0   0  1.60 0.49
  344 C   -4 -7 -6 -7 11 -7 -7 -6 -7 -5 -5 -7 -5 -6 -7 -5 -5 -6 -6 -4    0   0   0   0 100   0   0   0   0   0   0   0   0   0   0   0   0   0   0   0  3.94 0.79
  345 G   -2 -5 -1 -4 -5 -4 -5  7 -5 -6 -6 -4 -5 -6 -5  0 -4 -5 -6 -6    1   0   2   0   0   0   0  90   0   0   0   0   0   0   0   6   0   0   0   0  1.98 0.49
  346 H   -5 -3 -3 -4 -7 -3  0 -5 11 -7 -6 -1 -5 -5 -6 -4 -5 -6 -2 -7    0   0   0   0   0   0   6   0  91   0   0   3   0   0   0   0   0   0   0   0  3.06 0.70
  347 M   -4 -4 -5 -6 -5 -4 -5 -6 -5  0  1  0 10 -3 -6 -4 -4 -5 -4 -1    0   0   0   0   0   0   0   0   0   3   9   6  78   0   0   1   0   0   0   3  2.12 0.59
  348 V    2 -4 -4 -5  1 -4 -4 -2 -5  0 -1 -4 -2 -1 -4 -1  1 -5 -3  5   23   0   0   0   3   0   0   2   0   1   1   0   0   2   0   3   8   0   0  57  0.79 0.32
  349 T   -1 -3 -3 -4  4 -3 -3 -4 -4 -3 -4  0 -3 -5 -4  0  7 -5 -4  0    3   0   0   0   9   0   0   0   0   0   0   6   0   0   0   6  70   0   0   6  1.27 0.44
  350 C   -4  0 -6 -7 11 -6 -7 -6 -6 -5 -2 -6 -5 -6 -6 -4 -4 -6 -6 -4    0   6   0   0  91   0   0   0   0   0   3   0   0   0   0   0   0   0   0   0  3.36 0.71
  351 T   -2 -3  2 -3 -3 -3 -3 -4 -4  2  0 -2  3 -4 -4 -1  6 -5 -4  1    0   0   9   0   0   0   0   0   0  12   6   1   8   0   0   2  54   0   0   7  0.81 0.34
  352 K   -2  0  3  3 -5  1 -1 -3 -2 -4 -4  5 -3  0 -3  0 -1 -4 -2 -3    2   1  13  15   0   6   1   1   0   0   0  44   0   6   0   5   3   0   1   1  0.64 0.27
  353 C   -4  0 -6 -7 11 -6 -7 -6 -6 -5 -5 -6 -5 -6 -6 -4 -4 -6 -6 -4    0   6   0   0  94   0   0   0   0   0   0   0   0   0   0   0   0   0   0   0  3.56 0.74
  354 G    1 -5 -3 -4 -5 -4 -4  7 -5 -6 -6 -4 -5 -6 -4  1 -4 -5 -5 -5    8   0   0   0   0   0   0  82   0   0   0   0   0   0   0  10   0   0   0   0  1.72 0.44
  355 K   -3  1  2 -3 -6 -1 -2 -4  0 -5 -5  7 -2 -2 -4 -2 -3 -6 -4 -5    0   6   8   0   0   0   0   0   2   0   0  81   1   2   0   1   0   0   0   0  1.52 0.46
  356 R   -3  6 -3 -4 -5  4 -2 -4 -3 -4 -2  3 -3 -5 -4 -3 -3 -5 -4 -1    1  53   0   0   0  22   0   0   0   0   3  16   0   0   0   0   0   0   0   5  1.17 0.37
  357 M   -4 -4 -5 -6 -4 -4 -5 -6 -5  0  4 -4  8 -2 -5 -5 -3 -4 -4 -1    0   0   0   0   0   0   0   0   0   3  44   0  52   0   0   0   0   0   0   2  1.61 0.46
  358 S    1  2  4 -2 -2 -2 -2 -3  0 -4 -4 -2  0 -4 -3  4  1 -5 -4 -4   10  11  24   0   1   0   0   0   2   0   0   0   3   0   0  43   6   0   0   0  0.73 0.31
  359 E   -4 -3 -3  2 -7  0  7 -5 -2 -6 -6 -2 -5 -6 -4 -3 -4 -6 -5 -5    0   0   0  10   0   1  89   0   0   0   0   0   0   0   0   0   0   0   0   0  1.92 0.52
  360 C   -4 -7 -6 -7 11 -7 -7 -6 -7 -5 -5 -7 -5 -6 -6 -4 -4 -6 -6 -4    0   0   0   0 100   0   0   0   0   0   0   0   0   0   0   0   0   0   0   0  3.85 0.73
  361 P   -4 -5 -5 -5 -6 -4 -4 -5 -5 -6 -6 -4 -6 -7  9 -4 -4 -7 -6 -6    0   0   0   0   0   0   0   0   0   0   0   0   0   0 100   0   0   0   0   0  3.16 0.63
  362 I   -4 -5 -6 -6 -4 -5 -6 -6 -6  7  0 -5  1 -1 -5 -5 -3 -5 -4  1    0   0   0   0   0   0   0   0   0  89   4   0   2   2   0   0   0   0   0   2  1.69 0.42
  363 C   -4 -7 -6 -7 11 -6 -7 -6 -6 -5 -5 -6 -5 -6 -6 -4 -4 -6 -6 -4    0   0   0   0 100   0   0   0   0   0   0   0   0   0   0   0   0   0   0   0  3.76 0.67
  364 R   -4  8 -3 -4 -6 -2 -3 -5 -3 -6 -5  2 -4 -6 -5 -3 -4 -6 -4 -5    0  93   0   0   0   0   0   0   0   0   0   7   0   0   0   0   0   0   0   0  2.15 0.49
  365 Q   -3 -1 -3 -3 -6  8  2 -4 -2 -5 -5 -1 -3 -6 -4 -3 -3 -5 -4 -5    1   2   0   0   0  83  13   0   0   0   0   1   0   0   0   0   0   0   0   0  1.84 0.47
  366 Y   -3 -3 -2 -5 -5 -4 -4 -5  0 -2 -3 -2 -3  3 -1 -2 -1 -1  8 -3    1   1   2   0   0   0   0   0   1   2   1   2   0   7   3   2   3   0  72   0  1.58 0.40
  367 V   -3 -5 -5 -5 -3 -5 -5 -6 -5  4 -1 -5 -1 -3 -5 -4 -2 -5 -3  6    0   0   0   0   0   0   0   0   0  28   0   0   0   0   0   0   0   0   0  72  1.32 0.35
  368 V   -2 -4 -4 -5 -3 -4 -4 -5 -5  4  0 -4 -1 -2 -4 -1  0 -5 -3  6    1   0   0   0   0   0   0   0   0  21   6   0   0   0   0   4   4   0   0  64  0.94 0.28
  369 R   -4  8 -3 -4 -6 -1 -2 -5 -3 -6 -5  2 -4 -5 -5 -3 -4 -5 -4 -5    0  92   0   0   0   0   0   0   0   0   0   8   0   0   0   0   0   0   0   0  2.03 0.46
  370 A    4 -2 -4 -4 -1 -3 -3 -3 -4  2  0 -3 -1 -3 -3 -2 -2 -4 -3  3   50   2   0   0   1   0   0   0   0   9   7   0   0   0   0   0   0   0   0  31  0.65 0.25
  371 V   -2 -5 -5 -6 -3 -5 -5 -6 -6  1  0 -5 -1 -3 -5 -3 -2 -5 -4  7    0   0   0   0   0   0   0   0   0   4   3   0   0   0   0   1   0   0   0  92  1.52 0.40
  372 H   -4  5 -2 -4 -6 -2 -3 -5  9 -6 -5 -1 -4 -4 -5 -3 -4 -5 -2 -6    0  34   0   0   0   0   0   0  64   0   0   1   0   0   0   1   0   0   0   0  2.05 0.46
  373 V   -1 -4 -4 -5 -3 -4 -4 -5 -4  1 -1 -4 -1  3 -4 -2  2 -4 -2  5    3   0   0   0   0   0   0   0   0   5   1   0   0  16   0   1  13   0   0  61  0.83 0.28
  374 F   -5 -6 -6 -6 -5 -6 -6 -6 -4 -3 -2 -6 -3  9 -6 -5 -5 -2  0 -4    0   0   0   0   0   0   0   0   0   0   0   0   0 100   0   0   0   0   0   0  2.58 0.51
  375 K   -3  6 -1 -3 -5 -1 -2 -4 -3 -4 -4  5 -3 -5 -4 -3 -3 -5 -4 -5    0  49   1   0   0   0   0   0   0   0   0  49   0   0   0   0   0   0   0   0  1.41 0.36
  376 S    4 -3 -2 -3 -3 -2 -2 -2 -3 -4 -4 -2 -3 -4 -3  5  0 -5 -4 -3   38   0   0   0   0   0   0   0   0   0   0   0   0   0   0  59   3   0   0   0  1.00 0.31

                      K         Lambda
Standard Ungapped    0.1322     0.3174
Standard Gapped      0.0376     0.2670
PSI Ungapped         0.1241     0.3108
PSI Gapped           0.0376     0.2670
