
Last position-specific scoring matrix computed, weighted observed percentages rounded down, information per position, and relative weight of gapless real matches to pseudocounts
           A  R  N  D  C  Q  E  G  H  I  L  K  M  F  P  S  T  W  Y  V   A   R   N   D   C   Q   E   G   H   I   L   K   M   F   P   S   T   W   Y   V
    1 M   -2 -3 -4 -5 -3 -2 -4 -5 -3  1  2 -3  8 -1 -4 -3 -2 -3 -3  1    0   0   0   0   0   0   0   0   0   2  15   0  73   0   0   0   0   0   0  10  1.20 0.26
    2 E   -3 -2 -2  2 -5  3  6 -4  0 -5 -5  0 -4 -5 -3 -1 -3 -5 -4 -4    0   0   0   8   0  13  72   0   2   0   0   4   0   0   0   2   0   0   0   0  1.19 0.29
    3 N   -1 -1  5  3 -4  0 -1 -2 -2 -4 -3  0 -3 -4 -2  4  0 -5 -3 -4    1   1  33  14   0   4   2   1   0   0   3   3   0   0   1  34   3   0   0   0  0.67 0.24
    4 N   -1 -3  4  1 -1  0 -1  4 -2 -4 -4 -1 -3 -4 -2  1  2 -4 -3 -4    4   0  21   6   1   3   3  37   0   0   0   2   0   0   1   8  14   0   0   0  0.59 0.22
    5 E   -2 -1  0  1 -4  3  5  1 -1 -4 -4  0 -3 -5 -3  1 -1 -5 -4 -3    1   1   3   6   0  13  46  11   1   0   1   5   0   0   0   9   2   0   0   1  0.67 0.26
    6 T   -3 -4  3  6 -4 -3 -1 -3 -3  0 -5 -3 -4 -5 -3 -1  1 -6 -5 -1    0   0  14  59   0   0   1   0   0   7   0   0   0   0   0   2  10   0   0   4  1.14 0.37
    7 S    1 -2 -1 -1  1  2  1 -2  0 -1 -1 -2 -1 -2 -2  3  2 -4 -3  1   10   0   1   2   3  10   7   1   2   3   4   0   1   1   1  28  13   0   0  12  0.24 0.17
    8 V   -1 -3 -3 -4 -3 -3 -3 -2 -3  1  0 -1  1 -2  0 -2  2 -1 -3  5    5   1   0   0   0   0   1   4   1   3   9   3   3   1   4   1  17   1   0  47  0.48 0.24
    9 D   -3 -5 -2  8 -7 -3 -2 -5 -3 -7 -7 -4 -6 -6 -3 -2 -4 -8 -6 -6    1   0   0  94   0   0   0   0   0   0   0   0   0   0   1   2   0   0   0   0  2.37 0.60
   10 A    5 -4 -2 -3 -2 -3 -2 -2 -4 -4 -4 -3 -4 -5 -3  4  0 -5 -4 -2   61   0   1   0   0   0   1   1   0   0   0   0   0   0   1  30   3   0   0   1  1.08 0.41
   11 K   -1  4 -1 -2 -2 -1 -1 -2 -2 -4 -3  5 -3  0 -2 -1 -2 -5 -3 -2    3  22   2   1   1   0   1   2   0   0   3  50   0   5   2   3   1   0   0   2  0.78 0.31
   12 S    0 -1 -1 -1 -3  0 -1  1 -3 -4 -3  0 -4 -5  5  3 -1 -5 -4 -3    4   2   2   3   0   3   2  11   0   0   3   4   0   0  33  29   2   0   0   2  0.71 0.27
   13 I    0 -2 -1  2  3 -2 -1 -1 -2  3 -1  0 -1  0 -3  0  1 -4 -1  1    7   1   1  18   6   1   3   3   0  23   4   5   0   4   0   7   8   0   1   8  0.16 0.13
   14 K   -1  3  0 -1 -2  0  0 -2 -1 -2 -1  3 -2  0  0  0  1 -4 -3 -3    4  22   4   3   1   3   3   3   1   2   8  23   0   5   5   6   8   0   0   0  0.26 0.15
   15 N    1  0  3  0 -3  0  0  2 -2 -2 -3  0 -2 -4 -1  2  2 -4 -3 -3   10   5  18   3   0   4   5  14   0   2   1   3   0   0   3  18  12   0   0   0  0.29 0.15
   16 L    0 -1  1 -1 -2  0 -1  0 -2 -2 -1  0 -1  0 -2  3  2 -1 -2 -1    5   2   7   2   0   4   1   7   0   1   8   7   1   6   1  25  18   1   0   3  0.19 0.14
   17 E   -2  1 -1  1  0  1  4  0 -2 -3 -2  1 -3  1 -3  0  0 -4 -3 -2    2   7   2   5   2   4  38   6   0   1   3   8   0   9   0   4   6   0   0   2  0.37 0.20
   18 T    0 -1  1 -2 -3 -1 -1  1 -3 -1 -1  0 -1 -2  1  1  3 -4 -3  1    6   2   6   0   0   2   3  14   0   3   6   4   1   2   8   9  22   0   0  12  0.16 0.12
   19 Q    0  0 -1  2 -4  3  2 -2 -1 -3 -4  3 -2 -2  2  1 -1 -4 -3 -3    9   3   0  11   0  14  10   1   1   1   1  25   1   2   9  11   1   0   0   0  0.40 0.19
   20 T    1 -2  3 -1 -1  0 -1 -1 -1  1 -1 -2 -1 -2  1  1  1 -4 -2  0   11   1  17   3   1   4   1   4   1  14   5   1   0   1   6  15  10   0   1   5  0.16 0.12
   21 I   -1 -2 -2 -1 -2 -2 -2 -2 -3  3  2 -2  1  3 -1  0 -1 -1  0  1    3   1   1   5   0   1   2   3   0  21  23   2   2  16   2   7   2   1   2   8  0.20 0.12
   22 H    0  0  0 -2 -3  1  0  0  4 -2 -2 -1 -2  0  2  1  1 -3  2 -2    7   5   3   1   0   5   4   7  16   3   2   1   1   5  11   9  13   0   7   1  0.24 0.14
   23 G    0  0  0 -1 -3  0  2  3 -2 -3 -3  1 -2 -2  0  2  0 -3 -3 -2    7   6   3   2   0   3  14  25   0   1   0   9   0   2   4  15   4   0   0   3  0.29 0.14
   24 S    0  0 -1 -2 -2 -1 -2 -1 -2 -1 -2  2 -2 -3  0  4  1 -2 -3  1    3   5   1   1   1   1   0   4   1   3   3  15   0   0   3  41   6   0   0  11  0.34 0.21
   25 K   -1  0 -1  3 -3  2  1 -2 -2 -3 -2  4 -2 -3 -1  0 -1 -4 -3 -2    5   3   1  15   0   8   9   1   0   1   4  39   0   1   2   5   2   0   1   3  0.44 0.21
   26 S    1 -1  1 -2 -3  0 -1 -1 -2 -3 -3  1  0 -3  0  4  1 -4 -1 -1   12   1   5   0   0   4   3   4   0   1   2  11   2   1   4  40   6   0   2   3  0.35 0.20
   27 M    0 -1 -1 -3 -2  0 -2 -2 -1  0  1  0  4  2 -2 -1  0 -2 -2  2    6   1   3   0   0   4   1   2   1   3  10   8  19   9   1   4   7   0   0  19  0.18 0.14
   28 D   -2  0  1  6 -4 -1  0 -2 -3 -2 -4 -1 -4 -4  3 -1 -1 -5 -2 -3    3   6   7  47   0   2   5   3   0   3   1   2   0   0  13   3   2   0   2   2  0.70 0.24
   29 S    0  1 -2 -1 -3  0  0 -1 -2 -1 -3 -1 -2 -3  3  3  1 -4 -3  0    8   8   0   1   0   4   7   4   0   5   1   1   0   0  13  35   6   0   0   6  0.33 0.18
   30 G    0  1 -1  2 -3  0  1  3  1 -2 -3  1 -3 -4 -2  1 -1 -2 -3 -2    9  10   1  12   0   3   8  25   3   3   1   9   0   0   1  10   2   0   0   2  0.27 0.12
   31 K    0  1 -1 -1 -2  2  0 -2 -1  2  0  0  0 -2  1  0 -1 -3 -2  0    7   8   1   3   0  11   6   2   2  21   8   5   2   1   8   7   1   0   0   5  0.10 0.08
   32 Y    0 -1  0  0 -2  0 -1 -2  1 -1 -1 -1 -1  0  2  2  1 -2  2  0    5   3   5   6   1   4   3   1   3   2   4   3   0   5   9  22   7   0  10   6  0.14 0.09
   33 L    0 -2 -2 -1 -3 -2 -2 -2  1 -2  2 -2 -1 -1  5  0 -1 -3 -1 -1    9   1   1   4   0   1   2   2   4   1  22   2   0   3  34   7   2   0   2   4  0.50 0.17
   34 D    1 -2  0  5 -3 -1  1 -2 -1 -3 -3 -1 -3 -3 -1  2  2 -4 -3 -3   10   1   3  38   0   1   6   2   1   1   2   2   0   1   2  16  14   0   0   1  0.52 0.19
   35 N   -2 -2  2  0 -3  0  3 -3  2 -3 -2 -1  0  3  1  0 -1 -2  3 -2    2   0  12   5   0   2  22   1   6   0   1   1   3  13   7   5   2   0  14   2  0.34 0.17
   36 S   -1  3 -1 -1 -1  4  3 -3 -1 -4 -3  1 -2 -2 -3  2 -1 -4 -1 -2    2  18   1   1   1  21  22   0   0   0   1   8   0   2   0  17   1   0   2   2  0.51 0.22
   37 Y   -5 -5 -6 -7 -6 -5 -6 -7 -2 -5 -5 -5 -5  0 -7 -5 -5 -1 10 -5    0   0   0   0   0   0   0   0   0   0   0   0   0   0   0   0   0   0 100   0  3.14 0.71
   38 K   -3  2  5 -1 -3 -1 -2 -3 -2 -5 -5  5 -4 -5 -2  0 -2 -5 -4 -5    1  11  33   3   1   1   0   0   0   0   0  41   0   0   1   7   1   0   0   0  0.94 0.34
   39 M   -4 -5 -6 -7 -5 -4 -6 -6 -5 -2  1 -5 10  0 -6 -5 -2 -5 -4 -2    0   0   0   0   0   0   0   0   0   1   6   0  86   4   0   0   2   0   0   0  2.54 0.65
   40 D   -3 -2  5  6 -2 -2 -1 -2 -2 -5 -6 -1 -5 -6 -4  0  0 -6 -5 -5    1   1  34  44   1   0   0   2   0   0   0   4   0   0   0   6   6   0   0   0  1.11 0.35
   41 Y   -5 -3  0 -5 -4 -3 -4 -5  8 -5 -4 -3 -4  3 -6 -4 -4 -2  7 -5    0   1   5   0   0   0   0   0  38   0   0   1   0  11   0   0   0   0  44   0  1.84 0.49
   42 P   -2  0 -3 -3 -2  2  1 -3 -1 -5 -5  4 -4 -6  6 -2 -2 -5 -4 -4    2   4   0   0   1   8   8   2   1   0   0  28   0   0  43   1   1   0   0   1  1.13 0.34
   43 E   -3  5  1 -2  2  0  3 -4 -2 -5 -4  4 -3 -5 -3  0 -2 -3 -4 -3    0  30   6   0   6   2  19   0   0   0   0  27   0   0   0   7   0   0   0   1  0.74 0.28
   44 M   -3  6 -4 -5 -4 -2 -3 -5 -3  2  0 -1  6 -3 -5 -4 -3 -5 -4  1    0  46   0   0   0   0   0   0   0  10   8   1  23   0   0   0   0   0   0  12  1.00 0.36
   45 G   -3 -5 -3 -4 -6 -5 -5  7 -5 -7 -7 -5 -6 -6 -5 -3 -5 -6 -6 -6    0   0   0   0   0   0   0  99   0   0   0   0   0   0   0   1   0   0   0   0  2.35 0.55
   46 L   -2  0 -3 -3 -3  1 -1 -4  0  2  3  3  1 -2 -3 -2  0 -4 -1  1    0   5   0   0   0   7   2   0   2  10  34  21   3   0   0   0   4   0   1  10  0.33 0.18
   47 C    4 -5 -5 -6 10 -5 -5 -4 -5 -4 -4 -5 -4 -1 -5 -3 -3 -5 -5 -2   38   0   0   0  57   0   0   0   0   0   0   0   0   3   0   0   0   0   0   2  2.06 0.52
   48 I   -3 -5 -5 -6 -3 -5 -5 -6 -5  6  4 -5  0 -2 -5 -4 -2 -4 -2  2    0   0   0   0   0   0   0   0   0  46  38   0   0   0   0   0   1   0   1  13  1.05 0.33
   49 I   -4 -6 -6 -6 -4 -6 -6 -7 -6  8 -1 -6 -2 -3 -6 -5 -4 -6 -4  1    0   0   0   0   0   0   0   0   0  93   2   0   0   0   0   0   0   0   0   5  2.04 0.53
   50 I   -4 -6 -6 -6 -4 -6 -6 -6 -5  6 -1 -6 -2  6 -6 -5 -4 -4 -2  0    0   0   0   0   0   0   0   0   0  61   0   0   0  36   0   0   0   0   0   3  1.61 0.46
   51 N   -5 -4  9 -2 -6 -2 -4 -4 -3 -7 -7 -4 -6 -7 -6 -3 -3 -7 -6 -6    0   0  99   0   0   1   0   0   0   0   0   0   0   0   0   0   0   0   0   0  2.67 0.67
   52 N   -4 -3  7 -2 -6  2 -3 -4  7 -6 -6 -2 -5 -5 -5 -2 -3 -6 -3 -6    0   0  65   0   0  10   0   0  24   0   0   1   0   0   0   0   0   0   0   0  1.82 0.51
   53 K   -3  0 -2 -2 -4 -1  4 -4 -3 -5 -5  6 -4 -6 -4 -2 -3 -6 -5 -3    0   2   0   1   0   1  30   0   0   0   0  64   0   0   0   1   0   0   0   1  1.37 0.44
   54 N   -4  2  7  0 -4  1 -1 -3  4 -5 -4 -1 -4 -5 -4 -1 -2 -4 -2 -4    0  12  55   3   0   5   3   0  11   0   1   3   0   0   0   2   0   0   1   1  1.10 0.36
   55 F   -6 -6 -7 -7 -6 -7 -7 -7 -5 -2 -3 -7 -3  9 -7 -6 -6 -2  0 -4    0   0   0   0   0   0   0   0   0   1   0   0   0  99   0   0   0   0   0   0  2.86 0.65
   56 H   -2 -3  0  4 -5 -1  1 -4  7 -4 -3 -2 -3  4 -4 -2 -3 -3  1 -4    2   0   3  25   0   2   7   0  30   0   1   1   0  22   0   1   0   0   3   0  0.96 0.33
   57 K   -2  2 -2 -1 -5 -1  1 -3 -1 -4 -4  3 -3 -3  2  0 -1  8 -2 -4    2   9   1   2   0   1  11   1   1   0   0  25   1   1  10   8   3  23   0   0  0.80 0.29
   58 N   -1  3  0 -1 -2  1 -1 -2  5 -1 -3  2 -2 -4 -3  2 -1 -4 -2 -1    2  15   3   3   1   5   2   1  17   4   2  13   0   0   0  24   1   0   1   6  0.37 0.20
   59 T   -3 -4 -3 -3 -4 -3 -4 -5 -5 -2  2 -4 -2 -4 -3  0  7 -5 -4 -2    0   0   0   1   0   0   0   0   0   0  25   0   0   0   1   4  68   0   0   0  1.25 0.45
   60 G   -2  0 -1 -2 -3  0 -2  6  1 -5 -5 -1  1 -5 -4 -2  0 -5 -4 -5    1   6   2   1   0   5   2  65   3   0   0   3   4   0   0   0   6   0   0   0  1.05 0.33
   61 M   -4 -4 -5 -6 -4 -1 -5 -6 -5 -2  4 -1  9 -3 -6 -5 -4 -5 -4 -2    0   0   0   0   0   3   0   0   0   0  34   3  60   0   0   0   0   0   0   0  1.75 0.52
   62 S    1 -1  3  0 -2 -1 -1  2 -1 -4 -3  1 -3 -4  3  1  0 -4 -3 -3   10   2  19   4   1   1   3  18   1   0   2   8   0   0  14  14   4   0   0   0  0.39 0.17
   63 S    0 -2 -1  2  1  1  2 -2 -2 -1 -2 -1 -1 -2  1  1  1 -4 -2  1    8   0   1  12   4   5  17   1   0   2   2   1   1   2   7  11  12   0   1  13  0.20 0.13
   64 R   -5  8 -4 -5 -7 -2 -3 -6 -4 -6 -4 -1 -5 -6 -6 -4 -4 -6 -5 -6    0  99   0   0   0   0   0   0   0   0   1   0   0   0   0   0   0   0   0   0  2.50 0.63
   65 S   -2  3  5 -1  1  0  0 -3  1 -3 -4  0 -3 -4 -3  3  0 -5 -3 -3    1  18  32   1   3   3   5   0   3   1   1   4   0   0   1  23   5   0   0   1  0.59 0.26
   66 G   -3 -3 -3 -4 -6 -5 -5  7 -5 -7 -7 -5 -6 -6 -5 -3 -5 -6 -6 -6    0   1   0   0   0   0   0  99   0   0   0   0   0   0   0   0   0   0   0   0  2.34 0.56
   67 T   -3 -4 -2 -4 -4 -4 -4 -5 -5 -4 -5 -4 -4 -5 -4  0  8 -6 -5 -3    0   0   1   0   0   0   0   0   0   0   0   0   0   0   0   3  96   0   0   0  2.13 0.62
   68 D   -4 -3  3  7 -1 -2  0 -4 -2 -4 -2 -2 -2 -3 -4 -1 -3 -4 -5 -4    0   1  15  66   2   0   3   0   1   1   4   1   1   1   0   4   0   0   0   0  1.32 0.40
   69 V    2  0 -3 -4 -3  0 -1 -3 -4  0 -1  2 -1 -3 -3 -2 -1 -5 -3  4   24   5   1   0   0   3   3   0   0   3   2  14   0   0   0   1   2   0   0  42  0.48 0.25
   70 N   -5 -5 -1  8 -7 -4 -2 -5 -4 -7 -7 -4 -7 -7 -5 -4 -4 -8 -7 -7    0   0   0 100   0   0   0   0   0   0   0   0   0   0   0   0   0   0   0   0  2.62 0.64
   71 A    6  3 -4 -4  2 -2 -3 -2 -3 -4 -3 -1 -3 -5 -4 -1 -3 -5 -4 -2   67  20   0   0   5   0   0   0   0   0   1   2   0   0   0   3   0   0   0   1  1.04 0.39
   72 A    3 -1  1  2 -2 -1  3  2  0 -4 -3  0 -2 -3 -3  0 -2 -4  0 -3   29   2   6  13   0   0  21  14   2   0   1   4   1   1   0   3   1   0   4   0  0.38 0.20
   73 N    1  0  7  0 -5  0  0  0  0 -5 -4  0 -4 -5 -4  0 -2 -5 -3 -5   11   5  56   3   0   3   4   6   1   0   1   4   0   0   0   5   0   0   1   0  0.93 0.33
   74 L   -1 -5 -6 -6 -2 -4 -5 -6 -5  1  5 -5  1 -2 -5 -4 -3 -4 -3  2    6   0   0   0   0   0   0   0   0   6  73   0   1   0   0   0   0   0   0  14  1.07 0.35
   75 G    0  2 -1 -2  0  0  1 -3 -1 -1  0  1  2  2 -3 -1  0  2  1  0    6  16   2   0   2   3   9   0   1   2   6  11   7  10   0   3   7   3   6   6  0.14 0.11
   76 E   -3  3  2  0  1  1  3 -3  0 -4 -4  4 -3 -5 -3 -1 -2 -5 -4 -3    0  19  11   3   3   5  21   0   2   1   0  31   0   0   0   2   0   0   0   1  0.65 0.26
   77 T   -1  3 -2 -4  6 -1 -3 -4 -3 -1 -2 -2 -3 -4 -4  1  4 -5 -4  1    2  22   0   0  17   2   0   0   0   2   1   1   0   0   0  10  31   0   0  11  0.67 0.29
   78 F   -5 -6 -6 -7 -5 -6 -6 -6 -5 -2  3 -6 -2  8 -6 -5 -5 -2  0 -3    0   0   0   0   0   0   0   0   0   0  28   0   0  72   0   0   0   0   0   0  1.92 0.50
   79 M   -1  3 -2 -3 -4  1 -1 -2 -2 -1 -1  2  3 -3 -3  1  2 -3 -3 -2    1  22   0   0   0   7   3   2   0   3   5  15  11   0   0  12  17   0   0   0  0.38 0.21
   80 N   -1  0  4  3 -4  0  2 -2 -1 -4 -4  2 -3 -5 -3  1  0 -5 -4 -3    4   5  22  19   0   1  13   2   1   0   0  15   0   0   0  13   4   0   0   1  0.52 0.21
   81 L   -4 -5 -6 -7 -4 -5 -6 -7 -6  0  6 -5  2 -2 -6 -5 -4 -4 -4 -2    0   0   0   0   0   0   0   0   0   1  95   0   3   0   0   0   0   0   0   0  1.67 0.48
   82 K   -3 -3  1  0 -5 -2 -3  6 -4 -6 -6  2 -5 -6 -4 -3 -4 -5 -5 -6    0   0   7   6   0   1   1  71   0   0   0  15   0   0   0   0   0   0   0   0  1.40 0.40
   83 Y   -5 -6 -6 -4 -6 -6 -6 -6 -3 -4 -3 -6 -3  8 -7 -5 -5 -2  7 -4    0   0   0   1   0   0   0   0   0   0   0   0   0  67   0   0   0   0  32   0  2.22 0.55
   84 E   -3  0 -1  4 -6  0  6 -4 -2 -5 -5  2 -3 -6 -4 -2 -2 -6 -5 -4    1   3   2  24   0   2  53   0   0   0   0  10   0   0   0   2   1   0   0   1  1.07 0.36
   85 V   -2 -5 -6 -6 -3 -5 -5 -6 -6  2 -2 -5 -1 -4 -4 -4  0 -6 -4  7    1   0   0   0   0   0   0   0   0   6   0   0   1   0   0   0   5   0   0  87  1.60 0.48
   86 R   -2  5  0 -1 -3  1 -1 -3 -1  0 -3  4 -1 -3 -3  0  0 -4 -3  0    2  32   5   2   0   4   2   0   1   6   0  26   1   1   0   6   5   0   0   7  0.50 0.22
   87 N   -1  0  2 -1  4 -2 -2 -3  0  2  0 -2  0 -2 -2 -1 -1 -4 -3  3    3   5  15   4  13   1   0   0   3  12  10   1   2   1   1   2   3   0   0  24  0.26 0.16
   88 K   -3 -3 -1 -5  1 -2 -4 -5  4 -3 -2  2 -3  5 -5 -3 -4 -1  7 -3    2   0   3   0   3   1   0   0  10   0   3  15   0  25   0   1   0   0  37   1  1.07 0.36
   89 N   -4 -3  7  4 -2 -2 -2 -3  3 -6 -6 -1 -5 -5 -4 -2 -1 -6 -3 -5    0   1  63  22   1   0   1   0   6   0   0   2   0   0   0   0   3   0   1   0  1.43 0.42
   90 D   -4 -4  5  7 -6 -3 -1 -4 -3 -6 -6 -3 -6 -6 -4 -2 -3 -7 -6 -6    0   0  29  71   0   0   0   0   0   0   0   0   0   0   0   0   0   0   0   0  1.87 0.49
   91 L   -3  1 -4 -4  3  3 -2 -5 -2 -1  4 -2  0 -2 -4 -2 -3 -3  1 -1    0   8   0   0   7  18   0   0   0   1  53   1   1   0   0   2   0   0   7   3  0.60 0.27
   92 T   -2  0 -1 -3 -2 -2 -2 -3 -3 -3 -3  4 -3 -5 -2  3  5 -5 -4 -3    0   4   1   0   1   0   0   0   0   0   1  27   0   0   1  22  42   0   0   0  0.79 0.33
   93 R    2  2 -3 -4  7  0 -3 -3  1 -1 -2 -2 -2 -4 -4 -1 -1 -4 -3  2   17  12   0   0  31   6   0   0   4   1   2   0   0   0   0   3   3   0   0  20  0.68 0.27
   94 E    0  1 -1  1 -4  0  4 -2  0 -4 -3  2 -1 -4 -3  1 -1 -4 -3 -2    9   7   1   7   0   2  40   1   1   0   0  11   2   0   0  11   2   0   0   3  0.47 0.21
   95 E   -2  0 -1  4 -5  4  5 -3 -2 -5 -5  2 -3 -5 -3 -2 -3 -5 -4 -4    2   3   2  24   0  17  38   0   0   0   0  13   0   0   0   0   0   0   0   0  0.91 0.31
   96 I   -3 -4 -5 -6 -4 -4 -5 -6 -5  4  1 -4  8 -2 -5 -4 -3 -4 -3  3    0   0   0   0   0   0   0   0   0  29   8   0  43   0   0   0   0   0   0  20  1.26 0.40
   97 M   -2  1 -3 -3 -3  1  0 -4 -1  0  3  1  3 -1 -3 -1 -1 -2 -2  1    0  10   0   0   0   9   7   0   1   3  31  12   9   2   0   3   2   0   1  12  0.24 0.15
   98 E   -1  1  2  2 -3  3  3 -1  0 -3 -1  2 -1 -4 -3  0 -1 -3 -3 -3    4   6  11  13   0  14  19   2   1   1   6  14   2   0   0   3   2   0   0   1  0.33 0.15
   99 L   -2  0 -1 -3 -3 -1  0 -4 -2  0  3  1  0  0 -3 -2 -1 -3 -1  1    0   4   4   0   0   3   8   0   0   4  41  14   1   3   0   0   4   0   1  14  0.27 0.16
  100 M   -3 -4 -5 -5 -3 -4 -5 -5 -5  4  4 -4  6 -1 -5 -4 -3 -4 -3  0    0   0   0   0   0   0   0   0   0  22  46   0  27   1   0   0   0   0   0   3  1.03 0.33
  101 Y   -1  2  0  0  1  1  1 -2  4 -2 -2  3 -2 -2 -3 -1  0 -2  3 -2    3   9   2   3   4   6   8   1  12   2   2  22   0   1   0   3   7   0  14   1  0.29 0.15
  102 N    0  0  2  1 -4  3  3 -3 -2 -3 -3  3 -2 -4 -2  1 -1 -4 -3 -3    6   4  13   7   0  14  23   0   0   1   2  21   0   0   0   8   2   0   0   0  0.44 0.19
  103 V    4 -4 -4 -5 -3 -3 -3 -3 -4  0 -2 -4  1 -3 -4 -2 -2 -5 -3  5   41   0   0   0   0   0   0   0   0   2   0   0   4   0   0   0   1   0   0  51  0.90 0.34
  104 S    3 -3 -2 -3 -3 -3 -3 -2 -3 -4 -5 -3 -4 -5 -3  6 -1 -5 -3 -3   29   0   0   0   0   0   0   1   0   0   0   0   0   0   0  68   0   0   1   0  1.19 0.42
  105 K   -1  2  0 -1 -4  3  3 -2 -1 -3 -3  4 -1 -4 -3 -1  1 -4 -3 -3    3   8   3   1   0  12  23   1   1   1   1  33   2   0   0   2   8   0   0   0  0.54 0.22
  106 E   -1 -1 -2  3 -3  1  6 -3 -1 -4 -3 -1  0 -5 -3  0 -2 -5 -3 -4    5   2   0  13   0   3  58   1   1   0   3   1   4   0   0   7   1   0   1   0  0.83 0.30
  107 D   -4 -4  2  8 -6 -2 -1 -4 -3 -6 -6 -3 -5 -6 -4  1 -3 -7 -6 -6    0   0   8  81   0   0   1   0   0   0   0   0   0   0   0   9   0   0   0   0  1.81 0.47
  108 H   -5 -4 -3 -3 -6 -3 -3 -4 11 -7 -6 -4 -5 -2 -6 -4 -5 -6 -1 -7    0   0   0   1   0   0   0   1  96   0   0   0   0   2   0   0   0   0   0   0  3.17 0.68
  109 S   -1  0 -1 -2 -2 -2 -2 -2 -3 -2 -4 -1 -3 -4 -3  6  2 -5 -4 -1    2   4   1   1   0   0   1   1   0   2   0   2   0   0   0  68  11   0   0   5  0.88 0.36
  110 K   -3  0  3  5 -2  2  1 -3 -2 -5 -5  3 -4 -5 -3 -2 -2 -5 -4 -5    0   3  16  37   1   8   8   0   0   0   0  25   0   0   0   1   0   0   0   0  0.81 0.28
  111 R    3  3  2 -3  2 -1 -2 -2  1 -4 -4 -1 -2 -2 -3  3 -1 -4 -2 -2   31  22  11   0   5   0   0   0   4   0   0   0   0   2   0  23   0   0   1   2  0.49 0.24
  112 S    3 -2 -1  5 -3 -2 -1 -3 -3 -4 -5 -3 -4 -5 -3  3 -2 -5 -4 -4   27   1   1  44   0   0   0   0   0   0   0   0   0   0   0  22   0   0   0   0  0.87 0.34
  113 S   -2 -5 -4 -5 10 -4 -5 -4 -5 -4 -4 -5  0 -5 -5  4 -3 -5 -5 -4    1   0   0   0  62   0   0   0   0   0   0   0   3   0   0  34   0   0   0   0  2.14 0.53
  114 F   -5 -6 -6 -6 -5 -6 -6 -6 -4 -2  0 -6 -2  9 -6 -5 -5 -2  0 -1    0   0   0   0   0   0   0   0   0   1   7   0   0  88   0   0   0   0   0   4  2.17 0.52
  115 I    3 -4 -4 -4 -2 -3 -4 -1 -4  2  1 -3  0 -1 -4 -2 -2 -4 -3  4   26   0   0   0   0   0   0   3   0  12  15   0   1   1   0   0   1   0   0  40  0.53 0.23
  116 C   -3 -6 -6 -7 11 -6 -6 -6 -6 -2  0 -6 -4 -2 -6 -4 -4 -5 -5  1    1   0   0   0  80   0   0   0   0   1   8   0   0   2   0   0   0   0   0   8  2.61 0.57
  117 V    2 -4 -5 -5  1 -4 -4 -4 -5  3 -1 -4 -1 -3 -4 -2 -1 -5 -3  5   18   0   0   0   3   0   0   0   0  19   0   0   0   0   0   1   1   0   0  58  0.89 0.32
  118 I   -3 -4 -5 -5 -3 -4 -5 -5 -4  4  3 -5  1  5 -5 -4 -3 -3 -1  1    0   0   0   0   0   0   0   0   0  25  37   0   3  29   0   0   0   0   0   6  0.86 0.27
  119 L   -4 -5 -6 -6 -4 -5 -5 -6 -5 -1  6 -5  1 -2 -4 -5 -4 -4 -4 -2    0   0   0   0   0   0   0   0   0   0  93   0   2   0   0   0   0   0   0   0  1.47 0.44
  120 S    0 -4 -2 -3 -4 -3 -3 -3 -4 -5 -5 -3 -4 -5 -4  7  0 -6 -4 -4    4   0   0   0   0   0   0   0   0   0   0   0   0   0   0  91   4   0   0   0  1.61 0.51
  121 H   -5 -4 -3 -4 -6 -2 -3 -5 11 -6 -5 -4 -5 -4 -6 -4 -5  3  0 -6    0   0   0   0   0   1   0   0  92   0   1   0   0   0   0   0   0   4   2   0  3.03 0.66
  122 G   -2 -5 -3 -4 -5 -5 -5  7 -5 -7 -7 -4 -6 -6 -5 -2 -4 -5 -6 -6    0   0   0   0   0   0   0  99   0   0   0   0   0   0   0   1   0   0   0   0  2.23 0.51
  123 D   -3 -2 -2  4 -6 -1  6 -4 -3 -3 -5 -1 -5 -5 -4 -3 -3 -6 -3 -4    0   1   0  22   0   0  70   1   0   2   0   3   0   0   0   0   0   0   1   0  1.40 0.42
  124 E   -3 -2  2  4 -5  0  5  0 -1 -5 -2 -1 -3 -5 -3 -2 -3 -5 -4 -4    0   1   9  22   0   2  52   6   1   0   4   1   1   0   0   0   0   0   0   0  0.91 0.31
  125 G   -2 -1  3  2 -5 -3 -2  6 -3 -5 -2 -2 -4 -5 -4 -1 -3 -5 -5 -5    0   3  16  12   0   0   2  60   0   0   4   1   0   0   0   1   0   0   0   0  1.05 0.32
  126 V   -2  0 -3 -3 -1 -1 -3 -3  5  3  1  0  1 -1 -4 -2 -2 -3  0  2    1   5   0   0   1   2   0   1  22  18  14   5   3   2   0   1   1   0   3  21  0.38 0.18
  127 I   -3 -5 -5 -5 -3 -4 -5 -5 -5  6  1 -4 -1  2 -5 -3 -3 -4 -2  3    0   0   0   0   0   0   0   0   0  56   7   0   0  10   0   1   0   0   0  24  1.00 0.31
  128 Y   -4 -4 -4 -5 -3 -4 -4 -5 -1 -3 -3 -4 -3  5 -5 -4 -4  0  8 -3    0   0   1   0   1   0   0   0   0   0   1   0   0  25   0   0   0   1  67   0  1.94 0.47
  129 G    3 -4 -3 -3  0 -3 -3  6 -4 -4 -4 -3 -4 -4 -3 -1 -2 -4 -4 -3   28   0   0   0   2   0   0  62   0   1   1   0   0   0   0   1   2   0   0   0  1.13 0.32
  130 T   -1 -1 -2 -3 -2 -2 -2 -3  2 -2 -3  1 -2 -1 -3 -1  5 -3  4 -1    2   2   1   0   1   1   0   0   6   1   1   8   0   2   0   1  52   0  18   2  0.73 0.29
  131 N   -4 -4  3  7 -5 -3 -1 -3 -3 -5 -5 -3 -5 -5 -4 -2 -3 -6 -5 -5    0   0  15  80   0   0   0   0   0   0   1   0   0   0   0   0   0   0   0   0  1.78 0.44
  132 G    1 -2 -1  1 -1 -3 -2  6 -1 -4 -4 -2 -4 -4 -3 -1  0 -4 -4 -3   14   2   1   7   1   0   1  60   1   0   1   2   0   0   0   1   6   0   0   1  0.87 0.26
  133 P    0 -1 -2 -2  0  0 -1 -3 -1 -1 -1  3  1 -1  4  1 -1 -2 -2 -1    7   1   1   0   2   4   2   0   1   4   4  23   5   3  24  10   2   0   1   5  0.36 0.16
  134 I   -2 -3 -4 -4 -3 -3 -1 -4 -3  4  1 -3  2  0 -3 -3  0 -3  2  3    0   0   0   0   0   0   5   0   0  36  11   1   6   2   0   0   6   0   7  23  0.47 0.19
  135 E   -1 -1  0  3 -3  0  3 -2 -1 -4 -4  3 -3 -4  3  0 -1 -4 -3 -3    5   1   3  15   1   3  27   2   1   0   1  19   0   0  14   6   1   0   0   1  0.50 0.19
  136 L   -2 -4 -3 -5 -3 -4 -5 -5 -5  5  4 -4  0  0 -1 -4 -2 -4 -3  1    2   0   1   0   0   0   0   0   0  45  39   0   1   3   3   0   2   0   0   4  0.79 0.27
  137 K   -2  0  0  3 -5  4  2 -3 -2 -4 -4  5 -3 -5 -2 -1  0 -5 -4 -4    1   1   2  16   0  19  13   0   0   0   0  40   0   0   1   1   5   0   0   0  0.75 0.28
  138 K    0  0  0  2 -3  0  1 -3 -1  0 -1  2  0 -3 -2  0  2 -4 -2 -1    5   5   2  14   0   2  10   0   1   5   6  15   4   0   0   6  22   0   1   3  0.20 0.12
  139 L   -3 -4 -6 -6 -3 -4 -5 -6 -5  4  5 -5  2 -2 -5 -5 -3 -4 -3  0    0   0   0   0   0   0   0   0   0  21  71   0   5   0   0   0   0   0   0   2  1.14 0.34
  140 T    0 -4 -3 -4 -3 -3 -3 -4 -4  1 -1 -3  0  1 -4 -1  6  4 -3  0    6   0   0   0   0   0   0   0   0  10   3   0   3   5   0   1  62   6   0   4  0.89 0.35
  141 S    2 -1  1  1 -2 -1  0  2 -1 -3 -2  0 -2 -4 -2  3  0 -4 -3 -1   20   1   5   7   0   2   5  17   1   1   2   4   0   0   0  27   5   0   0   3  0.30 0.15
  142 F   -3 -3 -2 -4  2 -3 -4 -4  3 -1  3 -2  4  4  2 -3 -3 -2  1 -2    0   0   2   0   4   0   0   0  10   0  29   1  12  23  12   0   0   0   5   0  0.56 0.23
  143 F   -5 -5 -5 -6 -5 -5 -5 -5 -4 -1 -1 -5 -2  9 -6 -5 -4 -2  1 -3    0   0   0   0   0   0   0   0   0   2   3   0   0  90   0   0   0   0   1   1  2.20 0.50
  144 R   -3  6 -1 -2 -5  0 -2 -4 -2 -4 -4  4 -3 -5 -3 -2  0 -5 -4 -3    0  52   1   1   0   2   0   0   0   0   0  32   0   0   0   1   6   0   0   2  1.12 0.34
  145 G    0 -4 -3 -3 -4 -4 -3  7 -4 -5 -5 -4 -5 -5 -4 -2 -4 -5 -5 -5    6   0   0   0   0   0   1  88   0   0   0   0   0   0   0   2   0   0   0   0  1.76 0.42
  146 D   -4 -2  1  7 -5 -2  0 -3  1 -5 -5 -2 -5 -5 -2 -2 -3 -6 -2 -4    0   2   5  80   0   0   2   1   3   0   0   1   0   0   1   0   0   0   2   1  1.61 0.42
  147 Y   -2  4  1 -2  3 -1 -1 -3  0 -3 -2  4  0 -3 -3 -1 -2 -4  1 -3    0  29   8   1   7   1   1   0   2   0   5  36   2   0   0   2   0   0   5   1  0.62 0.24
  148 C   -3 -6 -5 -6 11 -5 -6 -5 -6 -4 -4 -6 -4 -3 -5 -3 -4 -5 -5 -4    1   0   0   0  93   0   0   0   0   0   0   0   0   1   0   1   0   0   0   0  3.30 0.64
  149 R   -2  4 -2 -3 -4  3 -1 -3 -2 -1 -1  4 -1 -4  4 -1 -1 -4 -3 -3    1  23   1   0   0  14   1   0   0   4   6  26   1   0  19   1   3   0   0   1  0.60 0.23
  150 S   -1 -2 -1 -1 -3 -2 -2 -1 -3 -4 -4 -2 -1 -4 -3  6  4 -5 -4 -3    0   2   1   2   0   0   0   3   0   0   0   0   2   0   0  64  25   0   0   0  1.02 0.37
  151 L   -4 -4 -5 -5 -3 -4 -5 -6 -5 -1  6 -5  0 -2 -5 -4 -3 -4 -3 -1    0   0   0   0   0   0   0   0   0   0  96   0   0   0   0   0   0   0   0   0  1.50 0.42
  152 T    2 -3 -3 -4 -2 -3 -3 -3 -4  1  0 -3 -1 -2 -3 -2  2 -4 -3  4   21   1   0   0   0   0   0   1   0   7   9   0   1   0   0   1  12   0   0  45  0.50 0.22
  153 G   -2 -4 -3 -3 -4 -3  0  7 -4 -5 -5 -3 -4 -5 -4 -2 -4 -4 -5 -5    1   0   0   0   0   0   7  87   0   0   1   0   0   0   0   0   0   0   0   0  1.72 0.41
  154 K   -3  0 -3 -3 -5 -1 -2 -4 -3 -5 -5  8 -4 -5 -3 -3 -3 -5 -4 -4    1   0   0   0   0   0   0   0   0   0   1  94   0   0   0   0   0   0   0   0  1.82 0.48
  155 P   -3 -4 -4 -4 -5 -4 -4 -4 -4 -5 -5 -4 -5 -6  9 -3 -4 -6 -5 -5    1   0   0   0   0   0   0   0   0   0   1   0   0   0  94   0   0   0   0   0  2.77 0.55
  156 K   -3  0 -3 -3 -5 -1 -2 -4 -3 -5 -5  8 -4 -5 -3 -3 -3 -5 -4 -4    1   0   0   0   0   0   0   0   0   0   1  94   0   0   0   0   0   0   0   0  1.82 0.48
  157 L   -3 -4 -5 -5  2 -4 -5 -5 -5  4  5 -4  1 -2 -5 -4 -3 -4 -3  0    0   0   0   0   4   0   0   0   0  31  60   0   2   0   0   0   0   0   0   1  1.00 0.31
  158 F   -5 -6 -6 -6 -5 -6 -6 -6 -4 -2 -2 -6 -3  9 -6 -5 -5 -2  0 -4    0   0   0   0   0   0   0   0   0   1   0   0   0  97   0   0   0   0   0   0  2.52 0.56
  159 I   -4 -5 -5 -5 -4 -5 -5 -2 -4  5 -1 -5 -2  7 -5 -4 -3 -2  0  1    0   0   0   0   0   0   0   5   0  37   1   0   0  49   0   0   0   0   0   7  1.18 0.35
  160 I   -4 -5 -5 -5 -4 -5 -5 -6 -5  7  0 -5 -1  1 -5 -5 -3 -2 -3  1    0   0   0   0   0   0   0   0   0  83   5   0   1   7   0   0   0   1   0   3  1.49 0.41
  161 Q   -4 -1 -3 -3 -6  9 -1 -5 -3 -6 -5 -2 -3 -6 -4 -3 -4 -5 -4 -5    0   1   0   0   0  97   0   0   0   0   0   0   0   0   0   0   0   0   0   0  2.40 0.63
  162 A    7 -4 -4 -4 -3 -3 -3 -2 -4 -4 -4 -3 -3 -5 -3 -1 -2 -5 -4 -1   92   0   0   0   0   0   0   0   0   0   0   0   0   0   0   2   0   0   0   3  1.48 0.46
  163 C   -3 -6 -5 -6 11 -5 -6 -5 -5 -4 -4 -5 -4 -5 -5 -3 -4 -5 -5 -4    0   0   0   0  93   0   0   0   0   0   0   0   0   0   0   1   0   0   0   0  3.32 0.64
  164 R   -4  7 -3 -4 -2  3 -2 -4 -3 -5 -4  0 -3 -5 -4 -3 -3  1 -4 -5    0  79   0   0   1  12   0   0   0   0   0   0   0   0   0   0   0   2   0   0  1.65 0.45
  165 G   -2 -5  0 -4 -1 -4 -4  7 -4 -6 -6 -4 -5 -6 -5 -3 -4 -5 -5 -5    0   0   3   0   2   0   0  92   0   0   0   0   0   0   0   0   0   0   0   0  1.95 0.46
  166 T   -2 -2  1  4 -3 -1  0 -3 -2 -1 -3 -1 -2 -3 -1  2  4 -4 -3 -2    0   1   5  25   0   1   4   0   0   4   0   3   1   1   2  15  38   0   0   0  0.58 0.25
  167 E   -2  0  0  2 -5  2  4 -2 -2 -4 -3  4 -3 -5 -3 -1 -2 -4 -4 -4    2   3   3  10   0   9  36   1   0   0   2  28   0   0   0   2   1   0   0   0  0.63 0.25
  168 L   -4 -3 -3 -5 -4 -3 -4 -5  5 -1  4 -4  1  4 -5 -4 -3 -3  0 -2    0   1   1   0   0   0   0   0  20   0  55   0   3  17   0   0   0   0   1   1  0.91 0.32
  169 D   -4 -4 -1  8 -6 -2  0 -4 -4 -6 -6 -3 -1 -6 -4 -1 -4 -7 -6 -6    0   0   0  91   0   0   4   0   0   0   0   0   2   0   0   3   0   0   0   0  2.08 0.52
  170 S    0 -2  1  4  4 -1  1  0  1 -3 -3 -2 -3 -3  0  1 -1 -4 -2 -1    6   1   6  25  12   2  12   7   4   0   0   0   0   1   5  10   1   0   1   6  0.33 0.16
  171 G   -1 -2 -3 -4 -5 -4 -4  6 -4 -5 -3 -3 -4 -5  4 -1 -4 -5 -5 -5    2   2   0   0   0   0   0  71   0   0   3   0   0   0  19   3   0   0   0   0  1.40 0.38
  172 I   -2 -5 -5 -5 -3 -4 -5 -5 -5  5  0 -4  0 -3 -5 -2 -1 -5 -3  5    2   0   0   0   0   0   0   0   0  42   3   1   1   0   0   2   2   0   0  49  1.05 0.33
  173 E   -2 -2 -2  1 -4  3  5 -4 -2  1 -2 -1 -1 -4 -3 -1  2 -4 -3 -1    0   0   0   5   0  18  41   0   0  11   2   2   1   0   0   2  14   0   0   4  0.60 0.26
  174 T    1 -3 -1 -3  1 -1 -1 -3 -2 -2 -1 -2  0 -3  2  0  5 -4 -3  1   14   0   2   0   3   2   4   0   1   0   6   0   3   0  10   3  43   0   0  10  0.47 0.24
  175 D   -2 -2  0  6  0  1  0 -3 -1 -4 -2 -1 -1 -4 -1 -1 -1 -5 -4 -3    3   1   3  61   2   5   3   0   1   0   5   4   2   0   3   2   2   0   0   1  0.91 0.30
  176 S    1 -3 -1  4 -2 -2  0 -1 -3 -4 -4 -2 -4 -5 -2  5 -1 -5 -4 -3    8   0   0  24   0   0   6   4   0   0   1   1   0   0   1  52   2   0   0   1  0.77 0.31
  177 G    1  0 -2 -2 -2 -2 -1  4 -3 -2 -3 -2 -2 -3 -3  1 -1 -4 -3  1   15   5   0   1   0   1   4  38   0   0   1   1   0   0   0  10   3   0   0  17  0.42 0.18
  178 V    0 -2 -2  0 -2 -1 -1 -2 -3  1 -1 -1 -1 -1  3  1  1 -4 -2  2    4   2   0   6   0   1   4   3   0  10   1   2   1   2  15  12  10   0   0  26  0.23 0.13
  179 D   -1 -1  1  5 -4  0  3 -2 -2  0 -3 -2 -2 -3 -1 -1 -2 -4 -3 -1    6   2   5  39   0   2  22   2   0   9   1   0   1   1   2   3   1   0   1   5  0.54 0.20
  180 Y   -1 -1  3  3 -3 -1  2 -1  1 -2 -1 -1  0 -3 -1  1  1 -3 -2 -1    3   3  15  22   0   1  15   2   4   1   5   1   2   1   3  10   8   0   1   4  0.27 0.12
  181 D    0  0  0  6 -4  0  2 -2 -2 -3 -2 -2 -3 -2 -1  0 -1 -4 -3 -3    9   4   1  50   0   4  10   2   1   0   4   1   0   2   2   5   4   0   0   1  0.65 0.22
  182 M    1 -1  1 -1 -2  0 -1 -1 -2 -1 -1 -1  3 -2 -1  1  3 -3 -2  0   16   1   8   2   0   4   3   4   0   1   4   1  12   1   2  11  21   0   1   7  0.18 0.12
  183 A    2 -2  0  0 -2 -1 -1  2  0 -2 -3  0 -2 -3  1  2  0  2 -2 -1   27   1   5   4   1   1   2  15   2   1   1   4   1   0   6  14   6   3   0   4  0.23 0.11
  184 C    0  1 -2 -3  6 -2 -2 -3 -3  1 -1 -2  0 -3 -1  0  2 -4 -3  3    6  10   1   0  20   0   1   1   0   8   1   0   3   0   2   6  17   0   0  23  0.41 0.20
  185 Q   -3  0  1 -3 -3  4  1 -4  5 -3 -2 -1 -3  1 -4 -2 -1 -2  5 -3    1   5   6   0   0  24   7   0  19   1   3   1   0   4   0   0   3   0  24   1  0.69 0.27
  186 K   -3  4 -2 -3 -5  0 -2 -4 -3 -4 -4  5 -3 -5 -3 -2  4 -5 -4 -4    0  20   0   0   0   3   0   0   0   0   0  49   0   0   0   0  27   0   0   0  1.01 0.36
  187 I   -4 -5 -6 -6 -3 -5 -5 -6 -5  6  3 -4  0 -2 -2 -5 -3 -5 -3  1    0   0   0   0   0   0   0   0   0  65  30   0   1   0   2   0   0   0   0   2  1.21 0.36
  188 P   -4 -5 -5 -5 -6 -4 -4 -5 -5 -6 -5 -4 -5 -7  9 -4 -1 -7 -6 -5    0   0   0   0   0   0   0   0   0   0   1   0   0   0  96   0   3   0   0   0  2.91 0.61
  189 V    3 -4 -4 -4 -2 -3 -4 -4 -4  0 -1 -3 -2 -3 -4  0  0 -5 -3  5   26   0   0   0   0   1   0   0   0   1   4   0   0   0   0   6   6   0   0  57  0.74 0.30
  190 E   -2 -2 -2  0 -2  0  6  3  2 -6 -5 -2 -4 -5 -1 -2 -3 -5 -4 -5    1   0   0   3   1   2  58  25   6   0   0   0   0   0   2   2   0   0   0   0  1.03 0.35
  191 A    7 -4 -4 -4 -3 -3 -4 -2 -4 -1 -3 -3 -3 -5 -3 -1 -2 -5 -4 -3   93   0   0   0   0   0   0   0   0   3   2   0   0   0   1   0   1   0   0   0  1.48 0.47
  192 D   -5 -5 -1  8 -7 -3 -1 -4  1 -6 -7 -4 -6 -6 -4 -3 -4 -7 -6 -6    0   0   0  97   0   0   0   0   3   0   0   0   0   0   0   0   0   0   0   0  2.36 0.56
  193 F   -5 -6 -6 -2 -3 -6 -6 -6 -4 -3 -2 -6 -3  9 -7 -5 -5 -2  1 -4    0   0   0   3   1   0   0   0   0   0   0   0   0  95   0   0   0   0   1   0  2.46 0.57
  194 L   -4 -5 -6 -6 -4 -5 -5 -6 -5  3  6 -5  1 -2 -5 -5 -3 -4 -3 -1    0   0   0   0   0   0   0   0   0  15  83   0   2   0   0   0   0   0   0   1  1.30 0.38
  195 Y   -4 -4 -5 -6 -4 -4 -5 -5 -2  2  0 -4  6  4 -5 -4 -4 -1  7 -2    0   0   0   0   0   0   0   0   0  12   5   0  26  16   0   0   0   0  39   1  1.25 0.38
  196 A    5 -4 -4 -5  7 -4 -4 -3 -4 -3 -3 -4 -3  0 -4 -1 -2 -4 -2  0   61   0   0   0  26   0   0   0   0   0   0   0   0   4   0   3   0   0   1   6  1.16 0.38
  197 Y   -5 -5 -5 -4 -6 -5 -5 -6 -1 -4 -4 -5 -4  1 -6 -4 -2 -1 10 -4    0   0   0   1   0   0   0   0   0   0   0   0   0   3   0   1   3   0  92   0  2.58 0.61
  198 S   -1 -4 -2 -3 -4 -3 -3 -3 -4 -5 -5 -3 -4  1 -2  7 -1 -5 -4 -4    1   0   0   0   0   0   0   0   0   0   0   0   0   6   1  93   0   0   0   0  1.61 0.52
  199 T   -2 -4 -3 -4  1 -4 -4 -4 -5 -2 -3 -4 -3 -2 -2 -1  6 -5 -4  4    0   0   0   0   3   0   0   0   0   0   0   0   0   1   2   0  64   0   0  29  1.17 0.41
  200 A    5 -4 -4 -3 -3 -3 -3 -3 -4  0 -1 -3 -1 -3 -2 -1 -2 -5 -3  4   54   0   0   1   0   0   0   0   0   5   4   0   1   0   1   2   1   0   0  32  0.74 0.30
  201 P   -3 -4 -4 -3 -5  2  3 -5 -4 -5 -5 -3 -5 -6  8 -2 -3 -6 -5 -2    0   0   0   0   0   8  18   0   0   0   0   0   0   0  68   2   0   0   0   3  1.84 0.45
  202 G   -2 -5 -3 -4 -5 -3 -5  7 -5 -7 -7 -4 -6 -6 -5 -3 -4 -5 -6 -6    0   0   0   0   0   1   0  99   0   0   0   0   0   0   0   0   0   0   0   0  2.23 0.51
  203 Y   -5 -5 -5 -6 -5 -5 -5 -6  0 -4 -4 -5 -4  4 -6 -5 -5 -1  9 -4    0   0   0   0   0   0   0   0   1   0   0   0   0  14   0   0   0   0  85   0  2.49 0.57
  204 Y   -5 -5 -3 -6 -1 -4 -5 -6 -1 -4 -3 -5 -4  3 -6 -5 -5 -1  9 -4    0   0   1   0   2   0   0   0   0   0   1   0   0  11   0   0   0   0  85   0  2.37 0.56
  205 S    0 -3 -2 -3 -4 -3 -3 -3 -4 -5 -5 -3 -4 -3 -4  7 -1 -5 -4 -4    5   0   0   0   0   0   0   0   0   0   0   0   0   1   0  94   0   0   0   0  1.63 0.51
  206 W   -6 -5 -5 -7 -6 -5 -5 -6  6 -6 -5 -6 -5  1 -7 -6 -6 12  0 -6    0   0   0   0   0   0   0   0  20   0   0   0   0   4   0   0   0  74   1   0  3.40 0.66
  207 R   -4  8 -3 -4 -6 -2 -3 -5 -3 -6 -5 -1 -1 -6 -5 -4 -4 -6 -5 -5    0  96   0   0   0   0   0   0   0   0   0   0   1   0   0   0   0   0   0   0  2.20 0.54
  208 N   -3 -3  7  0 -5 -2  3 -3 -1 -6 -6 -2 -5 -5 -4  1 -2 -6 -4 -5    0   0  68   3   0   0  20   0   1   0   0   0   0   0   0   8   0   0   0   0  1.44 0.41
  209 S   -1 -2 -1 -3 -3  0 -2 -3 -1 -1 -3 -2 -3 -4  3  3  5 -5 -4 -2    1   1   2   0   0   5   0   0   1   4   0   1   0   0  17  24  41   0   0   1  0.70 0.28
  210 E    1  0 -1 -1 -2  0 -1  1 -2  0 -1  1  1 -2 -2  0  1 -3 -2  1   12   4   2   1   0   4   3  12   0   7   3  15   5   0   0   8   9   0   0  14  0.10 0.08
  211 E   -2  3  5  3  0 -1  0 -2  0 -4 -4  1 -3 -3 -3 -1  0 -5 -2 -2    1  16  32  18   2   0   6   0   2   0   0  10   0   1   0   3   5   0   1   2  0.54 0.20
  212 G   -2 -5 -3 -2 -5 -4 -5  7 -5 -7 -6 -4 -5 -6 -5 -3 -4 -5 -6 -6    0   0   0   2   0   0   0  98   0   0   0   0   0   0   0   0   0   0   0   0  2.15 0.47
  213 S   -1 -4 -2 -3 -4 -3 -3 -3 -4 -5 -5 -3 -4 -5 -4  7  0 -6 -5 -4    0   0   0   0   0   0   0   0   0   0   0   0   0   0   0  98   2   0   0   0  1.78 0.52
  214 W   -6 -3 -7 -8 -6 -5 -6 -6 -6 -6 -5 -6 -5 -2 -7 -6 -6 13 -1 -7    0   2   0   0   0   0   0   0   0   0   0   0   0   0   0   0   0  98   0   0  4.49 0.78
  215 F   -5 -5 -5 -6 -5 -5 -6 -6 -3 -3 -2 -5 -3  8 -6 -4 -5 -1  6 -3    0   0   0   0   0   0   0   0   0   0   1   0   0  73   0   1   0   0  25   0  2.03 0.47
  216 I   -3 -5 -5 -5 -3 -5 -5 -6 -5  7 -1 -5  3 -2 -5 -4 -3 -5 -3  4    0   0   0   0   0   0   0   0   0  68   0   0   8   0   0   0   0   0   0  23  1.32 0.37
  217 Q   -4 -2 -3 -3 -6  9 -1 -5 -2 -6 -5 -2 -3 -6 -4 -1 -4 -5 -4 -5    0   0   0   0   0  96   1   0   0   0   0   0   0   0   0   3   0   0   0   0  2.28 0.59
  218 S    4 -3 -2  4 -1 -2 -2 -2 -3 -4 -4 -2 -3 -5 -3  4 -1 -5 -4 -3   34   0   0  24   1   0   0   1   0   0   0   1   0   0   0  39   0   0   0   0  0.79 0.30
  219 L   -4 -4 -6 -6 -4 -5 -5 -6 -5  0  6 -5  0 -1 -5 -5 -4 -4 -3 -1    0   0   0   0   0   0   0   0   0   1  97   0   0   1   0   0   0   0   0   1  1.51 0.41
  220 C   -3 -6 -6 -7 11 -6 -7 -6 -6 -3 -4 -6 -4 -5 -6 -3 -4 -5 -3 -2    0   0   0   0  95   0   0   0   0   1   0   0   0   0   0   1   0   0   1   2  3.34 0.64
  221 A    2  0  0  1 -3  1  4 -2 -1 -2 -3  0 -1 -4 -2  1 -1 -4 -3 -2   19   3   4   5   0   6  34   0   1   3   1   5   1   0   0  14   1   0   0   1  0.39 0.18
  222 M    0 -4 -3 -4 -3 -3 -1 -4 -3  1  1 -3  7 -2 -4 -2 -1 -4 -3  3    8   0   1   0   0   0   4   0   0   7   6   0  42   0   0   1   3   0   0  27  0.82 0.30
  223 L   -4 -4 -6 -6 -3 -4 -5 -6 -5  2  6 -5  1  0 -5 -5 -3 -4 -3  0    0   0   0   0   0   0   0   0   0   9  85   0   1   2   0   0   0   0   0   3  1.25 0.35
  224 K   -1  3  2  0 -3  1  2  0 -1 -4 -3  3 -2 -4 -3  0 -1 -2 -3 -3    3  16  14   3   0   6  14   7   0   0   1  27   1   0   0   7   2   0   0   0  0.42 0.17
  225 E   -2  3  0  0 -4  3  3 -3 -1 -4 -1  4 -2 -4 -3 -1 -1 -4 -3 -3    1  13   3   4   0  13  27   0   0   0   7  27   0   0   0   1   2   0   0   0  0.55 0.21
  226 Y   -4 -4  0 -3 -3 -2 -3 -5  7 -3 -3 -4 -3  3 -5 -4 -4 -1  7 -4    0   0   5   1   1   1   0   0  31   1   0   0   0  12   0   0   0   0  48   0  1.57 0.41
  227 A    3 -3 -2 -3 -4 -3 -4  6 -2 -4 -5 -2 -4 -5 -3  0 -3 -1 -4 -4   23   0   0   0   0   0   0  66   1   1   0   2   0   0   0   5   0   1   0   0  1.17 0.32
  228 H   -1  1  0  1 -3  0 -1  0  4 -4 -4  4 -2 -3 -2  2  0 -4 -2 -4    1   4   3  10   0   3   1   8  12   0   0  32   0   1   0  17   6   0   1   0  0.42 0.19
  229 K   -1  0 -1  1 -4  2  2 -3 -1 -4 -4  3 -3 -4 -3  3  1 -4 -3 -3    1   4   1   6   0   9  15   0   1   0   0  27   0   0   0  26   9   0   0   0  0.51 0.21
  230 L   -4 -4 -5 -6 -3 -4 -5 -5 -3 -1  6 -4  3 -1 -5 -4 -3 -3  1 -1    0   0   0   0   0   0   0   0   0   0  84   1   7   0   0   1   0   0   4   1  1.20 0.36
  231 E   -4 -3 -2  4 -6  0  7 -5 -3 -6 -6 -2 -5 -6 -4 -3 -3 -6 -5 -5    0   0   0  20   0   1  80   0   0   0   0   0   0   0   0   0   0   0   0   0  1.68 0.45
  232 F   -3 -5 -5 -5 -3 -5 -5 -5 -4  4  3 -5  0  6 -5 -4 -3 -2 -1  0    0   0   0   0   0   0   0   0   0  27  36   0   0  35   0   0   0   0   0   3  0.95 0.29
  233 M   -3 -4 -4 -5 -1  0 -4 -5 -4 -1  2 -3  8 -3 -4 -3  3 -4 -3 -1    1   0   0   0   1   4   0   0   0   1  18   0  50   0   0   0  23   0   0   1  1.13 0.38
  234 H   -3  0 -2 -1 -5  5  3 -3  6 -5 -4 -1 -3 -5 -3  0  0 -2 -2 -4    0   3   0   1   0  35  23   0  23   0   0   2   0   0   0   5   6   1   0   0  0.95 0.32
  235 I   -3 -5 -5 -5 -3 -4 -5 -6 -5  6  4 -5  3 -2 -5 -4 -3 -4 -3  0    0   0   0   0   0   0   0   0   0  57  36   0   6   0   0   0   0   0   0   1  1.11 0.33
  236 L   -4 -4 -5 -6 -4 -4 -5 -6 -5 -1  6 -5  6 -1 -5 -5 -3 -4 -3 -1    0   0   0   0   0   0   0   0   0   0  78   0  21   1   0   0   0   0   0   0  1.35 0.38
  237 T   -3 -4 -3 -4 -4 -3 -4 -4 -5 -4 -4 -3 -2 -5 -4 -1  8 -5 -4 -3    0   0   0   0   0   0   0   0   0   0   0   0   1   0   0   0  99   0   0   0  2.03 0.55
  238 R   -3  6 -3 -4 -2 -1 -3 -5 -1 -1  2  0 -1  0 -4 -3 -3 -1 -3  0    0  58   0   0   1   1   0   0   2   4  22   2   1   4   0   0   0   1   0   5  0.85 0.30
  239 V   -3 -5 -6 -6 -3 -5 -5 -6 -6  0 -2 -5 -2 -3 -5 -4 -3 -6 -4  7    0   0   0   0   0   0   0   0   0   0   0   0   0   0   0   0   0   0   0 100  1.81 0.49
  240 N   -3 -3  8 -1  2 -3 -3 -3 -2 -6 -6 -3 -3 -6 -5 -1 -3 -6 -5 -5    1   0  91   0   4   0   0   0   0   0   0   0   1   0   0   2   0   0   0   0  2.07 0.51
  241 R   -3  6 -1 -1 -2  2 -2 -4  5 -5 -4  1 -2 -2 -4 -3 -3  1  3 -4    0  49   2   3   1   7   0   0  16   0   1   5   1   0   0   0   0   2  12   0  0.94 0.30
  242 K   -3  3 -2 -3 -5  0 -1 -3 -2 -2 -2  6  4 -4 -3 -2 -1 -5 -4 -2    0  13   0   0   0   2   1   1   1   2   3  59  13   0   0   0   2   0   0   2  0.89 0.32
  243 V   -3 -5 -6 -6 -4 -5 -5 -6 -6  0 -2 -5 -2 -4 -5 -4 -3 -6 -4  7    0   0   0   0   0   0   0   0   0   1   1   0   0   0   0   0   0   0   0  99  1.86 0.51
  244 A    6 -4 -3 -4 -3 -3 -3 -2 -4 -4 -4 -3 -3 -5 -3  4 -1 -5 -4 -3   69   0   0   0   0   0   0   0   0   0   0   0   0   0   0  28   2   0   0   0  1.17 0.40
  245 T   -2  2 -2 -3 -2  1 -2 -4  2  0  0 -2  3  1 -3 -1  2 -2  3  0    0  14   1   1   0   7   1   0   7   5  11   0  10   4   0   1  20   0  14   5  0.27 0.17
  246 E   -3  4  1  3 -5  1  4 -4  3 -5 -5  0 -4 -5 -3 -1 -3 -5 -2 -5    0  25   5  20   0   4  33   0   9   0   0   1   0   0   0   3   0   0   1   0  0.80 0.28
  247 F   -4  1 -2 -5 -5 -3 -3 -5 -1 -3 -2 -1 -3  8 -5  0 -3 -2  2 -3    0  10   2   0   0   1   1   0   1   0   0   5   0  68   0   7   0   0   5   0  1.37 0.39
  248 E   -2 -3 -3 -1 -5  0  6 -5 -2 -2 -4 -1 -3 -5 -3 -2 -3 -5 -4  3    1   0   0   0   0   3  66   0   0   1   0   2   0   0   1   1   0   0   0  25  1.13 0.39
  249 S   -1 -3 -1  2 -4 -2 -2  0 -3 -5 -4 -3 -4 -5 -1  6 -1 -5 -4 -4    1   1   1  12   0   0   1   6   0   0   1   0   0   0   2  74   1   0   0   0  1.08 0.39
  250 Y   -1  0  2 -2  3  2 -2 -3 -1 -1 -1 -1  1  3 -3  0 -1  2  2  0    3   4  15   1   9  11   0   0   0   3   2   1   4  19   0  10   2   3   6   7  0.24 0.15
  251 S    0 -3 -2 -3  6 -3 -3 -3 -4 -4 -4 -3 -4 -5 -1  5  2 -5 -3 -3    6   0   0   0  21   0   0   0   0   0   0   0   0   0   3  56  13   0   0   0  1.07 0.37
  252 L   -2  1  4  3 -1 -1  0 -2 -1 -3 -1  1 -2 -2  1  0  0 -2  0 -3    2   9  25  16   1   0   3   1   0   0   7   9   0   1   8   7   5   0   3   0  0.30 0.15
  253 D   -3 -1  2  6 -5  0  0 -3 -1 -3 -1  0 -1 -4 -3  0 -2 -5 -3 -3    1   3   7  56   0   3   4   0   1   0   8   5   2   0   0   6   1   0   1   1  0.82 0.28
  254 A    0  0 -2 -2 -3 -1  0 -3  0  1 -3 -1 -2 -4  6  1 -1 -5 -3 -2    8   5   1   2   0   2   6   0   2   9   2   1   1   0  47  11   1   0   0   1  0.87 0.26
  255 T    0  1  2  0  1  0 -1  2  0 -3 -3  0 -2  0 -3  1  2 -1 -1 -2    4  10  11   5   4   3   1  17   3   1   1   3   1   5   0   9  19   1   2   0  0.19 0.12
  256 F    2 -4 -3 -5 -4 -4 -4 -4 -2 -2 -1 -4  5  7 -5 -2 -1 -2  1 -2   22   0   1   0   0   0   0   0   1   0   2   0  16  50   0   1   4   0   3   1  1.02 0.34
  257 H   -3 -3  3  1 -2 -2 -2 -3  7  3 -2 -2 -3 -3 -4  2 -2 -5 -2 -2    0   0  17   9   1   0   0   1  30  20   2   0   0   0   0  17   1   0   0   1  0.67 0.28
  258 A    2  0 -1 -2 -2  1  2  4 -3 -4 -3  0 -3 -4 -3 -1 -2 -4 -4 -3   25   6   2   0   1   6  16  35   0   0   2   6   0   0   0   1   0   0   0   0  0.53 0.21
  259 K   -3  0 -2 -3 -6  1 -2 -4 -2 -5 -5  7  2 -5 -4 -3 -3 -6 -4 -3    0   1   1   0   0   5   0   0   0   0   0  85   5   0   0   0   1   0   0   1  1.57 0.46
  260 K   -4 -1 -3 -4 -6 -1 -2 -5 -4 -6 -5  8 -4 -6 -4 -3 -4 -6 -5 -5    0   0   0   0   0   0   0   0   0   0   0 100   0   0   0   0   0   0   0   0  2.11 0.56
  261 Q   -4 -2 -3 -4 -6  9 -1 -5 -3 -6 -5 -2 -4 -7 -5 -3 -4 -5 -5 -6    0   0   0   0   0  99   0   0   0   0   0   0   0   0   0   0   0   0   0   0  2.52 0.66
  262 I   -3 -5 -6 -6 -4 -5 -5 -6 -6  7 -1 -5  3 -2 -5 -5 -3 -5 -4  3    0   0   0   0   0   0   0   0   0  75   0   0   7   0   0   0   0   0   0  18  1.46 0.41
  263 P   -4 -5 -5 -5 -6 -4 -4 -5 -5 -6 -5 -4 -6 -7  9 -4 -4 -7 -6 -6    0   0   0   0   0   0   0   0   0   0   1   0   0   0  99   0   0   0   0   0  3.08 0.63
  264 C   -4 -7 -6 -7 11 -6 -7 -6 -6 -5 -5 -6 -5 -6 -6 -1 -3 -6 -4 -4    0   0   0   0  95   0   0   0   0   0   0   0   0   0   0   4   1   0   1   0  3.45 0.67
  265 I   -3 -5 -5 -5 -4 -5 -5 -6 -5  6 -1 -5  1  5 -5 -4 -3 -3 -1  3    0   0   0   0   0   0   0   0   0  52   1   0   4  26   0   0   0   0   0  16  1.08 0.33
  266 V    3 -4 -3 -4 -3 -3 -4 -4 -4  0 -1 -3  1 -3 -4 -1  1 -5 -3  5   24   0   1   0   0   0   0   0   0   1   1   0   4   0   0   2  11   0   0  55  0.72 0.30
  267 S   -1 -3 -2 -3 -3 -3 -3 -3 -3 -5 -5 -3 -4 -2 -3  7  0 -5 -4 -4    0   0   0   0   0   0   0   0   0   0   0   0   0   2   0  95   2   0   0   0  1.64 0.49
  268 M   -4 -3 -5 -6 -4 -3 -5 -6 -5 -2 -1 -4 10 -3 -5 -4 -2 -4 -4 -2    0   1   0   0   0   0   0   0   0   0   0   0  95   0   0   0   2   0   0   0  2.68 0.63
  269 L   -4 -5 -6 -6 -4 -4 -5 -6 -5 -1  6 -5  0 -2 -5 -5 -4 -4 -3 -1    0   0   0   0   0   0   0   0   0   0  98   0   0   0   0   0   0   0   0   0  1.58 0.42
  270 T   -3 -4 -3 -4 -4 -3 -4 -4 -4 -3 -4 -3 -3 -5 -4 -1  8 -5 -4 -3    0   0   0   0   0   0   0   0   0   0   0   0   0   0   0   0  98   0   0   0  2.01 0.54
  271 K   -3  3 -3 -3 -6 -1 -2 -4 -3 -5 -5  7 -4 -6 -4 -3 -3 -5 -4 -5    0  12   0   0   0   0   0   0   0   0   0  86   0   0   0   0   0   0   0   0  1.70 0.45
  272 E   -3 -1 -1  3 -5  0  5 -4 -1 -4 -1  3 -2 -3 -3 -2 -3 -4 -1 -4    0   0   1  15   0   1  44   0   1   0   7  26   1   1   0   1   0   0   3   0  0.73 0.27
  273 L   -3 -4 -5 -5 -3 -4 -5 -5 -4  1  5 -4  2  2 -5 -4 -3 -3 -2  2    0   0   0   0   0   0   0   0   0   4  68   0   5   8   0   0   0   0   0  13  0.91 0.28
  274 Y   -4 -1 -4 -6 -4 -4 -4 -6  3 -4 -4 -1 -2  2 -6 -4 -4 -1  9 -3    0   4   0   0   0   0   0   0   6   0   0   5   1   4   0   0   0   0  80   1  2.06 0.50
  275 F   -5 -6 -6 -7 -5 -6 -6 -6 -4 -3 -1 -6 -3  9 -7 -5 -5 -2  0 -4    0   0   0   0   0   0   0   0   0   0   3   0   0  97   0   0   0   0   0   0  2.52 0.55
  276 Y   -2 -2 -1 -3 -3 -2 -2 -3  6 -3 -2 -2 -2  4  1  0  0  2  5 -3    0   1   2   0   0   0   0   0  27   0   0   1   0  18   7   8   7   2  26   0  0.66 0.17
  277 H   -2 -1 -1 -2 -4  5  0 -3  8 -4 -4 -1 -2 -3 -3 -1 -2 -3  0 -4    0   0   0   0   0  42   0   0  57   0   0   0   0   0   0   0   0   0   1   0  1.13 0.17

                      K         Lambda
Standard Ungapped    0.1326     0.3171
Standard Gapped      0.0597     0.2670
PSI Ungapped         0.1949     0.3158
PSI Gapped           0.0597     0.2670
