
Last position-specific scoring matrix computed, weighted observed percentages rounded down, information per position, and relative weight of gapless real matches to pseudocounts
           A  R  N  D  C  Q  E  G  H  I  L  K  M  F  P  S  T  W  Y  V   A   R   N   D   C   Q   E   G   H   I   L   K   M   F   P   S   T   W   Y   V
    1 M   -3 -3 -4 -5 -3 -2 -4 -5 -4 -1  0 -3 10 -2 -5 -4 -3 -3 -3 -1    0   0   0   0   0   0   0   0   0   0   0   0 100   0   0   0   0   0   0   0  2.04 0.41
    2 S    3 -2 -1  1 -2 -1  1 -1 -2 -2 -3 -1 -2 -2 -2  2  1 -4 -3 -1   45   0   0  10   0   0  13   0   0   2   0   0   0   1   0  16  12   0   0   1  0.38 0.14
    3 T    0 -3 -2 -3 -2 -2 -2 -2 -3  1  2 -2  0 -1 -2  0  3 -3 -2  3    3   0   0   0   0   1   1   3   0   1  22   0   1   1   1   4  24   0   0  36  0.28 0.13
    4 F   -4 -5 -5 -5 -4 -5 -5 -5 -3 -1 -1 -5 -1  8 -5 -4 -2 -1  1 -2    0   0   0   0   0   0   0   0   0   2   2   0   0  94   0   0   2   0   0   0  1.73 0.33
    5 R   -2  4  1 -2 -4  0 -1 -3 -2 -4 -4  5 -3 -4 -3 -1 -2 -4 -3 -4    0  32   7   0   0   1   0   0   0   0   0  58   0   0   0   3   0   0   0   0  0.91 0.22
    6 Q   -2 -1 -1 -2 -4  7  0 -3  2 -4 -1  0 -1 -4  2 -1 -2 -4 -3 -3    2   0   1   0   0  71   0   0   6   0   6   1   1   0  10   1   0   0   0   1  0.99 0.27
    7 E   -2 -1 -1  1  1  5  4 -1  0 -4 -4  0 -2 -4 -3 -1 -2 -4 -3 -4    0   0   0   6   4  44  39   5   1   0   0   0   0   0   0   1   0   0   0   0  0.83 0.22
    8 D   -2  0  6  3 -4  0 -1 -2 -1 -3 -4  3 -2 -4 -3  0 -1 -5 -3 -4    0   2  48  18   0   3   0   0   0   1   0  24   0   0   0   5   1   0   0   0  0.75 0.20
    9 V   -2 -4 -5 -5 -2 -4 -4 -5 -5  1  0 -4 -1 -2 -4 -3 -2 -4 -3  6    0   0   0   0   0   0   0   0   0   0   3   0   0   0   0   0   0   0   0  97  1.15 0.29
   10 E   -3 -2 -2  2 -5  0  7 -4 -2 -5 -5  0 -4 -5 -3 -2 -2 -5 -4 -4    0   0   0   8   0   0  91   0   0   0   0   1   0   0   0   0   0   0   0   0  1.44 0.32
   11 D   -1 -3  0  7 -5 -1  2 -3 -3 -4 -4 -2 -4 -5 -3 -2 -2 -6 -4 -3    4   0   0  83   0   1   8   0   0   0   2   1   0   0   0   0   1   0   0   1  1.36 0.29
   12 H   -2 -3 -3 -4 -1 -2 -3 -2  4 -1  1 -3  0  5 -4 -3 -2 -1  3  1    0   0   0   0   1   1   0   4  16   0  14   0   2  39   0   0   1   0   9  12  0.53 0.16
   13 Y   -4 -4 -4 -5 -4 -3 -4 -5  0 -3 -3 -4 -3  2 -5 -4 -4  4  9 -3    0   0   0   0   0   0   0   0   0   0   0   0   0   1   0   0   0   4  95   0  2.15 0.40
   14 E   -2 -2 -1  3 -5  0  6 -4 -2 -5 -4 -1 -4 -4 -3 -1  0 -4 -1 -4    0   0   0  13   0   1  78   0   0   0   0   0   0   0   0   0   5   0   3   0  1.14 0.28
   15 M   -2 -4 -4 -4 -2 -3 -4 -5 -4  5  2 -3  5 -1 -4 -3  0 -3 -2  2    0   0   0   0   0   0   0   0   0  55  13   0  20   1   0   0   6   0   0   5  0.70 0.21
   16 G   -1 -3 -2 -3 -4 -2 -2  6 -3 -4 -1 -3  0 -4 -4 -2 -2 -4 -4 -4    1   0   0   0   0   1   3  81   0   0   9   0   3   0   0   0   2   0   0   0  1.16 0.25
   17 E   -2 -1 -1  1 -5  0  7 -4 -2 -5 -5 -1 -4 -5 -1 -1 -2 -5 -4 -4    1   2   1   6   0   0  88   0   0   0   0   0   0   0   2   1   0   0   0   0  1.33 0.33
   18 E   -2 -1 -2  0 -4  0  6 -4 -2 -1 -3  1 -3 -4 -3 -2  0 -4 -3  1    1   1   0   1   0   1  66   0   0   2   0  10   0   0   0   0   4   0   0  14  0.77 0.25
   19 L   -3 -3 -5 -5 -3 -3 -4 -5 -4  1  6 -3  1 -1 -3 -4 -3 -3 -3  0    0   1   0   0   0   0   0   0   0   2  93   1   1   0   1   0   0   0   0   1  1.02 0.28
   20 G   -1 -3 -2 -3 -4 -3 -4  7 -4 -5 -5 -3 -4 -5 -4 -1 -3 -4 -5 -5    1   1   0   0   0   0   0  95   0   0   1   0   0   0   0   1   0   0   0   0  1.68 0.33
   21 S   -1  4 -1 -2 -2 -1 -2 -2 -2 -4 -4 -1 -3 -4 -3  5 -1 -4 -3 -3    0  26   1   0   1   0   0   1   0   1   0   0   0   0   0  71   0   0   0   0  0.91 0.31
   22 G   -1 -3 -2 -3 -4  2 -3  6 -3 -5 -5 -3 -4 -5 -4 -2  1 -4 -4 -4    0   0   0   0   0  11   0  79   0   0   0   0   0   0   0   0   9   0   0   0  1.30 0.30
   23 Q   -3  2 -2 -2 -5  6  1 -4  6 -5 -4 -1 -3 -4 -3 -2 -3 -4 -2 -4    0   9   0   0   0  58   7   0  25   0   0   0   0   0   0   0   0   0   0   0  1.23 0.34
   24 F    0 -4 -5 -5 -4 -4 -5 -4 -3  1  1 -4 -1  7 -5 -3 -3 -1  1 -2    9   0   0   0   0   0   0   0   0   7  11   0   0  71   0   0   0   0   1   0  1.17 0.30
   25 A    4 -3 -2 -3  3 -2 -3  4 -3 -3 -3 -2 -3 -4 -3  1 -1 -4 -4 -2   47   0   0   0   7   0   0  34   0   0   0   0   0   0   0  11   0   0   0   0  0.72 0.22
   26 I   -2 -3 -3 -3 -2  2 -1 -4 -3  4  0 -2  1 -2 -3  1  1 -4 -3  2    0   0   0   0   0  15   1   0   0  44   0   0   3   0   0  11   7   0   0  18  0.42 0.19
   27 V   -2 -4 -4 -5 -2 -4 -4 -5 -5  3 -1 -4 -1 -2 -4 -3  1 -4 -3  6    0   0   0   0   0   0   0   0   0  11   0   0   0   0   0   0   7   0   0  81  1.02 0.30
   28 R   -2  5 -2 -2  4  0  2 -4 -2 -4 -4  4 -3 -4 -3 -2 -2 -4 -3 -4    0  47   0   0  10   0  11   0   0   0   0  32   0   0   0   0   0   0   0   0  0.92 0.26
   29 K   -1  3 -1 -2 -2  1  1 -2 -2 -3 -2  4 -2 -4 -2  2  1 -4 -3 -3    2  19   0   0   1   4   6   0   0   0   5  36   0   0   0  21   7   0   0   0  0.45 0.17
   30 C   -2 -5 -4 -5 10 -4 -5 -4 -5 -2 -3 -5 -3  0 -5  0 -2 -4 -3  1    1   0   0   0  72   0   0   0   0   0   0   0   0   6   0   7   0   0   0  14  1.84 0.38
   31 Q    0  5 -2 -3  1  0 -2 -3 -2 -1 -1  1  5 -3 -3 -2 -2 -2 -3 -2    7  50   0   0   4   3   0   0   0   3   2   6  21   0   0   1   1   0   0   1  0.65 0.23
   32 Q   -2  1 -2  0 -5  4  5  0  1 -5 -4  0 -3 -5 -3 -2 -2 -4 -3 -4    1   6   0   2   0  25  55   7   2   0   0   2   0   0   0   0   0   0   0   0  0.88 0.26
   33 K   -2  5 -2 -2 -4  0  0 -3 -2 -3 -3  5 -3 -4 -3 -2  1 -4 -3 -3    0  36   0   0   0   1   4   0   0   1   1  48   0   0   0   0  10   0   0   0  0.91 0.30
   34 G    1 -1 -1 -2 -2 -1  1  3 -2 -3 -4  0 -3 -4 -2  4  1 -4 -3 -2    9   2   1   0   1   0   8  27   1   1   0   3   0   0   0  41   6   0   0   1  0.49 0.21
   35 T   -1  1 -1 -2 -2 -2 -2 -2 -2 -2 -2 -1  3 -3 -2  2  5 -3 -3 -1    1   8   2   0   0   0   1   1   0   0   1   1  10   0   0  21  52   0   0   2  0.61 0.25
   36 G   -1 -1 -1 -1 -4  1 -2  6 -3 -4 -4 -2 -3 -4 -3 -1 -3 -3 -4 -3    1   3   2   2   0   8   1  76   0   0   1   1   0   0   0   2   1   0   0   1  1.15 0.28
   37 M    0  1 -1 -2 -1 -1 -2 -2 -2  0  1  0  1  2 -2  0  2 -2 -1  1    8   9   2   1   1   2   1   1   1   1  20   4   3  11   0   7  16   0   0  12  0.09 0.07
   38 E   -1  0 -1  1  0  1  3 -2  0 -2  0  0 -1  2 -1  1 -1 -2 -1 -1    3   5   1   7   3   8  25   1   2   0  14   2   0  11   1  11   2   0   1   2  0.15 0.10
   39 Y   -3 -3 -3 -4 -1 -3 -3 -4 -1 -2  0 -3 -2  3 -4 -1 -3  7  7 -2    1   0   0   1   2   0   1   1   0   0  11   1   0  10   0   4   1  14  51   1  1.12 0.29
   40 A    5  1 -2 -3 -2 -2 -2 -2  3 -3 -3 -2 -2 -3 -2  0  0 -3 -2 -2   69   8   0   1   0   0   1   1  11   0   1   1   0   0   0   1   5   0   0   1  0.71 0.27
   41 A    4 -2 -2 -2 -2  2 -2  3 -2 -3 -3 -2 -2 -3 -2  0  0 -3 -3 -2   51   0   0   1   0  11   1  26   0   0   1   1   0   0   0   1   5   0   0   1  0.58 0.22
   42 K   -2  0  2 -2 -4  2 -1 -3 -2 -4 -4  6 -3 -4  0 -1 -2 -4 -3 -3    1   0  11   1   0   8   1   1   0   0   1  70   0   0   4   1   1   0   0   1  0.92 0.29
   43 F    0 -3 -3 -4 -3 -2 -3 -3 -3 -1 -1 -3 -1  7 -3 -1 -1 -1  1  0   11   0   0   1   0   2   1   1   0   0   2   1   0  62   0   4   4   0   0   8  0.85 0.26
   44 I   -2 -3 -3 -4 -2 -3 -3 -4  2  5  2 -3  1 -1 -3 -3 -2 -3 -2  3    1   0   0   1   0   0   1   1   7  55  14   1   1   0   0   1   1   0   0  16  0.62 0.21
   45 K   -2  1 -2 -2 -4  2 -1 -3 -2 -3 -3  6  1 -4  2 -2 -2 -4 -3 -3    1   2   0   1   0   8   1   1   0   0   1  68   4   0  11   1   1   0   0   1  0.91 0.29
   46 K   -2  0 -2 -2 -4 -1  1 -3 -2  1 -1  5  0 -3 -3 -2  0 -4 -3  0    0   0   0   0   0   0   7   0   0   9   6  62   2   0   0   0   6   0   0   5  0.61 0.26
   47 R    0  6  2 -3 -4  1 -2 -3 -2 -5 -4  1 -3 -5 -3  1 -2 -5 -3 -4    7  66  10   0   0   3   0   0   0   0   0   3   0   0   0  11   0   0   0   0  1.03 0.32
   48 R    0  5 -2 -3 -4  3 -1 -1  0 -3 -1  3 -2 -4 -2 -2 -2 -4 -3 -3   11  37   0   0   0  17   0   4   2   1   9  20   0   0   1   0   0   0   0   0  0.54 0.22
   49 L    1 -1  0 -2  3 -2 -2 -1 -1 -1  1 -1 -1 -2 -2  3  2 -3 -2 -1    9   3   5   0   8   0   0   3   1   0  22   1   0   0   0  27  19   0   0   1  0.25 0.16
   50 P    1  3  0 -2  3  2  0 -1 -1 -3 -2  2 -1 -3 -1  1 -1  0 -2 -2   12  25   5   0   7  12   2   2   0   1   2  13   1   0   2  10   2   1   0   2  0.28 0.13
   51 S    2 -2 -1 -2  2 -2 -2  4  0 -2 -3 -2 -2 -3  1  2 -1 -3 -3 -2   20   0   0   0   6   0   0  39   3   2   1   0   0   0   6  17   2   0   0   2  0.46 0.15
   52 S   -1 -2  2 -1 -3  2 -1  1 -2 -3 -4 -1 -3 -4 -2  5  0 -4 -3 -1    0   0  11   0   0  12   0  12   0   0   0   0   0   0   0  61   0   0   0   5  0.63 0.26
   53 R   -2  6  3 -2 -4 -1 -1 -3  1 -3 -2  1 -2 -3 -3 -1 -2  3 -2 -3    2  55  17   0   0   0   0   0   4   0   3   2   0   0   0   3   0   5   0   0  0.69 0.23
   54 R   -2  6 -2 -3 -3 -1 -2 -4 -2 -2  2  0  2 -2 -3 -2 -2  2 -2 -2    1  60   0   0   0   0   0   0   0   0  25   0   7   0   0   0   0   3   0   0  0.76 0.25
   55 G    1 -4 -2 -3 -4 -3 -4  6 -4 -4 -1 -3 -3 -4 -4 -2 -3 -4 -4 -4    9   0   0   0   0   0   0  84   0   0   8   0   0   0   0   0   0   0   0   0  1.32 0.31
   56 V    0 -3 -3 -4 -2 -2 -3 -3 -3  1  2 -3  1  3 -2 -2 -1 -2 -1  4    9   0   0   0   0   2   0   0   0   4  20   0   4  15   2   0   0   0   0  42  0.34 0.15
   57 S   -1  1 -1  3  3  0  3 -1 -2 -2 -2  1 -2 -2  1  1 -1 -3 -3 -2    3   8   0  19   9   2  22   2   0   1   2   7   1   1   8  13   2   0   0   0  0.30 0.11
   58 R   -2  6 -1  0 -3  0 -1 -3 -1 -4 -3  3 -2 -4 -3 -1 -2 -4 -3 -3    0  74   0   6   0   1   0   0   0   0   1  13   0   0   0   2   0   0   0   0  0.91 0.19
   59 E   -1  0 -1  2 -3  1  5  0 -1 -3 -2  1  1 -3 -2  0 -1 -3 -3 -2    3   2   0   8   0   0  58   8   0   0   1   6   6   0   0   2   3   0   0   2  0.49 0.13
   60 E   -1  0  0  2 -2  3  4 -2 -1 -3 -1  0 -2 -3 -2  1  0 -3 -2 -2    0   2   2   9   1  15  48   0   0   0   7   0   0   0   0   9   7   0   0   0  0.46 0.11
   61 I   -1 -3 -3 -3 -2 -3 -3 -4 -3  5  1 -3  0  1 -3 -1 -1 -3 -1  3    0   0   0   0   0   0   0   0   0  56   7   0   0   6   0   7   0   0   0  21  0.43 0.12
   62 E   -1 -1 -1  0 -4  1  6 -3 -1 -3 -3  0 -2 -4 -2  1 -1 -4 -3 -1    1   0   0   0   0   2  73   0   0   0   0   2   0   0   0  13   0   0   0   6  0.73 0.17
   63 R   -2  6 -1 -2 -4  2 -1 -3 -1 -3 -1  2 -2 -3 -3 -2 -2 -3 -2 -3    0  78   0   0   0   7   0   0   0   0   7   5   0   0   0   0   0   0   0   0  0.91 0.19
   64 E   -2 -1 -1  0 -4  1  6 -3 -1 -3 -3  0 -3 -4 -2 -1  2 -4 -3 -3    0   0   0   0   0   0  78   0   0   0   0   0   0   0   0   0  18   0   0   0  0.86 0.20
   65 V   -1 -2 -2 -3 -2 -2 -2  0 -3  1  0 -1  0 -2 -2  0 -1 -3 -2  4    1   1   0   1   0   0   1   7   0   1   5   6   0   0   1   7   1   0   0  68  0.31 0.12
   66 S    0 -1  3  1  3  0  1  0  0 -2 -2  0 -1 -2 -2  1  1 -2  0 -2    4   1  27   6   9   1  12   4   0   1   1   3   1   1   1  12  10   0   6   1  0.22 0.06
   67 I   -2 -3 -3 -3 -2 -3 -3 -4 -3  5  1 -3  2 -1 -3 -3 -1 -3 -2  2    1   1   0   1   0   0   1   1   0  73   2   1   7   0   1   1   1   0   0  10  0.57 0.15
   68 L   -2  0 -3 -3 -2 -2 -2 -3 -3  1  4  0  1  0 -3 -2 -2 -2 -2  0    1   7   0   1   0   0   1   1   0   1  79   6   0   0   1   1   1   0   0   1  0.47 0.13
   69 R   -2  4 -1 -1 -3  5  1 -2  1 -3 -3  2 -1 -3 -2 -1 -1 -3 -2 -3    1  36   0   1   0  43   1   1   2   1   1   8   0   0   1   2   1   0   0   1  0.64 0.14
   70 E    0  0  0  1 -3  4  3 -2  0 -2 -2  1 -1 -3 -1  1 -1 -3 -2 -2    7   2   0   5   0  33  26   1   1   1   2   7   0   0   1  11   1   0   0   1  0.40 0.10
   71 I   -1 -2 -2 -1 -2 -2 -2 -3 -3  3  2 -2  3 -1 -2 -2 -1 -2 -2  2    1   1   0   6   0   0   1   1   0  32  26   1  11   0   1   1   2   0   0  15  0.27 0.07
   72 R   -1  3  0 -1 -3  4  1 -2  0 -2  1  1  0 -2 -2 -1 -1 -2 -2 -2    1  25   2   2   0  35   4   1   1   1  21   2   0   0   1   1   1   0   0   1  0.34 0.11
   73 H   -2 -1  1 -2 -3  1 -1 -2  9 -4 -3 -1 -2 -2 -2  0 -2 -3  0 -3    1   1   6   1   0   7   1   1  71   1   1   1   0   0   1   7   1   0   0   1  1.10 0.20
   74 P   -1 -2 -1 -1 -2  0 -1 -2 -1 -3 -3 -1 -3 -3  7  1 -1 -3 -3 -3    3   1   1   3   1   4   2   1   1   1   1   1   0   0  65  12   2   0   0   1  1.27 0.16
   75 N   -2 -1  6  0 -3  1 -1 -1  0 -3 -3 -1 -2 -2 -2  0  0 -3  1 -3    1   1  73   1   0   7   1   1   1   1   1   1   0   0   1   1   5   0   6   1  0.80 0.17
   76 I    0 -3 -3 -3 -1 -2 -3 -3 -3  5  1 -2  2 -1 -2 -2 -1 -3 -2  2    7   1   1   1   0   1   1   1   0  60   1   1   7   1   1   1   1   0   0  15  0.39 0.11
   77 I   -1 -2 -2 -2 -2 -1  0 -3 -2  3  1 -2  3 -1 -2 -2 -1 -2 -1  3    1   1   1   1   0   1   8   1   0  30  10   1  17   1   1   1   1   0   0  25  0.25 0.08
   78 T    1  1 -1 -1 -2  1  0 -1 -1 -1 -1  0  1 -2 -1  1  3 -2 -2  0   14   9   1   1   0  10   1   1   1   1   2   4   6   1   1  12  29   0   0   7  0.17 0.06
   79 L   -2 -2 -3 -3 -2 -2 -3 -3 -2  1  4 -2  1  2 -3 -2 -1 -1  1  0    1   1   1   1   0   1   1   1   0   2  71   1   1   8   1   1   1   0   5   1  0.42 0.10
   80 H   -2  0  0 -2 -3  1  0 -2  8 -2 -2  1 -2 -1 -2 -1 -2 -2  1 -1    1   2   1   1   0   8   1   1  63   1   1   9   0   1   1   1   1   0   3   6  0.73 0.13
   81 D   -2 -1  1  5 -3  3  2 -2 -1 -3 -3  0 -2 -3  1 -1 -1 -3 -3 -3    1   1   1  57   0  19   8   1   0   1   1   1   0   0   6   1   1   0   0   1  0.64 0.10
   82 V    0 -2 -3 -3 -1 -2 -2 -3 -3  2  1 -1  0 -1 -2 -2 -1 -3 -1  3    7   1   0   1   0   0   1   1   0  14  13   7   0   0   1   1   1   0   0  52  0.24 0.06
   83 F   -2 -2  0 -3 -2  0 -2 -3  0 -1 -1 -2 -1  5 -3 -2 -2  1  5  0    1   1   6   1   0   6   1   1   0   1   1   1   0  41   1   1   1   0  32   7  0.52 0.09
   84 E    0 -1 -1  1 -3  2  5 -2 -1 -3 -3  0 -2 -3 -1  1  0 -3 -2 -2    6   1   0   1   0   6  69   1   0   1   1   1   0   0   1   8   4   0   0   1  0.58 0.10
   85 N   -1 -1  5  2  0  0  0 -1  0 -3 -3 -1 -2 -3 -2  2  0 -3 -2 -3    1   1  56   7   3   0   1   2   2   1   1   1   0   0   1  22   1   0   0   1  0.52 0.10
   86 K   -1  5  0 -1 -3  1  0 -1 -1 -2 -2  3 -1 -1 -2 -1  0 -3 -2 -2    1  46   2   1   0   2   1   3   0   1   1  31   0   4   1   1   5   0   0   2  0.45 0.08
   87 T    1 -1  0 -1 -1 -1 -1 -1 -1 -1 -1 -1 -1 -2 -1  1  4 -2  0  0   17   1   1   1   0   1   1   1   1   1   1   1   0   1   1   8  54   0   5   5  0.30 0.07
   88 D   -1 -1  0  5 -3  1  3 -2 -1 -3 -3  0 -2 -3 -1  0  0 -3 -2 -2    1   1   1  50   0   4  27   1   0   1   1   1   0   1   1   1   8   0   0   1  0.57 0.08
   89 V   -1 -2 -2 -2 -1 -2 -2 -2 -2  2  1 -2  2 -1 -2 -1  0 -2 -1  3    2   1   1   1   0   1   1   2   0   7  13   1   7   1   1   2   3   0   1  54  0.22 0.05
   90 V    0 -2 -2 -2 -1 -2 -2 -1 -2  2  1 -1  0 -1 -2 -1  0 -2 -1  4    2   1   1   1   0   1   1   7   0   7   5   5   1   1   1   2   2   0   1  60  0.19 0.06
   91 L   -1 -2 -2 -2  1 -1 -1 -2 -2  1  4 -2  1  0 -2 -2 -1 -1 -1  0    2   1   1   1   3   1   5   2   1   2  71   1   1   1   1   2   1   0   1   2  0.26 0.05
   92 I   -1 -2 -2 -2  0 -2 -1 -2 -2  4  1 -2  1 -1 -2 -2 -1 -2 -1  2    4   1   1   1   2   1   4   2   0  62   2   1   0   1   1   2   1   0   1  11  0.23 0.05
   93 L   -1 -2 -2 -2 -1 -2 -2 -2 -2  1  4 -2  2  0 -2 -1 -1 -2 -1  1    2   1   1   1   0   1   1   2   0   3  67   1   3   1   1   8   1   0   1   4  0.25 0.04
   94 E   -1 -1 -1  1 -1  1  5  0 -1 -2 -2  0 -2 -1 -1  0 -1 -2 -2 -2    2   1   1   1   2   1  68   9   0   1   2   1   0   3   1   2   1   0   1   1  0.45 0.06
   95 L   -1  1 -2 -2 -1 -1 -2 -2 -2  1  3 -1  1  0 -2 -2 -1  1 -1  0    2  10   1   1   0   1   1   2   0   1  67   1   1   2   1   2   1   3   1   1  0.24 0.05
   96 V   -1 -2 -2 -2 -1 -2 -2 -3 -3  2  0 -2  1 -1  3 -1  0 -3 -2  3    1   1   1   1   0   1   1   1   0  14   1   1   2   1  18   1   1   0   0  53  0.32 0.05
   97 S    1  0  0  0  0  1  2 -1  0 -2 -2  0 -2 -2 -1  3  1 -2 -2 -2    4   4   3   1   2   3  18   2   1   1   2   2   0   1   1  52   2   0   0   1  0.28 0.05
   98 G   -1  0  2  2 -3 -1 -1  4 -1 -3 -3 -1 -2 -3 -2  0 -1 -3 -2 -3    1   7  18  19   0   1   1  44   0   1   1   1   0   1   1   1   1   0   0   1  0.44 0.04
   99 G    0 -2 -1 -2 -2 -2 -2  4 -2  1  0 -2  3 -2 -2 -1 -1 -2 -2  0    1   1   1   1   0   1   1  51   0  18   1   1  19   1   1   1   1   0   0   1  0.35 0.05
  100 E    0 -1 -1  0 -2  1  4 -2  0 -1 -1  0  2  0 -2 -1 -1 -1  3 -1    7   1   1   1   0   1  44   1   0   1   1   1  17   1   1   1   1   0  19   1  0.27 0.06
  101 L   -2 -2 -3 -3 -2 -2 -3 -3 -3  1  4 -2  2  0 -3 -2 -1 -2 -1  0    1   1   1   1   0   1   1   1   0   1  89   1   0   0   1   1   1   0   0   1  0.48 0.08
  102 F   -1 -2 -2 -3 -2 -2 -2 -3 -2  1  2 -2  0  5 -2 -2 -1  0  1  1    1   1   1   1   0   1   1   1   0   1  19   1   0  47   1   1   1   0   1  19  0.32 0.05
  103 D   -2  0  0  5 -3 -1  1 -2 -1 -2  0 -1 -1 -2 -2 -1 -1 -3 -2 -2    1   7   1  64   0   1   1   1   0   1  19   1   0   0   1   1   1   0   0   1  0.50 0.07
  104 F   -1 -2 -1 -2 -2 -1 -1 -2 -1 -1  0 -1  0  5 -2  1 -1  0  2 -1    2   1   1   2   1   1   2   2   1   1   3   2   1  54   2  20   2   0   1   2  0.30 0.05
  105 L   -1 -2 -2 -2 -1 -1 -2 -2 -2  2  2 -2  1  0 -2 -2 -1  6  0  1    2   1   1   2   1   1   2   2   1  17  38   2   1   1   2   2   2  19   1   4  0.32 0.03
  106 A    3  0 -1 -1 -1  0  0  0 -1 -1 -1  2 -1 -2 -1  1  0 -2 -1 -1   53   1   1   2   1   1   2   2   1   1   3  20   1   1   2   4   2   0   1   2  0.21 0.04
  107 E    0  1  0  0 -2  3  3 -1  0 -2 -2  2 -1 -2 -1  0 -1 -2 -1 -2    4   3   1   2   1  17  34   2   1   1   3  22   1   1   2   2   2   0   1   2  0.31 0.03
  108 K   -1  1  0 -1 -3  1  0 -2  4 -3 -2  4 -1 -2 -1 -1 -1 -2 -1 -2    1   1   1   1   0   1   1   1  19   1   2  66   0   1   1   1   1   0   1   1  0.44 0.07
  109 E   -1 -1  0  2 -3  1  4  2 -1 -3 -3  0 -2 -3 -1  0 -1 -2 -2 -2    1   1   1   9   0   1  58  19   0   1   2   1   0   1   1   1   1   0   1   1  0.46 0.06
  110 S    0 -1  2 -1  0 -1 -1 -1 -1 -2 -1 -1  1 -2 -1  4  1 -3 -2 -1    3   1  12   1   2   1   1   1   0   1   4   1   6   0   1  63   2   0   0   2  0.36 0.10
  111 L   -2 -2 -3 -3 -2 -2 -3 -3 -3  1  4 -3  1  0 -3 -2 -1 -2 -1  1    1   1   1   1   0   1   1   1   0   1  83   1   0   0   1   1   1   0   0   8  0.52 0.10
  112 T    0  0  0 -1 -1 -1 -1 -1 -2 -1  0 -1 -1 -2 -1  3  3 -3 -2 -1    1   7   1   1   1   1   1   1   0   1  10   1   1   0   1  39  34   0   0   1  0.30 0.08
  113 E   -2 -1 -1  1 -4  1  6 -3 -1 -4 -3  2 -3  0 -2 -1 -2 -3 -2 -3    0   0   0   0   0   0  82   0   0   0   0  12   0   6   0   0   0   0   0   0  0.87 0.16
  114 D   -1 -1  2  3 -1  1  5 -2 -1 -3 -3  0 -3 -4 -1  1  0 -4 -3 -3    1   0   9  14   1   0  59   0   0   1   0   0   0   0   2   7   4   0   0   0  0.60 0.11
  115 E   -1 -1 -1  1 -4  1  6 -2 -1 -2 -3  0 -2 -3 -2 -1 -1 -3 -3  0    1   0   0   2   0   0  78   2   0   0   1   0   0   0   0   0   0   0   0  12  0.71 0.14
  116 A    5 -2 -2 -2 -1 -1 -1 -1 -2 -2 -2 -1 -2 -3  2  0 -1 -3 -2 -1   83   0   0   0   0   0   0   0   0   0   1   0   0   0  12   0   0   0   0   0  0.63 0.13
  117 T   -1 -2  1 -2 -2 -2 -2 -2 -2  3 -1 -2 -1 -2 -2  0  4 -3 -2  0    0   0   9   0   0   0   0   0   0  28   1   0   0   0   0   4  54   0   0   1  0.37 0.11
  118 Q   -1  1 -1  0 -3  4  3 -2 -1 -3 -3  0 -1 -3  2  0 -1 -3 -2 -2    1   5   0   1   0  41  28   0   0   0   1   0   0   0  12   5   2   0   0   3  0.53 0.10
  119 F   -3  1 -3 -4 -3 -3 -3 -4 -2 -1 -1 -2 -1  7 -4 -3 -3  0  2 -2    0  12   0   0   0   0   0   0   0   0   1   0   0  82   0   0   0   0   0   0  0.96 0.16
  120 L   -2 -3 -3 -4 -2 -2 -3 -4 -3  4  3 -3  3  0 -3 -3 -1 -2 -2  1    0   0   0   0   0   0   0   0   0  41  44   0  10   0   0   0   0   0   0   0  0.45 0.09
  121 K   -1  1  0 -1 -4  2  1 -1 -1 -3 -3  6 -2 -4 -2 -1 -1 -4 -3 -3    0   1   2   0   0   6   5   2   0   0   0  82   0   0   0   0   0   0   0   1  0.72 0.15
  122 Q   -2  0 -1 -1 -3  7  1 -3 -1 -3  0  0 -1 -3 -2 -1 -2 -3 -2 -3    0   0   0   0   0  84   1   0   0   0  10   0   0   0   0   0   0   0   0   0  0.88 0.19
  123 I   -2 -4 -4 -4 -2 -3 -4 -4 -4  6  1 -3  0 -1 -3 -3 -1 -3 -2  2    0   0   0   0   0   0   0   0   0  93   3   0   0   0   0   0   0   0   0   1  0.79 0.16
  124 L   -1 -3 -3  1 -2 -2 -2 -4 -3  1  5 -3  1  0 -3 -3 -2 -2 -2  0    3   0   0  10   0   0   0   0   0   0  84   0   0   0   0   0   0   0   0   0  0.52 0.12
  125 D   -2 -1  1  4 -2  0  2 -2  0 -2 -1  0 -2  1 -2  0 -1 -3 -1 -2    1   3   5  39   1   2  19   0   3   0   8   4   0  10   0   4   0   0   0   0  0.35 0.07
  126 G    0 -3 -1 -2 -3 -3 -3  6 -3 -4 -4 -2 -3 -4 -3 -1 -2 -3 -4 -4    2   0   0   0   0   0   0  95   0   0   0   0   0   0   0   0   0   0   0   0  1.33 0.16
  127 V   -1 -3 -3 -3 -1 -2 -3 -3 -3  2  1 -2  1 -1 -2 -1 -1 -3 -2  5    1   1   0   1   0   0   1   1   0   1  14   1   3   0   1   4   1   0   0  72  0.41 0.10
  128 H    0  0  3  0 -3  1  0  0  5 -3 -2  0 -2 -2 -2  0 -1 -2  0 -2    8   4  18   3   0   8   3   8  27   0   2   5   0   1   1   5   1   0   3   2  0.26 0.06
  129 Y   -2 -2 -3 -3 -3 -2 -3 -3  1 -2 -1 -2 -1  4 -3 -2 -2  2  7 -2    1   0   0   1   0   0   1   1   0   0   1   1   0  15   1   3   1   2  73   1  1.05 0.16
  130 L   -2 -2 -3 -3 -2 -2 -3 -3 -3  1  4 -2  4  0 -3 -2 -1 -2 -1  1    1   0   0   1   0   0   1   1   0   4  62   1  23   0   1   1   1   0   0   3  0.47 0.10
  131 H   -2 -1  0 -2 -3  0 -1 -3  9 -4 -3 -1 -2 -2 -3 -2 -2  2  1 -4    1   0   0   1   0   0   1   1  85   0   1   2   0   0   1   1   1   4   0   1  1.37 0.19
  132 S    1 -1  0  0  0  0 -1  1 -1 -2 -2  0 -2 -2 -1  3  2 -3 -2 -2    8   0   2   4   2   2   1   8   1   0   1   4   0   1   1  49  16   0   0   1  0.31 0.08
  133 K   -1  3  0 -1 -2  1  0 -2  0 -3 -1  5 -1 -3 -2 -1 -1 -3 -2 -2    1  20   4   1   1   1   1   1   2   0   6  59   0   0   1   1   1   0   0   1  0.46 0.10
  134 R   -1  3  3 -1 -2  2  0 -2  4 -3 -2  2 -1 -3 -2  0 -1 -3 -1 -2    1  23  19   1   1  12   1   1  14   1   2  20   1   0   1   1   1   0   0   1  0.35 0.06
  135 I   -2 -4 -4 -4 -2 -4 -4 -5 -4  6  1 -3  0 -1 -2 -3 -1 -3 -2  2    0   0   0   0   0   0   0   0   0  93   1   0   0   0   1   0   0   0   0   3  0.77 0.16
  136 A    5 -2 -2 -2  1 -2 -2  0 -2 -2 -2 -1 -2 -3 -2  1  0 -3 -3  0   88   0   0   0   2   0   0   3   0   1   0   0   0   0   0   2   2   0   0   3  0.61 0.14
  137 H   -3 -1  0 -2 -4 -1 -1 -3  9 -4 -4 -2 -3 -2 -3 -1 -2 -3  1 -4    0   0   0   0   0   0   0   0  95   0   0   0   0   0   0   3   1   0   0   0  1.64 0.23
  138 F   -3 -3 -3 -4 -3 -3 -3 -3 -2 -1  0 -3 -1  7 -4 -2 -2  0  2 -1    1   0   0   0   0   0   1   1   0   0   3   1   0  87   0   2   1   0   1   1  1.02 0.15
  139 D   -2 -2  1  7 -4 -1  1 -2 -2 -3 -4 -1 -3 -4 -1 -1 -1 -4 -3 -3    1   1   0  87   0   0   1   1   0   0   1   1   0   0   2   1   1   0   0   1  1.08 0.14
  140 L   -2 -2 -3 -4 -2 -2 -3 -3 -3  1  5 -3  1  0 -3 -3 -2 -2 -1  0    1   1   0   0   0   0   1   1   0   1  89   0   0   1   1   1   1   0   0   1  0.58 0.11
  141 K   -1  1 -1 -1 -3  1  0 -2 -1 -3 -3  6 -2 -3 -2 -1 -1 -3 -2 -3    1   1   0   0   0   4   1   1   0   0   1  87   0   0   0   1   0   0   0   1  0.76 0.14
  142 P   -2 -3 -3 -2 -3 -2 -2 -3 -3 -3 -3 -2 -3 -4  8 -2 -2 -4 -3 -2    1   0   0   0   0   0   1   1   0   0   1   0   0   0  90   1   0   0   0   3  2.03 0.18
  143 E   -1 -1 -1  1 -4  1  6 -3 -1 -4 -3  0 -3 -4 -2  0 -1 -3 -3 -3    1   0   0   0   0   0  90   1   0   0   1   0   0   0   0   3   0   0   0   1  0.96 0.16
  144 N   -2 -1  7  0 -3 -1 -1 -1  0 -4 -4 -1 -3 -3 -1  0 -1 -4 -3 -3    1   0  90   0   0   0   1   1   0   0   1   0   0   0   3   1   0   0   0   1  1.07 0.17
  145 I   -2 -3 -3 -3 -2 -3 -3 -4 -4  6  1 -3  0 -1 -3 -3 -1 -3 -2  2    1   0   0   0   0   0   1   1   0  90   1   0   0   0   0   1   0   0   0   3  0.68 0.14
  146 M   -2 -2 -3 -4 -2 -1 -3 -3 -2  0  1 -2  9 -1 -3 -2 -2 -2 -2  0    1   0   0   0   0   0   0   0   0   0   1   0  93   0   0   0   0   0   0   0  1.12 0.23
  147 L   -2 -3 -4 -4 -2 -3 -3 -4 -3  1  5 -3  2  0 -3 -3 -2 -2 -2  0    1   0   0   0   0   0   0   0   0   0  93   0   1   0   0   0   0   0   0   0  0.67 0.13
  148 L   -1 -2 -2 -3 -2 -1 -2 -3 -2  1  4 -2  1  0 -3  1 -1 -2  0  0    2   0   0   0   0   4   0   0   0   0  71   0   0   1   0  15   0   0   3   0  0.35 0.10
  149 D   -2 -2  1  6 -4  0  2 -2 -2 -4 -4 -1 -3 -4 -2 -1 -2 -4 -3 -3    1   0   3  78   0   3   8   0   0   0   1   0   0   0   0   2   0   0   0   0  0.99 0.14
  150 K   -1  3  0 -1 -4  1  0 -2 -1 -3 -3  6 -2 -4 -2 -1 -1 -3 -2 -3    1   9   3   0   0   1   0   0   0   0   1  80   0   0   0   1   0   0   0   0  0.73 0.14
  151 H   -1 -1  5  2  0 -1  0 -1  1 -2 -2 -1 -1 -3 -2  1  1 -3 -2 -1    1   0  50   9   3   0   3   3   5   0   1   1   3   0   0   5  11   0   0   5  0.40 0.09
  152 A    1 -2 -2 -2 -1 -1 -1 -2 -3  2  1 -2  0 -1 -2  0  0 -3 -2  3   16   0   0   1   0   1   3   0   0  13   9   0   1   0   0   8   2   0   0  45  0.20 0.06
  153 A   -1 -2 -2 -1 -3 -2 -1 -3 -2 -3 -3 -1 -3 -4  8 -1 -1 -4 -3 -3    3   1   0   3   0   1   1   0   0   0   1   2   0   0  84   2   1   0   0   0  1.82 0.17
  154 S   -1 -1  3 -1 -2  0 -1 -2  3  1  0  0  0 -2  0  0 -1 -3 -1  0    1   1  30   1   0   1   0   0  10  18  14   8   1   0   4   9   0   0   0   1  0.15 0.06
  155 P   -1 -3 -3 -2 -3 -2 -2 -3  0 -3 -3 -2 -3 -4  8 -1 -1 -4 -3 -3    1   0   0   0   0   0   0   0   3   0   2   0   0   0  87   0   2   0   0   0  1.95 0.18
  156 R   -2  5  1  0 -3  1  0 -2  4 -3 -3  1 -2 -3 -2 -1 -1  1 -1 -3    1  52   6   5   0   4   0   0  20   1   1   3   0   0   0   0   2   2   0   0  0.54 0.10
  157 I   -2 -3 -4 -4 -2 -3 -4 -4 -4  6  1 -3  1 -1 -3 -3 -1 -3 -2  2    1   0   0   0   0   0   0   0   0  91   1   0   2   0   0   0   0   0   0   2  0.72 0.15
  158 K   -1  1 -1 -1 -4  1  0 -2 -1 -3 -3  6 -2 -4 -2 -1 -1 -3 -2 -3    1   0   0   0   0   0   0   0   0   0   1  94   0   0   0   0   0   0   0   0  0.89 0.17
  159 L   -2 -3 -4 -4 -2 -3 -3 -4 -3  3  4 -3  2  0 -3 -3 -1 -2 -2  1    1   0   0   0   0   0   0   0   0  25  67   0   1   0   0   0   0   0   0   1  0.51 0.10
  160 I   -2 -3 -4 -4 -2 -3 -4 -4 -4  6  1 -3  0 -1 -3 -3 -1 -3 -2  2    1   0   0   0   0   0   0   0   0  92   1   0   0   0   0   0   0   0   0   2  0.74 0.16
  161 D   -2 -2  1  7 -4 -1  1 -2 -2 -4 -4 -1 -4 -4 -2 -1 -2 -5 -4 -4    1   0   0  94   0   0   0   0   0   0   1   0   0   0   0   0   0   0   0   0  1.28 0.18
  162 F   -3 -3 -4 -4 -3 -4 -4 -4 -2 -1  0 -4 -1  8 -4 -3 -3  0  2 -2    1   0   0   0   0   0   0   0   0   0   1   0   0  94   0   0   0   0   0   0  1.24 0.18
  163 G    0 -3 -1 -2 -3 -2 -3  6 -3 -4 -4 -2 -3 -4 -3 -1 -2 -3 -3 -4    1   0   0   0   0   0   0  92   0   0   1   0   0   0   0   2   0   0   0   0  1.23 0.15
  164 I   -2 -3 -4 -4 -2 -3 -3 -4 -3  3  4 -3  2  0 -3 -3 -1 -2 -2  1    1   0   0   0   0   0   0   0   0  26  66   0   3   0   0   0   0   0   0   0  0.50 0.10
  165 A    5 -2 -2 -2 -1 -1 -2 -1 -2 -2 -2 -1 -2 -3 -1  0 -1 -3 -2 -1   94   0   0   0   0   0   0   0   0   0   1   0   0   0   0   0   0   0   0   0  0.71 0.15
  166 H   -2  0  0 -2 -4  2 -1 -3  9 -4 -3 -1 -2 -2 -3 -2 -2 -3  1 -4    1   2   0   0   0   9   0   0  80   0   1   0   0   0   0   0   0   0   2   0  1.28 0.19
  167 R   -1  3 -1 -1 -1  1  2 -2  1 -3 -3  5  0 -3 -2 -1 -1 -3 -2 -3    0  12   0   0   2   3  12   0   5   0   1  60   3   1   0   0   1   0   0   0  0.52 0.11
  168 I   -2 -4 -4 -4 -2 -3 -4 -4 -4  5  2 -3  1  3 -4 -3 -1 -2 -1  2    0   0   0   0   0   0   0   0   0  71  12   0   1  14   0   0   2   0   0   0  0.57 0.13
  169 E   -1 -1 -1  2 -2  2  5 -3  1 -2 -3  0 -2 -4 -2  0 -1 -4 -2 -3    5   0   1   8   1   4  67   0   3   3   2   2   0   0   0   2   3   0   0   0  0.62 0.12
  170 A    2 -2  0  3 -2  1  1 -1 -2 -2 -3 -1 -2  0  2  0  0 -3 -2 -2   32   0   2  26   0   9   8   0   0   0   0   0   0   7  11   1   4   0   0   0  0.30 0.07
  171 G   -1 -2 -1 -1 -3 -3 -3  6 -3 -5 -5 -2 -4 -4 -3 -1 -2 -3 -4 -4    0   2   0   2   0   0   0  95   0   0   0   0   0   0   0   1   0   0   0   0  1.33 0.17
  172 S   -1 -1  4  0 -2  0  2 -2 -1  0 -2 -1 -1 -3 -2  0  0 -4 -2  2    2   0  34   0   0   4  16   1   1   1   0   0   0   0   0   4   2   0   0  35  0.26 0.09
  173 E   -1 -1 -1  2 -4  1  6 -3 -1 -4 -4  0 -3 -4 -1 -1  0 -4 -3 -3    2   0   0   7   0   0  85   0   0   0   0   0   0   0   1   0   4   0   0   1  0.93 0.17
  174 F   -3 -3 -3 -4 -3 -3 -3 -4 -1 -1  0 -3 -1  7 -4 -3 -3  1  5 -2    0   0   0   0   0   0   0   0   0   0   2   0   0  71   0   0   0   0  22   0  1.00 0.15
  175 K   -1  3 -1 -1 -4  1  0 -2 -1 -3 -3  6 -1 -3 -2 -1 -1 -3 -2 -3    0  14   0   0   0   0   0   0   0   0   1  80   1   0   0   0   0   0   0   0  0.76 0.15
  176 N   -1 -1  6  0  1 -1 -1 -1  0 -3 -3 -1 -3 -3 -2  2  0 -4 -3 -3    0   0  66   0   5   0   0   0   1   0   1   0   0   0   0  23   0   0   0   0  0.73 0.14
  177 I   -2 -3 -3 -3 -2 -2 -3 -4 -3  5  2 -3  2 -1 -3 -2  0 -3 -2  2    0   0   0   0   0   1   0   0   0  65  13   0   8   0   0   3   7   0   0   0  0.42 0.10
  178 F   -1 -3 -2 -3  3 -3 -3 -1  0 -1 -1 -3 -1  6 -3  0 -2  0  2 -2    2   0   0   0  10   0   0   3   3   0   1   0   0  64   0  13   0   0   0   0  0.60 0.12
  179 G   -1 -2 -1 -2 -3 -2 -3  6 -3 -4 -4 -2 -3 -4 -3 -1 -2 -3 -4 -4    0   2   0   0   0   0   0  92   0   0   1   0   0   0   0   0   0   0   0   0  1.24 0.15
  180 T   -1 -2 -1 -2 -2 -1 -2 -2 -2 -2 -2 -1 -1 -3 -2  1  6 -3 -2 -1    0   0   0   0   0   0   0   0   0   0   1   0   0   0   0   0  94   0   0   0  0.89 0.18
  181 P   -2 -3 -3 -2 -3 -2 -2 -3 -3 -3 -4 -2 -3 -4  8 -2 -1 -4 -4 -3    0   0   0   0   0   0   0   0   0   0   1   0   0   0  92   0   2   0   0   0  2.14 0.20
  182 E   -1  0 -1  0 -4  4  5 -3 -1 -4 -3  0 -2 -4 -2 -1 -1 -3 -2 -3    0   0   0   0   0  27  67   0   0   0   1   0   0   0   0   0   0   0   0   0  0.84 0.15
  183 F   -3 -3 -3 -4 -3 -3 -3 -4 -1 -1 -1 -3 -1  7 -4 -3 -3  1  5 -2    0   0   0   0   0   0   0   0   0   0   1   0   0  67   0   0   0   0  27   0  1.02 0.15
  184 V   -1 -3 -3 -3 -1 -3 -3 -4 -4  3  1 -3  0 -1 -3 -2 -1 -3 -2  5    0   0   0   0   0   0   0   0   0  24   2   0   0   0   0   0   0   0   0  68  0.53 0.12
  185 A    5 -2 -2 -2 -1 -1 -1  1 -2 -2 -2 -1 -2 -3  0  1 -1 -3 -2 -1   79   1   0   1   0   0   1  10   0   1   1   1   0   0   2   2   1   0   0   1  0.52 0.12
  186 P   -2 -1 -2 -2 -3 -2 -2 -3 -3 -3 -3 -1 -3 -4  8 -1 -2 -4 -3 -3    1   4   0   1   0   0   1   1   0   1   1   1   0   0  87   1   1   0   0   1  1.93 0.17
  187 E    0 -1 -1  1 -4  1  6 -2 -1 -3 -3  0 -2 -3 -2 -1 -1 -3 -2 -3    6   1   0   1   0   0  85   1   0   1   1   1   0   0   1   1   1   0   0   1  0.86 0.15
  188 I    0 -3 -3 -3 -1 -3 -3 -3 -3  4  1 -3  1 -1 -3 -2 -1 -3 -2  3    6   1   0   1   0   0   1   1   0  57   1   1   1   0   1   1   1   0   0  28  0.41 0.09
  189 V   -1 -3 -3 -3 -1 -2 -3 -3 -3  4  1 -3  1 -1 -3 -2 -1 -3 -2  4    1   1   0   1   0   0   1   1   0  30   1   1   3   0   1   1   1   0   0  57  0.44 0.10
  190 N   -1  0  6  0 -3 -1 -1 -1  1 -3 -3 -1 -2 -3 -2  1 -1 -4 -2 -3    3   6  74   1   0   0   1   1   2   1   1   1   0   0   1   7   1   0   0   1  0.77 0.14
  191 Y   -2 -2 -1 -3  4 -2 -1 -3  0 -2 -2 -2 -2  2 -3 -1 -2  1  7 -2    1   1   2   1  11   0   4   1   0   1   1   1   0   4   1   3   1   0  68   1  0.85 0.14
  192 E   -1  1 -1  1 -4  1  6 -3 -1 -3 -3  0 -2 -3 -2 -1 -1 -3 -2 -3    1   6   0   1   0   2  83   1   0   1   1   1   0   0   1   1   1   0   0   1  0.85 0.14
  193 P   -1 -2 -2 -2 -3 -1  0 -2 -2 -3 -3 -1 -3 -4  7 -1 -1 -4 -3 -3    4   1   0   1   0   3   6   1   0   1   1   1   0   0  76   3   2   0   0   1  1.56 0.15
  194 L   -2 -2 -3 -4 -2 -2 -3 -4 -3  1  5 -3  1  0 -3 -3 -2 -2 -2  0    1   1   0   1   0   0   1   1   0   4  88   1   0   0   1   1   1   0   0   1  0.59 0.12
  195 G    0 -2 -1 -1 -2 -1 -2  5 -2 -3 -3 -1 -2 -3 -2  2  0 -3 -3 -3    1   1   0   1   0   0   1  61   0   1   1   1   0   0   1  27   4   0   0   1  0.69 0.10
  196 L   -1 -2 -2 -2 -1 -2 -1 -3 -2  0  3 -2  1 -1  0 -1  2 -2 -1  0    2   1   1   1   0   1   3   1   0   1  59   1   0   1   4   3  20   0   1   1  0.26 0.07
  197 E    2 -1 -1  0 -2  1  4 -1 -1 -3 -3  0 -2 -3  1  0 -1 -3 -2 -2   34   1   0   1   0   0  49   2   0   1   1   4   0   0   5   1   1   0   0   1  0.43 0.10
  198 A    4 -2 -2 -2 -1 -1 -1  1 -2 -1 -2 -1  0 -2 -1  1  1 -3 -2  0   66   1   0   1   0   0   1   7   0   1   1   1   3   0   1   3  11   0   0   4  0.37 0.09
  199 D   -2 -2  0  6 -3 -1  1 -2 -2 -3 -3 -1 -3 -4 -2 -1  1 -4 -3 -3    1   1   0  82   0   0   1   1   0   1   1   1   0   0   1   1   9   0   0   1  0.99 0.14
  200 M   -2 -2 -2 -3  0  0 -2 -1 -2  0  1 -2  8 -1 -3 -2 -1 -2 -2  0    1   1   0   1   3   4   1   6   0   1   2   1  78   0   1   1   1   0   0   1  0.75 0.18
  201 W   -1 -3 -3 -1 -3 -2 -3 -3 -3 -3 -2 -3 -2  0 -3 -3 -3 11  1 -3    6   1   1   4   0   1   1   1   0   1   1   1   0   0   1   1   1  77   0   1  2.17 0.21
  202 S    1 -2  0 -1 -2 -1 -1  0 -2 -3 -3 -1 -2 -3  0  5  1 -3 -2 -2    2   0   0   0   0   0   0   6   0   0   1   0   0   0   4  84   0   0   0   0  0.64 0.15
  203 I   -2 -3 -3 -3 -2 -3 -3 -4  1  5  1 -3  1 -1 -3 -3 -1  1 -1  2    1   0   0   1   0   0   1   1   6  78   2   1   1   0   0   1   1   2   0   4  0.51 0.12
  204 G    0 -3 -1 -2 -3 -2 -2  6 -2 -4 -4 -2 -3 -3 -2 -1 -2 -3 -3 -3    3   0   0   1   0   0   1  88   0   0   1   1   0   0   0   1   1   0   0   2  1.11 0.14
  205 V   -1 -3 -3 -3 -1 -2 -3 -3 -3  2  0 -3  0 -2  1 -2 -1 -3 -2  5    1   0   0   1   0   0   1   1   0   0   2   1   0   0   8   1   1   0   0  83  0.52 0.13
  206 I   -2 -3 -3 -3  3 -3 -3 -4 -3  5  1 -3  1 -1 -3 -3 -1 -3 -2  2    1   0   0   1   7   0   1   1   0  82   1   1   1   0   0   1   1   0   0   2  0.59 0.13
  207 T    0 -2 -1 -2 -2 -1 -2 -2 -2 -1 -1 -1 -1 -2 -2  1  6 -3 -2 -1    2   0   0   0   0   0   0   0   0   2   6   0   0   0   0   5  81   0   0   0  0.65 0.15
  208 Y   -2 -2 -3 -3 -3 -2 -3 -1  1 -2 -2 -3 -2  3 -3 -2 -2  2  8 -2    0   0   0   0   0   0   0   6   0   0   1   0   0   5   0   2   0   2  81   0  1.13 0.18
  209 I   -1 -3 -3 -3 -2 -3 -3 -4 -3  5  1 -3  0 -1 -3 -1 -1  3 -2  2    2   0   0   0   0   0   0   0   0  82   1   0   0   0   0   5   0   5   0   0  0.58 0.14
  210 L   -1 -2 -3 -3  0 -2 -2 -3 -3  1  4 -2  1  0  0 -1 -1 -2 -2  0    1   1   1   1   2   1   1   1   0   1  76   1   0   1   6   6   1   0   0   1  0.40 0.09
  211 L   -2 -3 -4 -4 -2 -3 -3 -4 -3  1  5 -3  1  0 -3 -3 -2 -2 -2  1    0   0   0   0   0   0   0   0   0   2  90   0   0   0   0   0   0   0   0   3  0.66 0.13
  212 S    0 -2  0 -1 -2 -1 -1 -1 -2 -3 -3 -1 -2 -3 -1  5  1  1 -2 -2    0   0   0   0   0   0   0   0   0   0   1   0   0   0   2  90   0   3   0   0  0.72 0.17
  213 G   -1 -3 -1 -2 -3 -2 -3  6 -3 -4 -4 -2 -3 -4 -3 -1  0 -3 -3 -3    0   0   0   0   0   0   0  89   0   0   1   0   0   0   0   0   6   0   0   0  1.16 0.15
  214 A    4 -1 -2 -3  1 -1 -2 -1 -1 -1  1 -1  1 -2 -2  0  0  1 -2  0   61   2   0   0   3   0   0   0   2   1  16   0   7   0   0   0   2   3   0   0  0.28 0.09
  215 S    0 -2  0 -1 -2 -1 -1 -1 -2 -3 -3 -1 -2 -3 -2  5  1  1 -2 -2    0   0   0   0   0   0   0   2   0   0   1   0   0   0   0  90   0   3   0   0  0.72 0.17
  216 P   -1 -3 -2 -2 -3 -2 -2 -3 -3 -3 -3 -2 -3 -4  8 -1 -2 -4 -3 -2    1   1   0   1   0   0   1   1   0   1   1   1   0   0  87   1   1   0   0   3  1.92 0.17
  217 F   -3 -3 -3 -4 -3 -4 -4 -4 -2 -1  0 -4 -1  7 -4 -3 -3  0  2 -2    1   0   0   0   0   0   0   1   0   0   3   0   0  90   0   1   0   0   0   0  1.15 0.17
  218 L   -1 -1 -2 -2 -2  3 -1 -3 -2  0  3 -1  1 -1 -2 -1 -1 -2 -2  0    1   0   0   0   0  30   0   1   0   0  58   0   0   0   0   6   0   0   0   0  0.34 0.10
  219 G   -1 -3 -1 -1 -3 -2 -3  6 -3 -4 -4 -2 -3 -4 -3 -1 -2 -3 -4 -4    0   0   0   1   0   0   0  96   0   0   0   0   0   0   0   0   0   0   0   0  1.33 0.16
  220 E   -2 -1  0  4 -2  1  5 -2 -1 -3 -2  0 -2 -3 -2 -1 -1 -4 -3 -3    0   0   1  27   1   0  60   0   0   0   6   3   0   0   0   0   0   0   0   0  0.69 0.12
  221 T    0 -2  1  0 -2 -1 -1 -2 -2 -2 -2 -1 -2 -3 -2  2  5 -3 -2 -1    2   0   7   3   0   0   2   0   0   0   0   1   0   0   0  11  72   0   0   0  0.59 0.14
  222 K   -2  2  0  3 -4  0  0 -2 -1 -3 -2  5 -2 -4 -2 -1 -1 -4 -3 -3    0   5   2  26   0   0   0   0   0   0   3  61   0   0   0   0   0   0   0   0  0.58 0.12
  223 Q    1  0 -1  0 -3  6  3 -2  0 -3 -3  0 -1 -4  0  0 -1 -3 -2 -3   11   1   0   3   0  60  17   0   0   0   0   0   0   0   4   3   0   0   0   0  0.63 0.13
  224 E   -2  0 -1  2 -4  1  6 -2 -1 -4 -3  0 -3 -4  1 -1 -2 -4 -3 -3    0   4   0  10   0   0  75   1   0   0   0   0   0   0   6   0   0   0   0   0  0.81 0.15
  225 T    0 -2 -1 -2 -2 -1  0 -2 -2 -2 -2 -1  0 -3 -2  1  6 -3 -2 -1    4   0   0   0   0   0   6   0   0   0   0   0   2   0   0   0  84   0   0   0  0.73 0.17
  226 L   -2 -3 -4 -4 -2 -3 -3 -4 -3  1  5 -3  1  1 -3 -3 -2 -2 -1  1    0   0   0   0   0   0   0   0   0   0  89   0   1   3   0   0   0   0   0   4  0.66 0.14
  227 T    2  1 -1 -1 -1 -1  0  1 -2 -2 -2  0 -1 -3 -1  1  2 -3 -2 -1   30  10   0   0   1   0   3   9   0   0   2   6   0   0   0  10  26   0   0   0  0.23 0.07
  228 N   -2  1  7  0 -4 -1 -1 -1  0 -4 -4 -1 -3 -1 -3  0 -1 -4 -2 -4    0   6  86   0   0   0   0   0   0   0   0   0   0   4   0   0   0   0   0   0  1.02 0.19
  229 I   -2 -3 -4 -4 -2 -3 -3 -4 -4  5  1 -3  1 -1  0 -3 -1 -3 -2  3    0   0   0   0   0   0   0   0   0  64   4   0   2   0   6   0   0   0   0  22  0.53 0.12
  230 S    0 -2 -1 -1 -2 -1  0 -1 -2  0 -1 -1 -1 -2 -2  3  2 -3 -2  1    0   0   0   0   0   0   6   4   0   7   5   0   0   0   0  41  20   0   0  16  0.23 0.08
  231 A    4 -1 -2 -2 -1 -1 -1  1 -2 -2 -1 -1 -1 -3 -1  1  0 -3 -2 -1   71   3   0   1   0   0   1   7   0   0   6   0   0   0   0   4   3   0   0   0  0.40 0.11
  232 V   -1 -3 -3 -3 -2 -2 -3  0 -3  2  1 -2  3 -1 -3 -2  0 -3 -2  4    0   0   0   0   0   0   0  11   0   3  11   0  16   0   0   0   4   0   0  52  0.29 0.09
  233 N   -1 -1  5  1 -3 -1 -1 -1  0 -2 -3  0 -1 -3 -2  2  0 -4 -2 -2    3   0  53   6   0   0   0   0   1   2   2   5   2   0   0  21   3   0   0   0  0.51 0.11
  234 Y   -2 -2 -3 -3 -3  1 -2 -2  1 -2 -2 -2 -2  2 -3 -2 -2  1  8 -2    1   0   0   0   0   7   1   3   0   0   1   1   0   1   0   1   1   0  81   1  1.23 0.22
  235 D   -2 -1  0  4 -4  1  5 -1  0 -3 -3  0 -3 -4 -2 -1 -1 -3 -3 -3    1   0   1  28   0   2  54   3   2   0   1   2   0   0   0   2   2   0   0   1  0.68 0.13
  236 F   -3 -3 -4 -4 -3 -4 -4 -4 -2 -1  1 -4 -1  7 -4 -3 -3  0  2 -1    0   0   0   0   0   0   0   0   0   0  11   0   0  82   0   0   0   0   0   3  1.11 0.20
  237 D   -2 -2  2  6 -4 -1  3 -1 -1 -4 -4 -1 -3 -4 -2 -1 -2 -4 -2 -4    0   0  12  63   0   0  16   2   0   0   1   0   0   0   0   0   0   0   2   0  0.87 0.15
  238 E    0 -1 -1  3 -4  1  5  0 -1 -4 -3  0 -3 -4 -1 -1 -1 -3 -3 -3    7   1   1  17   0   0  58   7   0   0   1   4   0   0   2   0   0   0   0   0  0.61 0.13
  239 E   -2  1 -1  2 -2  2  5 -3  2 -3 -2  1 -2 -3 -2 -1 -1 -3 -2 -3    0   7   0   8   1   5  59   0   7   2   2   4   0   0   0   2   0   0   1   0  0.58 0.13
  240 Y   -2  0  0 -3  1 -2 -3 -3  2 -1 -1 -2 -1  5 -3 -2 -2  0  6 -2    0   7   6   0   4   0   0   0   5   1   2   0   0  33   0   1   0   0  38   0  0.64 0.14
  241 F   -3 -4 -4 -4 -3 -4 -4  0 -2 -1 -1 -4 -1  8 -4 -3 -3  0  2 -2    0   0   0   0   0   0   0   7   0   0   1   0   0  88   0   0   0   0   0   0  1.21 0.22
  242 S    0 -1  0  0  1 -1 -1  1 -2 -3 -3 -1 -2 -3 -1  5  0 -3 -3 -3    0   1   2   3   3   0   0   7   0   0   1   2   0   0   1  77   0   0   0   0  0.61 0.17
  243 S   -1  0  4  0 -3  2  0 -1  4 -3 -2  1  0 -3 -2  0  0 -3 -1 -3    0   1  36   2   0  16   2   3  14   0   2   8   4   0   0   6   3   0   0   0  0.38 0.10
  244 T    0 -2 -1 -2 -2 -2 -2 -2 -3 -2 -2 -2 -2 -3  1  0  6 -3 -3 -1    7   0   0   0   0   0   0   0   0   0   1   0   0   0   6   0  82   0   0   0  0.80 0.20
  245 S    0 -2  0 -1 -2 -1 -1 -1 -2 -3 -3 -1 -2 -3 -2  6  1 -4 -3 -3    0   0   0   0   0   0   0   0   0   0   1   0   0   0   0  92   3   0   0   0  0.87 0.22
  246 E    1 -1  0  3 -2  1  4 -1 -1 -3 -3  0 -2 -3 -1  1 -1 -3 -3 -2   19   0   2  17   1   1  45   1   0   0   1   1   0   1   2   7   1   0   0   1  0.46 0.11
  247 L   -2 -2 -3 -4 -2 -2 -3 -4 -3  1  4 -3  5 -1  1 -3 -2 -2 -2  0    1   1   0   0   0   0   0   0   0   0  63   0  24   0   7   0   0   0   0   0  0.56 0.14
  248 A    5  0 -2 -3 -1 -1 -2 -1 -2 -2 -2 -1 -2 -3 -2  0 -1 -3 -3 -1   88   7   0   0   0   0   0   0   0   0   1   0   0   0   0   0   0   0   0   0  0.71 0.18
  249 K   -1  1  0 -2 -4  0  0 -2 -2 -3 -3  6 -2 -4 -2  0 -1 -4 -3 -3    0   1   2   0   0   0   0   0   0   0   1  86   0   0   0   7   0   0   0   0  0.87 0.20
  250 D   -2 -2  1  6 -4  1  1 -1 -2 -4 -4  0 -3 -4 -1  0 -2 -4 -3 -4    0   1   5  71   0   7   1   2   0   0   1   3   0   0   2   5   0   0   0   0  0.90 0.16
  251 F   -3 -3 -4 -4 -3 -4 -3 -4 -2 -1 -1 -4 -1  8  1 -3 -3  0  2 -2    0   0   0   0   0   0   2   0   0   0   1   0   0  86   7   0   0   0   0   0  1.19 0.22
  252 I   -2 -3 -4 -4  3 -3 -4 -4 -4  6  1 -3  0 -1 -3 -3 -2 -3 -2  2    0   2   0   0   7   0   0   0   0  86   1   0   0   0   0   0   0   0   0   1  0.76 0.19
  253 R   -1  5 -1 -1  2  3  0 -2 -1 -3 -2  1 -1 -3 -2  0 -1 -3 -1 -3    1  49   0   2   8  20   4   1   0   0   1   2   2   0   0   6   1   0   1   0  0.51 0.13
  254 R   -2  4 -1 -2 -4  3  0 -2 -1 -3 -3  4 -2 -4 -2 -1 -1 -3 -2 -3    0  36   0   0   0  20   0   1   0   0   1  38   0   0   0   0   0   0   0   0  0.67 0.14
  255 L   -2 -3 -4 -4  3 -3 -3 -4 -3  1  5 -3  1  0 -3 -3 -2 -2 -2  0    0   0   0   0   7   0   0   0   0   0  84   0   1   3   0   0   0   0   0   0  0.66 0.15
  256 L   -2 -2 -3 -3 -2 -2 -3 -3 -3  1  5 -3  1  0 -3 -3 -2 -2 -1  0    1   1   1   1   0   1   1   2   0   1  85   1   0   3   1   1   1   0   0   1  0.59 0.13
  257 V   -1 -2 -2 -2 -2 -1  0 -3 -3  2  0 -2  0 -1 -2 -1  0 -3 -2  4    1   1   1   1   0   1  11   1   0   8   4   1   2   1   1   5   1   0   0  61  0.30 0.10
  258 K   -1  2  0 -1 -3  0  0 -2 -1 -3 -3  6 -2 -3 -2 -1 -1 -3 -2 -3    1   4   3   1   0   1   1   1   0   1   1  82   0   1   1   1   1   0   0   1  0.77 0.17
  259 D   -2 -2  1  6 -3  0  3 -2 -1 -3 -3 -1 -3 -3 -2 -1 -1 -4 -3 -2    2   1   5  63   0   0  18   1   0   1   1   1   0   0   1   1   2   0   0   3  0.79 0.14
  260 P   -1 -1 -1 -2 -3  0 -1 -1 -2 -2 -3  0 -2 -3  6  1  2 -3 -3 -2    3   1   0   0   0   5   0   5   1   2   1   5   0   0  47   8  19   0   0   1  0.81 0.12
  261 K   -1  4  2 -1 -3  1  0 -1 -1 -3 -3  3 -2 -3 -2  0 -1  0 -2 -2    1  36  11   0   0   1   2   2   0   1   0  31   0   0   1   9   0   1   0   1  0.46 0.11
  262 R   -2  3  0  0 -4  1  2 -3  0 -4 -3  5 -2 -4 -2 -1 -2 -4 -3 -3    0  13   1   4   0   1  16   0   1   0   0  61   1   0   0   2   0   0   0   0  0.66 0.16
  263 R   -2  7 -1 -3 -4  0 -1 -3 -1 -4 -2  1 -2 -4 -3 -2 -2 -4 -3 -3    0  92   1   0   0   0   0   0   0   0   2   1   0   0   0   0   0   0   0   0  1.25 0.23
  264 M   -2 -2 -1 -4 -2 -2 -3 -4 -3  0  3 -2  8 -1 -3 -2 -2 -2 -2  0    0   0   3   0   0   0   0   0   0   1  26   1  64   0   0   1   0   0   0   0  0.81 0.21
  265 T   -1 -2 -1 -2 -2 -2 -1 -2 -3 -2 -2 -1 -1 -3 -2  1  6 -3 -3  0    1   0   1   0   0   0   1   0   0   0   1   1   0   0   0   4  85   0   0   3  0.85 0.21
  266 I    2 -3 -3 -2 -2 -2 -3 -2 -3  5  0 -2  0 -1 -2 -1 -1 -3 -2  1   27   0   0   1   0   0   1   1   0  62   1   0   0   0   0   1   0   0   0   3  0.43 0.14
  267 A    2  0 -1  0 -2  4  3 -1 -1 -3 -2  0 -1 -3 -2  0 -1 -1 -2 -2   31   1   1   3   0  30  20   1   1   0   1   3   0   0   0   4   1   1   0   1  0.37 0.11
  268 Q   -2 -1  0  3 -4  4  4 -1 -1 -3 -3  0 -2 -4 -2  0 -1 -3 -3 -3    1   0   0  22   0  29  37   3   0   0   1   0   0   0   0   2   0   0   0   1  0.63 0.14
  269 S    2 -2 -1 -2  6 -1 -2 -1 -2 -2 -2 -2 -2 -3 -2  3  0 -3 -2 -2   26   0   0   0  24   0   1   2   0   0   1   0   0   0   0  40   2   0   0   1  0.52 0.13
  270 L   -2 -3 -4 -4 -2 -3 -3 -4 -3  1  5 -3  1  0 -2 -3 -2 -1 -2  0    1   0   0   0   0   0   1   1   0   1  87   0   0   2   2   1   0   1   0   1  0.67 0.16
  271 E   -1  0  2  0 -1  1  3 -2  1 -1  0  0 -1 -2 -2  0 -1 -3 -2  0    1   6  15   0   2   7  27   2   4   3  12   1   0   1   0   7   2   0   0   7  0.14 0.06
  272 H   -3 -1 -1 -2 -4 -1 -1 -3 10 -4 -4 -2 -3 -2 -3 -2 -3 -3  0 -4    1   0   0   0   0   0   1   1  92   0   1   0   0   0   0   1   0   0   0   1  1.81 0.28
  273 S   -1 -3 -2 -2 -3 -2 -2 -2 -2 -3 -3 -2 -3 -3  7  1 -1 -4 -3 -3    2   0   0   1   0   0   1   1   1   0   1   1   0   1  75  14   1   0   0   1  1.63 0.20
  274 W   -3 -4 -4 -5 -2 -3 -4 -3 -3 -3 -2 -4 -3 -1 -4 -4 -3 12  1 -4    1   0   0   1   1   0   1   1   0   0   2   1   0   0   0   1   1  88   0   1  2.90 0.33
  275 I   -2 -4 -4 -4 -2 -3 -4 -4 -4  6  1 -3  0 -1 -3 -3 -2 -3 -2  2    1   0   0   0   0   0   1   1   0  90   2   0   0   0   0   1   0   0   0   1  0.85 0.20
  276 K   -1  1 -1 -2 -3  0  0 -2 -2 -3 -3  6 -1 -3 -2 -1  1 -3 -3 -3    1   0   0   0   0   1   1   1   0   0   1  82   1   0   0   1   9   0   0   1  0.78 0.19
  277 V    1 -2 -2 -2 -2 -1 -1 -1 -2 -1 -2 -1 -2 -3  6  1  0 -3 -2  1   13   0   0   1   0   0   3   4   0   1   2   1   0   0  42  11   2   0   0  19  0.65 0.10
  278 R   -1  0 -1 -2 -1 -1  0 -3 -1  3  2  0  1  0 -2 -2 -1 -2 -1  1    1   4   4   1   1   1   8   1   2  36  21   8   1   3   0   1   1   0   0   6  0.14 0.06
  279 R   -1  2  1  2 -3  0  1 -1  0 -2 -2  2 -2 -3 -2  1  2 -3 -2 -2    2  16   9  12   0   1   6   2   3   1   2  18   0   0   0   6  21   0   0   2  0.24 0.07
  280 R   -2  5  1 -2 -4  1  0 -2  1 -3 -3  2 -1 -3  0 -1  0 -3 -2 -3    0  59   7   0   0   2   1   1   3   0   0  13   2   0   4   2   5   0   0   0  0.63 0.14
  281 E    0  1 -1  0 -2  2  4 -2 -1 -2 -2  3 -2 -3 -1 -1  0 -3 -2  0    6   5   1   0   1   8  36   1   0   1   0  23   0   0   2   0   7   0   0   9  0.34 0.10
  282 D   -2 -1  0  4 -4  5  2 -2  0 -4 -3  0 -2 -4  0 -1 -2 -4 -3 -3    1   0   1  31   0  50   9   0   1   0   1   0   0   0   4   1   0   0   0   0  0.76 0.19
  283 G    2 -1  2 -1 -2 -1  1  0 -2 -1 -2 -1 -1 -3 -1  2  0 -3 -2  0   29   3  11   0   0   0  15   7   0   2   0   0   2   0   1  21   0   0   0   7  0.21 0.09
  284 A    1 -2  0 -1  4  0 -1  2  1 -1  0 -1  0 -2  0  0  0 -3 -2  0   16   0   5   3  14   5   2  16   5   0  11   1   3   0   3   5   2   0   0   7  0.12 0.05
  285 R   -1  4  2 -1 -3  0  0 -2  0 -2 -3  4 -2 -3 -2  0 -1 -2 -2 -1    2  26  11   1   0   1   0   0   1   1   0  38   1   0   0   8   1   0   0   7  0.42 0.13
  286 K   -1  5 -1 -2 -4  1  0 -2 -2 -4 -3  5 -2 -4 -3 -1 -2 -4 -3 -3    3  45   1   0   0   2   1   1   0   0   0  47   0   0   0   0   0   0   0   0  0.88 0.20
  287 P    0  1 -1 -1 -1  0 -1 -2 -1 -2 -2  0 -1 -2  5  0  1 -2 -2 -1    7  10   2   2   2   3   2   2   1   1   3   7   1   1  35   3  10   0   1   7  0.47 0.07
  288 E   -1 -1  2  0 -4  1  5 -2  0 -4 -3  0 -3 -4 -2  1 -1 -4 -3 -3    4   0  11   1   0   2  61   0   2   0   2   2   0   0   0  15   0   0   0   0  0.68 0.18
  289 R   -2  6  0 -2 -2  0 -1 -3  2 -3 -2  1 -2 -3  1 -1 -1 -3 -2 -2    1  65   4   1   1   0   1   1   5   1   2   3   0   0   6   2   2   0   0   3  0.73 0.17
  290 R    0  5 -1 -2 -2  0 -1 -2 -2 -3 -3  1 -2 -4 -2  3  0 -4 -3 -2    4  45   0   0   0   1   0   0   0   0   0   3   0   0   1  39   5   0   0   2  0.61 0.19
  291 R    0  4 -1 -2 -3  3  0 -2 -1 -3 -2  0 -2 -3  1  2 -1 -4 -3 -1    5  33   1   0   0  19   1   0   0   0   1   0   0   0   6  26   1   0   0   6  0.42 0.15
  292 L   -2 -3 -4 -4 -2 -3 -4 -5 -4  4  4 -3  1 -1 -3 -3 -2 -2 -2  2    0   0   0   0   0   0   0   0   0  28  58   1   0   0   0   0   0   0   0  11  0.64 0.17
  293 R   -2  0  5 -1 -4  0  0 -2 -1 -4 -4  5 -3 -4 -3 -1 -2 -5 -3 -4    0   1  40   0   0   1   1   0   0   0   0  56   0   0   0   0   0   0   0   0  0.92 0.24
  294 A   -1 -3 -1 -3 -2 -2 -3 -3 -3  0  0 -2  6 -2 -3 -1  5 -3 -3 -1    1   0   1   0   0   0   0   0   0   4   6   0  30   0   0   0  56   0   0   0  0.70 0.23
  295 A   -1  1 -1 -1 -3  0  2 -3 -2 -3 -3  4 -2 -2 -2  0  3 -4 -3 -2    3   5   0   0   0   0  15   0   0   0   0  46   0   2   0   1  27   0   0   0  0.52 0.17
  296 R   -2  5  4 -1 -4  0 -1 -3 -1 -4 -3  1 -3 -4 -3  0 -1  3 -2 -4    0  53  27   0   0   0   0   0   0   0   0   6   0   0   0   6   2   5   0   0  0.79 0.20
  297 L   -3 -4 -4 -5 -3 -4 -4 -5 -3  0  4 -4  0  5 -4 -4 -3 -1  0 -1    0   0   0   0   0   0   0   0   0   0  58   0   0  41   0   0   0   0   0   0  0.85 0.21
  298 R   -2  4 -1 -2 -5  0 -1 -3 -2 -4 -4  6 -3 -4 -3 -2 -2 -4 -3 -4    0  28   0   0   0   0   0   0   0   0   0  72   0   0   0   0   0   0   0   0  1.09 0.25
  299 E   -2  2 -1  1 -5  1  5 -3 -1 -3 -4  3 -3 -4 -2 -1 -2 -4 -3 -3    0  12   0   5   0   1  53   0   0   1   0  27   0   0   0   0   1   0   0   0  0.75 0.19
  300 Y   -3 -3 -3 -4 -4  1 -3 -4  1 -2 -2 -3 -2  5 -4 -3 -3  0  7 -2    0   0   0   0   0   9   0   0   2   0   1   0   0  30   0   0   0   0  57   1  1.20 0.25
  301 S    0 -2  4 -1 -2 -2 -2 -2 -2 -2 -3 -2 -2 -2 -3  0  5 -3  2 -2    6   0  25   0   0   0   0   0   0   0   0   0   0   0   0   1  58   0  10   0  0.66 0.21
  302 L    3 -3 -4 -4 -2 -3 -3 -3 -4  4  1 -3  0 -2 -3 -1 -1 -4 -2  1   39   0   0   0   0   0   0   0   0  48   9   0   1   0   0   0   0   0   0   3  0.49 0.17
  303 K   -2  5 -1 -2 -2  1 -1 -3 -1 -4 -3  5 -2 -4 -3 -2 -2 -4 -3 -4    0  33   0   0   1   4   0   0   1   0   0  60   0   0   0   0   0   0   0   0  0.93 0.22
  304 S   -1  5 -1 -2  4 -1 -1 -2 -2 -4 -3  0 -3 -4 -3  4 -1 -4 -3 -3    0  41   1   0  10   0   0   0   0   0   0   0   0   0   0  47   0   0   0   0  0.71 0.21
  305 H   -3  2 -1 -2 -4  0 -1 -3  8 -4 -4  4 -3 -3 -3 -2 -3 -2  0 -4    0  12   0   0   0   0   0   0  55   0   0  30   0   0   1   0   0   1   2   0  1.11 0.25
  306 S   -1 -3 -2 -3 -2 -2 -2 -3 -3 -4 -3 -2 -3 -2 -3  5 -1  9 -1 -4    0   0   0   0   1   0   0   0   0   0   1   1   0   0   0  56   0  41   0   0  1.45 0.30
  307 S   -1  0 -1 -2 -3 -1 -1 -2 -2 -4 -4  4 -3 -3 -2  4  0 -4 -3 -3    0   1   0   0   0   0   0   0   0   0   0  40   0   1   0  57   1   0   0   0  0.73 0.23
  308 M   -2 -2 -3 -4 -3  0 -3 -4 -3  1  2 -3  8  0 -4 -2 -1 -3 -2  0    0   1   0   0   0   5   0   0   0   5  17   0  65   2   0   1   1   0   0   2  0.92 0.26
  309 P   -1 -3 -2 -2 -3 -2 -2 -2 -3 -4 -3 -2 -2 -3  7  3 -1 -4 -3 -3    1   0   0   0   0   0   0   0   0   0   2   0   1   1  54  39   1   0   0   0  1.25 0.24
  310 R   -2 -2 -3 -3 -2 -1 -2 -4  0 -2 -3 -2 -1  2  6 -2 -2 -1  5 -1    0   2   0   0   1   3   0   0   2   0   0   0   2   9  51   0   0   0  24   5  1.11 0.21
  311 N   -3  2  7  0 -3 -1 -1 -2  0 -3 -4 -1 -3 -4 -3  0 -1 -5 -3 -4    0  11  78   0   0   0   0   0   1   1   0   2   0   0   0   5   0   0   0   0  1.13 0.26
  312 T   -2 -1  6 -1 -3 -1 -2 -2 -1  1  0 -1  4 -2 -3 -1 -1 -4 -3 -1    1   1  52   0   0   2   0   0   0   9   5   2  22   0   0   1   2   0   0   3  0.59 0.20
  313 S   -1 -3 -2 -3 -1 -2 -2 -2 -3  1 -1 -2 -1 -3 -3  1  5 -4 -3  3    0   0   0   0   1   0   0   2   0   5   0   0   0   0   0  10  49   0   0  34  0.52 0.18
  314 Y   -1 -2 -2 -3 -3 -2 -3 -3  1 -3 -1 -2 -2  1 -3  2 -2  5  7 -2    5   1   0   0   0   0   0   0   2   0   4   0   0   0   0  23   0   7  57   1  0.89 0.23
  315 A    2 -3 -3 -3  0 -2 -3 -2 -3  3  1 -2  2 -1 -1 -1 -1 -3 -2  2   31   0   0   0   2   0   0   0   0  25  14   0   6   1   2   0   0   0   0  17  0.27 0.11
  316 S   -2 -2  6 -1  7 -2 -2 -2 -2 -3 -3 -2 -3 -4 -3  0  0 -4 -3 -3    0   1  51   1  36   0   0   0   0   0   0   0   0   0   0   3   5   0   0   0  1.05 0.24
  317 F   -2 -2  2 -2 -2 -1 -2 -2  0 -1  0 -2 -1  6 -2 -2 -2  0  1 -1    2   1  12   1   1   3   1   2   2   1   5   1   1  59   2   2   1   0   1   2  0.57 0.14
  318 E   -2  1  3  0 -2  2  5 -3  3 -4 -3  0 -3 -4 -2 -1 -2 -4 -2 -3    0   5  19   1   1   6  55   0   8   0   3   0   0   0   0   1   0   0   0   0  0.67 0.18
  319 R   -3  7 -1 -2 -4  0 -1 -4  2 -4 -1  1 -2 -4 -3 -1 -2 -4 -3 -3    0  80   2   1   0   0   0   0   6   0   6   2   0   0   0   2   1   0   0   0  1.11 0.25
  320 F   -3 -2 -4 -4 -3 -4 -4 -4 -3  0  3 -4  0  7 -4 -2 -2 -1  1 -1    0   2   0   0   0   0   0   0   0   2  29   0   0  61   0   3   2   0   0   0  0.86 0.21
  321 S    2  1 -1 -2  3  0 -1 -1 -2 -2 -2  0 -1 -3 -2  3  1 -3 -2 -1   26   7   1   0   8   3   2   1   0   0   0   5   2   0   0  36   5   0   0   4  0.31 0.12
  322 R   -2  4 -1 -2 -2  2  0 -3  2 -2  0  3 -1 -2 -2  0 -2  0 -2 -2    1  32   0   0   1  11   0   0   7   1  10  28   1   1   0   5   0   2   0   1  0.43 0.14
  323 V   -1 -3 -2 -3 -2 -2 -2 -4 -2  2  2 -3  2  0 -3 -1 -1 -3 -1  4    2   0   2   0   0   1   2   0   1   3  22   0   5   2   0   3   0   0   1  54  0.39 0.14
  324 L   -1 -2 -3 -4  5 -2 -2 -4 -1  1  2 -2  4  0 -3 -2 -1 -3 -2  3    1   1   0   0  16   0   3   0   2   1  22   1  21   3   0   2   0   0   0  27  0.38 0.14
  325 E   -2  0  0  0  2  1  5 -3 -1 -4 -2  3 -3 -4 -2 -1 -2 -4 -3 -3    0   1   3   1   5   1  57   0   0   0   3  25   0   0   0   0   0   0   0   0  0.71 0.20
  326 D   -1  0  1  3 -3  0  3  0  1 -3 -3  1 -3 -4 -1  1  0 -4 -3 -2    2   3   4  25   0   1  28   7   3   0   1  11   0   0   1   8   4   0   0   2  0.39 0.10
  327 V   -1  0 -2 -1  1  0 -1 -3 -2  3  1 -1  1 -2 -2  0 -1 -3 -2  3    0   6   2   2   3   4   3   1   1  19   7   1   3   0   1   8   1   0   0  36  0.17 0.09
  328 A    3  0 -1 -1 -2  0 -1  0 -1 -2 -1  0 -1 -1 -1  3  0 -3 -2 -1   37   5   1   3   0   4   1   6   1   0   7   3   0   2   1  27   1   0   0   1  0.25 0.12
  329 A    2  0  0 -1 -2  1  0  0 -1 -1  0  1  0 -1  0  0  0  0 -2  0   27   4   3   2   0   8   3   7   1   3  15   9   1   2   3   2   3   1   0   4  0.07 0.05
  330 A    3 -2 -2 -1 -1  1  1 -2 -2 -1  0 -1  4 -2  1 -1 -1 -3 -2  0   32   1   0   2   1   7  10   0   0   1   5   2  22   0   8   0   2   0   0   7  0.25 0.14
  331 E   -2 -1  0  4  0  1  5 -2 -2 -4 -4 -1 -3 -4 -2 -1 -2 -4 -3 -4    1   1   2  22   2   4  60   3   0   0   0   0   0   0   1   2   1   0   0   0  0.85 0.22
  332 Q   -1  1 -1  0 -4  2  4  0  0 -3 -3  1 -1 -4  1  0 -1 -3 -3 -2    2   7   1   3   0  10  45   6   1   0   2   7   1   0   6   3   3   0   0   2  0.44 0.13
  333 G    0 -1  0  0 -2 -1  2  3 -2 -2 -2 -1 -1 -3 -2  3  0 -3 -3 -2    3   1   1   5   0   0  15  29   0   1   5   0   2   0   1  30   5   0   0   0  0.34 0.13
  334 L   -2 -1 -2 -3  2 -1 -2 -2 -3  0  4 -2  0  3 -3 -2 -2 -2 -1  0    0   3   2   0   5   4   2   4   0   2  52   1   0  17   0   3   0   0   0   3  0.33 0.14
  335 R   -2  6 -1 -2  0  0 -1  0 -1 -2 -3  1 -2 -3 -3  1 -1 -4 -3 -2    1  62   0   0   3   1   1   6   1   2   1   2   0   1   0  13   2   0   0   3  0.71 0.22
  336 E    1  0  1  2  0  2  3  0 -1 -3 -3  0 -2 -3 -1  1  0 -4 -3 -2   12   4   7  10   2  12  27   6   1   0   1   2   1   0   1   8   5   0   0   1  0.28 0.10
  337 L   -2 -4 -4 -5  7 -4 -4 -4 -4  0  4 -3  0 -1 -1 -2 -2 -3 -2  1    0   0   0   0  31   0   0   0   0   1  51   1   0   0   3   2   1   0   1  10  0.79 0.22
  338 Q    2 -1 -2  0 -3  2  5 -2 -2 -3 -3 -1 -1 -4 -2 -1 -1 -4 -3 -1   27   1   0   3   0   7  51   1   0   1   1   0   2   0   0   1   2   0   0   3  0.58 0.20
  339 R    1  3 -1 -2 -1  0  0  0  0 -3 -3  0 -1 -3 -2  3  0 -4 -3 -2    9  27   1   0   1   4   3   7   2   0   0   1   2   0   1  35   3   0   0   3  0.34 0.15
  340 G    1 -1  2  4 -1 -1  0 -1 -2 -3 -3 -1 -3 -3 -1  2  0 -4 -3 -3   16   2  13  30   2   1   1   1   0   0   2   2   0   1   1  26   1   0   0   0  0.42 0.15
  341 R   -2  3  0  0 -1  4  0 -3  5 -3 -3  2 -2 -3 -2  0 -1 -3 -1 -2    1  15   4   4   1  25   2   0  22   0   0  15   0   0   1   3   3   0   1   3  0.50 0.17
  342 R   -1  3 -1  4 -3  1  4 -2  0 -4 -4  2 -3 -4 -2 -1 -2 -4 -3 -4    2  17   0  24   1   2  33   1   3   0   0  15   0   0   0   1   0   0   0   0  0.62 0.18
  343 Q    0 -2 -1  3 -2  0  1 -2 -1 -2 -1  0 -2 -3 -2  3  2 -3 -1 -2    3   0   0  19   0   2  12   0   1   0   9   3   0   0   0  35  14   0   2   0  0.33 0.14
  344 C   -2 -3 -2 -2  4 -2 -1 -3 -2  0  3 -2  1  3 -2 -1  1 -2  1  0    0   0   1   2  13   0   4   0   0   4  36   0   2  16   2   2  11   0   4   1  0.26 0.11
  345 R   -1  2 -1  1 -4  5  2 -2  3 -4 -3  0 -2 -4 -2  0 -2 -3 -2 -3    4  11   0   8   0  44  14   1   9   0   0   1   0   0   0   5   0   0   0   0  0.61 0.18
  346 E   -1 -1 -1  2 -2  1  5  0  0 -3 -4 -1 -3 -4 -2  1  0 -4 -3 -3    1   1   0  10   1   3  55   8   1   1   0   0   0   0   0  12   6   0   0   0  0.61 0.18
  347 R   -3  0  0  6 -5 -1  2 -3 -1 -4 -5  1 -4 -5 -1 -1 -2 -5 -4 -4    0   5   2  68   0   0  10   0   1   0   0  11   0   0   2   1   0   0   0   0  1.05 0.24
  348 V   -1 -3 -3 -3 -2 -2 -2 -3 -1  4  0 -2  2 -2  3 -2  0 -4 -2  3    3   0   0   0   0   1   1   1   2  34   1   1   6   0  15   0   5   0   0  30  0.42 0.14
  349 C    1 -2 -1  3 -1  0  4 -2 -2 -3 -3 -1 -3 -4 -2  0  1 -4 -3 -1   16   0   0  21   1   0  46   0   0   1   0   0   0   0   0   2   8   0   0   4  0.55 0.17
  350 A    5 -1 -2 -2 -2 -2 -2 -1  0 -2 -2 -1 -1 -3 -1  1  1 -4 -3 -1   68   2   0   2   0   0   0   0   3   0   0   2   1   0   1   8  11   0   0   3  0.53 0.18
  351 L   -3 -1 -4 -5 -3 -2 -4 -5 -4  1  5 -3  2 -1 -2 -3 -2 -3 -2  0    0   4   0   0   0   1   0   0   0   2  87   0   3   0   2   0   0   0   0   0  0.80 0.21
  352 R    0  2 -2 -2 -2 -1 -2 -3 -3  2  2  0  0 -1 -3 -2  0 -3 -2  2    8  17   0   2   0   0   0   0   0  10  28   4   0   0   0   0   4   0   0  26  0.21 0.09
  353 V    2  0 -1  0 -2 -1 -1 -1 -2 -3 -2 -1 -2 -3 -2  4  1 -4 -3 -2   18   5   0   6   0   0   0   0   0   0   3   0   0   0   0  64   3   0   0   1  0.51 0.16
  354 A   -2 -4 -4 -4  2 -3 -4 -4 -4  6  1 -3  0 -1 -1 -2 -1 -3 -2  2    2   0   0   0   5   0   0   0   0  74  10   0   0   0   3   2   1   0   0   2  0.63 0.17
  355 A   -2 -1 -3 -3 -3  0  0 -4  2 -2 -1 -2 -2  2 -4 -1 -2  1  7 -2    2   3   0   0   0   4   5   0   5   0   5   0   0   2   0   4   0   0  69   0  0.96 0.21
  356 E   -1  0  4  1 -2  0  3 -1 -1 -3 -3  0 -3 -4  0  1  0 -4 -3 -2    0   4  38   6   1   0  31   1   0   0   0   0   0   0   5   7   5   0   0   3  0.49 0.13
  357 Q   -1  1  0  2 -4  1  5 -1 -1 -4 -4  0 -3 -4 -2 -1 -2 -4 -3 -3    1  10   1  12   0   4  64   5   0   0   0   2   0   0   0   0   0   0   0   0  0.73 0.16
  358 R   -2  3 -1  0 -4  1  0 -3 -2 -4 -3  6 -2 -4 -2 -1 -2 -4 -3 -3    0  14   0   4   0   5   0   0   0   0   0  76   0   0   0   0   0   0   0   0  0.86 0.19
  359 E   -2  2 -1  1 -5  1  6 -3 -1 -4 -4  0 -3 -4 -2 -1 -2 -4 -3 -4    0  13   0   3   0   0  83   0   0   0   0   0   0   0   0   0   0   0   0   0  1.05 0.22
  360 A    4 -1 -1 -2 -1 -1 -1  0 -2 -1 -1 -1  0 -3 -1  3  0 -3 -2 -1   48   2   0   0   0   0   0   2   0   2   4   0   3   0   0  32   3   0   0   0  0.37 0.12
  361 R   -1  1 -3 -4 -2 -2 -3 -3 -3 -3 -3 -3 -2 -1 -4 -1 -3 11  1 -3    5   9   0   0   1   0   1   1   0   0   1   0   0   0   0   5   0  72   2   1  2.10 0.25
  362 C   -2 -3 -3 -4  4 -2 -3 -4  0 -2 -2 -3 -1  2 -3 -2 -2  1  8 -2    1   0   0   0  12   0   1   1   0   0   1   0   1   0   0   1   0   0  80   1  1.27 0.22
  363 R   -1  4 -1 -2 -3  1  0 -2 -1 -3 -3  5 -2 -3 -2 -1 -1  3 -2 -2    1  27   0   1   0   1   2   1   1   1   1  54   0   0   1   1   1   5   0   3  0.57 0.12
  364 D   -2 -1 -1  2 -4  2  6 -3 -1 -4 -4  1 -3 -4 -2 -1 -2 -4 -3 -3    0   0   0  10   0   7  77   1   0   0   0   3   0   0   0   0   0   0   0   0  0.91 0.17
  365 G   -2 -1 -1  1 -5  2  6 -2 -1 -4 -4  0 -3 -4 -2 -1 -2 -4 -3 -4    0   0   0   0   0   8  89   2   0   0   0   0   0   0   0   0   0   0   0   0  1.11 0.21
  366 S   -1 -1  4  0 -3  0 -1 -1  2 -3 -3 -1 -2 -3  2  3  0 -4 -2 -1    0   2  36   0   0   4   0   3   8   0   0   0   0   0  10  33   0   0   0   5  0.45 0.12
  367 A   -1 -1 -1  2 -4  2  5 -3 -1 -4 -4  0 -3 -4 -2  1 -1 -4 -3 -3    2   0   0   9   0   7  71   0   0   0   0   0   0   0   0  10   0   0   0   0  0.82 0.16
  368 G    1  1  1 -1 -2 -1 -1  1 -2 -3 -3 -1 -2 -3 -2  4  1 -4 -3 -2   10   8   4   0   0   0   1  10   0   0   0   0   0   0   0  64   3   0   0   0  0.48 0.13
  369 L    1 -3 -3 -3 -2 -2 -3 -3 -3  3  1 -2  1 -1  2 -1 -1 -3 -2  3   18   0   0   0   0   0   0   0   0  29  14   0   1   0  10   0   1   0   0  26  0.29 0.08
  370 G    0  4 -1 -2 -3  0 -1  2 -2 -2 -2  1 -2 -3 -2  1 -1 -2 -2  0    2  39   0   0   0   1   0  20   0   0   0   8   0   0   0  16   0   0   0  14  0.33 0.09
  371 R   -1  1 -1 -2 -3  4  0 -3  6 -2 -1  1 -1 -2 -3 -1 -2 -3  0  0    1   5   0   1   0  32   0   0  34   0   5   8   0   0   0   1   0   0   1  11  0.49 0.13
  372 D   -2  0  1  5 -4  1  3 -2  0 -3 -1  0 -2 -3 -2 -1 -1  3 -2 -3    0   3   3  42   0   5  20   1   1   0  11   6   0   0   0   0   0   5   0   0  0.45 0.09
  373 L   -2 -3 -4 -5  2 -3 -4 -4 -4  1  5 -3  1  0 -4 -3 -2 -2 -2  0    0   0   0   0   5   0   0   0   0   0  91   0   0   1   0   0   0   0   0   2  0.74 0.16
  374 R    0  4  0 -2 -3  0 -1 -1 -1 -3 -3  0 -2 -3 -2  4  0 -4 -3 -2    0  42   1   0   0   0   0   2   0   0   1   0   0   0   0  53   1   0   0   1  0.60 0.15
  375 R   -2  4 -1 -2 -4  6  1 -2  1 -4 -3  1 -2 -4 -3 -1 -2 -3 -2 -3    0  28   0   0   0  69   0   1   2   0   1   0   0   0   0   0   0   0   0   0  0.95 0.20
  376 L   -1  1 -3 -3 -2 -2 -3 -3  1  3  3 -2  1 -1 -3 -2 -1 -3 -1  1    3  11   0   0   0   0   0   1   5  27  44   0   0   0   0   0   1   0   0   7  0.28 0.08
  377 R   -2  6  1 -2  1  1 -1 -2  0 -4 -3  3 -2 -4 -3 -1 -2 -4 -3 -3    0  67   5   0   4   3   0   1   1   0   0  19   0   0   0   0   0   0   0   0  0.81 0.15
  378 T   -2  0 -2 -2 -3  4 -1 -3  1 -2 -1 -1 -1  1 -3  1 -1  0  6 -2    0   2   0   0   0  32   0   0   1   0   5   0   0   0   0  12   2   0  45   0  0.59 0.15
  379 E   -2 -1 -1  1 -5  1  6 -3 -1 -4 -4  1 -3 -4 -2 -1 -2 -4 -3 -3    0   0   0   0   0   0  95   0   0   0   0   4   0   0   0   0   0   0   0   0  1.12 0.18
  380 L   -2 -3 -3 -4 -1 -3 -3 -4  2  0  3 -3  2  4 -4 -3 -2 -1  2  0    0   0   0   0   1   0   0   0   7   2  47   0   4  29   0   0   0   0   8   0  0.45 0.09
  381 G   -2  5 -1 -2 -4  3  0 -2  3 -3 -1  1 -1 -3 -3 -1 -2 -3 -2 -3    0  56   0   0   0  22   0   3  10   0   9   0   0   0   0   0   0   0   0   0  0.59 0.11
  382 R   -1  3  0 -1 -4  1  0 -2 -1 -3 -3  6 -2 -4 -2 -1 -1 -4 -3 -3    3  10   3   0   0   0   0   1   0   0   0  82   0   0   0   0   0   0   0   0  0.75 0.13
  383 T    0 -2 -2 -3 -1 -2 -2 -3 -3  2  0 -2  0 -2 -2  0  3 -3 -2  3    7   1   0   0   0   0   0   0   0  13   1   0   1   0   0   1  35   0   0  41  0.31 0.08
  384 E   -1  0 -1  2 -4  2  6 -2 -1 -4 -4  1 -3 -4 -2 -1 -2 -4 -3 -3    1   1   0   5   0   6  81   1   0   0   0   4   0   0   0   0   0   0   0   0  0.89 0.14
  385 A    4 -2 -1 -2 -1 -1 -1  0 -2 -2 -2 -1 -2 -3 -1  3  1 -3 -2 -1   57   0   0   0   0   0   1   1   0   0   0   0   0   0   0  32   5   0   0   2  0.47 0.11
  386 L   -1 -1 -3 -3 -2  1 -2 -3 -1  1  4 -2  2 -1 -3  0  0  0 -1 -1    4   2   0   0   0  10   0   0   1   5  53   1   7   1   0   8   4   1   1   0  0.34 0.19
  387 R   -2  5 -2 -2 -5  2 -1 -3 -2 -4 -4  5 -3 -4 -3 -2 -2 -4 -3 -4    0  32   0   0   0  11   0   0   0   0   0  54   0   0   0   0   0   0   0   0  1.05 0.34
  388 T   -3  6 -2 -3 -5  0 -1 -3 -2 -4 -3  4 -3 -4 -3 -2 -2 -4 -3 -4    0  56   0   0   0   3   0   0   0   0   2  35   0   0   0   0   2   0   0   0  1.12 0.35
  389 R   -1  0 -2 -2 -3  4 -1 -1  4 -2  2 -1 -1 -2 -3  1 -1 -3 -2 -2    2   5   0   0   0  28   0   5  15   0  26   2   0   0   0  12   1   0   0   1  0.35 0.21
  390 A    2 -3 -4 -4  1 -3 -3 -3 -3  0  4 -3  0 -1 -3 -1 -1 -3 -2  1   25   0   0   0   3   0   0   0   0   0  57   0   0   0   0   4   2   0   0   8  0.49 0.23
  391 Q   -3  3 -1 -3 -5  7  0 -4  3 -4 -4  0 -3 -5 -3 -2 -3 -4 -3 -1    0  18   1   0   0  66   0   0   8   0   0   2   0   0   0   0   0   0   0   5  1.22 0.42
  392 E   -2 -1 -1  4 -5  1  6 -4 -2 -5 -5  1 -4 -5 -3 -2 -3 -5 -1 -4    2   1   0  24   0   3  63   0   0   0   0   5   0   0   0   0   0   0   2   0  1.10 0.36
  393 E   -3 -2 -1  6 -5 -1  4 -3 -2 -4 -4 -2 -4 -4 -3 -2 -2 -5 -4 -4    1   0   0  60   0   0  33   1   0   0   1   0   0   0   0   1   0   0   0   1  1.24 0.34
  394 A    1 -3 -3 -3 -2 -2 -3 -3 -3  4  1 -2  4 -2  0 -1  1 -3 -2  1   18   0   0   0   0   0   0   1   0  32   7   0  15   0   5   3   9   0   0   6  0.30 0.17
  395 R   -2  4 -1 -2 -4  4  0 -3  0 -3 -3  4 -2 -4 -2 -1 -2 -3 -3 -2    1  25   0   0   0  22   4   1   2   0   1  37   0   0   0   3   0   0   0   2  0.71 0.25
  396 A    3  0  0 -2 -2 -1 -2  2 -2 -2 -2 -1 -1 -3 -2  1  1 -3 -3 -1   42   5   3   1   0   2   0  15   0   1   2   0   1   0   0  12  12   0   0   2  0.33 0.16
  397 A    2  0 -2 -3 -2 -2 -2 -2 -3  1 -1 -2 -1  1 -1 -1  2 -3 -1  3   18   5   0   0   0   0   0   1   0   5   3   0   0   9   2   2  22   0   0  31  0.24 0.16
  398 L   -1 -2 -1  2 -3 -1 -1  3 -2 -1  1 -2  3 -2 -2  0 -1 -3 -1  0    1   1   2  16   0   2   2  28   0   0  14   0  13   0   0   8   1   0   2   6  0.23 0.14
  399 L    2 -1 -1 -2  2  1 -1 -1 -1 -1  1 -1 -1 -2 -2  2  1 -3 -2 -1   22   1   0   0   5   9   0   2   1   2  20   0   0   0   0  22   9   0   1   3  0.18 0.13
  400 G    1  0  1 -1 -1 -1 -2  2 -2 -1 -3 -1 -2 -3 -2  4  0 -3 -3 -1   11   5   5   2   1   0   0  20   0   5   1   0   0   0   0  42   2   0   0   3  0.37 0.18
  401 A    3 -3 -3 -3 -2 -2 -3 -3 -3  0  4 -3  0 -1 -3 -1 -1 -3 -2  1   30   0   0   0   0   0   0   1   0   2  51   0   0   0   0   2   3   0   0   7  0.43 0.21
  402 G    1  0  3 -1 -2  0  0  3 -1 -3 -3 -1 -2 -3 -2  1  0 -3 -3 -2   16   6  17   2   0   5   7  26   0   1   1   1   0   0   0  11   5   0   0   1  0.31 0.13
  403 G    1  0  0 -1 -1 -2 -2  4 -2 -2 -3 -1 -2 -3 -2  3  0 -3 -3 -2   14   5   3   3   1   0   0  36   0   2   1   0   0   0   0  28   3   0   0   1  0.46 0.18
  404 L   -1 -3 -4 -4 -2 -3 -3 -4 -3  3  3 -3  2 -1 -3 -3 -1 -3 -2  3    2   0   0   0   0   0   0   1   0  17  37   0   6   0   0   1   2   0   0  31  0.50 0.18
  405 K    1  1  0 -1  1  0  0  0 -2 -3 -3  3 -2 -3 -2  2  1 -3 -2 -2   16   7   3   2   3   0   5   6   0   0   1  23   0   0   0  23   8   0   0   1  0.26 0.13
  406 R   -1  5  0 -1 -4  0  0  3  2 -4 -2  0 -2 -3 -3 -1 -2 -1 -2 -3    3  41   2   3   0   2   7  24   5   0   3   3   0   0   0   4   0   1   0   1  0.49 0.19
  407 R   -2  5 -2 -2 -4  0 -1 -2  0 -4 -3  5 -3 -4 -3  0 -2 -4 -3 -3    1  40   0   0   0   0   1   2   2   0   1  44   0   0   0   6   0   0   0   1  0.89 0.29
  408 L   -3 -3 -4 -4 -3 -3 -3 -4 -1 -1  2 -3  0  5 -4 -3 -3  4  6 -2    1   0   0   0   0   0   1   1   0   0  21   0   2  23   0   1   0   6  41   1  0.95 0.28
  409 C    1  1  0  2  0  1  0  1 -1 -2 -1  0 -1 -2 -2  1  0 -3 -2 -1   10   9   4  14   2  10   4  11   0   2   5   5   1   1   1  15   4   0   0   3  0.13 0.06
  410 R   -1  3 -1  1 -3  2  3 -2  5 -3 -3  1 -2 -3 -2 -1 -1 -3 -2 -3    2  25   1   9   0   7  20   3  17   1   1   8   0   1   1   1   2   0   0   1  0.46 0.17
  411 L   -2  3 -3 -4 -3 -2 -3 -4 -3  1  4 -1  0 -1 -3 -3 -2 -3 -2  0    1  25   0   0   0   0   1   1   0   5  62   1   0   0   0   1   1   0   0   2  0.58 0.21
  412 E   -2  0 -1 -1 -4  6  4 -1  0 -4 -3  1 -1 -4 -2 -1 -2 -3 -3 -3    1   3   1   0   0  47  29   3   1   0   1   9   2   0   0   1   1   0   0   1  0.78 0.25
  413 N    1 -1  4 -1 -1 -1 -1  1 -1 -2 -3  0 -1 -3 -2  3  1 -3 -2 -1   10   2  25   1   1   0   2   8   0   0   1   4   1   0   0  29  10   0   0   3  0.32 0.14
  414 R   -2  5 -1 -2 -4  5 -1 -3  6 -4 -3  0 -2 -3 -3 -2 -2 -3 -2 -3    1  37   2   0   0  33   1   1  22   0   1   1   0   0   0   1   1   0   0   1  0.89 0.27
  415 Y   -3 -3 -3 -4 -3 -3 -3 -4 -1 -2  0 -3 -1  5 -4 -3 -3  0  7 -2    1   0   0   0   0   0   1   1   0   0  10   1   0  33   0   1   1   0  49   1  1.15 0.29
  416 D   -2 -2 -1  4 -4  1  5 -1 -2 -4 -4 -1 -3 -4 -2 -1 -2 -4 -3 -3    1   0   0  25   0   2  59   3   0   0   1   1   0   0   0   3   1   0   0   1  0.91 0.26
  417 A    4 -2 -2 -2 -2 -2 -2 -1 -2 -1 -1 -2 -2 -3 -2  3  1 -3 -3  0   55   1   0   0   0   0   1   1   0   2   4   1   0   0   0  23   5   0   0   4  0.50 0.20
  418 L   -3 -3 -4 -4 -2 -3 -4 -4 -4  0  5 -3  1  0 -4 -3 -2 -3 -2 -1    1   0   0   0   0   0   1   1   0   0  89   1   2   1   0   1   1   0   0   1  0.96 0.28
  419 A    2  4 -1 -2 -1  1 -1  0  0 -3 -3  0 -2 -3 -2  1 -1 -3 -2 -2   28  35   2   1   1   8   1   5   3   1   1   1   0   0   1  11   1   0   0   1  0.38 0.16
  420 A   -1  1 -1 -1 -3  5  2 -3 -1 -3 -1  3 -1 -3 -2 -1 -2 -3 -2 -2    4   6   0   1   0  42   9   1   1   1   7  24   0   0   1   1   1   0   0   2  0.56 0.20
  421 Q   -2 -1 -2  0 -5  5  6 -4 -2 -5 -4 -1 -3 -5 -3 -2 -2 -4 -3 -4    1   0   0   1   0  38  58   0   0   0   0   0   0   0   0   0   0   0   0   0  1.23 0.36
  422 V   -2 -3 -4 -5 -2 -3 -4 -5 -4  1  4 -4  2  0 -4 -3 -2 -3 -2  3    0   0   0   0   0   0   0   0   0   2  58   0   4   2   0   0   0   0   0  33  0.72 0.24
  423 A    4 -2  1 -1  0 -2 -2 -1 -2 -3 -3 -2 -2 -4 -2  4  0 -4 -3 -2   41   0   6   3   2   0   0   1   0   0   1   0   0   0   0  43   2   0   0   1  0.59 0.25
  424 A    2 -1  1  1 -2 -1  2 -1 -2 -3 -4 -1 -3 -4 -2  4  0 -4 -3 -3   24   1   6   5   0   0  16   1   0   0   0   1   0   0   0  42   3   0   0   0  0.49 0.21
  425 E   -3 -2 -2  4 -5  0  6 -4  1 -5 -5 -1 -4 -5 -3 -2 -3 -5 -4 -4    0   0   0  20   0   0  77   0   3   0   0   0   0   0   0   0   0   0   0   0  1.34 0.37
  426 V   -2 -3 -4 -5 -3 -3 -4 -5 -4  1  4 -3  5 -1 -4 -3 -2 -3 -2  1    0   0   0   0   0   0   0   0   0   3  60   0  26   0   0   0   1   0   0  10  0.82 0.25
  427 Q   -2  5 -1 -2 -3  4  0 -2  0 -4 -3  4 -2 -4 -3 -1 -2 -4 -3 -4    1  36   0   0   1  29   0   1   1   0   1  27   0   0   0   3   0   0   0   0  0.81 0.25
  428 F   -5 -4 -6 -6 -4 -4 -5 -5 -4 -4 -1 -5 -3  5 -6 -5 -4 11  1 -4    0   1   0   0   0   0   0   0   0   0   3   0   0  29   0   0   0  67   0   0  2.67 0.47
  429 V   -2 -4 -3 -4 -2 -3 -4 -5 -4  3  2 -3  2 -1 -4 -3 -2 -4 -2  4    0   0   2   0   0   0   0   0   0  22  22   0   5   0   0   0   0   0   0  49  0.64 0.21
  430 R   -3  0 -2 -2 -5  8  2 -4 -1 -5 -3  0 -2 -5 -3 -2 -3 -4 -3 -4    0   3   0   0   0  85   9   0   0   0   2   1   0   0   0   0   0   0   0   0  1.53 0.41
  431 D   -3 -2 -1  6 -5  0  5 -1 -2 -5 -5 -1 -4 -5 -3 -2 -2 -5 -4 -4    0   0   0  47   0   0  48   4   0   0   0   0   0   0   0   0   0   0   0   0  1.17 0.30
  432 L   -1 -3 -4 -5 -2 -3 -4 -5 -4  1  5 -3  1 -1 -4 -3 -1 -1 -2  3    3   1   0   0   0   0   0   0   0   0  69   0   2   0   0   0   2   1   0  22  0.71 0.23
  433 V   -1 -3 -4 -4 -2 -3 -4 -4 -4  1  1 -3  6 -2 -4 -3  0 -4 -3  5    4   0   0   0   0   0   0   0   0   3   8   0  29   0   0   0   3   0   0  54  0.74 0.26
  434 R   -1  3  0  0 -3  0 -1  4 -2 -4 -4  0 -3 -3 -3  1 -1  2 -2 -3    1  27   3   3   0   2   1  36   0   0   0   3   0   0   0  16   1   3   1   1  0.50 0.17
  435 A    2 -2 -1 -1 -2 -2 -2  0 -2 -3 -4 -2 -3 -4 -1  5  0 -4 -3 -3   21   0   1   1   0   0   0   6   0   1   0   0   0   0   1  65   2   0   0   0  0.72 0.27
  436 L   -2 -3 -4 -4 -1 -3 -4 -2 -3  1  2 -4  4  6 -4 -2 -2 -1  0  0    0   0   0   0   1   0   0   3   0   9  23   0  14  43   0   3   0   0   0   5  0.62 0.20
  437 E   -1 -1  0 -1 -4  5  4 -3  3 -4 -3  0 -2 -4  1  0 -2  1 -2 -4    2   1   3   0   0  39  32   0  10   0   2   0   0   0   6   4   0   2   0   0  0.72 0.24
  438 Q   -1  2 -2 -3 -3  2 -1 -1 -2  0  2 -1  1 -2  2 -2 -1 -3 -2  0    5  15   0   0   0  16   0   5   0   2  34   1   4   0  11   0   3   0   0   4  0.24 0.13
  439 E   -2 -2 -1  3 -5  0  7 -3 -2 -5 -5 -1 -4 -5 -2 -2 -3 -5 -4 -4    1   0   1  12   0   0  84   1   0   0   0   0   0   0   1   0   0   0   0   0  1.32 0.34
  440 R    0  2  2  0 -3  0  0  2  0 -4 -4  3 -2 -4 -1  2 -1 -4 -3 -3    3   9  15   4   0   0   2  16   3   0   0  27   0   0   1  18   0   0   0   1  0.34 0.13
  441 L    0  0 -2 -2 -3 -1 -1  4 -3 -1  2 -1  1 -2 -1 -1 -1 -3 -3 -2    8   6   0   1   0   1   4  42   0   2  29   1   3   0   2   0   1   0   0   0  0.35 0.13
  442 Q   -1  0  4  0 -3  4  1  1 -1 -4 -3  0 -2 -4 -1  1 -1 -3 -3 -3    0   4  28   2   0  33   4   9   0   0   2   1   0   0   2  13   0   0   0   0  0.49 0.17
  443 A    0 -1 -1  0 -3 -2  0  5 -2 -3 -3 -2 -2 -4 -3  1  1 -3 -3 -2    5   3   0   3   0   0   8  54   0   0   0   0   1   0   0   9  12   0   0   4  0.57 0.14
  444 E    0 -2  0  4 -3  0  3  0 -1 -3 -3 -1 -3 -3 -2  1  0 -3  0 -2    7   0   0  33   0   0  24   7   0   0   0   0   0   0   0  17   3   0   4   3  0.41 0.10
  445 C   -1 -3 -3 -3  9 -2  0 -1 -3 -2 -1 -3 -2 -3 -3 -1  0 -3 -3 -2    0   0   0   0  72   0  11   4   0   0   5   0   0   0   0   0   7   0   0   0  1.10 0.15
  446 G    0 -2  0 -1 -2 -1 -2  5 -2 -4 -4 -1 -3 -3 -2  3  0 -3 -3 -3    0   0   0   0   0   0   0  65   0   0   0   0   0   0   0  35   0   0   0   0  0.75 0.08
  447 V   -1 -2 -3 -4 -1 -2 -3 -4 -3  2  4 -3  3  0 -3 -2 -1 -2 -1  2    0   0   0   0   0   0   0   0   0  12  62   0  14   0   0   0   0   0   0  11  0.40 0.03
  448 R   -2  6 -1 -2 -4  1  0 -3  0 -3 -2  2 -2 -3 -2 -1 -1 -3 -2 -3    0 100   0   0   0   0   0   0   0   0   0   0   0   0   0   0   0   0   0   0  0.79 0.02

                      K         Lambda
Standard Ungapped    0.1355     0.3206
Standard Gapped      0.0460     0.2670
PSI Ungapped         0.1500     0.3123
PSI Gapped           0.0460     0.2670
