
Last position-specific scoring matrix computed, weighted observed percentages rounded down, information per position, and relative weight of gapless real matches to pseudocounts
           A  R  N  D  C  Q  E  G  H  I  L  K  M  F  P  S  T  W  Y  V   A   R   N   D   C   Q   E   G   H   I   L   K   M   F   P   S   T   W   Y   V
    1 M   -1 -2 -3 -4 -2 -1 -2 -3 -2  1  2 -2  7  0 -3 -2 -1 -2 -1  0    0   0   0   0   0   0   0   0   0   0   0   0 100   0   0   0   0   0   0   0  0.67 0.08
    2 G    0  0 -2 -3 -1 -2 -2  2 -3  2  0 -2  0 -2 -3 -1 -1 -3 -2  4    0   7   0   0   0   0   0  21   0   0   0   0   0   0   0   0   0   0   0  72  0.26 0.04
    3 R   -2  6 -1 -2  2  1 -1 -3 -1 -3 -2  2 -2 -3 -3 -1 -1 -3 -2 -3    0  93   0   0   7   0   0   0   0   0   0   0   0   0   0   0   0   0   0   0  0.85 0.07
    4 R   -1  6 -1 -2 -3  0 -1 -2 -1 -3 -2  2 -2 -3 -2 -1  0 -3 -2 -2    6  84   0   0   0   0   0   0   0   0   0   0   0   0   0   0  10   0   0   0  0.72 0.07
    5 F   -3 -3 -3 -4 -3 -3 -4 -4 -1  0  1 -3  0  6 -4 -3 -2  1  3 -1    0   0   0   0   0   0   0   0   0   0   9   0   0  86   0   0   0   0   5   0  0.86 0.07
    6 L   -2 -1 -3 -4 -2 -2 -3 -4 -3  1  4 -2  2  0 -3 -3 -1 -2 -1  1    0   5   0   0   0   0   0   0   0   0  83   0   0   0   0   0   0   0   0  11  0.44 0.05
    7 V   -1 -3 -3 -4 -1 -3 -3 -4 -4  3  1 -3  1 -1 -3 -2  0 -3 -2  4    0   0   0   0   0   0   0   0   0  20   0   0   0   0   0   0   0   0   0  80  0.47 0.05
    8 T    0 -2  0 -1 -1 -1 -1 -2 -2 -1 -2 -1 -1 -3 -1  1  5 -3 -2  0    0   0   0   0   0   0   0   0   0   0   0   0   0   0   0   0 100   0   0   0  0.70 0.08
    9 V   -1 -3 -3 -4 -1 -3 -3 -4 -3  2  2 -3  1 -1 -3 -2  0 -3 -2  4    0   0   0   0   0   0   0   0   0   0  14   0   0   0   0   0   0   0   0  86  0.45 0.06
   10 R   -2  6 -1 -2 -4  1  0 -3 -1 -3 -3  2 -2 -3 -3 -1 -2 -3 -2 -3    0 100   0   0   0   0   0   0   0   0   0   0   0   0   0   0   0   0   0   0  0.99 0.08
   11 I   -2 -3 -3 -3 -2 -3 -3 -4 -3  5  1 -3  1  1 -3 -2  0 -3 -1  2    0   0   0   0   0   0   0   0   0  89   0   0   0   5   0   0   6   0   0   0  0.48 0.06
   12 Q   -2  6 -1 -2 -4  2  0 -3 -1 -3 -3  2 -2 -3  0 -1 -1 -3 -2 -3    0  86   0   0   0   8   0   0   0   0   0   0   0   0   6   0   0   0   0   0  0.82 0.07
   13 R   -2  6 -1 -2 -4  1  0 -3 -1 -3 -3  2 -2 -3 -2 -1 -1 -3 -2 -3    0  95   0   0   0   5   0   0   0   0   0   0   0   0   0   0   0   0   0   0  0.93 0.08
   14 A    4 -2 -1 -2 -1 -1 -1  1 -2 -2 -2 -1 -1 -3 -1  2  1 -3 -2 -1   72   0   0   0   0   0   0   7   0   0   0   0   0   0   0  11  10   0   0   0  0.44 0.07
   15 G   -1 -1  0 -2  7 -2 -2  3 -2 -3 -3 -2 -2 -2 -3  0 -1  2 -1 -2    0   4   7   0  40   0   0  35   0   0   0   0   0   0   0   8   0   4   2   0  0.62 0.07
   16 R   -1  3 -1 -2 -3 -1 -2  5 -2 -4 -4  0 -3 -3 -3 -1 -2 -3 -3 -3    0  34   0   0   0   0   0  66   0   0   0   0   0   0   0   0   0   0   0   0  0.80 0.08
   17 P   -1 -1 -2 -2 -3 -2 -2 -2 -2 -3 -3 -1 -3 -4  7  0 -1 -4 -3 -3    0   4   0   0   0   0   0   0   0   0   0   0   0   0  86  10   0   0   0   0  1.85 0.12
   18 L   -1 -2 -2 -2 -3 -1 -1 -3  3 -3 -1 -1 -2 -3  7  0 -1 -4 -2 -2    0   0   0   0   0   0   0   0  12   0   8   0   0   0  72   8   0   0   0   0  1.41 0.10
   19 Q   -2  5 -1 -2  0  3  0 -3  3 -3 -3  1 -2 -3 -2  0 -1 -3 -1 -3    0  60   0   0   4  20   0   0  12   0   0   0   0   0   0   4   0   0   0   0  0.63 0.08
   20 E   -1 -3 -3 -2 -2 -2  1 -4 -3  2  0 -2  0 -2 -3 -2 -1 -3 -2  5    0   0   0   0   0   0  14   0   0   0   0   0   0   0   0   0   0   0   0  86  0.44 0.09
   21 R   -2  6 -1 -2 -4  0 -1 -3 -1 -4 -3  2 -2 -3 -3 -1 -2 -3 -2 -3    0  95   0   0   0   0   0   0   0   0   0   5   0   0   0   0   0   0   0   0  1.06 0.12
   22 V    2 -2 -2 -2 -1 -2 -2 -2 -2  2  0 -2  0 -2 -2  1  0 -3 -2  2   35   0   0   0   0   0   0   0   0  19   0   0   0   0   0  11   5   0   0  30  0.22 0.05
   23 F   -3 -4 -4 -4 -3 -4 -4 -4 -2 -1  0 -4 -1  7 -4 -3 -3  0  2 -2    0   0   0   0   0   0   0   0   0   0   0   0   0 100   0   0   0   0   0   0  1.24 0.15
   24 L   -1 -3 -3 -3 -1 -2 -2 -4 -3  2  2 -3  0 -1 -3 -2 -1 -3 -2  4    0   0   0   0   0   0   3   0   0   0  16   0   0   0   0   0   0   0   0  81  0.47 0.09
   25 V    1 -3 -3 -3 -1 -3 -3 -3 -3  2  0 -3  0 -1 -3 -2 -1 -3 -2  5   12   0   0   0   0   0   0   0   0   4   0   0   0   0   0   0   0   0   0  84  0.49 0.10
   26 K   -2  2  0 -1 -4  4  1 -2  5 -3 -3  2 -1 -3 -2 -1 -1 -3 -1 -3    0  11   0   0   0  35   4   0  31   0   0  19   0   0   0   0   0   0   0   0  0.59 0.09
   27 F   -2 -3 -4 -4 -2 -3 -4 -4 -3  4  1 -3  0  4 -3 -3 -1 -2  0  2    0   0   0   0   0   0   0   0   0  66   0   0   0  30   0   0   0   0   0   4  0.53 0.09
   28 V    1 -2 -3 -3 -2 -2 -2 -2 -3  1  1 -2  2 -2  4 -1  0 -3 -2  2   16   0   0   0   0   0   0   0   0   0  10   0  12   0  24   0   6   0   0  32  0.37 0.07
   29 R   -1  5 -1 -1 -4  2  1  1 -1 -4 -3  1 -2 -4 -2 -1 -2 -3 -2 -3    0  61   0   0   0  12  12  15   0   0   0   0   0   0   0   0   0   0   0   0  0.64 0.11
   30 S    1 -1 -1 -2 -2  0 -1 -2 -2 -2 -1 -1 -1 -3  5  2  0 -3 -2 -2   18   3   0   0   0   3   0   0   0   0   9   0   0   0  38  28   0   0   0   0  0.65 0.09
   31 R    3  0 -1 -2 -1 -1 -1 -1 -2 -1  0 -1 -1 -2  1  2  1 -3 -2 -1   43   7   0   0   0   0   0   0   0   0  12   0   0   0   7  26   5   0   0   0  0.27 0.07
   32 R    1  3 -1 -2  3 -1 -2  4 -2 -3 -3 -1 -2 -3 -2 -1 -2  4 -2 -2   15  26   0   0  12   0   0  40   0   0   0   0   0   0   0   0   0   7   0   0  0.48 0.09
   33 P   -2  1 -1  2 -4  1  4 -3  1 -4 -3  0 -3 -4  3 -1 -1 -4 -3 -3    0  12   0  12   0   0  55   0   3   0   0   0   0   0  18   0   0   0   0   0  0.68 0.11
   34 R    0  2 -3 -4  3 -2 -3 -3 -2 -3 -2 -2 -2 -1 -4 -2 -2 10  0 -3   12  21   0   0   9   0   0   0   0   0   0   0   0   0   0   0   0  59   0   0  1.52 0.18
   35 T    3 -2 -1 -2 -1 -1 -1  1 -2 -2 -2 -1 -2 -3  2  2  1 -3 -2 -1   51   0   0   0   0   0   0   7   0   0   0   0   0   0  12  23   7   0   0   0  0.43 0.09
   36 A    4  1 -2 -2 -1 -1  1 -1 -2 -2 -2  0 -2 -3 -1  1 -1 -3 -2 -1   72  12   0   0   0   0   9   0   0   0   0   0   0   0   0   7   0   0   0   0  0.44 0.11
   37 S    0 -1  1 -1 -3 -1 -1 -2 -2 -3 -3 -1 -3 -4  6  2 -1 -4 -3 -3    7   4   8   0   0   0   0   0   0   0   0   0   0   0  56  25   0   0   0   0  1.08 0.12
   38 C   -1  3 -1 -2  4 -1 -2  3 -2  0 -2  0 -2 -3 -2  1 -1 -3 -3 -1    0  26   0   0  13   0   0  35   0  12   0   0   0   0   0  13   0   0   0   2  0.33 0.08
   39 A    2 -2  1 -1 -2  0 -1  1 -2  0 -1 -1 -1 -2  0  0  1  0 -2  2   25   0  12   0   0   7   3  12   0   0   0   0   0   0   3   0   8   2   0  28  0.13 0.05
   40 L   -2  6 -1 -2 -4  2 -1 -3 -1 -3 -1  1 -2 -3  1 -1 -2 -3 -2 -3    0  72   0   0   0  12   0   0   0   0   7   0   0   0   9   0   0   0   0   0  0.76 0.13
   41 A    4 -2 -2 -2 -1 -2 -2  3 -2 -2 -3 -1 -2 -3 -2  1 -1 -3 -3 -1   66   0   0   0   0   0   0  32   0   0   0   0   0   0   0   2   0   0   0   0  0.59 0.11
   42 F    3 -2 -2 -2 -1 -1 -1  0 -2  0 -1 -1 -1  2 -1  0  1 -2  0  1   45   1   0   1   0   0   1   5   0   1   3   1   0  15   1   1  12   0   0  13  0.18 0.06
   43 V    1 -2 -2 -2 -2 -1  0  1 -2  1  0 -1  0 -2  2 -1 -1 -3 -2  2   18   0   0   0   0   0  10  12   0   0   7   0   0   0  12   0   0   0   0  38  0.18 0.06
   44 N    4 -2  0  1 -1 -1 -1 -1 -2 -2 -2 -1 -1  1 -2  0 -1 -2 -1 -1   70   0   7   9   0   0   0   0   0   0   0   0   0  12   0   0   0   0   0   0  0.35 0.10
   45 M    0 -1 -3 -3 -2  1 -2 -3 -2  1  4 -2  2 -1 -3 -2 -1 -2 -2  0   12   3   0   0   0  12   0   0   0   0  64   0   7   0   0   0   0   0   0   3  0.32 0.09
   46 L   -1  1 -3 -4 -2 -2 -3 -4 -3  2  2 -2  0 -1 -3 -2 -1 -3 -2  4    0  12   0   0   0   0   0   0   0   0  19   0   0   0   0   0   0   0   0  69  0.40 0.11
   47 L   -2 -3 -3 -4 -2 -3 -3  1 -3  1  4 -3  1 -1 -3 -3 -2 -2 -2  1    0   0   0   0   0   0   0  14   0   0  80   0   0   0   0   0   0   0   0   6  0.55 0.15
   48 R   -1  2 -2 -3  1 -1 -2  1 -2  0  1  1  4 -1 -3 -1  0 -3 -2  0    0  14   0   0   4   0   0  14   0   0  15   9  30   0   0   0   4   0   0   9  0.19 0.10
   49 L    0 -3 -3 -3 -2 -2 -3  1 -3  1  3 -2  1 -1  1 -2 -2 -3 -2  0   12   0   0   0   0   0   0  14   0   7  58   0   0   0   9   0   0   0   0   0  0.32 0.10
   50 E    1 -1 -2 -2 -2 -1  1 -2 -2  1  1  0  0 -2 -2  1  0 -3 -2  3   16   0   0   0   0   0  13   0   0   0  12   9   0   0   0  12   0   0   0  39  0.15 0.08
   51 R   -1  5 -1 -1 -3  0  1 -2 -1 -2 -1  1 -1 -2 -2  1 -1  3 -2 -2    1  53   0   0   0   0  12   1   0   0   9   0   0   0   0  14   0   6   0   0  0.47 0.12
   52 I    0  2  0 -1 -2  0  1 -2 -1  1 -1  1 -1 -2 -2  2  0 -3 -2  0    1  20   4   0   0   0  12   1   0  13   1   8   0   0   0  29   0   0   0   9  0.17 0.07
   53 L    0  4 -1 -2 -3  3  0 -2  2 -2 -2  1 -1 -3  2 -1 -1 -3 -2 -1    9  32   0   0   0  26   0   0   6   0   4   7   0   0  12   0   0   0   0   4  0.41 0.11
   54 R    2  5 -1 -2 -2  0 -1 -2 -1 -3 -3  1 -2 -3  0  1 -1 -3 -2 -2   26  54   0   0   0   0   0   0   0   0   0   0   0   0   4  15   0   0   0   0  0.50 0.12
   55 R   -1  5 -1 -1 -3  2  2 -2 -1 -2  0  1 -1 -2 -2 -1  0 -2 -2 -2    1  51   0   1   0  13  14   1   0   1  11   1   0   0   1   1   5   0   0   1  0.43 0.09
   56 G    1  2 -1 -1 -2 -1 -1  3 -2 -3 -3  0 -2 -3  2  1 -1 -3 -2 -2   13  16   0   1   0   0   1  38   0   1   1   1   0   0  14  14   1   0   0   1  0.41 0.06
   57 P    1  2 -1 -1 -2  3  0 -2 -1 -2 -2  0 -1 -3  5 -1 -1 -3 -2 -1   14  18   0   1   0  28   1   1   0   1   1   1   0   0  31   1   1   0   0   3  0.56 0.09
   58 H    2  1 -1 -1 -2  4  0  1  1 -2 -2  0 -1 -3  0  0 -1 -2 -2 -2   29   5   0   1   0  38   1  14   4   1   1   1   0   0   3   1   1   0   0   1  0.32 0.09
   59 R   -1  0 -1 -2 -3 -1 -1 -2  5 -2 -1 -1  2 -2  5  1 -1 -3 -1 -2    0   5   0   0   0   0   0   0  24   0   7   0  13   0  37  13   0   0   0   0  0.65 0.12
   60 N   -2  1  1 -1 -4  1  1 -3  6 -3 -3 -1 -2 -2  3 -1 -2 -3  1 -3    0  10   5   0   0   4  13   0  43   0   2   0   0   0  18   0   0   0   5   0  0.64 0.12
   61 P   -1  2 -2 -2 -3 -1 -2  1 -2 -4 -3 -1 -3 -4  7  0 -1 -4 -3 -3    0  18   0   0   0   0   0  10   0   0   0   0   0   0  64   7   0   0   0   0  1.29 0.15
   62 G   -2  5 -1  2 -4  0 -1  2 -1 -4 -3  1 -2 -4 -3 -1 -2 -3 -3 -3    0  62   0  18   0   0   0  20   0   0   0   0   0   0   0   0   0   0   0   0  0.66 0.13
   63 P    2 -2 -1 -2 -2 -1 -1  0 -2 -3 -3 -1 -2 -3  6  2  0 -4 -3 -2   23   0   0   0   0   0   0   3   0   0   0   0   0   0  49  25   0   0   0   0  0.94 0.11
   64 G    0 -3 -1 -2 -3 -2 -3  6 -3 -4 -4 -2 -3 -4  1 -1 -2 -3 -4 -4    0   0   0   0   0   0   0  92   0   0   0   0   0   0   8   0   0   0   0   0  1.21 0.13
   65 D   -2 -1  0  3 -4  0  0  0  8 -4 -4 -1 -3 -3 -3 -1 -2 -3  0 -4    0   0   0  29   0   0   0   8  63   0   0   0   0   0   0   0   0   0   0   0  0.93 0.14
   66 D   -2  1  1  6 -4 -1  1 -2 -1 -4 -4 -1 -3 -4 -2 -1 -2 -5 -3 -4    0  13   0  87   0   0   0   0   0   0   0   0   0   0   0   0   0   0   0   0  1.00 0.10
   67 D   -2 -1  1  6 -4  0  1 -2 -2 -4 -4  1 -3 -4 -2 -1 -1 -5 -3 -4    0   0   0  87   0   0   0   0   0   0   0  13   0   0   0   0   0   0   0   0  1.00 0.10
   68 G    0 -3 -1 -2 -3 -2 -3  6 -3 -4 -4 -2 -3 -4 -3 -1 -2 -3 -4 -4    0   0   0   0   0   0   0 100   0   0   0   0   0   0   0   0   0   0   0   0  1.28 0.10
   69 Q   -1  0 -1 -1 -3  6  1 -3  0 -2  0  1  0 -3 -2 -1 -1 -2 -2 -2    0   0   0   0   0  87   0   0   0   0  13   0   0   0   0   0   0   0   0   0  0.76 0.12
   70 R   -1  4  0 -2  3  0 -1 -2  6 -3 -2  0 -2 -2 -2 -1 -1 -2  0 -2    1  36   1   1  12   1   1   1  40   1   1   1   0   1   1   1   1   0   0   1  0.51 0.06
   71 S   -1 -2 -1 -1 -3  1  1 -2 -2 -3 -3 -1 -2 -4  6  1  1 -4 -3 -2    0   0   0   0   0   6  13   0   0   0   0   0   0   0  59  10  11   0   0   0  1.10 0.07
   72 R   -1  4 -1 -1  0  0  0 -2 -1 -3 -3  2 -2 -3  2  1 -1 -3 -2 -3    0  50   0   0   2   0   0   0   0   0   0  13   0   0  11  23   0   0   0   0  0.50 0.06
   73 S    0 -2  0 -1 -2 -2 -2  5 -2 -4 -4 -2 -3 -3 -2  2 -1 -3 -3 -3    0   0   0   0   0   0   0  75   0   0   0   0   0   0   0  25   0   0   0   0  0.87 0.08
   74 S   -1  4 -1 -1 -3  1 -1  0 -1 -3 -3  1 -2 -3  3  2 -1 -3 -2 -3    0  42   0   0   0   5   0   9   0   0   0   0   0   0  20  24   0   0   0   0  0.49 0.06
   75 S    4 -2  1 -1 -1 -1 -1  0 -2 -2 -2 -1 -1 -3 -1  2  1 -3 -2 -1   70   0  11   0   0   0   0   0   0   0   0   0   0   0   0  13   5   0   0   0  0.40 0.07
   76 S    3 -1 -1 -2 -1  1 -1 -1 -2 -2 -2 -1 -1 -3  4  1  0 -3 -2 -1   56   0   0   0   0  13   0   0   0   0   0   0   0   0  21  10   0   0   0   0  0.49 0.06
   77 A    4 -2 -2 -2 -1 -1 -1  0 -2 -1 -2 -1 -1 -2 -1  2  0 -3 -2  1   75   0   0   0   0   0   0   0   0   0   0   0   0   0   0  13   0   0   0  11  0.42 0.07
   78 Q    4 -2 -2 -1 -1  0 -1  0 -2 -2 -1 -1 -1 -2 -1  1 -1 -3 -2 -1   84   0   0   3   0   7   0   0   0   0   6   0   0   0   0   0   0   0   0   0  0.43 0.08
   79 L   -1 -3 -3 -3 -2 -2 -2 -3 -3  0  2 -2  0 -2  6 -2 -1 -3 -2  0    0   0   0   0   0   0   0   0   0   0  32   0   0   0  57   0   0   0   0  11  1.00 0.07
   80 R   -2  6 -1 -2 -4  0 -1 -3  1 -4 -3  1 -2 -3 -3 -1 -2  4 -1 -3    0  88   0   0   0   0   0   0   3   0   0   0   0   0   0   0   0   9   0   0  0.93 0.10
   81 C   -1  4 -1 -3  6 -1 -2  1 -2 -3 -2  0 -2 -3 -3 -1 -1 -3 -3 -2    0  50   0   0  35   0   0  15   0   0   0   0   0   0   0   0   0   0   0   0  0.65 0.08
   82 R   -1  3 -1 -1 -3  2 -1  4 -1 -4 -3  0 -2 -3 -2 -1 -2 -3 -3 -3    0  31   0   0   0  19   0  49   0   0   0   0   0   0   0   0   0   0   0   0  0.58 0.05
   83 F    1 -2 -2 -2 -2 -2 -2 -2 -2 -2 -2 -1 -2  2  6  0  2 -2 -1 -1   13   0   0   0   0   0   0   0   0   0   0   0   0  15  51   0  21   0   0   0  0.86 0.06
   84 E   -1  0  0  0 -4  6  3 -2  0 -3 -3  1 -1 -4 -2 -1 -1 -3 -2 -3    0   0   0   0   0  74  26   0   0   0   0   0   0   0   0   0   0   0   0   0  0.80 0.08
   85 L   -2 -2 -3 -4 -2 -2 -3 -4  3  1  4 -3  1  0 -3 -3 -2 -2 -1  0    0   0   0   0   0   0   0   0  14   0  86   0   0   0   0   0   0   0   0   0  0.48 0.06
   86 R   -1  5 -1 -2  5  0 -1 -3 -1 -3 -2  1 -2 -3  2 -1 -1 -3 -2 -2    0  63   0   0  23   0   0   0   0   0   0   0   0   0  14   0   0   0   0   0  0.69 0.07
   87 G   -1  5 -1 -2 -3  0 -1  4 -1 -4 -3  1 -2 -3 -2 -1 -2 -3 -3 -3    0  56   0   0   0   0   0  44   0   0   0   0   0   0   0   0   0   0   0   0  0.65 0.05
   88 P   -1 -3 -2 -2 -3 -2 -2 -2 -3 -3 -3 -1 -3 -4  8  0 -1 -4 -3 -3    0   0   0   0   0   0   0   0   0   0   0   0   0   0  96   4   0   0   0   0  2.09 0.08
   89 H   -1  5  0  1 -3  0  0 -1  4 -3 -3  1 -2 -3 -2  0 -1 -3 -1 -3    0  56   0  14   0   0   0   4  20   0   0   0   0   0   0   7   0   0   0   0  0.50 0.05
   90 Y   -2 -1  2 -1 -3  0 -1 -2  8 -3 -3 -1 -2 -1 -3 -1 -2 -2  3 -3    0   0  14   0   0   0   0   0  77   0   0   0   0   0   0   0   0   0   9   0  0.94 0.08
   91 L   -1 -2 -2 -2 -3 -2 -1 -2 -2 -2 -1 -1 -2 -3  7  1 -1 -4 -3 -2    0   0   0   0   0   0   0   0   0   0   9   0   0   0  78  13   0   0   0   0  1.52 0.07
   92 L   -2 -1  0 -2 -3  0 -1 -3  8 -2  1 -1 -1 -1 -3 -2 -2 -3  1 -2    0   0   0   0   0   0   0   0  77   0  23   0   0   0   0   0   0   0   0   0  0.80 0.08
   93 P   -1 -2 -2 -2 -3 -1  0 -3 -2 -3 -3 -1 -3 -4  8 -1 -1 -4 -3 -3    0   0   0   0   0   0   5   0   0   0   0   0   0   0  95   0   0   0   0   0  2.07 0.08
   94 P    1 -2 -1 -2 -2 -1 -1 -2 -2 -2 -2 -1 -1 -3  5  1  3 -3 -2 -1   20   0   0   0   0   0   0   0   0   0   0   0   0   0  32   0  48   0   0   0  0.64 0.05
   95 G    0  2 -1 -2  6 -1 -2  3 -2 -3 -3 -1 -2 -3 -2  1 -1 -3 -3 -2    0  20   0   0  31   0   0  35   0   0   0   0   0   0   0  14   0   0   0   0  0.48 0.03
   96 A    4 -2 -2 -2 -1 -1 -1  0 -2 -2 -2 -1 -1 -3  3  1  0 -3 -2 -1   82   0   0   0   0   0   0   0   0   0   0   0   0   0  14   0   5   0   0   0  0.49 0.05
   97 R   -2  6 -1 -2 -4  1  0 -3 -1 -3 -3  2 -2 -3 -3 -1 -1 -3 -2 -3    0 100   0   0   0   0   0   0   0   0   0   0   0   0   0   0   0   0   0   0  0.95 0.07
   98 R   -2  6 -1 -2  3  1 -1 -3 -1 -3 -2  2 -2 -3 -3 -1 -1 -3 -2 -3    0  91   0   0   9   0   0   0   0   0   0   0   0   0   0   0   0   0   0   0  0.81 0.06
   99 S    0  3 -1 -2  4 -1 -1  3 -1 -3 -3  0 -2 -3 -2  2  0 -3 -2 -2    0  29   0   0  18   0   0  26   0   0   0   0   0   0   0  26   0   0   0   0  0.36 0.03
  100 A    1 -2 -2 -2 -2  0 -1 -2 -2 -2 -1 -1 -2 -3  6  0  0 -3 -3 -2   17   0   0   0   0   5   0   0   0   0   5   0   0   0  64   0   9   0   0   0  1.13 0.04
  101 G    0 -3 -1 -2 -3 -2 -2  6 -2 -4 -4 -2 -3 -3 -2 -1 -2 -3 -3 -4    0   0   0   0   0   0   0 100   0   0   0   0   0   0   0   0   0   0   0   0  1.19 0.06
  102 R    0  0 -1 -2 -3 -2 -2  6 -2 -4 -4 -1 -3 -3 -2 -1 -2 -3 -3 -3    0   9   0   0   0   0   0  91   0   0   0   0   0   0   0   0   0   0   0   0  1.01 0.05
  103 L   -2 -2 -4 -4 -2 -2 -3 -4 -3  1  4 -3  2  0 -3 -3 -1 -2 -1  1    0   0   0   0   0   0   0   0   0   0  95   0   0   0   0   0   0   0   0   5  0.54 0.05
  104 P   -1 -2 -3 -2 -3 -2 -2 -3 -3 -2  0 -2 -2 -3  7 -1 -1 -4 -3 -2    0   0   0   0   0   0   0   0   0   0  14   0   0   0  86   0   0   0   0   0  1.71 0.06
  105 G    0  0 -1 -2 -3 -2 -2  6 -2 -4 -4 -1 -3 -3 -2 -1 -2 -3 -3 -3    0   8   0   0   0   0   0  92   0   0   0   0   0   0   0   0   0   0   0   0  1.03 0.05
  106 H   -2 -1  2 -1 -3  0 -1 -2  8 -4 -3 -1 -2 -2 -3 -1 -2 -3  1 -4    0   0   9   0   0   0   0   0  91   0   0   0   0   0   0   0   0   0   0   0  1.09 0.08
  107 A    4 -1 -1 -1 -1 -1 -1  0 -2 -2 -2 -1 -1 -1 -1  2  0 -3 -1 -1   64   0   0   0   0   0   0   0   0   0   0   0   0   5   0  31   0   0   0   0  0.37 0.04
  108 G    0 -1  0  1 -3 -2 -1  5 -2 -4 -4 -1 -3 -3 -2 -1 -2 -3 -3 -3    0   4   0  14   0   0   0  82   0   0   0   0   0   0   0   0   0   0   0   0  0.89 0.04
  109 G    1 -2  0  1 -2 -2 -1  5 -2 -3 -3 -1 -3 -3 -2  1 -1 -3 -3 -3   14   0   0   9   0   0   0  69   0   0   0   0   0   0   0   8   0   0   0   0  0.70 0.04
  110 A    4 -2 -2 -2 -1 -1 -1 -1 -2 -2 -2 -1 -1 -3  3  1  2 -3 -2 -1   68   0   0   0   0   0   0   0   0   0   0   0   0   0  15   0  17   0   0   0  0.44 0.04
  111 A    4 -2 -2 -2 -1 -1 -1  0 -2 -2 -2 -1 -1 -3  3  1  1 -3 -2 -1   76   0   0   0   0   0   0   0   0   0   0   0   0   0  15   0   9   0   0   0  0.47 0.04
  112 R   -1  1 -2 -2 -3 -1 -1 -2 -2 -3 -3 -1 -3 -4  7  1 -1 -4 -3 -3    0  10   0   0   0   0   0   0   0   0   0   0   0   0  75  15   0   0   0   0  1.47 0.06
  113 V    0  0  0 -1 -2 -1 -1  4 -2 -2 -2 -1 -2 -3 -2  2  0 -3 -2 -1    0   5   0   0   0   0   0  43   0   0   0   0   0   0   0  42   0   0   0  10  0.41 0.03
  114 R   -2  6 -1 -2 -4  0 -1  0 -1 -3 -3  1 -2 -3 -3 -1 -2  4 -1 -3    0  81   0   0   0   0   0   9   0   0   0   0   0   0   0   0   0  10   0   0  0.73 0.06
  115 G    0 -2 -1 -1 -3 -2 -2  6 -2 -4 -4 -2 -3 -3 -2  1 -1 -3 -3 -3    0   0   0   0   0   0   0  90   0   0   0   0   0   0   0  10   0   0   0   0  1.03 0.05
  116 S    4 -2 -2 -2 -1 -1 -1  0 -2 -2 -2 -1 -1 -3 -1  2  0 -3 -2 -1   90   0   0   0   0   0   0   0   0   0   0   0   0   0   0  10   0   0   0   0  0.49 0.05
  117 A    4 -2 -2 -2 -1 -1 -1  0 -2 -1 -2 -1 -1 -2 -1  1  0 -3 -2  0   90   0   0   0   0   0   0   0   0   0   0   0   0   0   0   5   0   0   0   5  0.46 0.05
  118 G    0 -1 -1 -2 -3 -2 -2  6 -2 -4 -4 -1 -3 -3 -2 -1 -2 -3 -3 -3    0   5   0   0   0   0   0  95   0   0   0   0   0   0   0   0   0   0   0   0  1.08 0.05
  119 C   -1  3 -2 -3  8 -1 -2 -3 -2 -2 -2  0 -2 -3 -3 -1 -1 -3 -2 -2    0  38   0   0  62   0   0   0   0   0   0   0   0   0   0   0   0   0   0   0  0.90 0.06
  120 A    4 -1 -2 -2 -1  2 -1  0 -2 -2 -2 -1 -1 -3 -1  1  0 -3 -2 -1   85   0   0   0   0  15   0   0   0   0   0   0   0   0   0   0   0   0   0   0  0.44 0.05
  121 R   -1  6 -1 -2 -4  0 -1  1 -1 -3 -3  2 -2 -3 -2 -1 -1 -3 -2 -3    0  84   0   0   0   0   0  16   0   0   0   0   0   0   0   0   0   0   0   0  0.71 0.05
  122 C   -1  1 -3 -4  8 -2 -3 -3 -3 -1  1 -2 -1 -2 -3 -1 -1 -3 -2 -1    0  13   0   0  71   0   0   0   0   0  16   0   0   0   0   0   0   0   0   0  0.90 0.06
  123 L   -2 -2 -4 -4 -1 -2 -3 -4 -3  1  4 -3  2  0 -3 -3 -1 -2 -1  1    0   0   0   0   0   0   0   0   0   0  93   0   0   0   0   0   0   0   0   7  0.52 0.04
  124 G    0 -3 -1 -2 -3 -2 -2  6 -2 -4 -4 -2 -3 -3 -2 -1 -2 -3 -3 -3    0   0   0   0   0   0   0 100   0   0   0   0   0   0   0   0   0   0   0   0  1.17 0.05
  125 S    0 -2 -1 -1 -2 -1 -1 -2 -2 -3 -3 -1 -2 -3  6  2  0 -4 -3 -2    0   0   0   0   0   0   0   0   0   0   0   0   0   0  62  38   0   0   0   0  1.20 0.04
  126 P   -1 -2 -2 -2 -3 -2 -1 -2 -2 -3 -3 -1 -3 -4  8  0 -1 -4 -3 -3    0   0   0   0   0   0   0   0   0   0   0   0   0   0  93   7   0   0   0   0  1.97 0.06
  127 A    5 -2 -2 -2 -1 -1 -1  0 -2 -2 -2 -1 -1 -3 -1  1  0 -3 -2  0  100   0   0   0   0   0   0   0   0   0   0   0   0   0   0   0   0   0   0   0  0.52 0.05
  128 A    1  5 -1 -2  4  0 -1 -2 -1 -2 -2  1 -2 -3 -2  0 -1 -3 -2 -2   22  62   0   0  16   0   0   0   0   0   0   0   0   0   0   0   0   0   0   0  0.48 0.04
  129 R    0  3  0 -1 -2 -1 -1  4 -1 -3 -3  0 -2 -2 -2  0 -1 -2 -2 -2    1  29   1   1   0   1   1  57   0   1   1   1   0   1   1   1   1   0   1   1  0.51 0.02
  130 L   -1 -2 -2 -2 -2 -1 -1 -2 -2 -2  0 -1 -1 -2  7 -1 -1 -3 -2 -2    1   1   1   1   0   1   1   1   0   1  13   1   0   1  72   1   1   0   1   1  1.29 0.03
  131 G    0 -3 -1 -2 -3 -2 -2  6 -2 -4 -4 -2 -3 -3 -2 -1 -2 -3 -3 -3    0   0   0   0   0   0   0 100   0   0   0   0   0   0   0   0   0   0   0   0  1.17 0.05
  132 P   -1 -2 -2 -2 -3 -1 -1 -2 -2 -3 -3 -1 -3 -4  8 -1 -1 -4 -3 -2    0   0   0   0   0   0   0   0   0   0   0   0   0   0 100   0   0   0   0   0  2.06 0.01
  133 R   -2  6  0 -2 -4  1  0 -2  0 -3 -2  2 -1 -3 -2 -1 -1 -3 -2 -3    0 100   0   0   0   0   0   0   0   0   0   0   0   0   0   0   0   0   0   0  0.77 0.01
  134 A    3  3 -1 -2 -1  0 -1 -1 -1 -2 -2  1 -1 -3 -1  1  0 -3 -2 -1   62  38   0   0   0   0   0   0   0   0   0   0   0   0   0   0   0   0   0   0  0.32 0.00
  135 G    0 -2  0 -1 -3 -2 -2  6 -2 -4 -4 -2 -3 -3 -2  0 -2 -3 -3 -3    0   0   0   0   0   0   0 100   0   0   0   0   0   0   0   0   0   0   0   0  1.06 0.01
  136 T    0 -1  0 -1 -1 -1 -1 -2 -2 -1 -1 -1 -1 -2 -1  1  5 -3 -2  0    0   0   0   0   0   0   0   0   0   0   0   0   0   0   0   0 100   0   0   0  0.49 0.01
  137 S    1 -1  1  0 -1  0  0  0 -1 -2 -3  0 -2 -2 -1  4  1 -3 -2 -2    0   0   0   0   0   0   0   0   0   0   0   0   0   0   0 100   0   0   0   0  0.45 0.00
  138 R   -1  6  0 -2 -4  1  0 -2  0 -3 -2  2 -1 -3 -2 -1 -1 -3 -2 -3    0 100   0   0   0   0   0   0   0   0   0   0   0   0   0   0   0   0   0   0  0.74 0.00
  139 H   -2  4  0 -1 -3  1  0 -2  6 -3 -3  1 -2 -2 -2 -1 -1 -3  0 -3    0  50   0   0   0   0   0   0  50   0   0   0   0   0   0   0   0   0   0   0  0.57 0.00
  140 R   -1  6  0 -2 -4  1  0 -2  0 -3 -2  2 -1 -3 -2 -1 -1 -3 -2 -3    0 100   0   0   0   0   0   0   0   0   0   0   0   0   0   0   0   0   0   0  0.74 0.00
  141 A    4 -1 -2 -2  0 -1 -1  0 -2 -1 -2 -1 -1 -2 -1  1  0 -3 -2  0  100   0   0   0   0   0   0   0   0   0   0   0   0   0   0   0   0   0   0   0  0.40 0.00
  142 I   -1 -3 -3 -3 -1 -3 -3 -4 -3  3  1 -3  1 -1 -3 -2  0 -3 -1  3    0   0   0   0   0   0   0   0   0  50   0   0   0   0   0   0   0   0   0  50  0.34 0.00
  143 F   -2 -3 -3 -4 -2 -3 -3 -3 -1  0  0 -3  0  6 -4 -2 -2  1  3 -1    0   0   0   0   0   0   0   0   0   0   0   0   0 100   0   0   0   0   0   0  0.73 0.00
  144 A    4 -1 -2 -2  0 -1 -1  0 -2 -1 -2 -1 -1 -2 -1  1  0 -3 -2  0  100   0   0   0   0   0   0   0   0   0   0   0   0   0   0   0   0   0   0   0  0.40 0.00
  145 F   -1 -3 -3 -3 -2 -3 -3 -3 -2  2  1 -3  0  4 -3 -2 -1  0  2  2    0   0   0   0   0   0   0   0   0   0   0   0   0  50   0   0   0   0   0  50  0.34 0.00
  146 R    0  4  0 -1 -2  1  0 -1 -1 -3 -2  1 -1 -3 -1  3  0 -3 -2 -2    0  50   0   0   0   0   0   0   0   0   0   0   0   0   0  50   0   0   0   0  0.40 0.00
  147 W   -1 -2 -1 -2 -2 -1 -2 -2 -2 -2 -1 -2 -1  0 -2  0  3  9  1 -1    0   0   0   0   0   0   0   0   0   0   0   0   0   0   0   0  50  50   0   0  0.98 0.00
  148 V   -1 -2 -3 -3 -1 -2 -3 -3 -3  2  3 -2  1  0 -3 -2 -1 -2 -1  3    0   0   0   0   0   0   0   0   0   0  50   0   0   0   0   0   0   0   0  50  0.32 0.00
  149 L   -2 -2 -4 -4 -1 -2 -3 -4 -3  2  4 -3  2  0 -3 -3 -1 -2 -1  1    0   0   0   0   0   0   0   0   0   0 100   0   0   0   0   0   0   0   0   0  0.45 0.00
  150 F   -1 -1 -1 -1 -1 -1 -1 -1 -1  0  0 -1  0  5 -1 -1 -1  1  2 -1    4   3   2   3   1   2   3   4   1   3   5   3   1  52   3   4   3   1   2   3  0.19 0.01
  151 V    0 -1 -1 -1 -1 -1 -1 -1 -1  2  0 -1  0 -1 -1 -1  0 -1 -1  3    4   3   2   3   1   2   3   4   1   3   5   3   1   2   3   4   3   1   2  53  0.07 0.01
  152 F   -1 -1 -1 -1 -1 -1 -1 -1 -1  0  0 -1  0  5 -1 -1 -1  1  2 -1    4   3   2   3   1   2   3   4   1   3   5   3   1  52   3   4   3   1   2   3  0.19 0.01
  153 R   -1  4  0 -1 -2  1  0 -1  0 -1 -1  1 -1 -1 -1  0  0 -1 -1 -1    4  53   2   3   1   2   3   4   1   3   5   3   1   2   3   4   3   1   2   3  0.24 0.01
  154 W   -1 -1 -1 -1 -1 -1 -1 -1 -1 -1 -1 -1 -1  0 -1 -1 -1  9  1 -1    4   3   2   3   1   2   3   4   1   3   5   3   1   2   3   4   3  51   2   3  0.84 0.00
  155 V    0 -1 -1 -1 -1 -1 -1 -1 -1  2  0 -1  0 -1 -1 -1  0 -1 -1  3    4   3   2   3   1   2   3   4   1   3   5   3   1   2   3   4   3   1   2  53  0.07 0.01
  156 V    0 -1 -1 -1 -1 -1 -1 -1 -1  2  0 -1  0 -1 -1 -1  0 -1 -1  3    4   3   2   3   1   2   3   4   1   3   5   3   1   2   3   4   3   1   2  53  0.07 0.01
  157 F   -1 -1 -1 -1 -1 -1 -1 -1 -1  0  0 -1  0  5 -1 -1 -1  1  2 -1    4   3   2   3   1   2   3   4   1   3   5   3   1  52   3   4   3   1   2   3  0.19 0.01
  158 V    0 -1 -1 -1 -1 -1 -1 -1 -1  2  0 -1  0 -1 -1 -1  0 -1 -1  3    4   3   2   3   1   2   3   4   1   3   5   3   1   2   3   4   3   1   2  53  0.07 0.01
  159 Y   -1 -1 -1 -1 -1 -1 -1 -1  1 -1 -1 -1 -1  2 -1 -1 -1  1  5 -1    4   3   2   3   1   2   3   4   1   3   5   3   1   2   3   4   3   1  52   3  0.26 0.00
  160 R   -1  6  0 -2 -4  1  0 -2  0 -3 -2  2 -1 -3 -2 -1 -1 -3 -2 -3    0 100   0   0   0   0   0   0   0   0   0   0   0   0   0   0   0   0   0   0  0.74 0.00
  161 W   -3 -3 -4 -4 -2 -2 -3 -3 -2 -3 -2 -3 -1  1 -4 -3 -3 11  2 -3    0   0   0   0   0   0   0   0   0   0   0   0   0   0   0   0   0 100   0   0  2.30 0.00
  162 E   -1  0  0  2 -4  2  5 -2  0 -3 -3  1 -2 -3 -1  0 -1 -3 -2 -3    0   0   0   0   0   0 100   0   0   0   0   0   0   0   0   0   0   0   0   0  0.73 0.00
  163 R   -1  6  0 -2 -4  1  0 -2  0 -3 -2  2 -1 -3 -2 -1 -1 -3 -2 -3    0 100   0   0   0   0   0   0   0   0   0   0   0   0   0   0   0   0   0   0  0.74 0.00
  164 R   -2  4 -1 -2 -3  0 -1 -3 -1 -1 -1  1 -1  4 -3 -2 -2  0  2 -2    0  50   0   0   0   0   0   0   0   0   0   0   0  50   0   0   0   0   0   0  0.39 0.00
  165 P   -1 -2 -2 -2 -3 -1 -1 -2 -2 -3 -3 -1 -3 -4  8 -1 -1 -4 -3 -2    0   0   0   0   0   0   0   0   0   0   0   0   0   0 100   0   0   0   0   0  2.04 0.00
  166 D   -1 -2  1  4 -3 -1  0  4 -2 -4 -4 -1 -3 -3 -2  0 -1 -3 -3 -3    0   0   0  50   0   0   0  50   0   0   0   0   0   0   0   0   0   0   0   0  0.66 0.00
  167 R   -2  4  0 -1 -3  1  0 -2  6 -3 -3  1 -2 -2 -2 -1 -1 -3  0 -3    0  50   0   0   0   0   0   0  50   0   0   0   0   0   0   0   0   0   0   0  0.57 0.00
  168 R   -1  6  0 -2 -4  1  0 -2  0 -3 -2  2 -1 -3 -2 -1 -1 -3 -2 -3    0 100   0   0   0   0   0   0   0   0   0   0   0   0   0   0   0   0   0   0  0.74 0.00
  169 A    4 -1 -1 -2  0 -1 -1  0 -2 -1 -1 -1 -1 -2 -1  1  0 -2 -2  0    0   0   0   0   0   0   0   0   0   0   0   0   0   0   0   0   0   0   0   0  0.00     0.00

                      K         Lambda
Standard Ungapped    0.1429     0.3307
Standard Gapped      0.0398     0.2670
PSI Ungapped         0.1307     0.3037
PSI Gapped           0.0398     0.2670
