
Last position-specific scoring matrix computed, weighted observed percentages rounded down, information per position, and relative weight of gapless real matches to pseudocounts
           A  R  N  D  C  Q  E  G  H  I  L  K  M  F  P  S  T  W  Y  V   A   R   N   D   C   Q   E   G   H   I   L   K   M   F   P   S   T   W   Y   V
    1 M   -4 -5 -6 -7 -5 -4 -5 -6 -5 -2 -1 -5 11 -3 -6 -5 -4 -5 -4 -3    0   0   0   0   0   0   0   0   0   0   0   0 100   0   0   0   0   0   0   0  3.04 0.84
    2 K   -1  2 -2 -2 -5  2  0 -3  0 -5 -4  6 -3 -5 -1 -2 -1 -5 -4 -3    3   6   0   1   0   9   3   1   2   0   1  65   0   0   3   0   4   0   0   2  1.00 0.42
    3 T    1 -1 -2 -2  0 -2 -2  3 -3 -1 -1 -1  2 -3  0  1  1 -4 -3  1   14   3   0   1   3   0   0  22   0   2   5   3   9   0   4  10  13   0   0  12  0.21 0.17
    4 Q   -1  0 -1 -3  1  5 -1 -3 -1 -3 -3  0 -2 -1 -1  4  0  2 -2 -3    3   5   1   0   3  29   0   0   1   1   1   5   1   3   3  36   3   3   1   0  0.57 0.34
    5 C   -1  0 -2 -3  5 -2 -3  2  3  0 -2 -1  2 -3 -1  0  0 -4 -2 -1    4   7   0   0  17   0   0  19  10   8   1   3   9   1   3   6   7   0   0   4  0.31 0.21
    6 A    1 -3 -3 -4  1 -2 -3 -1 -4  1  3 -2  0  1 -2 -1 -1 -2 -2  3   14   0   0   0   3   1   0   5   0   7  31   1   0   7   2   3   3   0   0  23  0.27 0.19
    7 S    2 -3 -3 -3  1 -3 -3 -3 -3 -1  1 -3 -2  2  2  3  0 -3 -2 -1   19   0   0   0   3   0   0   0   0   3  14   0   0  13   8  32   3   0   0   4  0.38 0.28
    8 T   -2 -4 -4 -5  2 -4 -4 -2 -1  0  5 -4 -1  2 -4  1 -2 -3  0 -1    1   0   0   0   5   0   0   3   2   2  59   0   0   9   0  13   1   0   2   1  0.68 0.36
    9 W   -1 -4 -4 -5  8 -4 -5 -1 -3 -2  0 -4 -3 -1  2 -1 -3  7  0 -2    6   0   1   0  37   0   0   4   1   2   8   0   0   3   9   5   0  17   4   2  1.16 0.44
   10 L   -3 -5 -5 -6  3 -4 -5 -6 -5  0  5 -5  1  2 -3 -4 -3 -3  1  0    1   0   0   0   6   0   0   0   0   2  70   0   2   8   2   0   0   0   4   4  1.01 0.43
   11 L   -4 -5 -6 -6  0 -5 -5 -6 -5  0  6 -5  2  3 -3 -4 -2 -4 -2  0    0   0   0   0   2   0   0   0   0   1  73   0   3  12   1   1   2   0   1   4  1.15 0.47
   12 G    0 -3 -2 -3  3 -3 -3  3 -2 -1  0 -3 -2 -1 -3  4  0  2 -1 -1    5   0   0   0   6   0   0  23   1   4   8   0   0   3   0  34   3   4   2   5  0.41 0.29
   13 M    3 -3 -3 -4  3 -2 -3 -1 -4 -1  1 -3  3  1 -3 -1  2 -4 -2  1   29   0   0   0   7   1   0   3   0   2  13   0  10   6   0   3  15   0   0  10  0.35 0.25
   14 T    0 -3 -2 -3  0 -2 -3 -1 -3  1  2 -3  2 -1 -1  0  1 -3 -2  3    9   0   1   0   2   1   1   3   0   8  21   0   7   2   2   8  12   0   0  22  0.24 0.19
   15 L   -2 -4 -3 -5  5 -4 -3 -2 -4  0  3 -4  0  4 -2 -1 -2 -1 -1  1    1   0   1   0  13   0   1   4   0   4  37   0   1  18   2   6   0   1   0  10  0.52 0.29
   16 I   -1 -4 -4 -4  3 -3 -4 -2 -1  1  2 -4 -1  4 -3  0 -1  5  2  1    5   0   0   1   8   0   0   2   1   6  20   0   1  19   1   7   3   8   6  11  0.39 0.23
   17 L   -1 -4 -5 -5  0 -2 -4 -2 -5  1  5 -4  0  0 -3 -1 -1 -4 -3  1    6   0   0   0   2   1   1   3   0   4  63   0   1   3   1   6   3   0   0   7  0.68 0.35
   18 C    2 -3 -2 -4  7 -1 -4 -2 -4 -2 -2 -3 -2 -2 -3  0  2  6 -1 -1   21   1   1   0  25   2   0   1   0   2   2   1   0   2   1   7  15  11   2   5  0.74 0.36
   19 S    0 -2 -2 -2  2 -2  0  4 -3 -4 -1 -3 -3 -4 -4  4  0 -5 -4 -4    7   1   0   1   5   1   6  33   0   0   8   0   0   0   0  32   5   0   0   0  0.58 0.33
   20 V    0 -1  1 -2  0  1 -1  0 -1  0  1 -2  1 -2 -3  1 -1 -1 -2  2    8   3   7   0   2   8   3   7   2   3  16   0   5   0   0  15   2   1   0  19  0.11 0.15
   21 H   -1  2 -1 -1 -3  3 -1 -3  6 -5 -4  3 -3 -2  2 -1 -2 -1 -1 -3    5  10   1   3   1  14   1   1  21   0   0  23   0   2  10   3   1   1   2   2  0.59 0.33
   22 I    1  0 -2 -3 -1 -2  2 -1 -3  2 -2 -1 -1 -3 -3  0  3 -4 -3  0   15   5   1   0   1   0  15   5   0  18   2   2   1   0   0   3  26   0   0   6  0.30 0.26
   23 Y   -1  2 -3 -4  2  1 -2 -4  2 -1  2 -2 -1  4 -1 -2 -3 -1 -1 -1    4  13   1   0   6   6   2   1   5   2  25   1   0  25   4   2   0   1   1   2  0.36 0.25
   24 S   -1  1 -1 -2 -3  2 -2  1  7 -5 -4 -1 -4 -4  0  2 -2 -5 -2 -3    4   9   2   1   0  11   0  12  35   0   1   2   0   0   5  18   1   0   0   1  0.80 0.41
   25 L   -1 -3 -3 -3 -4 -2 -1 -3 -2 -1  4 -2  0  6 -5 -3 -2 -3 -1 -1    4   0   1   2   0   1   4   1   1   1  40   2   1  35   0   1   1   0   0   3  0.69 0.36
   26 R   -1  3  0  0 -5 -1 -2  5 -3 -5 -5  0 -4 -3 -1 -1 -2 -5 -3 -5    3  17   5   5   0   1   1  51   0   0   0   6   0   1   4   4   1   0   1   0  0.84 0.40
   27 R    0  3  0 -3  0  0 -2 -2  0 -4 -3  0 -3 -4  4  4 -1 -5 -4 -3    6  15   4   0   3   4   0   2   2   0   1   5   0   1  19  33   3   0   0   1  0.56 0.35
   28 C   -3 -6 -6 -6 11 -6 -6 -4 -2 -3 -5 -6 -5 -6 -6 -3 -4 -6 -6 -3    1   0   0   0  90   0   0   2   1   1   0   0   0   0   0   2   0   0   0   1  3.46 0.98
   29 L   -1  4 -2 -2 -2  0 -1 -4 -2 -1  1 -1  0 -3  1  1 -1 -1 -3  2    2  29   0   1   0   4   3   0   1   1  17   1   2   0   6  14   2   1   0  16  0.33 0.27
   30 I   -2 -5 -5 -5 -3 -4 -5 -5 -5  5  3 -4 -1  1 -2 -3 -2 -4 -3  4    3   0   0   0   0   0   0   0   0  32  24   0   0   5   2   1   1   0   0  30  0.80 0.38
   31 S   -1 -1  1 -2 -4 -1  0 -3  0 -4 -4  0 -4 -3  5  4  1 -5 -4 -3    2   2   7   1   0   2   6   0   2   0   1   4   0   1  27  32  10   0   0   1  0.71 0.40
   32 V    1 -4 -2 -4 -3 -2 -3 -1  0  1 -1 -3  5 -2 -4  0  1 -4 -3  4   10   0   2   1   0   1   0   4   3   6   2   0  21   1   0   7  10   0   0  32  0.50 0.36
   33 D   -1  2  3  3 -4 -1 -1 -3  4 -2 -2  0  2 -4 -3  1 -2 -4 -2  0    3  13  14  17   0   1   2   0  11   1   2   5   8   0   0  14   1   0   1   7  0.37 0.28
   34 M   -3 -3 -5 -5 -1 -4 -5 -5 -5  1  5 -4  5  2 -3 -4  0 -4 -2  1    1   1   0   0   1   0   0   0   0   4  53   0  13   8   1   0   6   0   1   9  0.84 0.43
   35 R   -2  4  0 -2 -5  5 -1 -4  5 -5 -3  2 -3 -5 -1 -2  0 -5 -2 -4    2  20   5   2   0  26   1   0  15   0   2  14   0   0   3   2   7   0   1   0  0.73 0.42
   36 L   -1  0 -2  0 -6  0  6 -3  2 -5 -3  1 -2 -4 -2 -2 -2 -6 -4 -4    4   5   1   5   0   3  58   1   6   0   3   6   1   1   2   1   2   0   0   1  0.96 0.51
   37 I   -4 -5 -6 -4 -4 -5 -6 -6 -4  5  5 -5  2 -1 -6 -5 -3 -5 -4  0    1   0   0   1   0   0   0   0   0  32  57   0   4   2   0   0   0   0   0   3  1.21 0.54
   38 E   -5  7 -2 -4 -7  2  1 -4  0 -6 -5  1 -5 -5 -5 -4 -4  5 -2 -5    0  63   1   0   0   7   9   1   2   0   1   6   0   0   0   0   0   9   1   0  1.55 0.67
   39 K    0  1  2  0 -4  1  3 -2  1 -2 -3  1 -2 -4 -3  2  1 -4 -3 -2    9   5   8   3   0   6  19   1   4   3   1  10   1   0   0  17  10   0   0   2  0.30 0.24
   40 S    3 -1  0  0 -2 -2  1  2  2 -3 -3  0 -3 -3 -2  2  0 -4  1 -3   25   3   4   4   0   0   9  16   5   1   1   6   0   0   1  14   3   0   6   0  0.27 0.23
   41 F   -4 -6 -4 -7 -6 -6 -7 -7 -1 -3 -4 -6 -4  9 -7 -3 -2 -3  5 -5    1   0   1   0   0   0   0   0   1   1   0   0   0  77   0   2   3   0  14   0  2.30 0.85
   42 H   -1  1  1 -1 -4  3  0  0 -1 -3 -3 -1 -3 -3 -2  3  2  4  0 -3    4   8   5   2   0  15   5   6   1   1   1   1   0   1   2  25  13   6   3   0  0.36 0.30
   43 E    2  1 -1  0 -4  1  4 -1 -1 -4 -3  1 -3 -4 -3  0  1 -5 -3 -2   23   7   1   5   0   5  28   3   1   0   2   7   0   0   1   3  10   0   1   1  0.41 0.31
   44 I   -2 -6 -4 -6 -1 -5 -6 -6 -6  7  0 -5  2 -3 -5 -5 -3 -5 -4  3    3   0   1   0   1   0   0   0   0  61   5   0   6   0   0   0   0   0   0  22  1.39 0.59
   45 K   -1  5 -3 -4 -6  1 -3 -4 -4 -5 -3  6 -4 -6 -4 -3 -4 -3 -5 -4    4  29   0   0   0   4   0   1   0   0   2  57   0   0   0   1   0   0   0   1  1.40 0.64
   46 R    1  1  1  4 -4  0  1  0  0 -3 -4  0 -3 -3 -3  1  1 -5 -4 -3   14   8   6  25   0   4   7   5   2   1   1   5   0   1   1   9  11   0   0   0  0.36 0.26
   47 A    1 -2  2 -1 -4 -2 -2 -3 -1 -1 -3 -3  0  4 -3  1  2 -3  3 -1   14   2  13   2   0   1   1   1   1   3   0   0   2  18   1  11  14   0  13   3  0.36 0.30
   48 M   -1 -4 -5 -5 -3 -4 -3 -5 -4  3  0 -4  2  4 -5 -3 -2 -3  3  4    6   0   0   0   0   0   1   0   0  18   6   0   5  16   0   1   2   0  11  33  0.67 0.38
   49 Q   -4 -3 -3 -3 -5  7  2 -5  2  1 -2 -1 -3 -5 -4 -3 -3 -5 -4  0    0   0   0   0   0  58  11   0   4   9   4   3   0   0   0   1   0   0   0   8  1.22 0.63
   50 T    4  0 -1 -1 -3 -2 -2 -1 -3 -3 -3 -1  1 -4  0  2  1 -5 -4 -1   41   5   2   4   0   0   2   3   0   1   1   3   3   0   4  19  10   0   0   3  0.49 0.36
   51 K   -1  2  2 -1 -4  2  2 -1 -1 -4 -3  4 -3 -4 -3  0 -2  1 -2 -4    4   9  12   1   0  10  14   5   1   0   2  30   0   0   0   6   0   2   1   0  0.50 0.32
   52 D   -5 -5 -1  8 -6 -2 -1 -3 -4 -6 -3 -4 -5 -6 -5 -4 -4 -6 -6 -6    1   0   1  85   0   2   2   2   0   0   3   0   0   0   0   1   0   0   0   0  2.19 0.84
   53 T   -1 -1  2  2 -2  2  1  0  1 -2 -2  0 -2 -3  0  0  2 -4 -2 -2    3   3  13  15   1   9   8   6   5   2   4   5   0   0   5   4  13   0   1   3  0.22 0.18
   54 F   -2 -2  2  1 -3 -1  1 -2  0  3  0 -2  0  2 -3 -2 -2 -3  0  0    2   1  14   7   0   2  13   2   3  22  11   1   2   9   1   2   1   0   3   5  0.20 0.19
   55 K   -2  1 -2  0 -3  1  0 -2  0  1  1  2  1 -2 -1 -1  2 -2 -1 -1    1   9   1   4   0   6   5   2   2  10  15  12   5   0   3   3  19   1   2   1  0.16 0.19
   56 N   -2 -3  4  4 -4 -2  0  0 -2 -3 -4 -3 -1 -2 -1  2  1 -5 -2 -4    1   1  25  27   0   0   5   7   1   1   2   0   2   2   2  15   8   0   2   0  0.61 0.39
   57 V   -1 -3 -1 -4 -3 -3 -4 -3 -4  4  0 -2  2  0 -2 -1  1 -4 -3  4    4   1   4   0   0   0   0   1   0  24   7   1   4   4   2   4  11   0   0  31  0.46 0.31
   58 T    0  5 -2 -3 -2  1 -2 -2 -2 -2 -2  1  1 -4 -2  1  1 -4 -3 -1    7  39   1   1   1   5   1   2   0   2   2   7   4   0   2  12  11   0   0   4  0.55 0.34
   59 I   -3 -4 -5 -5  0 -2 -5 -5 -5  4  5 -5  1 -1 -5 -4 -3 -4 -3 -1    2   0   0   0   2   2   0   0   0  23  61   0   2   2   0   0   1   0   0   2  1.07 0.51
   60 L   -2 -5 -5 -5  0 -4 -5 -5 -5  2  6 -5 -1  0 -5 -4 -4 -4 -1 -1    3   0   0   0   2   0   0   1   0  12  73   0   0   2   0   0   0   0   2   2  1.19 0.55
   61 S   -2  2  1  2 -4 -1 -1  1  0 -4 -3  2 -2 -4 -3  3  0  0 -3 -4    0  13   5  10   0   2   2   9   2   0   3  15   1   0   0  30   5   1   0   0  0.42 0.33
   62 L   -1  0  0  0 -2  2  2 -1  1 -2 -2  2 -2 -3  0  1  2 -4 -2 -2    4   5   3   3   1  13  11   5   3   1   5  16   0   1   5   8  14   0   1   1  0.22 0.20
   63 E   -1 -1  0  1 -4  2  3 -1  2 -3 -4  2 -3 -2 -1  2  0 -4 -2 -3    4   1   4   7   0   9  24   3   5   1   1  12   0   2   2  17   5   0   1   1  0.36 0.27
   64 N   -2 -3 -1 -3 -3 -3 -2 -4 -2  1  3 -2  1  0  0  2  2 -4 -2  2    1   0   2   0   0   0   2   0   1   6  29   2   4   5   4  18  12   0   0  13  0.28 0.26
   65 L   -3 -2 -1 -4 -4 -1  0 -5 -4  0  4  0  3  2 -3 -3 -3 -3  0 -1    1   1   3   0   0   2   6   0   0   4  53   8   6   8   1   1   1   0   3   2  0.57 0.36
   66 R   -2  1  0  2 -4  4  1 -4  4 -4 -3  2  0 -4 -1 -1 -1 -4 -1 -2    2   6   4  13   0  24   8   0  12   0   2  13   3   0   2   3   3   0   2   3  0.51 0.37
   67 S   -2 -1  3  3 -4  0  2  1  0 -3 -1  1 -3 -4 -1  0 -1 -4 -3 -2    2   2  18  17   0   2  12  10   2   1   7   9   0   0   3   8   3   0   0   3  0.30 0.25
   68 I   -2 -4 -4 -5 -3 -2 -4 -3 -4  3  1 -2  1  5 -4 -3  1 -3 -2  3    3   0   0   0   0   2   0   2   0  21  10   2   3  23   0   0   9   0   0  23  0.60 0.39
   69 K   -3  0  1 -3 -4  2 -1 -2  0 -4 -1  5  1 -4  0  1  0 -4 -4 -2    1   3   8   0   0  11   3   2   3   0   6  37   4   0   5   9   6   0   0   2  0.51 0.40
   70 P   -1 -3 -1  1 -3 -1  1  2 -1 -2 -2 -2  0 -1  3  2  0  1 -3  0    4   0   2   7   0   2   9  14   2   2   2   2   3   3  15  16   4   3   0   7  0.22 0.25
   71 G    1  0  1 -1  0 -1 -1  0 -1 -2 -1  0  2 -3  2  2  0 -3  0 -1   12   5   6   2   2   2   2   8   1   2   6   4   8   0  11  15   4   0   4   3  0.12 0.20
   72 D   -1  0  0  3  1  1  3 -1 -2 -1 -1  0 -2  1 -3 -1 -1 -3  1 -1    3   3   4  16   3   8  20   4   0   3   6   6   0   6   0   4   4   0   7   3  0.18 0.19
   73 V    0  2  1 -2  1  1 -2  2  1 -1 -3  0  0 -1 -3  0  0 -3  0 -1    9  14   9   0   3   6   0  21   4   4   1   4   4   4   0   6   5   0   3   5  0.17 0.19
   74 C   -3 -5 -4 -5 11 -5 -5 -2 -5 -4 -4 -5 -4 -4 -4 -3 -3 -4 -4 -3    1   1   1   1  86   0   1   3   0   1   1   1   0   0   1   1   1   0   0   1  2.94 0.68
   75 C   -2  1 -2 -3  7  4 -2 -4  3 -3 -3 -1 -3 -1 -3 -1 -2 -2  4 -3    1   9   1   1  30  21   1   1   7   1   1   2   0   2   1   5   1   0  15   1  0.86 0.36
   76 M    1 -3 -3 -3 -2 -2 -3 -2 -3  1  2 -3  2  3 -3  0  0 -2 -1  2   13   0   0   0   0   0   1   1   0   6  18   1   8  18   0   8   7   0   0  16  0.26 0.17
   77 T   -1 -1 -2 -3 -2  0 -3 -4 -2  1  3 -2  4 -1 -3 -2  2 -3 -2  1    2   4   1   0   0   6   1   1   1   8  31   1  15   1   0   1  16   0   0  11  0.35 0.21
   78 N   -1  3  1  1 -2  0  1 -2  3 -3 -2  3 -2 -3 -2  1 -1 -2 -1 -2    2  18   7  10   1   1   6   2   9   1   2  19   0   0   0  15   1   1   1   3  0.32 0.19
   79 N   -1  1  1  0 -4  4  3 -2  4 -3 -2  1 -2 -3 -2  0 -1 -3 -1 -3    3   6   7   4   0  20  21   2  13   0   4   7   0   0   0   5   3   0   1   1  0.42 0.21
   80 L   -2 -3 -4 -4 -2 -3 -2 -4 -3  2  4 -3  4 -1 -3 -3 -2 -3 -1  2    2   0   0   0   0   0   3   1   0  12  45   1  15   0   0   1   2   0   1  14  0.59 0.25
   81 L   -2 -2 -4 -4 -3 -2 -4 -3 -4  2  4 -3  4  1 -4 -2 -2 -3 -2  1    2   1   0   0   0   1   1   2   0  12  54   1  10   5   0   2   1   0   0   7  0.62 0.26
   82 T   -1  3  2  0 -3  2  2 -1  0 -3 -3  1 -2 -4 -2  1  1 -4 -3 -3    4  22  13   4   0   9  13   3   2   0   1   7   0   0   0   9  11   0   0   1  0.36 0.18
   83 F   -4  0 -4 -5 -4 -4 -4 -4  1  0  1 -2 -2  8 -4 -4 -4 -2  0 -3    1   5   0   0   0   0   1   1   3   5  10   3   0  67   0   1   1   0   0   1  1.33 0.43
   84 Y   -3 -4 -4 -5 -4 -4 -4 -5 -1 -1 -3 -4 -3  2 -4 -3  0 -1  9  0    2   0   0   0   0   0   1   1   0   4   1   1   0   7   0   1   6   0  70   6  1.66 0.52
   85 R   -2 -2 -4 -4 -3 -3 -4 -4 -4  1  4 -2  5 -2 -4 -3 -1 -3 -3  3    1   3   0   0   0   0   1   1   0   3  46   2  18   0   0   1   4   0   0  20  0.67 0.29
   86 D   -2 -1  1  4 -4  0  4 -2 -1 -3 -1  1 -3 -4 -3  0 -2 -4 -3 -2    2   1   7  25   0   1  33   2   1   0   6  10   0   0   0   6   1   0   0   2  0.54 0.24
   87 R   -2  3  1  3 -1  0  3 -2  0 -3 -3  1 -1 -3 -2 -1  1 -4 -3  0    1  18   5  17   2   1  22   2   1   0   1   7   1   0   0   2  11   0   0   7  0.33 0.18
   88 V    0 -4 -4 -4 -3 -4 -4 -4 -4  1 -1 -4 -2 -3 -4 -2 -2  2 -3  6    5   0   0   0   0   0   1   1   0   5   1   1   0   0   0   2   1   3   0  78  1.19 0.44
   89 F   -3 -4 -4 -4 -3 -4 -4 -4 -3  0  3 -4  3  6 -4 -1 -3 -2  0 -2    1   0   0   0   0   0   1   1   0   4  33   1   8  43   0   5   1   0   0   1  0.90 0.34
   90 Q   -2  0  1 -1 -3 -1 -1  0 -1 -2 -2  3 -3 -1  5 -1 -2 -3 -3 -2    2   4   7   2   0   2   2   6   1   2   3  23   0   3  35   4   2   0   1   2  0.66 0.23
   91 D   -1  0  3  1 -3  2  0 -1  3 -3 -2  1 -2 -2  0  0  1 -3 -1 -2    5   5  15   8   0  14   2   3  10   1   2   8   0   2   4   7  10   0   2   2  0.24 0.13
   92 H    0  0 -2 -2  3  1 -1 -2  2  0  0 -1 -1  1  1  0 -1 -2  2  0    8   8   0   0   7   7   0   1   7   8   8   0   0   7   8   8   0   0   7   8  0.06 0.13
   93 Q   -2 -1 -2  0 -1  4  3 -2  3 -2 -1  0  3 -2 -1  0  0 -5 -1 -2    1   2   1   4   1  21  18   3   7   2   7   5   7   1   3   5   5   0   2   3  0.35 0.35
   94 E    0  1  2  1 -3  1  1 -1 -1 -2 -1  0  0 -2 -1  1  2 -1 -3 -2    6   8  10   6   0   6   9   4   1   2   5   6   2   2   3  10  17   1   0   2  0.17 0.19
   95 R   -1  0 -1  0 -4  1  2 -1  2 -1 -1  2 -1  1  1  1  0 -3 -1 -2    4   3   3   4   0   7  13   3   5   4   5  12   1   6   7  14   6   0   2   1  0.15 0.18
   96 S    0 -2  2  3 -4  2  1  0  0 -2 -4 -1 -3 -1 -2  2  0 -5 -4 -1    7   2   9  20   0   9   7   6   2   2   1   3   0   3   2  17   4   0   0   6  0.32 0.30
   97 L   -1 -1 -1 -1  2 -1 -2 -2  3 -2  0  0 -1 -1  4  1  0 -4 -1 -1    4   2   3   3   5   3   2   2   9   2   8   7   1   3  20  11   7   0   2   3  0.28 0.29
   98 E   -2  0  0  2 -4  2  1 -2  4 -2 -1  2 -3 -1 -1 -1 -1  0  1 -3    3   5   4  10   0  12   9   3  12   2   5  12   0   2   3   4   4   1   5   2  0.24 0.28
   99 V   -2 -2 -1 -1 -4  0  0 -3  4  3  0 -2  1  1 -4 -2  0  0  0  2    3   2   3   4   0   4   8   2  12  20   6   2   4   5   0   2   5   2   3  13  0.24 0.26
  100 L   -3  1  1 -3  1  3 -1 -4  1  0  1  2  1 -1 -2 -1 -1 -4  1 -1    0   6   8   0   3  14   3   0   4   5  18  16   3   2   2   3   4   0   6   3  0.27 0.30
  101 R   -3  5  0 -1 -5  2  1 -4  2 -4 -3  2 -2 -4  2 -2 -2 -4 -1 -4    1  33   3   3   0   9   9   1   5   1   2  13   1   0  10   2   2   0   3   0  0.64 0.40
  102 R   -2 -1  0 -2  1 -1  0 -2  5 -2 -2  2 -3  0  0  2  0 -3  1 -1    2   2   3   2   3   2   6   3  15   1   2  17   0   5   5  16   4   0   5   5  0.28 0.26
  103 I   -1 -3 -3 -4  1 -3 -1 -4 -3  3  1 -1  3  1 -3 -1  0 -3 -2  4    4   0   0   0   2   0   4   1   0  19   8   4   9   6   0   3   5   0   0  34  0.41 0.25
  104 S   -1 -1  1  0 -3  0  1  1  1 -1 -1 -1 -1 -3  0  3  0 -3 -2 -1    2   3   6   4   0   3  12   9   4   4   5   2   2   0   3  31   4   0   0   5  0.20 0.17
  105 S    0 -1  0  2 -1  1  0 -1  2 -3 -3 -1 -2  1  0  3  1 -3  0 -1    5   2   3  12   1   6   6   2   6   0   1   2   0   8   4  26   8   0   4   4  0.21 0.18
  106 I   -3 -4 -5 -5 -3 -4 -4 -5 -4  4  4 -4  2  3 -4 -4 -3 -3 -2  2    1   0   0   0   0   0   0   1   0  27  42   0   4  12   0   1   0   0   0  10  0.78 0.35
  107 A    3 -1 -2 -2 -2  0 -1  3 -3 -1 -2 -1  0 -3 -3  0  0 -4 -3  1   31   2   0   2   0   4   2  22   0   3   2   4   2   0   0   3   5   0   0  15  0.31 0.22
  108 N   -3 -3  6  0 -1  1  3 -2 -1 -3 -3 -2 -3 -4 -1  0 -1 -4 -4 -2    1   1  44   4   2   7  19   2   1   2   2   1   0   0   2   6   3   0   0   3  0.81 0.40
  109 S    1 -1  2  0 -3 -1  0 -2 -2  1 -1  1  1  0 -2  2  0 -3 -2 -1   10   3  13   5   0   1   4   1   0   9   7  11   3   5   1  22   3   0   0   2  0.16 0.17
  110 F   -4 -5 -5 -5 -4 -5 -5 -5 -4 -1  3 -5 -2  7 -5 -4 -4 -3 -1 -2    1   0   0   1   0   0   1   1   0   2  33   1   0  55   0   1   1   0   0   2  1.49 0.56
  111 L   -1 -1 -1  0 -2  1 -1 -2  4  0  2  1  1  0 -3 -1 -1 -3 -1  0    4   1   2   6   1   7   3   2  11   5  30   9   4   3   1   4   2   0   2   4  0.16 0.16
  112 C    0  0  0  0 -1  0  0 -1  0 -1 -2 -1 -1 -2 -2  3  2 -3  0  0    4   4   3   5   1   3   5   5   2   3   2   3   2   1   1  28  16   0   4   8  0.19 0.19
  113 V   -3 -5 -5 -5 -4 -4 -5 -6 -5  3  5 -5  2  0 -5 -4 -2 -4 -3  0    1   0   0   0   0   0   0   0   0  18  63   0   5   3   0   0   1   0   0   5  1.08 0.47
  114 Q   -1  4 -1 -3 -5  3 -2 -4 -2 -3 -3  4  0 -3 -4  0  0 -1 -2 -2    3  28   2   0   0  13   0   0   1   1   2  28   3   1   0   8   4   1   1   2  0.66 0.39
  115 K    0  2  1 -1 -4  3  0 -2 -1 -1 -1  3  0 -4 -3  1  0 -4 -2 -2    8  12   7   1   0  14   5   1   1   4   5  19   3   0   0  12   5   0   1   1  0.27 0.22
  116 S   -2  1  1  2 -4  1  1 -3  0 -2 -3  3  0 -4 -3 -1  2  1 -3 -3    3   8   8  13   0   6   8   1   2   2   2  25   2   0   0   2  12   3   0   1  0.36 0.26
  117 L   -4 -5 -5 -6 -4 -4 -4 -6 -5  1  5 -5  5 -1 -5 -5 -2  0 -4  1    0   0   0   0   0   0   1   0   0   5  63   0  15   2   0   0   3   1   0   7  1.13 0.51
  118 E   -2  4  1 -3 -2  3  0 -1  1 -2 -3  1 -3 -4 -3  3  0 -1 -3 -2    2  22   5   0   1  16   4   3   4   2   3   9   0   0   0  22   5   1   0   2  0.45 0.32
  119 R   -1  5  0 -3 -2  4 -1 -4  2 -3  0  2 -3 -4  1 -2 -2 -5 -3 -3    4  30   4   0   1  18   2   0   6   1  10   9   0   0   8   2   2   0   0   1  0.56 0.36
  120 C   -1  2 -1 -2  4 -1 -1 -2  4 -2 -1  0 -1  2 -2  1 -1 -1  0 -2    1  18   1   1  17   1   1   1  17   1   2   1   0  17   1  18   1   0   1   1  0.19 0.05
  121 Q   -3  2  0 -1 -4  3  0 -4  7 -1 -2  1  0 -1 -1 -3 -3  1  0 -1    1  10   4   3   0  13   5   1  31   4   3   8   2   3   3   1   0   2   2   5  0.63 0.43
  122 V    0  1  0  1  0  1  2 -1  0  0 -2  0 -1 -1 -2  1  0 -3 -2 -1    7   8   5   7   2   5  16   4   3   7   1   6   2   4   0  12   5   0   0   4  0.11 0.14
  123 H   -1  0  2 -1 -3  1  0 -1  3 -1 -1  0 -2  2 -3  1 -1 -2  3 -1    3   5  11   3   0   9   4   4   9   3   4   4   0  11   1  11   3   0  10   6  0.16 0.18
  124 R   -1  1  0 -1 -3  0  1  1 -2 -1  0  0  2  2 -1  0  0 -2 -1 -1    3  11   5   3   0   2  12  10   0   2   9   4   8  10   2   7   5   0   2   2  0.08 0.15
  125 Q   -1  0  0 -2 -3  1 -1 -2  1 -1 -1  1  4  0  2  0  2  2 -2 -1    5   3   4   1   0   5   2   2   4   3   5   8  13   5   9   7  14   3   0   3  0.15 0.22
  126 C   -2 -5 -2 -5 10 -5 -5 -5 -1 -3  1 -5 -3  3 -2 -2 -2 -4 -1 -2    2   0   2   0  55   0   1   1   2   0  12   0   0  11   3   3   2   0   2   2  1.71 0.73
  127 N    1 -1 -1 -1 -3  0 -1  0  5 -2 -2 -1 -1 -1  2  2  0 -3 -1 -1   10   3   2   2   0   5   3   5  17   2   3   2   2   3  12  17   6   0   2   4  0.27 0.21
  128 C   -2 -2  0  0  8 -3 -3 -2 -3  2 -2 -3 -3 -3  1  0 -1 -3 -1  0    3   2   5   5  38   1   1   3   0  12   3   1   0   1   6   8   2   0   2   5  0.86 0.41
  129 S   -1  2  1  0 -3 -2 -1  3 -2 -2 -3  0  0 -3 -1  2  0 -1  0 -2    3  11   5   4   0   1   3  23   0   2   1   4   3   1   3  23   5   1   4   3  0.27 0.22
  130 Q   -1 -2 -2  1 -2  3  5 -1 -1 -2 -3  0 -3 -2 -1 -1 -1 -4 -2 -1    5   1   1   6   1  14  42   5   1   3   2   3   0   2   2   3   3   0   1   4  0.57 0.37
  131 E   -2  2  3  1 -4  1  4 -2  2 -5 -4  2 -4 -3 -1  1 -2 -5 -3 -4    1   9  14   5   0   4  29   2   6   0   2  11   0   1   2  12   1   0   0   0  0.53 0.36
  132 A    3  1 -1 -2 -3 -1  1 -2 -2  0 -2  2 -2 -2 -2  1  1 -4 -3 -1   34   8   2   2   0   1   8   1   1   6   2  12   1   1   1   7   7   0   0   4  0.28 0.26
  133 T   -1  1 -1 -2 -3  2 -1 -3  5 -1 -2  0  3 -3 -1  1  3 -1 -2 -2    3   8   2   1   0  10   3   1  14   4   2   4  10   0   3  12  18   1   1   2  0.36 0.31
  134 N   -2  4  2 -1 -4  1  2 -3  0 -3 -2  4 -2  0 -1 -1 -2 -4 -1 -3    1  20   9   2   0   5  12   2   2   2   3  25   1   6   3   3   2   0   2   1  0.43 0.30
  135 A    2  2  1  0 -3  0 -1 -3  0 -3 -3  3 -3 -4  0  0  1 -4 -2 -2   20  13   8   4   0   3   2   1   2   1   1  23   0   0   4   6   8   0   1   2  0.35 0.28
  136 T   -2 -4 -4 -5 -3 -4 -4 -5 -2  3  1 -4  2  4 -4 -2  1  0  3  2    2   0   0   0   0   0   0   0   1  21  10   0   4  20   0   2   9   1   9  17  0.57 0.35
  137 R   -1  2  0  0 -4  2  2 -2 -2 -3  1  2 -1 -3 -3  0  1 -4 -3 -3    3  11   5   5   0   7  15   2   0   0  17  16   1   0   0   5   9   0   0   0  0.27 0.26
  138 I   -2  1  1 -1 -4  4  1 -3  1  1  1  0 -1 -3 -3 -1  0 -1 -3 -2    2   8   8   2   0  24   7   2   4   8  15   5   1   0   0   5   5   1   0   2  0.28 0.27
  139 I   -4 -5 -5 -5 -4 -5 -5 -6 -1  5  1 -3  3  4 -5 -4 -3 -4 -1  3    0   0   0   0   0   0   0   0   2  40  13   1   8  16   0   0   0   0   1  16  0.94 0.49
  140 H   -3  1  1 -2 -3  3 -2 -4  3 -2  1  5 -1 -4 -4 -2 -2 -1 -1 -2    0   5   5   2   1  12   1   0   9   2  16  37   1   0   0   2   1   1   2   2  0.56 0.41
  141 D    0  3  3  2 -4 -1  1 -2 -1 -3 -3  0 -3 -4 -3  3  0 -5 -4 -3    6  16  13  12   0   2   8   3   1   1   2   5   0   0   0  23   5   0   0   2  0.40 0.31
  142 N    2  0  3 -2 -3 -1 -1 -3  3 -1 -2  0  0 -4 -3  0  3 -4 -2 -2   19   4  17   1   0   2   3   0   7   3   3   6   2   0   0   5  24   0   1   2  0.38 0.33
  143 Y   -5 -5 -5 -6  0 -5 -3 -6 -3 -3 -2 -3  1  7 -6 -5 -5  0  6  0    0   0   0   0   2   0   2   0   0   0   3   2   3  48   0   0   0   1  30   6  1.63 0.71
  144 N   -2 -1  2  2 -4  0  3 -3  0 -2 -3  3 -3  0 -3  0  0 -4  1 -3    1   2   9  11   0   2  20   1   2   2   2  22   0   4   0   8   7   0   7   0  0.38 0.30
  145 Q   -2  0 -3 -3 -5  5  2  0 -3 -5 -4  5  0 -2 -4 -3 -3 -5 -4 -5    3   4   0   0   0  32  10   8   0   0   1  35   2   2   0   0   1   0   0   0  0.95 0.56
  146 L    1 -2  1 -2 -1 -1 -2 -2 -2  2  1 -1  2 -1 -2 -1 -1 -2 -1  1   15   1  15   1   0   1   1   1   0  15  16   1  15   1   1   1   1   0   0  15  0.10 0.05
  147 E    0  1  1  1 -3  1  2  1  1 -2 -2  0  2 -3  0  0  0 -3 -2 -2    4   9   7   6   0   7  15  13   4   1   1   5  11   0   4   7   4   0   0   1  0.18 0.11
  148 V   -1  0  0  0 -2  2  0 -1  0  0 -1  0  0 -2  3  0  0 -2  0  0    4   4   4   4   0  15   3   4   2   5   5   3   2   1  16   9   4   0   3   9  0.16 0.12
  149 S    0  2  2  0 -4  3  3 -1  0 -3 -4  1 -3 -4 -1 -1  0  1 -1 -3    6  11   9   3   0  16  24   5   2   2   0   7   0   0   2   3   4   2   2   0  0.38 0.25
  150 S    3  0  1 -2 -2  0  0  0  0 -2 -2  2 -2 -3 -1  2 -1 -3 -1 -1   29   3   7   1   0   4   3   5   3   2   2  17   0   0   2  14   2   0   1   4  0.26 0.19
  151 A    4 -1 -3 -4  3 -4 -4  5 -4 -4 -4 -3 -4 -5 -4 -2 -3 -5 -5 -1   38   4   0   0   5   0   0  45   0   0   0   0   0   0   0   0   0   0   0   3  1.04 0.45
  152 A    2  1 -3 -3 -2 -1 -1 -2 -3  2  1 -1  0 -2 -2 -1  0 -4 -3  2   26   8   0   1   0   2   3   1   0  12  14   2   2   1   1   1   5   0   0  21  0.23 0.17
  153 L   -2 -3 -1 -1 -3 -1 -3 -4 -1  3 -1 -3  0  1 -4 -2  1 -2  5  3    1   1   2   4   0   2   0   0   1  17   4   1   2   4   0   2   8   0  26  23  0.48 0.25
  154 K   -1 -1  0 -3 -5 -2 -1 -4 -3 -5 -4  7 -4 -5 -3 -3 -3 -5 -4 -4    4   0   4   0   0   0   3   1   0   0   1  83   0   0   0   1   1   0   0   1  1.62 0.54
  155 S    6 -4 -3 -4  0 -3 -3  0 -4 -4 -4 -3 -3 -4 -3  2  0 -5 -4 -1   70   0   0   0   1   0   0   5   0   0   0   0   0   0   0  12   5   0   0   3  1.05 0.44
  156 L   -4 -5 -5 -6 -4 -4 -5 -6 -5  3  4 -5  6  3 -5 -4 -2 -4 -1  1    0   0   0   0   0   0   0   0   0  14  38   0  25  11   0   0   2   0   2   7  0.95 0.38
  157 G    0 -3 -1 -4 -5 -4 -4  6 -1 -6 -6 -4 -5 -6 -5  2 -3 -6 -5 -6    5   1   3   0   0   0   0  70   2   0   0   0   0   0   0  19   0   0   0   0  1.47 0.48
  158 E   -4 -3 -3  1 -7 -1  8 -5 -3 -7 -6 -2 -5 -7 -4 -3 -4 -6 -5 -6    0   0   0   4   0   0  96   0   0   0   0   0   0   0   0   0   0   0   0   0  2.16 0.64
  159 L   -3 -4 -5 -5 -3 -4 -5 -5  1  2  4 -4  2  4 -5 -4 -3 -3 -1  1    0   0   0   0   0   0   0   0   4   9  53   0   5  19   0   0   0   0   0  10  0.84 0.30
  160 N   -4 -4  2  8 -6 -3  0 -1 -4 -6 -6 -3 -6 -6 -4 -3 -4 -7 -6 -6    0   0   7  86   0   0   3   4   0   0   0   0   0   0   0   0   0   0   0   0  1.91 0.50
  161 I   -3 -5 -4 -5 -3 -3 -5 -5 -5  6  2 -4  1 -1 -5 -2 -1 -4 -3  2    0   0   1   0   0   1   0   1   0  66  15   0   2   1   0   3   4   0   0   8  1.02 0.33
  162 L   -3 -4 -5 -6 -3 -4 -5 -5 -4  0  5 -5  0  5 -5 -4 -3 -2 -1  0    0   0   0   0   0   0   0   0   0   2  62   0   0  30   0   0   0   0   0   6  1.04 0.32
  163 L   -3 -4 -5 -5 -3 -4 -5 -3 -4  3  5 -4  0  3 -5 -4 -3 -3 -2  0    0   0   0   0   0   0   0   3   0  19  61   0   0  15   0   0   0   0   0   3  0.84 0.26
  164 A    0  1  4  2 -3  1  0 -1 -1 -3 -3 -1 -2 -4 -1  1  2 -4 -3 -3    8   7  27  15   0   7   4   3   1   1   1   2   1   0   2   8  14   0   0   1  0.38 0.17
  165 W   -5 -4 -6 -7 -1 -5 -5 -4 -2 -5 -4 -5 -4  0 -6 -5 -5 11  6 -5    0   1   0   0   1   0   0   1   1   0   1   0   0   1   0   0   0  60  33   0  2.88 0.59
  166 I   -3 -4 -5 -5 -3 -4 -5 -5 -4  5  3 -4  6 -1 -5 -4 -1 -4 -3  0    0   0   0   0   0   0   0   0   0  41  21   0  32   1   0   0   3   0   0   2  0.99 0.31
  167 D   -2 -1 -1  2 -5  2  6 -2  0 -5 -5  0 -4 -5 -3 -2 -3 -5 -4 -4    1   1   1   9   0   9  71   2   1   0   0   3   0   0   0   1   0   0   0   0  1.16 0.33
  168 R   -2  1 -1  0 -4  0  4 -2 -2 -3 -4  5 -3 -4 -3 -1 -2 -4 -3 -4    1   5   2   2   0   1  30   2   0   1   0  51   0   0   0   3   1   0   0   0  0.78 0.25
  169 N   -1  1  3 -2 -3  1 -2 -2  0 -2 -2 -1 -2  3 -3  1  2 -2  1 -2    2   8  19   0   0   8   0   0   1   1   2   0   0  19   0  14  20   0   6   0  0.31 0.15
  170 H   -3  0 -2 -3 -1  0  1 -4  7 -2 -2 -2  0  2 -4 -2 -3 -1  5 -2    0   6   1   0   2   2   9   0  32   2   2   0   3   9   0   0   0   0  30   2  0.75 0.21
  171 L   -2  3 -2 -2 -4  5  0 -3  2 -1  1  0  2 -3 -3 -1  0 -3 -2 -1    0  17   0   0   0  40   4   0   6   2  15   0   7   0   0   1   6   0   0   3  0.46 0.17
  172 E   -1  0  0  1 -4  2  4  1  1 -3 -3  1 -2 -4 -1 -1  0 -4 -3 -2    1   1   3   7   0  14  36  12   4   0   0  10   0   0   2   1   6   0   0   4  0.38 0.11
  173 T    0 -2 -1 -2 -2 -1 -1 -1  1  0 -2 -1 -1 -3 -2  2  5 -4 -2 -1    7   0   1   0   0   0   1   2   4   5   0   3   2   0   1  21  54   0   0   0  0.50 0.16
  174 P    1  1 -1 -2 -2 -1 -1 -2 -2 -3 -3 -1 -2 -3  3  4  0 -4 -3 -1   10  10   0   0   0   0   0   0   0   0   1   0   0   0  18  54   2   0   0   5  0.53 0.13
  175 A    4 -2 -1 -1 -1 -1  1 -1 -1 -2 -2 -1 -2 -3  1  1  2 -3 -2 -1   54   0   0   1   0   0   9   0   1   0   0   0   0   0   7   7  19   0   0   2  0.39 0.09
  176 A    5 -2 -2 -2 -1 -1 -1  0 -2 -2 -2 -1 -2 -3 -1  2  0 -3 -2 -1   82   0   0   0   0   0   0   0   0   0   0   0   0   0   0  18   0   0   0   0  0.54 0.08

                      K         Lambda
Standard Ungapped    0.1329     0.3246
Standard Gapped      0.0507     0.2670
PSI Ungapped         0.1649     0.3139
PSI Gapped           0.0507     0.2670
