
Last position-specific scoring matrix computed, weighted observed percentages rounded down, information per position, and relative weight of gapless real matches to pseudocounts
           A  R  N  D  C  Q  E  G  H  I  L  K  M  F  P  S  T  W  Y  V   A   R   N   D   C   Q   E   G   H   I   L   K   M   F   P   S   T   W   Y   V
    1 M   -2 -2 -3 -4 -2 -1 -3 -4 -3  1  3 -2  8 -1 -3 -2 -2 -2 -2  0    0   0   0   0   0   0   0   0   0   0  19   0  81   0   0   0   0   0   0   0  0.83 0.14
    2 R   -1  6 -1 -3 -4  0 -1 -3 -2 -4 -2  2 -2 -4 -3  1 -2 -4 -3 -3    3  71   0   0   0   0   0   0   0   0   3   9   0   0   0  14   0   0   0   0  0.94 0.21
    3 A    6 -1 -3 -3 -2 -2 -3 -2 -3 -3 -2 -2 -3 -2 -1  1 -2 -4 -3 -2   82   3   0   0   0   0   0   0   0   0   2   0   0   2   2   8   0   0   0   1  0.94 0.31
    4 L    3 -1 -2 -3  0 -1 -2 -2  0 -1  1  0 -1 -1  1  0  2  0 -2  0   33   3   0   0   1   2   0   1   3   0  18   5   0   2   5   2  15   1   0   8  0.18 0.13
    5 E    0  2 -1 -2  0  0  2 -2  0 -3 -2 -1 -2 -4 -1  4  1 -4 -3 -3    6  11   0   0   2   2  16   1   3   0   5   0   0   0   2  47   6   0   0   0  0.44 0.22
    6 G    2 -1  1 -2 -3 -2 -2  2  0 -3 -3 -1 -3 -1  4  1 -1 -4 -3 -3   17   4   8   0   0   0   0  20   2   1   2   1   0   4  26  13   1   0   0   0  0.51 0.19
    7 P    0  1 -2 -3  5 -1 -2 -1 -2 -2 -2 -1 -3 -5  6 -1 -2 -5 -4 -2    5   9   1   0  15   3   2   4   1   1   3   2   0   0  48   4   0   0   0   2  1.03 0.30
    8 G    2 -2 -2 -3 -4 -4 -4  6 -4 -4 -2 -3 -4 -3 -2 -2 -2 -5 -4 -2   18   2   1   1   0   0   0  64   0   0   6   1   0   1   2   1   1   0   0   3  1.04 0.36
    9 L   -1 -3 -5 -5 -4 -3 -4 -5 -5 -1  5 -4  5 -1 -4 -3 -1  2 -3  1    5   1   0   0   0   1   1   0   0   0  64   0  14   1   0   1   3   3   0   7  0.93 0.39
   10 S    2 -1 -2 -3 -3  3 -1 -2 -3 -2  0  2 -2 -1 -2  2  1  0 -3 -1   23   1   0   0   0  16   2   1   0   1  11  15   0   2   0  15   7   2   0   3  0.29 0.23
   11 L   -4 -5 -4 -6 -2 -4 -4 -2 -2 -2  4 -5  4  3 -5 -4 -4  8 -2 -1    0   0   1   0   1   0   1   3   1   0  44   0  10  14   0   0   0  20   0   4  1.12 0.43
   12 L   -2 -4 -2 -4  0 -4 -4  2 -4  0  3 -4  2  0  1 -3 -2  6 -1 -2    2   0   2   0   2   0   0  19   0   5  33   0   7   3   8   1   2  14   1   1  0.58 0.30
   13 C    2 -3 -3 -4  6  2 -3 -3  0 -1 -1 -2 -1 -3  4 -2  0 -4  0  0   17   0   0   0  22  10   0   0   2   3   6   1   1   1  19   2   4   0   3   6  0.61 0.31
   14 L    1 -4 -4 -4  4 -3 -3  1 -3 -1  4 -3  1 -1 -2 -1 -1  0 -3 -1   11   0   0   0  11   0   1  13   0   1  43   1   3   1   2   4   4   1   0   2  0.47 0.28
   15 V    0 -3 -3 -4 -2 -3 -3  1 -3  2  2 -3  2  1 -1  0  1 -2 -2  2    6   1   0   0   0   0   0  12   0  12  25   0   6   5   3   7   8   0   0  14  0.24 0.18
   16 L   -2 -1 -4 -5  4 -4 -4 -2  2 -1  4 -4  1  0 -3 -3  0  6 -2  1    2   3   0   0   9   0   1   4   6   2  41   0   3   2   1   1   6  10   0   9  0.59 0.31
   17 A    3 -4 -3 -3  4 -2 -2  2 -2 -2 -1 -3  1  2 -2  1 -1 -3 -2  0   33   0   0   1   9   1   2  13   1   1   5   0   3  10   1   9   2   0   1   7  0.37 0.25
   18 L    1 -3 -3 -2  0 -2 -2 -3 -4 -1  3 -3  0  2 -1 -1 -1 -2 -2  2   16   1   0   2   2   1   2   1   0   1  37   0   1  10   3   4   2   0   0  16  0.35 0.23
   19 P    1 -2 -3 -2  3 -1 -2 -2 -3 -1  2 -3 -1  0  3  1 -1 -1 -2 -1   13   1   0   1   8   3   1   2   0   3  23   0   1   5  18  11   4   1   1   3  0.30 0.19
   20 A    1 -3 -2  0 -3  1 -2  1 -3 -1 -1 -2 -2 -2  2  2  1 -3 -2  1   14   0   0   6   0   7   0  11   0   3   4   1   0   2  12  17   8   0   1  12  0.23 0.19
   21 L   -2 -3 -4 -4 -4  2 -3 -5 -3  1  3 -2  1  2  1  0 -1  2 -2  0    1   0   0   0   0  10   1   0   0   8  39   2   3  11   6   7   4   3   0   5  0.40 0.25
   22 L   -1 -2 -4 -3 -2  1 -3 -4 -4 -1  4 -3  0 -1 -1  0 -1 -3 -3  1    4   1   0   1   1   7   1   1   0   1  53   1   1   1   3   8   4   0   0  11  0.54 0.31
   23 P    2 -2 -2  1 -3 -2 -2 -2 -2  0  2 -2  0 -1  2  0 -1 -4 -2  1   18   2   1   9   0   1   1   2   1   3  27   2   1   2  11   5   4   0   1  11  0.22 0.18
   24 V    1 -3 -3 -3 -1 -1 -3 -2 -2  1  1 -1 -1  3 -2 -1  0 -1  1  2   12   0   0   0   1   3   0   2   1   9  16   4   1  15   1   5   4   1   5  20  0.21 0.16
   25 P   -1 -2 -3 -3  1 -2 -2 -3 -1 -2  1 -2  0 -3  4  2  2  4 -2 -2    4   1   0   0   3   1   2   1   1   1  18   1   3   0  24  17  14   6   1   2  0.51 0.28
   26 A    3 -2 -2 -2 -1  0  0 -1 -2  0 -3 -2 -2 -3  4  0  0 -1 -3 -1   28   1   1   2   1   5   5   4   1   7   1   0   1   1  24   7   6   1   1   4  0.46 0.26
   27 V    0 -1 -1 -1 -3  2  2 -2 -1 -1 -2  1 -1  0  1  0  0 -2  4  0    9   2   2   2   0   9  14   1   1   3   2   9   1   3   6   5   6   0  18   7  0.22 0.18
   28 R    0  2 -1 -3 -1  2 -1 -1  2 -2  1  0 -1 -1  0  0 -1  5 -1 -1    7  12   2   0   1  14   3   3   6   1  16   5   1   3   4   5   3  10   1   3  0.22 0.18
   29 G    1 -2 -1 -1 -1  0 -1  3 -3 -1 -1 -2 -1 -2  2  1  2 -4 -2 -1   13   1   2   2   1   3   2  23   0   3   7   1   1   1  11  11  16   0   1   3  0.27 0.18
   30 V    1 -2 -2  0  4  1  3 -2 -1 -1 -2 -2 -2 -3  1  0  1 -4 -2  1   12   1   0   5  11   7  22   2   1   3   2   1   1   0   6   6   8   0   1  10  0.27 0.20
   31 A    1 -2  2  1  2  1 -1  1 -1 -3 -2 -2 -2 -3  2  2  0 -4 -2 -3   15   1  14   8   5   8   1  11   1   0   4   0   1   1  12  15   3   0   1   1  0.28 0.20
   32 E    1 -1  0  1 -3  2  2  0  1 -2 -1  0 -2 -2  0  2 -1 -4 -2 -1   11   2   3   9   0  10  12   7   4   1   7   3   0   2   4  19   2   0   1   3  0.17 0.14
   33 T    1 -2  0  0 -3  2 -1 -3 -2 -1 -3 -2 -2 -4  3  0  3 -4 -2  0   11   0   4   5   0  13   2   1   1   3   1   1   0   0  17   7  26   0   2   8  0.41 0.26
   34 P   -3  0 -4 -4  5  0 -3 -1 -1 -5 -3 -2 -2 -6  7 -1 -2 -6 -4 -4    0   6   0   0  11   4   1   6   2   0   3   2   1   0  58   4   1   0   0   1  1.48 0.52
   35 T   -3  1 -3 -4  4 -1 -2 -4 -1 -4 -3  3 -3 -5 -3  0  5  2 -4 -3    0   6   0   0   9   3   1   1   2   0   2  22   0   0   1   4  47   3   0   1  0.88 0.44
   36 Y   -4 -1 -5  1  0  0 -4 -5 -1 -4 -4 -5 -4  3 -4 -4 -1  0  8 -5    1   3   0   9   2   5   1   1   1   1   0   0   0   8   1   0   3   1  63   0  1.69 0.61
   37 P   -3  1 -1 -2 -5  5  1 -4  2 -3  1 -1 -2 -4  3 -2 -1 -2 -2 -3    0   8   2   1   0  32   9   1   5   1  13   3   1   0  17   2   2   0   1   1  0.60 0.33
   38 W   -5  1 -1 -2 -1 -1  1 -4  8 -6 -5 -1 -4  0 -4 -3 -4  8  1 -4    0   7   3   2   1   2   8   1  37   0   0   4   0   3   0   1   0  24   5   1  1.49 0.53
   39 R   -3  4 -3 -1 -5  1  1 -4 -1 -2 -3  3 -3 -1 -4 -2  0  1  4 -1    0  22   0   3   0   6  10   0   1   1   2  23   0   1   0   0   8   2  16   5  0.53 0.30
   40 D   -5 -5 -2  7 -7 -4 -1 -5 -3 -5 -6 -4 -4 -3 -5 -4 -5 -5  5 -6    0   0   1  74   0   0   2   0   0   0   0   0   0   1   0   0   0   0  20   0  2.01 0.66
   41 A    2  2 -4 -2 -4 -1 -1 -4  0 -4 -3 -2 -3 -2  5 -2 -2 -2  5 -3   18  11   0   2   0   2   3   0   2   0   3   1   0   1  33   2   1   0  20   1  0.83 0.37
   42 E    0 -1 -1  2 -4  0  4 -1 -1  0 -2 -2 -1 -3 -3 -1 -1 -5 -2  2    9   2   3   9   0   2  36   5   1   4   2   1   1   1   0   3   3   0   1  18  0.38 0.25
   43 T   -1 -3 -3 -4 -4 -1 -1 -4 -4 -4 -2 -1 -3 -5  1  1  6 -6 -3 -3    3   1   0   0   0   2   4   0   0   0   4   3   0   0   7   9  65   0   1   0  1.15 0.52
   44 G   -2  3  2 -2 -4 -1 -2  4  0 -5 -5  1 -3 -4 -4  2 -1 -5 -3 -5    1  17   8   1   0   2   1  36   2   0   0  10   0   0   0  16   3   0   1   0  0.65 0.31
   45 E    0  2 -1 -1 -4  2  4 -3  5 -2 -2  1 -2 -4 -3 -1  0 -4 -2 -1    6  14   2   2   0   9  29   0  14   2   3   7   1   0   0   2   5   0   1   4  0.48 0.27
   46 R   -2  1 -1 -3 -4  5  0 -3 -1 -1 -2  2  0 -3 -1 -1 -1  6 -2 -1    1   7   2   0   0  32   4   2   1   3   3  12   2   0   3   4   4  10   1   6  0.52 0.29
   47 L   -3 -2 -5 -6 -4 -4 -5 -6 -3  1  5 -3  3 -1 -5 -4 -3 -4 -2  2    1   2   0   0   0   0   0   0   1   5  64   2   8   1   0   0   0   0   1  14  0.98 0.38
   48 V   -2 -3 -3 -4  7  0 -3 -5 -4  0  0 -2  3 -2 -4 -2  3 -4 -1  2    1   1   0   0  25   4   1   0   0   3  10   2   8   1   0   2  26   0   2  13  0.70 0.33
   49 C   -5 -8 -7 -8 12 -7 -8 -7 -7 -6 -6 -8 -6 -7 -7 -5 -5 -7 -7 -5    0   0   0   0 100   0   0   0   0   0   0   0   0   0   0   0   0   0   0   0  4.23 1.01
   50 A   -1 -3  0  6 -5  2 -1 -2 -1 -5 -5 -1 -5 -6 -3  3 -2 -6 -5 -5    4   1   4  43   0  11   2   2   1   0   0   2   0   0   1  29   0   0   0   0  0.95 0.41
   51 Q   -3  4 -3 -4 -6  6 -2 -4 -2 -5 -3  4  2 -6 -4 -2 -3  0 -4 -5    1  18   0   0   0  40   0   0   0   0   2  30   5   0   0   2   0   2   0   0  1.20 0.50
   52 C   -5 -8 -7 -8 11 -7 -8 -7 -7 -6 -6 -7 -6 -7 -7 -5 -5 -7 -7 -5    0   0   0   0  91   0   0   0   0   0   0   0   0   0   0   0   0   0   0   0  3.71 1.01
   53 P   -3 -4 -6 -5 -7 -1 -3 -6 -6 -7 -6 -2 -6 -7  9 -3 -5 -8 -7 -6    2   1   0   0   0   2   1   0   0   0   0   2   0   0  91   1   0   0   0   0  2.82 0.80
   54 P    2 -6 -6 -5 -6 -5 -5 -6 -6 -6 -7 -4 -6 -7  8 -4 -5 -7 -7 -6   14   0   0   0   0   0   0   0   0   0   0   1   0   0  85   0   0   0   0   0  2.70 0.80
   55 G   -3 -6 -4 -5 -6 -5 -6  8 -6 -7 -7 -5 -6 -7 -6 -4 -5 -6 -6 -7    0   0   0   0   0   0   0  99   0   0   0   0   0   0   0   0   0   0   0   0  2.51 0.73
   56 T   -1 -4 -2 -4 -1  1 -2 -4  0 -4 -4 -2  0 -2 -4  0  7 -5  0 -3    3   0   1   0   1   7   1   0   2   0   0   2   3   2   0   5  69   0   3   0  1.24 0.54
   57 F   -2 -1 -4 -5 -2 -4 -5 -2  6 -4 -4 -4 -4  6 -6 -2 -4 -2  7 -4    2   4   0   0   1   0   0   3  17   0   0   0   0  31   0   3   0   0  37   0  1.47 0.52
   58 V   -2 -3 -6 -6 -4 -5 -5 -6 -6  0  2 -1  3 -3 -5 -4 -3 -5 -4  6    3   2   0   0   0   0   0   0   0   1  19   4   7   0   0   0   0   0   0  64  1.16 0.49
   59 Q    2  1 -1 -3 -4  3 -1 -2 -2 -3 -2  3 -3 -4 -3  3  1 -5 -4 -2   15   8   1   0   0  14   1   2   1   0   3  23   0   1   0  23   7   0   0   2  0.45 0.29
   60 R    2  2 -1 -2 -4  5  1 -3 -1 -3 -4  1 -2 -4 -3  0  0 -3 -4 -1   22  12   1   1   0  28   9   1   1   1   1   8   0   1   0   6   5   0   0   4  0.52 0.32
   61 P   -3 -1 -3 -3 -6 -1  0 -5  9 -5 -3 -1 -4  0  3 -1 -4 -5  0 -3    1   2   0   1   0   2   6   0  52   0   2   3   0   5  17   5   0   0   2   1  1.48 0.56
   62 C   -5  1 -6 -7 11 -6 -3 -2 -7 -6 -6 -6 -6 -7 -7 -5 -5 -7 -7 -5    0   7   0   0  87   0   2   3   0   0   0   0   0   0   0   0   0   0   0   0  3.43 0.93
   63 R   -2 -1  1 -1 -4 -3 -3 -1 -4 -4 -5 -3 -3 -5 -4  4  6 -6 -5 -4    1   4   5   2   0   0   0   4   0   0   0   0   0   0   0  29  54   0   0   0  1.16 0.54
   64 R    2  4  0 -2 -4  0  0 -2  2 -4 -3  2 -2 -4  1  0 -1 -5 -3 -3   20  30   5   1   0   3   4   1   5   0   1  11   1   0   7   6   3   0   0   1  0.47 0.27
   65 D   -1  1 -1  4 -4 -1  0 -2  0 -3 -3 -2 -2 -5 -4  2  4 -5 -3 -3    3   8   1  25   0   1   3   2   2   1   1   1   1   0   0  19  29   0   0   1  0.59 0.34
   66 S    0  3  0 -2 -3  3 -1 -2  0 -3 -3  0 -2 -4 -3  4  2 -1 -3 -2    5  18   2   1   0  15   2   1   2   1   1   4   1   0   0  32  12   1   0   2  0.48 0.29
   67 P   -2 -1  1  3 -4  0 -1 -3 -2 -3  0  2 -2 -4  4 -2 -2 -4 -4 -1    3   2   8  22   0   5   3   1   1   0   9  14   0   0  25   1   1   0   0   5  0.54 0.26
   68 T   -3  2 -3 -4 -4 -3 -3 -4 -4 -4 -4 -3 -4 -5 -4  0  7 -5 -4 -3    1  13   0   0   0   0   0   1   0   0   1   0   0   0   0   6  74   0   0   0  1.55 0.59
   69 T   -1 -1 -2  0 -3  2  2 -4 -2  0 -1  0  0 -3 -3 -2  1 -3 -3  4    2   2   1   5   0  11  18   1   1   2   4   5   2   1   0   1  10   0   0  36  0.37 0.26
   70 C   -4 -6 -5 -6 11 -6 -6 -5 -6 -5 -5 -6 -5 -5 -6 -4 -4 -5 -5 -4    1   0   0   0  93   0   0   1   0   0   1   0   0   0   0   1   0   0   0   0  3.68 0.91
   71 G    3 -2 -1 -1 -3  1  0  1 -2 -2 -2 -1 -2 -4 -3  2  0 -4 -3 -1   30   1   1   3   0   8   5  13   0   1   4   3   0   0   0  19   5   0   0   4  0.31 0.22
   72 P    1 -1 -3 -2 -4 -3 -3 -4 -4 -3 -4 -2 -2 -4  7  0  1 -5 -5 -3   10   4   1   1   0   1   1   1   0   1   1   2   1   1  59   7   8   0   0   2  1.40 0.50
   73 C   -2 -6 -6 -6 11 -6 -6 -5 -6 -5 -5 -6 -5 -5 -6 -4 -4 -5 -3 -4    4   0   0   0  91   0   0   0   0   0   1   0   0   0   0   0   0   0   1   0  3.54 0.91
   74 P   -1 -1 -3 -3 -5 -2  2 -1 -4 -5 -5 -1 -5 -6  7 -2 -3 -6 -5 -5    6   4   1   1   0   1  13   4   0   0   1   3   0   0  63   2   1   0   0   0  1.58 0.55
   75 P   -1 -1  0  4 -4  0  3 -3 -1 -4 -4  0 -2 -4  3  0  0  0 -4 -2    6   2   4  28   0   3  17   1   1   0   1   5   1   0  16   6   5   2   0   2  0.54 0.27
   76 R   -2  2  3  0 -4  1 -2  3  3 -4 -1 -1 -1 -4 -3  1 -2 -4 -2 -2    1  13  17   4   0   6   1  27   8   0   6   2   1   0   0  10   0   0   1   3  0.41 0.25
   77 H   -2 -2 -2 -3 -4 -2 -2 -4  7 -4 -3 -3 -1 -3 -1  2  4 -4  3 -4    1   1   0   0   0   1   1   0  32   0   1   0   1   0   3  16  30   0   9   0  1.04 0.47
   78 Y   -5 -5 -5 -6 -5 -5 -5 -6 -2 -4 -4 -5 -4  6 -6 -5 -2 -1  9 -4    0   0   0   0   0   0   0   0   0   0   0   0   0  27   0   0   3   0  64   0  2.17 0.71
   79 T    0 -4  2 -3 -4 -3 -3 -4 -4 -4 -4 -3 -4 -4 -4  0  7 -5 -1 -3    7   0  11   0   0   0   1   0   0   0   0   0   0   0   0   6  68   0   3   0  1.33 0.57
   80 Q    0  2 -2  2 -5  4  4 -4 -1 -5 -4  0 -3 -5 -1 -2 -3 -4 -4 -4    9  10   1  11   0  22  33   0   1   0   1   4   0   0   3   0   0   0   0   0  0.72 0.37
   81 F   -3  0 -1 -2 -3 -2 -1 -1  5  0  1 -2 -1  3 -4 -1  0  2  3 -1    0   5   2   2   0   0   4   5  19   5  14   1   1  16   0   4   5   3  11   4  0.35 0.22
   82 W   -5 -4 -6 -5 -4 -4  2 -5 -2 -6 -4 -4 -5 -2 -6 -2 -5 12  0 -5    0   1   0   0   0   0  13   0   1   0   1   1   0   1   0   4   0  73   2   1  3.20 0.88
   83 N   -4 -3  8  0 -5 -3 -3 -4  5 -6 -6 -3 -5 -5 -5  0 -3 -6 -4 -5    0   0  74   4   0   0   0   0  12   0   0   0   0   0   0   5   1   0   0   0  1.94 0.67
   84 Y   -3 -1 -2 -4 -4 -2 -3  1  4 -4 -3 -3 -3  0 -4  1  0  6  6 -2    0   4   2   0   0   1   0  14  10   0   2   1   0   2   0  11   7  11  31   4  0.77 0.37
   85 L    0 -3  0 -2 -3 -3 -2 -1 -2  3  3 -2  0 -2 -3  1 -2 -4 -3  2    6   0   5   2   0   0   2   5   1  17  32   1   1   0   0  15   0   0   0  12  0.29 0.21
   86 E   -1 -2 -1  3 -4  1  4 -2 -1 -3 -3 -1 -3 -4  3  1  0 -4 -2 -4    3   2   1  19   0   7  30   2   1   1   2   1   0   1  13   8   6   0   1   0  0.54 0.29
   87 R   -1  4 -2 -1 -4  2  3 -3 -1 -1 -2  3 -1 -2 -3 -1 -1 -2 -2 -3    4  25   1   1   0  10  24   1   1   3   3  16   1   2   0   2   4   1   1   1  0.50 0.28
   88 C   -4 -6 -5 -6 11 -6 -6 -5 -6 -4 -4 -6 -5 -5 -5 -4 -4 -5 -5 -2    1   0   0   0  90   0   0   1   0   0   1   0   0   0   0   1   0   0   0   3  3.53 0.91
   89 R   -3  4 -2 -4 -2  3 -2 -4  5 -2  3 -1 -2  1 -4 -3 -3 -4 -1 -2    1  23   1   0   1  16   0   0  16   1  28   1   0   7   0   0   0   0   1   2  0.64 0.35
   90 Y   -2  2 -2 -1 -4 -3 -2 -4 -1 -3  0 -3 -1  0  2  1 -1 -1  6 -2    3  11   1   4   0   0   1   1   1   0   9   0   2   1  11  10   3   0  38   2  0.67 0.36
   91 C   -4 -6 -6 -6 11 -6 -6 -6  2 -5 -5 -6 -5 -6 -6 -5 -5 -6 -5 -5    0   0   0   0  90   0   0   0   5   0   0   0   0   0   0   0   0   0   0   0  3.61 0.96
   92 N   -3  4  5  1 -4 -1 -2  0 -2 -5 -4 -1 -4 -5 -4  3 -1 -5 -4 -4    0  23  30   8   0   2   0   7   0   0   1   1   0   0   0  23   3   0   0   0  0.75 0.38
   93 V    0 -1  1 -2 -3  1 -1 -3 -2 -1 -2  0 -2 -3  4  1  0 -4 -2  3    7   3   8   1   0   6   2   1   1   2   1   5   0   0  21  13   4   0   1  24  0.35 0.23
   94 L   -2  1 -4 -4  5 -3 -3 -4 -3  2 -1 -3  0  2  4 -2 -2 -3 -2  2    3   9   0   0  15   0   1   1   1  16   3   1   2   9  19   1   1   0   1  18  0.54 0.27
   95 C   -4 -4 -5  1 11 -5 -5 -5 -6 -3 -2 -6 -1 -5 -6 -4  0 -5 -5 -4    0   1   0   8  77   0   0   0   0   1   3   0   2   0   0   1   5   0   0   0  2.74 0.80
   96 G    0  0 -1 -2 -3  0  0  3 -1 -3 -3  2 -1 -3  2  1  0 -4 -3 -2    7   5   2   1   0   4   5  23   1   1   1  16   2   1  10  13   4   0   0   3  0.29 0.18
   97 E    0  0 -2  0 -4  0  4 -2 -1 -2  0  0  1 -2 -1  0 -1  3 -2 -2    8   3   1   3   0   2  38   2   1   1  12   4   5   1   3   7   2   4   1   2  0.35 0.24
   98 R   -2  2  2  1 -4 -1 -1  3  2 -3  0  0 -1 -3  2 -1 -2 -4 -2 -3    1  14  12   9   0   1   1  23   5   0  14   4   1   0  11   2   0   0   1   1  0.30 0.20
   99 E   -3 -2 -3 -3 -5  6  2 -3 -3 -3  1 -2  3  4 -4 -3 -3 -4 -2 -3    0   1   0   0   0  41  15   2   0   0  11   0   9  17   0   0   0   0   0   1  0.91 0.46
  100 E    0 -1 -3 -2 -3  0  3 -4  0  1 -1 -2  0  0 -3 -2 -2 -3  3  3    6   3   0   1   0   3  27   0   2   9   4   1   2   3   0   1   1   0  10  28  0.39 0.27
  101 E   -2 -3 -3 -2 -5  0  6 -5 -3 -2 -1 -2 -1 -4 -4 -3 -3 -5 -4  3    2   1   0   1   0   3  58   0   0   1   5   1   1   0   0   0   1   0   0  25  1.07 0.50
  102 A    1  0  1 -2 -3 -1  0 -3 -3  0 -2  4 -2 -3 -3 -1  1 -4 -3  2   12   3   8   1   0   1   5   1   0   6   2  34   1   0   0   2   9   0   0  16  0.35 0.25
  103 R    0  2 -2 -2 -3  5  0 -3  0 -1 -1  0 -1 -2 -3 -1  1  0 -2  1   10  13   1   0   0  31   3   1   1   2   5   5   1   2   0   3   8   2   1  11  0.34 0.23
  104 A    1 -2 -3 -2 -4  1  3 -2  0 -4 -3 -1 -4 -5  6 -2 -1 -4 -4 -4   10   2   0   0   0   7  21   2   2   0   2   2   0   0  45   2   4   0   0   1  1.03 0.37
  105 C   -3 -5 -4 -5 11 -4 -5  0 -5 -4 -4 -5 -4 -4 -4 -3 -3 -4 -4 -3    1   1   1   1  81   1   1   7   0   1   1   1   0   0   1   1   1   0   0   1  2.82 0.68
  106 H    0 -1  3 -1 -3 -1 -2  0  0 -2 -3 -2 -2 -3 -2  2  4 -4 -3 -2    6   2  16   1   0   2   1   6   2   2   2   1   1   0   1  18  37   0   0   1  0.51 0.27
  107 A    3  2 -1 -2 -2 -1 -1 -1 -2 -3 -3 -1 -2 -3  1  3  0 -3 -3 -2   31  12   2   1   0   2   1   4   0   1   2   3   0   1   7  29   3   0   0   2  0.42 0.24
  108 T   -1 -1 -1  0 -3 -1 -1 -3 -2 -1  0  1 -1 -1 -2  1  5 -1 -2 -1    2   2   2   5   0   3   3   1   1   2   8   8   1   2   1  12  43   1   1   2  0.41 0.24
  109 H   -2  1  0 -1 -3  4 -1 -2  7 -3 -3  0 -1 -3 -3  0  1 -3  0 -2    2   9   4   2   0  21   1   2  34   1   1   3   2   1   1   4   9   0   1   2  0.65 0.25
  110 N   -2 -1  5  3 -3  0  0 -1 -1 -3 -1  1 -2 -3 -1 -1  1 -4 -3 -3    1   1  34  21   0   2   3   2   0   1   8  11   0   1   2   1   9   0   0   1  0.48 0.20
  111 R    0  6 -2 -2  2  0 -2 -3  0 -3 -2  0 -2 -3 -1 -1  2 -3 -3 -2   10  49   1   1   5   3   1   1   2   1   3   1   0   1   3   3  16   0   0   1  0.61 0.25
  112 A    0  0 -2 -2 -2  2  1  0 -2  1  0  0  0 -2  1 -1 -1 -3 -1  2    6   4   1   1   0  14  11   8   0   6   7   4   1   1   9   2   2   0   1  23  0.13 0.10
  113 C    2 -4 -4 -4 10 -4 -4 -3 -4 -3 -3 -4 -3 -4 -4 -2 -3 -4 -4 -3   16   1   1   1  72   1   1   1   0   1   1   1   0   1   1   1   1   0   0   1  2.11 0.48
  114 R   -1  3  0 -1 -1  2  3 -2  1 -2 -2  0 -1 -3 -2  0  0 -3 -2 -2    5  25   3   1   1   9  21   3   3   2   3   1   1   1   1   4   8   0   0   3  0.25 0.15
  115 C   -2 -4 -3 -4 10 -4 -4  1 -4 -3 -3 -4 -3 -4 -4 -3 -3 -4 -4 -3    1   1   1   1  75   1   1  11   0   1   1   1   0   1   1   1   1   0   0   1  2.18 0.48
  116 R   -1  3 -2 -2 -3  3  0 -2 -1 -1 -2  3 -1 -3  3 -1 -2 -3 -3  0    3  15   1   1   0  17   6   2   1   3   4  18   1   0  16   2   1   0   0   7  0.40 0.22
  117 T    0 -2 -3  0 -4  0  3 -3 -2 -4 -1 -1 -3 -4  6  0 -2 -4 -4 -3    9   1   0   4   0   4  18   2   1   1   7   2   0   0  42   5   2   0   0   1  0.86 0.33
  118 G   -2 -3  1 -1 -4 -4 -4  7 -1 -5 -5 -3 -5 -5 -4  0 -3 -5 -5 -5    1   2   5   3   0   0   0  77   2   0   1   0   0   0   0   7   0   0   0   0  1.51 0.50
  119 F   -3  2 -3 -4 -4 -2 -2 -4  1 -2 -2 -1  5  5 -4 -1  0  3  4 -3    1  13   0   0   0   1   2   1   3   0   1   3  17  23   0   4   7   4  18   0  0.66 0.33
  120 F   -3 -4 -2 -5 -4 -4 -4 -5  3 -2 -3 -4 -3  7 -5 -3 -3 -1  7 -2    1   0   2   0   0   0   0   1   6   1   1   0   0  42   0   2   1   0  38   2  1.51 0.51
  121 A    1 -2 -3 -3  7  1  0 -3 -3 -2  2 -2  1  0 -3  0 -1  2  0 -2   12   2   0   0  24   6   6   1   0   1  22   1   3   3   0   9   2   3   3   0  0.45 0.25
  122 H   -1  0  0  1 -4  0  3 -2  5 -3 -2  0 -1 -2 -3  1  0 -3  0 -1    3   4   4   8   0   3  28   1  16   1   2   3   2   2   0   9   6   0   4   4  0.37 0.22
  123 A    1 -2  1 -2  6 -1 -2 -1 -1 -1  0 -1  1 -1 -2 -1 -2 -2 -1  0   16   1   9   2  24   3   2   5   1   1  11   3   5   2   1   3   1   0   2   5  0.34 0.21
  124 G   -1  1 -1  2 -4  0  3  2  0 -3 -3  0 -1 -3 -3 -1  0 -4 -3  0    3   8   2  13   0   2  27  18   2   1   2   4   2   1   0   2   5   0   0   8  0.32 0.20
  125 F   -2 -3 -3 -4 -4 -1 -3 -3  5 -1  0 -2  0  6 -4 -2  1 -2  2 -1    2   0   0   0   0   3   1   2  15   2   6   2   2  42   0   2  10   0   4   3  0.78 0.35
  126 C   -4 -6 -5 -6 11 -5 -6 -5 -6 -4 -4 -6 -5 -5 -5 -4 -4 -5 -5 -4    1   0   0   0  92   0   1   1   0   0   1   0   0   0   0   1   0   0   0   1  3.61 0.91
  127 L    0  0 -2 -2 -3 -1  2 -3 -2  2  2  0  1 -1 -3 -1 -1 -2 -2  1    7   5   1   1   0   2  17   1   0  13  25   5   2   1   0   3   4   0   1  12  0.17 0.14
  128 E   -1  3 -2 -2 -2  1  1 -3 -2 -3 -1  3 -3 -4  4 -1 -1 -4 -3 -2    5  17   0   0   1   7  11   1   0   0   7  17   0   0  25   2   2   0   1   3  0.54 0.26
  129 H   -4 -2 -3 -4 -5 -2 -3 -5 10 -2  2 -4 -2 -3 -1 -3 -4 -4  1 -4    1   1   0   0   0   1   1   1  63   2  19   0   1   1   3   1   0   0   4   1  1.84 0.61
  130 A    1  2 -2 -2 -3 -1 -2 -3 -2 -3 -3  1 -2 -2 -1  4  2 -4 -3 -1    9  13   1   0   0   1   1   1   1   1   2  10   1   1   3  36  16   0   0   4  0.46 0.29
  131 S    0  0  0  0 -3  1  3 -2 -1 -1 -1  2 -1 -3  0  1  0 -3 -3  0    6   4   4   5   0   4  21   1   1   2   7  14   1   0   4  11   4   0   0  10  0.18 0.14
  132 C   -5 -8 -7 -8 12 -7 -8 -7 -7 -6 -6 -7 -6 -2 -7 -5 -5 -7 -7 -5    0   0   0   0  96   0   0   0   0   0   0   0   0   2   0   0   0   0   0   0  4.02 1.08
  133 P   -2 -1 -4 -4 -6  0 -3  0 -2 -6 -3 -2 -4 -6  8 -2 -2 -6 -6 -5    2   4   1   1   0   4   1   8   1   0   4   2   0   0  67   2   2   0   0   0  1.69 0.61
  134 P   -1 -1 -3 -3 -4 -1 -3 -4 -1 -1 -3 -1 -3 -4  7  0 -1 -5 -2 -1    5   3   0   0   0   2   0   0   2   3   2   4   0   0  63   9   2   0   2   5  1.33 0.33
  135 G    1 -4 -2 -3 -4 -3 -1  6 -4 -5 -5 -3 -4 -5 -4  0 -3 -5 -5 -5    9   0   0   0   0   0   5  81   0   0   0   0   0   0   0   5   0   0   0   0  1.45 0.37
  136 A   -1 -2 -1 -2 -3  0  0 -3  2 -2  0 -1  0  2 -3  0  2  4  3 -1    3   0   2   0   0   5   5   0   6   0  10   2   2  12   0   8  20   7  15   2  0.29 0.16
  137 G    0  1 -2 -2 -4 -2  2  5 -3 -5 -5 -2 -4 -4 -3  1 -3  2 -4 -4    4   9   0   0   0   0  14  60   0   0   0   0   0   0   0   9   0   3   0   0  0.91 0.28
  138 V    1 -2 -2 -2 -2 -2 -2  1 -3  1  1 -2  2 -2  2  1  1 -3 -2  1   11   0   0   0   0   0   0  11   0  11  11   0  11   0  11  11  11   0   0  11  0.17 0.10
  139 I    1  1  0  0 -3  1  3 -3 -2 -1  0  1  0 -1 -2  0  0 -3 -2  0   14  10   3   4   0   4  22   0   0   4   7   8   2   3   0   5   4   0   0   9  0.16 0.15
  140 A    0  1 -1 -2 -3  2  0 -2  2 -1  1  2  0 -1 -1  0  1 -3 -2 -1    8   5   2   0   0  12   3   2   7   2  16  18   2   2   3   4   9   0   0   5  0.13 0.15
  141 P   -1  2  0  1 -3  1  0 -2  0 -1 -1  2  0 -3  3 -1  1 -3 -2 -1    4  11   3   9   0   4   4   1   2   3   6  21   2   0  15   3   9   0   0   3  0.25 0.15
  142 G    0  1 -1  2 -4 -2  1  5 -3 -4 -4  0 -3 -4 -3  0 -2 -4 -4 -4    6   8   0  13   0   0  10  49   0   0   1   5   0   0   0   5   0   0   0   1  0.67 0.29
  143 T    0  1  1  1 -2  0  1  0 -1  0 -2  1 -1 -2 -2  1  1 -3 -2  0    8   8   8   8   0   0   8   8   0   8   1   8   0   0   0   8   8   0   0   8  0.05 0.08
  144 P    1 -1 -2  1 -1 -1  2  0 -2 -3 -3 -2 -1 -4  5 -1 -1 -4 -3  0   13   4   1   7   1   2  13   6   1   0   1   0   2   0  26   3   2   0   0   7  0.37 0.26
  145 S   -1 -1  0  0 -3  0  2  1  0 -2 -3  0 -1  0 -2  1  1  1 -1 -1    1   2   3   5   0   4  20  13   2   2   1   4   1   5   0  11  13   2   2   3  0.16 0.17
  146 Q    0  1 -1 -1 -3  2  4 -2 -2 -3 -3  1 -1 -3 -3  2  1 -4 -3 -2    7   6   2   2   0   8  29   2   0   1   1  10   1   1   0  14  10   0   0   1  0.37 0.27
  147 N   -3 -3  5  6 -5 -3 -1  0 -3 -5 -5 -2 -4 -5 -2 -2  0 -5 -5 -4    2   0  25  47   0   0   1   8   0   0   1   1   0   0   1   1   6   0   0   1  1.06 0.48
  148 T   -2  1  1 -1 -1 -3 -3 -2 -2 -1 -3 -3 -2 -4 -3  0  5 -4 -3  3    1   8   7   4   1   0   0   2   1   3   1   0   1   0   0   4  41   0   0  21  0.55 0.37
  149 Q   -2  1  2 -2 -3  3  0  0  1 -1 -2  0 -1 -2 -3 -1  0 -3 -1  2    2   9  14   1   0  14   6   6   4   2   3   6   1   1   0   3   4   0   2  22  0.20 0.20
  150 C   -3 -5 -5 -5 11 -5 -5 -5  1 -4 -4 -5 -4 -5 -5 -4 -4 -5 -4 -4    1   1   1   1  84   1   1   1   4   1   1   1   0   0   1   1   1   0   0   1  3.14 0.85
  151 Q    0  1 -2 -1 -3  1  2  0  0  0 -2  2 -1 -1 -2 -1 -1 -3 -2  2    6   7   1   1   0   8  14   6   2   3   1  16   1   2   1   3   2   0   1  22  0.18 0.17
  152 P    1  1 -2 -2 -2  1 -2 -3 -2 -2 -2  0 -2 -4  6 -1 -1 -4 -4 -2   10   8   1   2   1   7   2   1   1   2   3   7   1   0  44   2   3   0   0   3  0.85 0.35
  153 C   -3 -5 -5 -5 11 -5 -5 -5 -5 -4 -4 -5 -4 -5 -5 -4 -4 -5 -5 -4    1   1   1   1  88   1   1   1   0   1   1   1   0   0   1   1   1   0   0   1  3.35 0.89
  154 P    1 -1 -3 -3 -4 -1 -2 -2 -3 -3 -3  3 -2 -4  6  0 -1 -4 -3 -3   12   2   1   1   0   2   2   2   0   1   3  23   1   0  36   7   4   0   0   2  0.78 0.35
  155 P    1  2 -1  2 -3  0  1 -2  2 -3 -3  0 -3 -3  3 -1 -1 -4 -1 -2   12  15   2  13   0   3  10   2   6   1   2   6   0   0  17   2   3   0   2   3  0.34 0.20
  156 G   -3 -2 -2 -2 -2 -4 -3  7 -4 -5 -2 -4 -4 -5 -4 -3 -3 -5 -5 -5    1   2   1   2   1   0   1  81   0   0   5   1   0   0   0   1   1   0   0   1  1.67 0.56
  157 T   -3 -3 -3 -4 -2 -3 -3 -4  6 -3 -3 -3 -3  4 -4  0  5 -3  4 -3    1   0   0   1   1   0   1   1  17   0   2   1   0  19   0   5  35   0  15   1  0.97 0.44
  158 F   -5 -5 -5 -5 -5 -5 -5 -5 -4 -3 -3 -5 -3  9 -5 -5 -4 -2  4 -4    1   1   0   1   0   0   1   1   0   1   1   1   0  79   1   1   1   0  11   1  2.28 0.69
  159 S   -1 -2 -2 -3 -4  3 -3 -3 -3 -4 -3 -3 -4 -3 -3  6  1 -5 -4 -4    3   1   0   1   0  13   1   1   0   0   2   1   0   1   0  68   6   0   0   1  1.20 0.55
  160 A    0 -2  4  4 -4  1 -1 -1 -1 -4 -4 -2 -3 -1 -1  2 -2 -4 -3 -3    8   2  26  23   0   7   2   5   1   0   1   1   0   3   2  15   1   0   1   1  0.54 0.30
  161 S   -1 -1 -1 -2 -3 -2  1 -1 -1  0 -2 -2 -1 -1  0  2  3 -3  0  2    2   2   3   1   0   0  11   3   1   6   1   1   1   2   4  21  20   0   4  17  0.24 0.22
  162 S   -1 -2  0 -2 -3 -2  0 -2  1 -3 -3 -1 -1 -1  1  4  2  4 -1 -2    3   2   3   2   0   0   5   2   3   1   2   2   2   2   8  41  13   6   2   2  0.48 0.32
  163 S   -1 -4  1 -3 -4 -2 -3 -3 -4 -5 -5 -2 -4 -5 -4  7 -2 -5 -5 -5    4   0   6   0   0   1   0   0   0   0   1   2   0   0   0  83   0   0   0   0  1.64 0.68
  164 S    1 -2 -1  0 -3 -2 -2 -2 -2 -4 -4 -3 -2 -3  2  5  0 -4  2 -3   12   2   1   4   0   1   1   1   0   0   1   0   1   0  11  47   5   0   8   1  0.65 0.40
  165 S   -1  0 -1 -1 -3 -1 -1 -3  1 -2  0  2 -1 -3 -3  2  3 -4 -2  1    4   4   2   3   0   1   2   1   5   1  11  12   1   0   0  15  25   0   1  10  0.22 0.22
  166 E    3 -2 -1  2 -3  0  3 -1 -1 -3 -1  0  2 -3 -1 -1 -1 -4 -3 -2   26   1   2  12   0   4  20   4   2   1   6   5   7   0   2   1   3   0   0   2  0.28 0.23
  167 Q    0  3  0 -2 -1  1 -2 -2  1 -2 -2  1 -2 -4  4  0  0 -4 -3 -2    6  22   5   1   1   6   1   2   4   2   3   7   1   0  21   8   5   0   0   3  0.40 0.24
  168 C   -4 -6 -5 -6 11 -6 -6 -5 -6 -5 -5 -6 -5 -5 -5 -4 -4 -5 -5 -4    1   0   0   0  92   0   1   1   0   0   1   0   0   0   0   1   0   0   0   1  3.71 0.97
  169 Q   -2  4 -3 -3 -4  5 -2 -4 -3 -2 -2  2 -1 -3 -4 -3  0 -4 -3  0    3  24   0   0   0  35   1   1   0   2   4  11   1   1   0   1   7   0   1   8  0.71 0.40
  170 P    0 -1  0 -3 -4  1 -1 -4 -3 -3 -3  2 -3 -4  6 -1  0 -4 -1 -3    8   2   4   0   0   7   2   1   0   1   2  13   0   0  43   2   6   0   3   1  0.87 0.39
  171 H   -5 -4 -3 -4  1  0 -3 -5 10 -5 -4 -4 -4 -1 -4 -4 -5 -5  2 -5    1   0   0   0   3   4   1   1  78   0   1   0   0   2   1   1   0   0   6   1  2.65 0.80
  172 R   -2  4 -1 -3  1  3 -2 -4 -2 -4 -4  0 -2 -5 -4  0  5 -4 -4 -3    1  21   3   0   3  17   0   0   1   0   1   4   1   0   0   6  40   0   0   0  0.84 0.44
  173 N   -2  2  5  3 -4 -1  0 -2 -1 -1 -3 -1 -3 -3 -3  0 -2 -2 -2 -1    2  13  32  20   0   1   3   2   1   4   2   1   0   1   1   6   2   1   2   6  0.57 0.31
  174 C   -2 -6 -6 -6 11 -6 -6 -6 -6 -2 -5 -6 -5 -5 -6 -4 -4  2 -5 -4    2   0   0   0  87   0   0   0   0   3   1   0   0   0   0   0   0   3   0   0  3.41 0.93
  175 T    1 -1  0 -1  1  0  3 -2 -1 -3 -1  1 -2 -2 -1  3  2 -4 -3 -2    9   1   3   2   3   4  19   1   1   0   5   8   0   1   2  23  15   0   0   1  0.30 0.23
  176 A    3 -2 -1  2 -3  2  0  0  0 -3 -3 -1 -3 -4 -1  2 -1 -4 -3 -1   28   1   1  15   0  10   6   5   3   1   2   2   0   0   2  15   3   0   0   5  0.32 0.24
  177 L   -1  0  0 -2 -3  5  0 -1  0 -2  2 -1 -1  0 -1 -2 -2 -2 -2 -2    5   4   5   2   0  28   5   6   2   1  28   3   1   3   3   2   1   1   1   1  0.35 0.25
  178 G   -2 -1  1  0  0 -2 -2  6 -2 -4 -4 -1 -4 -4 -3 -2 -3 -4 -4 -4    3   3   7   5   2   2   2  62   1   1   2   3   0   1   1   2   1   0   1   1  1.03 0.38
  179 L   -1 -1 -3 -3 -3  1 -1 -2 -2 -1  4  2  2  0 -2 -2 -2 -2 -2 -1    4   3   1   1   0   7   4   3   1   1  46  12   5   4   2   2   2   0   1   1  0.39 0.24
  180 A    0  0 -2 -3  1  1  0 -3 -1  0  0  2 -1 -3 -2 -2  0 -3 -2  4    8   4   1   1   3   6   7   1   1   2   7  12   1   1   1   2   4   0   1  36  0.28 0.23
  181 L   -3 -1 -4 -3 -3 -1  2 -5 -4  0  2 -2  0 -2 -1 -2  3 -4 -3  3    0   3   0   1   0   3  14   0   0   4  21   1   2   1   3   1  19   0   0  27  0.42 0.31
  182 N    2 -3  4 -2  0 -2 -2 -3 -2  1  1 -3 -1 -3 -4 -1  0 -5 -3  2   21   0  24   1   2   1   3   0   0   7  15   0   0   0   0   2   6   0   0  16  0.39 0.29
  183 V    0  0 -3 -3 -3  1 -1 -4 -3  2  2  0  0 -2 -4 -2 -1 -4 -3  3    9   5   0   0   0   9   2   0   0  10  20   6   1   1   0   2   4   0   0  29  0.33 0.25
  184 P   -2  0 -2 -4 -3  4 -1 -5 -1 -4 -4  2 -4 -6  6 -2 -2  1 -5 -4    2   5   2   0   1  17   4   0   1   1   1  13   0   0  46   2   2   2   0   0  1.23 0.54
  185 G   -1 -4 -4 -3  0 -5 -6  7 -6 -7 -7 -5 -6 -7 -6 -3 -5 -6 -7 -6    4   1   0   1   2   0   0  90   0   0   0   0   0   0   0   1   0   0   0   0  2.22 0.78
  186 S   -2 -1  6  0 -5 -2 -3 -4 -2 -5 -5 -3 -4 -5 -4  3  5 -6 -1 -4    2   3  34   4   0   1   0   0   0   0   0   0   0   0   0  19  33   0   2   0  1.10 0.56
  187 S    3  2 -2 -1 -1  2  0 -2 -3 -3 -3  1 -3 -4  0  2  0 -4 -1 -2   30  11   1   3   1  12   3   1   0   1   1   7   0   0   4  16   6   0   2   1  0.38 0.29
  188 S   -3 -1 -2 -2  0  2  1 -4  1 -3 -2  0 -1  2 -4  1  1  6  4 -1    0   3   1   2   2   9  10   0   3   0   2   5   2   8   0  11  11  11  14   5  0.41 0.28
  189 H   -2  1  1 -4 -4  0 -3 -5  9 -5 -5 -2  1 -3 -5  2  0 -3 -1 -4    3   8   6   0   0   4   0   0  48   0   0   1   4   1   0  15   7   0   1   1  1.34 0.58
  190 D   -3 -5  1  8 -7 -4 -1 -5 -5 -6 -7 -4  0 -7 -5 -4 -5 -7 -7 -6    3   0   6  86   0   0   1   0   0   0   0   0   3   0   0   0   0   0   0   0  2.33 0.83
  191 T    2 -1  5 -2 -4 -3 -1 -3 -3 -4 -5 -3 -4 -5 -4  1  5 -6 -5 -2   14   3  27   1   0   0   3   0   0   0   0   0   0   0   0   9  38   0   0   3  0.90 0.49
  192 L   -3 -2 -4 -5 -3 -3 -4 -4  0  2  3 -4  0  0 -4  0 -2 -4 -1  4    1   2   0   0   0   1   0   1   3  10  34   0   2   3   0   7   1   0   1  34  0.63 0.34
  193 C   -5 -7 -2 -7 12 -7 -7 -6 -7 -5 -5 -7 -6 -6 -7 -5 -5  0 -6 -5    0   0   3   0  92   0   0   0   0   0   0   0   0   0   0   0   0   1   0   0  3.85 1.10
  194 T    1  1 -2 -3 -3  1 -2  3 -2 -1 -3 -1 -2 -4 -3  1  4 -4 -4 -3   12   9   0   1   0   7   1  23   1   4   1   2   1   0   0   9  29   0   0   1  0.48 0.32
  195 S    0  0  3 -2 -4 -2 -1  0 -2 -4 -3 -2 -3 -3  1  4  2 -5 -4 -3    6   4  17   1   0   1   4   6   0   0   2   1   0   1   8  36  11   0   0   1  0.53 0.34
  196 C   -2 -3  1 -3 10 -3 -2 -5  1 -4 -2 -2 -4 -4  2 -2 -3 -5 -5 -2    2   1   7   1  54   1   3   1   3   0   4   2   0   1  11   2   1   0   0   3  1.64 0.61
  197 T   -1  3 -2  0 -4  1  1 -2 -2 -3 -2  1 -1 -3  2  3  2 -4 -3 -3    4  19   1   4   0   5   8   1   1   0   3   6   2   1   9  23  13   0   1   1  0.36 0.26
  198 G   -1 -2  0  2 -4  1  2  2 -1 -4 -3 -1 -2 -4  0  2 -1 -4 -3 -3    4   1   4  13   0   7  15  16   2   0   3   3   1   0   4  21   3   0   1   1  0.34 0.23
  199 F   -1  0 -1 -2  2 -2 -2  1  2 -1  1 -1 -1  3  1  0  1 -2  0 -2    3   7   3   1   6   1   2  11   6   1  18   3   1  14   6   5   9   0   3   1  0.12 0.14
  200 P    0 -1 -2 -2 -4  1 -1 -1  0 -4 -2  1 -3 -3  4  3  0 -3  0 -3    8   2   0   1   0   6   2   4   2   0   5  10   0   1  24  27   5   0   3   0  0.52 0.32
  201 L   -1 -1  3  0 -2 -1 -1 -2 -2 -1  1 -1 -1 -1  2  0  2 -4 -3 -1    4   2  20   5   0   1   4   3   1   3  14   2   1   2  12   6  16   0   0   3  0.25 0.20
  202 S    0 -1 -1 -2 -2  3 -1  2  0 -2 -1 -1 -2 -3  1  2  1 -3 -3 -1    6   2   2   1   1  14   3  17   2   1   8   3   0   1   6  20  10   0   0   3  0.24 0.20
  203 T    0 -1 -1 -2  1  0  0  0 -1 -2 -1  1 -1 -3  2  1  3 -3 -3 -2    7   2   1   1   3   4   6   6   2   1   5  11   1   1   9  12  25   0   0   2  0.24 0.19
  204 R   -1 -1  0 -2  4  2  1  0  1 -2  0 -1  0 -3  1  0  0 -2 -2 -1    4   2   3   1  12  14   9   9   4   1  11   1   2   0   8   6   6   0   1   4  0.18 0.16
  205 V    1 -1 -2 -2 -3  0  1  3 -2 -2 -1 -1  1 -2  0  0  0 -1 -2 -1   14   3   1   1   0   3  11  25   1   2   6   4   5   1   5   5   8   1   1   4  0.19 0.15
  206 P   -1 -3 -1  1 -2 -3 -1 -2 -3  2 -2 -3 -2 -1  6  0 -1 -4 -3 -2    6   1   3   7   1   1   4   2   0  12   3   1   1   3  43   7   3   0   0   1  0.83 0.36
  207 G    1 -3 -1  4  0 -3 -1  5 -3 -4 -4 -3 -3 -5 -2 -1 -2 -5 -5 -4   10   1   1  21   2   0   3  49   1   1   2   0   1   0   2   3   1   0   0   1  0.92 0.42
  208 A    2 -3 -1  1 -1 -1 -1  0 -2  0 -1 -2 -2 -2  0  0  2 -4 -3  1   19   0   2  10   1   2   3   6   1   6   4   2   0   1   5   6  16   0   0  14  0.17 0.17
  209 E    0 -1 -1  3 -3 -1  2 -2 -2 -2 -2 -1  2 -3  1  0  3 -4 -3 -2    9   2   1  16   0   1  18   3   1   1   3   2   6   1   8   6  19   0   0   2  0.32 0.25
  210 E   -2 -1 -2  3 -2 -1  2 -1  1 -1  3 -2  0 -2 -2 -2  0 -3  2 -1    2   4   1  17   1   1  13   4   3   3  29   1   2   0   2   1   5   0   7   3  0.24 0.22
  211 C   -2 -4 -5 -5  9 -4 -4 -4 -5 -1  2 -4 -2  0 -1  0 -1 -4 -2 -1    2   1   0   0  50   1   1   1   0   3  17   1   1   5   3   6   4   0   1   3  1.45 0.56
  212 E   -3  2 -1  1 -5  1  5 -2  0 -4 -1  1 -4 -3  0 -2 -2 -5 -3 -3    1  11   2   7   0   5  44   2   2   1   7   7   0   1   5   2   1   0   0   1  0.68 0.39
  213 R   -1  2 -2 -1  0  4  4 -2  1 -4 -2 -1 -3 -4 -1 -2  0 -2 -4 -2    5  12   1   2   2  23  31   3   3   1   3   2   0   0   2   1   5   1   0   2  0.60 0.37
  214 A    5 -4 -4 -4  0 -1 -1 -1 -2  2 -2 -2 -3  1  1 -1 -3 -4 -3  0   48   0   0   0   1   2   4   3   1  13   1   1   0   6   7   4   0   0   0   6  0.56 0.37
  215 V   -1 -1 -4 -4 -3 -3 -4 -4 -4  1  3 -3  4  3  0 -2 -2 -3 -2  3    3   3   0   0   0   1   0   0   0   7  28   1  14  12   5   3   1   0   0  21  0.52 0.30
  216 I   -1 -4 -4 -4 -3 -2 -3 -2 -4  3  0 -3  2  4  3  1 -2 -3  0  0    4   0   0   0   0   1   1   2   0  24   8   1   5  18  14  13   0   0   2   6  0.45 0.30
  217 D    0  2 -1  5 -2  1  1 -1 -2 -3 -3 -1 -2 -3 -1  0  0 -4 -3 -3    8  13   1  32   1   6   9   5   0   1   2   2   1   1   3   8   5   0   1   1  0.44 0.28
  218 F   -4 -1 -5 -4 -1 -4 -5 -3 -1 -2  0 -5 -3  8 -2  0 -2 -3  1 -3    1   3   0   1   1   1   0   3   1   2   6   0   0  65   2   7   3   0   2   1  1.48 0.61
  219 V    2 -4 -3 -5 -1 -3 -4 -3 -3  0  0 -4  1  4 -2 -1 -1 -4 -2  4   20   0   1   0   1   1   1   1   1   2   8   0   3  16   2   3   4   0   0  36  0.54 0.36
  220 A    3 -2 -3 -3 -3  1 -1 -2 -2  2 -2 -2 -2 -2  0  1  0 -2 -3  3   26   1   0   1   0   7   3   2   1  12   2   1   0   1   4  12   4   1   0  22  0.32 0.28
  221 F   -3 -1 -2 -3 -5  1 -2 -3  5 -3 -1 -3 -1  4  3  1 -1  0  4 -3    1   3   1   1   0   6   2   2  16   1   5   1   2  18  14  10   4   1  13   1  0.58 0.36
  222 Q   -1 -1 -2 -3 -5  6  0 -3  4 -4 -1  0 -2 -4  0  0  2 -2  0 -3    5   2   1   0   0  35   3   1  10   0   8   5   1   0   5   6  13   0   4   1  0.64 0.43
  223 D   -2  2  3  2 -2  0  1 -2  2  0 -3  3 -2 -1 -1 -1 -1 -3 -2 -3    2  10  18  13   1   4   6   3   5   6   2  18   1   3   2   2   2   0   1   0  0.34 0.25
  224 I   -3 -4 -4 -5  0 -4 -5 -5 -1  4  3 -4  5  1  2 -2 -2 -3 -3  0    1   1   0   0   2   0   0   0   2  26  27   1  15   5  11   2   2   0   0   4  0.70 0.39
  225 S   -1  0  0 -3 -4 -2  0 -1 -1 -4 -4  0 -3 -4  4  3  3 -5 -4 -3    3   6   4   0   0   1   5   3   1   0   1   5   0   0  24  23  21   0   0   1  0.64 0.41
  226 I   -1 -1 -3 -3 -3 -1 -2 -3  1  2  0 -1 -1  1  4  1  0  1 -2  1    3   4   0   1   0   2   1   1   5  13   7   3   1   5  20  12   7   2   0  13  0.29 0.23
  227 K   -2  4  2 -2 -4  0 -1  0 -2 -3 -3  4  1 -4 -3 -1 -1 -5 -4  0    2  26  11   1   0   2   4   7   1   1   1  25   4   0   1   3   3   0   0   7  0.52 0.33
  228 R   -3  4 -3 -1 -5  0  0 -4 -2 -5 -3  4 -1 -4  2 -1 -3  6 -2 -4    1  20   1   4   0   3   5   1   1   0   2  30   1   0  12   5   1  12   1   0  0.78 0.42
  229 L   -3 -3 -3 -3 -4 -3 -3 -3  3  0  5 -4  2 -2 -3  1 -2 -4 -2 -1    1   1   1   1   0   0   1   2   8   4  58   1   4   1   1  10   1   0   1   3  0.78 0.42
  230 Q   -2  2  1 -1 -4  2  0 -2  2 -3 -1  3 -2 -3  1  0  0 -2 -2 -3    2  13   6   2   0   9   4   3   5   1   5  24   1   1   8   8   6   1   1   1  0.31 0.23
  231 R   -1  6 -2 -2 -4 -1  1 -3 -1 -1 -2  2 -2 -4 -4  0 -1 -1 -4  0    6  42   1   1   0   1   7   1   1   4   3  10   1   0   0   8   4   1   0   6  0.61 0.36
  232 L   -3 -4 -5 -5 -4 -4 -4 -5 -5  1  5 -5 -1  3  1 -4 -4 -4 -3  1    1   1   0   0   0   0   1   0   0   6  58   0   1  10   8   0   0   0   0  10  0.95 0.46
  233 L    0 -3 -3 -3  3  4 -2 -2 -3  0  0 -2  0 -3  2  0 -1 -1 -3  2    7   0   1   1   6  20   1   3   0   4  11   1   3   0  11   8   3   1   0  19  0.32 0.28
  234 Q   -1  2  0  2 -2  4  0 -2  2 -4 -3  0 -1 -2 -1  1  1 -4 -1 -3    4   9   4  13   1  24   5   2   6   0   2   4   1   1   3  10   7   0   2   1  0.39 0.29
  235 A    1  2  1 -3 -3 -1 -2 -3 -2  2 -2  2 -3 -2 -1  3  0 -4 -3  0   10  11   7   0   0   1   0   1   0  13   2  13   0   2   3  27   5   0   1   6  0.31 0.28
  236 L   -3 -2 -5 -5 -4 -4 -5 -6 -3 -1  5 -4  0  1 -5 -3  1 -4 -1 -1    2   3   0   0   0   1   0   0   1   2  68   1   1   5   0   1   9   0   2   3  1.04 0.51
  237 E   -1  0  0 -2 -4 -2  2  0 -1 -1  0 -2 -2 -2  5 -1 -1 -4  2 -2    5   6   4   1   0   1  15   8   2   3  10   1   1   1  27   2   3   0   9   2  0.43 0.28
  238 A   -1  2 -1 -2 -4 -1 -1  4  3 -1 -1 -1 -3 -4 -3  1  0 -4 -3  0    3  14   1   1   0   2   3  30   7   4   6   3   0   0   1  11   5   0   1   8  0.35 0.26
  239 P   -2  1 -2 -1 -4  1  1 -3 -1 -4  0  1 -2 -4  5  2  1 -5 -4 -3    1   6   1   2   0   6   7   2   2   0   9   8   1   0  28  16  10   0   0   1  0.54 0.34
  240 E    0  0  1  0 -4  0  2  0 -2 -3 -1  2  0 -4  2  0 -1  0 -3 -2    6   5   7   6   0   3  13   8   1   0   8  17   3   0  11   5   3   2   0   1  0.21 0.18
  241 G    1  3 -2 -1 -4  0  0  3 -1 -3 -3  2 -2 -4 -1 -1  1 -4 -3 -1   10  15   1   3   0   4   4  25   1   1   1  11   1   0   2   3   9   0   0   6  0.31 0.24
  242 W   -2  2 -1 -1 -4  1  2 -2 -3 -2 -2  4  3 -2  1 -2 -1  3 -3 -2    3  11   2   3   0   7  14   2   0   1   2  25  10   1   6   2   2   4   0   3  0.38 0.29
  243 G    0  1  3  0 -2  1  0  1  2 -3 -2  0 -2 -3  0  1 -1 -3 -3 -2    7  10  19   4   1   6   3  11   5   1   3   5   1   0   5  10   3   0   0   3  0.22 0.18
  244 P   -1  0 -2 -2 -2 -1 -1 -3 -2  0 -1  1 -2 -2  5  1  0 -1 -2  0    3   5   2   2   1   2   4   1   1   8   6  11   0   2  27  14   4   1   1   6  0.39 0.24
  245 T    0  0 -1 -1 -2  1  2 -1 -2 -2 -1 -1 -2 -3  3  1  2 -4 -2 -2    7   4   3   2   1   6  17   4   1   2   8   2   0   1  14   9  16   0   1   2  0.24 0.21
  246 P    1  2 -1 -1 -3  0  2  1 -1 -1 -2  1 -2 -3  2  0  0 -4 -3 -2   13  12   1   3   0   3  14  11   1   4   4   8   0   0  12   5   5   0   0   2  0.22 0.17
  247 R   -2  3  0 -1 -3  1  2 -1  0  1 -1  0 -1 -3  1  1 -2  0 -3 -2    2  19   3   3   0   7  14   6   2   9   4   5   2   1   8  10   1   1   0   1  0.23 0.20
  248 A    0  0  2 -1 -3  0  2  1  0 -3 -3  2 -3 -4 -1  0 -1  3 -3 -1    9   3  11   2   0   3  17  11   3   1   2  16   0   0   2   6   4   4   0   4  0.24 0.21
  249 G   -1  0  1  0 -3  2  0  1 -1 -2 -2 -1 -2 -3 -3  3  2 -4 -1 -1    2   5   6   4   0   9   4  13   1   1   4   1   0   1   1  27  15   0   2   4  0.29 0.26
  250 R   -2  6  0 -3 -2 -1 -2 -2 -2 -4 -2  2 -1 -4 -1  1  0 -2 -4 -2    2  42   4   0   1   2   2   2   1   0   4  12   2   1   3  13   6   1   0   2  0.68 0.40
  251 A    4 -1  0 -2 -3 -1 -1  1  3 -3 -1  0 -1 -4  0  0  0 -4 -3 -2   42   3   3   1   0   2   3   8   9   1   6   5   1   0   5   4   5   0   0   1  0.43 0.32
  252 A    3 -3 -2 -1  1 -1  0  0 -2 -3  0 -1 -1 -2 -1  3 -1 -4 -4 -2   32   1   0   4   3   2   6   5   1   0  10   3   1   1   2  25   2   0   0   2  0.39 0.32
  253 L   -2 -2 -1 -3  0 -2 -3 -3  0  3  3 -3  0 -1  1  1 -1 -4 -2  1    2   2   4   0   2   2   1   2   3  20  28   1   2   2   6  11   1   0   1  11  0.28 0.23
  254 Q   -3  4 -3 -3 -5  6 -1 -3  0 -5 -1 -2  0 -2  0  1 -2 -5 -2 -3    1  20   1   1   0  44   3   1   2   0   6   1   3   2   4   9   1   0   1   1  0.93 0.55
  255 L   -1  1 -1 -1 -4  1  4 -2 -1 -3  1 -1 -1 -3  3 -1 -1 -4 -4 -2    3   7   3   2   0   5  30   2   1   1  14   2   1   1  16   5   2   0   0   3  0.41 0.30
  256 K   -3  2 -2 -1 -5  4  1 -1 -3 -3 -4  5 -2 -5 -1 -2 -1 -5 -4 -3    1  10   1   3   0  20   7   4   0   1   2  41   1   0   3   1   3   0   0   2  0.80 0.45
  257 L   -2 -3 -3 -4 -3 -2 -2 -4 -4  1  3 -3  0  3 -3 -2  1 -3 -1  2    2   1   1   0   0   1   2   0   0   5  36   1   1  15   1   2  10   0   1  18  0.48 0.30
  258 R   -3  4  0 -3 -2  0 -3 -4  4 -1  0 -1  0  2  1 -1 -2  4 -1 -2    0  26   5   0   1   3   0   0  13   4  10   2   3  11   8   3   2   6   1   2  0.47 0.31
  259 R    2  1 -1  2 -3  4  0 -2  0 -3 -2  0 -3 -3 -1  2  0 -4 -3 -2   18   6   2  12   0  19   3   1   3   1   3   3   0   1   3  17   6   0   0   2  0.35 0.28
  260 R   -3  2 -2 -2 -4  4 -2  1  2 -3  1 -2 -2  3 -4 -2 -3  3  2 -2    1  13   1   2   0  22   0  10   6   0  13   0   0  13   0   2   0   5   8   2  0.45 0.34
  261 L   -3 -4 -5 -6 -4 -3 -5 -6 -5  4  5 -5  0  1 -4 -3 -2 -1 -3  0    1   1   0   0   0   1   0   0   0  25  55   0   2   5   0   2   2   1   0   4  0.97 0.47
  262 T   -1  0  0 -2 -1  2 -1 -3 -2  0  1  2  2 -2 -1  0  3 -4 -3 -2    4   5   4   1   1  12   2   1   1   5  12  12   7   1   2   7  22   0   0   1  0.23 0.24
  263 E   -2 -1 -1  1 -4  2  4 -3  5 -3  0  1 -1 -4 -2  0 -1 -5 -3 -3    2   2   1   8   0  11  29   1  14   1   9   7   1   0   1   7   4   0   0   1  0.50 0.34
  264 L   -1 -4 -4 -5 -4 -2 -5 -5 -2 -1  4 -4 -1 -2 -3 -4 -4  9 -2 -2    5   1   1   0   0   2   1   1   1   3  46   1   1   1   1   1   1  32   0   1  1.46 0.58
  265 L    0  3 -2 -2 -2 -2 -2 -3 -3 -2  1  4  0 -3 -4 -1 -1  4 -3  1    7  14   1   2   1   0   1   0   0   1  16  31   2   0   0   4   3   5   0   9  0.40 0.32
  266 G    1  1  1 -1 -4  1  4 -2  2 -3 -4  2 -3 -5 -1  1 -1 -5 -3 -3   10   6   8   2   0   6  27   2   6   2   1  16   0   0   2   9   3   0   0   1  0.42 0.30
  267 A    1 -1  2  0 -3  2  1 -1  0 -2 -1  0 -2 -3  0  2  0 -3 -3 -1   16   1  11   3   0  10  11   5   2   1   7   5   0   0   5  15   4   0   0   4  0.18 0.17
  268 Q    2  2  0 -2 -4  3  1  1  3 -3 -4  1 -3 -4 -2 -2 -1  3 -1 -4   17  10   4   0   0  17   9  13   7   1   0   9   0   0   2   1   3   5   2   0  0.37 0.28
  269 D   -2 -1  2  3 -4 -1  1  1  3 -3 -3  1 -3 -4  3 -1  1 -4 -2 -4    2   3  12  21   0   1   7   9  10   1   2   7   0   0  13   4   8   0   1   0  0.40 0.25
  270 G    0 -1 -1 -2 -3  1  1  2  2 -3 -1  2 -2 -3  0  1 -1 -3  1 -1    7   1   2   1   0   8  10  14   5   0   8  17   0   0   4  10   2   0   7   4  0.19 0.19
  271 A    1  0 -1  2 -4  1  4 -3  1 -4 -3 -1 -1 -4  2 -1  0 -5 -4 -3   14   4   2   9   0   6  34   1   3   0   3   2   2   0   8   3   7   0   0   1  0.45 0.31
  272 L   -2 -2  0 -1 -3  4 -1 -3 -2  0  2 -1  2  1 -4 -1 -1 -4 -3  2    1   1   4   3   0  23   3   1   0   2  24   3   6   5   0   5   2   0   0  18  0.34 0.29
  273 L    1 -3 -3 -4 -3 -3 -2  0 -4  2  2 -2  0 -2 -2 -1  3 -4 -3  2   11   0   0   0   0   0   2   6   0  13  26   2   1   0   2   2  20   0   0  14  0.33 0.26
  274 V   -1  3 -1 -1 -4  0 -1 -3 -3 -2 -2  4 -2 -3  2 -2 -2  3 -3  1    6  16   2   3   0   3   2   0   0   2   3  33   1   1  11   0   2   4   1  11  0.46 0.32
  275 R   -3  3 -1 -1 -5  3  4 -1  0 -3 -5  4 -4 -5 -4 -1 -1 -3 -4 -3    0  13   2   2   0  13  27   4   2   1   0  27   0   0   0   2   3   0   0   2  0.68 0.39
  276 L   -4 -5 -6 -4 -4 -5 -5 -6 -5  3  5 -5  5 -2 -6 -5 -4 -5 -4  0    0   0   0   1   0   0   0   0   0  18  64   0  13   0   0   0   0   0   0   4  1.26 0.54
  277 L   -3 -3 -5 -5 -4 -3 -3 -5 -1  2  4 -4 -1 -1  4 -3 -1 -4 -1  0    1   1   0   0   0   1   1   0   2  10  49   0   1   2  22   2   3   0   2   4  0.79 0.41
  278 Q    0  1 -1  3 -5  5  2  0 -1 -4 -3  0 -3 -3 -2 -1 -3 -3 -2 -2    6   9   1  20   0  28  12   8   1   1   2   5   0   1   1   3   0   0   1   2  0.49 0.32
  279 A    4 -2 -1 -1 -3 -3 -1 -2 -4  3 -1 -1  3 -2 -3 -1  0 -4 -3  1   40   1   3   4   0   0   3   1   0  18   2   3   8   1   0   2   4   0   0   9  0.42 0.31
  280 L   -4 -5 -6 -6 -1 -5 -5 -6 -5  2  6 -5  1 -1 -5 -3 -3 -4 -4 -1    0   0   0   0   1   0   0   0   0   8  81   0   2   1   0   2   1   0   0   3  1.37 0.56
  281 R   -3  6  1  0 -5  1  0 -4  2 -1 -4  2 -3 -3 -4 -2 -1 -5 -3 -2    0  50   5   5   0   6   5   0   6   4   1   9   0   1   0   1   3   0   0   2  0.86 0.42
  282 V    2  1  0  0 -3 -1  0 -1 -2 -2 -1  2 -1 -3 -1 -1  1 -4 -3  1   24   9   5   4   0   2   4   3   0   0   6  19   1   0   3   1   8   0   0  11  0.20 0.20
  283 A    4 -3 -2 -1  1 -2 -2 -3 -1 -1 -1 -3  1 -3 -3  2  2 -4 -1  1   37   0   1   3   3   0   1   0   2   2   6   0   4   0   0  14  13   0   2  11  0.38 0.29
  284 R   -3  4 -1 -1 -5  1 -2  2  1 -4 -2  4 -3 -4 -2 -2 -3 -4 -2 -3    0  22   2   3   0   7   0  19   4   0   4  34   0   0   1   0   0   0   1   1  0.65 0.36
  285 M    1 -4 -4 -5 -2 -1 -3 -4 -4  0  5 -4  2 -1 -4 -3 -2 -4 -3  0   16   0   0   0   1   2   1   0   0   1  64   0   6   2   0   0   1   0   0   3  0.82 0.41
  286 P   -1 -1  3  0 -1 -1 -1  0  6 -2 -2 -1 -3 -2  3  0  0 -4 -1 -3    4   2  14   5   1   1   2   7  22   3   4   3   0   2  14   7   7   0   2   0  0.39 0.25
  287 G    0  1  1 -2 -4 -1 -1  2  5 -4 -3  0 -3 -4 -3  3  0 -4 -3 -3    4   8   5   1   0   1   2  18  18   0   2   5   0   0   0  27   5   0   0   1  0.49 0.31
  288 L    0 -4 -5 -5  2 -4 -4 -4 -4  4  4 -3  2 -2 -4 -3 -2 -4 -3  2    7   0   0   0   5   0   0   1   0  26  40   1   6   0   0   0   1   0   0  10  0.67 0.33
  289 E    2  0 -3 -2 -5  0  6  0 -1 -4 -2 -1 -4 -5 -4 -2 -3 -5 -2 -4   18   4   0   0   0   2  57   9   1   0   5   2   0   0   0   1   0   0   1   0  0.91 0.49
  290 R   -3  5 -2  1 -1  1  4 -4  0 -3 -5  1 -1 -5 -4 -1 -1 -5 -4 -4    1  33   1   7   2   5  33   0   2   2   0   8   1   0   0   3   3   0   0   0  0.81 0.42
  291 S   -3  2  0 -2 -5  0  0 -3 -3 -5 -5  6 -2 -6 -4  2 -1 -6 -4 -5    0   9   4   1   0   3   3   1   0   0   0  59   1   0   0  16   2   0   0   0  1.05 0.51
  292 V   -2 -5 -6 -6 -3 -5 -5 -5 -5  3  3 -5  2 -1 -5 -4 -3 -5 -3  5    1   0   0   0   0   0   0   0   0  17  30   0   4   1   0   0   0   0   0  46  0.99 0.44
  293 R   -2  6 -1 -1 -5  3  1 -3  1 -3 -3  1 -3 -5 -4  0 -1 -5 -4 -4    2  44   2   3   0  15   8   1   3   1   2   8   0   0   0   8   2   0   0   0  0.77 0.39
  294 E    0  4  0 -2 -5  0  3 -4 -2 -3 -4  4 -3 -5 -3  0 -1 -5 -4 -4    7  22   5   0   0   3  23   0   0   2   0  32   0   0   0   4   3   0   0   0  0.73 0.37
  295 R   -4  6 -3 -4 -3 -1 -2 -5  4 -3 -5  3 -4 -4 -5 -3 -4  5 -2 -5    0  56   0   0   1   1   0   0  10   1   0  21   0   0   0   0   0  10   0   0  1.37 0.53
  296 F   -5 -5 -6 -6 -5 -6 -6 -6 -4 -1  2 -6 -2  8 -6 -5 -5 -2  0 -3    0   0   0   0   0   0   0   0   0   2  22   0   0  76   0   0   0   0   0   0  1.89 0.61
  297 L   -3 -4 -5 -5 -3 -4 -4 -5 -4  0  5 -4  3  1 -4 -4 -1 -3 -2  0    0   0   0   0   0   0   0   0   0   0  81   0   6   6   0   0   5   0   0   2  0.94 0.30
  298 P    0  1 -2 -2 -4  4 -1 -3 -2 -3 -3  1 -2 -4  6 -1 -2 -4 -3 -3    9  10   0   0   0  27   0   0   0   0   1   6   0   0  47   0   0   0   0   0  0.98 0.17
  299 V    3 -2 -2 -3 -2 -2 -2 -1  4  1  0 -2 -1  1 -2 -1 -1 -2  0  1   43   0   0   0   0   0   0   1  18   9   7   0   0  10   0   0   0   0   0  12  0.24 0.10
  300 H   -2  0  1 -1 -4  5  2 -2  6 -4 -3  0 -2 -3 -2 -1 -2 -3 -1 -3    0   0   4   0   0  53   8   0  35   0   0   0   0   0   0   0   0   0   0   0  0.76 0.11

                      K         Lambda
Standard Ungapped    0.1372     0.3234
Standard Gapped      0.0453     0.2670
PSI Ungapped         0.1466     0.3104
PSI Gapped           0.0453     0.2670
