
Last position-specific scoring matrix computed, weighted observed percentages rounded down, information per position, and relative weight of gapless real matches to pseudocounts
           A  R  N  D  C  Q  E  G  H  I  L  K  M  F  P  S  T  W  Y  V   A   R   N   D   C   Q   E   G   H   I   L   K   M   F   P   S   T   W   Y   V
    1 M   -4 -4 -5 -6 -4 -3 -5 -5 -4 -1  0 -4 10 -3 -5 -4 -3 -4 -4 -2    0   0   0   0   0   0   0   0   0   0   2   0  98   0   0   0   0   0   0   0  2.49 0.54
    2 R    0  5 -2 -3 -2  0 -2  1  2 -3 -1  2  0 -3 -3 -1  0 -2 -3 -1    8  44   0   0   1   1   0  10   5   0   4  10   4   0   0   2   4   0   0   6  0.44 0.18
    3 G    2 -2 -2 -2  1 -2 -2  3 -2 -1 -2 -1 -2 -1  0  2  1 -1  0  0   20   2   0   0   4   0   0  25   0   3   3   2   0   2   5  16   8   1   4   5  0.23 0.11
    4 T    1 -1 -2 -3 -2 -2 -2 -1 -2  0  1 -2  4 -1  3  1  1  0 -2  0   13   3   0   0   0   0   0   3   1   3  10   1  19   1  13  16   9   2   0   6  0.24 0.14
    5 R    0  4 -2 -3  2 -1 -1 -2 -2 -1 -2  3 -1 -2  0 -1  0  0 -2  0    5  34   0   0   5   0   2   3   0   4   2  19   1   1   4   3   7   2   1   7  0.33 0.15
    6 L   -1 -3 -4 -4 -2 -1 -3 -4 -3  1  4 -3  3  1 -1 -1  0  1 -1  1    3   0   0   0   0   2   0   1   0   2  49   0  11   4   4   5   5   2   1  10  0.42 0.18
    7 M    1 -2 -4 -4 -1 -3 -3 -3 -4  0  3 -3  3  0  0 -2 -1 -1 -2  2   15   1   0   0   1   0   0   1   0   1  43   0   8   4   4   1   3   1   0  17  0.36 0.17
    8 G    1 -2 -3 -3  1 -2 -2  2  0 -1  2 -3  0  0  2 -1 -1 -1 -2  0   15   1   0   0   4   0   1  21   3   1  29   0   1   4   9   2   1   1   1   7  0.22 0.13
    9 L    1 -3 -3 -4  1 -3 -3 -3 -3  1  3 -2  0  1 -2  1  0 -2 -2  2   11   0   0   0   2   0   0   1   0   3  41   1   1   7   2  12   4   0   0  14  0.28 0.15
   10 L   -2 -4 -5 -5 -1 -4 -4 -3 -4  2  5 -4  1  1 -4 -2 -2  0 -2  1    2   0   0   0   1   0   0   2   0   7  66   0   2   4   0   2   1   2   0  10  0.70 0.24
   11 L   -1 -4 -4 -5 -3 -4 -4 -4 -4  0  4 -3  1  4 -1 -3 -2  2 -1  1    6   0   0   0   0   0   0   1   0   3  55   1   2  18   3   0   2   3   0   6  0.61 0.23
   12 A    2 -3 -3 -3  0 -2 -3  0 -2  1  1 -2  0  0  0  0  0  0 -1  2   20   0   0   0   2   0   0   7   1   6  19   0   1   5   4   4   8   1   1  20  0.15 0.10
   13 L    0 -3 -3 -4  0 -3 -3 -2 -3  1  3 -3  1  1 -2 -1  0  3 -1  2   10   0   0   0   2   0   0   2   0   5  44   0   2   6   1   4   4   4   1  14  0.34 0.15
   14 A    3 -3 -3 -3  1 -2 -3 -1 -3  0  2 -3 -1  0 -3  0  0  0 -2  1   40   0   0   0   3   0   0   2   0   5  23   0   1   4   0   4   4   2   0  10  0.32 0.17
   15 G    0 -3 -1 -2  5 -2 -2  2 -1 -1  1 -2 -1  0 -3  1  0 -1 -1 -1    7   1   1   1  14   1   1  18   1   1  20   0   1   5   0  17   4   1   1   4  0.22 0.13
   16 L   -1 -3 -2 -3  0 -3 -3 -1 -2  1  4 -3  1  1 -2 -2 -2 -1 -1  1    3   0   3   1   2   0   0   6   1   3  52   0   3   7   2   3   1   1   2  11  0.38 0.17
   17 L    0 -2 -2 -3  3 -2 -2 -3 -1  0  3 -3  1  2 -2 -1  0  2  0  1   10   1   1   1   8   1   1   1   2   2  35   0   2  11   1   5   4   4   2   8  0.22 0.12
   18 Q   -1  0  2 -1  0  3  0  0  5 -3 -2 -1 -1 -4  1  1  0 -4 -2 -3    3   5   9   1   3  21   2   7  20   1   3   0   1   0   6  14   5   0   0   1  0.38 0.20
   19 L    1 -2 -2 -1 -1 -2 -2  3 -2  0 -1 -2  0 -1  1  0  0 -1 -2  1   14   1   0   3   1   1   1  23   1   3   6   1   4   3   7   8   6   1   0  15  0.15 0.10
   20 G    4 -3 -2 -3  2 -2 -3  1 -3 -1 -2 -2 -2 -4 -2  2  2 -4 -3  0   42   0   0   0   5   0   0  11   0   2   2   0   1   0   0  14  15   0   0   7  0.48 0.23
   21 L    2 -2 -1 -2 -1  0  0 -1 -1 -1  2 -2 -1 -1 -2  2  2 -3 -2  0   18   1   1   0   1   3   8   3   2   1  24   0   0   2   1  16  13   0   0   5  0.16 0.14
   22 S    4 -2 -2 -2  0 -2 -1  0 -2 -3 -3 -2 -1 -4 -1  3  3 -4 -4 -2   35   1   0   1   2   0   3   6   0   0   2   1   1   0   2  28  18   0   0   1  0.52 0.27
   23 L   -4 -4 -5 -6 -4 -4 -5 -6 -5  0  5 -5  5  4 -5 -5 -3 -3 -2 -1    0   0   0   0   0   0   0   0   0   2  61   0  16  18   0   0   1   0   0   1  1.16 0.40
   24 K   -4  6 -3 -4 -6 -1 -2 -5 -2 -5 -3  6 -4 -5 -4 -3 -3 -6 -4 -5    0  42   0   0   0   1   0   0   1   0   3  53   0   0   0   0   0   0   0   0  1.49 0.50
   25 I   -4 -6 -6 -6 -4 -6 -6 -7 -6  8  0 -6 -1 -3 -6 -5 -4 -5 -4  2    0   0   0   0   0   0   0   0   0  85   5   0   0   0   0   0   0   0   0   9  1.80 0.54
   26 A    4 -5 -4 -5  9 -4 -5  3 -5 -4 -5 -4 -4 -5 -5  0 -3 -5 -5 -3   31   0   0   0  41   0   0  20   0   0   0   0   0   0   0   7   0   0   0   0  1.47 0.48
   27 A    6 -4 -4 -4 -3 -3 -3 -2 -4 -5 -5 -3 -4 -5 -4  4 -2 -6 -5 -3   69   0   0   0   0   0   0   0   0   0   0   0   0   0   0  29   1   0   0   0  1.36 0.52
   28 F   -6 -7 -7 -7 -6 -7 -7 -7 -5 -4 -3 -7 -4  9 -7 -6 -6 -2  1 -4    0   0   0   0   0   0   0   0   0   0   0   0   0  98   0   0   0   0   2   0  2.93 0.76
   29 N   -5 -4  9 -2 -6 -4 -4 -4 -1 -7 -7 -4 -6 -7 -6 -3 -4 -8 -6 -7    0   0  99   0   0   0   0   0   1   0   0   0   0   0   0   0   0   0   0   0  2.76 0.78
   30 I    1 -5 -5 -5 -3 -5 -5 -4 -5  6 -1 -5  0 -3 -3 -4 -1 -5 -4  4   10   0   0   0   0   0   0   1   0  52   2   0   2   0   1   0   3   0   0  29  1.04 0.39
   31 R   -3  5 -3 -2 -6  7 -1 -5  1 -6 -5  3 -3 -6 -4 -3 -4 -5 -4 -5    0  29   0   1   0  50   1   0   3   0   0  15   0   0   0   0   0   0   0   0  1.42 0.52
   32 T    1  3  1 -3 -2 -2 -2 -2  0 -1 -4  0 -3 -4 -3  4  2 -5 -4 -1    9  18   5   0   0   0   0   1   2   4   0   5   0   0   0  39  12   0   0   4  0.53 0.30
   33 F   -5 -6 -6 -7 -4 -6 -7 -7 -5 -3  1 -6  0  9 -7 -6 -5 -2  0 -4    0   0   0   0   0   0   0   0   0   0  14   0   2  83   0   0   0   0   1   0  2.26 0.63
   34 G   -2 -4 -2 -2 -5 -5 -5  7 -5 -6 -6 -4 -5 -6 -5 -1  0 -6 -6 -6    2   0   2   1   0   0   0  86   0   0   0   0   0   0   0   2   7   0   0   0  1.84 0.55
   35 E   -2  0 -1  4 -5  0  4 -3 -1 -3  0  0 -1 -4 -3 -2 -1 -2 -3 -2    3   4   2  29   0   3  32   1   1   1  11   4   2   0   1   0   4   0   0   2  0.56 0.27
   36 T    1  0  1 -3 -3 -1 -2 -2 -1 -4 -4  1 -2 -5 -1  4  4 -5 -4 -3   13   3   6   0   0   2   0   1   1   0   0  11   1   0   2  33  26   0   0   0  0.58 0.31
   37 K   -4 -1 -4 -4 -7 -2 -3 -5 -4 -6 -6  8 -5 -7 -5 -4 -4 -7 -5 -6    0   0   0   0   0   0   0   0   0   0   0 100   0   0   0   0   0   0   0   0  2.38 0.73
   38 M    1 -1 -4 -4 -2 -3 -4 -4 -4  1  0  0  6 -3 -4  0 -2 -4 -3  3   15   3   0   0   0   0   0   0   0   7   6   7  27   0   0   6   0   0   0  28  0.58 0.32
   39 S    2 -1  1 -1 -3 -1  1 -1 -2 -4 -4 -1 -4 -5 -3  5  0 -5 -4 -3   19   2   6   3   0   1   8   4   1   0   1   3   0   0   0  49   2   0   0   1  0.66 0.35
   40 N   -4  2  6  5 -6 -2 -2 -4 -1 -5 -6  2 -5 -6 -4 -2 -3 -6 -5 -6    0  11  46  29   0   1   0   0   1   0   0  12   0   0   0   0   1   0   0   0  1.28 0.47
   41 A    0 -1 -2 -1 -2  3  2 -3 -1 -4 -4  1 -3 -3  5 -1  0 -5 -1 -1   10   1   1   2   1  16  13   1   1   0   0  10   0   1  30   3   4   0   2   4  0.62 0.28
   42 T    0  0  2  1 -3  0  2 -2  1 -3 -3  1 -1 -3 -1  0  3 -4 -3 -2   10   6   9   9   0   2  16   2   4   0   1   7   2   0   2   2  24   0   0   2  0.29 0.19
   43 L   -1 -5 -5 -5  3 -4 -5 -5 -5  3  1 -5 -1 -2 -4 -4 -1 -5 -4  5    5   0   0   0   7   0   0   0   0  17  13   0   0   0   1   0   3   0   0  54  0.90 0.36
   44 A    1 -3 -4 -4 -1 -3 -4 -1 -4  0  2 -2  7 -3 -3  1 -1 -4 -3  2   14   1   0   0   1   0   0   6   0   3  15   1  33   0   1  11   2   0   0  13  0.56 0.31
   45 S   -2 -1  2  5 -4 -1  0  1  2 -4 -4  1 -4 -5 -3  2 -1 -5 -4 -4    2   3  11  37   0   1   5  11   5   1   1   7   0   0   0  14   2   0   0   0  0.62 0.28
   46 Y    0 -3 -3 -4 -3 -3 -3 -4 -1  4  0 -4 -1  0 -4 -2  2 -3  3  3    7   1   1   0   0   0   0   0   1  31   4   0   1   3   0   2  17   0  12  21  0.52 0.27
   47 I   -4 -5 -6 -6 -4 -5 -6 -6 -6  6  4 -5 -1 -1 -5 -5 -3 -5 -4  1    0   0   0   0   0   0   0   0   0  48  44   0   0   1   0   0   0   0   0   5  1.22 0.43
   48 V    1 -3 -4 -5 -2 -4 -4 -4 -5  2  0 -3  0 -3 -3 -1  1 -5 -4  5    9   1   0   0   1   0   0   0   0  11   4   1   1   0   0   5   9   0   0  56  0.76 0.35
   49 R   -3  3  0 -2 -5  4  0 -4 -3 -5 -5  5 -3 -5 -3  0 -1 -5 -4 -5    1  12   4   1   0  22   3   0   0   0   0  45   0   0   0   8   4   0   0   0  0.93 0.40
   50 I   -4 -6 -6 -6 -2 -6 -6 -7 -6  8 -1 -6 -2 -3 -6 -5 -2 -6 -4  2    0   0   0   0   1   0   0   0   0  84   1   0   0   0   0   0   2   0   0  11  1.83 0.58
   51 V   -3 -5 -5 -5 -1 -4 -3 -6 -5  4  4 -5  0 -2 -5 -4 -3 -4 -3  3    1   0   0   0   1   0   1   0   0  29  44   0   1   1   0   0   0   0   0  20  0.90 0.35
   52 R    2  0  0 -3 -1  0 -2 -2  2 -4 -3  1 -2 -4 -2  5  0 -5 -4 -3   17   4   3   0   1   3   1   1   5   0   2  10   1   0   1  48   3   0   0   1  0.60 0.33
   53 R   -4  7 -3 -3 -5  1 -1  1 -3 -6 -5 -1 -2 -3 -4 -3 -3 -5 -5 -5    1  75   0   1   0   4   4  11   0   0   1   1   1   1   0   0   1   0   0   0  1.57 0.53
   54 Y   -4 -5 -4 -6  8 -5 -6 -6 -2 -5 -4 -5 -4  0 -6 -4 -5 -2  8 -3    0   0   1   0  35   0   0   0   1   0   0   0   0   2   0   0   0   0  60   1  2.40 0.68
   55 D   -5 -5 -2  8 -6 -3 -1 -4 -3 -6 -7 -3 -6 -7 -2  0 -4 -7 -6 -6    0   0   0  89   0   0   2   0   0   0   0   1   0   0   1   5   0   0   0   0  2.17 0.64
   56 I   -3 -5 -6 -6 -4 -5 -5 -6 -6  7  2 -5  0 -3 -5 -3 -3 -5 -4  3    1   0   0   0   0   0   0   0   0  67  14   0   2   0   0   1   0   0   0  14  1.32 0.45
   57 V    2 -4 -4 -4  4 -3 -4 -4 -4  4  0 -3  4 -1 -4 -1  2 -4 -3  2   17   0   0   0  10   0   0   0   0  26   3   0  14   2   0   3  12   0   0  13  0.53 0.27
   58 L   -1 -5 -5 -6 -3 -4 -5 -6 -5  0  5 -5  0 -1 -5 -4 -3 -4 -3  3    4   0   0   0   0   0   0   0   0   1  66   0   1   1   0   0   0   0   0  26  1.08 0.41
   59 I   -2 -3 -5 -6 -3 -5 -5 -5 -5  5  3 -5  0 -2 -5 -4 -3 -5 -3  4    1   1   0   0   0   0   0   1   0  37  28   0   1   0   0   0   0   0   0  30  0.96 0.36
   60 Q   -4 -3 -4 -4 -6  8 -1 -6 -3 -4  1 -3  5 -5 -5 -4 -4 -5 -5 -4    0   0   0   0   0  67   3   0   0   0  14   0  16   0   0   0   0   0   0   0  1.71 0.64
   61 E   -4 -4 -4 -2 -7 -1  8 -6 -2 -7 -6 -3 -5 -7 -5 -4 -4 -1 -5 -6    0   0   0   0   0   0  97   0   1   0   0   0   0   0   0   0   0   1   0   0  2.33 0.74
   62 V   -3 -6 -6 -6 -4 -5 -6 -6 -6  4 -2 -5 -2 -4 -5 -5 -3 -6 -4  7    0   0   0   0   0   0   0   0   0  23   1   0   0   0   0   0   0   0   0  76  1.63 0.55
   63 R   -4  6 -3 -4 -3 -1 -3 -5 -3 -3 -4  3  2 -4 -5 -3 -3 -5 -4  2    0  55   0   0   0   2   0   0   0   0   0  16   6   0   0   0   1   0   0  19  1.17 0.46
   64 D   -5 -5 -1  8 -7 -3  0 -3 -4 -6 -7 -4 -6 -7 -5 -2 -4 -7 -6 -6    0   0   2  90   0   0   4   2   0   0   0   0   0   0   0   1   0   0   0   0  2.27 0.66
   65 S    1 -1  1 -2 -3 -2 -1 -2 -3 -2 -3  0 -3 -4  2  4  1 -5 -3  0   14   2   8   0   0   1   2   1   0   1   2   6   0   0   9  42   5   0   0   6  0.48 0.29
   66 H   -2  0  1  4 -4  0 -1 -3  3 -5 -5  3 -4 -4 -3  2  1 -5 -1 -4    0   4   6  30   0   2   1   1   8   0   0  18   0   0   0  21   7   0   2   0  0.61 0.30
   67 L   -3 -3  3 -1 -4 -1 -2  4 -3 -2  3 -2  0 -3 -4 -2 -3 -4 -4 -3    1   1  17   3   0   3   2  33   0   0  37   1   1   1   0   0   0   0   0   0  0.61 0.31
   68 V   -1  1  0 -1 -3  0  1 -3 -2 -1 -3  2  0 -4 -3  3  2 -4 -3 -1    3   8   3   2   0   3   9   0   0   3   1  13   2   0   0  32  17   0   0   3  0.39 0.25
   69 A    6 -4 -4 -4 -3 -3 -4 -3 -4  1 -4 -3 -3 -5 -2  1 -1 -5 -4  0   69   0   0   0   0   0   0   0   0   8   0   0   0   0   1  10   3   0   0   7  1.03 0.44
   70 V   -3 -5 -5 -5  5 -3 -5 -4 -5  4  0 -3  2 -1 -5 -4  0 -5 -3  5    0   0   0   0  13   1   0   1   0  23   3   1   6   2   0   0   7   0   0  43  0.86 0.35
   71 G   -1  0  0  0 -4  1  0  0 -2 -3 -3  2 -3 -4  4  1  0 -4 -1 -3    2   4   4   3   0   7   4   8   0   2   1  17   0   0  24  13   7   0   2   1  0.43 0.21
   72 K    1  0 -1 -1 -1  0  0 -3 -1 -1  1  3  2 -1 -3 -1  1 -3 -2 -1   13   3   2   2   1   5   6   0   1   3  19  23   6   2   0   3  10   0   0   2  0.17 0.16
   73 L   -4 -5 -6 -7 -4 -5 -6 -7 -6 -1  6 -5  0  2 -6 -5 -4 -4 -3 -2    0   0   0   0   0   0   0   0   0   0  91   0   1   7   0   0   0   0   0   0  1.66 0.55
   74 L   -3 -4 -5 -6 -4 -4 -5 -5 -5  0  4 -4  7 -2 -5 -4 -3 -4 -4  2    0   0   0   0   0   0   0   0   0   2  40   1  37   0   0   0   1   0   0  16  1.20 0.46
   75 D   -1  1  0  3 -5  2  4 -3 -1 -5 -4  2 -2 -4 -3  0 -1 -5 -3 -4    6   9   4  18   0   8  33   1   1   0   0  11   1   0   0   4   4   0   1   0  0.58 0.27
   76 Y    0  1  0  0 -4  4  3 -3  1 -3 -2  2 -2 -4 -3  0 -2 -4 -1 -3    8   8   4   3   0  21  24   0   3   1   4  16   1   0   0   5   1   0   2   0  0.48 0.25
   77 L   -4 -5 -6 -6 -2 -5 -6 -6 -6  2  6 -5 -1 -2 -4 -5 -4 -4 -2  2    0   0   0   0   1   0   0   0   0  10  76   0   0   0   1   0   0   0   1  12  1.27 0.45
   78 N   -4 -2  8 -2 -5 -3 -4 -4 -1 -6 -7 -2 -5 -6 -5 -1  0 -7 -5 -6    1   1  87   0   0   0   0   0   1   0   0   2   0   0   0   2   4   0   0   0  2.19 0.68
   79 Q   -1  5 -2 -3 -3  2 -1  1 -3 -5 -4  2 -3 -5 -3  3 -2 -2 -4 -4    2  32   1   1   0   8   1   9   0   0   1  13   0   0   0  30   1   1   0   1  0.69 0.33
   80 D    1 -1  1  3 -2 -1  0  0 -1 -1 -2 -1 -1 -1 -2  0 -1 -3  1  2   17   2   7  21   0   3   3   7   1   1   1   2   1   2   1   4   1   0   6  20  0.19 0.16
   81 D    0  0  1  2 -1 -2 -1  0  0 -4 -3  0 -3 -4 -1  4  0 -4 -3 -3    5   5   6  13   1   1   1   6   2   0   1   6   0   0   3  43   4   0   0   2  0.46 0.26
   82 P   -1  2 -2 -1 -1 -1  0 -1 -1 -4 -2  3 -2 -4  4  2  0 -4 -3 -3    4  10   0   3   1   2   6   4   1   0   3  18   1   0  21  19   4   0   0   1  0.44 0.21
   83 N   -2  0  3  2 -4 -1  0  0  7 -4 -3 -2 -3 -2 -3  0 -2 -4  2 -2    2   6  13  10   0   2   4   8  33   0   2   1   0   1   1   5   1   0   7   2  0.65 0.28
   84 T   -1  0  0 -1 -2  1  2 -3  3 -3 -3  0 -3 -4  4  1  2 -4 -3 -3    3   3   3   3   1   6  13   1  10   1   2   4   0   0  25  11  14   0   0   1  0.50 0.23
   85 Y   -5 -5 -5 -6 -4 -5 -5 -6 -1 -4 -4 -5 -4  2 -6 -5 -5 -1 10 -4    0   0   0   0   0   0   0   0   0   0   0   0   0   7   0   0   0   0  89   0  2.76 0.75
   86 H    0  0  2  1 -3  0  1 -1  2 -4 -3  1 -2 -4 -3  3  0 -4 -3 -3    8   6   9   9   0   2   8   3   5   0   1   7   0   0   0  34   6   0   0   1  0.37 0.21
   87 Y   -2 -3 -4 -4  2 -2 -4 -4  2 -2  0 -2  4  5 -4 -1 -3 -1  6 -2    2   1   0   0   4   1   0   0   5   1   7   2  12  22   0   6   1   0  32   2  0.81 0.33
   88 V   -2 -2 -3 -4 -3  0  0 -4 -3  2  2 -1 -1 -2 -4 -3 -1 -4 -3  4    2   2   1   0   0   5   9   0   0  10  23   3   0   0   0   0   2   0   0  43  0.53 0.27
   89 V    0 -3 -1  0  1 -2  0 -2 -3  3  0 -2 -1 -2 -3  2 -1 -4 -3  3    8   1   2   5   2   0   6   2   0  25   6   1   0   1   0  18   2   0   0  20  0.25 0.18
   90 S   -2 -4 -3 -3 -4 -3 -3 -3 -4 -5 -5 -3 -5 -5 -4  7 -2 -6 -5 -5    0   0   0   0   0   0   0   0   0   0   0   0   0   0   0  96   0   0   0   0  1.97 0.68
   91 E   -1 -1 -1  1 -3  1  4  0 -2  0 -3  1 -3 -4  1  1  0 -4 -3 -2    2   3   1   8   0   5  30   6   0   7   1  10   0   0   7  12   6   0   0   1  0.33 0.19
   92 P   -3  5 -3 -4 -3 -1 -3 -4 -1 -4 -1 -2 -3 -4  6 -1 -3 -5 -4 -3    1  40   0   0   0   2   0   1   2   0   6   0   0   0  38   5   1   0   0   1  1.21 0.43
   93 L   -4 -4 -6 -6 -4 -5 -5 -6 -5 -1  6 -5  0 -2 -5 -5 -4 -4 -4 -2    1   0   0   0   0   0   0   0   0   1  93   0   1   0   0   0   0   0   0   1  1.64 0.53
   94 G   -3 -5 -3 -4 -5 -5 -5  7 -5 -6 -6 -4 -5 -6 -5 -3 -4 -5 -6 -6    0   0   0   0   0   0   0  96   0   0   0   0   0   0   0   1   0   0   0   0  2.27 0.62
   95 R   -3  8 -3 -4 -6 -1 -3 -5 -1 -6 -4  0 -4 -5 -3 -3 -4 -5 -5 -5    2  86   0   0   0   1   0   0   1   0   1   4   0   0   1   1   1   0   0   0  2.00 0.61
   96 N   -2 -1  4  2 -4 -2  0  0 -2 -4 -4  1 -3 -4 -3  3  2 -5 -4 -3    0   2  19  12   0   0   5   6   0   0   0  11   0   0   0  26  17   0   0   1  0.50 0.27
   97 S   -1  1  2 -2 -3  2 -2 -2  0 -4 -4 -1 -3 -4 -1  4  4 -4 -3 -2    2   8  10   1   0   8   0   2   2   0   1   2   0   0   2  33  27   0   0   1  0.56 0.30
   98 Y   -5 -5 -5 -2 -1 -4 -5 -6 -1 -4 -4 -5 -4 -1 -5 -2 -4 -1  9 -3    0   0   0   3   1   0   0   0   1   0   0   0   0   0   0   4   0   0  86   1  2.46 0.70
   99 K   -3  0 -2 -3 -5  1 -2 -3 -3 -5 -4  7  2 -5 -4 -3 -2 -5 -4 -5    0   2   1   1   0   6   0   1   0   0   1  79   5   0   0   0   2   0   0   0  1.57 0.54
  100 E   -3 -3 -3 -2 -6  0  8 -5 -3 -6 -6 -2 -5 -6 -4 -3 -4 -6 -5 -5    1   0   0   0   0   1  94   0   0   0   0   0   0   0   0   0   0   0   0   0  2.14 0.67
  101 R   -3  3 -3 -3 -5  7 -2 -4 -3 -4 -4  2  4 -5 -4 -3 -3 -5 -4 -4    1  14   0   0   0  57   0   0   0   0   0  11  13   0   0   0   1   0   0   0  1.37 0.52
  102 Y   -5 -5 -2 -6 -5 -5 -5 -6 -2 -3 -3 -5 -4  4 -6 -5 -5 -1  9 -4    0   0   2   0   0   0   0   0   0   1   1   0   0  12   0   0   0   0  80   0  2.43 0.68
  103 L    2 -4 -4 -5 -3 -4 -4 -3 -4  0  4 -4  2 -2 -4 -3 -2 -4 -3  4   19   0   0   0   0   0   0   2   0   1  40   0   5   0   0   0   0   0   0  31  0.67 0.31
  104 F   -5 -5 -5 -6  2 -5 -5 -6 -3 -3 -3 -5 -3  8 -6 -4 -5 -2  5 -4    0   0   0   0   4   0   0   0   0   1   0   0   0  70   0   1   0   0  20   0  2.01 0.58
  105 L   -3 -4 -5 -5 -3 -4 -4 -5 -4  5  3 -4  0  2 -4 -3 -3 -4 -2  3    1   0   0   0   0   0   0   0   0  36  27   0   1   9   0   1   0   0   0  22  0.79 0.30
  106 F   -5 -5 -5 -6 -5 -5 -5 -6 -1 -4 -3 -5 -4  2 -6 -5 -5  0 10 -4    0   0   0   0   0   0   0   0   1   0   2   0   0   6   0   0   0   1  88   0  2.68 0.73
  107 R   -4  8 -3 -5 -6 -2 -3 -5 -3 -6 -5  1 -3 -6 -5 -2 -4 -6 -5 -5    0  87   1   0   0   0   0   0   0   0   0   7   0   0   0   2   0   0   0   0  2.15 0.64
  108 P   -1 -1  1  1 -2  1  2 -2 -1 -3 -3  2 -2 -4  2  2  2 -4 -3 -3    3   2   6   9   1   6  16   2   1   0   1  12   1   0  10  17  13   0   0   1  0.33 0.19
  109 N   -2 -2  2  6 -5  0  1 -1  4 -5 -5  1 -5 -5 -4 -1 -2 -6 -4 -5    3   2   8  52   0   3   7   4   9   0   0   9   0   0   0   3   1   0   0   0  1.01 0.38
  110 K    0  1 -2 -3 -3  1  0 -3 -2  0  2  1  3 -2 -3  0  1 -4 -3  1    6   6   0   0   0   8   5   0   0   3  19  11  11   0   0   8   8   0   0  14  0.19 0.16
  111 V   -1 -5 -5 -4 -4 -5 -5 -5 -6  0  1 -5 -1 -1 -5 -4  1 -5 -4  6    5   0   0   1   0   0   0   0   0   0  11   0   1   2   0   0   7   0   0  73  1.21 0.47
  112 S   -2 -1 -1  1 -2  2  0 -2 -3 -4 -4  1 -3 -4 -3  5  2 -5 -4 -4    1   1   1   6   0  11   4   2   0   0   1   9   0   0   0  54  10   0   0   0  0.78 0.39
  113 V   -1 -5 -6 -6 -4 -3 -5 -6 -6  1  2 -5 -1 -3 -1 -4 -3 -5 -4  6    4   0   0   0   0   1   0   0   0   4  20   0   0   0   4   0   0   0   0  66  1.12 0.44
  114 L   -1  0 -3 -4 -3  0 -2 -4 -3  1  2  3  1 -3 -3 -2  2 -4 -3  3    3   4   0   0   0   3   2   0   0   5  25  20   3   0   0   0  12   0   0  24  0.36 0.23
  115 D   -1 -2  1  6 -5  1  2  2 -2 -5 -5  1 -4 -6 -4 -1 -3 -6 -5 -5    4   1   4  45   0   7  13  17   0   0   0   8   0   0   0   2   0   0   0   0  0.87 0.35
  116 T   -1 -2  1 -2  0  2 -2 -3  1 -4 -3 -1 -3 -2 -3  4  3  3 -2 -3    2   2   5   1   2   9   1   0   4   0   1   2   0   1   0  43  20   4   1   1  0.60 0.34
  117 Y   -5 -4 -6 -7 -2 -5 -5 -7  1 -5 -4 -4 -5  1 -7 -3 -5  0 10 -5    0   1   0   0   1   0   0   0   3   0   0   1   0   4   0   2   0   1  88   0  2.73 0.78
  118 Q   -4 -3 -3 -3 -3  7 -1 -5  4 -4 -1 -2 -2 -3 -2 -3  0 -4  4  0    0   0   0   0   1  53   1   0   9   0   7   1   0   0   2   0   5   0  14   6  1.10 0.49
  119 Y   -5 -5 -6 -7 -6 -5 -6 -7  0 -5 -4 -5 -4  2 -6 -2 -4 -1 10 -3    0   0   0   0   0   0   0   0   1   0   1   0   0   5   0   3   0   0  87   1  2.64 0.76
  120 D   -2  0  1  5 -5 -1  2 -3  2 -5 -4 -1 -4 -5  5 -2 -3 -6 -4 -4    2   4   5  33   0   1  16   0   6   0   1   2   0   0  26   1   1   0   0   1  0.89 0.34
  121 D   -5 -4 -1  8 -6 -3  1 -2 -4 -6 -6 -3 -6 -6 -4 -3 -4 -7 -6 -6    0   0   1  86   0   1   6   3   0   0   0   1   0   0   0   0   0   0   0   0  2.12 0.62
  122 G   -1 -1  2  0 -2  0  0  4 -1 -3 -3  0 -2 -3  2 -1 -1 -3 -2 -2    4   2  13   4   1   4   6  35   2   1   2   5   1   1  11   3   3   0   1   2  0.40 0.16
  123 C   -1 -1 -1 -1  7 -1 -1 -1 -1 -1  0  0 -1 -1 -1  0  1 -1  1 -1    4   2   2   4  26   3   5   5   1   3   8   7   1   2   3   6   9   1   5   4  0.28 0.10
  124 E   -2 -1 -1  0 -2  5  4 -1 -1 -3 -3  1 -2 -3 -2 -1  0 -3 -2 -3    2   2   2   4   1  28  33   4   1   1   2   6   1   1   1   2   5   0   1   2  0.60 0.23
  125 S    0 -2  0  1 -2 -1  0  0 -1 -2 -2 -1 -2 -3  5  1  0 -3 -2 -1    9   1   5   7   1   2   5   5   1   3   2   3   1   1  28  12   7   0   1   5  0.39 0.14
  126 C   -1 -2  1  0  7 -2 -1  4 -2 -2 -2 -1 -2 -3 -2 -1 -1 -3 -3 -2    4   1   8   4  25   2   3  31   1   2   3   3   1   1   1   4   3   0   1   2  0.62 0.21
  127 G   -1 -1  0  4 -3  0  0  4 -2 -3 -3 -1 -3 -3 -1 -1 -2 -3 -2 -3    3   3   3  29   0   3   4  35   0   1   2   2   1   1   3   4   1   0   1   2  0.57 0.20
  128 N    0 -2  2  1 -3  1  3 -1 -2 -2 -3 -1 -2 -4 -1  0  3 -4 -3  0    6   0  12   8   0   5  26   3   0   1   1   3   1   0   3   3  21   0   0   6  0.35 0.21
  129 D   -4 -4 -1  8 -6 -2 -1 -4  0 -6 -6 -3 -5 -6 -4 -2 -3 -6 -5 -5    0   1   1  86   0   1   2   1   2   0   1   0   0   0   0   2   1   0   0   0  2.04 0.59
  130 S    3 -3 -2 -3 -3 -2 -2 -3 -3  0  0 -3 -2 -3 -3  0  3 -4 -3  3   31   0   1   0   0   1   1   0   1   4   8   0   0   0   0   3  22   0   0  26  0.49 0.28
  131 F   -5 -6 -6 -7 -6 -6 -6 -4 -5 -2 -2 -6 -3  9 -7 -6 -5 -2  0 -4    0   0   0   0   0   0   0   2   0   2   1   0   0  93   0   0   0   0   1   0  2.63 0.71
  132 S    3 -3  0 -2 -2 -1  0 -3 -3 -2 -3 -3 -1 -4 -3  5 -1 -5 -4 -2   22   0   5   1   0   2   4   0   0   3   2   0   1   0   0  54   2   0   0   3  0.76 0.38
  133 R   -5  8 -4 -5 -7 -2 -4 -6  0 -6 -6 -1 -5 -6 -6 -4 -5 -6 -5 -6    0  97   0   0   0   0   0   0   2   0   0   0   0   0   0   0   0   0   0   0  2.54 0.74
  134 E   -3 -3 -3  1 -6 -1  7 -2 -3 -3 -6 -2 -5 -6 -1 -3 -4 -6 -5 -5    1   0   0   6   0   0  83   3   0   2   0   1   0   0   3   0   0   0   0   0  1.74 0.60
  135 P   -4 -6 -6 -5 -6 -5 -5 -6 -6 -6 -6 -5 -6 -7  9 -4 -5 -7 -6 -6    0   0   0   0   0   0   0   0   0   0   0   0   0   0  98   0   0   0   0   0  3.20 0.82
  136 A   -1 -5 -6 -6 -5 -6 -6 -6 -4 -3 -1 -6 -3  8 -6 -4 -4 -2  4 -3    7   0   0   0   0   0   0   0   0   1   3   0   0  75   0   0   1   0  12   1  1.98 0.59
  137 V    0 -5 -5 -5 -3 -5 -5 -5 -5  6 -1 -5 -1 -2 -5 -4 -2 -5 -4  5    6   0   0   0   0   0   0   0   0  43   1   0   0   1   0   0   2   0   0  45  1.16 0.42
  138 V    1 -4 -5 -5 -2 -4 -4 -4 -5  1  2 -4 -1 -3 -4 -3 -2 -5 -3  6   12   0   0   0   1   0   0   0   0   6  17   0   0   0   0   0   1   0   0  62  0.97 0.39
  139 K   -4  5 -3 -4 -5  1 -2 -4  2 -4 -3  4  1 -3 -4 -3 -3  7  0 -4    0  37   0   0   0   5   1   0   4   0   2  26   5   0   0   0   0  15   2   0  1.09 0.41
  140 F   -5 -6 -6 -6 -5 -6 -6 -6 -4 -3 -2 -6 -3  9 -6 -5 -5 -1  0 -1    0   0   0   0   0   0   0   0   0   0   1   0   0  91   0   0   0   0   0   4  2.52 0.68
  141 S   -1  0 -1 -2 -2  3 -1 -3  3 -4 -4  1 -2 -1 -3  4  1 -2 -2 -3    3   6   2   1   1  14   1   0   9   0   1   7   1   4   0  39   9   1   1   0  0.52 0.30
  142 S    2 -3 -3 -3  5 -3 -3 -2 -4 -2 -1 -3 -3 -3 -1  5 -1 -1 -4 -1   17   0   0   0  12   0   0   1   0   1   8   0   0   1   3  51   1   1   0   3  0.74 0.37
  143 H   -3 -1 -2 -3 -5 -3 -3 -4  1 -4 -1  0 -4 -4  8 -1 -3 -5 -5 -4    1   3   2   1   0   1   1   1   4   1   6   5   0   1  68   4   1   0   0   0  1.67 0.50
  144 S   -1  0  2 -1 -2  0 -1  0  3 -3 -3  1 -3  1 -1  2  2 -3  1 -3    1   5  13   1   1   2   2   6   9   1   2   9   0   8   2  16  18   0   4   0  0.26 0.19
  145 T   -1 -4 -2 -3 -2 -3 -3 -4 -4 -3 -4  1 -4 -5 -3  2  7 -5 -5 -3    4   0   1   1   1   0   0   0   0   0   0   8   0   0   1  12  72   0   0   0  1.37 0.54
  146 K    3 -2 -2 -1 -3  2  1 -1 -2 -1 -1  0 -1 -3 -3 -1 -1 -4 -2  3   33   1   1   3   0   9   9   3   1   2   4   5   0   0   0   1   2   0   1  24  0.30 0.22
  147 V    1 -4 -4 -5 -3 -4 -4 -3 -5  2  2 -4  0 -2 -4 -3 -2 -4 -3  5   10   0   0   0   0   0   1   1   0  11  22   0   1   0   0   1   1   0   0  49  0.73 0.31
  148 K   -2  2 -2 -1 -2  2  2  0 -1 -4 -4  5 -3 -5  2 -1 -2 -5 -4 -4    2   8   1   3   1   7  12   6   1   0   1  43   0   0   8   3   2   0   0   0  0.62 0.29
  149 E   -3 -2  1  5 -5  0  5 -4 -3 -5 -5 -1 -5 -6 -3  0 -2 -6 -5 -5    1   1   5  40   0   3  37   0   0   0   0   2   0   0   0   7   2   0   0   0  1.11 0.41
  150 F   -5 -5 -6 -6 -5 -6 -6 -6 -4  0  3 -6 -2  8 -6 -5 -4 -3 -1 -2    0   0   0   0   0   0   0   0   0   3  30   0   0  64   0   0   0   0   0   2  1.68 0.52
  151 A    2 -5 -5 -5 -3 -5 -5 -5 -5  0 -2 -5 -2 -4 -5 -3 -1 -5 -4  7   20   0   0   0   0   0   0   0   0   1   1   0   0   0   0   1   2   0   0  74  1.34 0.50
  152 I   -3 -5 -5 -6 -4 -4 -5 -6 -5  4  5 -5  4 -2 -5 -5 -3 -4 -3  0    1   0   0   0   0   0   0   0   0  24  59   0  11   0   0   0   0   0   0   4  1.11 0.40
  153 V   -2 -5 -5 -6 -1 -5 -5 -5 -6  6 -1 -5  0 -3 -5 -4 -3 -5 -4  5    2   0   0   0   1   0   0   1   0  48   1   0   2   0   0   0   0   0   0  44  1.30 0.45
  154 A   -1 -5 -5 -5 -3 -4 -4  0 -5 -6 -6 -4 -6 -7  8 -1 -3 -7 -6 -3    4   0   0   0   0   0   0   6   0   0   0   0   0   0  82   4   1   0   0   2  2.35 0.66
  155 L   -3 -4 -4 -5 -1  3 -3 -5  0  1  5 -4  0 -2 -5 -4 -3 -4 -3  2    0   0   0   0   1  17   0   0   3   8  54   0   1   0   0   0   0   0   0  14  0.82 0.37
  156 H   -6 -1 -3 -5 -7 -3 -4 -6 11 -7 -7 -5 -5 -5 -6 -5 -6 -6 -2 -7    0   2   0   0   0   0   0   0  97   0   0   0   0   0   0   0   0   0   0   0  3.56 0.90
  157 S    3 -4 -3 -4 -4 -3 -4 -4 -4 -2 -4 -3 -4 -5 -4  1  6 -5 -4 -2   26   0   0   0   0   0   0   0   0   1   0   0   0   0   0  10  61   0   0   1  1.25 0.51
  158 A    3 -2 -2 -2  2 -1  0 -3 -3 -3 -3  2  0 -4 -2  2  4 -4 -4 -2   24   1   0   1   5   2   6   0   0   0   0  13   2   0   1  16  26   0   0   2  0.46 0.27
  159 P   -3 -6 -6 -5 -6 -5 -5 -6 -6 -6 -7 -5 -6 -7  9 -4 -4 -7 -7 -6    2   0   0   0   0   0   0   0   0   0   0   0   0   0  97   0   0   0   0   0  3.14 0.81
  160 S   -2  0  0  2 -4  0  3 -2  4 -4 -3  2 -3 -4 -3  2  0 -1 -2 -3    1   4   3  11   0   2  23   2  12   0   2  15   0   0   0  18   4   1   0   1  0.45 0.25
  161 D    0 -2  2  5 -4  1  1 -2  1 -4 -3 -1 -2 -3 -3  1  2 -4  0 -3    8   1   8  33   0   6   6   1   4   0   1   2   1   1   0  10  13   0   4   1  0.48 0.25
  162 A    6 -4 -4 -4 -3 -4 -4 -2 -4 -4 -4 -4 -4 -5 -4  2 -1 -6 -5  0   74   0   0   0   0   0   0   1   0   0   0   0   0   0   0  16   3   0   0   7  1.27 0.51
  163 V    0 -4 -4 -3 -4 -2  2 -4 -4  0 -1 -3  2 -3 -1 -3 -1 -5 -4  5    8   0   0   1   0   1  15   0   0   3   2   1   5   1   3   0   3   0   0  56  0.72 0.36
  164 A    2  2  0 -1 -4  1  0 -3  0 -3 -4  4 -2 -5 -3 -1  0 -2 -4 -2   22  13   3   3   0   4   4   0   2   0   0  36   1   0   0   3   4   1   0   2  0.50 0.28
  165 E   -5 -4 -4 -2 -7 -2  8 -6 -4 -7 -7 -3 -6 -7 -5 -4 -5 -7 -6 -6    0   0   0   0   0   0  99   0   0   0   0   0   0   0   0   0   0   0   0   0  2.42 0.77
  166 I   -4 -5 -4 -6 -4 -5 -6 -6 -6  7  3 -5  1 -3 -6 -5 -2 -5 -4  1    0   0   1   0   0   0   0   0   0  64  26   0   2   0   0   0   2   0   0   4  1.33 0.47
  167 N   -4 -5  2  8 -7 -2 -2 -3 -4 -7 -7 -3 -6 -7 -5 -3 -4 -8 -6 -7    1   0  10  84   0   1   0   1   0   0   0   1   0   0   0   0   0   0   0   0  2.13 0.65
  168 S    5 -2 -3 -3 -4  0  4 -3 -1 -4 -3 -1 -3 -5 -4 -1 -3 -1 -3 -4   50   1   0   0   0   2  34   0   1   0   2   3   0   0   0   3   0   1   0   0  0.88 0.42
  169 L   -5 -5 -7 -7 -5 -5 -6 -7 -6 -1  7 -6  0 -3 -6 -6 -4 -5 -4 -2    0   0   0   0   0   0   0   0   0   0  98   0   1   0   0   0   0   0   0   0  1.87 0.61
  170 Y    0 -5 -5 -4 -6 -5 -5 -6  3 -4 -4 -5 -4  2 -6 -5 -3 -2  9 -1    7   0   0   1   0   0   0   0   6   0   0   0   0   4   0   0   1   0  75   4  2.13 0.67
  171 D   -4 -2 -2  8 -7 -2  0 -3 -3 -6 -7 -3 -6 -7 -5 -3 -1 -7 -6 -6    1   2   0  85   0   1   3   1   1   0   0   1   0   0   0   1   3   0   0   0  2.01 0.63
  172 V   -3 -3 -6 -7 -4 -6 -6 -7 -7 -1 -2 -6 -1 -4 -6 -5 -3 -6 -5  7    1   1   0   0   0   0   0   0   0   0   2   0   1   0   0   0   0   0   0  95  1.98 0.65
  173 Y   -4 -4 -5 -6 -1 -4 -5 -6  0 -3 -2 -5 -3  5 -6 -5 -4  2  8  2    1   1   0   0   2   0   0   0   1   0   2   0   0  27   0   0   1   2  50  13  1.59 0.53
  174 L   -2 -2 -3  0 -4  2  0 -4 -3 -1  4  0  2 -2 -4 -3  1 -3 -3  0    1   0   1   5   0  11   7   0   0   1  46   6   6   0   0   0  10   0   0   5  0.43 0.27
  175 D    0 -2  0  7 -5  0  2 -2  2 -4 -5 -1 -3 -3 -4 -2 -3 -6 -2 -3    8   1   3  60   0   3  10   2   4   1   0   2   1   1   0   1   0   0   2   2  1.10 0.42
  176 V    0 -5 -5 -6 -4 -5 -5 -6 -6  3 -1 -5  0 -3 -5 -4 -1 -6 -4  6    7   0   0   0   0   0   0   0   0  15   3   0   2   0   0   0   4   0   0  70  1.27 0.47
  177 Q   -2  3 -2 -3 -1  1 -2 -3 -1  2 -2  4 -1 -4 -3  1 -1 -2 -2  1    1  18   0   0   1   7   0   1   1  13   1  29   1   0   0   9   3   0   1  11  0.40 0.25
  178 Q   -2  2  3  2 -3  4  1 -2  1 -4 -4  3 -2 -5 -3  0  0 -4 -3 -3    2  10  13  14   0  19   7   1   4   0   1  17   1   0   0   6   4   0   0   1  0.46 0.24
  179 K   -3  5 -3 -3 -6  0 -2 -5  3 -4 -4  6 -1 -6 -4 -3 -3 -6 -4 -5    0  31   0   1   0   3   1   0   7   1   1  53   2   0   0   0   0   0   0   0  1.31 0.48
  180 W   -7 -7 -8 -8 -6 -6 -7 -7 -6 -6 -2 -7 -5 -1 -8 -7 -6 13 -2 -7    0   0   0   0   0   0   0   0   0   0   3   0   0   1   0   0   0  94   0   0  4.50 1.02
  181 H    0  1  3  0 -4  1  0  3 -1 -5 -4  4 -3 -5 -2 -1 -2 -5 -4 -4    8   5  13   5   0   8   3  24   1   0   1  29   0   0   1   1   1   0   0   0  0.51 0.25
  182 L    0 -3  0 -4 -3 -3 -3 -4 -4 -1  0 -3  0 -4 -3  1  6 -5 -4 -1    6   0   4   0   0   0   1   0   0   4   9   0   3   0   0   8  60   0   0   3  0.90 0.41
  183 N   -3 -2  2  5 -5  1  5 -4 -2 -5 -5  1 -4 -5 -3 -2 -1 -5 -4 -5    0   1  11  30   0   6  37   0   0   0   0   8   0   0   1   1   3   0   0   0  0.94 0.37
  184 D   -4 -4  7  6 -6 -3 -2 -4 -2 -6 -6 -3 -4 -6 -5 -3 -3 -7 -5 -6    1   0  57  39   0   0   1   0   0   0   0   1   0   0   0   0   0   0   0   0  1.83 0.59
  185 V   -2 -5 -5 -5 -3 -4 -5 -5 -5  5  0 -4  3  3 -5 -4 -3 -4 -2  4    1   0   0   0   0   0   0   0   0  35   3   0   9  14   0   0   0   0   1  35  0.94 0.36
  186 M   -3 -4 -5 -5 -4 -4 -5 -5 -5  4  2 -4  8 -2 -2 -4 -3 -4 -4  1    1   0   0   0   0   0   0   0   0  28  18   0  41   1   2   0   0   0   0   7  1.22 0.44
  187 L   -4 -5 -5 -5 -4 -5 -5 -5 -4  4  3 -5 -1  6 -3 -4 -3 -3 -1  0    0   0   0   0   0   0   0   0   0  25  29   0   0  38   2   0   0   0   0   4  1.03 0.37
  188 M   -3 -2 -5 -6 -4 -4 -5 -6 -5 -1  5 -4  7 -2 -5 -5 -3 -4 -4 -2    2   2   0   0   0   0   0   0   0   1  67   0  26   0   0   0   1   0   0   0  1.39 0.49
  189 G   -3 -5 -3 -4 -4 -2 -5  7 -5 -6 -6 -4 -6 -6 -5 -3 -5 -5 -6 -6    0   0   0   0   0   2   0  95   0   0   0   0   0   0   0   0   0   0   0   0  2.25 0.63
  190 D   -3 -5 -2  8 -7 -4 -2 -2 -4 -6 -7 -4 -6 -7 -5 -4 -4 -7 -6 -6    2   0   0  94   0   0   0   3   0   0   0   0   0   0   0   0   0   0   0   0  2.41 0.70
  191 F   -5 -6 -6 -7 -5 -6 -6 -6 -4 -3  1 -6 -3  9 -7 -6 -5 -2  1 -4    0   0   0   0   0   0   0   0   0   0  15   0   0  82   0   0   0   0   2   0  2.25 0.64
  192 N   -5 -2  9 -2 -4 -3 -4 -4  1 -7 -7 -3 -5 -6 -5 -3 -2 -7 -5 -6    0   2  91   0   0   0   0   0   3   0   0   1   0   0   0   0   2   0   0   0  2.41 0.72
  193 A    7 -5 -5 -5 -4 -4 -4 -3 -5 -5 -5 -4 -4 -5 -4 -2 -2 -6 -5 -3   96   0   0   0   0   0   0   1   0   0   0   0   0   0   0   1   1   0   0   0  1.89 0.65
  194 D    1 -4 -2  6 -5 -3 -2  4 -4 -6 -6 -4 -5 -6 -4 -2 -4 -6 -6 -5   10   0   0  50   0   0   0  37   0   0   0   0   0   0   0   1   0   0   0   0  1.37 0.48
  195 C   -4 -6 -6 -6 11 -6 -5  2 -6 -5 -5 -6 -5 -6 -6 -4 -5 -6 -5 -5    0   0   0   0  81   0   1  16   0   0   0   0   0   0   0   0   0   0   0   0  3.06 0.78
  196 S    2 -1  1 -1 -3 -2 -3  1 -3 -4 -4 -1 -4 -5 -1  5  0 -2 -4 -3   14   4   6   3   0   0   0  10   0   0   1   2   0   0   3  53   4   1   0   1  0.69 0.35
  197 Y   -5 -5 -4 -6 -5 -5 -5 -6  0 -5 -4 -5 -4  1 -6  0 -5 -1  9 -5    0   0   0   0   0   0   0   0   2   0   0   0   0   3   0   8   0   0  85   0  2.54 0.73
  198 V   -2 -5 -6 -6 -4 -5 -5 -6 -6  1  2 -5  0 -3 -5 -4 -3 -5 -4  7    2   0   0   0   0   0   0   0   0   4  15   0   2   0   0   0   0   0   0  77  1.41 0.50
  199 T    0  2 -2 -2 -3  0 -1 -2 -3 -4 -4  0 -3 -4  4  2  4 -5 -4 -3    8  12   1   1   0   3   2   3   0   0   0   6   0   0  18  16  28   0   0   1  0.55 0.28
  200 S    1  1 -1 -1 -4  1  0 -1 -2 -2 -4  4 -3 -4  3  1 -1 -4 -4 -2   11   7   2   3   0   6   3   4   0   3   0  33   0   0  13  10   2   0   0   3  0.42 0.23
  201 S   -1  0  0 -1 -4  1  1 -2  0 -4 -4  5 -3 -5 -3  3 -1 -5 -3 -4    4   3   2   2   0   6   6   3   2   0   1  44   0   0   1  23   2   0   0   0  0.67 0.33
  202 Q    0  1  0  4 -3  4  1  0  2 -5 -4  1 -3 -5 -3 -1 -2 -5 -4 -4   10   9   3  28   0  21   7   5   5   0   0   7   0   0   0   1   1   0   0   0  0.58 0.28
  203 W   -6 -1 -7 -7 -2 -4 -6 -6 -6 -4 -1  0  4 -1 -7 -6 -6 12 -2 -5    0   4   0   0   1   0   0   0   0   0   7   6  10   2   0   0   0  70   0   0  2.99 0.77
  204 S    1  0 -1  0 -4  1  0  0 -2 -4 -4  4 -2 -5  3  2 -2 -5 -4 -2   13   4   2   4   0   6   4   6   0   0   1  29   0   0  13  15   1   0   0   2  0.41 0.23
  205 S    1 -1  4  0 -3  1  0 -1  0 -3 -4  1 -1 -4 -3  3  0 -4 -2 -2   12   1  22   3   0   5   6   3   2   1   0   8   2   0   0  27   5   0   1   2  0.40 0.24
  206 I   -4 -4 -5 -6 -4 -6 -6 -7 -6  7  1 -6 -1 -3 -6 -5 -4 -6 -4  2    0   1   1   0   0   0   0   0   0  80  10   0   0   0   0   0   0   0   0   9  1.69 0.55
  207 R   -3  8 -4 -5 -6 -1 -3 -6 -4 -4 -3 -1 -3 -6 -2 -2 -3 -6 -5 -2    1  86   0   0   0   1   0   0   0   1   2   1   1   0   2   2   1   0   0   3  1.96 0.63
  208 L   -4 -4 -6 -7 -4 -5 -6 -7 -6  3  6 -5  0 -2 -6 -5 -4 -5 -4 -2    0   1   0   0   0   0   0   0   0  15  84   0   0   0   0   0   0   0   0   0  1.55 0.52
  209 R   -4  8 -4 -5 -4 -2 -3 -5  1 -2 -4 -1 -3  1 -5 -3 -4  3  0 -5    1  77   0   0   0   0   0   0   3   2   0   1   0   7   0   1   0   4   3   0  1.71 0.57
  210 T   -2 -2  1 -3  0 -1 -3 -3  0 -4 -4 -1 -1 -5 -4  4  5 -2 -4 -3    0   1   5   0   2   3   0   0   2   0   0   3   1   0   0  33  47   1   0   0  0.95 0.44
  211 S   -2 -3  1  5 -4  1  1 -3  1 -3 -1 -2 -3 -4 -4  3 -2 -5  0 -4    1   0   6  38   0   7   7   0   4   2   6   1   0   0   0  24   0   0   4   0  0.67 0.33
  212 S   -1  0 -1  1 -4  0  2 -3 -2 -4 -4  2 -4 -5  5  1 -1 -5 -4 -4    4   5   1   8   0   3  14   0   0   0   1  11   0   0  35  12   4   0   0   0  0.76 0.30
  213 T    1  1  2  0 -2  0  1  1 -1 -1 -2  1 -2 -3 -1  1  0 -4 -3  1   10  10  12   4   0   2   8  12   1   4   0   7   0   0   2  11   4   0   0  12  0.14 0.11
  214 F   -5 -6 -6 -7  3 -6 -7 -6 -5 -3 -1 -6 -3  9 -7 -3 -5 -2  2 -4    0   0   0   0   6   0   0   0   0   0   5   0   0  83   0   2   0   0   4   0  2.25 0.64
  215 Q   -1  0 -1 -1 -4  2  1 -4  7 -1 -2  2 -2 -1 -4 -1 -1 -3  1  1    4   5   2   3   0  10   7   0  29   3   3  12   0   2   0   3   3   0   3  11  0.47 0.25
  216 W   -7 -7 -8 -8 -6 -6 -7 -7 -6 -7 -6 -7 -6 -3 -7 -7 -6 13 -2 -7    0   0   0   0   0   0   0   0   0   0   0   0   0   0   0   0   0  98   0   0  4.78 1.05
  217 L   -2 -5 -6 -6 -4 -4 -5 -6 -5 -1  6 -5 -1 -2 -5 -5 -4 -4 -4  0    4   0   0   0   0   0   0   0   0   1  88   0   0   0   0   0   0   0   0   5  1.46 0.49
  218 I   -4 -6 -6 -6 -4 -6 -6 -7 -6  8 -1 -6 -2 -2 -5 -5 -3 -6 -4  0    0   0   0   0   0   0   0   0   0  94   2   0   0   1   0   0   1   0   0   1  2.10 0.63
  219 P    0 -2 -3  1 -5 -3 -2  4 -4 -5 -5 -2 -5 -6  6  0 -2 -6 -5 -4    8   3   0   8   0   1   2  33   0   0   0   1   0   0  37   5   2   0   0   0  1.04 0.37
  220 D   -5 -5  0  8 -7 -4 -1 -5 -1 -7 -7 -4 -7 -7 -5 -3 -4 -8 -6 -7    0   0   3  94   0   0   1   0   1   0   0   0   0   0   0   1   0   0   0   0  2.47 0.70
  221 S   -1 -1  1  3 -3  1  1  0 -1 -4 -4  1 -3 -5 -3  3  2 -5 -4 -4    2   3   5  19   0   8  10   8   1   0   0   9   0   0   0  24  12   0   0   0  0.43 0.23
  222 A    4 -3  0 -2 -3  0  2 -3 -3  0 -3 -2 -1 -4 -3  0  0 -5 -4  3   36   0   6   1   0   3  18   0   0   3   0   1   1   0   0   3   5   0   0  21  0.44 0.27
  223 D   -4 -5 -1  8 -7 -4 -2 -5 -3 -7 -7 -4 -7 -7 -5 -4 -4 -8 -5 -7    1   0   1  97   0   0   0   0   0   0   0   0   0   0   0   0   0   0   0   0  2.56 0.72
  224 T   -2 -5 -3 -5 -4 -4 -4 -5 -5 -4 -5 -4 -4 -6 -4 -2  8 -6 -5 -3    2   0   0   0   0   0   0   0   0   0   0   0   0   0   0   1  96   0   0   0  2.21 0.72
  225 T   -3 -4 -3 -4 -4 -4 -4 -5 -5 -4 -3 -4 -2 -5 -4 -2  8 -6 -5 -3    1   0   1   0   0   0   0   0   0   0   2   0   1   0   0   0  94   0   0   0  2.09 0.69
  226 A    1 -5 -5 -5 -4 -5 -5 -5 -5  0 -2 -4 -2 -4 -5 -2  0 -5 -1  7   12   0   0   0   0   0   0   0   0   0   0   0   0   0   0   2   5   0   2  77  1.29 0.49
  227 T    1 -1  0 -1 -3 -1  0  3 -1 -3 -4  2 -1 -4 -3  2  2 -4 -3 -3   13   2   3   3   0   0   5  20   1   0   0  17   1   0   0  18  16   0   0   0  0.37 0.22
  228 S   -2 -1  4 -1 -4 -1 -2 -1  2 -4 -4  1 -3 -4 -2  4  2 -5 -3 -2    1   2  20   2   0   2   0   3   5   0   0  10   0   0   1  39  13   0   0   2  0.61 0.32
  229 T   -3 -3  1 -3 -3 -3 -3 -3 -4 -4 -4 -2 -4 -5 -4  2  7 -5 -1 -3    0   0   7   1   0   0   1   1   0   0   0   2   0   0   0  17  67   0   3   0  1.28 0.51
  230 N   -3 -1  4  4 -2 -2 -1 -3  6 -3 -5 -1 -4 -4 -3  1 -1 -5 -2 -3    1   3  22  28   1   0   1   0  21   2   0   3   0   1   1  11   4   0   1   1  0.80 0.34
  231 C   -4 -5  0 -2 11 -5 -6 -6  3 -5 -5 -6 -5 -5 -6 -4 -4 -6 -5 -5    0   1   5   3  81   0   0   0   8   0   0   0   0   0   0   1   0   0   0   0  2.95 0.75
  232 A    5 -4 -3 -4 -3 -3 -3 -3 -4 -4 -4 -3 -4 -5  3 -1  3 -5 -4 -1   63   0   1   0   0   0   0   0   0   0   0   0   0   0  14   3  16   0   0   3  1.06 0.44
  233 Y   -5 -5 -6 -7 -6 -5 -6 -7 -2 -5 -5 -5 -5  0 -6 -5 -5 -1 10 -2    0   0   0   0   0   0   0   0   0   0   0   0   0   1   0   0   0   0  95   3  2.98 0.80
  234 D   -5 -5  0  8 -7 -4 -2 -4 -4 -7 -7 -4 -6 -7 -5 -4 -4 -8 -6 -7    0   0   3  96   0   0   0   1   0   0   0   0   0   0   0   0   0   0   0   0  2.52 0.70
  235 R   -5  8 -1 -5 -4 -2 -3 -6 -3 -6 -6 -1 -5 -6 -4 -4 -4 -6 -5 -6    0  95   3   0   1   0   0   0   0   0   0   0   0   0   1   0   0   0   0   0  2.38 0.69
  236 I   -4 -6 -5 -5 -4 -5 -6 -6 -6  8 -1 -5  0  1 -6 -5 -4 -4 -4  0    0   0   0   0   0   0   0   0   0  88   2   0   1   5   0   1   0   0   0   1  1.84 0.56
  237 V   -3 -5 -6 -6 -4 -5 -5 -6 -6  2 -2 -5 -2 -4 -5 -5 -3 -6 -4  7    0   0   0   0   0   0   0   0   0   7   1   0   0   0   0   0   0   0   0  90  1.79 0.57
  238 V    2 -4 -5 -5 -3 -4 -4 -5 -5  1  2 -4  0 -3 -4 -3 -2 -5 -4  6   17   0   0   0   0   0   0   0   0   3  16   0   1   0   0   0   0   0   0  60  0.95 0.39
  239 A    1  1 -2 -4  6 -2 -3 -2  6 -4 -4 -2 -3 -2 -3  1  0 -3  4 -2   11   7   1   0  19   1   0   2  22   0   0   0   0   0   0  11   5   0  15   2  0.72 0.32
  240 G   -2 -4 -3 -4 -5 -4 -4  7 -4 -6 -6 -3 -5 -5 -4 -2 -2 -5 -5 -5    1   1   0   0   0   1   0  90   0   0   1   1   0   0   0   1   2   0   0   0  1.95 0.53
  241 S    1  0 -1  2 -3  3  3 -2 -1 -3 -3  0 -2 -4  0  1  2 -4 -2 -3   14   4   1  13   0  14  18   0   1   0   0   5   1   0   3  10  13   0   1   1  0.36 0.20
  242 L    0  3 -1  2 -4  1  2 -2  1 -3 -1  2 -1 -4 -2 -1  0 -4 -3 -3   10  15   2  13   0   3  15   1   3   0   7  18   2   0   1   3   5   0   0   0  0.29 0.17
  243 L   -3 -4 -5 -6  3 -4 -5 -5 -5  2  5 -4  6  2 -5 -4 -3 -4 -3 -1    0   0   0   0   7   0   0   0   0   9  51   0  23   7   0   0   0   0   0   1  1.04 0.39
  244 Q   -2  3 -1 -3 -3  3 -2 -4 -2  1  2  1  1 -2 -3 -2 -2 -4 -2  1    1  18   2   1   0  18   1   0   0  10  22  10   4   1   0   2   1   0   1   9  0.32 0.20
  245 S    0  3  1  1 -4  2  0  0  2 -4 -4  2 -3 -4 -3  2 -1 -4 -3 -4    5  20   8   7   0  11   3   7   5   0   0  14   0   0   0  16   2   0   0   0  0.39 0.20
  246 S    4 -3 -2  1 -1 -2 -2  1 -3 -3 -1 -2 -2 -4 -3  3  0  0 -3 -2   38   1   1   7   1   0   1  11   0   0   7   0   0   0   0  25   5   1   0   0  0.47 0.27
  247 V   -3 -5 -4 -5 -3 -4 -5 -5 -5  5  2 -4  0 -2 -5 -4 -2 -4 -2  5    1   0   1   0   0   0   0   0   0  37  14   0   1   0   0   0   1   0   1  42  1.00 0.36
  248 V   -2 -2 -2 -3 -3 -3  0 -4 -4  1 -1  1  0 -2 -3 -3 -1  0 -3  6    1   1   1   1   0   0   8   1   0   3   3  12   1   1   1   1   2   1   0  60  0.68 0.31
  249 P   -2 -4 -3 -3 -5 -2 -3 -4 -2 -5 -4 -3 -3 -5  8 -1 -3 -5 -4 -4    3   1   1   1   0   2   1   1   1   0   2   1   1   0  77   5   1   0   1   1  2.04 0.54
  250 G   -2  0  4  1 -3  2  0  3  3 -4 -4  1 -3 -2 -3  0 -2 -4 -1 -4    2   5  21   8   0   9   3  26   8   0   0   7   0   2   0   4   0   0   2   0  0.47 0.23
  251 S   -1 -4 -2 -3 -4 -3 -3 -2 -4 -5 -5 -3 -5 -5 -4  7  1 -4 -4 -4    3   0   1   0   0   0   0   2   0   0   1   0   0   0   0  86   6   0   0   0  1.62 0.61
  252 A    6 -4  0 -4 -3 -4 -4 -2 -4 -4 -4 -4 -4 -5 -3 -1 -2 -5 -5  0   84   0   5   0   0   0   0   1   0   0   0   0   0   0   1   2   1   0   0   5  1.38 0.53
  253 A    1  0  1 -1 -3  1 -1  0 -1 -3 -2  3 -2 -4 -3  0  2 -3 -3 -2   16   4   5   1   0   8   1   8   1   0   3  28   1   0   0   6  14   0   0   2  0.31 0.20
  254 P    1 -3 -4 -4 -2 -4 -3 -4 -5  2 -2 -4 -2 -4  4 -2  0 -5 -4  4   14   1   0   0   0   0   1   0   0  13   0   0   0   0  23   2   6   0   0  40  0.77 0.34
  255 F   -5 -4  2 -4 -5 -5 -5 -6  3 -3 -3 -5 -3  8 -6 -5 -5 -2  4 -4    0   0   9   1   0   0   0   0   6   0   1   0   0  68   0   0   0   0  14   0  1.80 0.56
  256 D   -4 -1  7  5 -6 -2 -2 -4 -1 -6 -5 -3 -5 -6 -5 -2 -3 -7 -3 -6    1   2  56  36   0   1   0   0   1   0   1   1   0   0   0   0   0   0   1   0  1.62 0.54
  257 F   -6 -6 -6 -7 -6 -6 -7 -7 -4 -2 -3 -6 -3  9 -7 -6 -5 -2  3 -4    0   0   0   0   0   0   0   0   0   1   0   0   0  91   0   0   0   0   6   0  2.65 0.71
  258 Q   -2 -1 -3  1 -5  7  0 -3  2 -5 -4  1  2 -5  2 -2 -2 -5 -4 -5    3   1   0   7   0  57   2   1   4   0   0   7   5   0   9   1   1   0   0   0  1.12 0.47
  259 A    1  2 -1 -1 -4  1  3 -2 -2 -3 -3  4 -3 -4 -3 -1  0 -4 -3 -2   11  12   2   1   0   6  20   1   0   1   2  30   0   0   0   3   6   0   0   3  0.46 0.25
  260 A    3 -2  0  1 -3 -1  4 -2 -1 -3 -4  0 -3 -3 -3  0  1 -4 -2 -2   34   1   4   6   0   1  29   1   1   1   0   4   0   1   0   7   8   0   1   2  0.49 0.28
  261 Y   -5 -5 -6 -6 -5 -5 -6 -6 -2 -3  1 -6 -2  7 -6 -5 -5 -2  6 -3    0   0   0   0   0   0   0   0   0   0  12   0   0  54   0   0   0   0  32   1  1.83 0.56
  262 G   -2  2  1  0 -5  3 -1  4  4 -5 -4  2 -4 -5 -4 -1 -3 -5 -3 -4    1   9   8   5   0  15   2  32  13   0   1  12   0   0   0   2   0   0   0   0  0.64 0.29
  263 L   -4 -4 -6 -6 -4 -5 -6 -6 -5  0  6 -5  4 -2 -6 -5 -4 -4 -4 -2    0   1   0   0   0   0   0   0   0   2  87   0   9   0   0   0   0   0   0   0  1.60 0.53
  264 S   -2 -2  0  1 -2  2  0 -3 -3 -4 -4 -2 -3 -4 -3  4  5 -5 -3 -3    1   1   2   9   0   8   5   0   0   0   1   1   0   0   0  31  39   0   1   0  0.75 0.38
  265 N   -3 -2  1  2 -3  4  5 -4  1 -4 -3  0 -2 -4 -3  0 -2 -4  0 -4    0   0   7  10   0  19  40   0   2   1   2   4   1   0   1   6   2   0   4   1  0.72 0.33
  266 E    0 -2 -2  0 -3  2  5 -4 -3 -4 -4  2 -3 -5 -3  0  0 -5 -3 -4    7   0   0   4   0   7  51   0   0   1   1  14   0   0   0   6   6   0   0   1  0.82 0.37
  267 M   -3 -1 -2  2 -5  5  5 -3 -3 -4  0  0  3 -4 -4 -3 -2  0 -4 -3    0   2   0  11   0  25  36   1   0   0   9   3   9   0   0   0   1   1   0   1  0.77 0.37
  268 A    7 -5 -5 -5 -4 -4 -3 -3 -5 -4 -5 -4 -4 -5 -4 -2  0 -6 -5 -1   92   0   0   0   0   0   0   0   0   0   0   0   0   0   0   0   5   0   0   3  1.71 0.61
  269 L   -3 -4 -5 -4 -4 -1 -1 -5 -5 -1  6 -1 -1 -2 -5 -4 -3 -3 -3 -2    1   0   0   1   0   3   4   0   0   0  83   5   0   0   0   1   1   0   0   0  1.21 0.47
  270 A    4 -1  1  2 -3  0  2  0 -3 -4 -4  0 -3 -5 -3  0 -2 -5 -4 -3   45   3   7  11   0   3  12   7   0   0   0   6   0   0   0   4   0   0   0   0  0.52 0.28
  271 I   -3 -6 -6 -6 -4 -5 -6 -6 -6  5 -1 -5 -2 -3 -5 -5 -3 -6 -4  6    0   0   0   0   0   0   0   0   0  29   1   0   0   0   0   0   0   0   0  69  1.56 0.52
  272 S   -2 -4 -3 -4 -4 -4 -4 -4 -4 -6 -6 -4 -5 -6 -4  7 -2 -6 -5 -5    0   0   0   0   0   0   0   0   0   0   0   0   0   0   0 100   0   0   0   0  2.15 0.73
  273 D   -5 -5 -2  8 -7 -4 -2 -5 -5 -7 -7 -4 -7 -7 -5 -4 -5 -8 -7 -7    0   0   0 100   0   0   0   0   0   0   0   0   0   0   0   0   0   0   0   0  2.73 0.75
  274 H   -6 -4 -3 -5 -7 -3 -4 -6 11 -7 -7 -5 -6 -5 -5 -5 -6 -6 -2 -7    0   0   0   0   0   0   0   0  99   0   0   0   0   0   1   0   0   0   0   0  3.67 0.89
  275 Y   -5 -6 -6 -7 -6 -6 -6 -7 -3 -4 -3 -6 -4  7 -7 -5 -5  0  8 -4    0   0   0   0   0   0   0   0   0   0   0   0   0  48   0   0   0   1  51   0  2.31 0.64
  276 P   -5 -6 -6 -5 -7 -5 -5 -6 -6 -7 -7 -5 -6 -8  9 -5 -5 -8 -7 -6    0   0   0   0   0   0   0   0   0   0   0   0   0   0 100   0   0   0   0   0  3.29 0.81
  277 V   -3 -6 -6 -6 -4 -5 -6 -6 -6  2 -2 -6 -2 -4 -6 -5 -3 -6 -4  7    0   0   0   0   0   0   0   0   0   8   1   0   0   0   0   0   0   0   0  91  1.88 0.59
  278 E   -4 -4 -4 -2 -4 -1  8 -4 -4 -7 -6 -3 -6 -7 -5 -4 -4 -6 -6 -6    0   0   0   0   1   1  97   1   0   0   0   0   0   0   0   0   0   0   0   0  2.29 0.70
  279 V   -3 -5 -6 -6 -4 -5 -5 -6 -6  0 -1 -5  1  3 -5 -5 -3 -5 -3  7    0   0   0   0   0   0   0   0   0   2   3   0   3  14   0   0   0   0   0  77  1.46 0.50
  280 T   -2 -1 -1  1 -2  1  4 -4 -3 -3 -2  2 -1 -5 -3 -1  3 -5 -4 -3    1   2   2   6   1   4  37   0   0   1   3  14   2   0   0   1  26   0   0   0  0.65 0.32
  281 L   -5 -5 -7 -7 -4 -5 -6 -7 -6 -1  7 -6 -1 -2 -6 -6 -4 -5 -4 -2    0   0   0   0   0   0   0   0   0   0 100   0   0   0   0   0   0   0   0   0  1.86 0.57
  282 T    0 -2  0 -2 -2 -1 -1 -2 -2 -2 -3 -1 -2 -3 -2  4  5 -4 -3 -1    0   0   0   0   0   0   0   0   0   0   0   0   0   0   0  42  58   0   0   0  0.68 0.13

                      K         Lambda
Standard Ungapped    0.1328     0.3197
Standard Gapped      0.0590     0.2670
PSI Ungapped         0.1932     0.3160
PSI Gapped           0.0590     0.2670
