
Last position-specific scoring matrix computed, weighted observed percentages rounded down, information per position, and relative weight of gapless real matches to pseudocounts
           A  R  N  D  C  Q  E  G  H  I  L  K  M  F  P  S  T  W  Y  V   A   R   N   D   C   Q   E   G   H   I   L   K   M   F   P   S   T   W   Y   V
    1 M   -3 -4 -5 -6 -4 -3 -5 -5 -4 -1  0 -4 10 -2 -5 -4 -3 -4 -4 -2    0   0   0   0   0   0   0   0   0   0   0   0 100   0   0   0   0   0   0   0  2.44 0.51
    2 R    1  4 -2 -2 -1 -1 -1  1  0 -2 -1  2 -1 -3 -3  0  0 -2 -3 -1   12  37   0   0   1   0   0  10   2   0   5  13   1   0   0   5   6   0   0   7  0.34 0.14
    3 A    3 -1 -2 -2  1 -2 -2  2 -3 -1 -2 -2 -2 -3  1  2  1 -3 -1 -1   30   3   0   0   4   0   0  21   0   3   3   0   0   0   5  16  10   0   2   4  0.30 0.13
    4 A    2  0 -2 -3 -2 -2 -2 -1 -2 -1  0 -2  5 -2  1  1  1 -2 -3  0   18   5   0   0   0   0   0   4   1   1   8   0  27   0   8  15   7   0   0   5  0.31 0.18
    5 R   -1  5 -2 -2 -1 -1  0 -1 -2 -2 -2  3 -2 -2 -1  0  0  0 -1 -1    2  37   0   0   2   0   3   5   0   2   3  25   1   2   2   5   4   1   1   4  0.44 0.18
    6 L   -1 -3 -4 -4  0 -2 -3 -3 -4  1  4 -3  3  1  0 -1 -2  0 -2  1    3   0   0   0   2   2   0   1   0   4  52   0  11   5   6   4   1   1   0   8  0.46 0.19
    7 M    0 -3 -4 -4 -1 -2 -3 -4 -4  1  4 -3  3  0  1 -2 -1 -1 -2  2    9   1   0   0   1   1   0   0   0   3  47   0   8   2   9   1   2   1   0  15  0.45 0.19
    8 G    0 -2 -3 -3  2 -2 -3  2 -1  0  2 -3  0  1  0 -2 -1  2 -1  1   10   1   0   0   5   0   1  18   1   2  32   0   1   6   6   0   3   4   1  10  0.20 0.11
    9 A    2 -2 -2 -3  1 -1 -2 -2 -1  0  1 -2  0  1 -1  2  0 -2 -2  1   21   1   0   0   4   1   1   1   2   5  17   0   1   7   2  18   5   0   0  13  0.14 0.11
   10 L   -2 -4 -4 -5 -3 -4 -4 -4 -4  2  5 -4  1  2 -3 -2 -1 -3 -2  2    1   0   0   0   0   0   0   1   0   8  61   0   3   8   1   4   2   0   0  12  0.66 0.23
   11 L   -1 -4 -5 -5 -3 -4 -4 -2 -4  1  5 -3  1  2 -2 -3 -2  2 -2  1    5   0   0   0   0   0   0   3   0   4  61   1   2   8   2   1   1   3   0  11  0.62 0.23
   12 A    1 -3 -3 -3  0 -2 -3  0 -2  0  2 -3  0  1 -2  0  0  2 -1  2   17   0   0   0   2   1   0   6   0   1  27   0   1   7   1   5   7   3   2  20  0.20 0.13
   13 L    1 -3 -3 -4 -2 -3 -3 -1 -3  1  3 -3  1  2 -2  0 -1  0 -2  1   14   0   0   0   0   0   0   3   0   6  43   1   2   9   1   6   3   2   0   9  0.30 0.15
   14 A    3 -3 -3 -4  2 -3 -3 -2 -3  1  2 -3  0  1 -3 -1  0 -3 -2  1   35   1   0   0   4   0   0   2   0   6  26   0   0   5   0   3   5   0   0  11  0.31 0.17
   15 G    0 -3 -1 -2  5 -2 -3  2 -3 -1  1 -3 -1  1 -3  1 -1  2 -1  0    6   0   3   1  16   1   0  16   0   1  21   0   0   7   0  14   3   4   1   5  0.25 0.14
   16 L    0 -3 -1 -3 -1 -3 -3 -2 -2  1  4 -3  2  2 -2 -2 -2  0  0  1    7   0   4   1   1   0   0   2   1   4  47   0   5   9   1   2   1   1   2  10  0.34 0.16
   17 L    0 -2 -2 -3  3 -2 -3 -3 -2  1  3 -3  1  2 -1 -1 -1  2  0  1    9   2   1   1   7   1   1   0   1   6  39   0   1   8   3   4   2   3   2   9  0.25 0.13
   18 Q   -1  0  2 -1  0  3  0  0  5 -3 -3 -1 -2 -4  0  1  0 -4 -2 -3    3   5   9   1   3  20   3   8  21   1   1   1   0   0   5  13   4   0   0   0  0.43 0.20
   19 L    1 -2 -2 -1 -1 -2 -2  3 -2  0  0 -2  0 -2  2  0  0 -1 -2  1   14   2   0   3   1   1   1  23   1   3   8   1   3   2  10   5   5   1   0  17  0.19 0.11
   20 A    4 -3 -2 -3  2 -2 -2  1 -3 -2 -3 -2 -2 -4 -2  2  2 -4 -3  0   45   0   0   0   4   0   1   8   0   1   1   0   0   0   0  16  14   0   0   7  0.54 0.25
   21 L    2 -2 -2 -2 -1  0  1 -1 -1 -1  2 -2 -1 -1 -1  2  1 -3 -2  0   19   0   1   0   1   4   9   2   2   0  24   0   0   2   2  16  12   0   0   5  0.16 0.14
   22 S    3 -2 -2 -2  0 -2 -1  0 -1 -3 -3 -2 -2 -4 -1  3  3 -4 -3 -2   33   1   0   1   1   0   3   6   1   0   1   1   1   0   3  28  18   0   0   1  0.50 0.26
   23 L   -4 -5 -5 -6 -4 -4 -5 -6 -5  0  5 -5  5  4 -5 -5 -3 -3 -2 -1    0   0   0   0   0   0   0   0   0   2  60   0  16  19   0   0   1   0   0   2  1.15 0.40
   24 R   -4  6 -3 -4 -6 -1 -2 -5 -2 -5 -3  6 -4 -5 -4 -3 -3 -6 -4 -5    0  43   0   0   0   1   0   0   1   0   3  50   0   0   0   0   1   0   0   0  1.46 0.49
   25 I   -4 -6 -6 -6 -4 -6 -6 -7 -6  8  0 -6 -1 -3 -6 -5 -3 -5 -4  2    0   0   0   0   0   0   0   0   0  84   6   0   0   0   0   0   0   0   0  10  1.77 0.53
   26 A    3 -5 -4 -5  9 -4 -5  3 -5 -4 -5 -4 -4 -5 -5  0 -3 -5 -5 -3   30   0   0   0  43   0   0  20   0   0   0   0   0   0   0   6   0   0   0   0  1.50 0.48
   27 A    6 -4 -4 -4 -3 -3 -3 -2 -4 -4 -5 -3 -4 -5 -4  4 -2 -6 -5 -3   70   0   0   0   0   0   0   1   0   0   0   0   0   0   0  29   1   0   0   0  1.34 0.51
   28 F   -6 -6 -7 -7 -6 -7 -7 -7 -5 -4 -3 -7 -3  9 -7 -6 -6 -2  1 -4    0   0   0   0   0   0   0   0   0   0   0   0   0  98   0   0   0   0   2   0  2.91 0.74
   29 N   -5 -4  9 -2 -6 -4 -4 -4 -1 -7 -7 -4 -6 -7 -6 -3 -4 -8 -6 -7    0   0  99   0   0   0   0   0   1   0   0   0   0   0   0   0   0   0   0   0  2.73 0.76
   30 I    1 -5 -5 -5 -3 -5 -5 -4 -5  6 -1 -5  0 -3 -3 -4 -1 -5 -4  4   10   0   0   0   0   0   0   1   0  52   2   0   2   0   1   0   3   0   0  29  1.01 0.38
   31 R   -3  5 -3 -2 -6  7 -1 -5  1 -6 -5  3 -3 -6 -4 -3 -4 -5 -4 -5    0  29   0   1   0  50   1   0   4   0   0  14   0   0   0   0   0   0   0   0  1.41 0.51
   32 T    1  3  1 -3 -2 -2 -2 -2  0 -1 -4  0 -3 -4 -3  4  2 -5 -4 -1    9  19   6   0   1   0   0   1   2   3   0   5   0   0   0  39  12   0   0   4  0.52 0.29
   33 F   -5 -6 -6 -7 -4 -6 -6 -7 -5 -3  1 -6  0  9 -7 -6 -5 -2  0 -4    0   0   0   0   0   0   0   0   0   0  14   0   2  82   0   0   0   0   1   0  2.20 0.62
   34 G   -2 -5 -2 -2 -5 -4 -5  7 -5 -6 -6 -4 -5 -6 -5 -1  0 -6 -6 -6    2   0   2   2   0   0   0  85   0   0   0   0   0   0   0   3   8   0   0   0  1.82 0.53
   35 E   -2  0 -1  4 -5  0  4 -3 -1 -3  0  0 -1 -4 -3 -2 -1 -2 -3 -2    3   4   2  29   0   3  32   1   1   1  12   3   2   0   1   0   3   1   0   3  0.56 0.27
   36 T    1  0  1 -3 -3 -1 -2 -2 -1 -3 -4  1 -2 -4 -1  4  4 -5 -4 -3   13   3   6   0   0   2   0   1   1   0   0  10   1   0   2  34  26   0   0   0  0.56 0.30
   37 K   -4 -1 -4 -4 -7 -2 -3 -5 -4 -6 -6  8 -5 -7 -4 -4 -4 -7 -5 -6    0   0   0   0   0   0   0   0   0   0   0 100   0   0   0   0   0   0   0   0  2.36 0.71
   38 M    2 -1 -4 -4 -2 -3 -3 -4 -4  1  0  0  6 -3 -4  0 -2 -4 -3  3   16   3   0   0   0   0   0   0   0   7   6   7  25   0   0   7   0   0   0  28  0.56 0.30
   39 S    2 -1  1  0 -3 -1  1 -1 -2 -4 -4 -1 -4 -5 -3  5  0 -5 -4 -3   20   2   6   3   0   1   8   3   1   0   1   3   0   0   0  48   2   0   0   1  0.63 0.33
   40 N   -4  2  6  5 -6 -2 -2 -4 -1 -6 -6  1 -5 -6 -4 -2 -2 -6 -5 -6    0  11  47  29   0   1   0   0   1   0   0  10   0   0   0   0   1   0   0   0  1.28 0.46
   41 A    0 -1 -2 -1 -2  3  2 -3 -1 -4 -4  1 -3 -3  5 -1 -1 -5 -1 -1   10   1   1   2   1  16  14   1   1   0   0  11   0   1  30   4   4   0   2   4  0.61 0.27
   42 T    0  1  2  1 -3  0  2 -2  1 -3 -3  1 -1 -3 -1  0  3 -4 -3 -2   10   7   9   8   0   2  15   2   5   0   1   8   2   0   2   2  24   0   0   2  0.27 0.18
   43 L   -1 -5 -5 -5  3 -4 -5 -5 -5  3  1 -5 -1 -2 -4 -4 -1 -5 -4  5    5   0   0   0   7   0   0   0   0  16  13   0   0   0   1   0   3   0   0  55  0.90 0.36
   44 S    1 -2 -4 -4 -1 -3 -4 -1 -4  0  2 -2  7 -3 -3  1 -1 -4 -3  1   14   1   0   0   1   0   0   5   0   3  15   1  34   0   1  11   2   0   0  11  0.57 0.31
   45 N   -2 -1  2  5 -4 -1  0  1  2 -4 -4  1 -4 -5 -3  1 -1 -5 -4 -4    2   3  11  36   0   1   4  13   5   1   1   8   0   0   0  13   2   0   0   0  0.60 0.27
   46 Y    0 -3 -3 -4 -3 -3 -3 -4 -1  4  0 -3 -1  0 -4 -2  2 -3  3  3    7   1   1   0   0   0   0   0   1  30   3   0   1   2   0   2  18   0  12  21  0.50 0.27
   47 I   -4 -5 -6 -6 -4 -5 -6 -6 -6  6  4 -5 -1 -1 -5 -5 -3 -5 -4  1    0   0   0   0   0   0   0   0   0  48  44   0   0   2   0   0   0   0   0   5  1.21 0.42
   48 V    0 -3 -4 -5 -2 -4 -4 -4 -5  2  0 -3  0 -3 -4 -1  1 -5 -3  5    9   1   0   0   1   0   0   0   0  12   4   1   1   0   0   5   9   0   0  56  0.75 0.34
   49 R   -3  3  1 -2 -5  4  0 -4 -3 -5 -5  5 -3 -5 -3  0 -1 -5 -4 -5    1  13   5   1   0  21   3   0   0   0   0  46   0   0   0   7   4   0   0   0  0.92 0.38
   50 I   -4 -6 -6 -6 -2 -6 -6 -6 -6  8 -1 -5 -2 -3 -6 -5 -3 -5 -4  2    0   0   0   0   1   0   0   0   0  84   1   0   0   0   0   0   1   0   0  12  1.79 0.55
   51 L   -3 -5 -5 -5 -1 -4 -5 -6 -5  4  4 -5  0 -2 -5 -4 -3 -4 -3  3    0   0   0   0   1   0   0   0   0  29  46   0   1   1   0   0   0   0   0  19  0.92 0.34
   52 S    2  0  0 -3 -1  0 -2 -2  2 -4 -3  1 -2 -4 -2  5  0 -5 -3 -2   17   5   2   0   1   3   0   1   5   0   3   8   1   0   1  49   3   0   0   1  0.58 0.32
   53 R   -4  7 -3 -3 -5  1 -1  1 -3 -6 -5 -1 -2 -3 -4 -3 -3 -5 -4 -5    1  76   0   1   0   4   4  10   0   0   1   1   1   1   0   0   1   0   0   0  1.57 0.53
   54 Y   -4 -5 -4 -6  8 -5 -6 -6 -1 -4 -4 -5 -4  0 -6 -4 -4 -2  8 -3    0   0   1   0  36   0   0   0   1   0   0   0   0   2   0   0   0   0  59   1  2.37 0.67
   55 D   -5 -5 -2  8 -6 -3 -1 -4 -3 -6 -7 -3 -6 -6 -3  0 -4 -7 -6 -6    0   0   0  88   0   0   2   0   0   0   0   1   0   0   1   5   0   0   0   0  2.14 0.62
   56 I   -3 -5 -6 -6 -4 -5 -5 -6 -6  7  2 -5  0 -3 -5 -3 -3 -5 -4  3    1   0   0   0   0   0   0   0   0  66  14   0   2   0   0   1   0   0   0  15  1.28 0.43
   57 A    2 -4 -4 -4  4 -3 -4 -4 -4  4 -1 -3  4 -1 -4 -1  2 -4 -3  2   17   0   0   0  10   0   0   0   0  25   2   0  15   1   0   4  12   0   0  14  0.52 0.27
   58 L   -1 -5 -5 -6 -3 -4 -5 -5 -5  0  5 -5  0 -1 -5 -4 -3 -4 -3  3    4   0   0   0   0   0   0   0   0   1  65   0   0   1   0   0   0   0   0  26  1.05 0.40
   59 I   -3 -5 -5 -5 -3 -4 -5 -4 -5  5  3 -4  0 -2 -5 -4 -3 -4 -3  4    0   0   0   0   0   0   0   1   0  37  29   0   1   0   0   0   0   0   0  31  0.95 0.34
   60 Q   -4 -3 -4 -4 -5  8 -1 -5 -3 -3  1 -2  5 -5 -5 -4 -4 -5 -4 -4    0   0   0   0   0  67   1   0   0   0  14   0  16   0   0   0   0   0   0   0  1.65 0.60
   61 E   -4 -3 -4 -2 -7 -1  8 -5 -2 -6 -6 -3 -5 -6 -4 -3 -4 -6 -5 -6    0   0   0   0   0   0  97   0   1   0   0   0   0   0   0   0   0   0   0   0  2.31 0.71
   62 V   -3 -5 -6 -6 -4 -5 -5 -6 -6  4 -1 -5 -2 -3 -5 -5 -3 -6 -4  7    0   0   0   0   0   0   0   0   0  20   1   0   0   0   0   0   0   0   0  78  1.60 0.53
   63 R   -4  6 -3 -4 -3 -1 -3 -5 -3 -3 -3  3  2 -4 -5 -3 -3 -5 -4  2    0  55   0   0   0   1   0   0   0   0   0  16   6   0   0   0   1   0   0  19  1.17 0.45
   64 D   -5 -5  0  8 -7 -3  1 -4 -4 -6 -7 -4 -6 -7 -5 -2 -4 -7 -6 -6    0   0   2  90   0   0   6   1   0   0   0   0   0   0   0   1   0   0   0   0  2.28 0.65
   65 S    2 -1  1 -2 -3 -2 -1 -2 -3 -2 -3  0 -3 -4  2  4  0 -5 -2 -1   14   2   8   0   0   1   3   1   0   1   2   6   0   0   9  42   5   0   1   6  0.46 0.27
   66 H   -2  0  1  4 -4  0 -1 -2  3 -5 -5  3 -2 -5 -3  2  1 -5 -2 -4    0   4   6  30   0   2   1   1   8   0   0  18   1   0   0  20   7   0   1   0  0.61 0.30
   67 L   -3 -3  3 -1 -4 -1 -2  4 -3 -2  3 -2 -1 -3 -4 -2 -3 -5 -4 -3    0   1  17   3   0   2   3  34   0   1  37   1   0   0   0   0   0   0   0   0  0.63 0.32
   68 T   -1  1  0 -1 -3  0  1 -3 -2 -2 -3  2  0 -4 -3  4  2 -5 -3 -1    3   8   3   2   0   3   9   0   0   2   1  15   2   0   0  33  17   0   0   3  0.42 0.25
   69 A    6 -4 -4 -4 -3 -3 -4 -3 -4  1 -4 -3 -3 -5 -2  1 -1 -5 -4  0   71   0   0   0   0   0   0   0   0   8   0   1   0   0   1   9   2   0   0   7  1.05 0.45
   70 V   -2 -5 -5 -5  5 -3 -5 -4 -5  4 -1 -4  3 -2 -5 -3  1 -5 -3  5    0   0   0   0  13   1   0   1   0  22   3   0   7   1   0   0   8   0   0  44  0.87 0.35
   71 G   -1  0  0 -1 -4  1  0  0 -1 -3 -3  2 -3 -4  4  1  1 -4 -3 -3    2   4   4   3   0   8   4   8   1   2   1  17   0   0  24  14   7   0   0   1  0.44 0.21
   72 K    1  0 -1 -1 -1  1  0 -3 -2 -1  1  3  2 -1 -3 -1  1 -3 -2 -1   13   3   2   2   1   5   6   0   0   3  19  22   7   2   0   2  10   0   0   2  0.18 0.16
   73 L   -4 -5 -6 -7 -4 -5 -6 -7 -6 -1  6 -5 -1  1 -6 -5 -4 -1 -3 -2    0   0   0   0   0   0   0   0   0   0  92   0   0   6   0   0   0   1   0   0  1.65 0.54
   74 L   -3 -4 -5 -6 -4 -4 -5 -5 -5  0  4 -4  7 -2 -5 -4 -2 -4 -4  2    0   0   0   0   0   0   0   0   0   3  40   1  37   0   0   0   1   0   0  16  1.20 0.45
   75 N   -1  2  0  3 -5  2  4 -3 -1 -5 -4  2 -2 -4 -3 -1 -1 -5 -3 -4    6  10   4  17   0  10  33   1   1   0   0  11   1   0   0   3   3   0   1   0  0.60 0.27
   76 E    0  1  0  0 -4  4  3 -3  1 -4 -2  2 -2 -4 -3  0 -2 -4 -1 -4    8   8   4   4   0  20  26   1   3   1   3  16   0   0   0   5   1   0   2   0  0.49 0.25
   77 L   -4 -5 -6 -6 -4 -5 -6 -6 -6  2  6 -5 -1 -2 -4 -5 -4 -4 -2  2    0   0   0   0   0   0   0   0   0  10  78   0   0   0   1   0   0   0   1  11  1.28 0.45
   78 N   -4 -2  8 -2 -5 -3 -4 -4 -1 -6 -7 -2 -5 -6 -5 -1 -1 -7 -5 -6    1   1  88   0   0   0   0   0   1   0   0   2   0   0   0   2   4   0   0   0  2.19 0.67
   79 Q   -2  5 -2 -2 -3  1 -1  0 -3 -5 -4  2 -3 -5 -3  3 -2 -2 -4 -4    2  33   0   1   0   6   1   8   0   0   1  14   0   0   0  31   1   1   0   1  0.71 0.34
   80 D    1 -2  2  3 -2 -1 -1  0 -1 -1 -2 -1 -1 -1 -2 -1 -1 -3  1  2   16   2   9  21   0   2   2   8   1   1   1   2   1   3   1   2   2   0   6  20  0.20 0.16
   81 D    0  0  0  3 -1 -2 -1  0 -1 -4 -3  0 -3 -4 -1  4  1 -4 -3 -3    5   5   3  16   1   1   1   5   2   0   2   6   0   0   3  43   7   0   0   1  0.48 0.26
   82 P    0  2 -2 -1 -1  0  0 -2 -2 -4 -2  3 -2 -4  4  2  0 -4 -3 -3    5   9   0   3   1   2   7   2   1   0   3  19   1   0  21  20   5   0   0   1  0.45 0.22
   83 N   -2  0  2  2 -4  0  0  1  7 -4 -3 -2 -3 -2 -3  0 -2 -3  2 -2    2   6  12  10   0   2   4  10  31   0   2   1   0   1   1   7   1   0   7   2  0.59 0.26
   84 N   -1 -1  0 -1 -2  1  1 -3  4 -3 -3  0 -3 -4  4  1  2 -4 -3 -3    3   3   3   2   1   6  12   1  11   1   2   4   0   0  24  11  15   0   0   1  0.49 0.23
   85 Y   -5 -5 -5 -6 -5 -5 -5 -6 -1 -4 -4 -5 -4  2 -6 -4 -5 -1 10 -4    0   0   0   0   0   0   0   0   0   0   0   0   0   6   0   1   0   0  89   0  2.72 0.73
   86 H    0  1  2  2 -3  0  1 -1  2 -4 -3  1 -2 -4 -3  3  1 -4 -2 -3    8   6   9  11   0   2   8   3   5   0   1   7   0   0   0  32   6   0   1   1  0.34 0.20
   87 H   -2 -3 -4 -4  2 -2 -4 -4  2 -2  0 -2  3  5 -4 -1 -3 -1  6 -2    2   1   0   0   4   2   0   0   5   1   7   2  11  22   0   6   1   0  33   2  0.81 0.33
   88 V   -2 -2 -3 -4 -3  0  0 -4 -3  2  2 -1  0 -2 -4 -3 -1 -4 -3  4    2   1   1   0   0   5   9   0   0  10  23   3   1   0   0   1   2   0   0  42  0.49 0.25
   89 V    0 -3 -1  0  0 -2  0 -2 -3  3  0 -2 -1 -2 -3  2 -1 -4 -3  3    9   1   2   4   2   0   6   2   0  27   5   1   0   1   0  18   2   0   0  20  0.26 0.19
   90 S   -2 -4 -3 -3 -4 -3 -3 -3 -4 -5 -5 -3 -5 -5 -4  7 -2 -6 -5 -5    0   0   0   0   0   0   1   0   0   0   0   0   0   0   0  95   0   0   0   0  1.93 0.66
   91 E   -1  0 -1  1 -3  1  4  0 -2  0 -3  1 -3 -4  1  1  0 -4 -3 -2    1   3   2   7   0   5  29   8   0   6   1   9   0   0   8  13   6   0   0   1  0.32 0.18
   92 P   -3  5 -3 -4 -3 -1 -3 -4 -1 -4 -1 -2 -3 -4  6 -1 -3 -5 -4 -3    1  39   0   0   0   2   0   1   2   0   6   0   0   0  39   5   1   0   0   1  1.19 0.42
   93 L   -4 -4 -6 -6 -4 -5 -5 -6 -5 -1  6 -5  0 -2 -5 -5 -4 -4 -4 -2    1   0   0   0   0   0   0   0   0   1  93   0   1   0   0   0   0   0   0   1  1.62 0.52
   94 G   -3 -5 -3 -4 -5 -5 -5  7 -5 -6 -6 -4 -5 -6 -5 -3 -4 -5 -6 -6    0   0   0   0   0   0   0  96   0   0   0   0   0   0   0   1   0   0   0   0  2.25 0.61
   95 R   -3  8 -3 -4 -6 -1 -3 -5 -1 -5 -3  0 -4 -5 -3 -3 -3 -5 -4 -5    1  85   0   0   0   1   0   0   1   0   2   4   0   0   2   1   1   0   0   0  1.93 0.58
   96 S   -1 -1  3  2 -3 -2  0  0 -2 -4 -4  2 -3 -4 -3  3  2 -5 -4 -3    1   2  18  13   0   0   5   6   0   0   1  11   0   0   0  25  16   0   0   0  0.48 0.25
   97 T   -1  1  2 -2 -3  1 -2 -1  0 -4 -3 -1 -3 -4 -1  4  4 -4 -3 -2    2   7  11   1   0   8   0   3   2   0   1   2   0   0   2  33  27   0   0   2  0.55 0.30
   98 Y   -4 -5 -5 -2 -2 -4 -5 -6 -1 -5 -4 -5 -4 -1 -4 -1 -4 -1 10 -4    1   0   0   2   1   0   0   0   1   0   0   0   0   0   1   4   1   0  86   0  2.47 0.70
   99 K   -3  0 -2 -3 -5  1 -2 -3 -3 -4 -4  7  1 -5 -4 -3 -2 -5 -4 -5    0   2   1   1   0   6   0   1   0   1   1  79   5   0   0   0   2   0   0   0  1.54 0.53
  100 E   -3 -3 -3 -2 -6  0  8 -5 -3 -6 -6 -2 -5 -6 -4 -3 -4 -6 -5 -5    1   0   0   0   0   1  94   0   0   0   0   0   0   0   0   0   0   0   0   0  2.14 0.66
  101 R   -3  3 -3 -3 -5  7 -2 -4 -3 -4 -3  2  5 -5 -4 -3 -3 -5 -4 -4    1  14   0   0   0  55   0   0   0   0   1  11  14   0   0   0   1   0   0   0  1.31 0.50
  102 Y   -5 -5 -2 -6 -2 -5 -5 -6 -2 -3 -3 -5 -4  4 -6 -5 -5 -1  9 -4    0   0   2   0   1   0   0   0   0   1   1   0   0  12   0   0   0   0  80   0  2.37 0.66
  103 L    2 -4 -4 -5 -3 -4 -4 -3 -4  0  4 -4  2 -2 -4 -3 -2 -4 -3  4   17   0   0   0   0   0   0   2   0   1  40   0   5   0   0   0   0   0   0  33  0.68 0.31
  104 F   -5 -5 -5 -6  2 -5 -5 -5 -3 -3 -3 -5 -3  8 -6 -4 -4 -2  5 -4    0   0   0   0   4   0   0   0   0   1   0   0   0  68   0   1   0   0  21   0  1.95 0.55
  105 V   -3 -4 -5 -5 -3 -4 -5 -5 -4  5  3 -4  0  2 -4 -3 -3 -4 -2  3    1   0   0   0   0   0   0   0   0  37  27   0   1   9   0   1   0   0   0  22  0.79 0.30
  106 F   -5 -5 -4 -6 -5 -5 -5 -6 -1 -4 -3 -5 -4  2 -6 -5 -5 -1 10 -4    0   0   1   0   0   0   0   0   1   0   2   0   0   5   0   0   0   0  88   0  2.66 0.72
  107 R   -4  8 -3 -5 -6 -2 -3 -5 -3 -6 -5  2 -3 -6 -5 -2 -4 -6 -5 -5    0  87   1   0   0   0   0   0   0   0   0   8   0   0   0   2   0   0   0   0  2.13 0.63
  108 P   -1 -1  1  1 -2  1  2 -2 -1 -3 -3  2 -2 -4  2  2  2 -4 -3 -3    4   2   6   8   1   5  16   2   1   0   1  12   1   0  10  17  14   0   0   1  0.33 0.19
  109 D   -2 -2  2  6 -5  0  1 -1  4 -5 -5  1 -5 -5 -4 -1 -2 -6 -4 -5    3   1   8  52   0   3   6   4  10   0   0   9   0   0   0   2   1   0   0   0  1.01 0.38
  110 Q    0  0 -2 -3 -3  1  0 -3 -2  0  2  1  3 -2 -3  0  1 -4 -3  2    5   5   0   0   0   8   5   0   0   3  19  12  11   0   0   7   9   0   0  15  0.20 0.16
  111 V   -1 -5 -5 -6 -4 -5 -5 -5 -6  0  1 -5 -1 -1 -5 -4  1 -5 -4  6    4   0   0   0   0   0   0   0   0   0  11   0   1   2   0   0   8   0   0  73  1.22 0.47
  112 S   -2 -1 -1  1 -2  2  0 -2 -3 -4 -5  1 -3 -4 -3  5  1 -5 -4 -4    1   1   1   6   0  11   4   2   0   0   0   9   0   0   0  54   9   0   0   0  0.77 0.39
  113 V   -1 -5 -6 -6 -4 -4 -5 -6 -6  1  2 -5 -1 -3  0 -4 -3 -5 -4  6    5   0   0   0   0   1   0   0   0   4  20   0   0   0   4   0   0   0   0  66  1.10 0.43
  114 L   -1  0 -3 -4 -3  0 -2 -3 -3  1  2  3  1 -3 -4 -2  2 -4 -3  3    2   4   0   0   0   3   2   2   0   4  22  20   3   0   0   0  13   0   0  25  0.33 0.23
  115 D   -1 -2  1  6 -5  1  2  2 -2 -5 -5  1 -4 -5 -4 -1 -3 -5 -5 -5    5   1   4  46   0   7  12  14   0   0   0   8   0   0   0   2   0   0   0   0  0.84 0.33
  116 S   -2 -1  1 -3  0  2 -2 -3  1 -3 -3 -1 -3 -3 -3  4  3  2 -2 -2    1   2   5   0   2   9   1   1   4   0   2   2   0   1   0  43  21   3   1   1  0.60 0.33
  117 Y   -5 -4 -5 -6 -3 -5 -4 -6  1 -5 -4 -4 -4  2 -6 -5 -5  0 10 -5    0   1   0   0   1   0   1   0   3   0   1   1   0   5   0   0   0   1  87   0  2.65 0.73
  118 L   -4 -2 -3 -3 -3  7 -1 -5  4 -4 -1 -2 -2 -3 -2 -3  0 -4  4  0    0   0   0   1   0  53   1   0   9   0   8   1   0   0   2   0   5   0  13   7  1.04 0.46
  119 Y   -5 -5 -5 -6 -6 -5 -5 -6  0 -5 -4 -5 -4  2 -6 -2 -3 -1 10 -3    0   0   0   0   0   0   0   0   2   0   1   0   0   5   0   3   1   0  86   1  2.55 0.73
  120 D   -2  0  1  5 -5 -1  3 -3  2 -5 -4 -1 -4 -5  5 -2 -3 -5 -4 -4    2   4   5  32   0   1  17   1   6   0   1   2   0   0  25   2   1   0   0   1  0.84 0.32
  121 D   -5 -4 -2  8 -6 -3  1 -2 -4 -6 -6 -2 -6 -6 -4 -3 -4 -7 -6 -6    0   0   0  86   0   1   7   3   0   0   0   1   0   0   0   0   0   0   0   0  2.09 0.61
  122 G   -1 -1  2  0 -2  0  0  4 -1 -3 -3  0 -2 -3  2 -1 -1  0 -2 -2    4   2  13   4   1   4   7  33   1   1   2   6   1   1  11   3   3   1   1   2  0.36 0.15
  123 C   -1 -1 -1  0  7 -1  0 -1 -1 -1  0  0 -1 -1 -1  0  1 -1  1 -1    4   2   3   5  26   3   6   5   1   3   8   6   1   2   2   5   8   1   5   4  0.29 0.10
  124 E   -2 -1 -1  0 -2  5  4 -1  0 -3 -3  1 -2 -3 -2 -1  0 -3 -2 -3    2   2   2   2   1  29  31   4   2   1   2   7   1   1   1   2   6   0   1   2  0.57 0.22
  125 P    0 -2  0  1 -2 -1  0 -1 -1 -1 -2 -1 -2 -2  5  1  1 -3 -2 -1    8   1   6   7   1   2   5   4   1   3   2   3   1   2  29  11   7   0   1   5  0.41 0.14
  126 C   -1 -2  1 -1  7 -2 -1  4 -2 -2 -2 -1 -2 -3 -2 -1 -1 -3 -3 -2    4   1   8   3  25   2   3  33   1   2   3   3   1   1   1   4   3   0   1   2  0.63 0.21
  127 G   -2 -1  0  4 -3  0  0  4 -2 -3 -3 -1 -3 -3  0  0 -2 -3 -2 -3    2   3   4  29   0   3   5  34   1   1   2   2   1   1   4   4   1   0   1   2  0.54 0.19
  128 N    0 -2  2  2 -3  1  3 -3 -2 -2 -3  0 -2 -4 -1 -1  3 -4 -3  0    7   0  12   9   0   6  25   1   1   1   1   3   1   0   2   2  21   0   0   6  0.36 0.21
  129 D   -3 -4 -1  8 -6 -2  0 -3 -2 -5 -6 -3 -5 -6 -4 -2 -3 -6 -5 -5    1   1   1  85   0   1   3   2   1   0   1   0   0   0   0   2   1   0   0   0  1.97 0.57
  130 T    3 -3 -2 -2 -3 -2 -2 -3 -2  0  0 -3 -2 -3 -3  0  3 -4 -3  3   28   1   1   1   0   1   1   0   1   3   9   1   0   0   0   3  22   0   0  27  0.44 0.26
  131 F   -5 -6 -6 -7 -6 -6 -6 -6 -5 -2 -2 -6 -3  9 -7 -6 -5  1  0 -4    0   0   0   0   0   0   0   0   0   2   1   0   0  93   0   0   0   2   1   0  2.63 0.70
  132 N    3 -3  0 -2 -2 -1 -1 -2 -3 -2 -3 -3 -1 -4 -3  5 -1 -5 -4 -2   22   0   5   1   0   2   4   2   0   3   1   0   2   0   0  53   2   0   0   3  0.73 0.37
  133 R   -5  8 -4 -5 -1 -2 -4 -6 -4 -6 -6 -1 -5 -6 -5 -4 -5 -6 -5 -6    0  97   0   0   2   0   0   0   0   0   0   0   0   0   0   0   0   0   0   0  2.50 0.72
  134 E   -3 -3 -3  1 -6 -1  7 -1 -3 -6 -6 -2 -5 -6 -1 -3 -4 -6 -5 -5    1   0   0   7   0   0  82   5   0   0   0   1   0   0   3   0   0   0   0   0  1.71 0.58
  135 P   -4 -6 -5 -5 -6 -5 -5 -6 -1 -6 -6 -5 -6 -7  9 -4 -5 -7 -6 -6    0   0   0   0   0   0   0   0   2   0   0   0   0   0  97   0   0   0   0   0  3.10 0.79
  136 S    0 -5 -6 -6 -5 -6 -6 -6 -4 -3 -2 -6 -3  8 -6 -4 -4 -2  4 -3    8   0   0   0   0   0   0   0   0   1   2   0   0  76   0   1   1   0  11   1  1.98 0.58
  137 V   -1 -5 -5 -5 -3 -5 -5 -3 -5  6 -1 -5 -1 -3 -5 -4 -2 -5 -4  5    6   0   0   0   0   0   0   2   0  43   1   0   0   0   0   0   1   0   0  46  1.16 0.42
  138 V    1 -5 -5 -5 -2 -4 -4 -4 -5  2  2 -4 -1 -3 -4 -2 -2 -5 -4  6   12   0   0   0   1   0   0   0   0   6  18   0   0   0   0   2   0   0   0  59  0.91 0.37
  139 K   -4  5 -3 -4 -5  1 -2 -5  2 -5 -3  4  1 -3 -4 -3 -4  7 -1 -5    0  38   0   0   0   5   1   0   5   0   2  25   5   0   0   0   0  15   2   0  1.10 0.41
  140 F   -5 -6 -6 -7 -5 -6 -6 -6 -5 -1 -2 -6 -3  9 -7 -6 -5 -1  0 -1    0   0   0   0   0   0   0   0   0   3   1   0   0  89   0   0   0   0   0   5  2.44 0.67
  141 S   -1  0 -1 -2 -2  3 -1 -3  4 -4 -4  1 -3 -1 -1  4  1 -2 -2 -4    3   5   2   1   1  14   1   0  10   0   1   7   0   4   2  39   9   1   1   0  0.52 0.30
  142 S    2 -4 -3 -3  5 -3 -3 -2 -4 -2  0 -3 -2 -2  0  5 -1 -1 -4 -1   17   0   0   0  12   0   0   1   0   1   9   0   0   1   3  49   1   1   0   4  0.69 0.35
  143 P   -3 -1 -2 -3 -5 -3 -3 -5  1 -4 -2  0 -4 -4  8 -1 -3 -6 -5 -5    1   3   2   1   0   1   0   0   3   1   6   6   0   1  70   4   1   0   0   0  1.78 0.52
  144 S   -1  0  2 -1 -2  0 -1  0  3 -3 -2  1 -2  1 -2  2  2 -3  1 -3    3   5  13   1   1   2   2   6  10   0   2   9   0   8   1  16  17   0   4   0  0.26 0.18
  145 T   -2 -3 -2 -3 -2 -3 -3 -4 -4 -3 -4  1 -3 -5 -4  2  7 -5 -4 -3    2   0   1   1   1   0   0   0   0   1   1   9   0   0   0  11  72   0   0   0  1.35 0.51
  146 Q    3 -2 -2 -1 -3  1  1 -1 -2 -1 -1  0 -1 -3 -3 -1 -1 -4 -2  3   33   1   1   3   0   8   9   3   1   2   5   6   0   0   0   1   2   0   1  25  0.29 0.22
  147 V    1 -4 -4 -5 -3 -4 -4 -3 -5  2  2 -4  0 -2 -4 -3 -2 -4 -3  5   10   0   0   0   0   0   1   1   0  11  22   0   1   0   0   1   1   0   0  48  0.72 0.30
  148 K   -2  2 -2 -1 -2  2  2  0 -1 -5 -4  5 -3 -5  2 -1 -2 -5 -4 -4    2   8   1   2   1   7  12   7   1   0   1  44   0   0   9   3   1   0   0   0  0.64 0.29
  149 E   -3 -2  1  5 -5  0  5 -4 -3 -5 -5 -1 -5 -5 -3  0 -2 -6 -5 -5    1   1   5  40   0   3  37   0   0   0   0   2   0   0   0   8   2   0   0   0  1.09 0.40
  150 F   -5 -5 -6 -6 -5 -5 -6 -6 -4  0  3 -6 -2  8 -6 -5 -4 -2 -1 -2    0   0   0   0   0   0   0   0   0   3  30   0   0  63   0   0   0   0   0   2  1.65 0.51
  151 A    2 -5 -5 -5 -3 -4 -5 -5 -5  0 -2 -4 -2 -4 -5 -3 -1 -5 -4  6   20   0   0   0   0   0   0   0   0   1   1   0   0   0   0   1   2   0   0  74  1.30 0.49
  152 I   -3 -5 -5 -6 -4 -4 -5 -6 -5  4  5 -5  4 -2 -5 -4 -3 -4 -3  0    1   0   0   0   0   0   0   0   0  23  60   0  10   0   0   0   0   0   0   4  1.09 0.39
  153 V   -2 -5 -5 -6 -4 -5 -5 -5 -6  6 -1 -5  0 -3 -5 -4 -3 -5 -4  5    2   0   0   0   0   0   0   1   0  47   2   0   2   0   0   0   0   0   0  45  1.29 0.44
  154 P   -2 -5 -5 -5 -3 -4 -4  0 -5 -6 -6 -4 -6 -7  8 -1 -4 -7 -6 -3    4   0   0   0   0   0   0   7   0   0   0   0   0   0  82   4   0   0   0   2  2.37 0.65
  155 L   -3 -3 -4 -5 -1  3 -3 -5  1  1  5 -3  0 -2 -5 -4 -3 -4 -3  2    0   0   0   0   1  18   0   0   3   7  54   0   1   0   0   0   0   0   0  14  0.80 0.36
  156 H   -5 -2 -3 -5 -7 -3 -4 -6 11 -7 -7 -4 -5 -5 -6 -5 -6 -6 -2 -7    0   2   0   0   0   0   0   0  97   0   0   0   0   0   0   0   0   0   0   0  3.53 0.88
  157 A    3 -4 -3 -4 -4 -3 -4 -4 -4 -2 -4 -3 -4 -5 -4  1  6 -5 -4 -3   25   0   0   0   0   0   0   0   0   1   0   0   0   0   0  10  62   0   0   0  1.27 0.51
  158 A    3 -2 -2 -2  3 -1  0 -3 -3 -3 -3  2  0 -4 -2  2  4 -4 -4 -2   24   1   0   1   6   2   6   0   0   0   0  12   2   0   1  17  27   0   0   1  0.47 0.27
  159 P   -3 -6 -6 -5 -6 -5 -5 -6 -6 -6 -6 -5 -6 -7  9 -4 -4 -7 -7 -6    2   0   0   0   0   0   0   0   0   0   0   0   0   0  97   0   0   0   0   0  3.11 0.79
  160 S   -2  0  0  2 -4  0  3 -2  4 -4 -3  2 -3 -4 -3  2 -1 -1 -2 -3    1   5   4  10   0   1  23   2  13   0   2  17   0   0   0  17   3   1   0   1  0.46 0.24
  161 D    0 -2  2  4 -4  1  1 -2  1 -4 -3 -1 -2 -3 -3  1  2 -4  0 -3    9   1   8  32   0   6   6   1   4   0   1   2   1   1   0  10  14   0   4   1  0.46 0.24
  162 A    6 -4 -4 -4 -3 -4 -4 -2 -4 -4 -4 -4 -4 -5 -4  2 -1 -6 -5  0   73   0   0   0   0   0   0   1   0   0   0   0   0   0   0  16   3   0   0   8  1.24 0.50
  163 A    0 -4 -4 -3 -3 -2  2 -4 -4  0 -1 -3  2 -3 -1 -3 -1 -5 -4  5    8   0   0   1   0   1  15   0   0   3   2   1   6   1   4   0   3   0   0  55  0.69 0.35
  164 A    2  2 -1 -1 -4  1  0 -3  0 -3 -4  4 -1 -4 -3 -1  0 -2 -3 -2   22  12   2   3   0   5   4   0   2   1   0  36   1   0   0   3   4   1   0   2  0.50 0.27
  165 E   -4 -4 -4 -2 -7 -2  8 -6 -4 -7 -7 -3 -6 -7 -5 -4 -4 -7 -6 -6    0   0   0   0   0   0  99   0   0   0   0   0   0   0   0   0   0   0   0   0  2.40 0.75
  166 I   -4 -5 -5 -6 -4 -5 -6 -6 -6  7  3 -5  1 -3 -5 -5 -2 -5 -4  1    0   0   1   0   0   0   0   0   0  64  26   0   3   0   0   0   2   0   0   4  1.32 0.46
  167 D   -4 -5  2  8 -7 -2 -2 -4 -4 -7 -7 -3 -6 -7 -5 -3 -4 -8 -6 -6    1   0   9  85   0   1   0   0   0   0   0   1   0   0   0   0   0   0   0   0  2.14 0.64
  168 S    5 -2 -3 -3 -4  0  4 -3 -1 -4 -3 -1 -3 -5 -3 -1 -3 -2 -3 -3   49   1   0   0   0   2  34   0   2   0   2   3   0   0   0   3   0   1   0   0  0.86 0.41
  169 L   -5 -5 -7 -7 -4 -5 -6 -7 -6 -1  7 -6  0 -3 -6 -6 -4 -5 -4 -2    0   0   0   0   0   0   0   0   0   0  98   0   1   0   0   0   0   0   0   0  1.85 0.60
  170 Y   -1 -5 -5 -4 -6 -5 -5 -6  3 -4 -4 -5 -4  1 -6 -5 -3 -2  9 -1    6   0   0   1   0   0   0   0   6   0   0   0   0   4   0   0   2   0  76   4  2.15 0.66
  171 D   -4 -2 -2  8 -7 -2  0 -3 -3 -6 -7 -3 -6 -7 -5 -3 -2 -7 -6 -6    1   2   0  85   0   1   3   1   1   0   0   0   0   0   0   1   3   0   0   0  1.99 0.62
  172 V   -3 -3 -6 -7 -4 -5 -6 -7 -6  0 -1 -5 -1 -4 -6 -5 -3 -6 -5  7    1   1   0   0   0   0   0   0   0   0   2   0   1   0   0   0   0   0   0  95  1.95 0.63
  173 Y   -4 -4 -5 -6  0 -4 -5 -6  0 -3 -2 -5 -3  5 -6 -5 -4  2  8  2    1   1   0   0   2   0   0   0   1   0   2   0   0  28   0   0   1   2  50  13  1.56 0.51
  174 L   -2 -2 -3  0 -4  2  0 -4 -3 -1  4  0  2 -2 -4 -3  1 -2 -3  0    1   0   1   5   0  11   7   0   0   0  47   6   6   0   0   0  10   0   0   5  0.44 0.27
  175 N    0 -2  0  7 -5  0  2 -2  2 -4 -5 -1 -3 -3 -4 -2 -3 -6 -2 -3    9   1   3  58   0   4  10   2   4   1   0   2   0   1   0   1   0   0   2   2  1.04 0.40
  176 V    0 -5 -5 -6 -3 -5 -5 -6 -6  3 -1 -5  0 -3 -5 -4 -1 -5 -4  6    7   0   0   0   0   0   0   0   0  17   3   0   2   0   0   0   3   0   0  68  1.22 0.45
  177 R   -2  3 -2 -3 -1  1 -2 -3  0  2 -2  4 -1 -4 -3  1 -1 -3 -2  1    0  18   0   0   1   7   0   1   2  13   1  29   1   0   0  10   3   0   1  11  0.40 0.25
  178 Q   -2  2  2  2 -3  4  1 -2  1 -4 -4  3 -2 -5 -3  0  0 -4 -3 -3    2  10  11  14   0  20   7   1   4   0   1  18   1   0   0   7   4   0   0   1  0.46 0.23
  179 K   -3  5 -3 -3 -6  0 -2 -5  3 -4 -4  6 -1 -5 -4 -3 -3 -6 -4 -5    0  31   0   1   0   3   1   0   7   1   1  53   2   0   0   0   0   0   0   0  1.28 0.47
  180 W   -7 -7 -8 -9 -7 -6 -7 -7 -7 -7 -2 -7 -5 -1 -8 -7 -7 13 -2 -7    0   0   0   0   0   0   0   0   0   0   4   0   0   2   0   0   0  94   0   0  4.52 1.02
  181 D    0  1  2  0 -4  2 -1  3 -2 -5 -4  4 -3 -5 -2 -1 -2 -5 -4 -4    8   5  13   5   0   8   3  25   1   0   1  30   0   0   1   1   1   0   0   0  0.54 0.27
  182 L    0 -3  0 -4 -3 -3 -3 -4 -4  0  0 -3  0 -4 -2  1  6 -5 -4 -1    6   0   5   0   0   0   1   0   0   4   9   0   2   0   1   8  60   0   0   3  0.90 0.42
  183 E   -3 -1  2  5 -6  1  5 -4 -2 -5 -5  1 -4 -6 -3 -2 -1 -6 -4 -5    0   3  11  30   0   6  36   0   0   0   0   8   0   0   1   1   3   0   0   0  0.93 0.37
  184 D   -4 -4  7  6 -6 -2 -2 -4 -2 -6 -7 -3 -4 -6 -5 -3 -3 -7 -6 -4    0   0  57  38   0   1   1   0   0   0   0   1   0   0   0   0   0   0   0   1  1.78 0.58
  185 I   -2 -4 -5 -5 -3 -4 -5 -5 -4  5 -1 -4  3  3 -4 -3 -2 -4 -2  4    2   0   0   0   0   0   0   0   0  34   1   0  10  14   0   1   1   0   0  35  0.89 0.34
  186 M   -3 -4 -5 -5 -4 -4 -5 -4 -5  4  2 -4  8 -2 -5 -4 -3 -4 -3  1    1   0   0   0   0   0   0   1   0  29  17   0  40   1   0   0   0   0   0   8  1.19 0.43
  187 L   -4 -5 -5 -5 -4 -5 -5 -5 -4  4  3 -5 -1  6 -5 -4 -3 -3 -1  0    0   0   0   0   0   0   0   0   0  25  30   0   0  37   0   0   1   0   0   3  1.02 0.36
  188 M   -3 -3 -5 -6 -4 -4 -5 -5 -5 -1  5 -4  6 -2 -5 -4 -3 -4 -4 -2    2   1   0   0   0   0   0   0   0   1  68   0  25   0   0   0   1   0   0   0  1.37 0.47
  189 G   -3 -5 -3 -4 -5 -5 -5  7 -5 -6 -6 -4 -5 -6 -5 -3 -4 -5 -6 -6    0   0   0   0   0   0   0  96   0   0   0   0   0   0   0   0   0   0   0   0  2.27 0.61
  190 D   -3 -5 -2  8 -6 -4 -2 -2 -4 -6 -7 -4 -6 -7 -5 -3 -4 -7 -6 -6    2   0   0  93   0   0   0   3   0   0   0   0   0   0   0   0   0   0   0   0  2.35 0.67
  191 F   -5 -6 -6 -6 -5 -6 -6 -6 -4 -3  1 -6 -3  9 -6 -5 -5 -2  1 -4    0   0   0   0   0   0   0   0   0   0  14   0   0  82   0   0   0   0   2   0  2.20 0.61
  192 N   -5 -2  9 -2 -3 -3 -4 -4  1 -6 -6 -3 -5 -6 -5 -3 -2 -7 -5 -6    0   2  91   0   0   0   0   0   3   0   0   1   0   0   0   0   1   0   0   0  2.37 0.70
  193 A    7 -4 -5 -5 -3 -4 -4 -2 -5 -4 -5 -4 -4 -5 -4 -2 -2 -6 -5 -3   96   0   0   0   0   0   0   1   0   0   0   0   0   0   0   1   1   0   0   0  1.83 0.62
  194 G    0 -4 -2  6 -5 -3 -2  5 -4 -6 -6 -4 -5 -6 -4 -2 -4 -6 -5 -5   10   0   0  49   0   0   0  39   0   0   0   0   0   0   0   1   0   0   0   0  1.32 0.45
  195 C   -4 -5 -5 -6 11 -6 -6  2 -6 -5 -5 -6 -5 -6 -6 -4 -4 -6 -5 -4    0   0   0   0  81   0   0  16   0   0   0   0   0   0   0   1   0   0   0   0  2.99 0.74
  196 S    2 -1  1 -1 -3 -2 -2  1 -3 -4 -4 -2 -4 -4 -1  5  0 -2 -4 -2   14   4   5   3   0   0   0   9   0   0   1   2   0   0   2  53   4   1   0   2  0.68 0.34
  197 Y   -5 -5 -4 -6 -5 -4 -5 -6  0 -5 -4 -5 -4  1 -6  0 -4 -1  9 -4    0   0   0   0   0   0   0   0   2   0   0   0   0   3   0   8   0   0  84   0  2.47 0.70
  198 V   -2 -5 -5 -6 -4 -5 -5 -6 -6  1  2 -5  1 -3 -5 -4 -3 -5 -4  7    1   0   0   0   0   0   0   0   0   4  16   0   2   0   0   0   0   0   0  75  1.36 0.48
  199 T    0  2 -2 -3 -3  0 -2 -2 -3 -4 -4  0 -3 -5  4  2  4 -5 -4 -3    8  11   1   0   0   3   1   2   0   0   0   6   0   0  18  18  29   0   0   1  0.58 0.29
  200 T    1  1 -1 -1 -4  1  0 -1 -2 -2 -4  4 -2 -4  3  1 -1 -4 -4 -2   10   6   2   2   0   6   3   4   0   3   0  34   0   0  13  10   3   0   0   3  0.42 0.23
  201 S   -1  0 -1 -1 -4  1  1 -2 -1 -4 -5  5 -3 -5 -3  3 -1 -5 -3 -4    5   3   2   2   0   6   6   3   1   1   0  45   0   0   1  23   2   0   0   0  0.71 0.34
  202 H    0  2  0  4 -3  4  1  0  2 -5 -4  1 -3 -5 -3 -1 -3 -5 -4 -4   10   9   3  28   0  20   7   7   6   0   0   7   0   0   0   1   0   0   0   0  0.56 0.27
  203 W   -6 -1 -7 -7 -6 -4 -6 -6 -6 -4  0  0  4 -1 -7 -6 -6 12 -2 -5    0   4   0   0   0   0   0   0   0   0   7   6  10   2   0   0   0  70   0   0  3.02 0.77
  204 S    1  0 -1  0 -4  1  0  0 -2 -4 -4  4 -2 -4  3  1 -2 -5 -4 -2   12   4   2   4   0   6   5   7   0   0   1  29   0   0  12  14   1   0   0   2  0.40 0.22
  205 S    1 -1  4  0 -3  0  0 -1  0 -3 -4  1 -2 -4 -3  3  0 -4 -2 -2   12   1  22   3   0   4   7   3   2   1   0   8   1   0   0  27   5   0   1   2  0.40 0.23
  206 I   -4 -4 -5 -6 -4 -6 -6 -7 -6  7  1 -6 -1 -3 -6 -5 -4 -6 -4  2    0   1   1   0   0   0   0   0   0  79  10   0   0   0   0   0   0   0   0   9  1.64 0.53
  207 R   -4  8 -4 -5 -6 -1 -3 -6 -4 -4 -3 -1 -3 -6 -3 -2 -3 -6 -5 -2    1  85   0   0   0   2   0   0   0   1   2   1   1   0   1   2   1   0   0   3  1.93 0.62
  208 L   -4 -4 -6 -7 -4 -5 -6 -7 -6  3  6 -5  0 -2 -6 -5 -4 -5 -4 -2    0   1   0   0   0   0   0   0   0  14  85   0   0   0   0   0   0   0   0   0  1.54 0.51
  209 R   -4  8 -4 -5 -3 -2 -3 -5  0 -2 -4 -1 -3  1 -5 -3 -4  2  0 -5    1  78   0   0   1   0   0   0   2   2   0   1   0   7   0   1   0   3   3   0  1.71 0.56
  210 E   -2 -2  1 -3 -2 -1 -3 -3  1 -4 -4 -1 -1 -5 -4  4  5 -1 -4 -3    0   1   5   0   1   3   0   0   3   0   0   4   1   0   0  32  47   1   0   0  0.94 0.43
  211 S   -2 -3  1  5 -4  1  1 -3  1 -3 -2 -2 -3 -4 -4  3 -2 -5  0 -4    1   0   6  37   0   7   7   0   4   2   6   1   0   0   0  25   0   0   4   0  0.66 0.32
  212 P    0  0 -2  1 -4  0  2 -3 -2 -4 -4  2 -4 -5  5  1  0 -5 -4 -4    7   5   1   8   0   3  14   0   0   0   1  11   0   0  34  12   4   0   0   0  0.72 0.29
  213 P    1  1  2  0 -2  0  1  1  0 -1 -2  1 -2 -3 -1  1  0 -4 -3  0   10  10  11   4   0   2   8  13   2   4   0   7   0   0   3  11   3   0   0  12  0.13 0.10
  214 F   -4 -6 -6 -7  3 -6 -6 -6 -4 -3 -1 -6 -3  9 -7 -4 -5 -2  2 -4    1   0   0   0   6   0   0   0   0   0   5   0   0  82   0   1   0   0   4   0  2.22 0.63
  215 Q   -1  0 -1 -1 -4  2  0 -3  7 -1 -2  2 -2 -1 -4 -1 -2 -3  1  1    3   4   2   3   0  11   6   1  30   4   3  12   0   2   0   3   2   0   4  11  0.48 0.25
  216 W   -7 -7 -8 -8 -6 -6 -7 -7 -7 -7 -6 -7 -6 -3 -8 -4 -6 13 -2 -7    0   0   0   0   0   0   0   0   0   0   0   0   0   0   0   2   0  97   0   0  4.72 1.04
  217 L   -1 -5 -6 -6 -4 -4 -5 -6 -6  0  6 -5 -1 -2 -5 -5 -4 -4 -4  0    5   0   0   0   0   0   0   0   0   1  88   0   0   0   0   0   0   0   0   5  1.46 0.50
  218 I   -4 -6 -6 -6 -4 -6 -6 -7 -6  8  0 -6 -2 -2 -5 -5 -3 -6 -4  0    0   0   0   0   0   0   0   0   0  93   3   0   0   1   0   0   1   0   0   1  2.10 0.63
  219 P    0 -1 -3  1 -5 -3 -2  4 -4 -5 -5 -2 -5 -6  6  0 -2 -5 -5 -4    8   4   0   8   0   1   2  33   0   0   0   1   0   0  36   5   2   0   0   0  1.01 0.36
  220 D   -5 -5  0  8 -7 -4 -1 -3 -1 -7 -7 -4 -7 -7 -5 -3 -4 -8 -6 -7    0   0   2  93   0   0   1   1   1   0   0   0   0   0   0   1   0   0   0   0  2.41 0.69
  221 T   -1 -1  1  3 -3  1  1  1 -1 -4 -4  1 -3 -5 -3  3  2 -5 -4 -4    1   2   6  18   0   7  10   8   1   0   0   9   0   0   0  23  12   0   0   0  0.42 0.23
  222 A    3 -3  0 -2  0  0  2 -3 -3 -1 -3 -2 -1 -4 -3  0  0 -5 -4  3   34   0   6   1   2   4  18   0   0   2   0   1   1   0   0   3   5   0   0  22  0.41 0.27
  223 D   -4 -5 -1  8 -7 -4 -2 -3 -5 -7 -7 -4 -7 -7 -5 -4 -4 -8 -5 -7    1   0   1  95   0   0   0   2   0   0   0   0   0   0   0   0   0   0   0   0  2.48 0.70
  224 T   -2 -5 -4 -5 -4 -4 -4 -5 -5 -4 -5 -4 -4 -6 -4 -2  8  1 -5 -4    2   0   0   0   0   0   0   0   0   0   0   0   0   0   0   1  95   2   0   0  2.17 0.71
  225 T   -3 -5 -3 -4 -4 -4 -4 -3 -5 -4 -3 -4 -2 -5 -4 -2  8 -6 -5 -3    1   0   1   0   0   0   0   2   0   0   2   0   1   0   0   0  93   0   0   0  2.04 0.69
  226 V    1 -5 -5 -5 -4 -5 -5 -3 -5  0 -2 -4 -2 -4 -5 -2  0 -5 -1  7   12   0   0   0   0   0   0   2   0   0   0   0   0   0   0   2   5   0   2  76  1.25 0.48
  227 S    1 -1  0 -1 -3 -1  0  2 -1 -3 -4  2 -1 -4 -3  2  2 -4 -3 -3   13   1   3   2   0   1   5  19   1   0   0  16   1   0   0  21  15   0   0   0  0.38 0.22
  228 S   -1 -1  4 -1 -4 -1 -1 -1  2 -4 -4  1 -3 -4 -3  4  2 -5 -3 -2    1   2  19   2   0   2   2   3   5   0   0  11   0   0   1  39  11   0   0   2  0.58 0.31
  229 T   -3 -4  1 -3 -3 -3 -3 -3 -4 -4 -4 -2 -4 -5 -4  2  7 -5 -2 -3    0   0   8   1   0   0   1   1   0   0   0   1   0   0   0  17  68   0   2   0  1.32 0.52
  230 H   -3  0  4  4 -2 -2 -1 -3  6 -3 -5 -1 -4 -4 -3  1 -1 -5 -2 -4    1   4  20  28   1   0   1   0  23   2   0   3   0   1   1  11   3   0   1   1  0.82 0.34
  231 C   -4 -3  0 -2 11 -5 -6 -6  3 -5 -5 -6 -5 -5 -6 -4 -4 -6 -5 -4    0   2   5   2  80   0   0   0   7   0   0   0   0   0   0   1   0   0   0   0  2.90 0.74
  232 A    5 -4 -3 -4 -3 -3 -3 -3 -4 -4 -4 -3 -4 -5  3 -1  2 -5 -4 -2   62   0   1   0   0   0   0   0   0   0   0   0   0   0  16   3  16   0   0   2  1.07 0.44
  233 Y   -5 -5 -6 -7 -6 -5 -6 -7 -2 -5 -5 -5 -5  0 -2 -5 -5 -1 10 -2    0   0   0   0   0   0   0   0   0   0   0   0   0   1   2   0   0   0  94   2  2.91 0.79
  234 D   -5 -5  0  8 -7 -4 -2 -2 -4 -7 -7 -4 -6 -7 -5 -4 -4 -7 -6 -7    0   0   2  94   0   0   0   2   0   0   0   0   0   0   0   0   0   0   0   0  2.45 0.69
  235 R   -5  8 -1 -5 -4 -2 -3 -6 -3 -6 -6 -1 -5 -6 -5 -4 -4 -6 -5 -6    0  96   2   0   1   0   0   0   0   0   0   0   0   0   0   0   0   0   0   0  2.44 0.71
  236 I   -4 -6 -5 -5 -4 -6 -6 -6 -6  8 -1 -5  0  0 -6 -5 -4 -4 -4  0    0   0   0   0   0   0   0   0   0  90   2   0   1   3   0   1   0   0   0   1  1.89 0.57
  237 V   -3 -5 -6 -6 -4 -5 -5 -6 -6  2 -2 -5 -2 -4 -5 -5 -3 -6 -4  7    0   0   0   0   0   0   0   0   0   7   1   0   0   0   0   0   0   0   0  90  1.77 0.57
  238 V    2 -4 -5 -5 -3 -4 -4 -5 -5  1  2 -4  0 -3 -4 -3 -2 -5 -4  6   15   0   0   0   0   0   0   0   0   3  17   0   1   0   0   0   0   0   0  61  0.96 0.39
  239 A    1  0 -2 -4  6 -2 -3 -2  6 -4 -4 -3 -3 -3 -3  1  0 -3  4 -2   10   6   1   0  20   1   0   2  23   0   0   0   0   0   0  11   6   0  15   2  0.74 0.33
  240 G   -2 -4 -3 -4 -5 -4 -4  7 -4 -5 -5 -3 -5 -5 -4 -2 -2 -5 -5 -5    1   1   0   0   0   1   0  90   0   0   1   1   0   0   0   1   2   0   0   0  1.94 0.53
  241 P    1  0 -1  2 -3  3  3 -2 -1 -3 -3  0 -2 -4  0  1  2 -4 -2 -3   16   5   1  13   0  14  18   0   1   0   0   4   1   0   3   9  13   0   1   1  0.36 0.20
  242 L    0  3 -1  2 -4  0  2 -2  1 -3 -1  3 -1 -4 -1 -1  0 -4 -3 -3    9  15   2  13   0   3  16   1   4   0   7  19   1   0   1   2   5   0   0   0  0.30 0.17
  243 L   -3 -4 -5 -6  3 -4 -5 -5 -5  2  4 -4  6  2 -5 -4 -3 -4 -3 -1    0   0   0   0   7   0   0   0   0  10  50   0  23   7   0   0   0   0   0   1  1.03 0.38
  244 Q   -2  3 -1 -3 -3  3 -1 -4 -2  1  2  2  2 -2 -3 -2 -2 -4 -2  0    1  17   2   1   0  18   1   0   0  10  21  12   5   1   0   2   1   0   1   8  0.32 0.20
  245 R   -1  3  1  1 -4  2  0  0  2 -4 -4  2 -3 -4 -3  2 -1 -4 -3 -4    4  22   8   6   0  11   3   7   5   0   0  13   0   0   0  17   2   0   0   0  0.41 0.21
  246 A    4 -3 -2  0 -1 -2 -2  1 -3 -3 -1 -2 -2 -4 -3  3  0  0 -3 -2   37   1   1   6   1   0   1  10   0   0   8   0   0   0   0  26   5   1   0   0  0.47 0.27
  247 V   -3 -5 -4 -5 -3 -4 -5 -5 -5  5  2 -4  0 -2 -5 -4 -2 -4 -2  5    1   0   1   0   0   0   0   0   0  37  15   0   1   0   0   0   1   0   1  41  0.98 0.36
  248 V   -2 -2 -2 -3 -3 -3  0 -4 -4  1 -1  1  0 -2 -3 -3 -1  0 -3  6    1   1   1   1   0   0   7   1   0   3   3  12   2   1   1   1   2   1   0  61  0.70 0.32
  249 P   -2 -4 -3 -3 -5 -2 -3 -4 -2 -5 -4 -3 -3 -5  8 -1 -3 -5 -4 -4    3   1   1   1   0   2   1   1   1   0   2   1   1   0  78   5   1   0   0   1  2.06 0.54
  250 D   -2  0  4  1 -3  2  0  3  3 -4 -4  1 -3 -2 -3 -1 -2 -4 -1 -4    2   6  23   8   0   9   3  25   8   0   0   7   0   1   0   4   0   0   2   0  0.49 0.23
  251 S   -1 -4 -2 -3 -4 -3 -3 -2 -4 -5 -5 -3 -4 -5 -4  7  1 -4 -4 -4    3   0   0   0   0   0   0   2   0   0   1   0   0   0   0  87   6   0   0   0  1.63 0.61
  252 A    6 -4  0 -4 -3 -4 -4 -2 -4 -4 -4 -4 -4 -5 -3 -1 -2 -5 -5 -1   85   0   5   0   0   0   0   1   0   0   0   0   0   0   1   2   1   0   0   5  1.43 0.54
  253 A    2  0  1 -2 -3  2 -1  0 -1 -3 -2  3 -2 -4 -3  0  2 -3 -3 -2   18   4   5   1   0   8   1   8   1   0   3  28   1   0   0   5  14   0   0   2  0.31 0.21
  254 P    1 -3 -4 -4 -2 -4 -3 -4 -5  3 -2 -4 -2 -4  4 -2  0 -5 -4  4   15   1   0   0   0   0   1   0   0  15   0   0   0   0  23   2   6   0   0  37  0.73 0.33
  255 F   -5 -4  1 -4 -5 -5 -5 -6  2 -3 -3 -5 -3  8 -6 -5 -5 -2  5 -4    0   0   8   1   0   0   0   0   6   0   1   0   0  66   0   0   0   0  16   0  1.79 0.55
  256 D   -4 -2  7  5 -6 -3 -2 -4 -1 -6 -5 -3 -5 -6 -5 -2 -3 -7 -3 -6    1   2  57  35   0   0   0   0   1   0   1   1   0   0   0   0   0   0   1   0  1.65 0.55
  257 F   -6 -6 -6 -7 -6 -6 -7 -7 -4 -2 -3 -6 -3  9 -7 -6 -5 -2  2 -4    0   0   0   0   0   0   0   0   0   2   0   0   0  92   0   0   0   0   6   0  2.64 0.71
  258 Q   -1 -1 -3  0 -5  7  0 -3  2 -5 -4  1  2 -5  2 -2 -2 -5 -4 -5    4   1   0   6   0  57   2   1   4   0   0   7   5   0   9   1   1   0   0   0  1.13 0.47
  259 A    1  3 -1 -1 -4  1  3 -2 -2 -3 -3  4 -3 -4 -3 -1  0 -4 -3 -2   11  15   2   1   0   6  20   1   0   1   2  30   0   0   0   3   6   0   0   3  0.48 0.25
  260 A    4 -2  0  1 -3 -1  3 -2 -1 -3 -4  0 -3 -3 -3  1  1 -4 -2 -2   35   1   4   6   0   1  26   1   1   1   0   4   0   1   0   8   7   0   1   2  0.47 0.27
  261 F   -5 -5 -6 -6 -5 -5 -6 -6 -2 -3  1 -5 -2  7 -6 -5 -5 -2  6 -3    0   0   0   0   0   0   0   0   0   0  12   0   0  55   0   0   0   0  31   1  1.83 0.55
  262 G   -2  1  1  0 -5  3 -1  4  4 -5 -4  2 -4 -5 -4 -1 -3 -5 -3 -4    1   8   8   5   0  17   2  31  12   0   1  12   0   0   0   2   0   0   0   0  0.63 0.29
  263 L   -4 -4 -6 -6 -4 -5 -6 -6 -5  0  6 -5  4 -2 -6 -5 -4 -4 -4 -2    0   1   0   0   0   0   0   0   0   2  87   0   9   0   0   0   0   0   0   0  1.59 0.53
  264 S   -2 -2  0  1 -2  1  1 -3 -3 -4 -4 -2 -3 -4 -3  4  5 -5 -3 -3    1   1   3   8   0   8   7   0   0   0   1   1   0   0   0  31  38   0   1   0  0.74 0.37
  265 E   -3 -2  1  2 -3  4  5 -4  1 -4 -3  0 -2 -4 -3  0 -2 -4  0 -4    0   0   6  10   0  20  41   0   3   1   2   4   1   0   1   5   2   0   4   0  0.75 0.34
  266 Q    0 -2 -2  1 -3  2  6 -4 -3 -4 -4  2 -3 -5 -3  0  0 -5 -3 -4    7   0   0   5   0   8  52   0   0   1   1  13   0   0   0   6   6   0   0   1  0.84 0.37
  267 T   -3 -1 -2  2 -5  5  5 -3 -3 -4  0  0  3 -4 -4 -3 -2 -2 -4 -3    0   2   0  11   0  25  38   1   0   0   9   3   8   0   0   0   1   1   0   1  0.78 0.37
  268 A    7 -5 -5 -5 -4 -4 -4 -3 -5 -4 -5 -4 -4 -5 -4 -2  0 -6 -5 -1   92   0   0   0   0   0   0   0   0   0   0   0   0   0   0   0   5   0   0   3  1.72 0.61
  269 L   -3 -4 -5 -4 -4 -1 -2 -5 -5 -1  6 -1 -1 -3 -5 -4 -3 -3 -3 -2    1   0   0   1   0   3   3   0   0   0  84   4   0   0   0   1   1   0   0   0  1.25 0.47
  270 A    4 -1  1  2 -3  0  2  0 -3 -4 -4  0 -3 -5 -3  0 -2 -5 -4 -3   44   3   7  10   0   3  12   7   0   0   0   6   0   0   0   5   0   0   0   0  0.51 0.28
  271 I   -3 -6 -6 -6 -4 -5 -6 -6 -6  5 -1 -5 -2 -3 -5 -5 -3 -6 -4  6    0   0   0   0   0   0   0   0   0  29   1   0   0   0   0   0   0   0   0  70  1.57 0.52
  272 S   -2 -4 -3 -4 -4 -4 -4 -4 -4 -6 -6 -4 -5 -6 -4  7 -2 -6 -5 -5    0   0   0   0   0   0   0   0   0   0   0   0   0   0   0 100   0   0   0   0  2.15 0.73
  273 D   -5 -5 -2  8 -7 -4 -2 -5 -5 -7 -7 -4 -7 -7 -5 -4 -5 -8 -7 -7    0   0   0 100   0   0   0   0   0   0   0   0   0   0   0   0   0   0   0   0  2.73 0.75
  274 H   -6 -4 -3 -5 -7 -3 -4 -6 11 -7 -7 -5 -6 -5 -5 -5 -6 -6 -2 -7    0   0   0   0   0   0   0   0  99   0   0   0   0   0   1   0   0   0   0   0  3.68 0.89
  275 Y   -5 -6 -6 -7 -6 -6 -6 -7 -3 -4 -4 -6 -4  7 -7 -5 -5  0  8 -4    0   0   0   0   0   0   0   0   0   0   0   0   0  47   0   0   0   1  52   0  2.32 0.64
  276 P   -5 -6 -6 -5 -7 -5 -5 -6 -6 -7 -7 -5 -6 -8  9 -5 -5 -8 -7 -6    0   0   0   0   0   0   0   0   0   0   0   0   0   0 100   0   0   0   0   0  3.29 0.81
  277 V   -3 -6 -6 -7 -4 -6 -6 -7 -6  2 -2 -6 -2 -4 -6 -5 -3 -6 -4  7    0   0   0   0   0   0   0   0   0   6   0   0   0   0   0   0   0   0   0  93  1.94 0.61
  278 E   -4 -4 -4 -2 -4 -1  8 -4 -4 -7 -6 -3 -6 -7 -5 -4 -4 -6 -6 -6    0   0   0   0   1   0  98   1   0   0   0   0   0   0   0   0   0   0   0   0  2.31 0.71
  279 V   -3 -5 -6 -6 -4 -5 -6 -6 -6  0 -1 -5  1  3 -6 -5 -3 -5 -3  7    0   0   0   0   0   0   0   0   0   2   2   0   3  14   0   0   0   0   0  78  1.50 0.51
  280 T   -2 -1 -1  1 -2  1  4 -4 -3 -3 -2  2 -1 -5 -3 -1  3 -5 -4 -3    1   2   2   6   1   3  36   0   0   0   3  16   2   0   0   1  25   0   0   0  0.64 0.31
  281 L   -4 -5 -7 -7 -4 -5 -6 -7 -6  0  6 -6  0 -1 -6 -5 -4 -5 -4 -2    0   0   0   0   0   0   0   0   0   2  95   0   1   2   0   0   0   0   0   1  1.70 0.53
  282 K   -3  3  0 -2 -3  2  0 -3 -1 -3 -5  6 -3 -5 -3  0 -1 -4 -3 -3    0  11   4   0   0   8   2   1   1   1   0  61   0   0   0   5   2   0   0   1  0.97 0.36
  283 R    2  1 -2 -2 -2  0 -1 -1 -2 -3 -2  0 -2 -3 -1  3  2 -1 -3 -2   19  10   0   0   1   4   1   2   1   0   4   5   0   0   2  33  17   1   0   0  0.37 0.21
  284 A    5 -3 -2 -3 -2 -2 -2 -2 -3 -3 -4 -2 -3 -4 -2  4 -1 -4 -3 -2   56   0   0   0   0   0   0   0   0   0   0   0   0   0   0  44   0   0   0   0  0.92 0.28

                      K         Lambda
Standard Ungapped    0.1341     0.3204
Standard Gapped      0.0582     0.2670
PSI Ungapped         0.1905     0.3151
PSI Gapped           0.0582     0.2670
