
Last position-specific scoring matrix computed, weighted observed percentages rounded down, information per position, and relative weight of gapless real matches to pseudocounts
           A  R  N  D  C  Q  E  G  H  I  L  K  M  F  P  S  T  W  Y  V   A   R   N   D   C   Q   E   G   H   I   L   K   M   F   P   S   T   W   Y   V
    1 L   -4 -5 -6 -6 -4 -4 -5 -6 -5 -1  5 -5  5  4 -5 -5 -4 -3 -2 -2    0   0   0   0   0   0   0   0   0   1  63   0  17  20   0   0   0   0   0   0  1.24 0.42
    2 K   -4  6 -3 -4 -6 -1 -2 -5 -2 -5 -3  6 -4 -5 -4 -3 -3 -6 -4 -5    0  42   0   0   0   0   0   0   0   0   3  53   0   0   0   0   0   0   0   0  1.50 0.51
    3 I   -4 -6 -6 -6 -4 -6 -6 -7 -6  8  0 -6 -1 -3 -6 -5 -4 -6 -4  2    0   0   0   0   0   0   0   0   0  85   6   0   0   0   0   0   0   0   0   9  1.81 0.55
    4 A    4 -5 -4 -5  9 -4 -5  3 -5 -4 -4 -4 -4 -5 -4  0 -3 -5 -5 -3   32   0   0   0  41   0   0  20   0   0   0   0   0   0   0   7   0   0   0   0  1.45 0.48
    5 A    6 -4 -4 -4 -3 -3 -3 -2 -4 -4 -5 -3 -4 -5 -4  3 -2 -6 -5 -3   72   0   0   0   0   0   0   1   0   0   0   0   0   0   0  27   1   0   0   0  1.36 0.52
    6 F   -6 -7 -7 -7 -6 -7 -7 -7 -5 -4 -3 -7 -3  9 -7 -6 -6 -3  0 -4    0   0   0   0   0   0   0   0   0   0   0   0   0 100   0   0   0   0   0   0  2.98 0.77
    7 N   -5 -4  9 -2 -6 -4 -4 -4 -1 -7 -7 -4 -6 -7 -6 -3 -4 -7 -6 -7    0   0  99   0   0   0   0   0   1   0   0   0   0   0   0   0   0   0   0   0  2.74 0.78
    8 I    1 -5 -5 -5 -3 -5 -5 -4 -5  6  0 -5  0 -3 -3 -4 -1 -5 -4  4   11   0   0   0   0   0   0   1   0  51   3   0   2   0   1   0   2   0   0  29  1.01 0.39
    9 R   -3  5 -3 -3 -6  7 -1 -5  2 -6 -5  3 -3 -6 -4 -3 -4 -5 -4 -5    0  30   0   1   0  48   2   0   5   0   0  14   0   0   0   0   0   0   0   0  1.38 0.51
   10 T    1  3  0 -3 -2 -2 -2 -2  0 -1 -4  0 -3 -4 -3  4  2 -5 -4 -1   10  18   4   0   1   0   0   1   2   5   0   5   0   0   0  38  13   0   0   4  0.51 0.30
   11 F   -5 -6 -6 -7 -4 -6 -6 -7 -5 -3  1 -6  0  9 -7 -6 -5 -2  0 -4    0   0   0   0   0   0   0   0   0   0  14   0   2  83   0   0   0   0   1   0  2.25 0.64
   12 G   -2 -4 -3 -3 -5 -5 -5  7 -5 -6 -6 -4 -5 -6 -5 -2  0 -6 -6 -6    2   1   1   1   0   0   0  87   0   0   0   0   0   0   0   2   8   0   0   0  1.89 0.56
   13 E   -1  0 -1  4 -5  1  4 -3 -2 -3  0  0 -1 -4 -2 -2 -1 -2 -3 -2    3   5   1  28   0   4  33   1   0   1  11   4   2   0   1   0   3   0   0   2  0.57 0.28
   14 T    1  0  1 -3 -3 -1 -2 -2 -1 -4 -4  1 -2 -4 -2  4  4 -5 -4 -3   13   3   6   0   0   1   0   1   1   0   0  11   1   1   1  34  27   0   0   0  0.59 0.32
   15 K   -4 -1 -4 -4 -7 -2 -3 -5 -4 -6 -6  8 -5 -7 -5 -4 -4 -7 -5 -6    0   0   0   0   0   0   0   0   0   0   0 100   0   0   0   0   0   0   0   0  2.38 0.74
   16 M    1 -1 -4 -5 -2 -3 -4 -4 -4  1  0  0  6 -3 -4  0 -2 -4 -3  3   15   3   0   0   0   0   0   0   0   6   6   7  28   0   0   6   0   0   0  27  0.61 0.33
   17 S    2 -1  1  0 -3 -1  1 -1 -2 -4 -4  0 -3 -5 -3  5  0 -5 -4 -3   19   2   6   4   0   1   8   4   0   0   1   4   0   0   0  47   3   0   0   1  0.61 0.33
   18 N   -4  2  6  4 -6 -2 -2 -4 -1 -5 -6  2 -5 -6 -4 -2 -2 -6 -5 -5    0  11  46  27   0   1   0   0   1   1   0  13   0   0   0   0   1   0   0   0  1.23 0.46
   19 A    1 -1 -2 -1 -2  3  2 -2 -1 -4 -4  1 -3 -5  5  0  0 -5 -3 -1   11   1   1   2   1  16  14   1   1   0   0  10   0   0  29   4   5   0   1   4  0.62 0.28
   20 T    0  0  2  2 -3  0  2 -2  1 -3 -3  1 -1 -3 -1  0  3 -4 -3 -2    9   4   9  11   0   2  15   2   4   0   1   7   2   0   2   3  26   0   0   2  0.30 0.20
   21 L   -1 -4 -5 -5  3 -4 -5 -5 -5  3  1 -4 -1 -2 -4 -4 -1 -5 -3  5    5   0   0   0   6   0   0   0   0  17  13   0   0   0   1   0   3   0   0  55  0.91 0.37
   22 S    1 -2 -4 -4 -1 -3 -4 -1 -4  0  1 -2  7 -3 -3  1 -1 -4 -3  1   13   1   0   0   1   0   0   5   0   2  14   2  33   0   1  13   2   0   0  12  0.56 0.32
   23 S   -1  0  2  5 -4 -1  0  1  1 -4 -4  1 -4 -5 -3  2 -1 -5 -4 -4    3   4  11  36   0   1   4  11   3   1   1   7   0   0   0  15   2   0   0   0  0.60 0.27
   24 Y    0 -3 -3 -4 -3 -3 -3 -4 -2  4  0 -4 -1  0 -4 -2  3 -2  3  3    6   1   1   0   0   0   0   0   1  29   4   0   1   2   0   2  18   0  13  21  0.52 0.28
   25 I   -4 -5 -6 -6 -4 -5 -6 -6 -6  6  4 -5 -1 -1 -5 -4 -3 -5 -3  1    0   0   0   0   0   0   0   0   0  46  44   0   0   2   0   0   0   0   0   7  1.17 0.42
   26 V    0 -3 -4 -5 -2 -4 -4 -4 -5  2  0 -3  0 -3 -3 -1  1 -5 -4  6    9   1   0   0   1   0   0   0   0  10   5   1   1   0   0   5   8   0   0  59  0.79 0.36
   27 R   -3  2  0 -2 -5  4  0 -4 -3 -5 -5  5 -3 -5 -3  0 -1 -5 -4 -5    1  11   4   1   0  23   3   0   0   0   0  45   0   0   0   8   3   0   0   0  0.93 0.40
   28 I   -4 -6 -6 -6 -2 -6 -6 -6 -6  8 -1 -5 -2 -3 -6 -5 -3 -5 -4  2    0   0   0   0   1   0   0   0   0  85   1   0   0   0   0   0   1   0   0  11  1.81 0.57
   29 L   -3 -5 -5 -5 -1 -4 -5 -6 -5  4  4 -5  1 -2 -5 -4 -3 -4 -3  3    1   0   0   0   1   0   0   0   0  29  45   0   1   1   0   0   0   0   0  20  0.91 0.35
   30 R    2  0 -1 -3 -1  0 -2 -3  2 -4 -2  1 -2 -4 -2  5  0 -5 -3 -2   18   5   2   0   1   4   1   0   5   0   3   8   1   0   1  47   3   0   0   1  0.57 0.32
   31 R   -3  7 -3 -3 -5  1 -1  1  0 -6 -4 -1 -2 -3 -4 -3 -3 -5 -4 -5    1  74   0   1   0   5   4  10   2   0   1   1   1   1   0   0   1   0   0   0  1.51 0.52
   32 Y   -4 -5 -4 -6  8 -5 -6 -6 -2 -4 -4 -5 -4  0 -6 -4 -5 -2  8 -3    0   0   0   0  35   0   0   0   1   0   0   0   0   2   0   0   0   0  60   1  2.40 0.68
   33 D   -5 -5 -2  8 -6 -3 -1 -4 -3 -6 -7 -3 -6 -6 -3  0 -4 -7 -6 -6    0   0   0  89   0   0   2   0   0   0   0   1   0   0   1   5   0   0   0   0  2.19 0.64
   34 I   -3 -5 -6 -6 -4 -5 -5 -6 -6  7  2 -5  0 -3 -5 -3 -3 -5 -4  3    1   0   0   0   0   0   0   0   0  67  14   0   1   0   0   1   0   0   0  15  1.31 0.45
   35 A    2 -4 -4 -4  4 -3 -4 -4 -4  4  0 -3  4 -1 -4 -1  1 -4 -3  2   17   0   0   0   9   0   0   0   0  26   3   0  15   1   0   3  12   0   0  14  0.53 0.27
   36 L   -1 -5 -5 -6 -3 -4 -5 -6 -5  0  5 -5  1 -1 -5 -4 -3 -4 -3  3    3   0   0   0   0   0   0   0   0   1  66   0   1   1   0   0   0   0   0  26  1.06 0.40
   37 I   -3 -3 -5 -5 -3 -4 -5 -4 -5  5  3 -5  0 -2 -5 -4 -3 -5 -3  4    0   1   0   0   0   0   0   1   0  40  27   0   1   0   0   0   0   0   0  30  0.98 0.36
   38 E   -4 -3 -4 -4 -6  8 -1 -5 -3 -4  1 -2  5 -5 -5 -4 -4 -5 -4 -4    0   0   0   0   0  68   2   0   0   0  14   0  15   0   0   0   0   0   0   0  1.70 0.63
   39 Q   -4 -3 -4 -2 -7 -1  8 -5 -3 -7 -6 -3 -5 -7 -4 -4 -4 -6 -5 -6    0   0   0   0   0   0  98   0   0   0   0   0   0   0   0   0   0   0   0   0  2.35 0.73
   40 V   -3 -5 -6 -6 -4 -5 -5 -6 -6  4 -1 -5 -2 -3 -5 -5 -3 -6 -4  7    0   0   0   0   0   0   0   0   0  22   1   0   0   0   0   0   0   0   0  76  1.60 0.54
   41 R   -4  7 -3 -4 -3 -1 -3 -5 -3 -3 -4  3  2 -4 -5 -3 -3 -5 -4  2    0  57   0   0   0   1   0   0   0   0   0  15   6   0   0   0   1   0   0  18  1.21 0.46
   42 D   -5 -5 -1  8 -7 -3  0 -4 -4 -6 -7 -4 -6 -7 -5 -2 -4 -7 -6 -6    0   0   2  91   0   0   4   1   0   0   0   0   0   0   0   2   0   0   0   0  2.31 0.67
   43 S    2 -1  1 -2 -3 -1 -1 -2 -3 -2 -3  0 -3 -4  1  4  1 -5 -3  0   15   3   7   0   0   1   2   1   0   1   2   5   0   0   8  40   7   0   0   7  0.43 0.26
   44 H   -2  0  1  4 -4 -1 -1 -3  3 -5 -5  3 -4 -4 -3  3  1 -5  0 -4    1   4   5  28   0   2   1   0   7   0   0  18   0   0   0  22   8   0   4   0  0.59 0.30
   45 L   -2 -3  3 -1 -4 -1 -1  4 -3 -3  3 -2 -1 -3 -4 -2 -3 -4 -4 -3    0   1  16   3   0   3   4  33   0   0  36   1   1   1   0   0   0   0   0   0  0.59 0.31
   46 V   -1  1 -1 -1 -3  0  1 -3 -2 -1 -3  2  0 -4 -3  3  3 -5 -3 -1    3   8   2   1   0   3   9   0   0   3   1  14   2   0   0  31  19   0   0   3  0.41 0.26
   47 A    6 -4 -4 -4 -3 -3 -4 -3 -4  1 -4 -3 -3 -5 -2  1  0 -5 -4  0   71   0   0   0   0   0   0   0   0   8   0   0   0   0   1  10   4   0   0   6  1.07 0.46
   48 V   -2 -4 -5 -5  5 -3 -5 -4 -5  4  0 -3  2 -1 -5 -3  0 -5 -3  5    0   0   0   0  12   1   0   1   0  23   6   1   6   2   0   0   6   0   0  42  0.82 0.34
   49 G   -1  0  0  0 -4  1  0  1 -2 -3 -3  2 -3 -4  4  1  0 -4 -2 -3    2   5   4   4   0   7   4   9   0   1   1  15   0   0  24  14   7   0   2   1  0.44 0.21
   50 K    1  0 -1 -1 -2  1  1 -3 -1 -1  1  3  2 -1 -3 -1  1 -3 -2 -1   11   3   2   2   1   5   8   0   1   3  20  24   5   2   0   3   9   0   0   2  0.18 0.16
   51 L   -5 -5 -6 -7 -4 -5 -6 -7 -6 -1  6 -6  0  2 -6 -6 -4 -1 -3 -2    0   0   0   0   0   0   0   0   0   0  91   0   1   7   0   0   0   1   0   0  1.66 0.56
   52 L   -3 -4 -5 -6 -4 -4 -5 -5 -5  0  4 -4  7 -2 -5 -4 -3 -4 -4  2    0   0   0   0   0   0   0   0   0   3  42   1  36   0   0   0   1   0   0  15  1.21 0.46
   53 D   -1  2  0  3 -5  2  4 -2 -1 -5 -4  2 -2 -4 -3  0  0 -5 -3 -4    4   9   4  19   0   9  30   1   1   0   0  11   1   0   0   4   5   0   0   0  0.57 0.26
   54 D    0  2  0  0 -5  4  4 -3  1 -4 -2  2 -2 -4 -3  0 -2 -4 -2 -4    6   8   3   4   0  20  28   1   2   0   3  15   1   0   0   4   1   0   2   0  0.53 0.27
   55 L   -4 -5 -6 -6 -2 -5 -5 -6 -5  2  6 -5 -1 -2 -4 -5 -4 -4 -2  2    0   0   0   0   1   0   0   0   0   9  77   0   0   0   0   0   0   0   1  12  1.26 0.45
   56 N   -4 -2  8 -2 -4 -3 -3 -4 -1 -6 -6 -2 -5 -6 -5 -1 -1 -7 -5 -6    1   1  88   0   0   0   0   0   1   0   0   2   0   0   0   2   4   0   0   0  2.19 0.68
   57 Q   -1  5 -2 -3 -4  1 -1  1 -3 -5 -4  2 -3 -5 -3  3 -2 -2 -4 -4    2  35   1   1   0   7   1   9   0   0   1  13   0   0   0  28   1   1   0   1  0.71 0.34
   58 D    1 -1  1  3 -2  0  0  0 -1 -1 -2 -1 -1 -1 -2  0 -1 -3  0  2   17   2   7  23   0   3   4   6   1   1   1   2   1   2   1   4   1   0   4  19  0.21 0.16
   59 D    0  0  1  2 -2 -2 -1  0  0 -4 -3  0 -3 -4 -1  4  0 -4 -3 -3    7   5   6  12   1   1   1   7   2   0   1   5   0   0   2  43   4   0   0   1  0.45 0.26
   60 P   -1  1 -2 -1 -2 -1  0 -1 -1 -4 -3  3 -2 -4  4  2  0 -4 -3 -3    3   9   0   3   1   2   6   4   1   0   2  20   1   0  22  21   4   0   0   1  0.49 0.24
   61 N   -2  1  3  2 -4 -1 -1  1  7 -4 -3 -2 -3 -3 -3  0 -2 -4  1 -2    2   7  13  11   0   2   3  10  33   0   2   1   0   0   1   6   1   0   6   2  0.65 0.28
   62 S   -1  0  0 -1 -2  1  1 -3  3 -3 -3  0 -3 -3  4  1  2 -4 -3 -3    3   4   3   3   1   6  11   1   9   1   2   4   0   0  25  12  14   0   0   1  0.49 0.23
   63 Y   -5 -5 -5 -6 -4 -5 -5 -6 -2 -4 -4 -5 -4  2 -6 -4 -5 -1 10 -4    0   0   0   0   0   0   0   0   0   0   0   0   0   7   0   1   0   0  89   0  2.74 0.75
   64 H    0  0  2  1 -3  0  1 -1  3 -4 -3  0 -2 -4 -3  3  0 -4 -2 -3    8   5   9  10   0   3   7   3   7   0   1   5   1   0   0  33   6   0   1   1  0.36 0.21
   65 Y   -2 -3 -4 -4  1 -2 -4 -4  2 -2  0 -2  4  5 -4 -1 -3 -1  6 -2    3   1   0   0   4   1   0   0   5   1   7   2  12  24   0   5   1   0  31   2  0.81 0.34
   66 V   -2 -2 -3 -4 -3  0  0 -4 -3  2  2 -1  0 -2 -4 -3 -1 -4 -3  4    2   1   1   0   0   5   8   0   0  10  24   3   1   0   0   1   2   0   0  42  0.51 0.26
   67 V    0 -3 -1  0  0 -2  0 -2 -3  3  0 -2 -1 -2 -3  1 -1 -4 -3  3    9   1   2   5   2   0   6   2   0  25   6   1   0   1   0  15   1   0   0  22  0.25 0.18
   68 S   -2 -4 -3 -3 -4 -3 -3 -3 -4 -5 -5 -3 -5 -5 -4  7 -2 -6 -5 -5    0   0   0   0   0   0   1   0   0   0   0   0   0   0   0  96   0   0   0   0  1.94 0.68
   69 E   -1  0 -1  1 -3  1  4  0 -2  0 -3  1 -3 -4  2  1  0 -4 -3 -2    2   3   1   8   0   4  30   6   0   7   1   9   0   0   9  13   5   0   0   1  0.34 0.20
   70 P   -3  6 -3 -4 -3 -1 -3 -3 -1 -5 -1 -2 -3 -4  6 -1 -3 -5 -4 -4    1  43   0   0   0   2   0   1   1   0   6   0   0   0  38   4   1   0   0   0  1.25 0.45
   71 L   -4 -4 -6 -6 -4 -5 -5 -6 -5 -1  6 -5  0 -2 -5 -5 -3 -4 -4 -2    1   0   0   0   0   0   0   0   0   1  93   0   1   0   0   0   1   0   0   1  1.61 0.53
   72 G   -3 -5 -3 -4 -5 -5 -5  7 -5 -6 -6 -4 -5 -6 -5 -3 -4 -5 -6 -6    0   0   0   0   0   0   0  96   0   0   0   0   0   0   0   0   0   0   0   0  2.28 0.63
   73 R   -3  8 -3 -4 -6 -1 -3 -5 -1 -5 -3  0 -4 -5 -3 -3 -4 -5 -4 -5    1  87   0   0   0   1   0   0   1   0   2   3   0   0   1   1   1   0   0   0  2.03 0.62
   74 N   -2 -1  4  2 -3 -2  0  0 -2 -4 -4  1 -3 -4 -3  3  3 -5 -4 -3    0   2  19  11   0   0   5   6   0   0   1  11   0   0   0  25  18   0   0   0  0.50 0.27
   75 S   -1  1  2 -2 -3  1 -2 -2  0 -4 -4 -1 -3 -4 -2  4  4 -4 -3 -2    3   8  10   1   0   6   0   2   2   0   1   2   0   0   1  34  29   0   0   1  0.59 0.32
   76 Y   -5 -5 -5 -4 -2 -4 -5 -6 -1 -4 -4 -5 -4 -1 -6 -1 -3 -1  9 -3    0   0   0   1   1   0   0   0   1   0   0   0   0   0   0   5   1   0  87   1  2.52 0.73
   77 K   -4  0 -2 -4 -5  1 -2 -4 -3 -4 -4  7  1 -5 -4 -3 -2 -5 -4 -5    0   2   1   0   0   6   0   0   0   1   1  81   4   0   0   0   2   0   0   0  1.63 0.56
   78 E   -4 -3 -3 -2 -6 -1  8 -5 -3 -6 -6 -2 -5 -6 -4 -3 -4 -6 -5 -5    0   0   0   0   0   0  96   0   0   0   0   0   0   0   0   0   0   0   0   0  2.25 0.70
   79 R   -3  3 -3 -3 -5  7 -2 -5 -3 -4 -3  2  4 -5 -4 -3 -3 -5 -4 -4    1  13   0   0   0  59   0   0   0   0   1  10  13   0   0   0   1   0   0   0  1.42 0.54
   80 Y   -5 -5 -2 -6 -2 -5 -5 -6 -2 -3 -4 -5 -4  4 -6 -5 -5 -1  9 -4    0   0   2   0   1   0   0   0   0   1   0   0   0  12   0   0   0   0  81   0  2.45 0.69
   81 L    2 -4 -4 -5 -3 -4 -4 -2 -4  0  4 -4  2 -2 -4 -3 -2 -4 -3  4   19   0   0   0   0   0   0   3   0   1  39   0   5   0   0   0   0   0   0  31  0.65 0.31
   82 F   -5 -5 -5 -6  2 -5 -5 -5 -3 -3 -3 -5 -3  8 -6 -5 -4 -2  6 -4    0   0   0   0   4   0   0   0   0   1   0   0   0  68   0   0   0   0  22   0  2.00 0.58
   83 V   -3 -4 -5 -5 -3 -4 -5 -5 -5  5  3 -4  0  2 -4 -4 -3 -4 -2  3    1   0   0   0   0   0   0   0   0  36  27   0   1   9   0   0   0   0   0  23  0.82 0.31
   84 F   -5 -5 -4 -6 -5 -5 -5 -6 -1 -4 -4 -5 -4  3 -6 -5 -5  0  9 -4    0   0   1   0   0   0   0   0   1   0   1   0   0   7   0   0   0   1  87   0  2.64 0.73
   85 R   -4  8 -3 -5 -6 -2 -3 -5 -3 -6 -5  2 -3 -6 -5 -2 -4 -6 -5 -5    0  87   1   0   0   0   0   0   0   0   0   8   0   0   0   2   0   0   0   0  2.14 0.65
   86 P    0 -1  1  1 -2  1  2 -2 -1 -3 -3  1 -2 -4  2  2  2 -4 -3 -3    5   2   6   8   1   5  15   2   1   0   1  10   1   0  12  18  12   0   0   1  0.34 0.19
   87 N   -2 -2  2  6 -5  0  1 -1  3 -5 -5  1 -5 -5 -4 -1 -2 -6 -4 -5    3   2   8  53   0   3   6   4   8   0   0   9   0   0   0   3   1   0   0   0  1.01 0.39
   88 K   -1  1 -2 -3 -3  1  0 -3 -2  0  2  2  3 -2 -3  0  1 -4 -3  1    5   6   0   0   0   7   4   0   0   3  20  14  11   0   0   7   8   0   0  14  0.21 0.17
   89 V    0 -5 -5 -4 -3 -5 -5 -5 -5  0  1 -5 -1 -1 -5 -4  1 -5 -4  6    6   0   0   1   0   0   0   0   0   1  11   0   1   2   0   0   9   0   0  70  1.12 0.45
   90 S   -1 -1 -1  1 -2  2  0 -2 -3 -4 -4  1 -3 -4 -3  5  2 -5 -4 -4    1   1   1   6   1  12   3   2   0   0   1   9   0   0   0  52  11   0   0   0  0.73 0.38
   91 V   -1 -5 -5 -6 -3 -5 -5 -6 -6  1  2 -5 -1 -3 -1 -4 -3 -5 -4  6    4   0   0   0   0   0   0   0   0   4  19   0   0   0   4   0   0   0   0  68  1.15 0.45
   92 L   -1  0 -3 -3 -3  0 -2 -4 -3  1  2  2  1 -2 -3 -2  1 -4 -3  2    2   4   0   0   0   3   2   0   0   5  26  19   4   0   0   0  12   0   0  21  0.33 0.22
   93 D   -1 -2  1  6 -5  1  2  2 -2 -5 -5  1 -4 -5 -4 -1 -3 -5 -5 -5    3   1   4  45   0   6  13  16   0   0   0   7   0   0   0   4   0   0   0   0  0.84 0.34
   94 T   -1 -1  1 -2  0  1 -1 -3  2 -3 -3 -1 -3 -2 -3  4  3  2 -2 -2    2   3   5   1   2   7   2   0   5   0   1   2   0   1   0  44  18   3   1   1  0.56 0.32
   95 Y   -5 -4 -5 -6 -3 -5 -5 -6  0 -5 -4 -4 -4  2 -6 -3 -5  0 10 -5    0   1   0   0   0   0   1   0   2   0   0   1   0   4   0   2   0   1  88   0  2.65 0.75
   96 Q   -3 -2 -3 -3 -3  7 -1 -5  3 -4 -1 -2 -2 -3 -2 -3 -1 -4  4  0    0   0   0   1   0  53   1   0   8   0   7   1   0   0   2   1   4   0  13   7  1.04 0.47
   97 Y   -5 -4 -5 -6 -6 -5 -5 -6  0 -5 -4 -5 -4  2 -6 -2 -3 -1  9 -3    0   0   0   0   0   0   0   0   2   0   1   0   0   4   0   4   1   0  85   1  2.51 0.73
   98 D   -2  0  1  5 -5 -1  2 -3  2 -5 -4 -1 -4 -5  5 -2 -2 -6 -4 -5    2   4   5  34   0   1  16   0   6   0   1   2   0   0  26   1   1   0   0   0  0.92 0.35
   99 D   -4 -4 -1  8 -6 -3  1 -3 -4 -6 -6 -3 -6 -6 -4 -3 -4 -6 -6 -6    0   0   1  86   0   1   6   2   0   0   0   1   0   0   0   0   0   0   0   0  2.09 0.62
  100 G   -1 -2  3  0 -2  0  0  4 -1 -3 -3  0 -2 -3  2 -1 -1 -3 -2 -2    4   1  15   4   1   4   5  36   2   1   2   6   1   1  10   3   3   0   1   2  0.41 0.16
  101 C   -1 -1 -1 -1  7 -1  0 -1 -1 -1  0 -1 -1 -1 -1  0  1 -1  1 -1    4   2   3   4  27   3   5   4   1   2   8   5   1   2   3   6   8   1   5   5  0.31 0.11
  102 E   -2  0 -1  0 -2  5  4 -1  0 -3 -3  1 -2 -3 -2 -1  0 -3 -2 -3    2   3   2   4   1  28  32   4   1   1   2   6   1   1   1   2   5   0   1   2  0.57 0.22
  103 S    0 -2  0  1 -2 -1  0 -1 -1 -1 -2 -1 -2 -2  5  1  0 -3 -2 -1    8   1   5   7   1   2   5   4   1   3   2   3   1   2  29  12   7   0   1   5  0.41 0.14
  104 C   -1 -2  1 -1  7 -2 -2  4 -2 -2 -2 -1 -2 -3 -2 -1 -1 -3 -3 -2    4   1   7   4  26   2   3  32   1   2   3   3   1   1   1   3   3   0   1   2  0.64 0.21
  105 G   -1 -1  0  4 -3  0  1  4 -2 -3 -3 -1 -3 -3 -2 -1 -2 -3 -2 -3    2   3   3  29   0   3   7  36   0   1   2   2   1   1   1   4   1   0   1   2  0.59 0.21
  106 N    0 -2  2  2 -3  1  3 -2 -2 -2 -3  0 -1 -4 -1  0  3 -4 -3  0    5   0  13   9   0   5  23   1   0   1   1   3   1   0   3   4  21   0   0   7  0.35 0.21
  107 D   -4 -4 -1  8 -6 -3 -1 -3 -3 -5 -6 -3 -5 -6 -4 -2 -3 -6 -5 -5    0   1   1  88   0   1   2   1   1   0   1   0   0   0   0   2   1   0   0   0  2.09 0.61
  108 S    3 -3 -2 -3 -3 -2 -2 -3 -3  0  0 -3 -2 -3 -1 -1  3 -4 -3  3   28   1   1   1   0   1   1   0   1   4   9   0   0   0   2   3  23   0   0  25  0.43 0.26
  109 F   -5 -6 -6 -6 -5 -6 -6 -6 -4 -2 -2 -6 -3  9 -6 -5 -5  1  0 -4    0   0   0   0   0   0   0   0   0   2   1   0   0  92   0   0   0   2   1   0  2.61 0.70
  110 S    3 -3  0 -2 -2  0  0 -2 -3 -2 -3 -2 -1 -4 -3  5 -1 -5 -4 -2   24   0   4   1   0   3   5   2   0   2   2   0   1   0   0  51   2   0   0   1  0.70 0.36
  111 R   -5  8 -4 -5 -1 -2 -4 -6 -4 -6 -6 -1 -5 -6 -6 -4 -5 -6 -5 -6    0  97   0   0   2   0   0   0   0   0   0   0   0   0   0   0   0   0   0   0  2.52 0.74
  112 E   -3 -3 -3  1 -6 -1  7 -1 -3 -6 -5 -2 -5 -6 -1 -3 -4 -6 -5 -5    1   0   0   5   0   0  84   5   0   0   1   1   0   0   3   0   0   0   0   0  1.75 0.61
  113 P   -4 -6 -5 -5 -6 -5 -5 -6 -1 -6 -6 -5 -6 -7  9 -3 -5 -7 -6 -6    0   0   0   0   0   0   0   0   2   0   0   0   0   0  96   1   0   0   0   0  3.06 0.80
  114 A    0 -5 -6 -6 -5 -5 -6 -5 -4 -3 -2 -5 -3  8 -6 -4 -4 -2  4 -3   10   0   0   0   0   0   0   0   0   1   2   0   0  72   0   0   0   0  13   1  1.88 0.57
  115 V   -1 -5 -5 -5 -3 -5 -5 -3 -5  6 -1 -5 -1 -2 -5 -3 -2 -5 -4  5    4   0   0   0   0   0   0   2   0  44   2   0   0   1   0   1   1   0   0  44  1.13 0.42
  116 V    1 -5 -5 -5 -2 -4 -4 -4 -5  1  2 -4 -1 -3 -4 -2 -2 -5 -4  6   13   0   0   0   1   0   0   1   0   5  16   0   0   0   0   2   0   0   0  61  0.94 0.39
  117 K   -4  5 -3 -4 -5  1 -2 -5  2 -5 -2  4  1 -3 -4 -3 -4  7  0 -4    0  39   0   0   0   5   1   0   5   0   3  25   4   0   0   0   0  14   2   0  1.10 0.42
  118 F   -5 -6 -6 -7 -5 -6 -6 -6 -5 -2 -2 -6 -3  9 -7 -6 -4 -1  0 -1    0   0   0   0   0   0   0   0   0   2   1   0   0  90   0   0   1   0   0   5  2.45 0.69
  119 S   -1  1 -1 -2 -2  2 -1 -3  4 -4 -3  1 -2  0 -1  4  1 -3 -2 -3    3   8   2   1   1  12   1   0  10   0   1   7   1   5   2  37   9   0   1   0  0.46 0.28
  120 S    2 -4 -3 -3  4 -3 -3 -3 -4 -2  0 -3 -2 -2 -1  5 -1 -1 -4 -2   17   0   0   0  10   0   0   1   0   1  11   0   0   1   3  51   1   1   0   3  0.71 0.37
  121 P   -3 -1 -3 -3 -5 -3 -3 -4  1 -4 -1  0 -4 -4  8 -1 -3 -6 -5 -5    1   3   1   1   0   1   0   1   3   1   6   5   0   1  72   5   1   0   0   0  1.83 0.55
  122 S   -1  0  2 -1 -2 -1 -1 -1  3 -3 -2  1 -2  2 -2  2  2 -3  1 -3    3   5  13   1   0   2   1   5   9   1   2   9   0  10   1  18  17   0   4   0  0.27 0.19
  123 T   -2 -3 -2 -3 -2 -3 -3 -3 -4 -3 -4  1 -3 -5 -4  2  7 -5 -4 -3    2   0   1   1   1   0   0   1   0   1   1   9   0   0   0  11  71   0   0   0  1.32 0.52
  124 K    3 -1 -2 -1 -3  1  1 -1 -2 -1 -1  0 -1 -3 -3 -1 -1 -4 -2  3   31   3   1   2   0   9   9   3   1   2   5   6   0   0   0   1   2   0   1  23  0.26 0.21
  125 V    1 -4 -4 -5 -3 -1 -3 -3 -4  2  2 -4  0 -2 -4 -3 -2 -4 -3  5   10   0   0   0   0   3   1   1   0  10  22   0   1   0   0   1   1   0   0  47  0.66 0.30
  126 K   -2  2 -2 -1 -2  2  2  0 -1 -4 -4  5 -3 -5  2 -1 -1 -5 -4 -4    2   8   1   2   1  10  11   6   1   0   1  43   0   0   9   3   2   0   0   0  0.63 0.30
  127 A   -2 -2  1  5 -5  0  5 -4 -3 -5 -5 -1 -4 -5 -3  0 -1 -6 -5 -5    2   1   5  39   0   3  36   0   0   0   0   2   0   0   0   8   3   0   0   0  1.03 0.40
  128 F   -5 -5 -6 -6 -5 -5 -6 -3 -4  0  3 -6 -2  8 -6 -5 -4 -2 -1 -2    0   0   0   0   0   0   0   2   0   3  29   0   0  63   0   0   0   0   0   2  1.59 0.51
  129 A    2 -5 -5 -5 -3 -4 -5 -5 -5  1 -2 -5 -2 -4 -5 -3 -1 -5 -4  6   19   0   0   0   0   0   0   0   0   3   1   0   0   0   0   1   2   0   0  73  1.28 0.49
  130 I   -3 -4 -5 -5 -3 -4 -5 -5 -5  4  5 -4  4 -2 -5 -4 -3 -4 -2  0    1   0   0   0   0   0   0   0   0  23  58   0  11   0   0   0   0   0   1   4  1.03 0.38
  131 V   -2 -5 -5 -5 -1 -5 -5 -5 -5  6 -1 -5  0 -3 -5 -4 -3 -5 -4  5    2   0   0   0   1   0   0   1   0  47   2   0   2   0   0   0   0   0   0  44  1.23 0.43
  132 P   -1 -5 -5 -4 -3 -3 -4  0 -5 -5 -6 -4 -5 -6  8 -1 -3 -6 -6 -3    4   0   0   0   0   1   0   7   0   0   0   0   0   0  79   5   1   0   0   2  2.20 0.62
  133 L   -3 -3 -4 -4 -1  3 -3 -5  0  2  4 -3  0 -2 -4 -4 -3 -4 -3  2    0   0   0   0   1  19   0   0   3   9  51   0   1   0   0   0   0   0   0  14  0.74 0.34
  134 H   -5 -1 -3 -5 -6 -3 -4 -6 11 -7 -6 -4 -5 -5 -6 -4 -5 -6 -2 -6    0   2   0   0   0   0   0   0  95   0   0   0   0   0   0   0   0   0   0   0  3.41 0.87
  135 S    3 -4 -3 -4 -3 -3 -3 -3 -4 -2 -4 -3 -3 -5 -4  1  6 -5 -4 -2   25   0   0   0   0   0   0   0   0   1   0   0   0   0   0  10  61   0   0   1  1.20 0.49
  136 A    3 -2 -2 -2  2 -1  0 -3 -3 -3 -3  2 -1 -4 -2  2  4 -4 -3 -2   23   0   0   1   5   2   7   0   0   0   0  12   1   0   1  16  27   0   0   2  0.45 0.27
  137 P   -3 -5 -5 -5 -6 -5 -5 -5 -5 -6 -6 -4 -6 -7  9 -4 -4 -7 -6 -6    1   0   0   0   0   0   0   0   0   0   0   0   0   0  96   0   1   0   0   0  3.06 0.79
  138 S   -1  0  0  2 -4  0  3 -2  4 -4 -3  2 -3 -4 -3  2  0 -1 -2 -3    2   4   3  10   0   2  22   2  11   0   2  17   0   0   0  17   4   1   0   1  0.41 0.22
  139 D    0 -2  2  4 -4  1  1 -2  1 -4 -3 -1 -1 -3 -3  1  2 -4  0 -3    9   1   9  32   0   5   5   1   4   0   2   2   1   1   0  10  13   0   4   1  0.45 0.23
  140 A    6 -4 -4 -4 -3 -3 -3 -2 -4 -3 -4 -3 -3 -5 -3  2  0 -5 -4  0   71   0   0   0   0   0   0   1   0   0   0   0   0   0   0  15   4   0   0   8  1.14 0.47
  141 V    0 -3 -4 -3 -3 -2  2 -4 -4  0 -1 -3  2 -3 -1 -2  0 -5 -3  5    9   0   0   1   0   1  16   1   0   2   2   1   6   1   4   1   4   0   0  52  0.62 0.33
  142 A    2  2  0 -1 -4  1  0 -3 -1 -3 -4  4 -2 -4 -3  0  0 -2 -3 -2   21  12   3   3   0   5   4   0   2   1   0  36   1   0   0   4   4   1   0   2  0.48 0.26
  143 E   -4 -3 -4 -2 -7 -1  8 -5 -3 -6 -6 -3 -5 -6 -4 -3 -4 -6 -5 -6    0   0   0   0   0   0  97   0   0   0   0   0   0   0   0   0   0   0   0   0  2.30 0.73
  144 I   -4 -5 -4 -5 -4 -5 -5 -6 -5  6  3 -5  1 -2 -5 -5 -2 -5 -4  1    0   0   1   0   0   0   0   0   0  61  27   0   2   0   0   0   2   0   0   3  1.23 0.44
  145 N   -4 -4  3  8 -6 -2 -1 -3 -4 -6 -6 -3 -6 -6 -4 -3 -4 -7 -6 -6    1   0  11  82   0   1   1   1   0   0   0   1   0   0   0   1   0   0   0   0  1.99 0.61
  146 S    5 -2 -2 -2 -4  0  4 -3  0 -4 -3 -1 -3 -5 -3 -1 -3 -5 -3 -3   51   1   1   0   0   2  33   1   2   0   2   3   0   0   0   3   0   0   0   0  0.88 0.41
  147 L   -4 -5 -6 -6 -4 -5 -6 -6 -6 -1  6 -5  0 -2 -6 -5 -4 -5 -4 -2    0   0   0   0   0   0   0   0   0   0  96   0   1   0   0   0   0   0   0   0  1.76 0.58
  148 Y   -1 -5 -5 -3 -5 -4 -5 -5  3 -4 -4 -5 -4  2 -6 -4 -2 -1  9 -1    7   0   0   2   0   0   0   0   6   0   0   0   0   5   0   0   2   0  72   4  1.93 0.62
  149 D   -4 -2 -1  8 -6 -2  0 -3 -3 -6 -6 -3 -6 -6 -4 -2 -1 -7 -6 -5    1   2   1  83   0   1   3   2   0   0   0   1   0   0   0   1   3   0   0   0  1.88 0.59
  150 V   -3 -4 -6 -6 -4 -5 -5 -6 -6  0 -1 -5 -1 -4 -5 -5 -3 -6 -4  7    1   1   0   0   0   0   0   0   0   0   2   0   1   0   0   0   0   0   0  94  1.89 0.62
  151 Y   -3 -3 -5 -5 -1 -4 -5 -6  0 -3 -2 -5 -3  5 -5 -4 -3  1  8  2    1   1   0   0   2   0   0   0   1   0   3   0   0  26   0   0   1   2  49  13  1.46 0.49
  152 L   -2 -2 -2  0 -3  2  0 -4 -3 -1  4  0  2 -2 -4 -2  1 -2 -3  0    1   0   1   6   0  12   5   0   0   1  44   6   6   0   0   0  10   0   0   5  0.39 0.24
  153 D    0 -2  0  7 -5  0  1 -2  2 -4 -5 -1 -2 -3 -4 -2 -3 -5 -2 -3    8   1   3  60   0   4   8   2   4   1   0   2   1   1   0   1   0   0   1   2  1.06 0.40
  154 V    0 -5 -5 -5 -3 -4 -5 -5 -5  3 -1 -5  0 -3 -5 -4 -1 -5 -4  6    6   0   0   0   0   0   0   0   0  15   3   0   2   0   0   0   3   0   0  69  1.20 0.45
  155 Q   -2  3 -2 -3 -1  1 -2 -3  0  2 -2  3 -1 -3 -3  0 -1 -2 -2  1    2  19   0   0   1   7   0   1   2  12   1  27   1   0   0   9   3   0   1  13  0.36 0.23
  156 Q   -1  2  2  2 -3  3  1 -2  1 -4 -4  3 -3 -4 -3  0 -1 -3 -3 -3    3  10  13  13   0  19   6   1   3   0   1  18   0   0   0   6   3   0   0   1  0.44 0.23
  157 K   -3  5 -3 -3 -6  0 -2 -4  3 -4 -4  6  0 -5 -4 -2 -3 -5 -4 -5    0  31   0   1   0   3   1   0   7   1   1  50   3   0   0   2   0   0   0   0  1.18 0.46
  158 W   -6 -6 -7 -8 -5 -3 -7 -6 -6 -6 -3 -7 -5 -1 -7 -7 -6 13 -2 -6    0   0   0   0   0   1   0   0   0   0   3   0   0   2   0   0   0  92   0   0  4.34 0.99
  159 D    0  1  2  0 -4  2  0  3 -1 -4 -4  4 -3 -4 -2 -1 -2 -4 -2 -4    7   5  12   5   0   9   3  22   1   0   1  28   0   0   1   1   1   0   1   0  0.45 0.23
  160 L    0 -3  0 -3 -3 -3 -2 -3 -4  0  0 -3  0 -4 -3  1  6 -4 -4 -1    6   0   4   0   0   0   1   2   0   4   9   0   2   0   0   8  58   0   0   4  0.81 0.38
  161 N   -3 -1  2  5 -5  2  5 -4 -2 -5 -5  1 -4 -5 -3 -2 -1 -5 -4 -5    0   2  10  29   0   8  37   0   0   0   0   8   0   0   1   1   2   0   0   0  0.92 0.37
  162 D   -4 -4  7  6 -6 -3 -1 -4 -2 -6 -6 -2 -4 -6 -5 -2 -3 -7 -5 -6    0   0  53  41   0   0   2   0   0   0   0   1   0   0   0   0   0   0   0   0  1.75 0.57
  163 I   -2 -5 -5 -5 -3 -4 -5 -5 -5  5  0 -4  3  3 -5 -4 -2 -4 -2  4    2   0   0   0   0   0   0   0   0  35   3   0  10  13   0   0   0   0   0  35  0.91 0.36
  164 M   -3 -4 -5 -5 -4 -4 -5 -5 -5  4  2 -4  8 -2 -1 -4 -3 -4 -3  1    1   0   0   0   0   0   0   0   0  29  17   0  40   1   3   0   0   0   0   9  1.17 0.44
  165 L   -4 -5 -5 -5 -4 -5 -5 -5 -4  4  3 -5 -1  6 -2 -4 -3 -3 -1  0    0   0   0   0   0   0   0   0   0  26  30   0   0  35   2   0   1   0   0   4  0.96 0.36
  166 M   -2 -2 -5 -6 -4 -4 -5 -6 -5 -1  5 -4  7 -2 -5 -4 -3 -4 -4 -2    3   2   0   0   0   0   0   0   0   1  65   0  27   0   0   0   1   0   0   0  1.33 0.48
  167 G   -3 -5 -3 -4 -5 -2 -5  7 -5 -6 -6 -4 -5 -6 -5 -3 -4 -5 -6 -6    0   0   0   0   0   2   0  95   0   0   0   0   0   0   0   0   0   0   0   0  2.20 0.62
  168 D   -4 -5 -2  8 -7 -4 -2 -1 -4 -6 -7 -4 -6 -7 -5 -3 -4 -7 -6 -6    1   0   0  93   0   0   0   4   0   0   0   0   0   0   0   0   0   0   0   0  2.38 0.69
  169 F   -5 -6 -6 -6 -5 -6 -6 -6 -4 -3  2 -6 -3  9 -6 -5 -5 -2  1 -4    0   0   0   0   0   0   0   0   0   0  15   0   0  81   0   0   0   0   2   0  2.20 0.63
  170 N   -5 -2  9 -2 -4 -3 -4 -4  0 -6 -6 -3 -5 -6 -5 -3 -2 -7 -5 -6    0   2  92   0   0   0   0   0   2   0   0   1   0   0   0   0   2   0   0   0  2.39 0.72
  171 A    7 -5 -5 -5 -4 -4 -4 -2 -5 -4 -5 -4 -4 -5 -4 -2 -2 -6 -5 -3   96   0   0   0   0   0   0   1   0   0   0   0   0   0   0   1   1   0   0   0  1.86 0.64
  172 D    1 -4 -2  6 -5 -3 -2  4 -4 -6 -6 -4 -5 -6 -4 -2 -4 -6 -5 -5   10   0   0  51   0   0   0  37   0   0   0   0   0   0   0   1   0   0   0   0  1.36 0.47
  173 C   -4 -5 -6 -6 11 -6 -5  2 -6 -5 -5 -6 -5 -6 -6 -4 -4 -6 -5 -5    0   0   0   0  82   0   1  15   0   0   0   0   0   0   0   0   0   0   0   0  3.05 0.77
  174 S    2 -1  1 -1 -3 -2 -2  1 -3 -4 -4 -1 -4 -5  0  5  0 -2 -4 -3   14   3   6   3   0   0   0  10   0   0   1   3   0   0   3  51   4   0   0   2  0.65 0.34
  175 Y   -4 -5 -4 -6 -5 -4 -5 -6  0 -5 -4 -5 -4  1 -6  0 -4 -1  9 -4    0   0   0   0   0   0   0   0   1   0   0   0   0   3   0   9   0   0  84   0  2.46 0.71
  176 V   -2 -5 -6 -6 -4 -5 -5 -6 -6  1  2 -5  0 -3 -5 -4 -3 -5 -4  7    2   0   0   0   0   0   0   0   0   4  16   0   1   0   0   0   0   0   0  76  1.37 0.49
  177 T    1  2 -1 -2 -1  0 -1 -2 -3 -4 -4  1 -3 -4  3  2  4 -5 -4 -3    9  10   1   1   1   3   2   3   0   0   0   7   0   0  17  16  28   0   0   0  0.52 0.27
  178 S    1  1 -1 -1 -4  1 -1 -1 -2 -2 -4  4 -3 -4  3  1 -1 -5 -4 -1   11   4   2   3   0   5   2   4   0   3   0  35   0   0  14  10   2   0   0   4  0.44 0.24
  179 S   -1  0 -1 -1 -4  1  1 -2 -1 -4 -4  5 -3 -5 -3  3 -1 -5 -4 -4    4   4   2   2   0   5   6   3   1   0   1  44   0   0   0  26   2   0   0   0  0.70 0.35
  180 Q    0  2  0  4 -1  4  1  0  2 -5 -4  1 -3 -5 -3 -1 -2 -5 -3 -4   10  10   3  25   1  21   7   6   5   0   0   8   0   0   0   1   1   0   0   0  0.53 0.27
  181 W   -6 -1 -6 -7 -2 -4 -6 -6 -6 -4  0 -1  4  0 -7 -6 -5 12 -2 -5    0   4   0   0   1   0   0   0   0   0   8   4   9   3   0   0   0  70   0   0  2.96 0.77
  182 S    1  0  0  0 -4  1  0  0 -2 -4 -3  3 -2 -4  2  2 -1 -4 -3 -2   11   4   2   4   0   7   5   6   0   0   1  27   0   0  11  17   1   0   0   4  0.36 0.21
  183 S    1 -1  4  0 -3  1  0 -1  0 -3 -4  1 -1 -4 -3  3  1 -4 -2 -2   10   1  21   3   0   5   6   3   2   1   0   8   2   0   0  28   6   0   1   2  0.39 0.24
  184 I   -4 -4 -5 -6 -4 -6 -6 -7 -6  7  1 -5 -1 -3 -6 -5 -4 -5 -4  2    0   1   1   0   0   0   0   0   0  78  11   0   0   0   0   0   0   0   0  10  1.62 0.53
  185 R   -3  8 -4 -3 -6  0 -3 -5 -3 -4 -3 -1 -3 -6 -2 -2 -3 -6 -5 -2    1  82   0   1   0   2   0   0   0   1   2   1   0   0   2   2   1   0   0   3  1.76 0.60
  186 L   -4 -4 -6 -7 -4 -5 -6 -7 -6  3  6 -5  1 -2 -6 -5 -4 -5 -4 -2    0   1   0   0   0   0   0   0   0  14  84   0   2   0   0   0   0   0   0   0  1.52 0.52
  187 R   -3  8 -4 -5 -4 -2 -3 -5  1 -2 -4 -1 -3  0 -5 -3 -4  3  0 -5    1  77   0   0   0   0   0   0   3   3   0   1   0   5   0   1   0   5   3   0  1.69 0.57
  188 T   -2 -2  1 -3  0 -1 -3 -3  0 -4 -4 -1 -1 -5 -4  4  6 -2 -4 -3    0   2   6   0   1   3   0   0   2   0   0   3   1   0   0  31  50   1   0   0  0.97 0.45
  189 S   -2 -3  1  5 -5  1  1 -3  1 -4 -2 -2 -3 -4 -4  3 -2 -5  0 -4    1   0   5  40   0   7   8   0   4   1   5   1   0   0   0  25   0   0   4   0  0.74 0.35
  190 S   -1  0 -2  1 -4  0  2 -3 -1 -4 -4  2 -4 -5  6  1 -1 -5 -4 -4    5   5   1   7   0   3  13   0   1   0   1  11   0   0  38   9   4   0   0   0  0.81 0.32
  191 T    0  2  2  0 -2  0  0  1 -1 -1 -2  1 -2 -3 -1  1  0 -4 -3  0    9  12  11   4   0   2   6  13   1   3   1   7   0   0   2  11   5   0   0  11  0.14 0.11
  192 F   -5 -6 -6 -7  3 -6 -6 -6 -4 -3 -1 -6 -3  9 -7 -3 -5 -2  2 -4    0   0   0   0   5   0   0   0   0   0   5   0   0  83   0   2   0   0   3   0  2.26 0.66
  193 Q   -1  0 -1 -1 -4  2  0 -4  7 -1 -2  2 -3 -2 -4 -2 -1 -3  1  0    4   5   2   3   0  12   6   0  30   3   3  12   0   1   0   2   4   0   4  10  0.53 0.28
  194 W   -7 -7 -8 -8 -6 -6 -7 -6 -6 -7 -6 -7 -6 -3 -7 -7 -6 13 -2 -7    0   0   0   0   0   0   0   0   0   0   0   0   0   0   0   0   0  98   0   0  4.79 1.07
  195 L   -1 -5 -6 -6 -4 -4 -5 -6 -5 -1  6 -5 -1 -2 -5 -5 -4 -4 -4  0    5   0   0   0   0   0   0   0   0   1  87   0   0   0   0   0   0   0   0   5  1.43 0.50
  196 I   -4 -6 -6 -6 -4 -6 -6 -7 -6  8 -1 -6 -2 -2 -5 -5 -3 -6 -4  0    0   0   0   0   0   0   0   0   0  94   2   0   0   1   0   0   1   0   0   1  2.10 0.64
  197 P    0 -2 -3  1 -5 -3 -2  4 -4 -5 -5 -2 -5 -6  6  0 -2 -5 -5 -4    9   2   0   8   0   1   2  33   0   0   0   1   0   0  37   5   2   0   0   0  1.03 0.38
  198 D   -5 -5  0  8 -7 -4 -1 -5 -2 -7 -7 -4 -6 -7 -5 -2 -4 -8 -6 -7    0   0   3  93   0   0   1   0   1   0   0   0   0   0   0   2   0   0   0   0  2.41 0.70
  199 S   -1 -1  1  3 -2  1  2  1 -1 -4 -4  1 -3 -5 -3  3  2 -5 -4 -4    2   1   5  21   1   6  11   8   1   0   0   8   0   0   0  22  13   0   0   0  0.44 0.24
  200 A    3 -3  0 -2 -3  0  2 -3 -3  0 -3 -2 -2 -3 -3  0  0 -5 -3  2   36   0   5   1   0   4  18   0   0   3   0   1   1   0   0   4   6   0   0  21  0.42 0.27
  201 D   -4 -5 -1  8 -7 -4 -2 -5 -5 -7 -7 -4 -7 -7 -5 -4 -4 -8 -7 -7    1   0   1  97   0   0   0   0   0   0   0   0   0   0   0   0   0   0   0   0  2.59 0.73
  202 T   -2 -5 -3 -4 -4 -4 -4 -5 -5 -4 -5 -4 -4 -6 -4 -2  8 -6 -5 -3    2   0   0   0   0   0   0   0   0   0   0   0   0   0   0   1  96   0   0   0  2.21 0.73
  203 T   -3 -4 -3 -4 -4 -4 -4 -5 -5 -4 -3 -4 -2 -5 -4 -2  8 -6 -5 -3    1   0   1   0   0   0   0   0   0   0   2   0   1   0   0   0  94   0   0   0  2.10 0.71
  204 A    1 -5 -5 -5 -4 -5 -5 -5 -5  0 -2 -4 -2 -4 -5 -2  0 -5 -1  7   11   0   0   0   0   0   0   0   0   0   0   0   0   0   0   2   5   0   2  78  1.32 0.51
  205 T    1 -1  0 -1 -3 -1  0  2 -1 -3 -4  2 -2 -4 -3  2  2 -4 -3 -3   13   2   3   3   0   0   6  20   1   0   0  16   1   0   0  18  17   0   0   0  0.37 0.22
  206 S   -1 -1  4 -1 -4 -1 -2 -2  2 -4 -4  1 -3 -4 -3  4  2 -5 -3 -2    1   2  18   2   0   2   0   2   5   0   0  11   0   0   1  42  12   0   0   2  0.63 0.33
  207 T   -2 -3  1 -3 -3 -3 -3 -3 -4 -4 -4 -2 -4 -5 -4  2  7 -5 -1 -3    0   0   7   1   0   0   1   1   0   0   0   1   0   0   0  17  68   0   2   0  1.30 0.53
  208 N   -3  0  4  4 -2 -2 -1 -3  6 -3 -5 -1 -4 -3 -4  1 -1 -5 -2 -3    1   4  21  28   1   0   1   0  23   2   0   3   0   1   0  10   3   0   1   1  0.84 0.35
  209 C   -4 -5  0 -2 11 -5 -6 -6  3 -5 -5 -6 -5 -5 -6 -4 -4 -6 -5 -4    0   1   4   3  81   0   0   0   8   0   0   0   0   0   0   0   0   0   0   0  2.97 0.76
  210 A    5 -4 -3 -4 -3 -3 -3 -3 -4 -4 -4 -3 -3 -5  3  0  2 -5 -4 -1   63   0   1   0   0   0   0   0   0   0   0   0   0   0  13   3  16   0   0   3  1.05 0.44
  211 Y   -5 -5 -6 -7 -6 -5 -6 -7 -2 -5 -5 -5 -5 -1 -6 -5 -5 -1 10 -2    0   0   0   0   0   0   0   0   0   0   0   0   0   0   0   0   0   0  95   3  3.00 0.82
  212 D   -5 -5  0  8 -7 -4 -2 -4 -4 -6 -7 -4 -6 -7 -5 -4 -4 -7 -6 -6    0   0   3  96   0   0   0   1   0   0   0   0   0   0   0   0   0   0   0   0  2.51 0.71
  213 R   -5  8 -1 -5 -7 -2 -3 -6 -3 -6 -5 -1 -5 -6 -4 -4 -4 -6 -5 -6    0  95   3   0   0   0   0   0   0   0   0   0   0   0   1   0   0   0   0   0  2.40 0.71
  214 I   -4 -6 -5 -5 -4 -5 -6 -6 -6  8 -1 -5  0  1 -6 -5 -4 -4 -4  0    0   0   0   0   0   0   0   0   0  88   2   0   1   5   0   1   0   0   0   1  1.84 0.57
  215 V   -3 -5 -6 -6 -4 -5 -5 -6 -6  2 -2 -5 -2 -4 -5 -5 -3 -6 -4  7    0   0   0   0   0   0   0   0   0   7   1   0   0   0   0   0   0   0   0  90  1.78 0.58
  216 V    2 -4 -5 -5 -3 -4 -4 -4 -5  1  2 -4  0 -3 -4 -3 -2 -5 -3  6   16   0   0   0   0   0   0   1   0   3  17   0   1   0   0   0   0   0   0  61  0.95 0.39
  217 A    1  1 -2 -4  6 -2 -3 -2  6 -4 -4 -2 -3 -2 -3  1  0 -3  4 -2   14   7   1   0  17   1   0   2  23   0   0   0   0   0   0  11   5   0  14   2  0.70 0.32
  218 G   -2 -4 -3 -3 -5 -4 -5  7 -5 -6 -6 -3 -5 -6 -4 -2 -2 -5 -5 -5    1   0   0   1   0   0   0  90   0   0   0   1   0   0   0   2   2   0   0   0  1.98 0.56
  219 S    1  0 -1  2 -3  3  2 -2 -1 -3 -3  0 -2 -4 -1  1  1 -4 -2 -3   13   5   1  15   0  14  17   0   1   1   0   5   1   0   3  11  12   0   1   1  0.35 0.20
  220 L    1  2 -1  2 -3  1  2 -2  1 -3 -1  2  0 -3 -2 -1  0 -4 -3 -2   11  14   2  11   0   3  15   1   4   0   9  18   3   0   1   2   5   0   0   0  0.26 0.16
  221 L   -3 -4 -5 -6  4 -4 -5 -5 -5  2  4 -4  6  1 -5 -4 -3 -4 -3 -1    0   0   0   0   8   0   0   0   0  10  50   0  24   6   0   0   0   0   0   1  1.05 0.40
  222 Q   -2  3 -1 -3 -3  3 -1 -4 -2  1  2  2  0 -2 -2 -1 -1 -3 -2  1    2  16   2   1   0  19   1   0   0  10  20  11   2   1   1   2   2   0   1   8  0.28 0.20
  223 S    0  3  1  1 -4  2  0  1  1 -4 -4  2 -3 -4 -3  2 -1 -4 -3 -4    5  17   8   7   0  11   5   9   4   0   0  12   0   0   0  19   2   0   0   0  0.37 0.20
  224 S    4 -3 -1  1 -1 -2 -2  1 -3 -3  0 -2 -2 -3 -3  3  0  0 -3 -2   39   1   2   7   1   0   0   9   0   0   9   0   0   0   0  24   5   1   0   0  0.45 0.26
  225 V   -2 -5 -4 -5 -2 -4 -5 -5 -5  5  2 -4  0 -2 -5 -3 -2 -5 -2  5    1   0   1   0   0   0   0   0   0  36  14   0   1   0   0   1   1   0   1  43  0.98 0.37
  226 V   -2 -2 -2 -3 -3 -3  0 -3 -3  1 -1  1 -1 -2 -3 -2 -2  0 -3  6    1   1   1   1   0   0   8   2   0   3   3  10   1   1   0   2   1   1   0  62  0.71 0.33
  227 G   -1 -4 -2 -3 -5 -2 -3 -3 -2 -5 -3 -3 -1 -5  8 -1 -3 -3 -4 -4    4   1   1   1   0   2   1   2   1   0   2   1   1   0  75   5   1   0   0   1  1.92 0.53
  228 P   -2  0  4  1 -3  1  0  3  3 -4 -4  1 -3 -3 -3  0 -2 -4 -1 -3    2   5  22   7   0   8   3  28   7   0   0   7   0   0   0   5   1   0   2   1  0.49 0.24
  229 S   -1 -4 -2 -3 -4 -3 -3 -3 -4 -5 -5 -3 -5 -5 -4  7  1 -6 -4 -4    3   0   0   0   0   0   0   1   0   0   0   0   0   0   0  88   6   0   0   0  1.69 0.63
  230 A    6 -4  0 -4 -3 -3 -3 -2 -4 -4 -4 -3 -4 -5 -3 -1 -2 -5 -4 -1   84   0   5   0   0   0   1   1   0   0   1   0   0   0   1   2   1   0   0   4  1.39 0.53
  231 V    2  1  0 -1 -3  1 -1  1 -1 -3 -2  3 -2 -4 -3  0  2 -3 -3 -2   17   4   4   1   0   8   1   9   1   0   3  27   1   0   0   6  14   0   0   2  0.30 0.19
  232 P    2 -3 -4 -4 -2 -4 -3 -4 -5  2 -2 -4 -2 -4  4 -2  0 -5 -4  4   17   1   0   0   0   0   1   0   0  12   0   0   0   0  23   1   6   0   0  38  0.75 0.34
  233 F   -5 -4  2 -4 -5 -5 -5 -6  2 -3 -3 -5 -3  8 -6 -5 -5 -2  4 -4    0   0   9   1   0   0   0   0   6   0   1   0   0  68   0   0   0   0  14   0  1.84 0.57
  234 D   -4 -1  7  5 -6 -2 -2 -4 -1 -6 -5 -3 -5 -6 -5 -2 -3 -6 -3 -6    1   3  55  35   0   1   1   0   1   0   1   1   0   0   0   0   0   0   1   0  1.59 0.54
  235 F   -6 -6 -6 -7 -6 -7 -7 -7 -4 -3 -3 -6 -3  9 -7 -6 -6 -2  2 -4    0   0   0   0   0   0   0   0   0   1   0   0   0  93   0   0   0   0   5   0  2.71 0.73
  236 Q   -2 -1 -3  1 -5  7  0 -4  2 -5 -5  1  2 -5  2 -2 -2 -5 -4 -5    3   2   0   8   0  56   2   0   4   0   0   7   5   0  10   1   1   0   0   0  1.15 0.49
  237 A    1  2 -1 -1 -4  1  3 -2 -2 -3 -2  4 -1 -4 -3 -1  0 -4 -3 -2   12  13   1   1   0   6  20   2   0   1   3  29   1   0   0   3   6   0   0   3  0.44 0.24
  238 A    4 -2  0  1 -3 -1  3 -2 -1 -3 -4  0 -3 -3 -3  1  1 -4 -2 -2   36   1   4   6   0   1  27   1   1   1   0   4   0   1   0   7   8   0   1   2  0.49 0.28
  239 Y   -5 -5 -6 -6 -5 -5 -6 -6 -2 -3  1 -5 -2  7 -6 -5 -5 -2  7 -3    0   0   0   0   0   0   0   0   0   0  11   0   0  52   0   0   0   0  34   1  1.83 0.56
  240 G   -2  1  2  0 -5  3 -1  4  4 -5 -4  1 -4 -5 -4 -1 -3 -5 -3 -4    1   8   9   4   0  15   2  33  14   0   1  10   0   0   0   2   0   0   0   0  0.65 0.30
  241 L   -4 -4 -6 -6 -4 -5 -6 -6 -6  0  6 -5  4 -2 -6 -5 -4 -4 -4 -2    0   1   0   0   0   0   0   0   0   2  88   0   8   0   0   0   0   0   0   0  1.62 0.55
  242 S   -2 -3  0  1 -2  2  0 -3 -3 -4 -4 -2 -3 -4 -3  4  5 -5 -4 -3    1   0   2   8   0   8   5   0   0   0   0   1   0   0   0  31  40   0   0   0  0.80 0.40
  243 N   -3 -2  1  2 -3  4  5 -2  0 -4 -3  0 -2 -3 -3  0 -2 -4  1 -4    0   0   7  10   0  17  41   2   2   1   2   3   1   0   1   6   2   0   5   1  0.69 0.33
  244 E    0 -2 -2  0 -3  2  5 -4 -3 -4 -4  2 -3 -5 -3  0  0 -5 -3 -4    6   0   0   4   0   9  51   0   0   1   1  14   0   0   0   6   6   0   0   1  0.84 0.38
  245 M   -3 -2 -2  2 -5  4  5 -4 -3 -4  0 -1  3 -4 -4 -3 -2 -2 -4 -3    0   0   0  12   0  24  39   1   0   0  10   2   9   0   0   0   1   1   0   1  0.81 0.39
  246 A    7 -5 -5 -5 -4 -4 -4 -3 -5 -5 -5 -4 -4 -6 -4 -2  0 -6 -5 -3   93   0   0   0   0   0   0   0   0   0   0   0   0   0   0   0   6   0   0   0  1.78 0.64
  247 L   -3 -4 -5 -4 -4 -1  0 -5 -5 -1  6  0 -1 -3 -5 -4 -3 -3 -3 -2    1   0   0   1   0   2   6   0   0   0  81   6   0   0   0   1   1   0   0   0  1.15 0.47
  248 A    4 -1  1  2 -3  0  2  0 -3 -4 -4  0 -3 -5 -3  0 -2 -5 -4 -3   45   3   7  12   0   3  12   6   0   0   0   6   0   0   0   5   0   0   0   0  0.52 0.29
  249 I   -3 -6 -6 -6 -4 -5 -6 -6 -6  5 -2 -5 -2 -3 -5 -5 -3 -6 -4  6    0   0   0   0   0   0   0   0   0  30   0   0   0   0   0   0   0   0   0  69  1.60 0.54
  250 S   -2 -4 -3 -4 -4 -4 -4 -4 -4 -6 -6 -4 -5 -6 -4  7 -2 -6 -5 -5    0   0   0   0   0   0   0   0   0   0   0   0   0   0   0 100   0   0   0   0  2.16 0.75
  251 D   -5 -5 -2  8 -7 -4 -2 -5 -5 -7 -7 -4 -7 -7 -5 -4 -5 -8 -7 -7    0   0   0 100   0   0   0   0   0   0   0   0   0   0   0   0   0   0   0   0  2.74 0.77
  252 H   -6 -4 -3 -5 -7 -3 -4 -6 11 -7 -7 -5 -6 -5 -5 -5 -6 -6 -2 -7    0   0   0   0   0   0   0   0  99   0   0   0   0   0   1   0   0   0   0   0  3.68 0.91
  253 Y   -5 -6 -6 -7 -6 -5 -6 -6 -2 -4 -4 -6 -4  7 -7 -5 -5  1  8 -4    0   0   0   0   0   0   0   0   0   0   0   0   0  45   0   0   0   1  54   0  2.32 0.65
  254 P   -5 -6 -6 -5 -7 -5 -5 -6 -6 -5 -7 -5 -6 -7  9 -5 -5 -8 -7 -6    0   0   0   0   0   0   0   0   0   1   0   0   0   0  99   0   0   0   0   0  3.24 0.82
  255 V   -3 -6 -6 -6 -4 -5 -6 -6 -6  2 -2 -6 -2 -4 -6 -5 -3 -6 -4  7    0   0   0   0   0   0   0   0   0   6   1   0   0   0   0   0   0   0   0  93  1.92 0.62
  256 E   -4 -4 -4 -2 -4 -1  8 -4 -4 -7 -6 -3 -6 -7 -5 -4 -4 -6 -6 -6    0   0   0   0   1   1  98   1   0   0   0   0   0   0   0   0   0   0   0   0  2.31 0.72
  257 V   -2 -5 -6 -6 -4 -5 -5 -6 -6  0 -1 -5  1  3 -5 -5 -3 -5 -3  7    1   0   0   0   0   0   0   0   0   2   3   0   3  14   0   0   0   0   0  77  1.44 0.51
  258 T   -2 -1 -1  1 -2  1  4 -3 -3 -4 -2  2 -1 -5 -3 -1  4 -5 -2 -3    1   1   2   6   1   4  35   0   0   0   4  15   1   0   0   1  26   0   1   0  0.63 0.32
  259 L   -4 -5 -7 -7 -4 -5 -6 -7 -6 -1  6 -6  0  0 -6 -6 -4 -5 -4 -2    0   0   0   0   0   0   0   0   0   0  97   0   1   2   0   0   0   0   0   0  1.77 0.56
  260 T    0 -2  0 -1 -2 -1 -1 -2 -2 -2 -3 -1 -2 -3 -2  4  5 -4 -3 -1    0   0   0   0   0   0   0   0   0   0   0   0   0   0   0  45  55   0   0   0  0.69 0.14

                      K         Lambda
Standard Ungapped    0.1317     0.3180
Standard Gapped      0.0595     0.2670
PSI Ungapped         0.1947     0.3156
PSI Gapped           0.0595     0.2670
