
Last position-specific scoring matrix computed, weighted observed percentages rounded down, information per position, and relative weight of gapless real matches to pseudocounts
           A  R  N  D  C  Q  E  G  H  I  L  K  M  F  P  S  T  W  Y  V   A   R   N   D   C   Q   E   G   H   I   L   K   M   F   P   S   T   W   Y   V
    1 M   -3 -3 -4 -5 -3 -2 -4 -5 -4 -1  2 -3  9 -2 -5 -4 -3 -3 -3 -1    0   0   0   0   0   0   0   0   0   0  10   0  90   0   0   0   0   0   0   0  1.79 0.38
    2 N    0 -2  5 -1 -3  1 -1 -1  2 -4 -4 -1 -1  0 -3  3 -1 -4  0 -3    6   0  42   1   0   6   0   2   4   0   0   0   2   4   0  28   1   0   3   0  0.58 0.21
    3 K    0  2 -2 -2 -4  2 -1 -2  0 -3 -3  5  2 -4  0  0 -2 -2 -3 -2    6  10   0   0   0   8   0   2   2   0   0  52   7   0   4   7   0   1   0   1  0.57 0.22
    4 W   -3 -2 -5 -6 -4 -4 -5 -5 -4  1  2 -4  2  4 -5 -4 -2  9  0  0    1   2   0   0   0   0   0   0   0   6  23   0   7  20   0   0   3  34   0   4  1.21 0.32
    5 L   -2 -4 -5 -5 -3 -3 -4 -5 -2  2  4 -3  5 -1 -3 -3 -2 -3 -1  0    2   0   0   0   0   0   0   0   1  13  53   1  18   1   1   2   1   0   2   4  0.77 0.30
    6 C   -2 -3 -3 -5  7 -4 -4 -3 -4  0  1 -4 -2  4 -5 -1 -2  6  0  1    2   1   1   0  26   0   0   1   0   3  16   0   0  17   0   6   1  13   2   9  0.81 0.31
    7 C    3 -3 -3 -4  7 -3 -3  0 -4 -1 -1 -3  1 -1  0  0  1 -4 -3  0   27   1   0   0  28   0   0   5   0   2   3   1   4   2   4   7   8   0   0   7  0.62 0.28
    8 A    3 -3 -3 -3 -2 -2 -1 -1 -3 -1 -1 -3  0 -3  4  1  3 -4 -3  0   29   0   0   0   0   1   2   3   0   2   5   0   2   1  20  10  19   0   0   6  0.47 0.25
    9 L   -3 -3 -5 -6 -4 -4 -5 -6 -5  1  5 -5  1  1 -5 -2 -2  0 -3  1    1   1   0   0   0   0   0   0   0   4  71   0   3   5   0   4   1   1   0   8  1.00 0.40
   10 L    0 -4 -5 -5  0 -3 -4 -4 -4  0  4 -4  1  2 -1 -2 -2 -4 -2  3    9   0   0   0   2   1   1   1   0   1  44   0   2   8   3   2   1   0   0  27  0.59 0.29
   11 V   -1 -4 -5 -4 -3 -4 -5 -4 -5  1  4 -4  0  3 -1 -3 -3 -4 -2  3    5   0   0   1   0   0   0   1   0   5  50   0   1  11   3   1   0   0   0  22  0.71 0.32
   12 L   -1 -4 -4 -2 -1 -3 -3  0 -2  0  4 -4  0  4 -3 -3 -2 -3 -2 -1    5   0   0   3   1   1   2   9   1   2  46   0   1  23   1   1   2   0   0   4  0.57 0.29
   13 L   -1 -4 -4  2 -2 -4 -3 -4 -4  1  4 -4  0 -1 -1 -1  0 -2 -1  0    3   0   0  12   1   0   0   1   0   6  53   0   1   2   3   5   7   1   1   5  0.52 0.29
   14 D    2 -2 -2 -2 -1  2 -2  1 -1  2  0 -2  0 -2 -1  1 -1 -4 -3  0   24   1   1   2   1  14   1  11   1  14   7   0   2   1   3  11   2   0   0   5  0.19 0.18
   15 I    0 -2 -1  1 -1 -1  1 -1 -2  0  1 -2  0  1 -2  2  0 -3 -2  1    6   1   1   7   1   2  11   3   0   3  16   0   1   7   1  24   3   0   0  11  0.14 0.16
   16 I   -1  0 -3 -4 -2 -3 -3 -3 -3  3  3 -3  0  1  0 -2 -1 -3 -2  3    4   6   0   0   1   0   1   2   1  16  30   1   2   5   4   3   4   0   0  21  0.32 0.18
   17 E    0 -1 -1 -2  2  1 -1  2  0 -1 -1  2 -1 -3  0  2 -1 -2 -2 -1    6   2   1   1   6   8   3  16   2   2   6  15   1   0   4  18   3   1   1   5  0.15 0.13
   18 W    0 -4 -3 -3  5 -3 -2  0 -4 -2  0 -4 -2 -1 -3  0  2  9 -2 -3    9   0   1   1  12   1   2   8   0   1   9   0   1   2   1   6  13  32   0   1  1.02 0.39
   19 T    3 -2 -2 -1 -1 -1 -2  1 -3 -2 -2 -2 -2 -3 -1  1  4 -4 -4 -1   32   1   1   3   1   3   1   9   0   1   2   1   0   1   2   9  30   0   0   2  0.48 0.29
   20 T    2 -1 -1 -2 -1  0 -1  0 -2  0 -1 -1 -1 -1  2  2  2 -1 -3  0   22   2   2   0   1   3   2   7   1   5   4   1   1   3  11  15  15   1   0   5  0.21 0.16
   21 Q    1 -2  0 -3 -4  5  1  2  1 -4 -3  0 -3 -4 -2  0 -1 -4 -4 -1   12   1   4   0   0  38   6  14   3   0   2   3   0   0   1   6   4   0   0   5  0.55 0.31
   22 E    0  0 -1  2 -3  2  2 -1  3 -2 -2 -1 -1 -2  1  0  1 -3 -1 -1    9   3   1  10   0  14  16   3   9   1   2   1   1   1   7   5  11   0   2   4  0.24 0.15
   23 T    2 -2  0  0  1  0 -1 -1 -2 -2 -2 -1 -2 -3  2  2  2 -3 -3 -1   17   1   4   6   3   4   3   3   1   2   2   1   1   1  11  20  17   0   0   4  0.27 0.16
   24 L    0 -1 -1  0 -2 -1  0 -2 -2  0  1 -1 -1  1  1  2  0 -2  0  1    4   3   2   4   0   2   5   1   0   2  21   1   1   7   6  22   4   0   3  12  0.12 0.12
   25 P    0 -3 -1 -2  0 -1 -2 -2 -3 -1 -3 -2 -2 -4  6  0  2 -4 -3  0    9   1   3   2   3   3   2   2   0   4   2   1   1   0  37   6  18   0   0   5  0.70 0.27
   26 P    0  0 -4 -4 -4 -2 -3  0 -2 -5 -3 -3 -3 -6  7 -2 -1 -6 -3 -5    7   6   0   0   0   2   0   8   1   0   3   0   1   0  64   1   3   0   1   0  1.59 0.53
   27 K   -3 -1 -2 -4 -4  2 -2 -4  0 -4 -4  3 -3 -5  1  1  6 -5 -4 -3    0   2   0   0   0   8   0   0   2   0   0  21   0   0   6  10  49   0   0   1  0.93 0.46
   28 Y   -5 -1 -5 -6 -6 -5 -5 -6  3 -4 -3 -5 -4  4 -6 -5 -1  1  9 -2    0   3   0   0   0   0   0   0   7   1   2   0   0  13   0   0   4   2  66   2  1.98 0.65
   29 L   -2  1 -1 -2 -4  4  2 -4  1 -2  0 -1 -1 -4  2 -1  0  4 -1 -3    1   9   2   1   0  25  14   0   4   1  10   2   1   0  13   2   5   7   1   1  0.45 0.27
   30 H   -5  0 -2 -5 -6 -1 -3 -5  8 -5 -5 -3 -4  3  0 -4 -4  9  3 -4    0   5   1   0   0   3   1   0  35   0   0   1   0  12   4   1   0  25  10   1  1.66 0.56
   31 Y   -4  4 -3 -2 -5  0 -3 -4  0 -2 -2  2 -3  0 -4 -3  1  2  6 -1    0  22   0   2   0   3   0   1   2   1   3  15   0   2   0   0   9   2  32   5  0.75 0.37
   32 D   -3 -5 -1  8 -7 -4  0 -5 -4 -5 -5 -3 -3 -6 -5 -4 -4 -7 -1 -5    2   0   1  88   0   0   3   0   0   0   1   1   1   0   0   0   1   0   2   0  2.21 0.70
   33 P    2  2 -3 -1 -4  0  2 -3  0 -4 -3 -1 -3 -4  6 -1 -2 -3 -4 -3   17  11   0   3   0   5  13   1   2   0   2   2   0   0  38   2   1   0   0   1  0.84 0.36
   34 E    1  0 -1  0 -3 -1  3 -1 -1  0 -1 -1 -1 -2 -3  0  1 -4 -2  2   13   5   1   4   0   0  25   4   1   6   3   2   1   1   0   4  10   0   1  18  0.21 0.18
   35 T   -1 -4 -3 -4 -4 -3 -3 -4 -4 -4 -2 -4 -3 -5 -1  2  7 -5 -4 -3    5   0   0   0   0   0   1   0   0   0   4   0   0   0   3  16  68   0   0   0  1.34 0.55
   36 G   -1  2  2 -2 -4 -1 -2  5  0 -4 -4 -1 -4 -4 -3  1 -2 -4 -3 -4    2  13  11   1   0   2   1  45   2   1   1   2   0   1   0  13   1   0   1   1  0.71 0.30
   37 H   -1  2 -1  0 -4  2  4 -3  1 -2 -2  2 -1 -3 -2  0  0 -4 -2 -1    2  12   2   3   0  10  30   1   4   1   4  10   1   1   1   8   5   0   1   5  0.36 0.20
   38 Q   -2  0 -1 -2 -4  5  0 -3 -1 -1 -1  2  0 -3  0 -1  0  5 -2  0    2   4   3   0   0  29   5   1   1   3   4  15   2   1   4   5   5   9   1   6  0.43 0.25
   39 L   -3 -2 -2 -4 -3 -3 -4 -5 -3  0  5 -1  3 -1 -4 -2 -3 -4 -2  1    1   3   2   0   0   0   0   1   1   3  62   4   9   2   0   2   0   0   1   9  0.79 0.33
   40 L   -2 -3 -3 -4  7  0 -3 -5 -4  0  0 -2  2 -2 -4 -2  4 -4 -1  2    1   1   0   0  27   4   1   0   0   4  10   1   6   2   0   2  25   0   2  13  0.75 0.35
   41 C   -5 -8 -7 -8 12 -7 -8 -7 -8 -6 -6 -8 -6 -7 -7 -5 -5 -7 -7 -5    0   0   0   0 100   0   0   0   0   0   0   0   0   0   0   0   0   0   0   0  4.27 1.04
   42 D   -1 -3  0  6 -5  2  0 -3  0 -5 -5 -2 -4 -4 -2  3 -2 -5  1 -4    6   0   3  42   0  11   2   1   2   0   0   2   0   0   1  22   0   0   6   0  0.85 0.40
   43 K   -3  2 -3 -4 -6  6 -1 -5 -2 -5 -3  5  1 -4 -4 -2 -3  1 -4 -5    1  10   0   0   0  44   2   0   0   0   3  32   4   1   0   2   0   2   0   0  1.22 0.52
   44 C   -5 -8 -7 -8 11 -7 -8 -7 -7 -6 -6 -7 -6 -7 -7 -5 -5 -7 -7 -5    0   0   0   0  93   0   0   0   0   0   0   0   0   0   0   0   0   0   0   0  3.86 1.04
   45 A   -3 -3 -6 -5 -7  0 -4 -6 -3 -7 -6 -3 -6 -8  8 -3 -5 -8 -7 -6    2   1   0   0   0   5   1   0   0   0   0   1   0   0  88   1   0   0   0   0  2.74 0.81
   46 P    2 -6 -5 -5 -6 -5 -5 -5 -6 -6 -4 -4 -6 -7  8 -1 -4 -7 -6 -6   15   0   0   0   0   0   0   0   0   0   1   0   0   0  78   5   0   0   0   0  2.38 0.73
   47 G   -4 -6 -4 -5 -6 -6 -6  8 -6 -8 -8 -5 -7 -7 -6 -4 -5 -6 -7 -7    0   0   0   0   0   0   0 100   0   0   0   0   0   0   0   0   0   0   0   0  2.62 0.77
   48 T   -3 -4 -1 -3 -2  2 -2 -5  1 -4 -4 -3 -1 -1 -4 -1  6 -4  3 -4    1   0   2   1   1  11   1   0   3   0   0   1   1   2   0   3  62   0  11   0  1.18 0.53
   49 Y   -3  0 -4 -5 -2 -4 -5 -3  5 -4 -4 -4 -4  5 -6 -3 -4 -2  7  0    2   7   0   0   1   0   0   2  16   0   0   0   0  27   0   2   0   0  36   7  1.31 0.50
   50 L   -1 -2 -5 -5 -4 -3 -3 -6 -5 -1  2  1  3 -3 -5 -4 -3 -5 -4  5    3   2   0   0   0   0   1   0   0   0  20  12   8   0   0   0   0   0   0  54  0.92 0.44
   51 K    2  2 -2 -3 -4  2 -1 -2 -2 -3 -2  4 -3 -4 -3  2  0 -5 -4 -1   16   9   1   0   0  12   1   2   0   1   3  29   0   0   0  17   5   0   0   4  0.45 0.29
   52 Q    1  2 -1 -2 -4  4  2 -2  1 -3 -4  3 -3 -4 -3  1  0 -4 -3 -2   13  12   1   1   0  26  10   1   3   1   0  16   0   0   0   8   4   0   0   3  0.52 0.30
   53 H   -1 -1 -3 -2 -6 -2 -3 -5  9 -5 -3 -4 -4  1  3  0 -3 -5  0 -4    6   3   0   2   0   1   1   0  50   0   3   0   0   7  15   8   1   0   2   1  1.39 0.54
   54 C   -5  0 -7 -8 11 -7 -4 -3 -7 -6 -6 -7 -6 -7 -7 -5 -5 -7 -7 -5    0   6   0   0  91   0   1   2   0   0   0   0   0   0   0   0   0   0   0   0  3.69 0.99
   55 T   -2 -1  0 -2 -4 -4 -4 -1 -4 -4 -5 -3 -3 -6  1  3  6 -6 -5 -4    2   3   5   1   0   0   0   4   0   0   0   0   0   0   6  24  55   0   0   0  1.13 0.55
   56 V    2  4  0 -2 -4  1  0 -2  2 -4 -3  2 -2 -4  2  0 -1 -5 -3 -3   18  23   4   1   0   4   5   1   6   0   1  13   1   0  11   7   4   0   0   1  0.41 0.26
   57 R   -2  0 -1  4 -4 -1  1 -3  0 -3 -3 -2 -2 -3 -4  1  4 -5 -4 -3    2   6   1  27   0   1  11   1   2   1   2   1   1   1   0  12  30   0   0   1  0.62 0.36
   58 R    0  3 -1 -2 -3  2 -1 -2 -1 -3 -3  0 -2 -4  1  3  2 -2 -3 -1    4  17   2   1   0   9   2   1   2   1   1   5   1   0   5  31  13   1   0   5  0.39 0.27
   59 K   -1 -1  1  4 -4  1 -1 -2 -2 -3  0  2 -2 -4  4 -2 -2 -5 -4 -1    4   2   8  23   0   6   3   2   1   0   9  12   0   0  23   1   1   0   0   5  0.51 0.27
   60 T   -2  3 -3 -4 -4 -3 -1 -4 -4 -4 -4 -3 -4 -5 -4  0  7 -5 -4 -3    1  14   0   0   0   0   5   1   0   0   1   1   0   0   0   7  69   0   0   0  1.38 0.59
   61 L   -2 -2 -2  2 -4  2  3 -4 -2 -1 -1  1  0 -3 -3 -2  1 -3 -3  4    1   1   0  10   0   9  19   0   1   1   4   8   2   1   0   0   7   0   0  34  0.41 0.28
   62 C   -4 -6 -6 -6 12 -6 -6 -6 -6 -5 -5 -6 -5 -6 -6 -5 -5 -6 -6 -5    0   0   0   0  94   0   0   0   0   0   1   0   0   0   0   0   0   0   0   0  3.86 0.99
   63 V    3 -1 -1 -1 -3  1  0  0 -2 -2 -2  0  2 -3 -3  2  0 -4 -3 -1   26   1   1   3   0   8   7   8   0   1   4   6   6   0   0  20   3   0   0   5  0.26 0.21
   64 P    0  3 -3 -1 -5 -2 -3 -4 -3 -4 -4 -1 -4 -4  7  0 -1 -5 -5 -4    8  15   0   3   0   1   1   1   1   1   1   2   0   1  54   6   4   0   0   1  1.31 0.49
   65 C   -4 -6 -6 -6 12 -6 -6 -6 -6 -5 -5 -6 -5 -6 -6 -5 -5 -6 -6 -5    0   0   0   0  94   0   0   0   0   0   1   0   0   0   0   0   0   0   0   0  3.86 0.99
   66 P   -2  0 -3 -2 -5 -2  1  1 -4 -4 -4 -2 -4 -5  7 -1 -3 -5 -5 -5    3   7   1   2   0   1  11  10   0   1   1   2   0   0  57   4   0   0   0   0  1.37 0.50
   67 D    0  0  1  4 -4  0  2 -3 -2 -4 -4  0 -3 -4  4  0 -2 -1 -4 -3    6   4   5  28   0   4  13   1   1   0   1   4   1   0  21   7   2   1   0   2  0.60 0.28
   68 H   -2  1  2  0 -4  0  0  4  2 -4 -1 -1 -2 -4 -3  1 -2 -4 -3 -4    1  10  10   6   0   5   5  34   5   0   8   2   1   0   0  11   0   0   1   0  0.43 0.24
   69 S   -2 -2 -2 -3  0  1 -1 -4  7 -4 -3 -3 -1 -1 -4  1  4 -4  2 -4    1   1   0   0   2   7   2   0  31   0   1   0   2   2   0   9  30   0   8   0  0.94 0.44
   70 Y   -5 -5 -5 -6 -5 -5 -5 -6 -2 -4 -4 -5 -4  6 -6 -5 -5 -2  8 -4    0   0   0   0   0   0   0   0   0   0   1   0   0  35   0   0   0   0  59   0  2.25 0.72
   71 T    0 -4 -2 -4 -4 -3 -3 -4 -4 -3 -2 -3 -3 -5 -4  2  7 -5 -4 -1    6   0   1   0   0   0   1   0   0   0   3   0   0   0   0  12  70   0   0   4  1.37 0.58
   72 D    0  2  2  2 -4  4  3 -3  0 -4 -4  1 -3 -5 -3  0 -2 -4 -3 -4   10  10   9   9   0  24  22   1   2   0   1   5   0   0   0   5   0   0   0   0  0.56 0.31
   73 S   -2 -1  0 -1 -3 -2  1 -1  4  1  1 -2 -1  3 -3 -1 -2 -2  3  0    0   2   5   3   0   1  10   5  12   7  16   1   1  13   0   5   1   0  11   7  0.21 0.17
   74 W   -2 -2 -5 -4 -4 -4  2 -5 -3 -5 -4 -3 -4 -3 -4 -4 -1 11  0 -4    4   2   0   1   0   0  15   0   1   0   1   2   0   0   1   1   4  63   2   1  2.55 0.76
   75 H   -4 -3  8 -2 -5 -3 -3 -4  4 -5 -5 -3 -5 -1 -5  1 -3 -6 -4 -5    0   0  69   1   0   0   0   0  10   0   1   0   0   2   0  12   1   0   0   0  1.73 0.63
   76 T   -2  1 -2 -4 -4  0 -3  2  2 -4 -3 -2 -3  0 -3  1  0  6  6 -3    2   8   1   0   0   5   0  14   5   0   2   2   0   2   1  13   5  10  30   1  0.65 0.33
   77 S   -1 -2  0 -2 -3 -2 -1 -1 -2  2  2  1  0 -2 -3  1 -1 -3 -2  1    4   1   4   2   0   0   3   4   1  17  24  12   1   1   0  11   3   0   0  11  0.17 0.16
   78 D    0 -2 -1  3 -4  1  4 -2 -1 -3 -3 -2 -3 -4  4 -1 -1 -4 -3 -4    9   2   2  15   0   5  29   3   2   2   2   1   0   0  22   4   2   0   1   0  0.60 0.30
   79 E   -1  4 -2 -2 -4  3  3 -3  0 -3 -3  3 -2 -4  0 -1  0 -2 -3 -3    3  26   1   1   0  14  18   1   2   1   1  16   1   0   5   2   5   1   1   1  0.56 0.29
   80 C   -4 -6 -5 -6 11 -6 -6 -5 -6 -5 -5 -6 -5 -5 -6 -4 -4 -5 -5 -4    1   0   0   0  93   0   0   1   0   0   1   0   0   0   0   1   0   0   0   0  3.71 0.95
   81 V   -1  3 -2  0 -2  2 -2 -4  5 -2  3 -2 -2  2 -4 -3 -3 -3 -1 -2    4  17   1   6   1  11   0   0  16   1  28   1   0  10   0   0   0   0   1   2  0.47 0.29
   82 Y    1  2 -2 -1 -4 -2 -2 -3 -1 -3 -2  0 -1  0  0  1 -1 -1  6 -2   13  12   1   3   0   1   1   1   0   0   3   4   2   1   6  11   3   0  35   2  0.58 0.33
   83 C   -4 -6 -5 -6 11 -6 -6 -6  4 -5 -5 -6 -5 -5 -6 -4 -4 -6 -5 -5    0   0   0   0  85   0   0   0   9   0   1   0   0   0   0   0   0   0   0   0  3.43 0.91
   84 S   -2  2  4  0 -4  0 -2  0 -2 -3 -4 -1 -3 -4 -3  3  1 -4 -4 -1    1  11  27   4   0   3   0   7   0   0   1   3   0   0   0  25  10   0   0   6  0.52 0.30
   85 P    0 -1  2 -1 -3  0 -1 -2 -1 -1 -2  0 -2 -3  2  2  0 -4 -2  2    8   3  12   2   0   5   2   1   1   2   1   6   0   0  11  18   4   0   1  23  0.26 0.21
   86 V   -2  1 -3 -4  6 -3 -3 -4 -3  2 -1 -3 -1  2  4 -2 -2 -3 -2  2    2   9   0   1  17   0   1   1   0  13   3   1   2  10  21   3   1   0   1  14  0.57 0.27
   87 C   -1 -5 -5 -4 11 -4 -6 -5 -5 -5 -4 -5 -5 -5 -4  1 -3 -5 -5 -4    4   1   0   1  77   1   0   0   0   0   2   0   0   0   1   9   1   0   0   1  2.79 0.80
   88 K    0  1  0 -1 -3  0  1  2 -1 -3 -3  3 -1 -3  1  1  0 -4 -2 -2    9   8   3   2   0   3   8  17   1   1   1  20   2   1   7  13   4   0   1   1  0.27 0.17
   89 E    0  0 -2  0 -4  1  4 -2  0 -3 -1  1 -3  0 -1  0 -1  2 -2 -2    7   4   1   5   0   5  38   2   2   1   8   7   0   4   3   6   2   3   1   1  0.38 0.24
   90 L   -2  1  2  2 -4 -1 -1  2  2 -3  0  0 -2 -3  2 -1 -2 -4 -2 -3    0  11  12  14   0   1   1  19   6   0  12   4   1   0  10   4   0   0   1   1  0.31 0.21
   91 Q   -3 -1 -3 -3 -5  6  2 -3 -3 -3  2 -2  3  2 -4 -3 -3 -4 -3 -3    0   2   0   0   0  43  12   2   0   0  18   1   9   9   0   0   0   0   0   1  0.88 0.44
   92 S   -2  0 -3 -3 -3 -1  2 -4  0  2  0 -1  0  0 -4 -2 -2 -3  2  4    1   5   0   0   0   2  16   0   2   9   7   2   1   2   0   1   1   0   9  39  0.43 0.28
   93 V   -2 -3 -3 -1 -4  1  5 -4 -3 -2 -1 -2 -1 -4 -4 -3 -1 -5 -4  3    2   1   0   2   0   6  50   0   0   1   6   1   1   0   0   0   3   0   0  25  0.86 0.43
   94 K    0  0  1 -2 -4 -1  0 -3 -3  0 -2  5 -2 -4 -3 -1  1 -4 -3  1   10   3   6   1   0   1   5   0   0   7   3  39   0   0   0   2   9   0   0  13  0.42 0.28
   95 Q   -2  2 -2 -3 -4  6  1 -4  1 -2 -1  1 -2 -3 -4 -2  1  0 -2 -1    2  12   1   0   0  43   6   1   4   2   5   6   0   1   0   1   9   1   1   4  0.70 0.38
   96 E    1 -1 -2 -2 -4  2  3 -2  0 -4 -4  0 -3 -5  5 -2  0 -5 -4 -3   14   3   2   0   0   9  23   2   3   0   1   5   0   0  30   1   6   0   0   1  0.71 0.34
   97 C   -4 -6 -6 -6 11 -6 -6  1 -6 -5 -5 -6 -5 -6 -6 -4 -4 -5 -6 -4    0   0   0   0  85   0   0   9   0   0   1   0   0   0   0   0   0   0   0   0  3.33 0.90
   98 N   -1 -2  5 -1 -4 -2 -2 -1 -1 -3 -4 -3 -3 -4 -3  2  5 -5 -4 -3    5   1  25   2   0   1   1   3   1   1   1   1   0   0   0  17  39   0   0   0  0.83 0.42
   99 R    3  2 -2 -3 -3  0 -2 -1 -3 -3 -2  0  0  0  2  2  0 -2 -3 -1   33  11   1   0   0   3   1   3   0   0   2   4   2   5   8  18   3   1   0   3  0.34 0.25
  100 T   -1 -2  1 -1 -3  0 -1 -3 -2 -2  0  0 -1 -1 -3  1  5 -2 -2 -1    3   1   5   4   0   4   3   0   1   1   9   5   1   2   0   8  48   1   1   3  0.56 0.34
  101 H   -3  0  0 -3 -5  4 -2 -3  8 -5 -4 -2 -2 -4 -4  1  2 -3 -2 -3    1   3   4   0   0  22   0   1  38   0   1   1   1   0   0  12  11   0   0   1  1.16 0.49
  102 N   -5 -4  7  5 -6 -3 -3 -3 -3 -7 -7 -2 -6 -7 -4  0 -2 -7 -6 -6    0   0  55  35   0   0   0   1   0   0   0   1   0   0   1   5   2   0   0   0  1.73 0.65
  103 R   -5  8  1 -5  2 -1 -3 -5 -1 -6 -4 -2 -5 -6 -5 -3 -1 -6 -5 -5    0  78   6   0   5   2   0   0   1   0   1   0   0   0   0   1   5   0   0   0  1.88 0.68
  104 V    0 -2 -4 -4 -3  0  1 -5 -4  3  0 -2 -1 -3 -4 -3 -2 -5 -3  5    8   2   0   0   0   5   9   0   0  18   4   2   0   0   0   0   1   0   1  48  0.70 0.37
  105 C   -5 -7 -7 -7 12 -7 -8 -7 -7 -5 -6 -7 -6 -7 -7 -5 -5 -6 -7 -5    0   0   0   0  98   0   0   0   0   0   0   0   0   0   0   0   0   0   0   0  4.16 1.09
  106 E    0  2 -2 -2 -2  3  4 -3 -1 -3 -4 -2 -3 -5 -4  0  2 -5 -4 -2    7  12   0   0   1  17  36   1   1   2   0   0   0   0   0   6  15   0   0   2  0.69 0.40
  107 C   -4 -7 -6 -7 11 -7 -7 -3 -7 -5 -5 -7 -6 -6 -2 -1 -5 -6 -6 -5    0   0   0   0  91   0   0   2   0   0   0   0   0   0   2   4   0   0   0   0  3.63 0.99
  108 E   -1  3 -2 -2 -4  3  1 -3 -2 -2 -2  3 -1 -4  3 -2 -1 -5 -4 -1    5  18   1   1   0  15   8   1   0   2   3  19   2   0  16   1   4   0   0   4  0.48 0.27
  109 E    0 -2 -3  0 -5  3  3 -3 -3 -5 -3 -2 -4 -6  6 -1 -2 -5 -5 -4    9   1   0   4   0  16  19   1   0   0   3   1   0   0  40   4   1   0   0   0  1.04 0.45
  110 G   -3 -4  1 -1 -6 -4 -4  7 -1 -7 -6 -1 -6 -6 -5 -1 -4 -6 -6 -6    0   1   7   3   0   0   0  78   1   0   0   4   0   0   0   5   0   0   0   0  1.69 0.59
  111 R   -3  2 -4 -4  2 -1 -1 -5  0 -3  0 -1  2  4 -5 -1  0  4  5 -3    0  11   0   0   6   2   4   0   2   0   7   3   7  18   0   4   5   5  26   0  0.66 0.34
  112 Y   -5 -5 -4 -6 -6 -5 -5 -1  3 -4 -4 -5 -4  6 -6 -4 -5 -1  8 -5    0   0   0   0   0   0   0   6   7   0   0   0   0  34   0   1   0   0  50   0  1.93 0.67
  113 L    0 -2 -4 -4  7  1 -2 -4 -3  0  2 -3  1  0 -4  1 -2  2  1 -2    8   2   0   0  25   6   3   0   0   6  20   0   3   3   0  15   1   2   4   0  0.55 0.31
  114 E   -1 -1  1  3 -4  0  3 -3  3 -3 -2 -1  0 -2 -3  1  1 -4  0 -2    2   3   6  15   0   3  23   0  10   1   2   2   2   1   0  12  11   0   4   3  0.36 0.24
  115 I    0 -3  1 -2  7 -2 -2 -1 -1  0  0 -3  4 -1 -4 -1 -2 -2  0  0    8   0   9   3  25   1   3   5   1   6   9   1  12   3   0   2   1   0   4   7  0.44 0.26
  116 E   -1  1 -1  3 -5  0  4  2  0 -3 -4  0 -2 -4 -3 -1  1 -5 -2 -3    4   9   1  15   0   2  34  14   2   1   1   3   1   0   0   4   9   0   1   1  0.50 0.30
  117 F   -2  0 -4 -5 -4  1 -3 -5 -3  0  1 -3  1  6 -5 -2  2 -3  0 -1    2   5   0   0   0   6   1   0   0   4  12   1   3  45   0   1  12   0   2   3  0.80 0.39
  118 C   -5 -8 -7 -8 12 -8 -8 -7 -8 -6 -6 -8 -6 -7 -8 -5 -5 -7 -7 -5    0   0   0   0 100   0   0   0   0   0   0   0   0   0   0   0   0   0   0   0  4.32 1.14
  119 L    0  0 -3 -3 -3  1  0 -3 -3  2  2  0  1 -1 -3 -1 -1 -3 -2  2    7   6   0   0   0   8   6   0   0  16  21   5   4   1   0   5   2   0   0  17  0.21 0.17
  120 K   -1  4 -3 -3 -4  2  2 -4 -1 -4 -3  3 -2 -5  4 -2 -2 -5 -3 -1    6  23   0   0   0   9  13   1   1   0   2  17   1   0  20   0   1   0   0   4  0.63 0.34
  121 H   -3 -4 -4 -5 -6 -3 -4 -6 10 -6  1 -5 -3 -4 -6 -4 -5 -5  2 -6    2   0   0   0   0   0   0   0  78   0  12   0   1   0   0   1   0   0   5   0  2.64 0.83
  122 R    0  3 -2 -3 -4 -1 -2 -3 -3 -4 -4  2 -3 -2 -3  4  4 -5 -4 -4    6  14   0   0   0   2   0   0   0   1   1  12   0   2   0  37  23   0   0   0  0.71 0.40
  123 S    0  1 -2 -2 -4  0  3 -3 -2 -2 -1  3 -2 -2  0  1 -1 -4 -3  1    7   5   0   0   0   2  26   0   0   0   7  19   0   2   5  10   3   0   0  13  0.32 0.25
  124 C   -4 -7 -6 -7 12 -6 -7 -6 -6 -5 -5 -6 -5 -6 -6 -5 -5 -6 -4 -3    0   0   0   0  94   0   0   0   0   0   0   0   0   0   0   0   0   0   1   2  3.83 1.01
  125 P   -2  0 -3 -2 -5 -1 -3  2 -2 -5 -2  0 -3 -5  7 -2 -3 -5 -5 -5    2   5   1   2   0   2   1  15   1   0   6   6   0   0  54   3   1   0   0   0  1.26 0.48
  126 P   -1 -2 -4 -4 -5 -3 -4 -5 -3 -2 -1  1 -4 -5  7 -1 -3 -6 -3  0    5   2   0   0   0   0   0   0   1   2   8   8   0   0  58   5   1   0   1   8  1.38 0.52
  127 G   -3 -2 -4 -5 -6 -5 -5  7 -6 -7 -7 -5 -6 -2 -3 -3 -5 -6 -6 -7    0   2   0   0   0   0   0  93   0   0   0   0   0   2   2   1   0   0   0   0  2.27 0.74
  128 S   -1 -3 -2 -3 -4  1  1 -4  2 -3 -2 -2  0  5 -4  1  1  4  3 -2    4   0   1   0   0   7  10   0   6   0   2   2   2  29   0  10   9   5  12   2  0.49 0.29
  129 G   -2  2 -3 -4 -5 -2 -2  6 -4 -6 -6 -3 -5 -1 -5 -1 -4  1  0 -5    2  11   0   0   0   2   2  72   0   0   0   0   0   3   0   4   0   2   3   0  1.32 0.49
  130 V    0 -4 -4 -5 -3 -4 -4 -2 -4  1  0 -4  1  0 -4 -3 -2 -4 -3  6    7   0   0   0   0   0   0   4   0   3   7   0   3   4   0   0   0   0   0  69  0.95 0.41
  131 V    2  0 -1 -1 -2  0  0 -2 -2  0  0  1  0 -1  0  0  0 -3 -2  1   20   5   3   2   0   5   6   1   0   6   9  11   2   2   4   8   6   0   0  10  0.08 0.09
  132 Q    1  1 -1 -2 -3  2  0 -1  0 -1 -2  2  0 -3 -2  1  2 -3 -2  0   10   8   2   0   0  14   3   3   3   3   3  17   2   0   0   8  14   0   0   8  0.20 0.17
  133 A    0  1  0 -2 -3  0 -1 -2  1 -1  0  1  0 -3  4  0  1 -3 -2 -1    9   8   3   0   0   4   3   1   5   3  11  10   3   0  19   4  13   0   0   3  0.25 0.17
  134 G    1  1 -1  2  4 -1 -1  1 -2 -2 -2  0 -2 -2 -1  0  1 -2 -2 -1   15  15   1  15  15   1   1  15   0   1   1   1   0   1   1   1  15   0   0   1  0.19 0.05
  135 T   -2 -2  1 -3 -5 -4  0 -1 -5 -5 -5 -4 -4 -6 -5  0  7 -6 -5 -4    2   2   5   1   0   0   6   5   0   0   0   0   0   0   0   6  72   0   0   0  1.47 0.66
  136 P    2 -1 -2  0 -1  0  2 -4 -2 -5 -5 -3 -4 -6  6 -1  0 -6 -5 -3   16   3   1   4   1   5  14   0   1   0   0   0   0   0  39   4   5   0   0   2  0.83 0.43
  137 E   -2  0  0  0 -3  0  2 -1  2 -2 -2 -1 -1  1 -1  1  2  0  1 -1    0   4   5   5   0   3  15   4   5   1   4   3   1   8   2  11  17   1   6   3  0.16 0.17
  138 R   -1  3 -1 -1 -4  2  4 -3  1 -4 -4  1 -2 -5 -4  2  2 -5 -4 -3    4  17   2   1   0   7  26   1   3   1   0   6   1   0   0  15  14   0   0   2  0.50 0.32
  139 N   -4 -3  4  7 -6 -2 -2 -1 -1 -6 -7 -1 -6 -7 -1 -3 -1 -7 -6 -6    0   1  22  56   0   2   1   5   1   0   0   3   0   0   4   1   3   0   0   0  1.37 0.57
  140 T   -3 -1 -3 -5 -5 -4 -5 -6 -5 -2 -4 -4 -3 -1 -5 -3  7 -6 -5  3    0   4   1   0   0   0   0   0   0   1   0   0   0   3   0   0  65   0   0  23  1.46 0.66
  141 V   -2  1 -2 -3 -4  3  1 -1 -2 -1  0  1 -1 -3 -4 -2 -1 -5 -4  4    0  10   2   0   0  17  11   4   1   2  10   7   0   0   0   1   4   0   0  32  0.38 0.29
  142 C   -5 -4 -6 -7 11 -7 -7 -1 -7 -5 -5 -7 -6 -6 -7 -5 -5 -6 -6 -5    0   1   0   0  92   0   0   5   0   0   0   0   0   0   0   0   0   0   0   0  3.78 1.03
  143 K    1  2 -2 -1 -4  2  3 -1  0 -4 -4  3 -2 -3  0 -1  0 -4 -3 -1   11  11   0   2   0  10  19   4   3   0   0  20   1   1   4   3   4   0   1   4  0.36 0.24
  144 K    0  2 -3 -2 -2  1 -1 -4 -1 -2 -2  1 -1 -5  6  0 -1 -5 -4 -2    8  10   1   1   1   6   2   0   1   2   4   7   1   0  41   8   3   0   0   2  0.81 0.36
  145 C   -2 -7 -7 -8 12 -7 -8 -7 -7 -6 -6 -7 -6 -7 -7 -5 -5 -7 -7 -5    4   0   0   0  94   0   0   0   0   0   0   0   0   0   0   0   0   0   0   0  4.02 1.09
  146 P    1  0 -4 -1 -5 -1 -2 -4 -5 -4 -4 -2 -3 -6  7  0 -1 -6 -5 -4   11   5   0   4   0   2   2   1   0   1   2   2   0   0  57   7   4   0   0   1  1.35 0.53
  147 D   -2  3 -1  3 -4 -1  1 -3  2 -3 -2  1 -3 -4  4  0 -2 -5 -1 -2    3  15   2  15   0   2  11   1   6   1   5   8   0   0  18   6   2   0   2   3  0.40 0.24
  148 G   -4 -3 -3 -2 -3 -1 -4  7 -1 -7 -3 -5 -6 -7 -6 -3 -4 -6 -6 -7    0   2   1   2   1   3   1  85   2   0   3   0   0   0   0   1   0   0   0   0  1.94 0.69
  149 F   -3 -4 -2 -4 -1 -3 -4 -4  4 -3 -3 -4 -3  5 -4  0  5 -3  4 -3    1   0   1   0   1   0   0   1  11   0   2   0   0  21   0   7  40   0  12   0  0.99 0.46
  150 F   -5 -5 -5 -6 -5 -5 -5 -5 -4 -4 -3 -5 -3  9 -5 -5 -5 -2  5 -4    1   0   0   0   0   0   1   1   0   0   1   0   0  77   0   1   0   0  15   1  2.35 0.71
  151 S    1 -4 -3 -3 -4 -2 -3 -3 -4 -5 -3 -3 -4 -3 -4  6  2 -5 -4 -4    8   0   0   0   0   1   0   1   0   0   2   0   0   1   0  73  10   0   0   0  1.38 0.60
  152 G    0 -2  3  5 -4  0  0  0  0 -4 -4 -2 -4 -1 -1  2 -2 -5 -3 -3   10   2  14  33   0   4   4   6   2   0   1   1   0   4   3  14   1   0   1   1  0.54 0.30
  153 E   -1 -1  0 -1 -3  0  2 -1  0  0 -1 -1 -1 -2 -3  2  1 -3  0  2    2   3   3   2   0   2  16   5   2   4   4   1   1   1   0  21   9   0   3  19  0.18 0.18
  154 T   -1 -2  1 -2 -4 -2  0 -2 -2 -2 -3 -2 -1 -1  2  3  2  6  0 -2    3   2   7   1   0   0   7   2   1   2   2   2   2   3   9  29  11  14   2   2  0.52 0.31
  155 S   -3 -4  2 -4 -5 -2 -2 -4  4 -6 -6 -2 -5 -6 -5  7 -3 -6 -5 -5    0   0   8   0   0   1   2   0  10   0   0   2   0   0   0  76   0   0   0   0  1.64 0.75
  156 S    1 -2 -1 -3 -4 -2 -3 -2 -2 -4 -3 -3 -1 -4 -2  5  2  1  3 -3   10   1   3   1   0   1   1   2   1   0   3   0   1   0   2  47  14   2  11   1  0.72 0.46
  157 K   -1 -1  1  0 -3  1 -1 -2  2 -2  0  1  0 -1 -3  1  2 -4 -2  1    3   2   6   5   0   6   2   2   5   1  11   9   3   2   0   9  19   0   0  10  0.10 0.18
  158 A    1 -2 -1  3 -3  0  2 -2  0 -2 -1  0  2 -3  0 -1  0 -4 -3 -2   16   1   2  16   0   3  18   1   2   1   7   6   7   0   4   1   6   0   0   1  0.21 0.22
  159 P    0  2  0 -2 -1  1  0 -2 -1 -1 -2  2 -1 -4  3  1  0 -4 -3 -1    7  13   4   1   1   6   4   2   1   3   2  13   1   0  17  10   5   0   0   3  0.24 0.20
  160 C   -4 -6 -6 -6 11 -6 -6 -6 -6 -5 -5 -6 -5 -6 -6 -5 -5 -6 -6 -5    0   0   0   0  88   0   0   0   0   0   1   0   0   0   0   0   0   0   0   0  3.58 1.09
  161 I   -1  4 -3 -3 -4  4 -2 -4  1 -1 -1  2 -1 -3 -3 -2  1 -4 -2  0    3  22   0   0   0  21   1   0   4   3   5  14   1   1   0   1   9   0   1   8  0.42 0.33
  162 K    0 -2 -1 -3 -4  0 -2 -4 -1 -3 -4  2 -2 -3  5 -1  1 -4  3 -2    6   1   3   1   0   4   2   0   1   1   1  14   1   0  33   3   8   0  11   2  0.63 0.38
  163 H   -5 -4 -4 -5  5 -1 -4 -5 10 -6 -4 -4 -5 -1 -5 -4 -2  1  3 -5    0   0   0   0  12   3   0   0  65   0   2   0   0   3   0   0   3   2   8   0  2.31 0.80
  164 T   -2  3  1 -1 -1  4 -2 -4 -1 -3 -4  0 -2 -5 -4  1  5 -5 -4 -3    1  15   6   3   1  17   0   0   1   1   0   4   1   0   0  10  38   0   0   0  0.73 0.43
  165 N   -1 -2  5  4 -4 -1 -1 -2 -1 -1 -3 -1 -3 -3 -1  0  0 -1 -4  1    5   1  29  23   0   2   3   2   1   4   2   2   0   1   3   7   4   1   0  11  0.49 0.30
  166 C   -4 -6 -6 -6 11 -6 -6 -5 -6  0 -3 -6 -4 -5 -6 -4 -4  4 -5  0    1   0   0   0  75   0   0   1   0   5   2   0   0   0   0   0   0   6   0   5  2.85 0.88
  167 S    1 -1 -1 -1  4  0  1 -2 -1 -3 -1  1 -2 -1 -1  2  1 -3 -3 -2   12   1   1   2  11   4   8   1   2   0   6  11   0   3   2  21  11   0   0   2  0.27 0.21
  168 T    2 -1 -1  1 -3  2  0  1 -2 -3 -3  1 -3 -3 -1  2  0 -4 -3 -2   22   1   2   9   0  11   5   9   0   1   2   9   0   1   3  18   3   0   0   3  0.29 0.24
  169 F   -1 -1 -1 -1 -3  4  1  0  0 -1  2  0 -1  0 -1 -1 -1 -1 -2 -1    5   3   2   3   0  20  12   7   2   1  25   4   1   4   2   2   3   1   1   4  0.20 0.19
  170 G   -2 -1  3 -1  0 -2  0  5 -1 -4 -1  0 -3 -4 -3 -1 -3 -4 -4 -4    2   3  13   3   2   2   6  49   1   1   6   5   0   1   1   3   1   0   1   1  0.73 0.34
  171 L   -3  0 -1 -2 -3  3 -1 -4 -1 -1  3  2  2  1  0 -2 -2  0 -2 -2    1   5   3   2   0  14   3   1   1   2  32  14   5   6   5   2   2   1   0   1  0.31 0.26
  172 L    0  0 -1 -2  0  0  0 -1 -1  0  0  1  0 -1 -1 -1  1 -1  0  2    6   5   3   1   2   4   5   4   1   3  11  13   2   1   3   3   8   1   3  20  0.06 0.10
  173 L   -1 -2 -4 -4 -1 -2 -1 -4 -4  1  2 -2  0  0  0 -2  2 -4 -3  4    5   1   0   0   1   2   3   0   0   8  18   2   2   3   4   2  17   0   0  30  0.39 0.29
  174 I    1 -1  2 -2 -1 -1 -1 -3  0  1  1 -1  0 -1 -3 -1  0 -3 -2  1   16   2  15   2   1   3   2   1   3   9  19   4   1   3   0   2   5   0   0  12  0.16 0.17
  175 Q   -1  1 -3 -3 -3  2 -1 -3  0  1  2  0  0 -1 -3 -1  0 -3 -1  2    3   8   0   1   0  13   2   1   2   8  21   7   2   2   1   5   5   0   1  18  0.22 0.20
  176 K   -1  0 -1 -3 -1  2  1 -4  0 -3 -3  3 -4 -5  5 -2 -1  2 -4 -3    4   5   2   0   2  10  10   0   2   2   3  18   0   0  31   2   3   3   0   2  0.69 0.39
  177 G   -1 -5 -4 -1  5 -5 -5  7 -5 -5 -6 -5 -5 -6 -5 -2 -4 -5 -6 -2    3   0   0   4  11   0   0  72   0   0   1   0   0   0   0   3   0   0   0   3  1.68 0.68
  178 N   -2 -1  5  1 -5 -2 -3 -4  1 -5 -5 -3 -4 -5 -4  3  4 -6 -5 -4    3   4  33   7   0   2   0   0   4   0   0   0   0   0   0  20  25   0   0   0  0.94 0.55
  179 A    2  2 -1 -1  0  2  0 -2 -3 -3 -3  1 -2 -4  0  3  0 -4 -1 -1   18  13   2   3   2   9   4   2   0   1   1   6   1   0   4  23   5   0   2   3  0.29 0.25
  180 T   -2 -1 -2 -1 -3 -1  1 -4  1 -2 -1 -1  0  1 -3  1  3  6  2  0    1   3   1   2   0   1  12   0   3   1   5   4   2   6   0  12  21  10   8   6  0.35 0.27
  181 H   -2  1  1 -4 -3  0 -3 -3  9 -5 -5 -2  1 -3 -5  0  1 -1 -1 -4    4   7   7   0   1   4   0   1  49   0   0   2   4   1   0   7   8   1   1   1  1.28 0.57
  182 D   -5 -5  2  8 -6 -4  0 -4 -4 -2 -6 -4 -5 -6 -5 -3 -4 -6 -6 -5    0   0  10  79   0   0   3   0   0   3   1   0   0   0   0   0   0   0   0   0  2.03 0.75
  183 N    1  1  4 -2 -4  0 -1 -2 -1 -4 -4 -2 -3 -4 -3  1  4 -5 -4 -2   13   9  26   1   0   3   4   1   1   0   1   0   0   0   0  11  25   0   0   3  0.57 0.37
  184 V   -2 -3 -4 -5 -3 -2 -4 -5 -4  2  3 -4  1  1 -4 -3 -1 -4 -1  4    3   2   0   0   0   2   0   0   0  12  28   0   2   7   0   1   3   0   2  37  0.64 0.34
  185 C   -4 -6 -6 -6 11 -6 -6 -6 -6 -5 -5 -6 -5 -5 -6 -5 -5  1 -5 -5    1   0   0   0  89   0   0   1   0   0   1   0   0   0   0   1   0   2   0   0  3.62 1.01
  186 S    1 -2 -1 -2 -3  1  0  2 -1 -2 -1 -1 -1 -3 -3  2  3 -3 -3 -2   14   2   1   2   0   9   5  20   2   2   6   2   1   0   1  13  21   0   0   1  0.30 0.22
  187 G   -1  0  2  1 -3 -1  0  1 -2 -3 -2 -1 -2 -3  2  2  1 -2 -3 -3    4   5  10   9   0   1   7  11   1   0   5   3   1   1  10  23   8   1   0   1  0.25 0.19
  188 N   -2 -2  1 -2  8 -1 -1 -2  3 -4 -3 -2 -4 -2  0  2 -2 -5 -4 -3    2   2   8   1  39   3   4   3   8   0   2   2   0   2   5  14   1   0   0   2  0.95 0.44
  189 R    0  1 -1  0 -1  0  1  0 -1 -2 -2  1  0 -3  1  2  2 -4 -2 -2    4   9   2   3   1   4   8   7   1   1   2   9   3   1   7  20  15   0   1   1  0.21 0.19
  190 E    1 -2  2  3 -3  0  1 -1 -1 -3 -3 -1 -3 -2  2  2  2 -4 -2 -3   10   1   8  15   0   4  11   4   1   1   1   3   0   2   9  16  12   0   1   1  0.30 0.22
  191 A    1 -2 -1 -2  3 -2 -2  0  1 -2  1 -2 -2  1 -1  2  2 -3 -2 -2   11   2   1   1   7   1   2   7   4   1  16   1   0   8   3  19  14   0   1   1  0.20 0.21
  192 T   -1 -2 -2  0 -3 -1 -2 -3  0 -2  0  1 -3 -4  4  2  3 -4 -2 -2    3   1   1   5   0   3   2   0   3   1  10   8   0   0  18  17  24   0   1   1  0.43 0.31
  193 Q   -1 -2  1  0 -4  4 -1 -2  0 -2 -1  0 -1 -4  4  0  0 -4 -3 -1    4   1   7   6   0  21   3   2   2   2   7   6   1   0  20   8   6   0   0   4  0.40 0.27
  194 K   -1  0  1 -1 -4  1 -1  3 -2 -2  0  2 -2 -2  0  1 -1 -4 -3 -2    2   4   7   3   0   5   3  25   1   1  12  13   0   2   4  11   4   0   0   2  0.23 0.20
  195 C    1 -3 -2 -1  6 -2 -2  2 -4 -2 -3 -3 -2  0  3  0  1 -4 -2 -1   12   1   1   3  21   1   2  14   0   2   1   1   1   5  17   5   9   0   1   4  0.55 0.33
  196 G    2 -2 -2 -2  0 -1  0  4  4 -3 -3 -2 -2 -3  1  0 -2 -1 -2 -2   16   2   1   2   2   2   6  32  11   2   3   2   1   1   8   5   2   1   1   3  0.43 0.28
  197 I    0 -2 -1 -2 -2 -1  0 -1 -2  2  1 -2  0 -2  2  0  2 -3 -2  1    6   1   4   2   1   3   5   4   1  18  12   1   1   1  13   5  13   0   1  10  0.19 0.16
  198 D    0 -3  0  4 -4 -2  0  2 -1 -3 -2 -3 -3 -3  1  0  0  0 -4 -3    8   0   5  27   0   1   7  17   2   2   5   0   0   1   8   8   6   1   0   2  0.39 0.27
  199 V    1 -1  0  1 -2 -1 -1 -2 -1  1  0 -1 -1 -2 -1  1  2 -3 -1  2   11   3   3   8   0   1   3   3   2   7   8   3   1   1   3  10  12   0   2  19  0.10 0.13
  200 T    0 -1 -1  2 -4 -1  2 -3 -3 -3 -1 -1 -3  0 -1  1  4 -5 -4 -2    9   4   2  11   0   2  17   1   0   1   6   3   0   4   3  11  26   0   0   1  0.36 0.31
  201 L   -2 -3 -2  2 -4 -1  2 -4 -1 -1  3 -2 -2  0 -2  1  1 -4  1 -1    1   1   1  10   0   1  13   0   2   3  31   1   0   4   2  12   8   0   6   4  0.27 0.27
  202 C   -3  0 -5 -6 10 -4 -3 -3  0 -2  1 -4 -3  0 -1 -3 -1 -6 -3 -2    2   6   0   0  54   1   2   2   2   2  12   1   0   4   3   2   3   0   1   2  1.62 0.70
  203 E   -3  0 -1  1 -4  1  5 -3 -3 -2 -3  1 -4 -5  2 -1 -2 -2 -4 -3    2   4   2   7   0   6  47   1   0   3   3   7   0   0   9   4   2   1   0   1  0.76 0.48
  204 E   -1  2 -3  0 -4  3  5 -1 -1 -5 -3 -1 -4 -4  0 -1 -1 -6 -5 -4    4  10   0   4   0  16  42   4   1   0   3   2   0   1   5   4   4   0   0   1  0.74 0.48
  205 A    5 -3 -3  0 -4 -1 -1  0  3  0 -3 -3 -2 -1 -1  0 -1 -5 -3 -1   47   1   0   5   0   2   4   6   8   7   1   1   1   3   3   6   3   0   0   3  0.52 0.40
  206 F   -2 -2 -4 -3 -4 -3 -1 -4  0  1  2 -3  4  4 -2  0 -1 -3 -1  2    2   2   0   1   0   0   5   1   2   7  18   1  15  17   2   6   4   0   1  18  0.42 0.31
  207 F   -2 -3 -4 -3 -4 -1  1 -4 -1  3 -1 -3  2  5  2 -1 -1 -3  0  1    3   1   0   1   0   3  12   1   1  17   3   1   5  26   9   6   3   0   2   8  0.42 0.32
  208 R    0  3  1  4 -5  2  0 -2 -1 -5 -4 -1 -2 -1  1  1 -1 -4  0 -4    6  17   5  24   0   9   4   3   1   0   0   1   1   3   7  12   2   0   3   0  0.44 0.33
  209 F   -4 -3 -2 -5 -2 -2 -1 -3  3 -2 -2 -2 -3  7 -2  0 -2 -3  2 -4    1   1   1   0   1   2   4   2   8   2   3   3   0  53   2   7   3   0   7   0  1.15 0.58
  210 A    1 -1 -2 -2 -3  0  1 -2 -2  0  0 -1  0  2  0 -1 -2 -2 -2  3   15   3   1   2   0   3  10   2   1   3   9   3   2   8   5   2   1   1   0  29  0.21 0.24
  211 V    2 -4 -4 -4 -3 -1 -2 -1 -4  1 -1 -2  1 -3  1  1 -1 -5 -4  4   22   0   0   0   0   2   2   4   0   7   4   2   4   0   6  10   3   0   0  32  0.42 0.34
  212 P   -3 -1 -2 -2 -5  0 -2 -4  4 -2 -2 -4 -2  3  6  1 -4 -4  3 -4    1   4   2   2   0   5   2   1   9   2   3   0   1  11  35  11   0   0  11   0  0.87 0.50
  213 T   -3 -1 -2 -3 -5  5  0 -2  3 -3 -2  0 -3 -4 -2  2  3 -5  1 -2    1   3   1   0   0  31   4   2   7   1   4   5   0   0   1  14  18   0   4   2  0.60 0.45
  214 K    0  1  2  1 -4  0  0 -2 -1  0 -3  3 -3 -3  0  1  1 -5 -3 -3    6   8  12   9   0   3   4   2   2   6   2  23   0   1   4  10   8   0   1   0  0.29 0.25
  215 I   -2 -3 -2  0 -3 -2 -2 -4  0  3  2 -1  3  1 -1 -2 -1 -3  0  1    3   0   2   6   0   1   2   1   3  21  23   4   8   7   3   2   3   0   3   7  0.26 0.21
  216 I   -1 -1  0 -2 -1 -1 -2 -1 -1 -2  1  0  0 -2  3  2  2 -4 -3 -2    2   2   4   1   1   2   2   5   1   2  13   6   2   1  16  21  16   0   0   2  0.30 0.26
  217 P   -1 -1 -2 -2 -3 -1 -2 -3 -1  2  0  0  0  0  5  1  0 -1 -2  0    3   3   1   1   0   2   1   1   2  12   7   5   2   3  29  14   5   1   1   5  0.45 0.29
  218 N   -2  3  3 -2 -4  1 -1 -2  1 -2 -2  4 -2 -3 -2 -1  0 -4 -3  0    2  19  13   1   0   5   3   2   3   2   3  26   1   1   2   3   5   0   0   9  0.42 0.29
  219 W   -3  3 -3 -3 -4  0 -3  1 -1 -4 -3  3  0  1  2 -1 -2  7 -1 -4    1  20   0   1   0   5   1  10   1   0   2  18   3   7   9   4   2  14   1   1  0.61 0.38
  220 L   -3 -4 -3 -3 -3 -2 -4 -4  0  1  5 -2  1 -2 -2 -2 -1  0 -3  1    1   0   1   1   0   2   1   1   2   6  59   3   2   1   2   3   3   2   0   8  0.71 0.41
  221 S   -1  2  3  0 -4  1  0 -2  0 -3 -2  2 -2 -3 -2  1  2 -3 -4 -3    3  12  19   3   0   7   6   2   2   1   5  13   0   1   1  10  13   0   0   1  0.34 0.28
  222 V   -1  5 -1 -3 -2 -1 -3 -3 -2 -1 -2  1 -1 -2 -2  1 -1  0  3  0    5  36   2   0   1   2   0   2   1   3   4   7   1   1   2  12   3   1   9   8  0.48 0.37
  223 L   -3 -5 -5 -5 -4 -5 -4 -4 -5  2  5 -5  0  1 -2  0 -2 -4 -1  2    1   0   0   0   0   0   1   1   0   9  53   0   1   5   2   7   2   0   2  15  0.78 0.46
  224 V    1 -3 -3 -3 -4  3 -2 -3 -2  1  0 -2  1 -3  3 -1 -1  0 -4  3   10   0   1   0   0  16   2   2   1   6   9   1   4   1  17   3   3   2   0  22  0.40 0.34
  225 D   -2  0  0  3 -5  4  1 -3  3 -4 -4  1 -1 -2  1 -1  0 -5 -2 -3    3   4   4  19   0  22   7   1   7   1   1  10   2   1   6   5   4   0   1   1  0.46 0.34
  226 S    1  1  2 -1 -3 -2 -2  1 -2  0 -3  1 -3 -2 -3  3  0 -1 -2  0   12   8   9   3   0   0   0  12   1   8   2   8   0   1   0  25   4   1   1   6  0.24 0.25
  227 L   -2 -3 -5 -5 -4 -4 -3 -5 -2 -1  5 -5  4  2 -4 -3 -2 -4 -2  0    2   1   0   1   0   0   2   0   1   2  63   0  10   7   1   1   3   0   1   4  1.02 0.53
  228 P    0 -3  3 -3 -1 -3  0 -2 -4 -3 -2 -3 -3 -3  6  0  0 -5 -4 -2    7   1  13   1   1   1   7   2   0   1   3   0   1   1  46   6   6   0   0   3  1.01 0.51
  229 G    0 -2 -2 -2 -4 -2  0  5 -4 -3 -3 -1 -4 -4  0  3 -1  0 -3 -3    7   1   1   1   0   1   5  41   0   2   2   4   0   0   5  24   3   1   1   1  0.66 0.40
  230 T   -2  1 -1  0 -2  1  0 -2 -3 -3 -2  1 -2 -3  2  1  4 -4 -4 -2    2   8   1   4   1   8   7   3   0   1   3   8   1   1  10  11  30   0   0   2  0.39 0.31
  231 K   -2  3 -1  0 -4 -1  2 -1 -1 -3 -3  4  0 -3  2 -2 -1  1 -2 -3    3  17   2   6   0   1  14   6   1   1   3  25   2   1  10   2   3   2   1   1  0.41 0.30
  232 V    1 -1 -2 -3 -2 -1 -2  0 -1  1  0 -2 -1  0  1  1  0 -4 -3  3   13   4   1   1   0   2   2   7   2   5   6   2   1   4   6  13   5   0   0  27  0.19 0.21
  233 N    0  1  4  1 -4  0 -1 -2  1 -4 -4  0 -4 -5  3  1  0  1 -4 -3    7   8  24   8   0   3   3   2   3   0   2   4   0   0  16  12   4   2   0   1  0.47 0.34
  234 A    1  3 -2 -3 -3 -1 -2 -1 -1  0  0  0 -1 -2 -1  3  1 -1 -3 -1   11  17   1   1   0   2   0   5   2   7   9   4   1   1   3  24   9   1   0   3  0.23 0.25
  235 E   -1  2 -1 -2 -4  2  3 -2 -3 -4 -2  1 -2 -5  3  2  0 -2 -4 -2    5  10   2   0   0  10  19   2   0   0   5   9   1   0  14  14   6   1   0   2  0.40 0.32
  236 S    2  1  2  1 -3  0  1 -1  0 -3 -3  0 -1 -4  0  2 -1 -4 -2  0   18   7   9   7   0   4   8   2   2   1   2   5   2   0   4  20   2   0   1   6  0.21 0.21
  237 V    0  0 -2 -3 -3 -1 -2 -2 -2  1  1  1 -1 -2 -1  2  0 -2 -1  2    9   5   1   0   0   1   1   2   1  11  13  11   0   1   2  20   6   1   2  14  0.15 0.20
  238 E   -2  0  0 -1 -4  1  4 -1 -2 -1 -1 -1 -3  1  1  0 -1 -4 -3  1    1   5   4   1   0   6  33   4   0   3   5   2   0   6   8   5   3   0   0  12  0.33 0.30
  239 R   -1  6  0 -4 -5 -2 -2  0  0 -3 -3  0 -3 -5  1 -2 -2  1 -4 -3    5  55   4   0   0   0   2   8   2   2   3   3   0   0   7   3   2   2   0   1  0.95 0.55
  240 I    1  0 -3 -2 -3 -2 -1 -3 -2  3  1 -1 -1 -3  4 -1  1 -4 -3  0   12   5   0   2   0   1   3   1   1  18  14   3   1   1  20   4  11   0   1   4  0.32 0.26
  241 K    0  1 -2  0 -5  1  1  0 -2 -3 -3  5 -1  0 -2 -3 -3  3 -3 -2    6   5   1   6   0   5   7   8   1   2   2  42   2   4   1   0   0   5   0   3  0.52 0.39
  242 R   -1  2  0 -1 -3  2  0 -1  0 -2  0  1 -2 -3 -1  0  1 -4 -3  1    4  12   4   2   0  13   6   5   2   0  13   8   0   0   2   7   8   0   0  14  0.13 0.18
  243 R    1  5 -2 -2 -4  0 -2 -3 -1 -4 -3  2 -3 -5  3 -1  2 -5 -2 -3   11  31   2   1   0   4   1   1   1   0   2  10   0   0  16   4  12   0   1   1  0.58 0.40
  244 H    1 -1  0 -2  4  0 -2  0  6 -2  0 -2 -2 -3 -2  2 -1 -1 -1 -2   13   3   4   1   9   3   2   7  21   2  10   1   1   0   1  17   2   1   1   3  0.37 0.30
  245 S    2 -2 -1  1 -3  0 -2  2 -3 -3 -1  0  0 -4 -1  4 -2 -4 -2 -3   16   1   2   9   0   3   0  16   0   0   7   5   2   0   2  33   0   0   1   1  0.40 0.34
  246 S   -1 -1 -2 -2 -3 -2 -2 -3  1  2  1  0 -1 -2  3  2  1 -1 -2  0    2   2   0   2   0   0   2   1   4  16  15   5   1   1  16  17   9   1   1   4  0.26 0.25
  247 Q   -2  0 -2 -4 -6  7  1 -5  1 -5 -1 -1 -1 -4 -5  0 -3 -5  2 -4    3   5   1   0   0  52  10   0   3   0   7   3   1   0   0   6   1   0   8   1  1.07 0.64
  248 E   -1  0  0  1 -6  3  6 -4 -2 -4 -4  0 -3 -6 -2 -2 -3 -6 -5 -3    4   4   4   5   0  14  53   1   0   1   1   5   0   0   1   2   1   0   0   2  0.97 0.56
  249 Q   -2  1 -1 -1 -5  5  1  2  0 -3 -2  2 -3 -4 -2 -3 -3 -5 -3 -1    2   8   2   3   0  36   8  15   2   1   3  13   0   1   1   0   0   0   1   4  0.63 0.44
  250 T    0 -3 -4 -3 -3 -4 -4 -4 -4  2  2 -3 -1  1 -2 -1  4 -4 -3  1    7   1   0   1   0   0   0   0   0  10  25   1   1   6   2   4  35   0   0   8  0.54 0.40
  251 F   -1  1 -3 -2 -3 -1 -2 -2  0  0  2  0  0  3 -2 -1 -1  1 -1  1    5  11   0   2   0   2   2   2   3   4  21   5   2  17   1   3   4   2   0  13  0.18 0.18
  252 Q    1  0 -2  2 -4  5  2 -3  2 -4 -2 -1 -2 -4  2 -1  0 -4 -2 -2   11   5   0  11   0  27  10   0   6   0   4   2   1   0  11   4   5   0   1   3  0.45 0.34
  253 L   -1  0 -2  1 -3  1 -2 -3 -2 -1  3 -2  0  0 -3 -2 -1  2  2 -1    6   5   1   9   0   8   2   2   0   1  39   1   2   4   0   1   4   3   7   4  0.28 0.26
  254 L   -3 -3  2 -4 -4 -2 -3 -4 -3  0  5 -3  0 -1 -2 -3 -1 -4 -3  0    2   1  13   0   0   1   2   1   1   2  61   1   1   2   2   1   4   0   0   5  0.77 0.45
  255 K   -1  3  0 -2 -3  0  0 -1 -1 -1 -2  4 -1 -4 -1  0  2 -4 -3 -1    4  14   3   0   0   3   6   3   1   5   3  26   2   0   2   6  18   0   0   3  0.33 0.27
  256 L   -1 -2  0 -1 -2  1  2 -2  1 -1  3 -1  1 -2 -3  1  0 -3 -1 -1    5   1   3   2   0   5  15   2   4   1  35   3   3   0   1  11   4   0   1   2  0.22 0.23
  257 W   -2 -4 -1 -4 -4 -4 -2 -4 -4 -3  1 -1 -1 -2 -2  1 -1 10 -1 -1    2   1   4   1   0   0   2   1   0   1  16   3   1   0   2  12   3  45   1   4  1.51 0.61
  258 K    1  3  0 -3 -3  0 -1 -2 -2 -2 -1  5 -2 -3 -1 -1 -1 -4 -1 -1   10  15   4   1   0   3   1   2   0   2   5  41   0   0   3   2   4   0   2   4  0.50 0.32
  259 H   -1  1  0  1 -4  2  3 -2  3 -2  0  0 -1 -3 -2  1 -2 -4 -3 -3    3   9   4   7   0  11  20   3  10   2   9   5   1   0   2  11   1   0   0   0  0.28 0.23
  260 Q   -1  0 -2 -1 -4  4  1  2  3 -4 -4  0 -3 -4 -1  2  0 -4 -3 -3    4   5   0   3   0  26  10  14   8   0   1   5   0   0   2  14   4   0   0   2  0.43 0.33
  261 N    1 -2  5  0 -4  0  0 -2  3 -2 -4 -1 -1 -4 -3  1  1 -5 -3 -3   12   1  37   4   0   4   6   2   7   3   0   2   2   0   0   9  10   0   0   1  0.58 0.37
  262 R   -2  1  0  0 -4  0  2  0 -1  0 -1  3 -2 -2  0 -1  0 -3  1 -2    0   8   5   5   0   2  13   8   0   6   5  27   0   2   3   4   4   0   5   1  0.22 0.22
  263 D   -2 -3 -2  4 -2 -2  4  3 -3 -5 -5  0 -2 -6  0 -1 -2 -3 -5 -5    2   0   0  29   1   0  33  20   0   0   0   5   1   0   4   4   1   0   0   0  0.85 0.48
  264 Q   -1 -1 -2 -1 -4  4  3  0  1 -3 -1  1  0 -4 -3  0  0 -4 -3  0    3   2   0   1   0  24  20   9   4   0   6   7   3   0   0   7   6   0   0   8  0.36 0.31
  265 E    0  0  3  4 -4  0  2 -2 -2 -1 -3  0 -3 -4 -2  0 -2 -1 -3 -2    9   4  16  28   0   3  16   2   0   5   1   5   0   0   1   4   1   1   1   2  0.45 0.30
  266 M   -2 -1 -1 -2 -3  0 -2  0  0 -1  2  2  4 -2 -1 -1  0  1 -2  1    1   2   2   2   0   3   0   8   3   1  19  18  13   1   2   5   6   2   0  11  0.16 0.21
  267 V   -1  1 -3 -4 -3 -3 -4 -3 -4  0  2 -3  1 -2 -4 -2  3 -4 -3  4    4   8   1   0   0   0   0   2   0   2  24   0   3   0   0   1  23   0   0  32  0.53 0.38
  268 K   -1  1  2  0 -4  0  0 -2 -1 -1  0  4 -1  0  0 -1 -1 -3  1 -1    3   5  12   3   0   2   5   2   1   4   9  32   1   4   4   2   3   0   5   4  0.22 0.22
  269 K   -1  2  0 -2 -4  0 -1  2 -1 -2 -2  3 -1 -4  2  0  0 -4 -3 -2    2  14   5   1   0   2   3  16   1   2   2  26   2   0  11   6   5   0   0   2  0.37 0.26
  270 I   -1 -4  1 -4 -2 -4 -4 -4 -4  4  3 -2  0  2 -4 -1  1 -4 -2  0    3   0   8   0   0   0   0   1   0  33  26   2   1   8   0   5  10   0   0   3  0.47 0.33
  271 I   -2 -2 -4 -5 -3 -2 -4 -4 -4  3  4 -4  0  0  1 -1 -2 -4 -3  1    2   2   0   0   0   2   1   1   0  23  45   0   1   3   9   5   2   0   0   6  0.56 0.34
  272 Q   -1  3 -2 -2 -5  7  1 -3  0 -4 -5 -1 -3 -5  1 -2 -1 -5 -2 -3    3  14   1   1   0  53   7   2   2   1   0   2   0   0   8   1   3   0   1   1  1.05 0.56
  273 D    2 -3  0  3 -3 -1 -2  3 -3 -1 -3  0 -1 -2 -3  0 -2 -5 -4  1   21   0   5  23   0   1   0  21   0   2   0   6   2   2   0   4   0   0   0  14  0.38 0.29
  274 I   -2 -3 -4 -4 -3  0 -3 -5 -4  3  3 -3  0 -1 -3 -1 -1 -4 -3  3    2   1   0   0   0   6   1   0   0  22  35   0   1   2   1   6   4   0   0  19  0.50 0.31
  275 D   -3  2  4  3 -4  3  0  0  2 -3 -4  0 -3 -5 -1  0  0 -5 -3 -4    0  10  22  21   0  15   2   5   6   2   1   3   0   0   3   6   4   0   0   0  0.52 0.32
  276 L   -1 -1 -3 -1 -4  0 -2 -4  7 -1  2  0 -2 -2 -4 -1 -1 -4 -2  2    4   2   0   3   0   3   1   0  34   1  22   5   0   1   0   3   4   0   0  16  0.62 0.38
  277 C    2 -4 -4 -5  9  4 -4 -3 -2 -3 -2 -4 -3 -5 -3 -3 -3 -5 -5  0   17   0   0   0  47  20   0   2   1   0   4   0   0   0   1   0   0   0   0   8  1.41 0.59
  278 E   -3  0  2 -1 -5  5  5 -1 -2 -5 -5  0 -4 -5 -4 -1  0 -5 -4 -4    0   5   9   0   0  27  43   5   0   0   0   3   0   0   0   3   6   0   0   0  0.90 0.46
  279 S   -2  2  5 -1 -5  1  1  1  3 -4 -5  1 -3 -4 -3  0 -2 -2 -3 -4    2  14  33   1   0   7  11  10   9   1   0   7   0   0   0   4   0   0   0   0  0.60 0.32
  280 S    1 -1  0 -2 -3  1 -1 -2  1 -3 -3  3  0 -2  2  2  0 -4  0 -2   16   1   3   0   0   7   0   1   4   0   1  20   2   1  10  22   6   0   4   1  0.32 0.24
  281 V   -2 -3 -3 -4 -3  3 -2 -4  5  1  0 -3  0  0  1 -3 -2 -4  0  4    2   0   0   0   0  15   0   0  15   5   7   0   1   3   9   0   0   0   3  39  0.51 0.33
  282 Q   -2  0 -1 -3 -3  2 -2  0  5  0  1 -1 -2  0 -1  2 -2 -4 -2 -2    0   5   2   0   0  11   0   8  22   5  17   2   0   4   2  22   0   0   0   1  0.33 0.27
  283 R   -3  6 -2  0 -5  0 -2 -4 -2 -4 -4  3 -3 -3  1 -1 -2 -4  2 -4    0  48   1   6   0   1   0   0   0   1   0  21   0   0   7   3   2   0   8   0  0.84 0.38
  284 H   -4  1 -2 -4  5  0 -3 -5  9 -5 -3 -3 -4  3 -5 -3 -4 -4  0 -5    0   8   0   0  12   3   0   0  60   0   1   0   0  13   0   0   0   0   1   0  1.70 0.60
  285 L   -1 -3  0 -4 -3 -3 -3 -4  5  5  1 -3  0  1 -4 -2 -2 -4 -2  1    6   0   5   0   0   0   0   0  21  41   9   0   1   6   0   1   1   0   0   8  0.62 0.33
  286 G    1  1 -1 -1 -2 -1 -1  3 -2 -2 -2  1 -2 -3 -2  1  0 -3 -2 -1    9  10   1   2   0   1   2  30   0   1   2  11   0   1   1  15   7   0   1   4  0.29 0.14
  287 H   -2  0 -1 -2 -3  2 -1 -3  7 -2  1 -2 -1  0  0 -2 -2 -2  2 -2    2   6   1   1   0   9   1   2  36   1  19   1   0   4   4   3   1   0   6   1  0.58 0.26
  288 S    1  0 -1  1 -2  1  0 -1 -1 -1  0  1  0 -2  2  0  1 -1 -2 -1   12   4   1   8   1  10   2   2   1   2  12  14   2   1   8   5  11   1   1   3  0.11 0.08
  289 N   -2 -1  6  0 -3 -1 -1 -2  2 -3 -3  0 -2 -3  0  2 -1 -3 -2 -3    2   1  51   4   0   1   2   2   4   1   2   4   1   1   4  14   2   0   1   2  0.72 0.27
  290 L   -2 -1 -2 -2 -2  3 -2 -3 -2  2  3 -2  0 -1 -2 -1 -2 -2 -2  1    2   2   1   1   0  18   1   2   0  11  43   1   1   1   1   3   1   0   1   8  0.35 0.19
  291 T    1 -2 -1 -2 -2 -2 -2 -2 -2 -2 -2 -2 -2 -3  1  2  5 -3 -2 -2    9   1   1   1   0   1   1   2   0   1   2   1   0   1   8  19  48   0   1   1  0.62 0.28
  292 T    0 -3 -3 -3 -2 -2 -3 -2 -3  2  2 -2  0  3  0 -1  0 -2  0  1    7   1   1   1   0   1   1   3   0  12  30   1   0  16   5   6   4   0   1  12  0.22 0.14
  293 E   -2  0  0  1 -4  0  4 -2 -2 -2  2  0 -2 -3  1 -1  0 -4 -3 -3    0   3   4   6   0   2  35   3   0   0  25   5   0   0   6   4   6   0   0   0  0.35 0.25
  294 Q   -3  0 -1  2 -5  4 -1 -4  4 -5 -3  5 -3 -5 -3 -2 -3  1 -3 -4    0   3   1  14   0  20   0   0  11   0   2  47   0   0   0   0   0   2   0   0  0.91 0.42
  295 L   -3 -3 -4 -4 -3 -3 -4 -4 -4  0  6 -4  0 -2  0 -4 -3 -3 -3  0    1   1   0   1   0   0   1   1   0   1  83   1   1   0   6   1   1   0   0   3  1.04 0.39
  296 L   -2  2  2 -2 -3  3 -2 -3  0 -1  3  0  1 -2 -2 -1 -2 -3 -2 -1    0  14  14   0   0  19   0   1   2   1  36   3   3   0   1   2   1   0   0   2  0.37 0.26
  297 A   -1  1 -2 -3 -4  0 -2 -3  0  1 -3  1  0 -4  6  0  1 -5 -4 -1    4   7   0   0   0   4   0   0   3  10   1   8   3   0  41   6  10   0   0   3  0.74 0.30
  298 L    1 -3 -3 -4 -3 -3 -3 -3 -4 -1  3 -3 -1 -2  1  2 -2 -4 -3  2   12   0   0   0   0   0   0   0   0   0  42   0   0   0   6  23   0   0   0  17  0.46 0.30
  299 M   -1 -3 -4 -5 -4  2 -4 -5 -4 -1  2 -3  9 -3 -4 -3  0 -4 -3  0    5   0   0   0   0   9   0   0   0   2  14   0  60   0   0   0   7   0   0   3  1.26 0.52
  300 E    0  0  1  2 -5  1  6 -3 -1 -5 -5 -1 -2 -5 -3 -2 -2 -5 -4 -4    6   4   5  12   0   4  63   0   1   0   0   2   1   0   0   0   0   0   0   1  1.00 0.41
  301 S    3 -3  1 -2 -3 -2 -2 -2 -3 -1 -2 -2  4 -3 -3  4  1 -4 -3 -2   29   0   8   0   0   0   0   1   0   4   0   0  13   0   0  37   6   0   0   0  0.58 0.34
  302 L   -1 -4 -4 -2 -3 -3 -4 -4 -4 -1  4 -4  0 -2 -4 -1  4 -4 -3 -1    4   0   0   3   0   0   0   0   0   0  57   0   0   1   0   2  33   0   0   0  0.82 0.41
  303 P   -2 -4 -3 -3 -5 -3  0  4 -4 -5 -5 -3 -4 -5  7  0 -3 -5 -5 -5    1   0   0   0   0   0   5  32   0   0   0   0   0   0  51   8   0   0   0   0  1.42 0.46
  304 G   -2 -3 -1 -1 -5 -4 -2  7 -4 -6 -6 -4 -5 -6 -5 -1 -4 -5 -5 -4    0   1   3   2   0   0   3  87   0   0   0   0   0   0   0   2   0   0   0   1  1.73 0.54
  305 K   -2 -1 -1  0 -4  0  4 -2 -2 -2 -4  4 -3 -1 -3  0  0 -4 -3  0    0   0   2   3   0   0  40   3   0   1   0  29   0   3   0   5   5   0   0  10  0.57 0.32
  306 K   -3  4 -1 -3 -6 -1 -2 -4 -3 -5 -5  7 -4 -6 -1 -3 -3 -5 -4 -5    0  18   2   0   0   1   0   0   0   0   0  77   0   0   2   0   0   0   0   0  1.50 0.55
  307 I    0 -3 -3 -3 -3 -3 -3 -3  0  1 -2 -3  0 -3 -3  4 -1 -5 -3  4    7   0   0   1   0   0   0   0   3   7   1   0   2   0   0  37   0   0   0  43  0.64 0.37
  308 S    0 -2  2 -2 -3  2 -1  3 -1 -4 -4 -1 -3 -4  0  4  0 -4 -4 -4    4   1   8   0   0  12   1  20   1   0   0   3   0   0   4  43   3   0   0   0  0.57 0.31
  309 P   -1  2 -1 -1 -3  1  1 -1 -1 -1 -1  2  0 -3 -1 -1  4 -4 -3 -1    4  10   0   2   0   5   8   4   1   3   4  17   3   0   3   0  34   0   0   3  0.28 0.19
  310 E   -2 -1 -2  0 -4  2  5 -4 -2 -3  0  1 -2 -4  1 -2 -2 -4 -2 -2    2   2   0   3   0  10  56   0   0   0  12   7   0   0   7   0   0   0   1   1  0.67 0.26
  311 E   -2 -2  0  5 -4  1  3  1  1 -4 -4 -1 -3 -4 -2 -1 -2 -4 -3 -4    2   0   1  48   0   5  21  12   3   0   1   0   0   0   0   3   0   0   0   0  0.75 0.22
  312 I   -2 -3 -3 -4 -2 -3 -3 -4 -3  4  1  0  0 -1 -4 -1 -1 -3  3  3    0   0   0   0   0   0   0   0   0  41   7   6   2   0   0   5   3   0  12  24  0.46 0.20
  313 E   -2  3 -1  0 -4  1  4 -3  0 -2 -2  2 -2 -1 -3  0 -2 -4 -2 -3    0  20   0   3   0   4  40   0   2   3   4  16   0   3   0   5   0   0   0   0  0.51 0.20
  314 R    1  3 -2 -2 -3  1  0  1  1 -3 -2  1 -2 -3  2 -1  0  2 -2 -3   18  26   0   1   0   6   3  11   4   0   2   9   0   0  12   1   5   3   0   0  0.32 0.14
  315 T   -1 -3 -2 -3 -2 -3 -3 -4 -4  3  1 -3  0 -2 -3  0  5 -4 -3  2    2   0   0   0   0   0   0   0   0  19   9   0   1   0   0   3  48   0   0  17  0.55 0.24
  316 R   -1  3 -2 -3 -3  0 -2 -3 -2  0  0  1  4  2 -3 -2  0 -3 -1  2    4  21   0   0   0   5   0   0   0   1   5   9  17  12   0   0   4   0   0  23  0.28 0.17
  317 K   -2  4 -2 -2 -4  0 -1 -2 -2 -3 -1  4 -2 -4 -3  2 -1 -4 -3 -2    1  32   0   0   0   1   0   1   0   0   8  38   0   0   0  17   2   0   0   1  0.62 0.25
  318 T    1 -1 -2 -2 -2 -1  0 -3 -3 -1  1 -2  2 -2 -2  2  4 -3 -3  0    9   4   0   0   0   0   6   0   0   2  15   0   6   0   0  14  43   0   0   2  0.35 0.18
  319 C   -3 -4 -1 -5 10 -4 -4 -4  5 -4 -4 -4 -3 -4 -5 -3 -3  4 -3 -3    0   0   4   0  72   0   0   0  18   0   0   0   0   0   0   0   0   6   0   0  2.13 0.44
  320 K    0  1 -1 -1 -2  2  0 -2 -2 -1  2  2  1 -2  0  0 -1 -3 -2 -1    6   9   1   2   0  13   2   1   0   0  26  20   4   0   3   9   2   0   0   1  0.17 0.10
  321 S    0  1 -2 -2 -3  1 -2 -3 -2 -1 -3 -1 -3 -1  6  3 -1 -4 -3 -3    6   8   0   1   0   6   0   0   0   4   0   0   0   3  41  31   0   0   0   0  0.84 0.24
  322 S    0  4  0 -1 -3  2  1 -1  0 -3 -3  1 -2 -4  1  1  2 -4 -3 -3    5  30   2   1   0   8  10   2   2   0   0   5   0   0   6  12  16   0   0   0  0.37 0.14
  323 E   -2  0 -1  1 -5  5  5 -3 -1 -2 -4  1 -3 -5 -3 -2 -2 -4 -3 -3    0   3   0   8   0  33  46   0   0   4   0   6   0   0   0   0   0   0   0   0  0.87 0.27
  324 Q   -3 -1  1 -2 -4  6  0 -3  5 -4 -4 -1 -2 -2  0 -1 -2 -2  4 -4    0   1   8   0   0  47   1   0  17   0   0   0   0   0   4   3   0   0  19   0  0.87 0.29
  325 L   -2 -4 -4 -5 -2 -4 -4 -5 -4  4  3 -4  1  0 -4 -3 -1 -3 -2  3    0   0   0   0   0   0   0   0   0  41  38   0   2   1   0   0   1   0   0  17  0.67 0.20
  326 L   -3  0 -4 -5 -3 -3 -4 -5  3  0  5 -3  0 -1 -1 -3 -3 -3 -2  0    0   6   0   0   0   0   0   0   8   0  79   0   0   1   3   0   0   0   0   3  0.76 0.25
  327 K    0  1 -2 -2 -4  5  0 -3  1 -4 -4  5 -2 -4 -3 -1 -2 -4 -3 -4    6   3   0   0   0  32   1   0   4   0   0  54   0   0   0   0   0   0   0   0  0.88 0.28
  328 L   -3 -4 -5 -5 -3 -4 -4 -5 -4  2  5 -4  1 -1 -4 -4 -2 -3 -2  0    0   0   0   0   0   0   0   0   0   9  88   0   0   0   0   0   0   0   0   3  1.00 0.25
  329 L   -3 -4 -5 -5 -3 -4 -5 -5 -4  0  6 -4  1 -1 -5 -4 -3 -3 -3 -1    0   0   0   0   0   0   0   0   0   0 100   0   0   0   0   0   0   0   0   0  1.22 0.30
  330 S   -1  0  4 -1 -3  1  1 -2  5 -4 -4  0 -3 -3 -3  2  1 -4 -2 -3    0   3  26   0   0   5   7   0  24   0   0   6   0   0   0  23   7   0   0   0  0.56 0.18
  331 L    0 -3 -4 -4 -3  2 -3 -4 -3  0  5 -3  1 -1 -4 -3 -2 -3 -2 -1   10   0   0   0   0  11   0   0   0   0  79   0   0   0   0   0   0   0   0   0  0.73 0.23
  332 W   -5 -5 -6 -7 -5 -4 -5 -5 -5 -4 -1 -5 -3 -1 -6 -5 -5 12  0 -5    0   0   0   0   0   0   0   0   0   0   7   0   0   0   0   0   0  93   0   0  3.66 0.52
  333 R   -3  6 -2 -3 -5  2 -1 -3 -2 -4 -4  4 -3 -4 -3 -2 -2 -4 -3 -4    0  59   0   0   0  10   0   0   0   0   0  31   0   0   0   0   0   0   0   0  1.11 0.26
  334 I   -1 -2  1 -2 -2 -2 -2 -3 -1  4  0  0  3 -2 -3  1  0 -3 -2  1    1   0   9   0   0   0   0   0   1  39   2   9  12   0   0  13   6   0   0   7  0.25 0.13
  335 K    1  2 -1 -2 -3  2  1 -2  0 -3 -2  4 -2 -4 -2  0  1 -4 -3 -3   14   7   1   0   0   9   7   0   2   0   2  47   0   0   0   1   9   0   0   0  0.46 0.15
  336 N   -3 -2  8  0 -4 -2 -2 -2 -1 -5 -5 -2 -4 -5 -4 -1  1 -5 -4 -4    0   0  92   0   0   0   0   0   0   0   0   0   0   0   0   0   8   0   0   0  1.62 0.34
  337 G   -1 -1 -1  0 -3 -1 -1  4  1 -4 -4  1 -3 -2  0  0 -2 -2  2 -3    2   3   0   5   0   2   4  48   5   0   0  10   0   0   3   5   1   0  13   0  0.51 0.14
  338 D   -3 -2  2  6 -5 -1  1  2 -2 -5 -5 -1 -4 -5 -3 -1 -2 -5 -4 -4    0   0  11  67   0   0   5  14   0   0   0   4   0   0   0   0   0   0   0   0  1.06 0.23
  339 Q   -1  0  0 -2 -3  6  0 -3 -1 -1  2  1  0 -3 -2 -2 -2 -3 -2 -2    5   3   3   0   0  53   0   0   0   2  23   9   2   0   0   0   0   0   0   0  0.56 0.20
  340 D   -3 -3  0  7 -5 -2  0 -3 -3 -5 -5 -2 -5 -5  1 -2 -1 -6 -5 -5    0   0   2  87   0   0   0   0   0   0   0   0   0   0   8   0   3   0   0   0  1.51 0.30
  341 T   -1 -3 -2 -3 -2 -2 -3 -3 -3  1  2 -2  0 -2 -3  0  4 -3 -2  1    1   0   0   0   0   0   0   0   0   9  31   0   1   0   0   6  47   0   0   5  0.47 0.17
  342 L    2 -2 -2 -3 -2 -2 -3 -1 -3  3  2 -2  0 -1 -2 -1 -1 -3 -2  2   26   3   1   0   0   0   0   5   0  30  20   0   1   0   1   0   2   0   0  10  0.23 0.10
  343 K   -2  1  1  1 -4  0  0 -3 -2 -4 -4  6 -3 -4 -2 -1 -1 -4 -3 -4    0   4   5   8   0   0   1   0   0   0   0  78   0   0   0   0   2   0   0   0  0.94 0.25
  344 G    1 -3 -1 -2 -3 -2 -2  6 -3 -4 -4 -2 -3 -4 -3  1  1 -3 -3 -3    8   0   0   0   0   0   0  68   0   0   1   2   0   0   0  10   8   0   0   0  0.90 0.18
  345 L   -3 -3 -4 -4 -2 -3 -4 -4 -4  1  5 -3  1 -1 -4 -3 -2 -3 -2  0    0   0   0   0   0   0   0   0   0   4  91   0   1   0   0   0   0   0   0   0  0.93 0.22
  346 M    1 -2 -2 -2 -2 -1 -1 -2 -2  0  1 -2  6 -1 -2  2  1 -3 -1 -1    9   0   0   0   0   0   4   0   0   2  14   0  35   0   0  21  10   0   2   0  0.34 0.15
  347 Y   -2  0 -1 -2 -4  2  1 -3  7 -3 -1 -1 -2  1 -3 -1 -2 -1  5 -3    0   4   0   0   0   9  10   0  37   0   8   0   0   5   0   3   0   0  23   0  0.67 0.19
  348 A    2  1 -1 -2 -2 -2 -2  4 -2 -3 -1 -1 -2 -3 -2  3 -1 -4 -3 -2   19   8   0   0   0   0   0  37   0   0   6   0   0   0   0  29   0   0   0   0  0.49 0.15
  349 L   -3 -3 -5 -5 -3 -2 -4 -5 -4  1  6 -4  1 -1 -2 -4 -3 -3 -2  0    0   0   0   0   0   2   0   0   0   2  95   0   0   0   2   0   0   0   0   0  1.01 0.25
  350 K   -2  4 -1 -2 -4  0  1 -3 -2 -4 -4  6 -3 -4 -3  0 -2 -4 -3 -4    0  28   0   0   0   0   5   0   0   0   0  62   0   0   0   5   0   0   0   0  0.93 0.23
  351 H   -2  2 -1 -3 -3  0 -1 -4  7 -1 -1  1 -2 -2 -3 -2 -2 -3  0  2    0  13   0   0   0   1   2   0  43   0   5  11   0   0   0   0   0   0   2  23  0.64 0.20
  352 L    1 -3 -4 -4 -2 -3 -4 -4 -4  1  5 -3  2 -1 -4 -2 -2 -3 -2  0   14   0   0   0   0   0   0   0   0   6  75   0   5   0   0   1   0   0   0   0  0.68 0.19
  353 K   -2  5  1 -2 -5  0 -1 -3 -2 -4 -4  5 -3 -4 -3 -2 -2 -4 -3 -4    0  36   5   0   0   0   0   0   0   0   0  59   0   0   0   0   0   0   0   0  1.02 0.24
  354 T    0 -1  1 -2 -2 -1 -2  0  0  0  0 -1  0 -2 -1  2  3 -3 -2 -1    7   3   7   0   0   1   0   5   3   5  10   0   1   0   2  20  34   0   0   0  0.23 0.11
  355 S   -3  1  2 -2 -4  3 -1 -3  5 -4 -3 -1 -2  0 -3 -2 -2 -1  6 -3    0   9  10   0   0  21   0   0  18   0   0   2   0   0   0   0   0   0  41   0  0.81 0.22
  356 H   -2  1 -1  0 -4 -1  0  2  8 -5 -4 -1 -3 -3 -3  0 -2 -4 -1 -4    0   8   0   4   0   1   4  20  52   0   0   2   0   0   0   9   0   0   0   0  0.89 0.22
  357 F    2 -3 -4 -4 -2 -3 -3 -3 -3  0  1 -3 -1  5 -3 -2 -2 -2  0  2   24   0   0   0   0   0   0   0   0   0  10   0   0  43   0   0   0   0   0  24  0.55 0.18
  358 P   -2 -3 -3 -3 -4 -1  0 -4 -3 -4 -4 -2 -4 -4  8 -2 -3 -4  0 -4    0   0   0   0   0   3   8   0   0   0   0   0   0   0  82   2   0   0   5   0  2.01 0.31
  359 K   -2  4 -1 -2 -5  2  1 -3 -2 -4 -4  5 -2 -4 -3 -1 -2 -4 -3 -4    0  27   0   0   0  10   8   0   0   0   0  55   0   0   0   0   0   0   0   0  0.87 0.21
  360 T    0  2 -1 -2 -3  0 -1 -3  2 -2 -2  2  1 -2  2  0  3 -2  2 -2    5  10   0   0   0   4   0   0   7   0   0  18   6   0   9   1  28   0  12   1  0.29 0.12
  361 V   -2 -3 -3 -4 -2 -1 -3 -4 -3  1  4 -3  1 -1 -2 -2  2 -3 -2  2    1   0   0   0   0   2   0   0   0   1  52   0   2   0   1   0  20   0   0  22  0.45 0.15
  362 T   -2  0 -3 -3 -2 -2 -3 -4 -3  3  3  0  0  0 -3 -2  2 -3  0  1    0   6   0   0   0   0   0   0   0  27  33   8   0   1   0   1  18   0   3   2  0.27 0.12
  363 H   -2  5  0 -2 -4  5  0 -3  3 -4 -4  3 -2 -4 -3 -2 -2 -4 -2 -4    0  35   2   0   0  37   0   0   8   0   0  19   0   0   0   0   0   0   0   0  0.84 0.21
  364 S    0  0 -1 -2 -2 -1 -2  3 -2 -3 -3 -1 -3 -4 -2  4  1 -4 -3 -3    4   6   0   0   0   0   0  24   0   2   0   0   0   0   0  55   9   0   0   0  0.57 0.17
  365 L   -3 -3 -5 -5 -2 -3 -4 -5 -4  3  5 -4  1  1 -4 -4 -2 -3 -2  0    0   0   0   0   0   0   0   0   0  16  79   0   0   5   0   0   0   0   0   0  0.81 0.19
  366 R   -2  4 -1 -2 -5  0 -1 -3 -2 -4 -4  6 -3 -4 -3 -2 -2 -4 -3 -4    0  29   0   0   0   0   0   0   0   0   0  71   0   0   0   0   0   0   0   0  1.06 0.22
  367 K   -2  2 -2 -2 -5  1  0 -3 -2 -4 -4  7 -3 -5 -2 -2 -2 -4 -3 -4    0   3   0   0   0   2   0   0   0   0   0  95   0   0   0   0   0   0   0   0  1.24 0.26
  368 T   -1 -3 -3 -3 -2 -3 -3 -4 -3  4  1 -3  2  0 -3 -1  3 -3 -2  3    1   0   0   0   0   0   0   0   0  34   7   0   6   4   0   0  25   0   0  22  0.39 0.12
  369 M    0 -3  0 -2 -2 -2  0 -1 -3  3  0 -2  0 -2 -3  2  0 -4 -2  2    2   0   4   0   0   0   7   4   0  35   0   0   1   0   0  25   1   0   0  22  0.24 0.11
  370 R   -2  6 -1 -2 -5  2 -1 -3 -1 -4 -3  4 -2 -4 -3 -2 -2 -4 -3 -4    0  57   0   0   0   7   0   0   0   0   0  36   0   0   0   0   0   0   0   0  1.01 0.20
  371 F   -3 -4 -4 -4 -3 -4 -4 -4 -3  4  0 -4  0  6 -4 -2 -2 -1  1  1    0   0   0   0   0   0   0   0   0  36   1   0   0  54   0   2   0   0   1   5  0.85 0.19
  372 L   -2 -3 -4 -4 -2 -3 -4 -5 -4  3  4 -4  1  2 -4 -3 -1 -2 -1  1    0   0   0   0   0   0   0   0   0  27  62   0   0   9   0   0   2   0   0   0  0.64 0.15
  373 H   -2  0  2 -2 -4  0 -1  3  7 -4 -4 -2 -3 -3 -3  0 -2 -4 -1 -4    0   4  12   0   0   2   3  25  48   0   0   0   0   0   0   7   0   0   0   0  0.83 0.18
  374 S    1  2  0 -2 -2 -1 -1 -1 -2 -3 -3 -1 -2 -3 -2  4  3 -4 -3 -2   12  15   1   0   0   0   0   3   0   0   0   0   0   0   0  43  27   0   0   0  0.47 0.14
  375 F   -1 -3 -1  0 -3 -2 -2 -3 -2 -1  0 -2 -1  5 -2  1  2 -1  1 -2    4   0   3   7   0   0   0   0   0   0   7   0   0  47   1  14  16   0   0   0  0.43 0.14
  376 T    0 -1 -1 -2 -2 -1  0 -2 -2 -2 -2  0 -1 -3  0  3  4 -4 -3 -2    5   0   0   0   0   0   3   0   0   0   1   6   1   0   3  34  47   0   0   0  0.53 0.16
  377 M    1 -3 -3 -4 -2 -2 -3 -2 -3  1  1 -2  7 -2 -3 -1  0 -3 -2  0   17   0   0   0   0   0   0   1   0   6   4   0  61   0   0   2   7   0   0   2  0.71 0.21
  378 Y   -3 -2 -2 -3 -4  1 -2 -4  7 -3 -3 -2 -2  1 -1 -2 -3  0  7 -3    0   0   0   0   0   7   0   0  32   0   0   0   0   0   2   2   0   0  57   0  1.24 0.24
  379 R   -2  6 -1 -2 -5  1 -1 -3 -2 -4 -4  5 -2 -4 -3 -2 -2 -4 -3 -4    0  52   0   0   0   3   0   0   0   0   0  45   0   0   0   0   0   0   0   0  1.02 0.21
  380 L   -1 -3 -4 -4 -2 -2 -3 -4 -3  1  4 -1  5 -1 -4 -3 -2 -3 -2  1    4   0   0   0   0   0   0   0   0   3  63   4  22   0   0   0   0   0   0   4  0.61 0.16
  381 Y   -3 -3 -1 -4  2 -3 -3 -4  2 -3 -3 -3 -2  2 -4 -2 -3  1  8 -3    0   0   4   0   6   0   0   0   3   0   0   0   0   2   0   1   0   0  83   0  1.50 0.27
  382 Q   -2  0 -1 -1 -5  6  4 -3 -1 -4 -4  0 -2 -5 -3 -1 -2 -4 -3 -4    0   2   0   0   0  61  38   0   0   0   0   0   0   0   0   0   0   0   0   0  1.12 0.24
  383 K   -2  1  0 -2 -5  0 -1 -3 -2 -4 -4  7 -3 -5 -2 -2 -2 -5 -3 -4    0   0   3   0   0   0   0   0   0   0   0  97   0   0   0   0   0   0   0   0  1.26 0.27
  384 L   -2 -2 -4 -4 -2 -1 -3 -4 -3  0  4 -3  6 -1 -4 -3  0 -3 -2  0    0   1   0   0   0   2   0   0   0   0  57   0  34   0   0   0   4   0   0   3  0.71 0.18
  385 F   -3 -4 -4 -5 -3 -4 -5 -5 -3  0  2 -4 -1  7 -5 -4 -3 -1  1 -1    0   0   0   0   0   0   0   0   0   2  21   0   0  77   0   0   0   0   0   0  1.21 0.23
  386 L   -2 -3 -3 -4 -2 -3 -3 -4 -1  1  4 -3  2  1 -3 -1 -1 -2 -1  2    0   0   0   0   0   0   0   0   2   3  58   0   6   5   0   5   0   0   0  21  0.45 0.12
  387 E   -1 -1  2  2 -4  1  5 -2 -1 -4 -4  1 -3 -4 -2  2 -1 -4 -3 -3    0   0  10   8   0   0  61   0   0   0   0   5   0   0   0  16   0   0   0   0  0.74 0.16
  388 M   -2 -2 -4 -5 -3 -2 -4 -4 -3  2  2 -3  8 -1 -4 -3 -2 -3 -2  1    0   2   0   0   0   0   0   0   0  11   9   0  73   0   0   0   0   0   0   6  1.06 0.24
  389 I   -2 -3 -4 -4 -2 -3 -4 -4 -4  4  3 -3  1  2 -2 -3 -2 -2 -1  2    0   0   0   0   0   0   0   0   0  43  29   0   2  12   1   0   0   0   0  13  0.50 0.12
  390 G   -1  0 -1 -2 -4  4  0  5  2 -4 -4 -1 -3 -4 -3 -1 -2 -3 -3 -4    0   3   0   0   0  27   2  60   7   0   0   0   0   0   0   0   0   0   0   0  0.84 0.16
  391 N   -2 -2  5  4 -4 -1  0 -2 -1 -4 -4  0 -3 -4 -3  1 -1 -5 -3 -4    0   0  50  32   0   0   2   0   0   0   0   3   0   0   0  13   0   0   0   0  0.82 0.15
  392 Q   -2  0 -1  0 -4  6  3 -3  0 -4 -3  0 -2 -4 -2 -1 -2 -3 -3 -3    0   1   1   3   0  72  22   0   1   0   0   0   0   0   0   0   0   0   0   0  1.00 0.18
  393 V   -1 -2 -2 -2  3 -2 -3 -3 -3  2  1 -2  0 -1 -3 -1  2 -3 -2  3    2   1   0   2   9   0   0   0   0  10   9   0   0   1   0   1  18   0   0  47  0.30 0.08
  394 Q   -1  1 -1 -1 -4  5  1 -2  4 -4 -3  3 -1 -4  0  0 -1 -3 -2 -3    1   0   0   0   0  53   0   0  13   0   0  24   0   0   4   5   0   0   0   0  0.60 0.10
  395 S    0 -2 -1 -1 -2 -1  0 -1 -2 -2  0 -1  0 -2  2  4  0  1 -2 -2    1   0   0   0   0   0   5   0   0   0  15   0   3   0  11  63   0   2   0   0  0.36 0.08
  396 V    1 -3 -3 -4 -1 -3 -3 -2 -4  2  0 -3  0 -2  0 -2 -1 -3 -2  5   10   0   0   0   0   0   0   2   0   5   3   0   0   0   4   0   0   0   0  76  0.43 0.09
  397 K   -2  2 -1 -1 -4  1  0 -2 -2 -4 -3  6 -2 -4 -2 -1 -1 -4 -3 -3    0   0   0   0   0   0   0   0   0   0   0  99   0   0   0   0   1   0   0   0  0.93 0.14
  398 I   -1 -1 -3 -4 -2 -2 -3 -4 -3  4  1 -1  3 -1 -3 -2 -1 -3 -2  3    1   3   0   0   0   0   0   0   0  42   1   3  13   0   0   0   0   0   0  38  0.38 0.06
  399 S    0  5  0 -1 -2  0 -1 -2 -1 -3 -3  1 -2 -3 -2  3  0 -3 -2 -3    0  48   1   0   0   1   0   0   0   0   0   0   0   0   0  50   0   0   0   0  0.54 0.07
  400 C   -1 -4 -3 -4 10 -3 -4 -3 -4 -2 -2 -4 -2 -3 -3  0 -1 -3 -3 -1    0   0   0   0  95   0   0   0   0   0   0   0   0   0   0   5   0   0   0   0  1.60 0.10
  401 L   -1 -3 -4 -4 -1 -3 -3 -4 -3  2  4 -3  1  0 -3 -3 -1 -2 -1  3    0   0   0   0   0   0   0   0   0   0  61   0   0   0   0   0   0   0   0  39  0.43 0.04

                      K         Lambda
Standard Ungapped    0.1340     0.3208
Standard Gapped      0.0464     0.2670
PSI Ungapped         0.1515     0.3133
PSI Gapped           0.0464     0.2670
