
Last position-specific scoring matrix computed, weighted observed percentages rounded down, information per position, and relative weight of gapless real matches to pseudocounts
           A  R  N  D  C  Q  E  G  H  I  L  K  M  F  P  S  T  W  Y  V   A   R   N   D   C   Q   E   G   H   I   L   K   M   F   P   S   T   W   Y   V
    1 M   -2 -2 -3 -4 -2 -1 -3 -4 -3  0  1 -2  9 -1 -4 -3 -2 -2 -2  0    0   0   0   0   0   0   0   0   0   0   0   0 100   0   0   0   0   0   0   0  1.14 0.18
    2 G    0 -3 -1 -2 -3 -3 -3  7 -3 -5 -5 -2 -4 -4 -3 -1 -2 -3 -4 -4    0   0   0   0   0   0   0 100   0   0   0   0   0   0   0   0   0   0   0   0  1.37 0.12
    3 G    0 -3  0 -2 -3 -2 -3  6 -3 -4 -4 -2 -3 -4 -3  0 -2 -3 -4 -4    1   0   2   0   0   0   0  94   0   0   0   0   0   0   0   3   0   0   0   0  1.24 0.11
    4 K   -1  2 -1 -1 -4  1  0 -2 -1 -3 -3  6 -2 -4 -2 -1 -1 -4 -3 -3    0   1   0   0   0   0   0   0   0   0   0  98   0   0   0   0   0   0   0   0  0.90 0.13
    5 W   -4 -4 -5 -6 -2 -3 -4 -4 -4 -4 -2 -4 -3  0 -5 -4 -4 12  1 -4    0   0   0   0   0   0   0   0   0   0   1   0   0   0   0   0   0  99   0   0  3.12 0.21
    6 S    1 -2  0 -1 -2 -1 -1 -1 -2 -3 -3 -1 -2 -3 -2  6  1 -4 -3 -2    0   0   0   0   0   0   0   0   0   0   0   0   0   0   0 100   0   0   0   0  0.79 0.13
    7 K   -1  2 -1 -1 -4  1  0 -2 -1 -4 -3  6 -2 -4 -2 -1 -1 -4 -3 -3    0   1   0   0   0   0   0   0   0   0   0  99   0   0   0   0   0   0   0   0  0.91 0.13
    8 S    0  1  0 -1  2 -1 -1 -1 -1 -3 -3  0 -2 -3 -1  5  1 -3 -2 -2    0  12   2   0   4   0   0   1   0   0   0   0   0   0   0  80   0   0   0   0  0.54 0.10
    9 S    0 -1  0 -1 -1 -1 -1 -1 -2 -3 -3  0 -2 -3 -2  5  1 -4 -2 -2    0   1   0   0   1   0   0   0   0   0   0   3   0   0   0  94   1   0   0   0  0.71 0.12
   10 I   -1 -2 -3 -4 -2 -3 -3 -3 -3  4  1 -2  1 -1 -3 -2 -1 -3 -2  3    1   1   0   0   0   0   0   1   0  57   7   2   4   0   0   0   1   0   0  26  0.41 0.07
   11 V   -1 -3 -3 -4 -1 -3 -3 -2 -4  3  0 -3  0 -1 -2 -2  0 -3 -2  5    0   0   0   0   1   0   0   4   0  10   0   0   0   1   2   1   1   0   0  80  0.46 0.09
   12 G    0 -3 -1 -2 -3 -2 -2  6 -3 -5 -5 -2 -3 -4 -3 -1 -2 -3 -4 -4    0   0   0   0   0   0   1  98   0   0   0   0   0   0   0   0   0   0   0   0  1.33 0.11
   13 W   -4 -4 -5 -6 -4 -3 -4 -4 -4 -4 -3 -4 -3  0 -5 -4 -4 12  1 -4    0   0   0   0   0   0   0   0   0   0   0   0   0   0   0   0   0 100   0   0  3.20 0.21
   14 P   -1 -3 -2 -2 -4 -2 -2 -3 -3 -4 -4 -2 -3 -5  8  0 -2 -5 -4 -3    0   0   0   0   0   0   0   0   0   0   0   0   0   0  93   6   0   0   0   0  2.12 0.14
   15 A    4 -1 -1 -2 -1 -1 -1 -1 -2 -2 -2  0 -2 -3 -1  1  1 -3 -2 -1   77   3   1   1   0   0   1   0   0   0   0   4   0   0   0   1  12   0   0   0  0.45 0.08
   16 I   -1 -3 -4 -4 -2 -3 -4 -4 -4  5  1 -3  1 -1 -3 -3 -1 -3 -2  4    0   0   0   0   0   0   0   0   0  54   0   0   0   0   0   0   0   0   0  46  0.56 0.08
   17 R   -2  7 -1 -2 -4  0 -1 -3 -1 -4 -3  2 -2 -4 -3 -2 -2 -4 -3 -3    0 100   0   0   0   0   0   0   0   0   0   0   0   0   0   0   0   0   0   0  1.21 0.14
   18 E   -2 -1 -1  2 -5  1  6 -3 -1 -4 -4  0 -3 -4 -2 -1 -2 -4 -3 -3    0   0   0   4   0   0  95   0   0   0   0   0   0   0   0   0   0   0   0   0  1.04 0.13
   19 R   -2  7 -1 -2 -4  0 -1 -3 -1 -4 -3  2 -2 -4 -3 -2 -2 -4 -3 -3    0  98   0   0   0   0   0   0   0   0   0   2   0   0   0   0   0   0   0   0  1.18 0.13
   20 I   -2 -3 -3 -4 -2 -2 -3 -4 -3  4  1 -3  6 -1 -3 -3 -1 -3 -2  1    0   0   0   0   0   0   0   0   0  43   1   0  55   0   0   0   0   0   0   0  0.62 0.11
   21 R   -2  6 -1 -2 -4  1  0 -3 -1 -4 -3  2 -2 -4 -3 -1 -2 -4 -2 -3    1  87   0   0   0   1   1   0   0   0   0   9   0   0   0   0   0   0   0   0  0.99 0.11
   22 R   -2  7 -1 -2 -4  1 -1 -3 -1 -4 -3  2 -2 -4 -3 -1 -2 -4 -2 -3    0  93   0   0   0   4   0   0   0   0   0   4   0   0   0   0   0   0   0   0  1.09 0.12
   23 T    3 -2 -1 -2 -1 -1 -1 -1 -2 -1 -2 -1 -1 -3 -2  1  5 -3 -2  0   36   0   0   0   0   0   0   0   0   1   0   0   0   0   0   1  61   0   0   1  0.50 0.09
   24 N   -1  0  1  3 -4  1  5 -2 -1 -4 -4  0 -3 -4 -1  0 -1 -4 -3 -3    2   4   4  21   0   3  62   0   0   0   0   0   0   0   1   2   0   0   0   0  0.67 0.08
   25 P   -1 -3 -3 -2 -4 -2 -2 -3 -3 -4 -4 -2 -3 -5  8 -2 -2 -5 -4 -3    1   0   0   0   0   0   0   0   0   0   0   0   0   0  98   0   1   0   0   1  2.28 0.15
   26 A    5 -2 -2 -2 -1 -1 -1 -1 -2 -2 -2 -1 -2 -3 -1  1 -1 -3 -3 -1   96   0   0   1   0   0   1   0   0   0   0   0   0   0   0   0   1   0   0   1  0.66 0.11
   27 A    5 -2 -2 -3 -1 -1 -2  0 -2 -2 -2 -1 -2 -3 -1  1 -1 -3 -3 -1   98   0   0   0   0   0   0   0   0   0   0   0   0   0   1   0   0   0   0   0  0.70 0.11
   28 D   -1 -1  0  4 -4  1  5 -2 -1 -3 -4  0 -3 -4 -1 -1 -1 -4 -3 -2    4   0   0  33   0   1  59   0   0   0   0   0   0   0   1   0   0   0   0   2  0.74 0.09
   29 G    0 -3 -1 -2 -3 -2 -3  6 -3 -5 -4 -2 -3 -4 -3 -1 -2 -3 -4 -4    2   1   0   0   0   0   0  97   0   0   0   0   0   0   0   0   0   0   0   0  1.31 0.11
   30 V   -1 -3 -4 -3 -2 -3 -3 -4 -4  2  0 -3  0 -2 -3 -2 -1 -4 -2  5    0   0   0   1   0   0   1   0   0   0   0   0   0   0   0   0   0   0   0  98  0.66 0.11
   31 G    0 -3 -1 -2 -3 -3 -3  6 -3 -5 -5 -2 -4 -4 -2 -1 -2 -3 -4 -4    0   0   0   0   0   0   0  99   0   0   0   0   0   0   1   0   0   0   0   0  1.35 0.12
   32 A    5 -2 -2 -2 -1 -1 -2  0 -2 -2 -2 -1 -2 -3  0  1 -1 -3 -3 -1   96   0   0   0   0   0   0   0   0   0   0   0   0   0   2   0   0   0   0   1  0.68 0.11
   33 V    3 -3 -3 -3 -1 -2 -2 -2 -3  1  0 -2  0 -2 -2 -1 -1 -3 -2  4   38   0   0   0   0   0   0   1   0   0   0   0   0   0   0   0   0   0   0  61  0.38 0.08
   34 S    1 -2  0 -1 -2 -1 -1 -1 -2 -3 -3 -1 -2 -3 -2  6  1 -4 -3 -2    0   0   0   0   0   0   0   0   0   0   0   0   0   0   0 100   0   0   0   0  0.80 0.13
   35 R   -2  7 -1 -2 -4  2 -1 -3 -1 -4 -3  2 -2 -4 -3 -1 -2 -4 -2 -3    0  93   0   0   0   6   0   0   0   0   0   1   0   0   0   0   0   0   0   0  1.09 0.13
   36 D   -3 -2  1  7 -4 -1  1 -2 -2 -4 -5 -1 -4 -4 -2 -1 -2 -5 -4 -4    0   0   0 100   0   0   0   0   0   0   0   0   0   0   0   0   0   0   0   0  1.36 0.13
   37 L   -2 -3 -4 -4 -2 -3 -4 -4 -4  1  5 -3  2  0 -3 -3 -2 -2 -2  0    0   0   0   0   0   0   0   0   0   0  99   0   0   0   1   0   0   0   0   0  0.73 0.10
   38 E   -1 -1 -1  2 -4  1  6 -2 -1 -4 -4  0 -3 -4 -2 -1 -2 -4 -3 -3    2   0   0  10   0   0  87   2   0   0   0   0   0   0   0   0   0   0   0   0  0.92 0.11
   39 K   -1  3  0 -1 -4  1  0 -2 -1 -3 -3  5 -2 -4 -2 -1 -1 -4 -3 -3    0  17   1   0   0   1   0   0   0   0   0  80   0   0   0   0   0   0   0   0  0.75 0.10
   40 H   -3 -1  0 -2 -4  0 -1 -3  9 -4 -4 -2 -2 -2 -3 -2 -3 -3  2 -4    0   2   0   0   0   0   0   0  94   0   0   0   0   0   0   0   0   0   4   0  1.51 0.16
   41 G    0 -3 -1 -2 -3 -3 -3  7 -3 -5 -5 -2 -4 -4 -3 -1 -2 -3 -4 -4    0   0   0   0   0   0   0 100   0   0   0   0   0   0   0   0   0   0   0   0  1.36 0.12
   42 A    5 -2 -2 -3 -1 -2 -2  0 -2 -2 -2 -1 -2 -3 -2  1 -1 -3 -3 -1  100   0   0   0   0   0   0   0   0   0   0   0   0   0   0   0   0   0   0   0  0.73 0.12
   43 I   -2 -4 -4 -4 -2 -3 -4 -4 -4  5  2 -3  1 -1 -3 -3 -1 -3 -2  2    0   0   0   0   0   0   0   0   0  82  13   0   0   0   0   0   0   0   0   5  0.62 0.09
   44 T   -1 -2 -1 -2 -2 -1 -2 -2 -3 -2 -2 -1 -1 -3 -2  1  6 -3 -2 -1    0   0   0   0   0   0   0   0   0   0   0   0   0   0   0   0 100   0   0   0  0.90 0.14
   45 S    0 -1  1 -1 -2 -1 -1 -1 -2 -3 -3 -1 -2 -3 -2  5  1 -4 -2 -2    0   0   3   0   0   0   0   0   0   1   0   0   0   0   0  93   4   0   0   0  0.71 0.12
   46 S    0 -1  1 -1 -2 -1 -1 -1 -2 -3 -3 -1 -2 -3 -2  5  1 -4 -2 -2    0   1   2   0   0   0   0   0   0   0   0   0   0   0   0  96   0   0   0   0  0.74 0.12
   47 N   -2 -1  7  1 -4 -1 -1 -1  0 -4 -4 -1 -3 -4 -3  0 -1 -5 -3 -4    0   0  99   0   0   0   0   0   0   0   0   0   0   0   0   0   0   0   0   0  1.22 0.14
   48 T   -1 -2 -1 -2 -2 -1 -2 -2 -3 -1 -2 -1 -1 -3 -2  1  6 -3 -2 -1    0   0   0   0   0   0   0   0   0   0   0   0   0   0   0   0  99   0   0   0  0.88 0.14
   49 A    5 -2 -2 -2 -1 -1 -1 -1 -2 -2 -2 -1 -2 -3  1  1  0 -3 -2 -1   85   1   0   0   0   0   0   0   0   0   0   0   0   0   7   2   2   0   0   1  0.56 0.10
   50 S    3 -1 -1 -1 -2  3  0 -1  3 -2 -2  0 -1 -3 -2  1  1 -3 -1 -1   44   0   0   1   0  24   1   1  13   0   0   0   0   0   0   6   9   0   0   0  0.32 0.06
   51 T   -1 -2  3 -1 -2 -1 -1 -2 -2 -2 -2 -1 -2 -3 -2  1  5 -4 -2 -1    0   0  24   1   0   0   0   0   0   0   0   0   0   0   0   1  73   0   0   0  0.64 0.11
   52 N   -2 -1  7  1 -4 -1 -1 -1  0 -4 -4 -1 -3 -4 -3  0 -1 -5 -3 -4    0   0 100   0   0   0   0   0   0   0   0   0   0   0   0   0   0   0   0   0  1.23 0.14
   53 A    4 -2 -2 -2 -2 -1 -1 -1 -2 -2 -3 -1 -2 -3  5  1 -1 -4 -3 -1   63   0   1   1   0   0   1   0   0   0   0   0   0   0  31   4   0   0   0   0  0.71 0.09
   54 D    0 -2  1  6 -4 -1  1 -2 -2 -4 -4 -1 -3 -4 -2 -1 -1 -5 -4 -3   13   0   1  84   0   0   0   0   0   0   0   0   0   0   0   0   1   0   0   0  1.00 0.11
   55 C   -1 -4 -4 -5 10 -4 -5 -3 -4 -2 -2 -4 -2 -3 -4 -2 -2 -3 -3 -1    0   0   0   0  97   0   0   0   0   0   2   0   0   0   0   0   0   0   0   1  1.95 0.17
   56 A    5 -2 -2 -3 -1 -2 -2  0 -2 -2 -2 -1 -2 -3 -2  1 -1 -3 -3 -1  100   0   0   0   0   0   0   0   0   0   0   0   0   0   0   0   0   0   0   0  0.73 0.12
   57 W   -4 -3 -5 -6 -4 -3 -4 -4 -4 -4 -3 -4 -2  0 -5 -4 -4 12  1 -4    0   1   0   0   0   0   0   0   0   0   0   0   0   0   0   0   0  99   0   0  3.12 0.21
   58 L   -2 -3 -4 -4 -2 -3 -4 -4 -4  1  5 -3  2  0 -4 -3 -2 -2 -2  1    0   0   0   0   0   0   0   0   0   0  95   0   0   0   0   0   0   0   0   5  0.69 0.10
   59 E   -1 -1 -1  1 -5  2  6 -3 -1 -4 -4  0 -3 -4 -2 -1 -2 -4 -3 -3    1   1   0   0   0   3  95   0   0   0   0   0   0   0   0   0   0   0   0   0  1.04 0.13
   60 A    5 -2 -2 -3 -1 -1 -2  0 -2 -2 -2 -1 -2 -3 -2  1 -1 -3 -3 -1   99   0   0   0   0   0   0   0   0   0   0   0   0   0   0   0   0   0   0   0  0.72 0.12
   61 Q   -2  0 -1 -1 -4  7  1 -3  0 -4 -3  1 -1 -4 -2 -1 -2 -3 -2 -3    0   0   0   0   0 100   0   0   0   0   0   0   0   0   0   0   0   0   0   0  1.18 0.16
   62 E   -2 -1 -1  1 -5  2  6 -3 -1 -4 -4  1 -3 -4 -2 -1 -1 -4 -3 -3    0   0   0   0   0   3  94   0   0   0   0   2   0   0   0   0   0   0   0   0  1.02 0.12
   63 E   -1 -1 -1  1 -4  1  6 -2 -1 -3 -3  0 -2 -3 -1 -1 -1 -3 -2 -3    1   1   1   2   0   1  87   1   0   1   1   1   0   0   1   1   1   0   0   1  0.85 0.10
   64 S    0 -1  1  4 -2  0  3  0 -1 -2 -2  0 -2 -2 -1  0 -1 -2 -2 -2    5   2   3  29   1   2  28   8   1   2   3   2   1   1   2   7   2   0   1   2  0.30 0.03
   65 D   -1 -1  0  1 -4  1  5  2 -1 -4 -4  0 -3 -4 -2 -1 -2 -4 -3 -3    0   0   1   4   0   0  73  20   0   0   0   0   0   0   0   0   0   0   0   0  0.72 0.10
   66 E   -1 -1 -1  2 -4  1  6 -2 -1 -4 -4  0 -3 -4 -2 -1 -2 -4 -3 -3    1   0   0   9   0   0  87   3   0   0   0   0   0   0   0   0   0   0   0   0  0.92 0.11
   67 V   -1 -3 -4 -4 -2 -3 -3 -4 -4  2  0 -3  0 -2 -3 -2 -1 -4 -2  6    0   0   0   0   0   0   0   0   0   0   0   0   1   0   0   0   0   0   0  99  0.71 0.12
   68 G    0 -3 -1 -2 -3 -3 -3  7 -3 -5 -5 -2 -3 -4 -3 -1 -2 -3 -4 -4    0   0   0   0   0   0   0 100   0   0   0   0   0   0   0   0   0   0   0   0  1.36 0.12
   69 F   -3 -4 -4 -5 -3 -4 -4 -4 -2 -1  0 -4 -1  8 -5 -3 -3  0  2 -2    0   0   0   0   0   0   0   0   0   0   0   0   0 100   0   0   0   0   0   0  1.31 0.14
   70 P   -2 -3 -3 -2 -4 -2 -2 -3 -3 -4 -4 -2 -3 -5  8 -2 -2 -5 -4 -3    0   0   0   0   0   0   0   0   0   0   0   0   0   0 100   0   0   0   0   0  2.37 0.15
   71 V   -1 -3 -4 -4 -2 -3 -3 -4 -4  2  0 -3  0 -2 -3 -2 -1 -4 -2  5    0   0   0   0   0   0   0   0   0   1   0   0   0   0   0   0   0   0   0  98  0.69 0.12
   72 R   -2  6 -1 -2 -4  0 -1 -3 -1 -4 -3  3 -2 -4 -3 -1 -1 -4 -2 -3    0  86   0   0   0   0   0   0   0   0   0  12   0   0   0   0   2   0   0   0  0.99 0.12
   73 P   -2 -3 -3 -2 -4 -2 -2 -3 -3 -4 -4 -2 -3 -5  8 -2 -2 -5 -4 -3    0   0   0   0   0   0   0   0   0   0   0   0   0   0 100   0   0   0   0   0  2.37 0.15
   74 Q   -2  0 -1 -1 -4  7  1 -3  0 -4 -3  1 -1 -4 -2 -1 -2 -3 -2 -3    0   0   0   0   0 100   0   0   0   0   0   0   0   0   0   0   0   0   0   0  1.19 0.16
   75 V   -1 -3 -4 -4 -2 -3 -3 -4 -4  2  0 -3  0 -2 -3 -2 -1 -4 -2  5    0   0   0   0   0   0   0   0   0   0   0   0   0   0   0   0   0   0   0  99  0.70 0.12
   76 P   -2 -3 -3 -2 -4 -2 -2 -3 -3 -4 -4 -2 -3 -5  8 -2 -2 -5 -4 -3    0   0   0   0   0   0   0   0   0   0   0   0   0   0 100   0   0   0   0   0  2.37 0.15
   77 L   -2 -3 -4 -4 -2 -3 -4 -4 -4  1  5 -3  2  0 -4 -3 -1 -2 -2  1    0   0   0   0   0   0   0   0   0   0  96   0   1   0   0   0   1   0   0   2  0.69 0.10
   78 R   -2  7 -1 -2 -4  0 -1 -3 -1 -4 -3  2 -2 -4 -3 -2 -2 -4 -3 -3    0  99   0   0   0   0   0   0   0   0   0   1   0   0   0   0   0   0   0   0  1.19 0.13
   79 P   -2 -3 -3 -2 -4 -2 -2 -3 -3 -4 -4 -2 -3 -5  8 -2 -2 -5 -4 -3    0   0   0   0   0   0   0   0   0   0   0   0   0   0 100   0   0   0   0   0  2.35 0.15
   80 M   -2 -2 -3 -4 -2 -1 -3 -4 -3  0  1 -2  9 -1 -4 -2 -1 -2 -2  0    0   0   0   0   0   0   0   0   0   0   0   0  99   0   0   0   1   0   0   0  1.12 0.17
   81 T   -1 -2 -1 -2 -2 -1 -2 -2 -3 -2 -2 -1 -1 -3 -2  1  6 -3 -2 -1    0   0   1   0   0   0   0   0   0   0   0   0   0   0   0   1  99   0   0   0  0.88 0.13
   82 Y   -3 -3 -3 -4 -3 -2 -3 -4  1 -2 -2 -3 -2  3 -3 -3 -3  2  8 -2    0   0   0   0   0   0   0   0   0   0   0   0   0   7   0   0   0   0  92   0  1.37 0.15
   83 K   -1  2 -1 -1 -4  1  0 -2 -1 -4 -3  6 -2 -4 -2 -1 -1 -4 -3 -3    0   1   0   0   0   0   0   0   0   0   0  97   0   0   0   1   0   0   0   0  0.88 0.13
   84 E    3 -2 -1 -2 -2 -2 -2  5 -2 -3 -3 -2 -2 -3 -2  0 -1 -3 -3 -2   42   0   0   0   0   0   1  56   0   0   0   0   0   0   0   0   0   0   0   0  0.69 0.08
   85 A    5 -2 -2 -2 -1 -1 -2  0 -2 -2 -2 -1 -2 -3 -2  1 -1 -3 -3 -1   99   0   0   0   0   0   0   1   0   0   0   0   0   0   0   1   0   0   0   0  0.71 0.11
   86 L   -1 -3 -4 -4 -2 -3 -3 -4 -3  2  3 -3  1  2 -3 -3 -1 -1 -1  3    0   1   0   0   0   0   0   0   0   2  38   0   0  12   0   0   0   0   0  46  0.37 0.06
   87 D   -3 -2  1  7 -4 -1  1 -2 -2 -4 -5 -1 -4 -4 -2 -1 -2 -5 -4 -4    0   0   1  99   0   0   0   0   0   0   0   0   0   0   0   1   0   0   0   0  1.34 0.13
   88 L   -2 -3 -4 -4 -2 -3 -4 -4 -4  1  5 -3  2  0 -4 -3 -2 -2 -2  0    0   0   0   0   0   0   0   0   0   2  96   0   1   0   0   0   0   0   0   0  0.70 0.10
   89 S    1 -2  0 -1 -2 -1 -1 -1 -2 -3 -3 -1 -2 -3 -2  5  1 -4 -3 -2    0   0   0   0   0   0   0   1   0   0   0   0   0   0   0  99   0   0   0   0  0.78 0.13
   90 H   -3 -1  0 -2 -4 -1 -1 -3  9 -4 -3 -2 -2  2 -3 -2 -3 -3  1 -4    0   0   0   0   0   0   0   0  89   0   0   0   0  11   0   0   0   0   0   0  1.38 0.15
   91 F   -3 -4 -4 -5 -3 -4 -4 -4 -2 -1  0 -4 -1  8 -5 -3 -3  0  3 -2    0   0   0   0   0   0   0   0   0   0   0   0   0  99   0   0   0   0   1   0  1.29 0.14
   92 L   -2 -3 -4 -4 -2 -3 -4 -4 -4  1  5 -3  2  0 -4 -3 -2 -2 -2  0    0   0   0   0   0   0   0   0   0   1  99   0   0   0   0   0   0   0   0   0  0.73 0.10
   93 K   -1  2 -1 -1 -4  1  0 -2 -1 -4 -3  6 -2 -4 -2 -1 -1 -4 -3 -3    0   3   0   0   0   0   0   0   0   0   0  97   0   0   0   0   0   0   0   0  0.88 0.12
   94 E   -2 -1 -1  1 -5  1  6 -3 -1 -4 -4  0 -3 -4 -2 -1 -2 -4 -3 -3    0   0   0   1   0   0  98   0   0   0   0   0   0   0   0   0   0   0   0   0  1.09 0.13
   95 K   -1  2 -1 -1 -4  1  0 -2 -1 -4 -3  6 -2 -4 -2 -1 -1 -4 -3 -3    0   0   0   0   0   1   0   0   0   0   0  98   0   0   0   0   0   0   0   0  0.89 0.13
   96 G    0 -3 -1 -2 -3 -3 -3  7 -3 -5 -5 -2 -4 -4 -3 -1 -2 -3 -4 -4    0   0   0   0   0   0   0 100   0   0   0   0   0   0   0   0   0   0   0   0  1.38 0.12
   97 G    0 -3 -1 -2 -3 -3 -3  7 -3 -5 -5 -2 -4 -4 -3 -1 -2 -3 -4 -4    0   0   0   0   0   0   0 100   0   0   0   0   0   0   0   0   0   0   0   0  1.38 0.12
   98 L   -2 -3 -4 -4 -2 -3 -4 -4 -4  1  5 -3  2  0 -4 -3 -2 -2 -2  0    0   0   0   0   0   0   0   0   0   0 100   0   0   0   0   0   0   0   0   0  0.74 0.10
   99 E   -2 -1 -1  3 -5  1  6 -3 -1 -4 -4  0 -3 -4 -2 -1 -2 -4 -3 -3    0   0   0  12   0   0  87   0   0   0   0   0   0   0   0   0   0   0   0   0  0.98 0.12
  100 G    0 -2 -1 -2 -3 -3 -3  6 -3 -5 -5 -2 -3 -4 -3 -1 -2 -3 -4 -4    0   1   0   0   0   0   0  99   0   0   0   0   0   0   0   0   0   0   0   0  1.35 0.12
  101 L   -2 -3 -4 -4 -2 -2 -3 -4 -3  1  5 -3  2  0 -4 -3 -2 -2 -2  0    0   0   0   0   0   1   0   0   0   2  95   0   2   0   0   0   0   0   0   0  0.68 0.09
  102 I   -2 -4 -4 -4 -2 -3 -4 -4 -4  5  1 -3  1 -1 -3 -3 -1 -3 -2  3    0   0   0   0   0   0   0   0   0  75   0   0   0   0   0   0   1   0   0  23  0.60 0.09
  103 W   -3 -3 -3 -4 -3 -2 -3 -4  4 -3 -2 -3 -2  2 -4 -3 -3  9  6 -3    0   0   0   0   0   0   0   0  13   0   0   0   0   1   0   0   0  44  42   0  1.52 0.13
  104 S    1 -2  0 -1 -2 -1 -1 -1 -2 -3 -3 -1 -2 -3 -1  6  1 -4 -3 -2    0   0   0   0   0   0   0   0   0   0   0   0   0   0   1  99   0   0   0   0  0.79 0.13
  105 K   -1  2 -1 -1 -4  6  1 -2  0 -4 -3  3 -1 -4  0 -1 -1 -3 -2 -3    0   5   0   0   0  69   0   0   0   0   0  22   0   0   2   1   0   0   0   0  0.77 0.11
  106 K   -1  3 -1 -1 -4  2  0 -2 -1 -3 -3  5 -2 -4 -2 -1 -1 -4 -2 -3    0  12   0   0   0   7   1   0   0   0   0  80   0   0   0   0   0   0   0   0  0.74 0.10
  107 R   -2  7 -1 -2 -4  0 -1 -3 -1 -4 -3  2 -2 -4 -3 -1 -2 -4 -3 -3    0  99   0   0   0   0   0   0   0   0   0   0   0   0   0   0   0   0   0   0  1.19 0.13
  108 Q   -2  1 -1 -1 -4  7  1 -3  0 -4 -3  1 -1 -4 -2 -1 -2 -3 -2 -3    0   2   0   0   0  97   0   0   0   0   0   2   0   0   0   0   0   0   0   0  1.12 0.15
  109 E   -2 -2  0  6 -4  0  4 -2 -1 -4 -4 -1 -3 -4 -2 -1 -2 -4 -3 -4    0   0   0  61   0   1  38   0   0   0   0   0   0   0   0   0   0   0   0   0  0.93 0.10
  110 I   -2 -4 -4 -4 -2 -4 -4 -5 -4  6  1 -4  1 -1 -4 -3 -1 -3 -2  2    0   0   0   0   0   0   0   0   0  99   0   0   0   0   0   0   1   0   0   0  0.79 0.12
  111 L   -2 -3 -4 -4 -2 -3 -4 -4 -4  1  5 -3  2  0 -4 -3 -2 -2 -2  0    0   0   0   0   0   0   0   0   0   1  99   0   0   0   0   0   0   0   0   0  0.74 0.10
  112 D   -3 -2  1  7 -4 -1  1 -2 -1 -4 -5 -1 -4 -4 -2 -1 -2 -5 -4 -4    0   0   0  99   0   0   0   0   1   0   0   0   0   0   0   0   0   0   0   0  1.34 0.13
  113 L   -2 -3 -4 -4 -2 -3 -4 -4 -4  1  5 -3  2  0 -4 -3 -2 -2 -2  0    0   0   0   0   0   0   0   0   0   0 100   0   0   0   0   0   0   0   0   0  0.74 0.10
  114 W   -4 -4 -5 -6 -4 -3 -4 -4 -4 -4 -3 -4 -3  0 -5 -4 -4 12  1 -4    0   0   0   0   0   0   0   0   0   0   0   0   0   0   0   0   0 100   0   0  3.20 0.21
  115 V   -1 -3 -4 -4 -1 -3 -3 -4 -4  3  0 -3  1 -1 -3 -2 -1 -4 -2  5    0   0   0   0   0   0   0   0   0  13   0   0   1   0   0   0   0   0   0  85  0.61 0.10
  116 Y   -3 -3 -3 -4 -3 -2 -3 -4  1 -2 -2 -3 -2  2 -4 -3 -3  1  8 -2    0   0   0   0   0   0   0   0   1   0   0   0   0   0   0   0   0   0  98   0  1.48 0.16
  117 N   -2 -1  4 -1 -4  0 -1 -2  8 -4 -4 -1 -3 -2 -3 -1 -2 -4  0 -4    0   0  26   0   0   0   0   0  73   0   0   0   0   0   0   0   0   0   0   0  1.17 0.14
  118 T   -1 -2 -1 -2 -2 -1 -2 -2 -3 -2 -2 -1 -1 -3 -2  1  6 -3 -2 -1    0   0   0   0   0   0   0   0   0   0   0   0   0   0   0   0 100   0   0   0  0.90 0.14
  119 Q   -2  0 -1 -1 -4  7  1 -3  0 -4 -3  1 -1 -4 -2 -1 -2 -3 -2 -3    0   0   0   0   0 100   0   0   0   0   0   0   0   0   0   0   0   0   0   0  1.19 0.16
  120 G    0 -3 -1 -2 -3 -3 -3  7 -3 -5 -5 -2 -4 -4 -3 -1 -2 -3 -4 -4    0   0   0   0   0   0   0 100   0   0   0   0   0   0   0   0   0   0   0   0  1.38 0.12
  121 I   -3 -3 -3 -4 -3 -3 -3 -4  1 -1 -1 -3 -2  4 -4 -3 -3  1  8 -2    0   0   0   0   0   0   0   0   0   1   0   0   0  18   0   0   0   0  80   0  1.22 0.13
  122 F   -3 -4 -4 -5 -3 -4 -4 -4 -2 -1  0 -4 -1  8 -5 -3 -3  0  2 -2    0   0   0   0   0   0   0   0   0   0   0   0   0 100   0   0   0   0   0   0  1.31 0.14
  123 P   -2 -3 -3 -2 -4 -2 -2 -3 -3 -4 -4 -2 -3 -5  8 -2 -2 -5 -4 -3    0   0   0   0   0   0   0   0   0   0   0   0   0   0 100   0   0   0   0   0  2.37 0.15
  124 D   -3 -2  1  7 -4 -1  1 -2 -2 -4 -5 -1 -4 -4 -2 -1 -2 -5 -4 -4    0   0   0 100   0   0   0   0   0   0   0   0   0   0   0   0   0   0   0   0  1.36 0.13
  125 W   -4 -4 -5 -6 -4 -3 -4 -4 -4 -4 -3 -4 -3  0 -5 -4 -4 12  1 -4    0   0   0   0   0   0   0   0   0   0   0   0   0   0   0   0   0 100   0   0  3.20 0.21
  126 Q   -2  0 -1 -1 -4  7  1 -3  2 -4 -3  1 -1 -4 -2 -1 -2 -3 -2 -3    0   0   0   1   0  94   0   0   4   0   0   0   0   0   0   0   0   0   0   0  1.08 0.15
  127 N   -2 -1  7  1 -2 -1 -1 -1  0 -4 -4 -1 -3 -4 -3  0 -1 -5 -3 -4    0   0  99   0   1   0   0   0   0   0   0   0   0   0   0   0   0   0   0   0  1.21 0.14
  128 Y   -3 -3 -3 -4 -3 -2 -3 -4  1 -2 -2 -3 -2  2 -4 -3 -3  1  8 -2    0   0   0   0   0   0   0   0   0   0   0   0   0   0   0   0   0   0 100   0  1.52 0.16
  129 T   -1 -2 -1 -2 -2 -1 -2 -2 -3 -2 -2 -1 -1 -3 -2  1  6 -3 -2 -1    0   0   0   0   0   0   0   0   0   0   0   0   0   0   0   0 100   0   0   0  0.90 0.14
  130 P   -2 -3 -3 -2 -4 -2 -2 -3 -3 -4 -4 -2 -3 -5  8 -1 -2 -5 -4 -3    0   0   0   0   0   0   0   0   0   0   0   0   0   0  99   1   0   0   0   0  2.32 0.15
  131 G    0 -3 -1 -2 -3 -3 -3  7 -3 -5 -5 -2 -4 -4 -3 -1 -2 -3 -4 -4    0   0   0   0   0   0   0 100   0   0   0   0   0   0   0   0   0   0   0   0  1.36 0.12
  132 P   -2 -3 -3 -2 -4 -2 -2 -3 -3 -4 -4 -2 -3 -5  8 -2 -2 -5 -4 -3    0   0   0   0   0   0   0   0   0   0   0   0   0   0 100   0   0   0   0   0  2.37 0.15
  133 G    0 -3 -1 -2 -3 -3 -3  7 -3 -5 -5 -2 -4 -4 -3 -1 -2 -3 -4 -4    0   0   0   0   0   0   0 100   0   0   0   0   0   0   0   0   0   0   0   0  1.38 0.12
  134 I   -1 -3 -3 -3 -2 -3 -3 -4 -3  4  1 -3  1 -1 -3 -2  2 -3 -2  3    0   0   0   0   0   0   0   0   0  56   0   0   1   0   0   0  17   0   0  26  0.42 0.07
  135 R   -2  7 -1 -2 -4  0 -1 -3 -1 -4 -3  2 -2 -4 -3 -1 -2 -4 -3 -3    0 100   0   0   0   0   0   0   0   0   0   0   0   0   0   0   0   0   0   0  1.20 0.14
  136 Y   -3 -3 -3 -4 -3 -2 -3 -4  1 -2 -2 -3 -2  4 -4 -2 -2  2  8 -2    0   0   0   0   0   0   0   0   0   0   0   0   0  11   0   1   0   0  87   0  1.29 0.14
  137 P   -2 -3 -3 -2 -4 -2 -2 -3 -3 -4 -4 -2 -3 -5  8 -2 -2 -5 -4 -3    0   0   0   0   0   0   0   0   0   0   0   0   0   0 100   0   0   0   0   0  2.37 0.15
  138 L   -2 -3 -4 -4 -2 -3 -4 -4 -4  1  5 -3  2  0 -4 -3 -2 -2 -2  0    0   0   0   0   0   0   0   0   0   1  98   0   0   0   0   0   0   0   0   1  0.72 0.10
  139 T   -1 -2 -1 -2  0 -1 -2 -2 -3 -1 -2 -1 -1 -3 -2  1  6 -3 -2 -1    1   0   0   0   2   0   0   0   0   0   0   0   0   0   0   0  97   0   0   0  0.85 0.13
  140 F   -3 -4 -4 -4 -3 -4 -4 -4 -2 -1  0 -4 -1  8 -5 -3 -3  0  3 -2    0   0   0   0   0   0   0   0   0   0   1   0   0  98   0   0   0   0   1   0  1.26 0.14
  141 G    0 -3 -1 -2 -3 -3 -3  7 -3 -5 -5 -2 -4 -4 -3 -1 -2 -3 -4 -4    0   0   0   0   0   0   0 100   0   0   0   0   0   0   0   0   0   0   0   0  1.38 0.12
  142 W   -4 -4 -5 -6 -4 -3 -4 -4 -4 -4 -3 -4 -3  0 -5 -4 -4 12  1 -4    0   0   0   0   0   0   0   0   0   0   0   0   0   0   0   0   0 100   0   0  3.20 0.21
  143 C   -1 -5 -4 -5 10 -4 -5 -4 -4 -2 -2 -4 -2 -3 -3 -2 -2 -3 -4 -2    0   0   0   0  99   0   0   0   0   0   0   0   0   0   1   0   0   0   0   0  2.05 0.17
  144 Y   -3 -4 -4 -4 -3 -4 -4 -4 -2 -1  0 -4 -1  8 -5 -3 -3  1  3 -2    0   0   0   0   0   0   0   0   0   0   0   0   0  94   0   0   0   0   5   0  1.22 0.13
  145 E   -1  1 -1  0 -4  1  4 -2 -1 -4 -3  5 -2 -4 -2 -1 -1 -4 -3 -3    0   0   0   0   0   2  33   0   0   0   0  64   0   0   0   0   0   0   0   0  0.67 0.09
  146 L   -2 -3 -4 -4 -2 -3 -4 -4 -4  1  5 -3  2  0 -4 -3 -2 -2 -2  0    0   0   0   0   0   0   0   0   0   1  99   0   0   0   0   0   0   0   0   0  0.74 0.10
  147 V   -1 -3 -4 -4 -2 -3 -3 -4 -4  2  0 -3  0 -2 -3 -2 -1 -4 -2  5    0   0   0   0   0   0   1   0   0   0   2   0   0   0   0   0   0   0   0  97  0.66 0.11
  148 P   -2 -3 -3 -2 -4 -2 -2 -3 -3 -4 -4 -2 -3 -5  8 -2 -2 -5 -4 -3    0   0   0   0   0   0   0   0   0   0   0   0   0   0 100   0   0   0   0   0  2.37 0.15
  149 V   -1 -3 -4 -3 -1 -3 -3 -4 -4  2  1 -3  0 -1 -3 -2 -1 -4 -2  5    1   0   0   1   0   0   0   0   0   1   5   0   1   0   0   0   0   0   0  91  0.61 0.10
  150 D   -2 -1  0  5 -4  0  4 -2 -1 -4 -4  0 -3 -4 -2 -1 -2 -4 -3 -4    0   0   1  52   0   0  45   0   0   0   0   0   0   0   0   0   0   0   0   0  0.88 0.10
  151 P   -1 -3 -3 -2 -4 -1 -2 -3 -3 -3 -4 -1 -3 -5  8 -1 -2 -5 -4 -3    1   0   0   0   0   3   0   0   0   0   0   1   0   0  93   1   0   0   0   0  2.12 0.14
  152 Q   -1  2  0  3 -4  2  4 -2 -1 -3 -3  2 -2 -4 -2 -1 -1 -4 -3 -3    1   9   0  19   0   7  42   1   0   0   0  19   0   0   0   0   1   0   0   1  0.52 0.06
  153 E   -1  1 -1  0 -4  2  5 -2 -1 -3 -3  3 -2 -4 -2 -1 -1 -3 -2 -2    1   0   0   1   0   9  54   0   0   0   0  31   0   0   0   0   1   0   0   2  0.62 0.08
  154 V   -1 -3 -4 -4 -1 -3 -3 -4 -4  3  0 -3  0 -1 -3 -2 -1 -4 -2  5    0   0   0   0   0   0   1   0   0  12   0   0   0   0   0   0   0   0   0  85  0.59 0.10
  155 E   -2 -1 -1  1 -5  1  6 -3 -1 -4 -4  0 -3 -4 -2 -1 -2 -4 -3 -3    0   0   0   1   0   0  98   0   0   0   0   0   0   0   0   0   0   0   0   0  1.07 0.13
  156 E   -1  0 -1  1 -4  2  6 -2 -1 -4 -4  2 -3 -4 -2 -1 -1 -4 -3 -3    1   1   0   0   0   2  82   0   0   0   0  15   0   0   0   0   0   0   0   0  0.85 0.11
  157 D    4 -2  0  2 -1 -1  0 -1 -2 -2 -2 -1 -2 -3 -2  0  0 -3 -2 -1   66   0   4  17   0   0   4   0   0   0   2   1   0   0   0   1   2   0   0   1  0.36 0.07
  158 T   -1 -1  5  0 -2 -1 -1 -2 -1 -2 -3 -1 -2 -3 -2  1  4 -4 -3 -2    0   0  53   0   0   0   0   0   0   0   0   0   0   0   0   0  45   0   0   0  0.66 0.10
  159 E   -1  0 -1  1 -4  1  6 -1 -1 -4 -3  1 -3 -4 -2 -1 -1 -4 -3 -3    3   0   0   0   0   2  81   3   0   0   0   9   0   0   0   0   1   0   0   1  0.78 0.10
  160 G    0 -2 -1 -2 -3 -2 -3  6 -3 -5 -5 -2 -3 -4 -3 -1 -2 -3 -4 -4    0   1   0   0   0   0   1  98   0   0   0   0   0   0   0   0   0   0   0   0  1.32 0.11
  161 E   -2 -1 -1  1 -5  1  6 -3 -1 -4 -4  0 -3 -4 -2 -1 -2 -4 -3 -3    0   0   0   1   0   0  99   0   0   0   0   0   0   0   0   0   0   0   0   0  1.11 0.13
  162 T   -2 -1  7  1 -3 -1 -1 -1  0 -4 -4 -1 -3 -4 -3  0  0 -5 -3 -3    0   0  87   5   0   0   0   0   0   0   0   1   0   0   0   1   6   0   0   0  0.99 0.12
  163 N   -2 -1  7  1 -3 -1 -1 -1  0 -4 -4 -1 -3 -4 -3  0  0 -5 -3 -4    0   0  94   0   0   0   0   0   0   0   0   1   0   0   0   4   1   0   0   0  1.11 0.13
  164 S   -1 -2 -2 -3  9 -3 -3 -3 -3 -2 -2 -3 -2 -3 -3  2 -1 -3 -3 -2    0   2   1   0  74   0   0   0   0   1   0   0   0   0   0  22   0   0   0   0  1.26 0.13
  165 L   -2 -3 -4 -4 -2 -3 -4 -4 -4  1  5 -3  2  0 -4 -3 -2 -2 -2  0    0   0   0   0   0   0   0   0   0   0 100   0   0   0   0   0   0   0   0   0  0.74 0.10
  166 L   -2 -3 -4 -4 -2 -3 -4 -4 -4  1  5 -3  2  0 -4 -3 -2 -2 -2  0    0   0   0   0   0   0   0   0   0   0  99   0   0   0   0   1   0   0   0   0  0.73 0.10
  167 H   -3 -1  0 -2 -4  0 -1 -3 10 -4 -4 -2 -3 -2 -3 -2 -3 -3  1 -4    0   0   0   0   0   0   0   0  99   0   0   0   0   0   1   0   0   0   0   0  1.64 0.17
  168 P   -2 -3 -3 -2 -4 -2 -2 -3 -3 -4 -4 -2 -3 -5  8 -2 -2 -5 -4 -3    0   0   0   0   0   0   0   0   0   0   0   0   0   0 100   0   0   0   0   0  2.36 0.15
  169 I    0 -2 -3 -4 -2 -1 -3 -3 -3  3  1 -1  6 -1 -3 -2 -1 -3 -2  1    6   0   0   0   0   0   0   0   0  20   2   2  60   0   0   0   0   0   0   8  0.49 0.10
  170 C    0 -2  2 -1  7 -1 -2 -1 -1 -3 -3 -1 -2 -3 -2  4  0 -2 -3 -2    0   0  14   0  32   0   0   0   1   0   0   0   0   0   0  53   0   0   0   0  0.61 0.09
  171 Q   -2  0 -1 -1 -3  6  1 -3 -1 -2  1  0  0 -3 -2 -1 -2 -3 -2 -2    0   0   0   0   0  79   0   0   0   0  20   0   0   0   0   0   0   0   0   0  0.74 0.12
  172 H   -3 -1  0 -2 -4  0 -1 -3 10 -4 -4 -2 -3 -2 -3 -2 -3 -3  1 -4    0   0   0   0   0   1   0   0  99   0   0   0   0   0   0   0   0   0   0   0  1.65 0.17
  173 G    0 -3 -1 -2 -3 -3 -3  7 -3 -5 -5 -2 -4 -4 -3 -1 -2 -3 -4 -4    0   0   0   0   0   0   0 100   0   0   0   0   0   0   0   0   0   0   0   0  1.38 0.12
  174 M   -2 -2 -3 -4 -2 -1 -3 -3 -3  2  1 -2  8 -1 -3 -2 -1 -2 -2  0    1   0   0   0   0   1   0   0   0   8   0   0  88   0   0   0   1   0   0   1  0.90 0.15
  175 E   -2 -1  0  5 -4  1  5 -2 -1 -4 -4  0 -3 -4 -2 -1 -2 -4 -3 -3    0   0   0  44   0   0  56   0   0   0   0   0   0   0   0   0   0   0   0   0  0.89 0.10
  176 D   -3 -2  1  7 -4 -1  1 -2 -2 -4 -5 -1 -4 -4 -2 -1 -2 -5 -4 -4    0   0   0 100   0   0   0   0   0   0   0   0   0   0   0   0   0   0   0   0  1.36 0.13
  177 P   -1 -2 -2 -1 -3 -1  0 -3 -2 -3 -3 -1 -3 -4  7  0  0 -4 -3 -3    1   0   0   1   0   2   8   0   0   0   1   0   0   0  75   5   6   0   0   0  1.54 0.11
  178 E   -2 -1 -1  1 -5  1  6 -3  2 -4 -4  0 -3 -4 -2 -1 -2 -4 -2 -3    0   0   0   2   0   0  92   0   5   0   0   0   0   0   0   0   0   0   0   0  0.99 0.12
  179 R   -2  5 -1 -2 -4  1  0 -1 -1 -4 -3  4 -2 -4 -2 -1 -2 -4 -2 -3    0  56   0   0   0   0   0   3   0   0   0  41   0   0   0   0   0   0   0   0  0.75 0.09
  180 Q   -2 -1 -1  1 -5  2  6 -3 -1 -4 -4  0 -3 -4 -2 -1 -2 -4 -3 -3    0   0   0   0   0   4  95   0   0   0   0   1   0   0   0   0   0   0   0   0  1.05 0.13
  181 V   -1 -3 -4 -4 -1 -3 -3 -4 -4  2  0 -3  0 -2 -3 -2  0 -4 -2  5    0   0   0   0   0   0   0   0   0   0   0   0   0   0   0   0   1   0   0  98  0.68 0.12
  182 L   -2 -3 -4 -4 -2 -3 -4 -4 -4  1  5 -3  2  0 -4 -3 -2 -2 -2  0    0   0   0   0   0   0   0   0   0   0  99   0   0   1   0   0   0   0   0   0  0.73 0.10
  183 K   -1  1 -2 -2 -2  1  1 -3 -2  1  0  2  3 -2 -2 -1 -1 -3 -2  2    2   8   0   0   0   8   8   0   0   3   0  22  24   0   0   0   1   0   0  24  0.18 0.05
  184 W   -4 -4 -5 -6 -4 -3 -4 -4 -4 -4 -3 -4 -3  0 -5 -4 -4 12  1 -4    0   0   0   0   0   0   0   0   0   0   0   0   0   0   0   0   0 100   0   0  3.20 0.21
  185 R   -2  5 -1 -2 -4  1  0 -3 -1 -3 -3  4 -2 -4 -2 -1 -1 -4 -2 -3    0  51   0   0   0   1   1   0   0   0   0  46   0   0   0   0   0   0   0   1  0.75 0.09
  186 F   -3 -4 -4 -5 -3 -4 -4 -4 -2 -1  0 -4 -1  8 -5 -3 -3  0  3 -2    0   0   0   0   0   0   0   0   0   0   0   0   0 100   0   0   0   0   0   0  1.30 0.14
  187 N   -2 -2  5  6 -4 -1  1 -2 -1 -4 -4 -1 -3 -4 -2  0 -1 -5 -3 -4    0   0  35  65   0   0   0   0   0   0   0   0   0   0   0   0   0   0   0   0  0.97 0.10
  188 S    1 -2  0 -1 -1 -1 -1 -1 -2 -3 -3 -1 -2 -3 -2  5  1 -4 -3 -2    0   0   0   0   0   0   0   0   0   0   0   0   0   0   0  99   0   0   0   0  0.78 0.13
  189 R   -2  6 -1 -2 -4  1 -1 -3  2 -3 -2  2 -1 -3 -3  0 -1 -3 -2 -3    0  73   0   0   0   4   0   0   8   0   2   6   1   0   0   5   1   0   0   0  0.73 0.09
  190 L   -2 -3 -4 -4 -2 -2 -4 -4 -3  1  5 -3  2  0 -4 -3 -2 -2 -2  0    0   0   0   0   0   1   0   0   0   0  99   0   0   0   0   0   0   0   0   0  0.72 0.10
  191 A    5 -2 -2 -3 -1 -1 -2  0 -2 -2 -2 -1 -2 -3 -2  1 -1 -3 -3 -1   99   0   0   0   0   0   0   0   0   0   0   0   0   0   0   0   0   0   0   0  0.71 0.12
  192 F   -3 -1 -3 -4 -3 -3 -3 -4  1 -1  0 -3 -1  7 -4 -3 -3  0  3 -2    0   5   0   0   0   0   0   0   4   0   2   0   0  84   0   0   0   0   3   0  0.96 0.11
  193 E   -2  2  0  0 -4  1  4 -3  7 -3 -3  0 -2 -3 -2 -1 -1 -3  0 -3    0  15   0   1   0   1  37   0  42   1   0   2   0   0   0   0   1   0   0   0  0.67 0.09
  194 H   -3 -1  0 -2 -4  0 -1 -3 10 -4 -4 -2 -3 -2 -3 -2 -3 -3  1 -4    0   0   0   0   0   0   0   0 100   0   0   0   0   0   0   0   0   0   0   0  1.67 0.17
  195 K   -1  1 -2 -2 -3  0 -1 -3 -1  0  0  3  5 -2 -2 -1  0 -2 -2  1    0   3   0   0   0   0   0   0   0   2   2  41  36   0   0   0   3   0   0  11  0.30 0.08
  196 A    5 -2 -2 -3 -1 -1 -2  0 -2 -2 -2 -1 -2 -3 -2  1 -1 -3 -3 -1   99   0   0   0   0   0   0   0   0   0   0   0   0   0   0   1   0   0   0   0  0.72 0.12
  197 R   -2  6 -1 -2 -4  1 -1 -3 -1 -4 -3  3 -2 -4 -3 -1 -2 -4 -2 -3    0  85   0   0   0   2   0   0   0   0   0  13   0   0   0   0   0   0   0   0  0.98 0.11
  198 E   -1 -1 -1  1 -4  2  5 -3 -1 -1 -2  0  0 -3 -2 -1 -1 -3 -2 -1    1   0   0   0   0  11  68   0   0   7   2   1   4   0   0   0   1   0   0   4  0.55 0.08
  199 M   -2 -1 -2 -3 -2  0 -2 -3 -2  1  3  2  3 -1 -3 -2 -1 -2 -2  0    0   0   0   0   0   5   0   0   0   3  59  23   9   0   0   0   0   0   0   1  0.30 0.06
  200 H   -3 -1  0 -2 -4  0 -1 -3  9 -4 -4 -2 -3 -2 -3 -2 -3 -3  1 -4    0   1   0   0   0   0   0   0  98   0   0   0   0   0   0   0   0   0   2   0  1.61 0.17
  201 P   -2 -3 -3 -2 -4 -2 -2 -3 -3 -4 -4 -2 -3 -5  8 -2 -2 -5 -4 -3    0   0   0   0   0   0   0   0   0   0   0   0   0   0 100   0   0   0   0   0  2.36 0.15
  202 E   -2 -1 -1  1 -5  1  6 -3 -1 -4 -4  0 -3 -4 -2 -1 -2 -4 -3 -3    0   0   0   2   0   0  97   0   0   0   0   0   0   0   0   0   0   0   0   0  1.08 0.13
  203 F   -3 -3 -3 -4 -3 -3 -3 -4  1 -2 -1 -3 -1  5 -4 -3 -3  1  7 -2    0   0   0   0   0   0   0   0   0   0   0   0   0  36   0   0   0   0  64   0  1.11 0.12
  204 Y   -3 -3 -3 -4 -3 -2 -3 -4  1 -2 -2 -3 -2  3 -4 -3 -3  1  8 -2    0   0   0   0   0   0   0   0   0   0   0   0   0   6   0   0   0   0  94   0  1.40 0.15
  205 K   -1  2 -1 -1 -4  1  0 -2 -1 -4 -3  6 -2 -4 -2 -1 -1 -4 -3 -3    0   1   0   0   0   1   0   0   0   0   0  98   0   0   0   0   0   0   0   0  0.89 0.13
  206 N   -2 -2  4  6 -4 -1  1 -2 -1 -4 -4 -1 -4 -4 -2 -1 -1 -5 -4 -4    0   0  22  77   0   0   0   0   0   0   0   0   0   0   0   0   0   0   0   0  1.05 0.11

                      K         Lambda
Standard Ungapped    0.1350     0.3162
Standard Gapped      0.0564     0.2670
PSI Ungapped         0.1844     0.3133
PSI Gapped           0.0564     0.2670
