
Last position-specific scoring matrix computed, weighted observed percentages rounded down, information per position, and relative weight of gapless real matches to pseudocounts
           A  R  N  D  C  Q  E  G  H  I  L  K  M  F  P  S  T  W  Y  V   A   R   N   D   C   Q   E   G   H   I   L   K   M   F   P   S   T   W   Y   V
    1 M   -2 -3 -4 -4 -2 -3 -4 -4 -4  4  3 -3  5 -1 -4 -3 -2 -3 -2  3    0   0   0   0   0   0   0   0   0  27  25   0  29   0   0   0   0   0   0  19  0.58 0.14
    2 T    0 -1 -1 -2 -2 -1 -2 -3 -3 -1 -2 -1  0 -3 -2  2  6 -4 -3 -1    3   2   0   0   0   2   0   0   0   2   0   1   3   0   0  17  67   0   0   2  0.76 0.22
    3 E   -3 -2 -2  0 -6  1  7 -4 -2 -6 -5 -1 -4 -6 -3 -2 -3 -5 -4 -5    0   0   0   2   0   3  96   0   0   0   0   0   0   0   0   0   0   0   0   0  1.75 0.40
    4 T   -1 -3 -1 -3 -2  0 -2 -3 -3  0 -2 -2  1 -3 -3 -1  5 -4 -2  3    3   0   2   0   0   4   1   0   0   3   0   1   4   0   0   2  47   0   1  32  0.56 0.22
    5 D   -4 -2  0  7 -6 -2  0 -3 -3 -5 -6  2 -5 -6 -3 -2 -2 -6 -5 -5    0   0   1  80   0   0   2   0   0   0   0  14   0   0   0   0   1   0   0   0  1.56 0.35
    6 G    4 -2 -1 -2 -2 -2 -1  1 -3  1 -2 -2 -2 -2 -1  1 -1 -1 -1 -1   57   1   2   1   0   0   2   8   0  10   1   1   0   1   1  12   0   1   2   1  0.46 0.20
    7 F   -2 -2 -3 -4 -3 -3 -3 -4 -1  0  2 -1  0  6 -2 -1 -1  2  1 -1    1   1   1   0   0   0   1   0   1   5  25   6   2  41   2   7   3   2   1   2  0.48 0.17
    8 Y    0 -2  2  0 -1 -1  0 -2  4  0 -2 -1 -2  0  1  1 -1 -2  3 -1    6   1  11   4   1   1   4   2  13   9   2   1   0   3   7  14   2   0  16   3  0.19 0.10
    9 K   -1  2  0  2 -3  1  0  2  0 -3 -3  3 -2 -4 -1  1 -1 -4 -3 -3    0  14   4  11   0   4   4  18   1   2   0  25   0   0   1  11   2   0   0   0  0.33 0.13
   10 S    0  0  1 -1 -1  0 -1 -1  0  0 -2  0 -2 -3 -2  4  1 -3 -2 -2    3   4   6   1   1   3   2   2   2   7   3   3   0   1   1  52   8   0   1   1  0.39 0.16
   11 R   -1  4 -1 -2 -1  0 -1 -2  0 -1 -3  2 -2 -2 -2  1  0 -3  1  0    1  35   0   1   2   2   2   2   1   4   1  14   0   0   1  15   5   0   6   7  0.35 0.15
   12 E   -1  2 -1  0 -3  3  2 -1  2 -2 -2  1 -2 -1  0  0 -1 -3 -1 -2    2  15   0   5   0  16  19   5   6   2   4   5   0   3   3   9   2   0   1   3  0.23 0.10
   13 V    0 -2 -1  0 -2 -1  0 -2 -2  1  0 -2  4 -1 -2  1  2 -3 -2  1    4   0   2   5   0   1   6   1   1  11   6   0  20   2   1  13  15   0   0  12  0.19 0.13
   14 F   -1 -1 -3 -3 -2 -1 -3 -2 -2  2  2 -2  1  4 -2 -2 -2  0  1  2    3   4   0   1   0   2   0   3   1  10  26   1   4  22   1   2   1   1   2  15  0.26 0.12
   15 D   -2 -3  1  6 -4  0  0 -3 -2 -3 -3 -2 -4 -4 -3  1  0 -5 -4 -2    1   0   3  61   0   4   2   0   0   1   2   1   0   0   0  14   7   0   0   2  0.97 0.29
   16 P   -2 -4 -3 -1 -4 -2 -3 -3  0 -4 -1 -3 -4 -5  8 -2 -2 -5 -4 -2    1   0   0   4   0   2   0   2   2   0   7   0   0   0  72   2   2   0   0   3  1.71 0.37
   17 A    4 -2 -1  2 -1 -2  0 -1 -3 -2 -1 -2 -1 -3 -1  2  1 -4 -3 -2   41   1   1  11   1   0   5   1   0   0   5   1   1   0   2  18  10   0   0   1  0.38 0.19
   18 E   -1 -2  0  0 -4 -1  4 -4  1 -3 -3 -2 -1  3 -1 -2 -2 -2  3 -1    4   2   3   5   0   1  39   0   4   1   1   0   2  16   3   1   0   0  14   6  0.51 0.24
   19 Q   -1  3 -2 -2 -1  4  3 -3 -2 -4 -3  2 -2 -4 -3  1  0 -4  0 -3    3  18   0   0   1  19  22   0   0   1   1  15   0   0   0  12   4   0   4   1  0.51 0.23
   20 Y   -5 -3 -6 -7 -6 -5 -6 -7 -2 -5 -5 -5 -5  0 -7 -5 -5 -1 10 -5    0   1   0   0   0   0   0   0   0   0   0   0   0   0   0   0   0   0  99   0  3.05 0.72
   21 K   -2  3  4 -1 -3  0 -2 -3 -2 -4 -5  6 -4 -5 -3  0 -2 -5 -4 -5    1  12  20   3   1   3   0   0   0   0   0  51   0   0   1   7   1   0   0   0  0.91 0.34
   22 M   -4 -3 -6 -7 -5 -4 -6 -6 -5 -2  0 -5 10 -2 -6 -5 -2 -5 -4 -3    0   1   0   0   0   0   0   0   0   1   6   0  88   1   0   0   2   0   0   0  2.62 0.69
   23 D   -3 -1  5  6 -2 -2 -1 -2 -2 -5 -6 -1 -5 -6 -4  0  0 -6 -5 -5    1   2  33  47   1   0   1   2   0   0   0   4   0   0   0   4   6   0   0   0  1.16 0.38
   24 H   -5 -2  1 -4 -6 -3 -4 -5  9 -5 -5 -3 -4  3 -5 -4 -4 -3  6 -5    0   2   5   0   0   0   0   0  50   0   0   1   0  11   0   0   0   0  31   0  1.88 0.52
   25 K   -2  2 -3 -3 -5  3  1 -3 -3 -5 -5  4 -4 -6  5 -2 -2 -5 -4 -5    2  11   0   0   0  13   7   2   0   0   0  30   0   0  34   1   1   0   0   0  1.01 0.34
   26 R   -3  5  1 -2  2  0  2 -4 -1 -5 -4  3 -2 -5 -4  0 -2 -3 -3 -4    0  43   8   0   5   3  14   0   1   0   0  17   1   0   0   7   1   0   0   1  0.79 0.30
   27 R   -4  6 -4 -5 -5 -2 -3 -5 -3  1 -1 -1  5 -4 -5 -4 -3 -5 -4  1    0  57   0   0   0   0   0   0   0  10   5   1  19   0   0   0   0   0   0   8  1.18 0.41
   28 G   -3 -5 -3 -4 -6 -5 -5  7 -5 -7 -7 -5 -6 -6 -5 -3 -3 -6 -6 -6    0   0   0   0   0   0   0  98   0   0   0   0   0   0   0   1   1   0   0   0  2.31 0.57
   29 V   -2 -1 -3 -4 -3  0 -2 -4  0  2  2  2  2 -2 -4 -2  0 -4 -1  2    0   3   0   0   0   6   1   0   3  15  27  16   6   0   0   1   5   0   2  15  0.30 0.17
   30 A    5 -5 -5 -5  9 -5 -5 -4 -5 -4 -4 -3 -4 -2 -5 -2 -3 -5 -5 -2   51   0   0   0  45   0   0   0   0   0   0   1   0   2   0   0   0   0   0   2  1.81 0.52
   31 L   -3 -5 -6 -6 -3 -5 -5 -6 -5  5  4 -5  0 -2 -5 -4 -2 -4 -2  2    0   0   0   0   0   0   0   0   0  35  52   0   0   0   0   0   1   0   1  11  1.04 0.34
   32 I   -4 -6 -6 -6 -4 -6 -6 -7 -6  8 -1 -6 -2 -3 -6 -5 -4 -6 -4  1    0   0   0   0   0   0   0   0   0  92   2   0   0   0   0   0   0   0   0   6  2.00 0.55
   33 F   -5 -6 -6 -6 -5 -6 -6 -6 -5  6 -2 -6 -2  7 -6 -5 -4 -3 -1 -1    0   0   0   0   0   0   0   0   0  48   0   0   0  50   0   0   0   0   0   2  1.68 0.48
   34 N   -5 -4  9 -1 -6 -2 -4 -4 -3 -7 -7 -4 -6 -7 -6 -3 -3 -7 -6 -6    0   0  98   1   0   1   0   0   0   0   0   0   0   0   0   0   0   0   0   0  2.63 0.68
   35 H   -4 -3  7 -2 -6  2 -3 -4  8 -6 -6 -2 -5 -5 -5 -3 -4 -6 -2 -6    0   0  52   0   0  10   0   0  36   0   0   1   0   0   0   0   0   0   0   0  1.85 0.53
   36 E   -3 -1 -2 -2 -6  0  5 -5 -3 -6 -5  6 -4 -6 -4 -2 -3 -6 -5 -4    0   1   0   1   0   1  44   0   0   0   0  50   0   0   0   1   0   0   0   1  1.36 0.45
   37 R   -4  3  6  0 -5 -1 -1 -4  5 -5 -4 -1 -4 -3 -4 -2 -3 -2 -1 -4    0  20  47   3   0   2   3   0  17   0   1   2   0   1   0   1   0   1   2   1  1.10 0.38
   38 F   -6 -6 -7 -7 -6 -7 -7 -7 -5 -2 -3 -7 -3  9 -7 -6 -6 -2  0 -4    0   0   0   0   0   0   0   0   0   2   0   0   0  98   0   0   0   0   0   0  2.80 0.67
   39 F   -2 -3  0  4 -5 -1  0 -4  6 -3 -3 -3 -3  5 -4 -2 -3 -3  1 -4    2   0   3  26   0   3   5   0  22   1   1   0   0  30   0   2   0   0   3   0  0.89 0.33
   40 W   -3  1 -3 -3 -5 -1  0 -3 -1 -2 -4  3 -2 -2  2 -1 -3 10 -2 -2    1   9   1   1   0   1   6   1   2   2   0  19   1   1   9   4   1  39   0   4  1.27 0.39
   41 H   -1  3  0 -1 -4  1 -1 -3  7 -3 -3  1 -2 -4 -2  2 -1 -4 -1 -2    2  15   4   3   0   6   2   1  30   1   2   8   1   0   2  17   2   0   1   3  0.58 0.26
   42 L   -3 -4 -3 -4 -3 -3 -4 -5 -4 -2  4 -4 -2 -3 -4 -2  6 -4 -4 -2    0   0   0   0   0   0   0   0   0   1  40   0   0   0   0   1  55   0   0   1  1.12 0.42
   43 T   -2  2 -2 -2 -2  0 -2  5 -3 -4 -4  0  2 -5 -4 -1  1 -4 -4 -4    1  12   1   2   1   4   2  53   0   0   0   4   7   0   0   2  11   0   0   0  0.79 0.29
   44 L   -4 -5 -6 -6 -4 -2 -5 -6 -5 -1  4 -4  9 -3 -6 -5 -4 -4 -4 -2    0   0   0   0   0   2   0   0   0   0  46   1  51   0   0   0   0   0   0   0  1.70 0.52
   45 P    0 -2  4  0 -2 -2 -2  1 -1 -4 -3  1 -4 -4  5  1 -1 -5 -4 -4    6   1  21   3   1   0   1  10   1   0   2   9   0   0  28  12   3   0   0   0  0.62 0.24
   46 E    0 -1 -1  3 -1  1  3 -3 -2 -1 -2 -1 -2 -2  1  1  1 -4 -2  0    6   1   1  17   2   6  24   1   0   2   1   2   0   2   6  11   8   0   1  10  0.27 0.16
   47 R   -5  9 -4 -5 -7 -2 -3 -6 -4 -7 -6 -1 -5 -6 -6 -4 -5 -6 -5 -6    0 100   0   0   0   0   0   0   0   0   0   0   0   0   0   0   0   0   0   0  2.59 0.67
   48 R   -1  4  4 -1 -4  0 -1 -3  1 -4 -4  0 -3 -4 -3  2  0 -5 -3 -3    3  31  24   1   0   2   2   0   3   0   1   3   0   1   1  20   6   0   1   2  0.62 0.28
   49 G   -3 -6 -4 -4 -6 -5 -5  8 -5 -7 -7 -5 -6 -6 -5 -3 -5 -6 -6 -6    0   0   0   0   0   0   0 100   0   0   0   0   0   0   0   0   0   0   0   0  2.41 0.60
   50 T   -3 -4 -3 -4 -4 -4 -4 -5 -5 -4 -5 -4 -4 -6 -4 -1  8 -6 -5 -3    0   0   0   0   0   0   0   0   0   0   0   0   0   0   0   3  97   0   0   0  2.18 0.65
   51 N   -3 -3  4  6  3 -2 -1 -2 -2 -4 -2 -2 -2 -3 -4  0 -2 -4 -4 -4    1   1  19  52   7   1   2   3   1   1   4   1   1   1   0   5   1   0   0   0  0.95 0.34
   52 A    3  0 -3 -4 -3  0 -2 -3 -2  0 -2  1 -1 -3 -3 -1  0 -5 -3  4   35   4   1   0   0   4   1   0   1   3   1  10   0   0   0   1   5   0   0  35  0.48 0.26
   53 D   -5 -5 -1  8 -7 -4 -2 -5 -4 -7 -7 -4 -7 -7 -5 -4 -4 -8 -7 -7    0   0   0 100   0   0   0   0   0   0   0   0   0   0   0   0   0   0   0   0  2.61 0.66
   54 R    5  4 -3 -4  1 -2 -2 -2 -2 -4 -4  1 -3 -5 -4  0 -3 -5 -4 -2   53  29   0   0   3   0   0   1   1   0   0   8   0   0   0   5   0   0   0   1  0.88 0.36
   55 D    2 -1  1  4 -2  0  2  1  0 -4 -4 -1 -2 -3 -3  0 -2 -4  0 -3   24   3   7  24   1   5  12  12   2   0   0   2   1   1   0   3   1   0   4   0  0.38 0.19
   56 N    0 -1  7  0 -5 -1 -1 -1  0 -5 -4 -1 -4 -5 -4  0 -2 -6 -3 -5    8   3  66   2   0   1   3   3   2   0   1   2   0   0   0   5   0   0   1   0  1.22 0.42
   57 L   -1 -5 -6 -6 -4 -4 -5 -6 -5  1  6 -5  0 -2 -5 -4 -3 -4 -3  2    6   0   0   0   0   0   0   0   0   6  77   0   0   0   0   0   0   0   0  11  1.13 0.38
   58 T    0  2 -1 -2  1  0  0 -3 -1 -1 -1  1  1  1 -2  0  2 -1  1 -1    6  13   2   0   3   3   7   0   0   2   5  12   6   8   0   4  16   1   5   4  0.12 0.11
   59 R   -3  5  1 -1 -1  1  2 -4  0 -3 -3  4 -3 -5 -2 -2 -2 -5 -4 -3    1  36   5   3   2   3  15   0   2   1   1  26   0   0   1   2   1   0   0   1  0.70 0.28
   60 R   -2  4 -2 -4  5 -1 -3 -4 -2 -1 -3 -1 -3 -4 -4  2  3 -5 -4  1    1  32   0   0  13   2   0   0   1   3   1   0   0   0   0  14  18   0   0  13  0.60 0.29
   61 F   -5 -5 -6 -6 -5 -6 -6 -6 -4 -2  3 -6 -2  8 -6 -5 -5 -2  0 -3    0   0   0   0   0   0   0   0   0   0  33   0   0  67   0   0   0   0   0   0  1.78 0.49
   62 S   -1  3 -2 -2 -3  1  0 -1 -2 -2 -1  3  2 -4 -3  2  2 -4 -3 -2    1  16   0   0   0   6   3   3   0   2   5  21   8   0   0  19  16   0   0   0  0.35 0.21
   63 D   -1  0  3  4 -4  0  2 -1 -2 -4 -4  2 -4 -5 -3  1 -1 -5 -4 -4    5   4  18  26   0   2  17   3   0   0   0  14   0   0   0   8   3   0   0   1  0.54 0.22
   64 L   -4 -5 -6 -7 -4 -5 -6 -7 -6 -1  6 -5  0 -2 -6 -5 -4 -4 -4 -2    0   0   0   0   0   0   0   0   0   1  98   0   0   1   0   0   0   0   0   0  1.71 0.50
   65 G   -3 -4  1  0 -5 -3 -3  7 -4 -6 -6  1 -5 -6 -4 -3 -4 -5 -5 -6    0   0   8   6   0   0   1  76   0   0   0  10   0   0   0   0   0   0   0   0  1.48 0.43
   66 F   -5 -6 -6 -3 -5 -6 -6 -6 -3 -3 -3 -6 -3  8 -7 -5 -5 -2  6 -4    0   0   0   1   0   0   0   0   0   0   0   0   0  73   0   0   0   0  26   0  2.21 0.56
   67 E   -3  0  0  3 -6  0  6 -4 -2 -5 -5  2 -3 -6 -4 -2 -2 -5 -4 -4    1   3   3  19   0   1  57   0   0   0   0  12   0   0   0   1   2   0   0   1  1.08 0.38
   68 V   -2 -5 -6 -6 -4 -5 -5 -6 -6  1 -2 -5 -1 -4 -4 -4  0 -6 -4  7    3   0   0   0   0   0   0   0   0   4   0   0   1   0   0   0   4   0   0  88  1.57 0.49
   69 K   -2  4  0 -1 -4  1  0 -4  0 -3 -3  4 -2 -3 -3  0  0 -4 -2 -1    0  29   3   3   0   5   3   0   2   1   1  35   0   1   0   6   5   0   1   5  0.60 0.26
   70 C   -1 -2  1 -3  7 -2 -3 -3  0  2  0 -3  1 -2 -2 -1 -1 -4 -3  3    3   3  10   1  26   1   0   1   3  10   9   0   3   1   2   3   1   0   0  24  0.53 0.23
   71 F   -3 -3 -1 -5 -2 -3 -4 -5  3 -3 -1  1 -2  6 -5 -3 -4 -1  6 -3    2   0   3   0   1   1   0   0   8   0   3  10   1  37   0   0   0   0  33   1  1.13 0.37
   72 N   -4 -2  7  4 -3 -1 -1 -3  1 -6 -6  0 -5 -6 -4 -2 -2 -6 -3 -5    0   1  58  28   1   1   1   0   3   0   0   4   0   0   0   0   2   0   1   0  1.41 0.44
   73 D   -5 -4  5  7 -6 -3 -2 -4 -3 -6 -7 -3 -6 -6 -5 -2 -4 -7 -6 -6    0   0  24  75   0   0   0   0   0   0   0   0   0   0   0   1   0   0   0   0  1.97 0.54
   74 L   -3 -1 -4 -5  3  3 -3 -5 -3 -1  5 -2 -1 -2 -5 -4 -3 -3  1 -1    1   4   0   0   6  16   1   0   0   1  63   2   0   0   0   0   0   0   5   1  0.79 0.33
   75 R   -2  1 -1 -3 -2 -1 -2 -4 -3 -3 -4  5 -3 -5 -2  2  4 -5 -4 -3    0   6   1   0   1   0   1   0   0   1   0  41   0   0   1  16  32   0   0   0  0.83 0.35
   76 A    3  1 -3 -4  6  0 -3 -3 -1 -2 -2 -2 -2 -3 -4 -1 -1 -4 -1  2   32   9   0   0  23   4   1   1   1   1   2   0   1   1   0   3   3   0   2  17  0.56 0.26
   77 E    0  0 -1  2 -4  0  5 -2 -1 -3 -4  1 -2 -5 -3  0 -1 -5 -4 -2    9   5   2   9   0   2  48   2   1   1   0   9   1   0   0   5   2   0   0   4  0.60 0.26
   78 E   -2 -1  0  4 -6  3  5 -4 -2 -5 -5  2 -4 -6 -3 -2 -3 -5 -4 -5    2   2   2  23   0  16  43   0   0   0   0  10   0   0   0   1   0   0   0   0  0.97 0.34
   79 L   -3 -4 -5 -6 -4 -4 -5 -6 -5  4  2 -4  7 -2 -5 -4 -3 -4 -3  3    0   0   0   0   0   0   0   0   0  22  17   0  39   0   0   0   0   0   0  21  1.15 0.39
   80 L   -2  0 -2 -3 -3  1  0 -4 -2  0  4  1  3 -1 -4 -2 -2 -2 -2  1    0   5   2   0   0   7   7   0   1   2  44  11   9   2   0   2   1   0   1   8  0.35 0.20
   81 L    0  1  1  2 -2  3  3 -2  0 -3  0  2 -1 -3 -2  0 -1 -3 -3 -2    6   7   6  10   1  14  21   2   2   0  10  12   1   0   0   4   2   0   0   1  0.27 0.14
   82 K   -2  1 -1 -2 -2  0  0 -3 -2  1  2  3  0 -1 -3 -2  0 -3 -1  1    1   7   3   0   0   3   7   0   0   6  28  22   1   1   0   0   5   0   1  12  0.21 0.15
   83 I   -3 -4 -5 -5 -3 -4 -4 -5 -4  5  4 -4  5 -1 -4 -4 -3 -4 -3  1    0   0   0   0   0   0   0   0   0  37  36   0  18   1   0   0   0   0   0   4  0.90 0.30
   84 H   -1  1 -1  0  0  2  1 -2  5 -3 -2  2 -2 -1 -3 -1  0 -2  3 -2    3   8   2   4   2   9   7   2  17   1   3  14   0   2   0   4   6   0  15   1  0.30 0.16
   85 E    0  0  3  1 -4  2  3 -2 -1 -3 -2  2 -2 -3 -2  0 -1 -2 -2 -3    6   2  16   8   0   9  28   1   0   1   3  13   0   0   0   6   3   1   1   0  0.39 0.17
   86 V    4 -3 -3 -4 -2 -3 -3  0 -4  0 -2 -3  0 -3 -3 -1 -1 -4 -3  4   46   0   0   0   0   0   1   6   0   1   1   0   2   0   0   0   2   0   0  38  0.66 0.28
   87 S    4 -3 -2 -3 -3 -2 -2 -1 -3 -4 -4 -2 -3 -4 -3  5 -1 -4 -4 -3   32   0   0   0   0   0   0   2   0   0   1   0   0   0   0  61   0   0   0   0  1.01 0.37
   88 T   -1  2  0 -1 -3  2  3 -2 -1 -1 -2  3 -1 -3 -2  0  1 -4 -3 -2    4   9   3   1   0   7  26   1   1   6   1  24   2   0   0   3  10   0   0   1  0.35 0.17
   89 S    1 -1 -1  2 -2  1  5 -2 -1 -4 -3 -1  0 -4 -3  1 -1 -4 -2 -3   10   2   1  13   1   4  45   2   1   0   1   2   4   0   0  10   1   0   1   1  0.56 0.23
   90 S   -3 -3  2  7 -5 -2 -1 -3 -3 -5 -5 -2 -4 -5 -3  2 -3 -5 -5 -5    0   0   8  72   0   1   1   0   0   0   1   1   0   0   0  14   0   0   0   0  1.45 0.40
   91 H   -4 -3 -2 -2 -5 -2 -2 -3 10 -5 -4 -3 -4 -1 -4 -3 -4 -4  0 -5    1   1   1   1   0   0   1   1  85   1   1   1   0   2   1   1   1   0   1   1  2.46 0.53
   92 I    0 -1 -1 -1 -2 -2 -1 -2 -2 -2 -3  0 -2 -3 -2  5  2 -4 -3  0    5   3   1   2   1   0   2   1   1   2   1   4   1   0   1  57  11   0   0   6  0.58 0.25
   93 D   -3  0  3  5 -2  1  0  0 -1 -4 -4  2 -4 -4 -3 -1 -2 -5 -4 -4    1   3  18  43   1   5   1   7   1   0   1  15   0   0   0   1   1   0   0   0  0.75 0.26
   94 A    4  2  2 -2  2 -1 -2 -2 -2 -3 -3 -1 -2 -2 -2  2 -1 -4 -1 -1   40  15  10   1   4   1   1   0   0   0   1   0   1   1   0  18   2   0   1   3  0.42 0.22
   95 D    2 -2  0  6 -3 -2 -1  0 -3 -4 -4 -2 -4 -4 -3  2 -2 -5 -4 -3   24   1   2  48   0   0   0   6   0   0   1   0   0   0   0  14   0   0   0   0  0.81 0.29
   96 C   -2 -4 -4 -4 10 -4 -4 -4 -4 -3 -1 -4 -2 -4 -4  3 -2 -4 -2 -3    1   0   0   0  60   0   0   0   0   0   6   0   1   0   0  26   0   0   2   0  1.79 0.45
   97 F   -4 -5 -5 -5 -2 -5 -5 -5 -4 -1  0 -5 -2  8 -5 -4 -4 -2  0 -1    0   0   0   0   1   0   0   0   0   3   5   0   0  83   0   0   0   0   0   4  1.84 0.46
   98 I    2 -3 -3 -4 -2 -3 -3 -2 -3  2  2 -3  1 -1 -3  0 -1 -3 -2  4   17   0   0   0   0   0   0   2   0   7  23   0   2   2   0   6   1   0   0  36  0.37 0.18
   99 C   -2 -5 -5 -5 10 -5 -5 -5 -5 -2  1 -5 -2 -2 -5 -3 -3 -4 -4  0    2   0   0   0  70   0   0   0   0   1  13   0   1   2   0   0   0   0   0   7  2.06 0.47
  100 V    2 -4 -4 -4  0 -4 -4 -4 -4  3 -1 -4 -1 -3 -4 -3 -1 -4 -3  6   16   0   0   0   2   0   0   0   0  15   1   0   0   0   0   0   1   0   0  61  0.84 0.30
  101 F   -1 -4 -4 -4 -3 -4 -4 -4 -3  3  3 -4  1  5 -4 -3 -3 -2  0  0    6   0   0   0   0   0   0   0   0  19  28   0   3  35   0   0   0   0   1   5  0.67 0.23
  102 L   -3 -4 -5 -5 -3 -4 -4 -5 -4 -1  6 -4  1 -2 -4 -4  0 -4 -3 -1    0   0   0   0   0   0   0   0   0   0  88   0   1   0   1   0   6   0   0   0  1.22 0.37
  103 S   -1 -3 -2  0 -3 -2 -2 -3 -3 -4 -4 -2 -4 -4 -3  6  1 -5 -4 -4    0   0   0   6   0   0   0   0   0   0   1   0   0   0   0  82   7   0   0   0  1.29 0.44
  104 H   -4  0 -2 -4 -5 -1 -3 -5 11 -5 -5 -3 -4 -4 -5 -3 -4 -5 -1 -5    0   6   0   0   0   1   0   0  88   0   1   0   0   0   0   0   0   0   0   0  2.69 0.60
  105 G   -2 -4 -3 -3 -4 -4 -4  7 -4 -5 -5 -4 -4 -5 -4 -2  0 -4 -5 -5    0   0   0   0   0   0   0  88   0   0   1   0   0   0   0   1   6   0   0   0  1.75 0.43
  106 E   -3  1 -2  4 -5 -1  6 -3 -2 -5 -5 -1 -4 -5 -3 -2 -3 -5 -4 -4    0   7   0  23   0   0  62   1   0   0   1   2   0   0   0   0   0   0   0   1  1.18 0.36
  107 G   -2 -2  2  3 -4  0  5  2 -2 -4 -3 -1  0 -4 -3 -1 -2 -4 -4 -4    0   0  10  19   0   2  41  17   0   0   2   1   4   0   0   1   0   0   0   0  0.68 0.26
  108 N   -2 -2  4  2 -4 -2 -1  5 -3 -5 -5 -2 -4 -4 -3 -1 -3 -4 -4 -4    0   2  24  14   0   0   2  50   0   0   1   2   0   0   0   2   0   0   0   0  0.94 0.29
  109 H   -2 -2 -2 -3  0 -2 -2 -1  6  2  1 -2  1  0 -3 -2 -2 -3  1  2    2   1   0   1   2   1   0   6  30  13  13   2   4   2   0   1   1   0   3  16  0.41 0.19
  110 V   -2  0 -4 -4 -3 -3 -4 -4 -4  5  1 -3 -1  1 -4 -3 -2 -3 -2  3    1   6   1   0   0   0   0   1   0  51   7   0   0   7   0   1   0   0   0  24  0.73 0.26
  111 Y   -4 -3 -4 -5 -4 -3 -4 -5 -1 -3 -3  0 -3  4 -5 -4 -4  1  9 -3    1   0   1   0   0   0   0   1   0   0   1   6   0  17   0   1   0   1  69   0  1.76 0.45
  112 A    3 -3 -2 -3  0 -3 -3  5 -3 -3 -1 -3 -3 -4 -3 -1 -1 -4 -4 -3   33   0   0   0   2   0   0  50   0   1   6   0   0   0   0   2   2   0   0   0  0.83 0.27
  113 Y   -2  0 -1 -3 -2 -1 -2 -3  1 -2 -3  2 -2  0 -3 -1  5 -2  5 -2    2   4   2   0   1   1   0   1   4   1   1  14   0   3   0   2  40   0  23   1  0.61 0.27
  114 D   -4 -3  2  7 -5 -2 -1 -3  2 -5 -5 -3 -5 -5 -3 -2 -3 -5 -4 -5    1   0   8  80   0   0   0   1   5   0   1   0   0   0   0   1   0   0   0   0  1.70 0.43
  115 A    2 -2 -1  0 -1  0 -2  5 -3 -4 -4 -1 -3 -4 -3 -1  0 -4 -4 -3   20   2   1   6   1   6   1  49   0   0   1   2   0   0   0   2   7   0   0   0  0.66 0.22
  116 K    0 -1 -1 -2 -1  1 -1 -3  1 -1 -2  4  1 -1  3  0 -1 -2 -2 -1    5   1   1   0   2   7   2   1   4   4   2  34   5   3  15   8   3   0   1   4  0.32 0.17
  117 I   -2 -4 -4 -4 -3 -3 -2 -5 -3  4  2 -3  2  1 -4 -3 -1 -3  1  3    0   0   0   0   0   0   4   0   0  38  15   1   6   7   0   0   3   0   6  20  0.53 0.21
  118 E   -1  0  0  2 -3  1  4 -2  2 -4 -4  3 -3 -4  3  0 -2 -4 -3 -3    3   2   3   9   1   4  30   1   5   0   1  24   0   0  12   5   0   0   0   1  0.54 0.22
  119 I   -3  0 -3 -5 -3 -4 -4 -5 -4  6  3 -4  0  0 -2 -4 -2 -4 -3  1    1   5   1   0   0   0   0   0   0  55  27   0   1   3   2   0   1   0   0   3  0.80 0.29
  120 Q    0  0  2  2 -4  4  2 -3 -2 -4 -4  4 -3 -5 -2 -1 -2 -4 -4 -4    7   1   8  11   0  25  11   0   0   0   0  32   0   0   1   2   1   0   0   0  0.65 0.26
  121 T   -1  0  0  2 -3  0  1 -3 -1 -1 -1  2  1 -3 -3  0  3 -4 -2 -1    4   3   4  14   0   2  11   0   1   2   5  16   5   1   0   4  25   0   1   2  0.24 0.15
  122 L   -3  1 -5 -5 -3 -4 -4 -6 -4  3  5 -3  2 -2 -5 -4 -3 -4 -3  0    0  11   0   0   0   0   0   0   0  22  61   0   4   0   0   0   0   0   0   2  0.87 0.31
  123 T   -1 -3 -3 -4 -3 -3 -3 -4 -4  0 -2  0  1 -1 -4 -1  6  6 -3 -1    3   0   0   0   0   0   0   0   0   4   2   5   4   3   0   0  64  11   0   4  1.04 0.39
  124 G    1 -2  2  2 -2 -1  0  2 -2 -2 -3 -1 -2 -3 -2  2  0 -4 -1  0   14   1  11  11   1   1   6  14   0   1   1   3   0   0   0  23   3   0   2   8  0.23 0.14
  125 L   -3 -4 -3 -5  2 -2 -4 -5  2 -1  3 -3  4  5  2 -3 -3 -2  1 -2    0   0   1   0   4   2   0   0   7   0  33   0  13  25   9   0   0   0   4   0  0.60 0.25
  126 F   -4 -5 -5 -5 -4 -5 -5 -5 -4 -1  0 -5 -2  9 -5 -4 -4 -2  1 -3    0   0   0   0   0   0   0   0   0   2   8   0   0  84   0   0   0   0   1   1  1.93 0.47
  127 K   -3  6 -1 -3 -4  0 -2 -4 -2 -4 -4  4 -3 -4 -3 -2  1 -4 -3 -3    0  46   1   0   0   2   0   0   0   0   1  33   0   0   0   0  12   0   0   2  0.99 0.32
  128 G    0 -3 -3 -3 -4 -4 -4  7 -4 -4 -5 -3 -4 -5 -4 -2 -3 -4 -5 -1    7   1   0   0   0   0   0  82   0   0   1   0   0   0   0   0   0   0   0   6  1.50 0.39
  129 D   -3  1  1  7 -5 -2  0 -3  0 -5 -5 -2 -4 -5 -2 -2 -3 -5 -2 -3    1   7   6  72   0   1   2   1   2   0   1   1   0   0   1   0   0   0   2   2  1.34 0.38
  130 K   -2  4  0 -2  1  0 -1 -3  1 -3 -2  5 -1 -3 -3 -2 -2 -4  0  0    0  25   5   0   3   1   1   0   3   0   3  40   2   0   0   1   0   0   4   9  0.56 0.24
  131 C   -2 -5 -5 -5 11 -5 -5 -5 -5 -4 -4 -5 -4 -3 -5 -3  0 -5 -5 -3    1   0   0   0  87   0   0   0   0   0   1   0   0   1   0   0   6   0   0   0  2.93 0.60
  132 Q   -2  3 -2 -2 -4  3  1 -3 -2 -3 -2  3 -1 -4  4 -1 -1 -4 -3 -3    1  20   1   0   0  17   6   0   0   1   4  24   1   0  19   2   3   0   0   1  0.60 0.22
  133 S   -1 -2 -1 -2 -3 -2 -2 -1  2 -4 -4 -2 -3 -4 -3  5  3 -4 -3 -3    0   2   1   2   0   0   0   4   5   0   1   0   0   0   0  63  20   0   0   0  0.92 0.35
  134 L   -3 -4 -5 -5 -3 -4 -5 -5 -5 -1  6 -4  0 -2 -5 -4 -3  4 -3 -1    0   0   0   0   0   0   0   0   0   0  89   0   0   0   0   0   0   5   0   0  1.34 0.39
  135 V    2 -3 -3 -4 -2 -3 -3 -3 -4  1  0  0 -1 -2 -3 -2  1 -4 -3  5   18   1   0   0   0   0   0   0   0   6   7   6   0   0   0   0   7   0   0  52  0.53 0.24
  136 G   -2  0 -2 -3 -4 -3 -1  7 -4 -5 -5 -3 -4 -5 -4 -2 -3 -4 -5 -5    0   6   0   0   0   0   5  84   0   0   1   0   0   0   0   0   0   0   0   0  1.59 0.40
  137 K   -3  0 -3 -3 -5 -1 -2 -4 -3 -4 -1  7 -3 -5 -3 -3 -3 -5 -4 -4    0   2   0   0   0   0   0   0   0   0   6  88   0   0   0   0   0   0   0   0  1.56 0.46
  138 P   -4 -5 -5 -5 -6 -4 -4 -5 -5 -6 -6 -4 -6 -7  9 -4 -4 -7 -6 -6    0   0   0   0   0   0   0   0   0   0   0   0   0   0 100   0   0   0   0   0  3.14 0.67
  139 K   -3  1 -3 -3 -6 -1 -2 -4 -3 -6 -5  7 -4 -6  1 -3 -3 -6 -5 -5    0   5   0   0   0   1   0   0   0   0   0  88   0   0   6   0   0   0   0   0  1.71 0.51
  140 I   -3 -4 -5 -5  3 -4 -4 -5 -4  5  4 -4  0 -2 -4 -4 -3 -4 -3  0    0   0   0   0   6   0   0   0   0  39  49   0   1   0   0   0   0   0   0   1  0.91 0.30
  141 F   -4 -5 -5 -5 -5 -5 -5 -5 -4 -2  0 -5 -2  9 -5 -5 -4 -2  0 -3    0   0   0   0   0   0   0   0   0   2   6   0   0  88   0   0   0   0   0   0  2.08 0.50
  142 I   -3 -4 -3 -5 -3 -4 -5 -5 -4  5  0 -4 -1  6 -5 -4 -3 -2  0  1    0   0   2   0   0   0   0   0   0  41   2   0   0  43   0   0   0   0   0   8  1.09 0.34
  143 I   -3 -5 -5 -5 -3 -4 -5 -5 -5  7  1 -4  0  1 -4 -4 -3  0 -3  1    0   0   0   0   0   0   0   0   0  77  10   0   1   4   0   0   0   1   0   3  1.26 0.37
  144 Q   -4 -2 -3 -3 -6  8  1 -5 -3 -6 -5 -2 -4 -6 -4 -3 -4 -5 -5 -5    0   0   0   0   0  89   5   0   0   0   0   0   0   0   0   0   0   0   0   0  2.09 0.64
  145 A    7 -4 -4 -4 -3 -3 -4 -2 -4 -4 -4 -3 -4 -5 -1 -1 -3 -5 -5 -3   96   0   0   0   0   0   0   0   0   0   0   0   0   0   3   0   0   0   0   0  1.64 0.51
  146 C   -4 -7 -6 -7 12 -6 -7 -6 -7 -5 -5 -7 -5 -6 -6 -4 -4 -6 -6 -4    0   0   0   0  99   0   0   0   0   0   0   0   0   0   0   1   0   0   0   0  3.73 0.75
  147 R   -4  8 -3 -4 -2  2 -3 -5 -3 -6 -5 -1 -4 -6 -5 -3 -4  1 -4 -5    0  88   0   0   1   9   0   0   0   0   0   0   0   0   0   0   0   2   0   0  1.99 0.54
  148 G   -2 -5 -3 -4 -5 -5 -5  7 -5 -6 -3 -4 -5 -6 -5 -3 -4 -5 -6 -6    0   0   0   0   0   0   0  97   0   0   3   0   0   0   0   0   0   0   0   0  2.11 0.52
  149 S   -2 -2  3  5 -2 -1  0 -3 -2 -4 -4 -1 -3 -5 -3  2  4 -5 -4 -3    0   0  12  33   0   1   3   0   0   0   0   2   1   0   0  15  32   0   0   0  0.76 0.30
  150 Q   -2  1 -1  1 -5  3  4 -3 -2 -4 -3  4 -3 -5 -3 -1 -1 -5 -4 -4    2   4   1   8   0  16  28   1   0   1   2  32   0   0   0   1   3   0   0   0  0.67 0.27
  151 H   -4 -1 -3 -5 -1 -3 -4 -5  7 -2  4 -3  0  3 -5 -4 -3 -3  0 -2    0   4   0   0   1   0   0   0  36   0  41   0   1  13   0   0   1   0   1   1  1.00 0.35
  152 D   -4 -4 -1  8 -6 -3  0 -4 -4 -6 -6 -3 -2 -6 -4 -1 -4 -7 -6 -6    0   0   0  92   0   0   3   0   0   0   0   0   1   0   0   3   0   0   0   0  2.13 0.54
  153 V   -1 -2  0  4  3 -2  1  0  1 -1 -2 -2 -2 -3  1  0 -1 -4 -2  1    2   1   2  29   8   0  10   7   5   2   4   1   0   0   6   5   2   0   1  15  0.28 0.16
  154 P   -1 -4 -3 -4 -5 -4 -4  6 -4 -6 -6 -4 -5 -6  6 -1 -3 -5 -5 -5    2   0   0   0   0   0   0  56   0   0   0   0   0   0  39   2   0   0   0   0  1.57 0.41
  155 V   -1 -5 -5 -5 -3 -4 -5 -5 -5  5 -1 -4 -1 -3 -4 -4 -2 -5 -3  6    3   0   0   0   0   0   0   0   0  30   0   0   0   0   0   0   0   0   0  64  1.19 0.38
  156 V   -1 -2 -2  0 -3  2  3 -3 -2  2 -1 -1 -1 -2 -2  0  2 -3 -2  0    1   1   0   5   0  13  21   1   0  20   4   1   1   1   1   5  19   0   1   5  0.27 0.16
  157 P    2 -2 -2 -2 -2 -1 -1 -2 -2 -1 -1 -2  1  0  4 -1  2 -3 -2  0   19   1   1   1   1   2   3   1   1   1   6   1   6   6  24   2  14   0   1   9  0.35 0.14
  158 L    0  1 -1  3  1  1 -1 -2  0 -1  1 -1  1 -2  0 -1  0 -2 -1  0    7   8   1  23   3   6   1   2   3   1  17   3   4   1   4   1   5   0   1   8  0.12 0.08
  159 D   -1  0  0  6 -1 -1  0 -1 -2 -3 -3 -1 -3 -3 -1  2 -1 -3 -3 -3    5   6   1  48   1   2   2   3   0   1   2   1   0   1   2  21   2   0   1   1  0.65 0.21
  160 M    1 -2 -1 -1  1 -1  0  2 -2 -1  0 -1 -1 -2 -2  1  0 -2 -2  2   15   1   1   2   4   2   6  20   0   1   8   2   1   1   1  11   3   0   1  19  0.13 0.09
  161 V    0 -2 -2 -1 -2 -2 -1 -1 -2  1  0 -1  0 -1  0  0  1 -2 -2  4    6   2   1   4   0   1   5   4   1   6   5   2   1   3   4   5   9   0   1  40  0.18 0.11
  162 D   -1 -2  0  6 -3 -1  1 -1 -1 -2 -3 -1 -2 -3 -1 -1 -2 -3 -3 -1    4   2   1  57   0   1   8   3   1   1   2   1   1   1   2   3   2   0   1   6  0.77 0.21
  163 H    0 -1  0  0 -1 -1  1  0  2 -2 -2 -1 -2 -1 -1  3  1 -1 -1 -1    6   1   4   3   1   1  12   8   7   2   3   2   1   3   1  28   8   1   2   4  0.16 0.09
  164 Q    0  0 -1  1 -2  2  2 -1  0 -1 -2  0 -1 -2 -1  1  1 -2 -2 -1    9   4   1  10   0  13  17   4   2   3   2   4   1   1   2   9  13   0   1   5  0.17 0.08
  165 T    0 -1  0  1 -1  0  1 -1 -1 -1 -1  0 -1 -2  0  1  3 -2 -2  0    9   3   3   8   1   2   9   3   1   2   4   3   1   1   4  12  28   0   1   6  0.18 0.08
  166 D   -1 -1  0  4 -2  0  2  2 -1 -2 -2 -1 -1 -2 -1  0 -1 -2 -2 -2    5   2   2  29   1   2  12  20   1   2   5   3   2   1   3   4   3   0   1   3  0.30 0.10
  167 K    0  0 -1  0 -1  0  2  0 -1 -2 -1  2 -1 -2  2  2  0 -2 -2 -1    7   2   2   4   1   3  14   6   1   2   5  14   2   1   9  19   4   0   1   3  0.16 0.06
  168 L    0 -1  0  0 -1  0 -1 -1 -1  0  1  0  0 -1  2  0  0 -2 -1  0    6   3   4   6   1   3   2   5   1   5  23   4   1   1  12   8   4   0   1   8  0.08 0.04
  169 D    0 -1  1  3 -2  0  1  0 -1 -1 -1  0 -1 -2 -1  0  0 -2 -1  0    5   3   7  22   1   4   8   5   1   4   4   7   1   2   3   6   7   1   1  10  0.12 0.04
  170 N   -1 -1  4  1 -2 -1  1  0  0 -2 -2  0 -2 -1  1  0  0  0 -2 -2    3   3  33   8   1   2   8   6   1   2   3   3   1   2   7   6   7   1   1   2  0.29 0.10
  171 V    0  1 -1  0  0  0  3 -1 -1  1 -1  0  0 -2 -1  0  0 -2 -2  0    5   8   2   3   2   2  26   3   1  13   5   3   4   1   2   3   7   0   1   7  0.11 0.07
  172 T   -1 -2  0  1 -2 -1 -1 -1 -2  0 -1 -1  0 -2 -2  0  5 -2 -2  1    2   1   3   7   1   1   2   3   1   3   6   2   2   1   1   6  45   0   1  10  0.34 0.15
  173 Q   -1  0 -1  1 -2  1  4 -2 -1 -1 -2  0 -2 -1 -1 -1 -1 -2 -2  1    4   5   1   8   1   5  42   2   1   2   3   2   1   3   2   3   2   0   1  12  0.35 0.13
  174 V    0 -2 -2 -2 -1 -2 -1 -1 -2  1 -1 -2  1 -1 -1  0  2 -2 -2  4    6   2   1   1   1   1   3   5   1   3   3   2   5   1   2   8  14   0   1  40  0.22 0.12
  175 D   -2 -1 -1  7 -4 -2  0 -3 -2 -3 -4 -2 -3 -4 -2 -1 -2 -4 -3 -2    3   4   1  73   0   1   3   1   0   1   2   1   0   1   2   2   1   0   1   3  1.24 0.31
  176 A    5 -2 -2  1 -2 -1  0  0 -2 -3 -3 -2 -2 -3 -2  1 -1 -3 -3 -2   58   1   1   9   0   2   5   4   0   1   2   1   0   1   1   9   2   0   1   1  0.56 0.22
  177 A    3 -1  2 -1 -1  0 -1  1 -1 -2 -2 -1  1 -2 -1  2 -1 -3 -2 -1   32   2  12   1   1   3   2   8   1   1   2   1   6   1   2  17   1   0   1   5  0.23 0.14
  178 S    2 -1 -1 -2 -2 -1 -2  1 -1 -2 -2 -1  1 -3  3  2  2 -3 -2 -1   19   3   1   1   0   1   1  13   2   2   1   2   4   0  13  20  12   0   1   4  0.28 0.13
  179 V   -1  1 -2 -3  5  0 -2 -3 -2  1 -1 -1  0 -1 -1  0 -1 -3 -2  4    1  11   1   1  13   4   1   1   1   6   3   2   1   2   2   7   2   0   0  41  0.35 0.18
  180 Y   -3  0 -2 -3  0  3  0 -4  5 -4 -3 -2 -3  0 -1 -2 -3 -1  7 -3    1   6   1   0   2  18   4   1  14   0   1   1   0   3   3   1   1   0  41   0  0.89 0.31
  181 T   -2  2 -2 -3 -4 -2 -1 -4 -3 -4 -3  5 -3 -5 -3 -1  5 -5 -4 -3    0  13   0   0   0   0   3   0   0   0   1  37   0   0   0   0  45   0   0   0  0.94 0.37
  182 L   -4 -5 -6 -6 -3 -5 -5 -6 -5  6  4 -5  0 -2 -5 -5 -3 -4 -3  1    0   0   0   0   0   0   0   0   0  55  43   0   0   0   0   0   0   0   0   2  1.19 0.37
  183 P   -4 -5 -5 -5 -6 -4 -4 -5 -5 -6 -5 -4 -6 -7  9 -4 -4 -7 -6 -6    0   0   0   0   0   0   0   0   0   0   1   0   0   0  99   0   0   0   0   0  3.07 0.66
  184 A    4 -4 -4 -4 -3 -3 -3 -3 -4  0 -2 -3 -2 -3 -1  0  0 -5 -3  4   43   0   0   0   0   1   0   0   0   3   1   0   0   0   3   4   3   0   0  42  0.71 0.31
  185 G   -2 -2 -2 -2 -5 -1  5  5  2 -6 -5 -1 -4 -4 -4 -1 -3 -5 -4 -5    1   0   0   0   0   0  46  41   6   0   0   3   0   1   0   2   0   0   0   0  1.05 0.36
  186 A    7 -4 -4 -4 -3 -3 -3 -2 -4 -4 -4 -1 -4 -5 -3 -1 -2 -5 -4 -3   94   0   0   0   0   0   0   0   0   0   0   3   0   0   0   1   1   0   0   0  1.56 0.50
  187 D   -5 -5 -1  8 -6 -3 -1 -4 -4 -6 -7 -4 -6 -7 -4 -3 -1 -7 -6 -6    0   0   1  96   0   0   0   0   0   0   0   0   0   0   0   0   3   0   0   0  2.29 0.57
  188 F   -5 -6 -6 -6 -3 -6 -6 -6 -4 -2 -2 -6 -1  9 -1 -5 -5 -2  1 -4    0   0   0   0   1   0   0   0   0   1   0   0   1  93   3   0   0   0   1   0  2.38 0.58
  189 L   -4 -4 -5 -6 -3 -1 -5 -6 -5  3  6 -4  1 -2 -5 -5 -3 -4 -3  0    0   0   0   0   0   3   0   0   0  13  80   0   1   0   0   0   0   0   0   2  1.19 0.38
  190 M   -4 -4 -5 -6  1 -4 -5 -5 -3  2  0 -4  7  3 -5 -4 -3 -2  6 -2    0   0   0   0   3   0   0   0   0  11   3   0  41  11   0   0   0   0  30   1  1.27 0.42
  191 C    5 -3 -4 -5  8 -4 -4 -3 -4 -3 -4 -4 -3 -3 -1 -2 -3 -5 -2 -1   48   1   0   0  40   0   0   0   0   0   0   0   0   1   3   1   0   0   1   3  1.38 0.42
  192 Y   -5 -5 -5 -4 -6 -5 -5 -6 -1 -4 -4 -5 -4  3 -6 -4 -5 -1  9 -4    0   0   0   1   0   0   0   0   0   0   0   0   0   8   0   1   0   0  90   0  2.58 0.63
  193 S   -1 -4 -2 -3 -4 -3 -3 -3 -4 -5 -5 -3 -4 -3  0  7 -1 -6 -4 -4    1   0   0   0   0   0   0   0   0   0   0   0   0   1   4  94   0   0   0   0  1.65 0.55
  194 V   -2 -4 -3 -4 -3 -4 -4 -5 -5 -1 -2 -4 -2 -2 -3 -1  6 -5 -4  5    0   0   0   0   0   0   0   0   0   0   0   0   0   1   1   3  50   0   0  44  1.08 0.41
  195 A    5 -4 -4 -4 -3 -3 -3 -3 -4  0 -2 -3 -1 -1 -3 -1 -1 -5 -3  3   63   0   0   0   0   0   0   0   0   2   1   0   1   3   0   1   2   0   0  25  0.85 0.35
  196 E   -3 -3 -3 -2 -5  3  4 -4 -3 -5 -5 -2 -4 -6  7  0 -3 -6 -5 -5    0   0   0   0   0  15  27   0   0   0   0   0   0   0  52   5   0   0   0   0  1.51 0.43
  197 G   -2 -5 -3 -4 -5 -5 -5  7 -5 -7 -7 -4 -6 -6 -5 -3 -4 -5 -6 -6    0   0   0   0   0   0   0 100   0   0   0   0   0   0   0   0   0   0   0   0  2.26 0.53
  198 Y   -5 -5 -5 -6 -5 -5 -5 -6 -1 -4 -4 -5 -3  4 -6 -5 -4 -1  9 -4    0   0   0   0   0   0   0   0   0   0   0   0   0  13   0   0   0   0  86   0  2.50 0.60
  199 Y   -4 -5 -5 -6 -1 -5 -5 -6 -1 -4 -3 -5 -4  4 -6 -5 -5  0  9 -3    1   0   0   0   1   0   0   0   0   0   0   0   0  13   0   0   0   0  84   1  2.38 0.58
  200 S    0 -4 -2 -3 -4 -3 -3 -3 -4 -5 -5 -3 -4 -2 -4  7 -1 -6 -4 -4    3   0   0   0   0   0   0   0   0   0   0   0   0   1   0  95   0   0   0   0  1.67 0.53
  201 H   -5 -5 -4 -6 -6 -4 -5 -5  8 -6 -5 -5 -4  1 -6 -5 -5 11  0 -6    0   0   0   0   0   0   0   0  37   0   0   0   0   6   0   0   0  56   1   0  2.90 0.61
  202 R   -4  8 -3 -5 -6 -2 -3 -5 -3 -6 -5 -1 -4 -6 -5 -4 -4 -6 -5 -6    0  98   0   0   0   0   0   0   0   0   0   0   0   0   0   0   0   0   0   0  2.31 0.58
  203 E   -4 -3  7  2 -5 -1  4 -3  0 -6 -6 -2 -5 -5 -4 -1 -3 -6 -4 -5    0   0  55  11   0   0  30   0   2   0   0   0   0   0   0   2   0   0   0   0  1.30 0.40
  204 T   -2 -3 -2 -3 -3 -2 -3 -4 -4 -2 -4 -2 -3 -5  3  2  6 -5 -4 -2    1   1   1   0   0   1   0   0   0   1   0   0   0   0  16  17  59   0   0   1  1.03 0.37
  205 V    0 -1 -1 -2 -2 -1 -1  1 -2  1  0  1  1 -2 -3  0  1 -3 -2  2    7   2   1   1   0   3   4  11   1   7   5  11   5   0   0   6   9   0   0  27  0.12 0.10
  206 N   -2  2  6  2 -2 -1  0 -3  0 -4 -4  1 -2 -2 -3 -1  0 -4  0 -4    1  12  46  11   1   0   4   0   1   0   1   7   1   1   0   2   7   0   4   0  0.68 0.26
  207 G   -2 -5 -3 -2 -5 -4 -5  7 -5 -7 -7 -4 -5 -6 -5 -3 -4 -5 -6 -6    0   0   0   2   0   0   0  98   0   0   0   0   0   0   0   0   0   0   0   0  2.18 0.50
  208 S   -2 -4 -2 -3 -4 -3 -3 -3 -4 -5 -5 -3 -4 -5 -4  7  0 -6 -5 -4    0   0   0   0   0   0   0   0   0   0   0   0   0   0   0  97   3   0   0   0  1.76 0.54
  209 W   -4 -3 -7 -8 -6 -5 -6 -6 -6 -6 -5 -6 -5 -3 -7 -6 -6 13 -1 -6    1   2   0   0   0   0   0   0   0   0   0   0   0   0   0   0   0  95   1   0  4.31 0.80
  210 Y   -5 -5 -5 -6 -5 -5 -5 -6 -2 -3 -3 -5 -3  7 -6 -3 -4 -1  7 -4    0   0   0   0   0   0   0   0   0   0   0   0   0  56   0   1   0   0  43   0  2.00 0.49
  211 I   -3 -5 -5 -6 -3 -5 -5 -6 -5  7 -1 -5  3 -2 -5 -4 -3 -5 -4  3    0   0   0   0   0   0   0   0   0  68   0   0   9   0   0   0   0   0   0  22  1.34 0.39
  212 Q   -4 -2 -3 -3 -6  9 -1 -5 -2 -6 -4 -2 -3 -6 -4 -2 -4 -5 -5 -5    0   0   0   0   0  97   1   0   0   0   1   0   0   0   0   1   0   0   0   0  2.36 0.63
  213 D    3 -3 -1  5 -1 -2 -1 -3 -3 -4 -5 -2 -3 -5 -3  3 -1 -5 -4 -4   25   0   0  41   1   0   0   0   0   0   0   1   0   0   0  31   1   0   0   0  0.89 0.33
  214 L   -4 -4 -6 -6 -4 -5 -5 -6 -5  0  6 -5  0 -1 -5 -5 -4 -4 -3 -1    0   0   0   0   0   0   0   0   0   1  96   0   0   1   0   0   0   0   0   1  1.51 0.43
  215 C   -3 -6 -6 -7 11 -6 -7 -6 -6 -3 -4 -6 -5 -5 -6 -2 -3 -6 -6 -4    1   0   0   0  94   0   0   0   0   1   0   0   0   0   0   2   1   0   0   0  3.34 0.67
  216 E    1 -1  0  1 -4  1  5 -3 -1 -3 -4  0 -2 -4 -3  1 -1 -4 -2 -3   15   2   4   6   0   4  49   0   1   1   1   4   1   0   0   8   1   0   1   0  0.63 0.25
  217 M    1 -4 -3 -4 -3 -3 -1 -4 -4  1  1 -3  7 -2 -4 -2  0 -4 -3  3   13   0   1   0   0   0   5   0   0   7   7   0  42   0   0   1   4   0   0  21  0.75 0.31
  218 L   -4 -4 -6 -6 -4 -4 -5 -6 -5  2  6 -5  2 -1 -5 -5 -3 -4 -3 -1    0   0   0   0   0   0   0   0   0   7  87   0   3   1   0   0   0   0   0   1  1.31 0.38
  219 A    0  2  2  0 -4  1  1  2 -1 -4 -3  3 -2 -4 -3  0 -1 -2 -3 -3    6  14  10   2   0   5   9  18   0   0   1  25   1   0   0   5   3   0   0   0  0.37 0.16
  220 R   -1  2 -1  0 -3  2  2 -3  0 -4 -1  5 -2 -3 -3 -1 -1 -4 -2 -3    3  11   1   3   1  10  16   0   1   0   5  42   1   1   0   1   2   0   1   0  0.57 0.23
  221 Y   -4 -4 -2 -4 -4 -1 -3 -5  7 -4 -4 -4 -3  4 -5 -3 -4 -1  7 -4    0   0   2   0   0   2   0   0  33   0   0   0   0  14   0   1   0   0  46   0  1.63 0.44
  222 G    2 -3 -1 -3 -4 -2 -4  6 -3 -5 -5 -3 -4 -5 -4  0 -3 -5 -5 -4   18   1   2   0   0   1   0  72   1   0   0   1   0   0   0   5   0   0   0   0  1.31 0.36
  223 S   -1  1  0  1 -2  0 -1  0  3 -4 -4  3 -3 -4 -2  3  0 -4 -3 -4    1   5   3   8   1   3   0   6   8   0   1  27   0   0   0  32   5   0   0   0  0.44 0.21
  224 S   -1  0 -1  0 -4  2  2 -3 -1 -4 -4  3 -3 -4 -3  4  2 -5 -3 -3    1   2   1   3   0   7  17   0   1   0   0  20   0   0   0  36  11   0   0   0  0.56 0.25
  225 L   -4 -2 -5 -6 -3 -4 -5 -5 -5  0  6 -3  2 -1 -5 -4 -3 -4 -2  0    0   2   0   0   0   0   0   0   0   0  87   1   5   0   0   0   1   0   1   2  1.21 0.36
  226 E   -3 -3 -2  3 -6  0  7 -5 -3 -6 -6 -2 -5 -6 -4 -3 -3 -6 -5 -5    0   0   0  17   0   1  82   0   0   0   0   0   0   0   0   0   0   0   0   0  1.69 0.46
  227 F   -4 -5 -5 -5 -4 -5 -5 -5 -4  4  3 -5 -1  6 -5 -4 -3 -2  0  0    0   0   0   0   0   0   0   0   0  29  24   0   0  44   0   0   0   0   0   4  1.04 0.31
  228 T   -2 -3 -3 -4  0  0 -3 -4 -2 -1  1 -3  7 -3 -4 -1  4 -4 -3 -1    1   0   0   0   2   3   0   0   1   2  14   0  37   0   0   4  36   0   0   1  0.86 0.34
  229 E   -3  0 -1  0 -5  5  5 -3  5 -5 -5 -1 -3 -5 -3 -1  0 -1 -3 -4    0   3   1   2   0  29  40   1  16   0   0   0   0   0   0   3   5   1   0   0  0.95 0.32
  230 L   -3 -5 -5 -5 -3 -4 -5 -6 -5  5  4 -5  2 -2 -5 -4 -3 -4 -3  0    0   0   0   0   0   0   0   0   0  45  49   0   3   0   0   1   0   0   0   1  1.05 0.32
  231 L   -4 -4 -6 -6 -4 -4 -5 -6 -5 -1  6 -5  5 -2 -3 -5 -3 -4 -3 -1    0   0   0   0   0   0   0   0   0   0  82   0  17   0   2   0   0   0   0   0  1.33 0.39
  232 T   -2 -4 -3 -4 -4 -3 -4 -4 -5 -3 -4 -3 -2 -5 -4 -1  8 -5 -4 -3    1   0   0   0   0   0   0   0   0   0   0   0   1   0   0   1  98   0   0   0  1.95 0.54
  233 L   -3  5 -3 -4 -3 -2 -3 -5 -1  0  3 -1  0  0 -4 -3 -3 -4 -3  1    0  45   0   0   0   0   0   0   1   3  33   1   2   4   0   0   0   0   0  10  0.70 0.27
  234 V   -3 -5 -6 -6 -3 -5 -5 -6 -6  0 -2 -5 -1 -3 -5 -4 -3 -6 -4  7    0   0   0   0   0   0   0   0   0   0   0   0   0   0   0   0   0   0   0 100  1.78 0.49
  235 N   -4 -3  8 -1  1 -3 -3 -3 -2 -6 -6 -3 -5 -6 -5 -1 -3 -6 -5 -5    1   0  93   0   3   0   0   0   0   0   0   0   0   0   0   2   0   0   0   0  2.14 0.53
  236 R   -3  6 -1 -2 -2  2 -2 -4  5 -5 -3  0 -1 -3 -4 -3 -3  1  2 -4    0  58   2   2   1   7   0   0  14   0   1   2   2   1   0   0   0   2   8   0  1.05 0.33
  237 K   -3  2 -2 -3 -5  0 -1 -3 -3 -2 -2  6  3 -4 -3 -2  0 -5 -4 -3    0  10   0   0   0   2   1   2   0   2   4  64  10   0   0   0   5   0   0   0  0.92 0.33
  238 V   -3 -5 -6 -6 -3 -5 -5 -6 -6  1 -1 -5 -2 -3 -5 -4 -3 -6 -4  7    0   0   0   0   0   0   0   0   0   1   1   0   0   0   0   0   0   0   0  98  1.71 0.48
  239 S    5 -3 -2 -3 -3 -3 -3 -2 -3 -4 -4 -3 -3 -5 -3  5 -1 -5 -4 -3   53   0   0   0   0   0   0   0   0   0   0   0   0   0   0  45   1   0   0   0  1.06 0.37
  240 Q   -2  2 -1 -3 -1  2 -2 -3  4 -1  0 -1  2  0 -3 -1  2 -2  3  0    1  13   1   1   1  12   0   0  15   1  10   0   7   3   0   1  16   0  11   6  0.29 0.17
  241 R   -3  5  1  2 -1  1  3 -4  3 -5 -4  0 -4 -4 -3 -1 -3 -5 -2 -4    0  40   5  13   2   3  25   0   7   0   0   1   0   0   0   2   0   0   1   0  0.79 0.28
  242 R   -3  3 -2 -4 -4 -2 -2 -4 -1 -3 -2  0 -2  7 -4  0  0 -2  2 -3    1  18   2   0   0   1   2   0   1   0   2   5   0  51   0   7   5   0   5   0  0.83 0.30
  243 V   -3 -3 -3 -2 -4  0  5 -5 -1 -1 -3 -2 -3 -4 -4 -2 -2 -3 -4  4    0   0   0   0   0   3  52   0   2   1   0   0   0   0   0   1   0   0   0  39  0.96 0.36
  244 D   -1 -3  0  4 -4 -2  0  0 -2 -5 -4 -2 -3 -5 -1  5 -1 -5 -4 -3    0   0   2  24   0   0   5   6   0   0   1   0   0   0   3  57   0   0   0   1  0.86 0.34
  245 F   -1  1  2 -2  3  1 -2 -3 -1  0 -1 -1  1  4 -3  0 -1  2  1  0    4  10  14   0   7   7   0   0   0   6   1   1   4  21   0   6   2   3   5   8  0.21 0.14
  246 C    0 -4 -2 -3  8 -3 -3 -3 -4 -4 -4 -3 -3 -4 -2  4  2 -5 -3 -3    6   0   0   0  36   0   0   0   0   0   0   0   0   0   2  43  10   0   0   0  1.21 0.38
  247 K   -1  2  3  1 -1 -1  0 -2 -1 -3 -1  2 -2 -2  1  0  0 -3  0 -2    2  15  19   9   1   0   4   0   0   0   9  15   0   1   6   6   6   0   3   1  0.23 0.13
  248 D   -3 -1  1  7 -5  0  0 -3 -1 -4 -2  0 -1 -5 -3  0 -2 -5 -4 -3    1   3   5  62   0   3   2   0   1   1   5   4   2   0   0   7   1   0   0   1  0.98 0.31
  249 P    0  0 -2 -2 -3  0 -1 -3 -1  0 -2 -2 -3 -4  7  1 -2 -5 -3 -2    6   5   2   2   0   4   3   0   1   7   3   1   0   0  52  10   1   0   0   1  1.01 0.28
  250 D    0  1  2  0 -1  0  0  2  0 -3 -3  0 -2 -1 -2  2  1 -3 -1 -3    4   9  11   5   2   4   3  16   2   1   1   3   1   3   0  22  10   0   1   0  0.21 0.12
  251 A    3 -3 -4 -4 -3 -3 -4 -3 -3 -2  0 -4  4  6 -4 -2 -2 -2  1 -1   32   1   0   0   0   0   0   0   0   0   5   0  16  39   0   1   1   0   3   1  0.81 0.31
  252 I   -2 -3  3  0 -2 -2 -2 -3  6  4 -1 -2 -2 -3 -4  1 -1 -4 -2  0    1   0  14   6   1   0   0   1  22  33   4   1   0   0   0  12   2   0   0   2  0.50 0.24
  253 G    2  0 -1 -2 -2  1  1  5 -3 -4 -4  0 -3 -4 -3 -1 -3 -4 -4 -4   20   5   2   1   1   7  10  48   0   0   1   5   0   0   0   1   0   0   0   0  0.69 0.24
  254 K   -3  1 -2 -3 -6  1 -2 -4 -2 -5 -5  7  0 -6 -4 -3 -3 -6 -4 -5    0   2   1   0   0   5   0   0   0   0   0  88   3   0   0   0   1   0   0   0  1.67 0.49
  255 K   -4 -1 -3 -4 -6 -1 -2 -4 -4 -6 -5  8 -4 -6 -4 -3 -4 -6 -5 -5    0   0   0   0   0   0   0   0   0   0   0 100   0   0   0   0   0   0   0   0  2.09 0.57
  256 Q   -4 -2 -3 -3 -6  9 -1 -5 -3 -6 -5 -2 -4 -7 -5 -3 -4 -5 -5 -6    0   0   0   0   0  99   0   0   0   0   0   0   0   0   0   0   0   0   0   0  2.51 0.67
  257 V   -3 -5 -5 -6 -3 -5 -5 -6 -5  6 -1 -5  3 -2 -5 -4 -3 -5 -3  4    0   0   0   0   0   0   0   0   0  62   0   0   9   0   0   0   0   0   0  28  1.28 0.38
  258 P   -4 -5 -5 -5 -6 -4 -4 -5 -5 -6 -6 -4 -6 -7  9 -3 -4 -7 -6 -6    0   0   0   0   0   0   0   0   0   0   0   0   0   0 100   0   0   0   0   0  3.10 0.64
  259 C   -4 -7 -6 -7 11 -6 -7 -6 -6 -4 -5 -6 -5 -5 -6 -2 -4 -5 -2 -4    0   0   0   0  96   0   0   0   0   0   0   0   0   0   0   2   0   0   2   0  3.44 0.67
  260 F   -4 -5 -5 -5 -4 -5 -5 -6 -4  5 -1 -5  0  6 -5 -4 -3 -2  1  2    0   0   0   0   0   0   0   0   0  42   1   0   2  41   0   0   0   0   2  13  1.13 0.33
  261 A    3 -4 -4 -4 -2 -3 -3 -3 -4  0 -1 -3  2 -3 -3 -1  1 -4 -3  4   36   0   0   0   0   0   0   0   0   1   4   0   5   0   0   3  10   0   0  41  0.60 0.27
  262 S   -1 -3 -2 -3 -2 -3 -3 -3 -3 -5 -5 -3 -4 -3 -3  7  0 -5 -4 -4    0   0   0   0   1   0   0   0   0   0   0   0   0   1   0  94   3   0   0   0  1.59 0.49
  263 M   -4 -4 -5 -6 -4 -3 -5 -6 -5 -2 -1 -4 11 -3 -6 -4 -3 -5 -4 -2    0   1   0   0   0   0   0   0   0   0   0   0  97   0   0   0   1   0   0   0  2.78 0.66
  264 L   -4 -5 -6 -6 -4 -4 -5 -6 -5 -1  6 -5  0 -2 -5 -5 -4 -4 -3 -1    0   0   0   0   0   0   0   0   0   0  99   0   0   0   0   0   0   0   0   0  1.56 0.43
  265 T   -3 -4 -3 -4 -4 -3 -4 -4 -4 -3 -4 -3 -3 -5 -4 -1  8 -5 -4 -3    0   0   0   0   0   0   0   0   0   0   0   0   0   0   0   0  98   0   0   0  1.98 0.54
  266 K   -3  2 -3 -3 -6 -1 -2 -4 -3 -5 -5  7 -4 -6 -4 -3 -3 -5 -4 -5    0   9   0   0   0   0   0   0   0   0   0  88   0   0   0   0   0   0   0   0  1.68 0.47
  267 K   -3  0 -1  2 -5  0  4 -4 -1 -3 -2  5 -3 -4 -3 -2 -3 -5 -2 -4    0   2   1  13   0   0  34   0   1   2   4  41   0   0   0   1   0   0   1   0  0.77 0.28
  268 L   -3 -4 -5 -5 -3 -4 -5 -5 -5  1  5 -4  3  2 -5 -4 -3 -3 -2  0    0   0   0   0   0   0   0   0   0   3  77   0   6   8   0   0   0   0   0   5  1.07 0.32
  269 H   -4 -1 -4 -5 -4 -4 -4 -6  5 -2 -3 -3 -3  1 -6 -4 -4 -1  9 -2    0   4   0   0   0   0   0   0  12   2   1   1   0   3   0   0   0   0  74   2  1.91 0.49
  270 F   -5 -6 -6 -7 -5 -6 -6 -6 -4 -3 -1 -6 -3  9 -7 -5 -5 -2  0 -4    0   0   0   0   0   0   0   0   0   0   4   0   0  96   0   0   0   0   0   0  2.45 0.55
  271 C   -2  2 -2 -2  1 -1 -2 -1  4 -2 -1  0 -1  2  1  1  1  0  2 -2    1  15   0   0   3   1   1   4  12   0   6   5   1  13   6  11   9   1  10   0  0.21 0.13
  272 P   -2 -2 -2  0 -5 -1 -3 -4 -3 -5 -5 -1 -4 -6  8  0 -1 -6 -3 -4    0   1   1   4   0   2   0   0   0   0   0   4   0   0  75   8   3   0   1   0  1.87 0.39
  273 K   -2  1 -2 -3 -5 -1 -1 -4 -3 -5 -5  7 -4 -5 -3 -2 -3 -5 -4 -4    1   4   0   0   0   0   0   0   0   0   0  95   0   0   0   1   0   0   0   0  1.62 0.40
  274 P   -1 -1  0 -1 -3  2  0 -2 -2 -4 -4  3 -3 -4  3  4 -1 -4 -3 -3    1   0   2   1   0   8   5   0   0   0   0  24   0   0  13  46   0   0   0   0  0.57 0.18
  275 S   -1  1  2 -1 -3  1  1 -2 -1 -3 -3  4 -2 -3 -2  2 -1 -3  0 -3    1   1  14   0   0   5   6   0   0   0   0  46   0   0   0  23   0   0   3   0  0.44 0.11
  276 K   -1  1  0  0 -4  4  2 -2  0 -3 -3  4 -1 -4 -1  0 -1 -3 -2 -3    0   0   0   0   0  36  15   0   0   0   0  49   0   0   0   0   0   0   0   0  0.54 0.04

                      K         Lambda
Standard Ungapped    0.1379     0.3232
Standard Gapped      0.0555     0.2670
PSI Ungapped         0.1806     0.3151
PSI Gapped           0.0555     0.2670
