
Last position-specific scoring matrix computed, weighted observed percentages rounded down, information per position, and relative weight of gapless real matches to pseudocounts
           A  R  N  D  C  Q  E  G  H  I  L  K  M  F  P  S  T  W  Y  V   A   R   N   D   C   Q   E   G   H   I   L   K   M   F   P   S   T   W   Y   V
    1 M   -4 -5 -6 -7 -5 -4 -6 -6 -5  0  0 -5 11 -3 -6 -5 -4 -5 -5 -3    0   0   0   0   0   0   0   0   0   3   5   0  92   0   0   0   0   0   0   0  2.86 0.85
    2 T    4 -3  1 -1  0 -2 -1 -2 -3 -1 -3 -2 -2 -4  0  1  3 -5 -4 -2   47   0   6   2   2   1   4   1   0   3   0   2   1   0   3   9  19   0   0   0  0.56 0.33
    3 D    0 -2  3  3 -3  3  2 -3  0 -2 -2 -1 -1 -2 -3  1 -1 -4 -2 -1    9   0  14  19   0  14  14   0   2   3   2   2   2   2   0  10   3   0   0   4  0.33 0.21
    4 D   -3 -4  1  7 -5  0 -1 -2 -4 -5 -5 -2 -5 -6  1  0 -1 -6 -5 -3    2   0   5  67   0   3   2   2   0   0   0   1   0   0   6   5   3   0   0   2  1.34 0.52
    5 K   -1  3 -1  0 -4  2  1 -3 -2 -4 -3  2  2 -2 -2  2  0 -3  2 -3    5  17   2   4   0   8   9   0   0   0   1  13   7   1   1  19   5   0   8   1  0.33 0.25
    6 D    1 -3  0  3 -5 -1  5 -4 -3 -5 -5 -2 -5 -6 -3  2  0 -6 -5 -4   11   0   5  18   0   1  44   0   0   0   0   1   0   0   0  14   4   0   0   1  0.94 0.49
    7 V    1 -5 -6 -6 -2 -3 -5 -6 -6  5  1 -5 -2 -3 -5 -4 -3 -5 -4  4   10   0   0   0   1   1   0   0   0  40  11   0   0   1   0   1   1   0   0  35  1.09 0.49
    8 L   -1  4 -1 -4 -1  3 -2 -4 -2 -2  2  1  1 -3  1  0 -2 -5 -4 -2    4  25   2   0   1  13   0   0   1   2  19  10   4   1   8   6   2   0   0   1  0.40 0.30
    9 R   -3  6 -2 -1 -6  3  1 -4  0 -6 -5  3 -5 -6 -5 -1 -4 -6 -5 -6    1  44   1   4   0  15   7   1   2   0   0  20   0   0   0   5   0   0   0   0  1.15 0.55
   10 D    0  2 -2  0 -1  0  1 -3  0 -2  1  2  0 -2 -3  0  0 -1  1 -2    9  10   0   6   2   4  12   1   2   1  17  15   2   1   0   5   6   1   5   1  0.15 0.16
   11 V   -2 -5 -6 -6 -2 -5 -5 -6 -4  4  3 -5 -1 -3 -5 -4  0 -5 -4  5    2   0   0   0   1   0   0   0   0  22  26   0   1   0   0   1   6   0   0  41  0.99 0.46
   12 W   -8 -4 -9 -9 -7 -7 -8 -8 -7 -8 -7 -8 -7 -1 -9 -8 -8 13 -3 -8    0   1   0   0   0   0   0   0   0   0   0   0   0   2   0   0   0  96   0   0  4.98 1.44
   13 F   -1 -2  3  4 -5  0  4 -3  0 -4 -4 -1 -3  1 -4  0 -3 -5 -3 -5    6   1  16  21   0   3  31   1   2   0   1   4   1   6   0   7   0   0   0   0  0.70 0.39
   14 G    1 -4 -4 -5 -6 -3 -5  7 -6 -7 -2 -5 -6 -7 -6  0 -4 -6 -6 -6   11   1   0   0   0   1   0  76   0   0   4   0   0   0   0   6   1   0   0   0  1.72 0.70
   15 R    1  4 -1 -4  0  2 -2 -3  1 -5 -4  2 -2 -5 -4  2  1 -5 -2 -3   13  26   2   0   2   8   1   1   3   0   0  14   1   0   0  17  10   0   1   1  0.58 0.38
   16 I   -5 -6 -7 -7 -5 -6 -7 -7 -7  6  3 -6 -1 -3 -6 -6 -4 -6 -5  4    0   0   0   0   0   0   0   0   0  51  21   0   0   1   0   0   0   0   0  26  1.50 0.63
   17 P   -2 -6  3 -5 -7 -5 -5 -4 -6 -7 -5 -5 -7 -8  8 -2 -4 -8 -3 -7    3   0  14   0   0   0   0   1   0   0   1   0   0   0  76   3   1   0   1   0  2.40 0.95
   18 T   -2 -5 -6 -6  0 -5 -6 -5 -6  3  4 -5  0 -2 -6 -4  0 -5 -4  4    2   0   0   0   2   0   0   1   0  18  37   0   1   1   0   1   5   0   0  33  0.94 0.47
   19 C   -2  1 -3 -3  6  4  3 -5  3 -3 -3  1 -1 -4 -4  0 -2 -5  0 -2    3   7   0   1  19  18  18   0   6   1   3   8   1   0   0   8   2   0   3   3  0.65 0.41
   20 F   -5 -7 -7 -7 -5 -7 -7 -7 -6  6 -1 -7 -3  7 -7 -6 -5 -4 -2  2    0   0   0   0   0   0   0   0   0  46   3   0   0  40   0   0   0   0   0  10  1.78 0.72
   21 T   -2  2  0 -2  0  1 -1 -4  4 -2 -2 -1  0 -4 -4  2  4 -1 -3  0    1  14   4   1   2   8   3   0  10   2   3   2   2   0   0  13  27   1   0   7  0.45 0.35
   22 L   -3 -5 -5 -6 -4 -4 -4 -6  4  1  5 -5  0  0 -6 -5 -4 -2 -1  2    2   0   0   0   0   1   1   0  10   5  59   0   2   3   0   0   0   0   2  15  1.06 0.53
   23 Y    2 -3  2  4 -3 -2 -1 -3  4 -4 -4 -1 -3 -3  0  1 -3 -4  2 -3   20   1  10  24   1   1   3   1  11   0   1   3   0   1   4  11   1   0   6   1  0.55 0.37
   24 Q    0  0 -2  1 -4  2  1 -3 -3 -2 -3  0 -4 -3  5  2 -2 -5 -3 -4    8   4   1   8   0  11   9   2   0   3   3   6   0   1  27  16   1   0   1   1  0.56 0.35
   25 D    0  0  1  3 -4  0  1 -1 -1 -4 -3  0 -2 -4 -2  3  0 -4 -3 -3    7   6   6  18   0   3   9   4   1   0   2   6   1   0   1  28   5   0   1   1  0.40 0.29
   26 E   -2 -3 -1  3 -5  0  6 -2  0 -5 -1 -2 -4 -5  0 -2 -3 -5 -4 -4    2   1   2  17   0   2  53   2   2   1   7   2   0   0   5   2   1   0   0   1  1.02 0.51
   27 I   -1 -3 -2 -2  3 -2 -2 -2 -2  3  1 -2  0  0 -1 -1  0 -3 -2  3    4   1   2   2   8   1   2   3   1  19  15   2   1   3   2   5   5   0   1  22  0.28 0.20
   28 T    1  0 -1 -3 -1 -1 -2 -3  0 -1 -2 -2 -2 -3 -1  2  5 -4 -3  0   10   5   2   1   1   2   1   1   2   3   4   2   1   1   3  17  38   0   1   7  0.52 0.36
   29 E   -1 -2  0  1  1  1  1  0 -1 -2 -2 -1 -2 -1 -1  2  2 -2  1 -1    3   1   4   8   3   5  12   8   1   2   4   2   0   3   2  16  16   0   5   4  0.16 0.16
   30 R   -1  2 -1  2  0  1  0  0  2  0  0  0 -1 -1 -1 -1 -1 -1 -1 -1    2  14   2  14   2   5   4   7   6   6  13   7   0   3   3   4   3   1   1   3  0.09 0.11
   31 E    0 -1  0  1 -3  3  3  0 -1 -2 -3  0 -1 -4  3  1  0 -4 -2 -1    7   1   4   6   0  13  18   6   1   2   2   3   1   0  15   9   4   0   1   4  0.31 0.22
   32 A    1 -3  0 -2  2 -2 -1 -2 -3 -3 -1 -1 -3 -3  6  1  0 -1 -4 -2   15   1   5   2   4   1   3   2   0   1   6   3   0   1  36   9   7   1   0   3  0.64 0.32
   33 E   -2  1 -1  3 -4 -1  4 -3  0 -1 -2  0 -2 -3  3 -1 -1 -4 -2 -2    2   7   2  17   0   1  26   1   2   3   4   6   1   1  14   4   4   0   1   2  0.43 0.26
   34 P   -1 -2 -3 -3  3 -3  0 -4 -4 -3 -3 -3 -3 -3  7  0 -1 -5 -5 -2    4   2   1   1   7   1   5   1   0   1   2   1   1   1  60   6   3   0   0   2  1.45 0.57
   35 Y   -3 -4 -3 -5  0 -4 -3 -5  0 -1 -1 -3 -2  5  0 -2 -3  0  7  0    2   0   1   0   2   0   1   1   2   3   5   2   1  21   6   4   1   1  42   5  1.03 0.46
   36 Y   -1 -4 -1 -5  1 -2 -4 -5  2  1  2 -3 -1  3 -5 -3 -3 -2  7 -1    5   0   4   0   4   2   0   0   4   7  19   1   1   9   0   1   1   0  40   3  0.86 0.43
   37 L    0 -4 -4 -4 -1 -4 -4 -2 -3  4  3 -3  2  0 -4 -2  1 -4 -2  2    9   0   0   0   1   0   0   4   1  25  30   1   4   2   0   1  10   0   1  11  0.46 0.28
   38 L   -1  0  0 -3 -1  2  0 -3 -1  0  1 -2  5  1 -4  1 -1 -4 -2  0    4   6   6   0   1  10   5   0   1   3  15   1  22   5   0  11   3   0   1   5  0.30 0.26
   39 L    2 -4 -4 -5 -1 -4 -4 -4 -4  2  2 -4  0  0 -1 -3 -2 -2  0  4   19   0   0   0   1   0   0   1   0  10  24   0   1   3   4   0   1   1   3  31  0.51 0.31
   40 P   -1 -5 -5 -4 -6 -3 -1 -5  0 -5 -3 -4 -3 -4  8 -1 -4 -1 -1 -5    6   0   0   1   0   1   4   0   2   0   2   0   1   1  74   4   1   1   2   0  2.02 0.73
   41 R   -5  8 -4 -5 -6 -3 -4 -4 -4 -6 -5  0 -5 -5 -3 -3 -4 -5 -1 -5    0  86   0   0   0   0   0   1   0   0   1   3   0   0   1   1   0   0   3   0  2.22 0.79
   42 V   -2 -3  1  0  2 -1 -1 -3  0  2  2 -3  2  2 -4 -2 -2 -3 -1  2    0   0   9   6   6   2   5   1   3  11  20   0   7  10   0   1   0   0   1  15  0.24 0.19
   43 S   -1 -4 -1 -3 -1 -3 -3  1 -4 -1 -2 -3 -4 -4 -4  6  1 -2 -4 -4    3   0   2   0   1   0   0  11   0   4   4   0   0   1   0  64   8   1   0   0  1.01 0.53
   44 Y   -5 -5 -5 -6 -6 -5 -5 -6 -1 -5 -2 -5 -4  1 -6 -3 -5 -2  9 -3    0   0   0   0   0   0   0   0   1   0   4   0   0   4   0   2   0   0  83   2  2.62 0.88
   45 L   -4 -5 -5 -5 -4 -4 -5 -5  2  0  5 -5  1  5 -5 -5 -4 -3 -2 -2    0   0   0   0   0   0   0   0   6   4  61   0   2  23   0   0   0   0   0   0  1.21 0.51
   46 T    1 -4 -4 -4  3 -4 -4 -3 -2 -4 -4 -4 -1 -2  7  0  1  2 -4  0   13   0   0   0   6   0   0   2   1   0   1   0   2   2  49   5   7   2   0   7  1.16 0.49
   47 L   -2 -5 -3 -6 -2 -2 -5 -6 -5  0  6 -5  0  1 -3 -2 -2 -4 -2 -1    3   0   2   0   1   2   0   0   0   4  69   0   1   6   2   4   2   0   1   3  1.03 0.52
   48 V   -2 -4 -5 -5  0 -1 -4 -5  1  1  4 -3 -1  0 -5 -3 -2 -3  4  3    3   0   0   0   2   2   0   0   3   8  39   1   0   2   0   2   2   0  14  20  0.64 0.38
   49 T   -1 -4 -4 -4 -2 -4 -4 -4 -4  1  4 -3  1  1 -4 -2  3 -1  0  1    4   0   0   0   1   0   1   1   0   9  37   1   3   6   0   1  24   1   3   7  0.56 0.36
   50 D   -1 -2 -2  3 -6  0  1 -2 -1 -6 -6 -1 -5 -6  6  0 -2 -6 -5 -5    4   2   2  18   0   3   9   4   1   0   0   3   0   0  45   6   2   0   0   0  1.15 0.56
   51 K   -1  5 -2  0 -5  0  1 -3 -1 -3 -2  4 -4 -2 -3 -1 -2 -5 -1 -2    4  28   1   5   0   4   8   1   1   2   5  27   0   2   1   3   2   0   2   3  0.59 0.38
   52 V   -2 -5 -6 -6  1 -5 -5 -6 -5  5  3 -5  1 -3 -5 -5 -3 -5 -4  4    3   0   0   0   2   0   0   0   0  29  28   0   3   0   0   0   0   0   0  31  1.03 0.49
   53 K   -1  3 -1 -3 -1  0 -2 -3  2  0  1  3 -2 -1 -3  0  0 -4  0 -1    3  16   2   0   1   4   1   1   6   6  16  20   0   2   0   9   5   0   3   4  0.26 0.23
   54 K    2  3 -1 -1 -2  0  1 -3 -3 -4 -2  3 -3 -3  1  1 -1 -5 -4 -2   17  15   3   3   1   4  11   1   0   0   3  19   0   1   6   9   4   0   0   2  0.35 0.29
   55 H   -5 -1  0 -3 -5  1 -4 -5  7 -2 -2 -1 -2  5 -5 -2 -3 -3  5 -3    0   4   4   1   0   6   0   0  24   3   3   3   1  24   0   3   1   0  20   1  1.11 0.57
   56 F   -6 -6 -6 -7 -6 -6 -6 -7 -5 -1  2 -6  0  8 -7 -6 -6 -4  1 -1    0   0   0   0   0   0   0   0   0   3  17   0   2  68   0   0   0   0   3   4  2.08 0.85
   57 Q    0  1  0 -2 -1  2 -1  0  0  0  0  0  1 -3 -2  2 -1 -4 -2  0    6  10   3   2   1  11   3   8   3   4   8   6   4   0   1  17   3   0   1   8  0.12 0.18
   58 K   -1  2  1  2 -1 -1  0 -2  1 -3 -3  2 -4 -4  3  1  0 -5 -1 -3    5  11   8  13   1   2   5   2   4   1   2  11   0   0  14  11   5   0   2   2  0.32 0.28
   59 V    0 -1 -2 -2 -1 -1 -2 -3  2  0  0 -2  0  2  1  1  0 -3  3  1    7   3   2   2   2   2   2   2   5   5   9   1   2   9   8  13   4   0  11  11  0.16 0.20
   60 M   -1 -3 -1 -1  2 -1 -1 -1 -4  2  2 -2  3 -3  0 -1  1 -4 -3  2    5   0   3   3   4   2   3   4   0  13  22   2   8   0   4   3   9   0   0  12  0.21 0.23
   61 R   -1  1  1  1  1  0  1 -3  0  1  0  0 -2  0  0  1  0 -3 -1 -1    4  11   8   7   4   3   9   0   2   9   8   5   0   4   5  11   4   0   2   3  0.08 0.12
   62 Q    0 -1  0  2 -4  1  1  0  1 -2 -2  0 -1 -2  2  1 -1  1 -1 -2    6   3   5  13   0   8   9   6   3   3   2   4   2   2  11  12   3   2   2   3  0.19 0.19
   63 E   -2 -2 -1  3 -3 -1  4 -2 -2  1 -1  0  0 -2  3  0 -1 -4 -3 -2    2   2   2  15   0   2  28   2   0  10   4   4   3   2  15   6   2   0   0   2  0.41 0.24
   64 D    0  0  0  2  0  0  1  0  1 -1 -1  0 -2 -1  1  1  0 -3 -2 -1    5   3   4  17   2   5   7   8   5   5   5   6   0   2   5   9   6   0   0   4  0.10 0.08
   65 I    1 -1  0  1 -2  0  1 -2 -1  0  0  0 -1 -1 -1  0 -1 -1  0  1   14   1   4   9   1   5  11   1   1   6   7   5   1   2   2   7   2   1   5  15  0.06 0.08
   66 S    1  0  1  3 -3  1  2  0  0 -3 -3  1 -2 -3 -1  1 -1 -3 -2 -3   12   3   6  20   0   6  14   5   2   1   2   7   1   1   2  13   2   0   1   1  0.28 0.16
   67 E   -1 -1  1  2 -3  1  3  0  0 -3 -3  1 -2 -3  1  1  1 -3 -3 -3    3   1   7  14   0   5  21   7   2   1   1   9   1   1   7   8   8   0   0   1  0.29 0.17
   68 I   -1 -3 -3 -4 -1 -3 -3 -1 -3  3  0 -3  4  0 -3 -2 -2  7  0  3    5   1   1   1   2   1   1   6   0  16   6   1  11   4   1   2   2  19   2  21  0.61 0.27
   69 W   -4 -4 -5 -5 -4 -4 -4 -4  0 -4 -2 -4 -4 -2 -5 -3 -4 12  1 -4    1   1   1   1   0   1   1   1   2   1   5   1   0   1   1   2   1  76   3   1  3.25 0.82
   70 F   -5 -5 -6 -6 -3 -5 -4 -4 -4 -2  3 -4 -1  8 -6 -5 -5 -3  1 -3    0   0   0   0   0   0   1   1   0   1  26   1   1  63   0   0   0   0   3   1  1.65 0.60
   71 E   -3 -2 -2  2 -5  0  6 -3  4 -5 -5 -2 -4 -5 -4  1 -1 -5 -4 -4    1   1   0  13   0   3  51   2  11   0   0   1   0   0   0  11   4   0   0   1  1.02 0.47
   72 Y   -2 -3 -3 -2  1 -3  0 -3  5 -3 -2 -4  1  5 -4  0 -2 -2  6 -2    2   1   0   2   4   0   6   2  14   0   1   0   5  22   0   9   2   0  28   3  0.79 0.39
   73 E   -2 -2  4  2 -5  1  5 -3 -2 -5 -5  1 -4 -5 -4 -2 -2 -5 -4 -5    2   1  21  10   0   4  47   1   0   0   1   7   0   0   0   2   1   0   0   0  0.97 0.45
   74 G   -2 -3  1  3 -5 -1 -1  6 -1 -6 -5 -1 -5 -5 -3 -2 -1 -5 -5 -5    1   1   7  15   0   3   4  57   2   0   1   4   0   0   1   2   3   0   0   0  1.02 0.43
   75 T   -1 -3 -1 -2 -3  1 -2 -2 -1  2  1 -2  0 -2 -4  0  2 -2 -3  4    3   1   2   2   0   7   1   3   1  11  11   2   1   0   0   6  13   1   0  34  0.32 0.24
   76 P    0 -5 -5 -3 -3  1 -3 -5 -2 -4  1 -4 -4 -5  7 -2 -3 -2 -5 -2    7   0   0   1   1   6   1   0   1   0  14   0   0   0  63   2   1   1   0   3  1.61 0.62
   77 L   -3 -5 -6 -6  1 -5 -6 -6 -6  2  6 -4  2 -3 -6 -4 -3 -5 -4  1    1   0   0   0   3   0   0   0   0   8  73   1   4   0   0   1   1   0   0   9  1.24 0.51
   78 K   -4  4 -3 -4 -6 -1 -2 -4  1 -5 -5  6 -4 -1 -1 -2 -4 -6 -1 -5    1  24   0   0   0   1   1   0   3   0   0  59   0   3   3   2   0   0   2   0  1.34 0.58
   79 W   -4 -4  0 -6  0 -5 -5 -4 -5  0 -1 -4  1 -3 -5 -4 -4 12 -1 -3    1   1   5   0   2   0   1   1   0   5   5   1   3   0   0   1   1  69   1   2  2.86 0.82
   80 H   -5 -4  5 -4 -6 -1 -2 -4  9 -6 -2 -4 -5 -3 -6 -4 -5 -5  4 -6    0   0  25   0   0   2   1   1  49   0   4   0   0   1   0   0   0   0  15   0  1.91 0.70
   81 Y   -5 -5 -4 -6 -5 -5 -5 -6  2  1  2 -5  0  1 -1 -5 -4  8  6 -1    0   0   1   0   0   0   0   0   5   9  23   0   2   4   4   0   0  19  31   3  1.25 0.52
   82 P   -1 -6 -6 -6 -7 -5 -5 -6 -6 -7 -2 -5 -6 -7  8 -1 -3 -8 -7 -6    4   0   0   0   0   0   0   0   0   0   4   0   0   0  86   4   1   0   0   0  2.70 0.90
   83 I   -2 -5 -5 -6 -1 -5 -5 -2 -6  6  1 -5 -1 -1 -5 -4  0 -5 -4  4    2   0   0   0   1   0   0   4   0  43  10   0   1   2   0   1   6   0   0  29  0.94 0.43
   84 G   -1 -6 -4  0 -6 -5 -5  7 -6 -7 -3 -5 -6 -7 -6 -4 -5 -6 -7 -6    3   0   0   5   0   0   0  88   0   0   3   0   0   0   0   0   0   0   0   0  2.13 0.74
   85 L   -2 -5 -6 -6 -4 -5 -5 -5 -6  0  5 -3 -1 -2 -4 -2 -2 -5 -4  5    2   0   0   0   0   0   0   1   0   1  50   2   0   1   1   2   2   0   0  38  1.05 0.49
   86 L   -4 -5 -4 -7 -4 -3 -6 -7 -6  2  6 -6  0 -3 -6 -3 -4 -5 -4  1    0   0   1   0   0   1   0   0   0  11  74   0   1   0   0   2   0   0   0  10  1.37 0.56
   87 F   -2 -2 -4 -3 -2 -4 -4 -5  2 -3 -2 -4 -2  6 -5 -3 -4  0  7  0    3   2   0   2   1   0   0   1   4   1   3   0   1  30   0   1   1   1  43   6  1.37 0.52
   88 D   -5 -5 -1  8 -7 -4 -2 -5 -5 -6 -4 -4 -6 -7 -5 -3 -5 -7 -6 -6    0   0   2  92   0   0   0   0   0   0   2   0   0   0   0   2   0   0   0   0  2.55 0.85
   89 L   -3 -4  0 -4 -1 -2 -4 -5 -2  1  5 -4  0  0 -5  1  0 -4  0 -1    1   0   5   0   1   1   0   0   1   6  59   0   2   3   0  11   6   0   3   1  0.71 0.38
   90 L   -2 -4 -2 -4 -1 -3 -4 -5  5  0  3 -4  1  2 -3 -3 -4 -2  6 -1    3   0   2   1   2   1   0   0  17   4  26   0   4   8   1   1   0   0  27   3  0.83 0.40
   91 A    2  0 -1 -2  5  0 -1 -1  1 -2 -2  0 -1 -2 -1  1  2 -2 -1  0   18   5   1   2  14   4   2   3   4   1   3   5   1   2   3  10  15   0   2   5  0.23 0.17
   92 S    0 -1  1 -1 -2 -1  0  2 -1 -1 -1 -1  0 -2  2  2  0 -3 -2  0    8   2   7   3   0   2   5  19   1   5   4   2   2   1  10  16   5   0   1   6  0.17 0.12
   93 S    0 -2  2  2 -4  2  2 -2 -1 -3  0 -1 -3 -4  1  2 -1 -4 -3 -3    5   1   9  13   0  11  13   2   1   1  10   1   0   0   8  20   3   0   0   1  0.31 0.23
   94 S    0  0  1  1 -3  0 -1 -1  0 -1 -1 -1 -1 -2  4  1  1 -4 -3 -2    8   5   6   8   0   5   3   3   2   4   6   2   1   2  23  14   8   0   0   1  0.31 0.19
   95 A    0 -1 -1  0 -3  1  1 -2  0 -1 -1 -1 -1 -3  3  2  0 -4 -3 -1    7   3   1   5   0   7  10   2   3   4   5   3   1   0  17  21   5   0   0   4  0.28 0.20
   96 L   -2  1 -2 -3 -1  0 -2 -4  0  0  4 -2  0 -2 -3 -1  0 -4 -3  0    2   9   2   1   1   4   3   1   2   3  53   1   1   0   1   4   6   0   0   5  0.47 0.29
   97 P   -3 -5 -5 -5 -1 -3 -2 -5 -5 -2 -4 -4  0 -6  8 -2 -3  2 -6 -1    1   0   0   0   2   1   3   0   0   2   1   1   3   0  74   3   1   2   0   4  2.07 0.72
   98 W   -4 -1 -5  0 -5 -5 -5 -3 -5 -3 -1 -5  0  1 -6 -3 -5 12 -2 -5    2   4   0   6   0   0   0   2   0   2   7   0   3   4   0   2   0  66   0   0  2.67 0.81
   99 N    0  3  3 -1  0  1  0 -3  0 -2 -1  2 -2 -4 -2  0  1 -4 -2 -2    6  19  17   1   2   5   5   1   2   2   7  13   0   0   2   4  11   0   1   2  0.28 0.22
  100 I   -2 -5 -6 -6 -4 -5 -5 -3 -5  4  5 -5  2 -3 -3 -4  0 -5 -4  1    3   0   0   0   0   0   0   2   0  24  53   0   4   0   2   0   5   0   0   7  0.92 0.43
  101 T   -2 -3  0 -2 -1  1  0 -3 -2  1  0 -2 -1 -3 -4  0  5 -5 -2  1    1   0   3   2   1   6   7   1   1   7   7   1   1   1   0   4  47   0   1   9  0.59 0.39
  102 V   -1 -4 -1 -5 -3 -4 -4 -5 -4  2  3 -4  2  0 -4 -3 -2 -4 -3  5    5   0   5   0   0   0   0   0   0   7  31   0   4   4   0   0   0   0   0  43  0.71 0.38
  103 H   -2  1  0  0 -4  0 -2 -1  8 -2 -3  1  0 -3 -3 -1 -3 -4  2 -2    3   8   4   5   0   4   1   5  40   3   3  10   2   0   0   3   0   0   6   3  0.77 0.38
  104 F   -2 -3  0 -3  2  0 -1  0 -2  0  1 -1 -2  5 -4 -1  0 -2  3 -1    1   0   4   0   4   4   4   8   0   4  11   4   0  30   0   5   5   0   9   5  0.34 0.26
  105 K    0  0  1  0 -3  1  0  0  2 -2 -1  0 -2 -2  1  0  0  4  1 -1    6   6   6   6   0   6   6   6   6   0   6   6   0   0   6   6   6   6   6   6  0.11 0.13
  106 S   -1 -2  3  3 -3 -1  0  1 -2 -1 -3  0 -3 -4  1  1  1 -4 -3 -3    3   1  13  20   1   2   7  10   1   5   1   7   0   0   7  13   7   0   1   1  0.32 0.23
  107 F   -1 -4 -3  1 -3 -2 -4  0 -1 -3 -1 -2 -3  5  2 -2 -3  4  5 -2    4   1   1   8   1   1   1   7   1   1   6   2   0  22   9   2   1   6  24   2  0.69 0.38
  108 P   -2 -3 -5 -2 -5 -1 -3 -5 -5 -5 -2 -4 -5 -5  8 -2 -4 -1 -3 -5    3   1   1   3   0   3   2   1   0   1   4   1   0   0  76   2   1   1   1   1  2.16 0.81
  109 E    0 -1 -1  1 -3  0  3 -1 -1 -1 -2 -1  1 -3  0  1  2 -4 -3 -2    9   3   2   9   0   3  21   4   2   4   2   2   5   0   5  13  13   0   0   2  0.25 0.21
  110 K   -2 -1  2  4 -4  0  2  1  0 -4 -4  1 -4 -3 -1  0 -2  2 -4 -3    2   3   8  25   0   4  15  10   2   1   1  10   0   1   3   7   2   3   0   1  0.44 0.28
  111 D   -1 -1 -1  2 -3  1  2 -2  1  0 -1  1  0  0 -1 -1 -1 -3  1  0    3   2   1  15   0   6  13   2   5   7   7  12   2   4   3   4   2   0   6   7  0.15 0.15
  112 L   -2 -4 -3 -3 -3 -3 -4  0 -2  3  4 -4  0 -2 -4 -2 -2 -4 -3  1    2   1   1   1   0   1   1   9   1  19  45   1   2   0   1   4   2   0   0  10  0.62 0.34
  113 L   -2 -2 -4 -4 -3 -3 -3 -3 -3  3  3 -3  3  0  1 -2  0  0 -1  2    2   2   1   1   0   1   2   2   1  20  26   1   9   3   8   2   5   1   2  13  0.42 0.25
  114 H   -1  2 -2 -2 -4  0 -2 -2  4 -1  0 -1 -1 -1  5  0 -2 -4 -2 -2    5  11   2   1   0   4   1   3  12   5  10   3   2   2  26   7   2   0   1   1  0.47 0.29
  115 C   -2 -2 -3  0  6 -3 -3 -2 -4  0  1 -3  1  3 -1 -1  0  3 -1 -1    3   2   1   6  22   1   1   3   0   4  15   1   3  16   3   5   5   4   2   3  0.47 0.28
  116 P   -1 -2  2  4 -2  0  1 -2 -1 -2 -2 -2 -3 -4  3 -1  0 -4  0 -1    6   2  10  24   1   3   8   3   2   2   4   2   0   0  17   3   6   0   3   4  0.40 0.25
  117 S   -1 -2  2  0 -1 -1  0  2 -1 -1 -3 -1 -3 -2 -2  3  2 -4  0 -3    4   1  11   5   1   2   6  16   1   4   1   2   0   2   1  26  11   0   4   1  0.33 0.26
  118 K    0  0 -1  0 -2  0  1  0 -1  0 -1  2 -1 -2  0 -1  1  3 -2  0    6   6   2   5   1   4  12   6   1   5   7  14   2   1   5   2  11   5   1   6  0.10 0.11
  119 D   -2  1  3  4 -4  0  2 -1 -2 -1 -3  0 -2 -4 -3 -1 -2  0  0 -2    3   7  15  29   0   4  13   4   0   5   1   3   1   0   1   4   2   1   3   2  0.46 0.27
  120 A    1 -2 -2  1 -3  0 -1  0 -1  1 -2 -2 -1 -1  0  1  2 -3 -2  2   13   0   0   9   0   6   2   8   1   7   2   1   1   2   3  12  13   0   1  17  0.15 0.16
  121 I    0 -3 -2 -3  3 -1 -3 -2 -4  2  2 -3  3  2 -4 -2 -1 -3 -2  3    6   0   2   1   8   2   1   2   0  13  18   1  10   9   0   1   2   0   0  22  0.40 0.23
  122 E   -2  2  0 -1 -4  3  4 -2  3 -4 -4  3 -3 -4 -3  0 -1  1 -2 -4    3  11   4   1   0  11  30   2   7   0   1  16   0   0   0   6   2   2   1   1  0.58 0.32
  123 A    1 -1 -1  3 -3  0  0 -2  2  0 -3  0 -1 -2 -3  1 -1  4 -2 -1   15   2   1  22   0   5   6   2   5   6   1   5   2   1   0  11   3   7   1   5  0.29 0.22
  124 H    1 -2  1  1 -1 -1  0 -2  6 -2 -2  0  1  0 -3  1  1 -3  1 -1   11   1   5   9   1   1   5   2  22   2   2   4   4   3   0   9   8   0   6   3  0.34 0.23
  125 F   -5 -5 -5 -6 -5 -5 -5 -5 -4  0 -2 -5  2  7 -6 -5 -2  6  4 -2    1   0   0   0   0   0   0   1   0   5   2   0   5  52   0   0   3  12  15   2  1.66 0.60
  126 M   -3 -1  0  0 -2 -1 -2 -5 -4  3  1  0  7 -1 -4 -3 -1 -4 -3  0    0   3   4   6   1   3   2   0   0  18  12   6  32   2   0   0   4   0   0   4  0.66 0.37
  127 S   -1  0  6 -2 -2  2 -3 -1  4 -5 -5  0 -4  1 -4  2 -3 -5 -3 -4    4   4  39   0   1   9   0   4  10   0   1   4   0   7   0  15   0   0   0   0  0.81 0.43
  128 C    0 -3 -2 -3  6  3 -2 -1 -1 -3 -2 -2  1 -1 -4  3  1 -4 -3  0    5   1   2   0  17  14   1   3   2   0   2   1   5   3   0  28   7   0   0   8  0.56 0.36
  129 M   -1 -2 -2 -2  3 -2 -1 -3 -2  2  2 -2  1  0 -2 -2 -1  3  0  1    5   1   1   1   8   1   7   1   0  27  18   1   4   4   1   1   1   5   4  11  0.15 0.06
  130 K   -1  1  1 -1 -3  3  0 -2 -1 -3 -2  4 -2 -3 -1  1 -1 -3 -2 -2    1   1   8   1   0  16   1   1   0   1   2  49   0   1   1  13   1   0   1   1  0.41 0.13
  131 E    1 -1 -1  0 -2  2  4 -2 -1 -2  0  0  1 -2 -2  1 -1 -3 -2 -1   16   0   0   1   0  11  38   1   0   0  12   1   6   0   0  10   1   0   0   1  0.28 0.11
  132 A    4 -3 -3  0  4 -2 -2 -1 -3 -2  0 -3 -2 -3 -3  1 -2 -4 -3  0   52   0   0   6  10   0   0   3   0   0   9   0   0   0   0   9   0   0   0   7  0.56 0.27
  133 D   -1 -2 -1  4  2 -1  2 -2  0 -3 -2 -2  0  3 -3 -1 -1 -2  1 -2    5   2   2  31   5   1  13   2   2   0   2   0   3  19   0   3   3   0   5   1  0.39 0.20
  134 A    0 -3 -1 -4 -1 -2 -3 -3  2  1 -1 -3  0  4 -4 -1 -1  1  5  2    6   0   2   0   1   1   0   1   5   6   2   0   1  19   0   4   3   1  24  22  0.47 0.23
  135 L   -3 -1 -5 -5 -3 -4 -4 -5 -4  4  4 -4  1  1 -4 -3 -2 -4 -3  2    1   3   0   0   0   0   0   0   0  29  42   0   2   5   0   1   1   0   0  14  0.75 0.34
  136 K   -2  5  4 -3 -5 -1 -2 -3 -3 -4 -3  4  1 -5 -4 -2 -2 -5 -4 -4    3  33  19   0   0   1   0   1   0   1   3  32   3   0   0   1   1   0   0   0  0.89 0.43
  137 H   -2 -1  1 -1 -4 -1 -3  4  6 -4 -4 -3  0 -2 -4 -2 -1  2  2 -4    2   3   8   3   0   2   0  36  23   0   1   0   3   1   0   1   3   3   8   1  0.77 0.36
  138 K   -2  2  4 -1 -4  0 -1  3 -1 -4 -4  2 -3 -4 -3  1  0 -4 -3 -4    1  13  24   2   0   2   2  21   1   0   1  14   0   0   0  13   4   0   0   1  0.51 0.28
  139 S    3 -2 -1 -1  3 -2 -2  2 -3 -2 -3  0 -3 -4 -3  3  1 -4 -3 -3   25   0   3   2   6   0   1  14   0   2   1   6   0   0   0  29   9   0   0   1  0.46 0.28
  140 Q   -2  1  1 -2 -5  3  0 -4  1 -4 -2  5 -2 -4 -2 -1 -2 -4 -2 -3    1   5   7   1   0  14   5   0   3   1   4  49   0   0   1   4   1   0   1   1  0.76 0.39
  141 V    0  1  1 -2 -2  2  0 -1 -2  1 -1  1 -1 -3  0 -1  0  1 -2  2    6  10   9   0   0  11   4   3   0   8   4   8   0   0   4   2   5   2   1  20  0.12 0.15
  142 I   -2 -1 -4 -5 -3 -4 -4 -5 -4  5  0 -3  3  1 -4 -3 -1 -1 -2  4    1   3   0   0   0   0   0   0   0  35   6   1   9   5   0   1   3   1   1  32  0.71 0.34
  143 N   -3 -3  4 -2 -4 -1 -2 -4 -2 -2  0 -3  8 -1 -4  0  1 -4 -3 -2    1   1  22   1   0   3   2   0   0   1   7   1  41   3   0   7   8   0   0   1  0.93 0.48
  144 E    0 -1  4  1 -2  1  0  1 -1 -3 -3  0 -3 -3 -3  3  1 -4 -3 -1    6   2  22   6   1   5   3   9   0   1   1   7   0   1   0  23   7   0   0   4  0.33 0.22
  145 M   -4 -4 -5 -5 -4 -4 -5 -2 -4  0  4 -4  8  0 -5 -4 -3 -4 -3 -2    0   0   0   0   0   0   0   3   0   3  46   0  40   3   0   0   0   0   0   0  1.31 0.53
  146 Q   -2  1 -1 -3 -3  3 -2 -2 -2 -4 -3  0  0 -4  1  5  0 -4  0 -2    1   7   2   0   0  18   0   2   0   0   2   4   2   0   7  45   3   0   3   2  0.61 0.38
  147 K   -2  1  0 -1 -4  3  1 -3 -1  0 -3  5  0 -1 -1 -2 -2 -4 -3 -2    3   5   3   3   0  13  10   1   1   6   1  42   2   4   3   1   0   0   0   3  0.53 0.31
  148 K    1  1  0  2 -3  1  1 -2  1 -3 -3  2 -2 -3  1  1  0 -3 -2 -2   10   8   4  12   0   7  10   1   4   1   2  17   0   0   5  10   3   0   0   2  0.25 0.15
  149 D   -2 -2  0  6 -4  1  3 -3  2 -4 -4 -1 -4 -4 -3 -1 -3 -5 -4 -2    2   1   3  50   0   6  19   1   4   0   1   2   0   0   0   4   1   0   0   3  0.97 0.40
  150 H   -1 -1 -2 -2 -2  4 -1 -3  5 -2 -2 -1 -1  1 -3  3  1 -1 -2 -3    2   1   0   0   1  21   2   1  19   2   4   1   1   6   0  23  11   1   0   1  0.52 0.32
  151 K   -1  1  2  2 -3  0  1 -2 -1 -2 -1  2 -1  0 -1  0  2 -3 -2 -1    3   8  10  11   0   4   8   2   1   1   6  16   1   4   2   5  14   0   0   4  0.16 0.13
  152 Q    1  0  0  1 -4  5  2  0 -2 -3 -3  1 -1 -4 -3 -1 -1 -4 -3 -1   10   3   4   6   0  36  12   8   0   1   2   6   1   0   1   2   4   0   0   4  0.48 0.28
  153 L   -2 -4 -4 -4 -3 -2 -4 -3 -4  1  5 -4  3  1 -4 -4 -3 -3  0 -1    4   1   0   1   0   1   1   2   0   5  68   1   6   6   1   1   1   0   3   1  0.89 0.38
  154 W   -5 -5 -5 -6 -5 -4 -5 -5 -5 -2 -2 -5 -2  1 -5 -5 -3 12 -1 -3    1   1   0   1   0   0   1   1   0   2   4   1   1   5   1   1   2  77   1   2  3.30 0.86
  155 M   -1  1  2  1 -3  2  1  0  1 -2 -1  0  1 -3 -2  1  1 -3 -2 -2    4   7  14  10   0   9  12   5   4   1   7   4   5   0   1   9   8   0   0   1  0.18 0.13
  156 G    3 -3 -2 -3  0 -2 -3  4 -2 -4 -4 -2 -3 -4 -3  4 -1 -4 -3 -3   23   1   0   1   2   0   1  30   1   1   1   1   0   0   1  36   1   0   0   1  0.74 0.36
  157 L   -2 -3 -4 -4 -3 -3 -4 -4 -2  3  3 -3  0  0 -4 -3 -1 -3 -2  4    2   1   0   1   0   0   1   1   1  20  29   1   1   4   1   1   3   0   0  33  0.61 0.28
  158 Q   -1  1 -2 -2 -1  3 -1 -3 -1  0  1  1  2 -2 -2  0 -1 -3 -2  2    3   8   1   1   2  20   3   1   2   4  14  11   6   0   1   5   3   0   0  16  0.20 0.17
  159 N    0  1  1  1 -3  1  1 -2  2  0  0  1  1  1 -2  0  0 -3 -1 -1    7   7   7   7   0   7   7   0   7   7   7   7   7   7   0   7   7   0   0   0  0.08 0.11
  160 D   -1  2  1  2 -4  0 -1  1  5 -1 -2 -1 -2 -1 -3 -1 -2 -3  0 -1    3  14   8  14   0   3   3  14  20   3   3   3   0   3   0   3   0   0   2   4  0.32 0.24
  161 R    0  1  1  1 -3  1  1 -2  2 -2  0  1  2 -2 -2  0 -1 -3 -2 -2    9   9   9   9   0   9   9   1   9   0   9   9   9   0   0   9   0   0   0   1  0.15 0.12
  162 F   -1  1 -2 -3  1  1 -1 -1  1  0  1 -1  1  3 -3 -1 -1 -2  2 -1    4  10   0   0   3   9   4   4   3   4  15   3   4  19   0   4   3   0   6   4  0.17 0.17
  163 D    0 -1  0  3 -3  1  1 -1  0 -2 -1  0 -1 -2  2  0 -1 -4 -1 -2   10   3   3  20   0   6  10   5   3   2   5   6   2   2  10   4   4   0   2   3  0.20 0.16
  164 Q    1 -1  0  2 -1  1  0 -1  0 -1 -1  0  0 -2 -1  1  1 -3  1  0   10   2   5  11   1   8   4   5   2   3   5   4   2   0   2  11  11   0   5   8  0.09 0.12
  165 F   -5 -5 -6 -6 -5 -5 -6 -6  1 -4 -1 -5 -4  8 -6 -5 -5  1  6 -2    1   0   0   0   0   0   0   0   3   0   5   0   0  53   0   0   0   2  30   3  1.97 0.78
  166 W   -1  1  2 -1 -1  1 -1 -3  0 -2 -1 -2  1 -1 -4  1  0  9 -1 -3    6   8   9   3   1   6   3   1   3   2   5   2   3   3   0   9   7  26   1   1  0.70 0.40
  167 A    1  4  1 -1 -2  0 -1 -2 -1 -2 -3  2 -3 -4  0  2  0 -4 -2 -2   10  25   6   3   1   3   4   3   1   2   1  12   0   0   4  18   4   0   1   2  0.37 0.28
  168 I   -1 -4 -3 -5 -4 -4 -3 -5 -5  6  0 -3  2 -1 -5 -3 -2 -5 -4  4    4   0   1   0   0   0   2   1   0  41   6   2   5   2   0   2   2   0   0  31  0.94 0.47
  169 N    1 -1  5 -2 -4 -1 -3 -3  3 -2 -3 -1  0 -2 -4  2  0 -4 -2 -2   14   3  32   0   0   2   0   1   7   2   2   3   3   2   0  18   6   0   1   2  0.59 0.39
  170 R    0  2  2  0 -3  2  0 -1  1 -3 -3  1 -1 -4 -1  2  1 -4 -2 -3    8  12  11   4   0   9   6   4   3   1   2   8   1   0   3  18   7   0   1   1  0.25 0.21
  171 K   -2  3 -3 -1 -5  0 -1 -3  0 -1 -3  5  0 -5 -2 -1 -1 -5 -3 -3    3  18   0   2   0   3   4   2   2   5   2  44   2   0   2   5   3   0   1   1  0.75 0.45
  172 L   -5 -2 -6 -6 -5 -5 -6 -6 -2  3  5 -4  1  1 -6 -5 -3 -5 -4  0    0   2   0   0   0   0   0   0   1  16  64   1   2   5   0   0   2   0   0   5  1.23 0.61
  173 M   -3 -1 -4 -2 -1 -1 -4 -4  2  1  2  2  6  0 -3 -3  0 -4 -1  1    1   2   0   3   1   2   0   1   4   6  19  11  25   4   1   1   6   0   2   8  0.54 0.43
  174 E   -2 -2  2  1 -4 -1  3 -2 -1 -3  0 -2 -1 -2  4  0  0 -5 -4 -2    2   2  10   7   0   2  20   2   1   1  11   2   2   2  22   5   5   0   0   3  0.43 0.35
  175 Y    1  1 -1 -1 -1 -1 -1  1  0 -1 -1 -1 -1 -2  2  1  1  0  0 -1   10   7   3   3   1   2   2  14   2   3   6   4   2   1  12  10  10   2   4   3  0.13 0.14
  176 P   -2 -2  1 -2 -1 -2 -1 -2 -1 -1 -3  0 -4 -2  5  0  3 -5  0 -2    3   2   7   2   2   2   3   3   2   4   2   5   0   2  33   5  18   0   4   3  0.64 0.45
  177 A    0 -2  1  1 -2 -1 -1  2 -1 -1 -2 -1 -3 -1  2  2  1 -4 -2  0    6   1   6   7   1   2   2  16   1   4   3   2   0   3  11  16   7   0   1   9  0.18 0.21
  178 E    0 -1  0  3 -3  1  3  0  0 -2 -2 -1 -1 -3  0  0  0 -1 -3 -1    8   3   3  17   0   5  19   7   2   2   4   3   1   1   5   8   5   1   0   5  0.23 0.21
  179 E    0  0  1  2 -3  1  3  0 -1 -1 -2  0 -1 -1 -1  0  0 -3 -1 -2    6   5   6  14   0   7  19   6   1   4   4   4   2   2   3   8   5   0   2   2  0.19 0.17
  180 N   -1 -1  1  2 -3  1  2  0  0 -2 -2  0  0 -2  0  1  0 -3 -1 -1    4   3   8  13   0   7  13   7   2   2   4   5   2   2   5   9   7   0   3   4  0.14 0.12
  181 G    1 -1 -1 -1  1 -1 -1  2 -1 -2 -2  1 -3 -1  3  1 -1 -3  1 -2   10   3   3   3   3   2   2  17   2   2   3   8   0   3  17  11   4   0   5   2  0.26 0.21
  182 F   -1 -3 -4 -3 -4 -4 -4 -4 -4  2  2 -2  1  5 -2 -2  0  0  0  1    6   1   0   2   0   0   1   1   0  13  20   3   3  27   2   3   5   1   2  11  0.51 0.33
  183 R   -3  6 -4 -3 -2 -1 -2 -1  1 -5 -4  4 -2 -3 -5 -1 -3 -5 -5 -2    2  43   0   1   1   3   2   6   3   0   2  27   1   2   0   4   2   0   0   3  1.06 0.62
  184 Y   -2  3  3 -2  0 -2 -3 -3  6 -3 -4  1 -4  0 -2  1 -3 -4  4 -5    3  14  16   2   2   1   0   1  18   1   1   7   0   4   2  12   0   0  13   0  0.69 0.48
  185 I   -3 -5 -5 -5 -1 -5 -5 -5 -5  6  1 -5 -1 -2 -5 -5 -3 -5 -2  4    1   0   0   0   1   0   1   1   0  50   9   0   1   1   0   1   1   0   2  29  1.28 0.54
  186 P   -3 -3 -6 -1 -7 -6 -5 -6 -6  0 -7 -5 -6 -7  8 -1 -5 -7 -7 -6    2   2   0   4   0   0   0   0   0   5   0   0   0   0  80   5   0   0   0   0  2.51 1.01
  187 F   -3 -2 -5 -2 -1 -5 -5 -6 -5  3  2 -5  0  3 -2 -3 -3  2 -1  4    1   2   0   2   1   0   0   0   0  20  21   0   2  13   2   2   0   3   1  29  0.68 0.38
  188 R   -5  8 -5 -5 -7 -3 -1 -6  0 -1 -6  2 -1 -6 -6 -4 -5 -6 -5 -2    0  73   0   0   0   0   4   0   2   4   0   9   2   0   0   1   0   0   0   3  1.93 0.82
  189 I   -3 -2 -5 -2  1 -5 -5 -6 -5  5  3 -5 -1  1 -1 -5 -4 -5 -4  3    1   2   0   3   3   0   0   0   0  31  32   0   1   6   3   0   0   0   0  16  0.83 0.42
  190 Y   -3 -6 -6 -7 -6 -5 -6 -4  3  0 -1 -3 -5  2 -6 -4 -2 -3  9 -3    3   0   0   0   0   0   0   1   7   5   5   2   0   6   0   1   3   0  63   2  1.94 0.82
  191 Q   -2 -1 -1 -2 -1  2 -3 -4  0  2  3 -1  0  0 -3 -2 -2 -3  0  2    3   4   3   2   2   9   1   1   3   9  32   3   1   4   1   3   1   0   3  16  0.29 0.23
  192 T   -1  1  0 -2 -3 -1 -2 -1 -2 -1 -2 -1 -3 -4  6  0  1  3 -2 -3    4   9   4   2   1   3   3   5   1   5   3   3   1   0  34   6   9   4   1   2  0.61 0.36
  193 T   -1 -1  0  0  0 -1 -1  1  0  0 -1 -1 -1 -2 -1  2  2 -1 -1 -1    3   3   5   6   2   2   2  11   3   5   7   2   2   2   3  20  15   1   2   4  0.14 0.14
  194 T    0 -1 -1  1 -2 -1 -1 -1  0  0 -1 -1 -1  0  2  2  1 -3 -1  1    9   4   3   8   0   3   3   3   3   7   5   2   1   4  10  15  10   0   1   9  0.11 0.11
  195 E   -1 -1  2  4  1  0  1 -1 -1 -3 -2 -1 -1 -4  2  1 -1 -4 -1 -3    4   3   9  22   3   5  11   5   2   1   5   3   2   0   9  10   4   0   2   1  0.29 0.22
  196 R   -1  1  0  1  0  1  2  1  0 -1 -2  1 -1 -1 -1  0  0  3 -2 -2    3  10   4   7   2   6  13  11   2   5   3   8   1   3   2   8   5   4   1   2  0.13 0.13
  197 P   -2  1 -3  3  0 -2 -1 -3 -3 -2 -3  3 -4 -5  5 -2  0 -6 -3 -3    3   7   1  14   2   2   3   2   1   2   3  16   0   0  32   2   7   0   1   2  0.74 0.45
  198 F   -2 -1 -2 -5  0 -3 -5 -5 -1  1  1 -2  0  5 -1 -4 -2 -3  3  4    3   3   2   0   2   1   0   1   1   6  10   2   2  25   3   0   2   0   8  28  0.65 0.39
  199 I   -4 -2 -4 -5 -3 -3 -6 -7 -4  6  2 -2  2 -3 -5 -4 -2 -6 -3  4    0   2   1   0   0   1   0   0   0  42  16   2   4   1   0   1   2   0   1  25  1.08 0.55
  200 Q    0  1  1  1 -3  1  1 -2  2 -1 -1  1  1 -2  1  0  0 -3 -2  0    7   7   7   7   0   7   7   0   7   0   7   7   7   0   7   7   7   0   0   7  0.11 0.12
  201 K    0  1 -1  0 -1 -1  0 -1 -1 -1  0  1 -1 -1  2  1  0  0  2 -1    8   7   3   4   1   2   4   3   1   2   8  10   2   2  10  10   5   1  12   5  0.10 0.13
  202 L   -2 -1 -2 -4 -1  0 -2 -4 -1  2  3 -3  0  0  3 -2 -1 -4 -3  0    3   4   2   0   1   5   2   0   2  10  33   0   2   4  17   3   4   0   0   6  0.37 0.29
  203 F   -1 -2  2 -4  2  0 -3 -4  1  3 -1 -3  1  3 -4 -1  0 -4 -1  3    4   2  11   0   5   5   0   0   4  16   3   0   3  12   0   5   5   0   2  24  0.34 0.31
  204 R    1  3  0 -1 -1  0  0 -2 -1 -4 -3  2 -3 -4  3  1  0 -4  0 -2   11  20   3   2   1   4   4   3   1   0   2  12   0   0  16  10   4   0   3   2  0.37 0.30
  205 P   -1 -3 -2 -2 -5 -4 -2 -5  2 -1 -3 -4 -5 -1  7 -1 -2 -6 -2 -2    4   1   2   2   0   0   2   0   4   4   2   0   0   3  63   4   3   0   1   3  1.57 0.75
  206 V   -2  0 -2 -1 -1  0  0 -3  0  1  1 -1  0  0 -2  0  0 -1  1  3    2   4   1   3   1   4   6   2   2   9  12   4   3   3   2   7   6   1   6  24  0.13 0.16
  207 A    0 -1  1  2 -3  1  1 -1  1 -1 -1  0 -1 -2  0  1  1 -4 -3 -1    7   2   8  10   0   5   9   5   4   4   8   6   2   2   4  11   9   0   0   4  0.10 0.12
  208 A    0 -2  0  3 -4 -1  3 -1  0 -2 -3 -1 -4 -5  2  1  0 -1 -4 -2    7   1   4  21   0   2  20   4   2   2   3   3   0   0   9  10   6   1   0   3  0.37 0.30
  209 D   -1 -2  3  4 -5  1  2 -1  0 -5 -3 -1 -4 -5 -1  2  0 -5 -2 -4    4   2  13  24   0   5  15   5   2   0   2   3   0   0   2  13   7   0   1   0  0.49 0.35
  210 G   -2  2  0 -2 -5 -1 -2  5 -2 -4 -4  0 -2 -5 -1  1 -1 -5 -4 -4    1  11   5   2   0   3   3  47   1   1   1   5   1   0   4   9   4   0   0   1  0.73 0.44
  211 Q   -2  1  0  0 -2  4  2 -2  1 -3 -3  3 -2 -4 -2  1  0 -4 -1 -3    2   7   3   4   1  22  13   2   3   1   2  16   1   0   1  11   7   0   2   1  0.43 0.34
  212 L   -1  1 -2 -3  2  0 -1 -2 -1 -1  0 -1 -2 -2  5 -1 -1 -4  1  0    6   7   2   1   5   4   4   3   1   4  10   3   1   1  31   4   4   0   5   7  0.45 0.32
  213 H   -2  1  0 -3 -1  5 -1 -3  3 -2 -2  1  0  2 -2 -3  1 -4  0 -1    3   6   4   1   1  26   3   2   7   3   4  10   2   9   2   0   9   0   3   4  0.38 0.34
  214 T   -3 -2 -2 -3 -5 -3 -5 -5 -5 -3 -2 -1 -4 -6 -5  1  7 -6 -5 -3    1   2   1   2   0   1   0   0   0   1   5   3   0   0   0   9  72   0   0   1  1.65 0.86
  215 L   -4 -5 -6 -6 -5 -5 -6 -6 -6  2  6 -6  0 -1 -2 -5 -4 -5 -3  1    1   0   0   0   0   0   0   0   0   9  73   0   1   2   2   0   0   0   1   8  1.38 0.65
  216 G    0  1  0 -4 -2  1 -1  5  0 -3 -3  0 -4 -2 -4  0 -3 -5 -3 -4    6   9   4   0   1   6   3  48   3   1   3   5   0   2   0   7   1   0   1   1  0.72 0.42
  217 D   -1 -2  1  5 -1  2  1 -2  4 -4 -5 -2 -2 -5 -2  0  2 -5 -2 -4    4   1   6  31   1  11   7   2   9   1   0   2   1   0   1   7  15   0   1   0  0.63 0.41
  218 L    4 -4 -5 -5 -1 -4 -4 -4 -2  0  2 -4  2  2 -4 -2 -2 -4  0  2   37   0   0   0   1   0   0   0   1   5  23   0   5   7   0   1   1   0   3  14  0.63 0.42
  219 L   -4 -5 -6 -7 -5 -2 -6 -7 -6  2  6 -6  2 -1 -6 -5 -3 -5 -4  0    1   0   0   0   0   2   0   0   0  10  72   0   5   2   0   0   1   0   0   6  1.39 0.65
  220 K   -1  2  2  0 -4  1  1 -2  4 -3 -3  3 -2 -3 -4  1 -1 -5 -2 -3    5   9  12   5   0   5   8   2  11   1   2  19   1   1   0  13   4   0   0   2  0.38 0.29
  221 E    0 -1  0  1 -3  1  2 -2 -1 -1 -1  1 -2 -3 -3  2  2 -2 -1 -2    8   3   3   6   0   6  17   1   1   3   5   7   1   1   1  18  16   1   2   1  0.25 0.25
  222 V   -1 -2 -3 -4  0 -1 -1 -5  4  2  3 -4  2 -1 -3 -2 -1 -1 -1  2    4   1   1   0   2   3   5   0  10  10  34   0   5   2   1   2   4   1   1  13  0.43 0.31
  223 C   -2 -4 -3 -4  2 -3 -5 -5 -2  1  4 -4  2  2 -3 -2 -2 -4  1  0    3   1   1   1   4   1   0   0   1   7  49   0   4   9   1   3   2   0   5   7  0.66 0.39
  224 P   -2 -1  0 -1 -6  0 -4 -2  1 -1 -3  0  1  0  6 -2 -1  2  0 -5    3   3   4   3   0   4   0   3   3   4   3   6   4   4  41   3   4   3   3   0  0.82 0.55
  225 S   -1  0  0  1  1  1  1  0  1 -1  0 -1  0  0  1  0  0 -3  0 -1    4   6   4   7   3   8   8   6   3   3   8   3   3   5   7   6   7   0   4   3  0.06 0.08
  226 A    1 -3  1 -1  0  0 -1 -3 -3  1  2  0 -1  1 -2  0 -1  0  0  0   12   0   7   3   2   4   4   0   0   7  27   5   1   5   2   8   3   1   4   4  0.14 0.19
  227 I   -2 -1 -1 -1  0 -2 -2 -3  0  1  0 -3 -1  6 -1 -1 -2 -3  1  0    4   4   3   3   2   2   2   3   2   8   7   2   1  40   4   4   2   0   3   6  0.61 0.39
  228 D   -1 -1  0  1 -1  0 -1 -2  0 -2 -1 -2 -2  0  4  1  1 -4 -1 -2    4   3   5   9   2   4   4   3   3   2   6   1   1   5  23  13   8   0   2   3  0.32 0.26
  229 P    0 -2  1  0 -3 -1  0 -1 -1 -1 -2  0 -3 -4  3  3 -1 -4 -4 -1    8   2   6   5   0   3   6   5   1   4   4   5   0   0  17  25   2   0   0   6  0.33 0.29
  230 E    0  0  0  0  2  1  0  0  1  0 -1  0 -1  0  1  0  0 -3 -1  0    6   6   6   6   6   6   6   6   6   6   6   6   0   6   6   6   6   0   0   6  0.04 0.07
  231 D   -1  2  0  2  0  0  1  0  0 -1 -1  0 -1 -1  1  0  0 -3 -1 -1    5  11   4  11   2   3  10   7   2   3   5   6   2   3   7   5   6   0   2   5  0.09 0.10
  232 G    0 -1  1  1  0  0  0  0  1  0 -1  0  1 -1  0  1  1  1 -2 -1    6   2   7   8   2   2   7   7   4   5   6   6   4   2   3  15   8   2   0   5  0.06 0.10
  233 E    0  0  0  0 -1  1  1 -1 -1 -1 -2  0  0 -2  4  0  1  0 -1 -2    9   4   5   4   1   6  11   4   1   3   3   4   2   2  18   6   9   1   3   2  0.24 0.23
  234 K   -1  0  0  0 -1  0  2 -1 -1  0 -1  2 -1 -1  0  1  0 -4 -2  0    4   3   4   4   1   4  17   4   1   6   5  15   1   2   4   9   4   0   1   8  0.14 0.18
  235 K   -1  0  0  0 -4 -1 -1 -2 -1  2  2  1  0 -2  0 -1  0 -4 -1  0    3   5   5   5   0   3   4   2   1  15  23  10   2   1   5   4   5   0   2   5  0.15 0.18
  236 N    3 -2 -1 -2 -1 -3 -2 -1 -1 -1 -2  1 -2  1 -1 -1 -1  2  1  1   31   2   3   2   1   0   2   5   1   3   4  11   1   5   2   3   4   3   5  11  0.27 0.28
  237 Q   -2  2  0 -2 -1  3  0 -1  0 -2 -1  2 -1  1 -4 -1  0 -4  2 -1    2  11   3   2   2  16   5   4   2   2   7  14   2   6   0   4   6   0   8   4  0.26 0.26
  238 V    0 -2 -2 -2  3 -2 -2 -2 -2  1  0 -2 -1  2  2  0  1 -1  2  1   10   0   0   0   9   0   1   1   0  10  10   1   0   9  10  10  10   0   9  10  0.15 0.10
  239 M   -1  2 -2 -3 -2 -1 -2 -3  0  2  2  0  1  0 -2 -2 -1 -2  0  2    1  17   0   1   0   3   1   1   2  14  19   4   5   4   1   1   3   0   4  21  0.16 0.09
  240 I    0 -2 -2 -2  2 -2 -2 -2 -2  3  1 -2  1  0 -2  0  2 -2 -2  2    4   1   1   1   7   1   1   1   0  26  13   1   4   3   1   9  16   0   0  11  0.19 0.10
  241 H   -3 -1  2 -2 -4  5 -1 -3  8 -4 -4 -1 -3 -3 -3 -2 -2 -3 -1 -4    1   0   9   0   0  31   1   1  52   0   1   1   0   0   0   1   1   0   0   1  1.27 0.36
  242 G   -1 -3 -1 -2 -3 -2 -2  6 -3 -4 -4 -2 -3 -3 -2  0 -2 -3 -3 -3    1   1   1   1   0   1   1  79   0   1   1   1   0   1   1   9   1   0   0   1  1.13 0.22
  243 I    1 -3 -3 -3 -2 -2 -3 -2 -3  4  1 -2  1 -1 -3 -1  0 -3 -2  3   13   0   0   1   0   0   1   3   0  41   4   1   3   0   0   3   3   0   0  26  0.35 0.14
  244 E   -1 -1 -1  1  1  0  2 -2  0  0 -1 -1  1 -2  1  0  0 -3 -2  1    4   2   2  10   4   3  22   2   2   6   5   2   6   1   8   4   3   0   1  13  0.12 0.09
  245 P    0 -1 -3 -3  1 -2 -3 -3 -3  2  1 -2  0 -2  4 -1 -1 -3 -2  3    5   3   0   0   3   0   1   1   0  12  14   1   2   0  25   4   2   0   0  26  0.44 0.17
  246 M   -2 -3 -3 -2 -2 -2 -2 -3  1 -2  0  0  0 -3  7 -1 -3 -5 -3 -4    2   1   1   2   1   1   1   1   3   3   9   6   3   1  59   4   0   0   1   1  1.31 0.46
  247 L   -1 -2 -3 -3 -3 -1 -2 -3  2  0  3 -3  3  2  1  0 -2  0 -1 -1    3   1   1   1   0   2   2   2   5   2  40   1  10  10   6   7   2   1   1   1  0.36 0.23
  248 E   -2 -1  1  4 -4  0  4 -1  1 -2 -4 -1 -3 -4 -3  1  0 -4 -3 -3    2   2   7  26   0   3  30   4   4   3   1   1   0   0   0   9   5   0   1   1  0.55 0.27
  249 T    3 -3 -2 -2 -1 -1 -1 -3 -3  1 -1 -2  1 -3 -3  1  4 -4 -3  0   25   0   0   1   1   1   4   1   0   9   5   2   3   0   0   7  32   0   0   7  0.42 0.27
  250 P   -2 -3  0  0 -5  1  1 -4  0 -3 -3 -3 -4 -5  7  1 -2 -5 -4 -3    2   1   4   4   0   7  11   0   2   1   3   0   0   0  51   9   1   0   0   2  1.16 0.45
  251 L   -2 -4 -5 -5 -2 -4 -4 -5 -4  3  4 -4  4  2 -1 -4 -1 -3 -2  1    2   0   0   0   1   0   0   0   0  15  43   0  14   9   3   0   3   0   0  10  0.71 0.32
  252 Q    1 -1  0  0 -2  3  2 -1 -1  0  0 -1 -2  0  0  0 -1  0 -1 -1   11   2   4   5   0  21  12   3   1   6   9   1   0   5   3   8   1   1   1   3  0.16 0.16
  253 W   -4 -5 -2  1 -6 -4  3 -4 -3 -4 -4 -3 -5 -1 -6 -1 -3 11  1 -6    1   0   2   7   0   0  19   1   1   1   2   2   0   2   0   4   1  54   4   0  2.16 0.71
  254 L   -1 -5 -5 -6  2 -4 -5 -6 -5  2  5 -5  4 -2 -5 -4 -2 -4 -4  3    6   0   0   0   4   0   0   0   0   8  53   0  10   0   0   0   1   0   0  18  0.90 0.40
  255 S    0 -4  0 -4 -1 -3 -4  1 -3 -2 -3 -4  4 -1 -4  3 -2  4  4  1    7   0   6   0   1   1   0  12   0   1   1   0  11   1   0  27   1   7  16  11  0.55 0.36
  256 E    0  4  2 -2 -5  1  3 -3 -1 -3 -3  1 -4 -3  0 -1 -2 -5  0 -3    8  25  12   1   0   6  23   0   1   1   2   7   0   1   4   2   2   0   3   1  0.50 0.30
  257 H   -2 -1  4 -1  5  0  1 -1  6 -2 -2 -2 -2 -4 -4 -1 -2  2  0 -3    2   2  22   3  11   4  10   4  20   3   5   1   1   0   0   3   2   3   3   1  0.57 0.32
  258 L    1 -4 -4 -5  0 -4 -4 -2  0 -2  3 -4  4  4  0 -1 -2 -4 -2 -2   15   0   0   0   2   0   0   3   3   0  37   0  11  16   4   6   1   0   0   1  0.55 0.34
  259 S    3  0 -3 -4  4 -3 -3 -2 -4 -3 -2  0  2 -3 -3  4 -1 -5 -4 -2   27   5   0   0   9   0   0   1   0   1   2   6   6   1   0  37   1   0   0   2  0.65 0.39
  260 Y   -4 -5  2 -5 -1 -4 -5  1  4 -5 -5 -5 -4  3 -6  0 -4 -2  8 -5    1   0   9   0   1   0   0  10  10   0   0   0   0  10   0   7   0   0  51   0  1.45 0.59
  261 P    3 -5 -5 -5 -1 -3 -4 -2 -5 -2  0 -4 -4  0  7 -3 -2 -6 -5 -3   22   0   0   0   1   1   0   3   0   3  10   0   0   5  52   1   1   0   0   1  1.29 0.52
  262 D   -1 -5 -1  8 -7 -3  1 -5 -4 -6 -7 -4 -6 -7 -5 -3 -1 -8 -6 -6    5   0   1  81   0   0   8   0   0   0   0   0   0   0   0   0   4   0   0   0  2.04 0.68
  263 N   -1  0  5 -3 -1 -2 -3  5  2 -6 -5 -3 -2 -2 -5 -2 -3 -5  1 -5    5   5  31   0   1   1   0  43   5   0   0   0   1   1   0   1   1   0   5   0  0.97 0.41
  264 F   -6 -6 -7 -7 -1 -6 -7 -7 -5 -3 -4 -7 -4  8 -7 -6 -6  9  3 -3    0   0   0   0   1   0   0   0   0   1   0   0   0  61   0   0   0  27   8   2  2.40 0.71
  265 L   -2 -5 -6 -6 -4 -5 -6 -6 -6  1  6 -5  0 -3 -6 -5 -3 -5 -4  2    2   0   0   0   0   0   0   0   0   5  77   0   1   0   0   0   1   0   0  14  1.32 0.48
  266 H   -2 -2  2 -3  3 -3 -4 -3  9 -6 -5 -4 -5 -3 -5  1 -4 -4  4 -5    2   1   8   1   7   0   0   1  53   0   0   0   0   0   0  10   0   0  17   0  1.68 0.56
  267 I   -3 -5 -6 -6 -4 -5 -5 -6 -6  6  2 -5  1 -1 -5 -5 -3 -5 -3  4    0   0   0   0   0   0   0   0   0  45  18   0   3   2   0   0   0   0   0  31  1.13 0.40
  268 S    0 -5 -4 -5  7 -4 -4 -2 -5  2 -2 -4 -1 -2 -4  1  0 -5 -4  4    5   0   0   0  28   0   0   2   0  11   0   0   1   1   0  12   6   0   0  32  0.90 0.37
  269 I   -2 -5 -5 -6 -3 -5 -5 -6 -5  4  2 -5  1 -3 -5 -4 -3 -5 -4  5    2   0   0   0   0   0   0   0   0  27  17   0   4   0   0   0   0   0   0  50  1.07 0.37
  270 I   -2 -3 -5 -5 -3 -3 -5 -5 -5  4  2 -4  1 -1 -5 -3 -1 -4 -3  5    1   1   0   0   0   1   0   0   0  27  18   0   3   2   0   1   2   0   0  45  0.85 0.32
  271 P   -1 -4 -2 -1 -5 -3 -3 -1 -2 -3 -5  0 -4 -5  8  0 -3 -5 -1 -4    3   0   1   4   0   0   0   4   1   2   0   5   0   0  70   7   0   0   3   0  1.66 0.38
  272 Q    0  2 -2 -2 -3  3  1 -3 -2  0 -2  3 -2 -3  2 -1  0 -4 -3 -1    9  14   0   0   0  20   5   0   0   6   3  24   0   0   9   0   6   0   0   5  0.33 0.14
  273 P   -1 -3 -2 -2 -3 -1 -2 -2 -3 -4 -2 -1 -3 -4  5  4  1 -5 -4 -3    0   0   0   0   0   1   0   0   0   0   3   2   0   0  36  52   6   0   0   0  0.98 0.26
  274 T    0 -1  0  1 -2 -1 -1 -2 -2 -2 -2  1 -2 -3 -2  3  4 -4 -3  0    3   0   1   8   0   0   0   0   0   0   3   9   0   0   0  33  38   0   0   5  0.41 0.14
  275 D   -3 -2  0  7 -5 -1  2 -2 -2 -4 -5 -2 -4 -5 -2 -1 -2 -5 -4 -4    0   0   0  92   0   0   8   0   0   0   0   0   0   0   0   0   0   0   0   0  1.37 0.19

                      K         Lambda
Standard Ungapped    0.1381     0.3215
Standard Gapped      0.0475     0.2670
PSI Ungapped         0.1540     0.3127
PSI Gapped           0.0475     0.2670
