
Last position-specific scoring matrix computed, weighted observed percentages rounded down, information per position, and relative weight of gapless real matches to pseudocounts
           A  R  N  D  C  Q  E  G  H  I  L  K  M  F  P  S  T  W  Y  V   A   R   N   D   C   Q   E   G   H   I   L   K   M   F   P   S   T   W   Y   V
    1 M   -2 -3 -3 -4 -3 -2 -3 -4 -3  0  1 -3  9 -1 -4 -3 -2 -3 -2  0    0   0   0   0   0   0   0   0   0   0   2   0  98   0   0   0   0   0   0   0  1.35 0.27
    2 A    5 -2 -2 -2 -1 -2 -1 -1 -3 -2 -2 -2 -2 -3  2  1 -1 -4 -3 -1   77   0   0   1   0   0   1   0   0   0   0   0   0   0  12   7   0   0   0   2  0.65 0.17
    3 G    2 -2 -1 -1 -2 -2 -1  3 -2 -1  1 -2 -1 -2 -2  0  0 -3 -2 -1   28   0   1   3   0   0   4  24   0   0  28   0   0   0   1   4   7   0   0   0  0.22 0.09
    4 L   -1 -1 -1  0  2 -1 -2 -2 -1 -1  0 -2  2  2  1  1  0 -2  1  0    1   3   0   7   7   1   0   0   1   1   7   0  12  16   7  19   7   0   6   5  0.12 0.07
    5 K   -1  2 -1 -2 -3  0 -1  3 -2 -4 -3  3 -2 -4  2  1  0 -4 -3 -3    0  11   0   0   0   0   0  27   0   0   0  34   0   0  11  12   5   0   0   0  0.45 0.12
    6 R   -1  5 -1 -2 -3  0 -1 -2  0 -2  0  1 -1 -2  1  1 -1 -3 -2 -2    1  50   1   0   0   2   0   2   1   2  11   2   0   1   8  19   1   0   0   0  0.44 0.14
    7 R   -1  3 -1 -2 -3  1 -1 -2 -1 -3 -3  0 -2 -2  1  2  3 -3  1 -2    0  29   0   0   0   5   0   1   0   0   0   1   0   0   6  23  27   0   7   0  0.40 0.14
    8 A   -1  3  0  1 -3 -1 -1 -1  1 -2 -2  0 -2 -1  5 -1 -2 -2  2 -1    4  26   3  10   0   0   1   3   3   0   1   0   0   3  30   0   0   0  11   5  0.49 0.12
    9 S    4 -1 -2 -2  0 -1 -1  0 -2 -2 -2 -1 -2  0  0  2 -1 -3 -2 -1   60   2   0   0   1   1   0   2   0   0   1   0   0   5   3  24   0   0   1   0  0.47 0.16
   10 Q   -2 -1 -1 -2 -3  4  1 -3  1 -1  0  1 -1 -3  5 -1 -2 -3 -2 -1    0   0   1   0   0  30   6   0   3   2  14   7   0   0  32   2   0   0   0   3  0.58 0.14
   11 V    1 -2 -1 -2  2 -1 -2 -2  1  0 -2 -1 -1  0  3  2  1 -2  2  0   12   0   0   0   5   1   0   0   5   9   0   0   0   3  15  28   9   0   9   3  0.25 0.09
   12 W   -4 -4 -5 -6 -4 -4 -4 -4 -4 -4 -3 -5 -3 -1 -5 -4  0 12  0 -4    0   0   0   0   0   0   0   0   0   0   0   0   0   0   0   0   7  93   0   0  3.30 0.41
   13 P   -2  1 -1  3 -4  0  4 -3 -2 -4 -4 -1 -3 -4  5 -1 -2 -4 -3 -3    0   7   0  15   0   0  45   0   0   0   0   0   0   0  32   0   0   0   0   0  0.93 0.18
   14 E   -2 -1  1  1 -5  1  6 -3 -1 -5 -4  0 -3 -5 -2 -1 -2 -4 -3 -4    0   0   7   1   0   0  92   0   0   0   0   0   0   0   0   0   0   0   0   0  1.24 0.26
   15 E   -1 -1  0  4 -4  2  4 -2 -1 -3 -4 -1 -3 -4 -2 -1  2 -4 -3 -3    3   0   0  32   0   7  42   0   0   0   0   0   0   0   0   0  16   0   0   0  0.68 0.16
   16 H    0  2  1  1 -4  2  5 -2  1 -4 -3  0 -3 -4 -2 -1 -1 -2 -2 -3    7  11   7   2   0   6  59   1   4   0   0   0   0   0   1   0   1   1   0   0  0.62 0.16
   17 G    0 -4 -3 -3  9 -4 -4  2 -4 -2 -3 -4 -3 -4 -4  0 -2 -4 -4  0    5   0   0   1  62   0   0  21   0   1   0   0   0   0   0   5   0   0   0   6  1.31 0.27
   18 E   -2  0 -1  3 -3 -1  0 -3 -2  0  3 -1  0 -1 -3 -2 -2 -3 -2 -1    0   5   3  27   0   2   4   0   0   0  51   4   0   2   0   0   0   0   0   1  0.34 0.14
   19 Q   -2  2  2  4 -4  1  2 -2  2 -3 -3  1 -1 -4 -2  0  0 -4 -2 -3    0  16  12  30   0   6  12   0   5   0   0   8   2   0   0   4   4   0   0   0  0.45 0.12
   20 E   -2 -2 -2 -2 -4  0  3 -4  1 -3 -2 -1 -2  1 -3 -1 -2  0  7 -3    2   0   0   0   0   4  32   0   1   0   4   0   0   1   0   3   0   0  52   0  0.84 0.25
   21 H   -3 -1 -2 -3 -4 -1 -1 -4  6 -3 -3 -2 -2  1 -4  0 -1  0  7 -3    0   4   0   0   0   1   4   0  25   0   0   0   0   0   0   7   4   0  56   0  1.05 0.27
   22 G   -1 -3  0 -1  0 -2  0  6 -3 -5 -5 -2 -4 -4 -3 -1 -1 -4 -4 -4    0   0   4   2   2   0   6  81   0   0   0   0   0   0   0   0   5   0   0   0  1.14 0.24
   23 L   -2 -3 -4 -5  1 -2 -4 -4 -3  0  3 -3  7 -1 -4 -3 -2 -3 -2  0    0   0   0   0   3   0   0   0   0   0  38   0  54   0   0   0   1   0   0   3  0.94 0.28
   24 Y   -2  0 -3 -4 -3 -2 -3 -4  1  0  3 -3  1  2 -4 -3 -2 -1  5  0    0   5   0   0   0   2   0   0   3   1  44   0   2   7   0   0   0   0  32   4  0.54 0.18
   25 S    0 -2 -1 -2 -2 -1 -2 -2 -2 -3 -3 -1 -3 -4 -1  5  2 -4 -3 -3    0   1   0   0   0   0   0   0   0   0   0   0   0   0   2  80  15   0   0   0  0.90 0.30
   26 L   -3 -3 -5 -5 -3 -3 -4 -5 -4  1  5 -4  2 -1 -3 -4 -2 -3 -2  0    0   0   0   0   0   0   0   0   0   4  91   0   3   0   1   0   0   0   0   0  0.99 0.28
   27 H   -3 -2 -1 -1 -5  1 -2 -4 10 -4 -4 -2 -3  1 -4 -3 -3 -4  0 -4    0   0   0   4   0   4   0   0  83   0   1   0   0   7   0   0   0   0   0   0  1.87 0.42
   28 R   -2  6  0  2 -5  0  3 -3  0 -4 -4  1 -3 -4 -3 -1 -2 -4 -3 -4    0  55   4  12   0   1  20   0   2   0   0   4   0   0   0   2   0   0   0   0  0.83 0.25
   29 M   -3 -3 -4 -5 -3 -2 -4 -5 -4  2  2 -3  8 -2 -4 -3 -2 -3 -3  2    0   0   0   0   0   0   0   0   0   8  10   0  70   0   0   0   1   0   0  12  1.27 0.38
   30 F   -4 -4 -5 -5  0 -5 -5 -5 -3 -2  0 -5 -2  8 -5 -4 -4 -1  3 -2    0   0   0   0   2   0   0   0   0   0   4   0   0  89   0   0   0   0   5   0  1.72 0.40
   31 D   -2  2  0  4  1  1  5 -3 -2 -4 -4  0 -3 -4 -3 -1 -1 -4 -3 -4    0  13   2  27   3   3  46   0   0   0   0   2   0   0   0   0   3   0   0   0  0.76 0.23
   32 I   -2  0 -4 -1 -2 -3 -3 -4 -4  5  0 -3  0 -2 -4 -3 -1 -4 -2  4    0   7   0   4   0   0   0   0   0  43   2   0   0   0   0   1   1   0   0  42  0.62 0.23
   33 V   -2 -4 -5 -5 -3 -4 -4 -5 -5  3  0 -4 -1 -2 -4 -3 -2 -4 -3  6    0   0   0   0   0   0   0   0   0  17   2   0   0   0   0   0   0   0   0  81  1.13 0.36
   34 G   -1 -4 -2 -3 -4 -3 -4  7 -4 -6 -5 -3 -4 -5 -4  0 -3 -4 -5 -5    0   0   0   0   0   0   0  94   0   0   0   0   0   0   0   6   0   0   0   0  1.76 0.41
   35 T    1 -1  0  0 -1 -1 -1  3 -2 -3 -3 -1 -2 -3 -2  2  2 -4 -3 -2   16   4   3   4   1   0   2  24   0   0   0   3   0   0   0  24  18   0   0   2  0.36 0.16
   36 H   -3  1 -2 -2 -5  6  1 -2  7 -5 -4 -1 -3 -4 -3 -2 -3 -4 -2 -4    0   5   0   0   0  59   4   3  29   0   0   0   0   0   0   0   0   0   0   0  1.32 0.41
   37 L   -3 -4 -5 -5 -3 -3 -4 -5 -4  1  5 -4  2 -1 -4 -4 -3 -3 -2  0    0   0   0   0   0   0   0   0   0   7  87   0   4   0   0   0   0   0   0   0  1.05 0.32
   38 T   -1 -3 -2 -3 -3 -2 -3 -3 -3 -3 -3 -2 -2 -4 -3  1  7 -4 -3 -2    3   0   0   0   0   0   0   0   0   0   0   0   0   0   0   5  90   0   0   0  1.37 0.43
   39 H   -2 -2 -1  0 -4  2  4 -3  6 -1  0 -1 -1 -2  0 -2 -2 -3  0 -2    1   0   0   3   0   8  35   0  28   5   9   0   2   0   3   0   0   0   3   2  0.56 0.23
   40 R    0  4  0 -1  5 -1 -2 -1  1 -3 -3  0 -1 -3 -3  0  1 -4 -3 -2    7  36   5   3  20   1   0   3   3   0   0   2   1   0   0   8   9   0   0   1  0.49 0.20
   41 D   -3 -2  2  6 -5 -1  4 -3 -2 -4 -5 -2 -4 -5 -3 -2 -2 -5 -4 -4    0   0   9  58   0   0  29   0   0   0   0   0   0   0   0   0   0   0   0   0  1.16 0.32
   42 V   -2 -3 -4 -4 -2 -3 -4 -4 -4  3  3 -3  1  0 -3 -3 -2 -3 -2  4    0   0   0   0   0   0   0   0   0  15  31   0   3   3   0   0   0   0   0  46  0.60 0.21
   43 R    0  3  0  1 -3  0  4 -2  0 -1 -3  1 -2 -3 -2 -1 -1 -3 -1 -2   10  25   2   5   0   0  36   1   1   7   1   5   0   0   0   1   3   0   2   0  0.40 0.17
   44 V   -1 -3 -3 -3 -2 -2  0 -3 -3  1  2 -2  0 -1 -3 -1 -1 -3 -2  4    3   0   0   0   0   0  10   1   0   2  29   0   0   0   0   4   3   0   0  45  0.38 0.18
   45 L   -3 -3 -4 -4 -2 -3 -4 -4 -4  1  5 -3  3  0 -4 -3 -2 -3 -2  0    1   0   0   0   0   0   0   1   0   6  80   0   7   1   0   1   0   0   0   0  0.87 0.27
   46 S    2 -1  0 -2 -2 -1 -1 -2 -2 -2 -3  2 -2 -3 -2  4  1 -3 -2 -1   18   0   2   0   0   0   0   1   0   2   1  18   0   0   0  45   6   0   1   3  0.42 0.20
   47 F   -2 -4 -4 -4 -3 -4 -4 -4 -2  1 -1 -4  1  7 -4 -3 -2 -1  3 -2    3   0   0   0   0   0   0   1   0   7   1   0   3  69   0   1   3   0  10   0  1.17 0.31
   48 L   -3 -3 -4 -4 -2 -3 -4 -4 -4  1  5 -3  1  1 -4 -3 -1 -3 -2  0    1   0   0   0   0   0   0   1   0   3  84   0   0   3   0   1   3   0   0   0  0.89 0.28
   49 F   -2 -1 -3 -4  1 -3 -3 -4 -2 -1  3 -3  0  4 -3 -1  0 -1  3 -1    1   4   0   0   4   0   0   1   0   0  36   0   0  29   0   4   5   0  13   0  0.47 0.19
   50 V    0 -1  1  2 -2 -1 -1  0  0  0 -1  0 -1  0 -2 -1  0 -2 -1  2    8   1  11  13   0   1   2   9   2   4   2   8   0   4   1   1   3   0   1  29  0.09 0.08
   51 D   -1 -1  1  5 -4 -1  3  1 -2 -4 -4 -1 -3 -4 -1  0 -2 -4 -3 -3    5   2   4  44   0   0  24  11   0   0   1   0   0   0   3   3   0   0   0   0  0.67 0.21
   52 V    0  0 -1 -2 -2 -1  1 -2 -2  1 -1  0 -1 -1 -1  1  2 -3 -2  2    9   4   0   0   0   0  12   1   0   5   2   7   1   3   1  10  16   0   0  29  0.15 0.11
   53 I    0 -3 -3 -3  2 -1 -3 -3 -1  4  2 -2  1  0 -3 -1 -1  3  1  1   10   0   0   0   7   3   0   1   2  36  17   2   2   2   0   3   1   5   6   2  0.26 0.15
   54 D    0 -3  0  4 -3 -2 -1  1 -1 -3 -4 -2 -3 -4  5 -1 -2 -4 -3 -2    6   0   2  37   0   0   1  10   1   0   1   1   0   0  33   3   1   0   0   3  0.82 0.23
   55 D   -1 -2  1  4 -3  0  2  1 -2 -2 -2 -1 -2 -3  0  0 -1 -3 -2 -2    4   0   4  38   0   2  15  14   0   1   6   1   1   0   4   4   2   0   1   2  0.41 0.15
   56 H    1  0 -1  1 -2 -1  0  0  0 -2 -2 -1 -2 -1  2  1  1 -1  4 -2   18   6   0   8   0   1   4   8   2   0   1   0   0   1   9  11   9   0  21   0  0.23 0.13
   57 E    0  0 -1  1 -3  2  3 -2 -1 -2 -2 -1 -2  0  1  0  0 -3 -2 -1   11   3   2   7   0   9  32   1   1   2   3   0   0   4   8   7   5   0   0   4  0.26 0.12
   58 R   -2  4 -1  1 -3  1 -1  2 -2 -1 -1  1 -2 -3  0  0 -2 -3 -3 -2    1  37   0   8   0   5   0  21   0   5   7   5   0   0   4   4   0   0   0   0  0.36 0.17
   59 G    0  0 -1 -1 -3 -1  1  4  1 -3 -1 -1 -2 -2  1  0 -1 -1 -2 -3    5   6   0   0   0   2  14  44   4   0   6   0   0   2   6   7   1   1   0   0  0.42 0.16
   60 L    0  3 -1 -2 -3  0 -1  1  0 -1  1  1  3 -2 -2 -1  0 -1 -2 -1    5  21   0   0   0   2   1  12   3   0  12  12  19   0   1   4   5   1   0   0  0.19 0.13
   61 I    1  0 -3 -3 -2 -2 -2 -3 -3  4  0 -2 -1 -2  2 -2 -1 -3 -2  2   18   5   0   0   0   0   2   1   0  44   1   0   0   0  12   1   1   0   0  14  0.37 0.18
   62 R   -1  5  1 -2 -1  0  0 -2  2 -3 -3  3 -2 -3 -2  0 -1 -3 -1 -3    4  45   7   0   2   0   2   1   5   0   1  25   0   0   0   4   1   0   1   0  0.63 0.21
   63 N    0 -2  2  3 -2 -1  0 -2 -2 -3 -3 -1 -3 -3  2  4  0 -4 -3 -3    3   0  14  19   1   0   2   1   0   0   1   0   0   0  12  42   4   0   0   0  0.52 0.20
   64 G   -1 -1 -1 -2 -3 -2 -2  6 -3 -4 -3 -2 -3 -4 -1  0 -2 -3 -3 -3    1   3   0   1   0   0   1  78   0   1   2   1   0   0   2   7   1   0   0   1  1.11 0.27
   65 R   -1  3 -2 -2 -2  1 -1 -2  0 -1  1  1  0 -1  1 -1 -1 -2  0  0    3  27   0   0   0   5   2   3   2   0  22   6   0   2   6   3   2   0   5  10  0.15 0.10
   66 D   -1 -1  0  5 -3  1  3 -1 -2 -3 -3 -1 -3 -4 -2  0 -1 -4 -3 -3    6   1   0  45   0   5  26   3   0   0   2   0   0   0   0   4   3   0   0   1  0.66 0.21
   67 F   -2 -3 -4 -4 -3 -3 -3 -4 -3  0  4 -3  3  5 -4 -3 -2 -1  1 -1    1   0   0   0   0   0   1   1   0   0  45   0   8  37   0   1   0   0   3   1  0.70 0.23
   68 L   -2 -3 -4 -4 -2 -3 -2 -4 -3  2  4 -3  1  2 -3 -3 -2 -2 -1  0    1   0   0   0   0   0   2   1   0  16  61   0   3  12   0   1   0   0   0   1  0.56 0.19
   69 L   -2  1 -3 -3 -2 -2 -3 -4 -1  0  4  0  2  1 -3 -3 -2 -2 -1 -1    1   8   0   0   0   0   1   1   2   0  63   8   6   7   0   1   0   0   0   1  0.46 0.19
   70 A    3 -1 -2 -1 -2  0  3  1 -2 -2 -2 -1 -2 -3 -2  0 -1 -3 -3  0   43   2   0   0   0   1  33   8   0   0   1   1   0   0   0   1   1   0   0   7  0.41 0.19
   71 L   -2  1  0 -3 -2 -2 -3 -4 -3  0  4 -2  1 -1 -3 -3 -2  4 -2 -1    1  10   5   0   0   0   1   1   0   0  69   0   3   0   0   1   0   6   0   1  0.57 0.22
   72 E   -2 -1 -1  0 -4  1  5  0 -2 -2 -3 -1 -3 -3  0 -1 -2  3 -3 -2    1   1   1   0   0   2  65   8   0   3   1   1   0   0   5   4   0   5   0   2  0.72 0.25
   73 R   -2  6 -1 -2  2  0 -1 -3  1 -3 -2  3 -2 -3 -3 -2 -2 -3 -2 -3    1  58   0   0   5   2   0   1   4   0   2  24   0   0   0   1   0   0   0   0  0.86 0.26
   74 Q   -1  3 -1 -2  1  3  0 -2 -1  0  0  0  1  0 -2  0 -1 -2 -2 -2    4  28   0   0   5  21   3   1   1   6   7   1   5   6   0   9   0   0   0   0  0.25 0.14
   75 G    0 -2  0 -2 -3 -2 -3  6 -3 -4 -4 -2 -3 -4 -3 -1 -1 -3 -4 -4    4   2   3   0   0   0   0  80   0   0   1   0   0   0   0   2   4   0   0   0  1.17 0.28
   76 R   -1  3 -1 -2 -2  2 -1 -2  1  0  1  1  0  0 -2 -1  0 -1  2  0    5  21   1   1   0  12   1   1   3   3  19   8   2   1   1   1   4   0  12   4  0.16 0.09
   77 C    0 -1 -3 -4  8 -3 -4 -1 -3  1  0 -3 -1 -2 -3 -2 -2 -3 -3  0    6   6   0   0  51   0   0   5   0  11  10   0   0   1   0   0   0   0   0   7  0.91 0.26
   78 D    0 -1  0  5 -2 -1  1 -2  1 -3 -3 -1 -3 -3  0  1 -1 -4 -3 -1    7   4   0  48   1   1   6   1   4   1   1   1   0   0   5  14   1   0   0   5  0.52 0.18
   79 E    0  2 -1  2 -3  1  5 -1 -1 -3 -3  0 -3 -4 -2  0 -1 -3 -3 -3    5  11   0  12   0   5  50   3   0   0   1   4   0   0   0   5   1   0   0   1  0.58 0.20
   80 S    0  0  0  1 -2 -1 -1  3 -2 -2 -2 -1 -2 -3 -2  2  2 -3 -3 -1    3   4   2   9   0   0   1  25   0   0   2   0   0   0   0  22  22   0   0   6  0.31 0.14
   81 N   -2 -1  6  3 -4 -1 -1  0 -1 -3 -1 -1 -3 -3 -3 -1 -1 -4 -3 -3    1   2  64  15   0   1   1   5   0   0   8   0   0   0   0   1   1   0   0   1  0.90 0.29
   82 F   -2 -3 -3 -3 -2 -3 -3 -3 -2 -1  2 -3  0  5  1 -1  1 -1  2 -1    2   0   0   0   0   0   0   1   0   0  28   0   0  33   9   5  12   0   6   1  0.41 0.18
   83 R   -1  4  1 -1  1  1  2  0 -1 -3 -2  2 -2 -1 -2  0 -1 -3 -2 -2    2  30   7   0   4   3  16  10   0   0   1  16   0   3   0   4   2   0   0   2  0.32 0.14
   84 Q   -1 -1  0 -1 -3  3  1 -3  3 -2  1  0 -1  0  2  0 -1 -2  1 -2    1   1   3   0   0  22  12   1   9   0  20   2   0   3  11   8   0   0   6   1  0.24 0.14
   85 V   -2 -3 -3 -4 -2 -3 -3 -4 -3  3  4 -3  1 -1 -3 -3 -2 -2 -2  2    1   1   1   1   0   0   1   1   0  16  59   1   0   0   1   1   1   0   0  16  0.55 0.19
   86 L   -2  0 -3 -3  3 -2 -2 -1 -3  2  3  0  0 -1 -3 -2 -1 -3 -2  1    1   6   0   0   8   0   0   6   0  11  44   9   0   0   0   2   2   0   0   8  0.24 0.13
   87 Q    0  0  0  1 -3  4  1 -2  4 -3 -1 -1 -2  0  0  0 -1 -2  0 -2    7   2   2   8   0  34   6   2  13   0   6   0   0   4   4   7   0   0   3   0  0.34 0.17
   88 L   -1 -3 -4 -4 -2 -3 -3 -4 -3  0  4 -3  3  0  1 -3 -2 -2 -1  1    2   0   0   0   0   0   0   1   0   0  60   0  10   2   7   1   0   0   2  12  0.53 0.20
   89 L   -2 -3  0 -3  2 -3 -3 -3 -3  0  5 -3  0  0 -3 -1  0 -3 -2 -1    1   0   7   0   5   0   0   1   0   0  71   0   0   3   0   6   4   0   0   0  0.55 0.23
   90 R    1  6 -2 -2 -4  0  1 -3 -2 -3 -3  3 -2 -4 -2 -1 -2 -4 -3 -3   14  54   0   0   0   0   9   1   0   0   1  18   0   0   0   1   0   0   0   0  0.76 0.25
   91 I   -1 -2 -1 -3  2 -2 -2 -3 -3  2  1 -2  0 -1  1 -1  1  3 -2  3    1   0   4   0   7   0   1   1   0  19  10   2   2   0   6   4  10   5   0  27  0.21 0.11
   92 I    0 -2 -2  0  0 -2 -2 -3 -3  2  3 -2  0 -1 -2  0 -1 -3 -2  1   12   0   0   7   2   0   1   1   0  21  38   0   0   0   0   6   3   0   0   7  0.22 0.12
   93 T    0  0  1 -1 -2  0 -1  0 -2 -1 -1  1 -1 -2 -2  2  3 -3 -2  1    8   3   5   0   0   5   1   6   0   0   5   8   0   0   0  16  28   0   0  12  0.18 0.11
   94 R   -2  6 -2 -3 -3 -1 -1 -3 -2 -3  0  0 -2 -3  1  0 -2  3 -2 -3    1  63   0   1   0   0   1   1   0   1  11   1   0   0   7   6   1   5   0   1  0.76 0.26
   95 H   -1 -1 -1 -2 -3  1  0  1  7 -3 -3  2 -2 -2 -1 -1 -2 -3  1 -3    6   1   0   1   0   4   5  10  46   1   1  14   0   0   3   1   1   0   5   1  0.70 0.24
   96 D    1 -2  0  6 -3 -1  1 -2 -2 -3 -3 -2 -3 -4  3 -1 -1 -4 -3 -3   12   1   0  58   0   0   6   1   0   1   1   1   0   0  13   1   4   0   0   1  0.83 0.25
   97 L   -2 -3 -3 -3 -2 -2 -3 -4  0  2  4 -3  0 -1  2 -3 -2 -3 -2  0    1   1   0   1   0   0   1   1   4  10  63   1   0   0  12   1   1   0   0   3  0.54 0.21
   98 L   -2  1 -1 -3 -2 -2 -2 -3  1  2  3 -2  1 -1 -2 -2 -1 -2 -1  1    1  10   3   1   0   1   1   1   6  11  45   1   2   1   1   1   1   0   1  13  0.25 0.13
   99 P   -1 -2 -2 -2 -3 -1 -2  0  4 -3 -3 -2 -3 -3  7  0 -2 -3 -2 -3    3   1   1   1   0   2   1   7  16   1   1   1   0   0  56   8   1   0   0   1  1.21 0.28
  100 Y    1 -2 -2 -3  0 -2 -2 -2  2  0  0 -1  1  3 -2  1 -1 -1  3 -1   12   0   0   0   2   0   1   1   9   8  10   2   6  18   0  14   1   0  16   1  0.21 0.13
  101 V   -1 -2 -2 -3 -2 -2 -2 -3  2  3  1 -2  1  1 -3  0 -1 -2 -1  3    3   1   1   1   0   0   1   1   7  18  16   1   4   7   1   7   1   0   0  32  0.25 0.15
  102 T    1 -2  0  0 -2 -1 -1 -2  0 -1 -2 -1 -1 -2  2  2  2 -3  0  1   10   1   3   5   0   2   1   1   3   1   1   1   0   0   9  25  19   0   4  14  0.22 0.15
  103 L   -1  1 -2 -2 -2  0 -2 -2  2  0  1 -1  1  2  3  0 -1 -2  0  0    4  10   1   1   0   4   1   1   7   2  20   1   6  14  14   6   2   0   0   7  0.17 0.12
  104 K   -1  2  0 -1 -3  2  1 -2 -1 -3 -1  4 -2 -3  2  0 -1 -3 -2 -2    1  14   3   1   0   9   7   1   0   1   8  38   0   0   9   4   3   0   0   1  0.40 0.19
  105 R    0  4  0 -2 -3  1  0  0 -1 -3 -1  2 -2 -3  0  1 -1  0 -2 -2    5  30   4   0   0   8   4   6   0   0   7  12   0   0   5  15   0   2   0   0  0.29 0.16
  106 R   -1  4 -1 -2 -3  3 -1 -3 -1 -3 -1  2 -1 -1  2  0  0 -3 -2 -2    3  31   0   0   0  17   0   0   0   0   5  15   2   3   9   7   6   0   0   0  0.40 0.21
  107 R   -2  5 -1 -2  1  2  0 -3 -2 -3 -2  2 -2 -3  2  0  0  0 -2 -3    1  39   0   0   4  10   4   1   0   0   4  13   0   0  12   5   4   2   0   0  0.49 0.21
  108 A    1  2 -1 -1 -2  0  1 -1 -1 -2 -2  1 -1 -3  3  1  1 -3 -2 -2   13  13   1   1   0   1  13   1   0   1   1  13   0   0  13  13  13   0   0   1  0.26 0.07
  109 V    1 -2 -2 -2 -1 -2 -2  0 -2  2  1 -2  2 -1 -2 -1 -1 -2 -1  3   15   1   1   1   0   1   1   8   0   9   8   1   8   1   1   1   1   0   0  43  0.18 0.08
  110 C   -1  0 -1 -2  4 -1 -2 -2 -2 -1 -1  0  0  1 -2  3  1 -3 -2  1    1   6   2   1  14   0   1   1   0   2   5   6   3   7   1  34   6   0   0  12  0.24 0.16
  111 P   -1 -3 -3 -2  2  1  0  0 -3 -3 -1 -2 -3 -4  7 -1 -2 -4 -3 -3    4   0   0   1   6   7   5   6   0   0   6   1   0   0  59   3   1   0   0   1  1.21 0.31
  112 D    0 -2 -1  3 -4  0  5 -3  2 -4 -4 -1 -3 -4  0  1 -2 -4 -3 -3    7   0   0  17   0   0  48   1   5   0   1   0   0   0   4  14   0   0   0   0  0.74 0.32
  113 L    0  5 -2 -3 -3 -1 -2 -1 -2 -2  1 -1 -2  0  3 -2 -2 -3 -2 -2    7  46   0   1   0   0   1   5   0   0  17   1   0   5  13   1   1   0   0   1  0.59 0.28
  114 V   -1 -2 -2 -3 -2 -2 -1  1  0  1  0 -2  0  2 -1  0  0 -1  3  2    1   0   0   0   0   0   4  12   2   8   7   1   2   8   2   6   4   0  17  25  0.19 0.15
  115 D    0  1  1  1 -3  1  1  1 -2 -3 -3 -1  1 -3  2  1  1 -4 -3 -3    5   9   8   9   0   5  11  13   0   0   1   0   5   0   9  15  10   0   0   0  0.25 0.19
  116 K   -1 -1  0 -2  2  3  0 -1  2  0 -1  1  1  0 -3 -1 -2 -2  3  0    4   0   4   0   5  16   6   4   7   5   6   9   3   4   0   4   0   0  12  10  0.16 0.18
  117 Y   -2  3  1  1 -3  1  0  2 -1 -1 -3  0 -2  1 -3  0 -2 -2  3 -3    1  20   6   8   0   6   4  18   0   5   1   4   0   7   0   5   0   0  15   0  0.26 0.21
  118 L   -2 -3 -1 -3  1 -3 -3 -3 -2  0  3 -2 -1  1  2  0  1 -2  4 -1    2   0   3   0   3   0   0   1   0   4  32   3   0   5  13   7  10   0  16   0  0.35 0.26
  119 E   -1 -2 -1  1 -3  0  3  2  1 -4 -2  0 -3  0  0  2 -2 -4 -3 -3    4   0   0   8   0   2  26  14   3   0   3   6   0   4   4  22   0   0   0   0  0.37 0.28
  120 E    0 -1  0  0 -2  1  2 -1  0 -1  0  0  0 -2  1  1  0 -2  0  0    6   1   5   5   0   8  15   4   2   4   8   4   3   0   6  13   5   0   4   7  0.09 0.09
  121 T   -1 -1  1  1  0 -1  0 -2 -2  0 -1 -1 -2 -3  1  3  2 -3 -3 -1    2   3   5   6   2   0   6   2   0   5   5   3   0   0   8  28  19   0   0   4  0.25 0.21
  122 S    0 -1  1  1  1 -1  1 -1 -2 -4 -4  0 -3 -1 -1  4  0 -4 -3 -3    4   2   8   9   3   0   8   3   0   0   1   5   0   3   3  47   3   0   0   1  0.50 0.34
  123 I    0  2 -2 -2  0  1 -1 -2 -2  1 -2  1  0  0 -1  2  1 -3  0  1    5  12   0   1   2   9   1   1   0  11   1   8   1   4   3  19   8   0   3  12  0.13 0.17
  124 R    0  1 -1  1 -2  1  1  0  2  0 -1  1 -1 -2  1  0  0 -3 -2 -1    8   8   0   8   0   7   8   8   7   8   8   8   0   0   8   8   8   0   0   0  0.10 0.10
  125 Y    0  2 -2 -3 -1  1 -2 -1  2 -2  0 -1  0  1 -2  0  0 -2  5 -3    7  13   0   0   1   6   1   4   5   1   8   3   2   4   1   7   7   0  25   1  0.36 0.30
  126 V   -1  0  0 -1 -1  0  1 -1 -3  1 -1 -1 -1 -2  1 -1  1 -3 -1  3    3   6   4   2   1   4   9   4   0  10   3   1   1   0   6   4  10   0   3  26  0.14 0.20
  127 T   -1 -1 -1 -1  4  0  0  0 -2  0  0 -1  0  1 -2  1  2 -3 -1 -1    2   4   2   3  11   4   9   9   0   5   9   1   2   6   1  14  13   0   2   3  0.13 0.17
  128 P    0 -1 -1  1 -3 -2 -1  2 -3 -1 -2 -2 -3 -4  5  2  0 -4 -4 -3    5   3   2   8   0   0   4  18   0   4   3   1   0   0  28  15   7   0   0   1  0.54 0.33
  129 R   -1  4  0 -1  4 -1 -2 -2  0 -3 -2 -1 -3 -4  0  3  0 -4 -2 -2    3  32   4   2   9   2   1   3   2   0   5   0   0   0   4  23   5   0   1   3  0.49 0.37
  130 A    1  1  0  0  5  1 -1  3  0 -2 -2 -2 -3 -4 -2  0 -1 -4 -3 -3   13   8   4   4  14   6   3  24   2   2   4   0   0   0   2   8   3   0   0   1  0.35 0.27
  131 L   -1  2 -1 -1 -3  0 -1  0  3  0  0  0  1 -1  0  0  0 -3 -2  0    4  14   0   4   0   5   3   8  11   5  11   3   4   2   5   8   6   0   0   6  0.10 0.13
  132 S   -1  3 -1 -1 -1  2  0  2  0 -3 -3  0 -1 -3  0  2  1 -3 -3 -2    4  17   2   3   1  11   5  15   2   1   2   2   2   0   4  20   7   0   0   1  0.29 0.25
  133 D   -1  4  0  1  3  1  0 -1  2 -3 -2  0  1 -3 -1  1 -1 -3 -2 -3    5  26   5   9   7   6   5   4   7   1   3   2   5   1   3  11   2   0   0   1  0.31 0.25
  134 P    1  2  0  0  1  1  1 -1 -1 -3 -2  0 -1 -2  2  1  0 -3 -3 -2   11  14   4   5   3   7   8   3   1   0   3   4   2   2  11  15   7   0   0   2  0.20 0.19
  135 E   -1  2  0  1  2  3  2 -2  0 -4 -4  1 -3 -4  0  2  0 -4 -2 -3    5  12   5   6   5  15  16   2   2   0   0   7   0   0   3  14   5   0   1   0  0.34 0.28
  136 P    0  1  0  0  3  0 -1 -1  2 -2 -1  0 -3 -4  2  2  1 -4 -3 -3    8   9   4   4   6   3   2   5   6   2   5   3   0   0  13  23   7   0   0   0  0.27 0.25
  137 R    0  2  1  1  1  1  0  1  0 -3 -1  0 -2 -3  0  1 -1 -3 -2 -2    4  14   6   6   4   8   6  11   2   0   6   4   0   0   5  14   3   0   1   2  0.15 0.17
  138 P   -2  0  0  0 -1  0 -1 -2 -3  0 -1 -1  0 -3  2  2  2 -4 -1  0    0   6   5   6   2   5   3   2   0   5   7   2   3   0  10  20  14   0   2   8  0.19 0.23
  139 P    0  1 -1  0  0  0  1  0 -3 -4 -3 -2 -3 -4  5  2  0 -4 -4 -2    9   7   2   4   2   4  11   6   0   0   3   0   0   0  26  18   5   0   0   2  0.50 0.35
  140 Q    0  1  1 -2 -3  1 -1  1  4 -1 -2 -2 -1 -1 -1  3  0 -4 -2 -1    5   7   7   1   0   6   3   9  14   4   4   0   1   3   3  23   6   0   0   3  0.27 0.27
  141 P   -1  2  0 -2  1  2 -2 -4  1 -3 -4 -2 -4 -1  5  1  0  1 -1 -4    3  10   5   2   3   8   2   0   3   2   0   2   0   3  31  13   6   2   2   0  0.61 0.41
  142 S    0  0  0 -1  1  1  0 -1  2 -1 -1 -2  0  0  0  1  1  2  0 -1    9   6   4   3   3   7   7   4   6   3   6   0   3   4   3  13   7   4   3   3  0.09 0.13
  143 K    0  1  1  1 -4  2  2 -1  1 -4 -1  1 -3  0  0  1  0 -4 -3 -3    7   9   5   9   0  10  12   5   4   0   5   8   0   4   4  10   7   0   0   0  0.21 0.20
  144 T    0  0  1  0  2  1 -1  0  2 -2 -2  0 -2  0  1  0  0  4 -1 -1    7   7   7   7   6   7   0   7   6   0   1   7   0   6   7   7   7   6   0   7  0.13 0.16
  145 V    0  0 -1  0  2  1  0  0  2 -2 -1  0 -1  0  1  0  0 -3 -1  0    7   7   0   7   6   7   7   7   6   0   7   7   0   6   7   7   7   0   0   7  0.07 0.10
  146 P    0  0  0  0 -3  2  0  1  1 -3 -1 -1  2 -3  2  0  2 -3 -3 -2    6   5   4   4   0  11   6  13   4   0   5   0   7   0  10   8  15   0   0   0  0.21 0.20
  147 P   -1 -1 -1  1  0  1 -1  1  1 -3 -1 -2 -3 -4  5  1 -1  1 -3 -3    5   2   3   9   3   6   3  12   5   0   6   0   0   0  29  11   3   2   0   0  0.47 0.29
  148 H   -1  0  1  0 -3  3 -1 -1  4 -1 -2 -1 -2  0  0  1  1 -3 -2 -3    4   5   8   6   0  18   2   3  15   4   4   0   0   4   3  13   9   0   0   1  0.28 0.26
  149 Y   -1 -2  0 -2  1  1 -1 -1  2  0 -1 -1 -2 -1  1  0  1  7  0  0    4   1   4   1   3   8   2   4   6   6   6   2   0   2   8   8   9  16   3   7  0.31 0.22
  150 P   -2  1 -1  0 -3  0  2 -1  1 -3 -2  0 -3 -3  4 -1  0  1 -3 -1    1   9   2   6   0   4  17   5   3   0   5   5   0   0  25   4   7   2   0   4  0.40 0.26
  151 V    0  2  0  0 -3  1 -1 -1 -1 -1 -1 -1  0 -2  0  0  3  2 -1  1    6  11   4   5   0   7   3   5   1   2   4   1   2   1   3   4  19   3   2  15  0.15 0.19
  152 V   -1 -1 -2  0  1 -1 -1  2 -3  1  0  0  0 -2  0  1 -1  0 -1  0    3   3   0   5   4   3   3  20   0  11   7   6   2   2   4  14   3   1   1   8  0.10 0.14
  153 C    1  1  0 -2  4  0  0 -1 -2 -1 -2  0  0  0  0  1  0  2  1 -1   10   8   4   0  11   5   5   5   0   4   1   5   3   4   4  14   4   3   5   5  0.14 0.19
  154 C    0  0  0  0  2  0  0  0 -2  0 -1 -1 -1  1  1  0  0  3  1  0    6   6   6   6   6   6   6   6   0   6   6   0   0   6   6   6   6   6   6   6  0.07 0.11
  155 P   -1  0  0  0 -4 -2  0  0  0 -3 -2 -2 -3 -4  5  3  0 -4 -4 -3    2   5   5   4   0   0   5   6   2   1   4   1   0   0  31  24   5   0   0   2  0.60 0.37
  156 T    1  1  1 -2 -3  0 -2  0 -1 -1 -2 -2 -2 -3  3  2  2 -4 -3  0   10   8   7   1   0   3   1   6   2   4   3   1   0   0  14  17  15   0   0   8  0.25 0.22
  157 S    1  1 -1  0  0 -1 -1  1 -2 -3 -2  2 -1 -4  0  3  1 -4 -3 -2   11   8   2   5   2   2   1  12   0   0   3  14   1   0   3  26   7   0   0   2  0.26 0.24
  158 G    0  3  0 -2  0 -1  0  3 -3 -2 -3 -1 -1 -4  0  2  0 -4 -3 -2    7  20   3   0   2   1   5  25   0   2   1   1   1   0   5  16   5   0   0   3  0.37 0.28
  159 P    0  0 -1  0 -1  0 -2  0 -3 -3 -1  1 -3 -4  5  1  0 -4 -4 -2    6   5   3   4   1   5   1   7   0   1   6   7   0   0  34  11   4   0   0   2  0.57 0.33
  160 Q    0  4 -1 -3  2  3 -2 -2  1 -2 -1 -1 -2 -4  2  0 -1 -4 -3 -1    8  27   3   0   4  13   1   3   4   1   7   1   0   0  11   8   3   0   0   4  0.37 0.30
  161 M    0  1 -2 -3 -1 -1 -2 -1  0  0  0  1  1  0  2  0  1  0 -2  2    5  11   0   1   1   1   1   5   2   4   6  10   4   4  12   6   9   1   0  17  0.13 0.15
  162 C    0  2  0 -2  4  0 -1  1 -3 -3 -2  2 -3 -4 -1  3  0 -4 -3 -2    5  12   3   1   9   3   2  13   0   1   4  14   0   0   2  25   4   0   0   2  0.35 0.28
  163 S   -1  4  0 -2 -3  0 -1  0 -2 -3 -1  1 -2 -3  2  0  1 -4 -3 -2    5  29   3   1   0   4   3   7   0   1   8   8   0   0  11   7   9   0   0   3  0.36 0.27
  164 K    0  4 -2 -3 -4  2 -1  2  0 -4 -2  2 -3 -4  2  0 -2 -4 -1 -3    8  22   0   1   0  10   2  18   2   1   3  14   0   0   9   5   1   0   2   2  0.41 0.30
  165 R   -1  7 -1 -2 -4  0 -1  0 -1 -2 -3  1 -3 -4 -2 -1 -3 -4 -4 -2    6  57   2   2   0   3   3   6   1   2   2   6   0   0   2   3   1   0   0   2  1.00 0.53
  166 P   -1  4 -1 -2 -4  0 -2 -1 -1 -2 -1  1  0 -4  4  1  0 -4 -4 -2    4  25   2   2   0   4   0   4   1   1   6   9   2   0  21  10   5   0   0   3  0.47 0.34
  167 A    0  3 -2 -2  0  1 -2  2 -3 -3 -2  2 -2 -2  0  1  0  0 -3 -1    6  18   1   2   3   6   0  14   0   0   5  14   0   1   5  13   6   1   0   5  0.23 0.23
  168 R   -2  6 -1 -3 -5  0  0  0  0 -5 -3  0 -4 -3  1 -1 -1  2 -4 -4    3  47   2   0   0   4   5   8   2   0   3   4   0   1   8   4   4   3   0   0  0.78 0.48
  169 G    0  2 -1 -2  0  0 -1  4  1 -4 -3 -1 -1 -4 -2  1  0 -4 -2 -3    8  13   2   1   3   5   4  34   3   0   2   3   2   0   2  10   5   0   2   1  0.41 0.30
  170 R    0  6  0 -3  0  1 -2 -1  2 -3 -4 -1 -4 -3  2  0 -2  0 -2 -3    7  42   3   1   2   6   1   4   4   1   0   2   0   1  12   6   1   1   1   2  0.70 0.46
  171 A    0  2 -1 -1  0 -1 -1  2  1 -1 -2  1 -3 -4  3  0 -1  1 -3 -2    8  12   2   2   2   1   2  18   3   3   4  10   0   0  15   8   4   2   0   2  0.26 0.22
  172 T    1  1 -1 -1  0 -1 -1  1 -1 -3 -2  0 -2 -3  2  1  0  4 -1 -1   15   8   2   2   2   2   4  10   2   0   4   4   0   0  10  13   5   8   1   5  0.21 0.20
  173 L    0  2 -2 -3 -1  0 -2 -2  1  0  0  1 -2 -1  3  1  1 -4 -3 -1    6  15   0   0   2   3   0   3   4   5   9  11   0   2  14  12  10   0   0   3  0.23 0.23
  174 G    1  2  0 -1 -3 -1  0  2  1 -3 -2  0 -1 -3 -1  1  0  4 -1 -2   14  16   3   3   0   2   5  16   4   0   2   4   1   0   2  10   6   6   2   3  0.23 0.21
  175 S    1  2  1  0 -3  0 -2 -1  0 -1 -3  1 -2 -3 -1  2  1  0 -3 -1   15  13   7   6   0   3   0   4   3   4   1   7   0   0   2  18  10   2   0   4  0.20 0.22
  176 Q    0  2 -2 -3  0  2 -1  0  2 -2 -2  1 -3 -2  3  2 -1 -4 -3 -2    6  11   0   0   2  12   3   6   5   2   4  10   0   1  15  16   3   0   0   2  0.30 0.27
  177 R    0  3 -1 -3 -1  3 -2 -1  1 -2 -2  2 -3 -4  0  1  0  0 -1 -2    9  21   2   0   1  15   0   5   4   2   3  15   0   0   5   9   4   2   1   2  0.34 0.29
  178 K   -1  2 -1 -1  0  3  0  0 -3 -4 -4  3  0 -5  2  1 -2 -4 -4 -4    4  12   3   3   3  13   6   8   0   0   0  24   3   0  10  11   0   0   0   0  0.45 0.34
  179 R   -1  3  1 -1 -4  2  1 -1  1 -2 -2  0 -3 -1  1 -1  2 -4 -1 -1    3  22   6   3   0  11   7   3   3   3   2   3   0   3   6   3  15   0   1   4  0.28 0.26
  180 R   -1  3  0 -2 -3  3  0 -1  2 -1 -2  1 -2 -1  1  1  0 -3  0 -1    4  17   3   0   0  14   5   4   5   4   3   7   0   3   6  11   6   0   3   4  0.21 0.21
  181 K    0  2  0  0 -4  1  2  0  1 -2 -1  1 -2 -4  2  1 -1 -4 -3 -3    5  10   4   4   0   5  18   6   4   3   6  10   0   0  12   9   3   0   0   0  0.25 0.21
  182 S    0  0  1 -1 -3  1  0  1  2 -1 -1  0  1 -2  2  2 -1  1 -2 -1    5   4   6   3   0   8   4  10   5   3   6   4   4   2  12  16   3   2   0   3  0.15 0.16
  183 V    1 -1 -2 -1  0  1  0 -1 -3  0  0 -1  0 -3  3  1  0 -3 -1  1   11   3   0   3   2   9   4   5   0   4   7   2   2   0  16  12   5   0   2  10  0.19 0.18
  184 T    0  1  1 -1 -2  1  1  0  2  0 -1  1 -1 -2  1  0  0 -3 -2 -1    8   8   7   0   0   7   8   8   7   8   8   8   0   0   8   8   8   0   0   0  0.11 0.10
  185 P    0 -2  0  0 -3  0  0  0  0 -3 -3 -1 -1 -3  5  1  1 -3 -3 -2    6   1   4   4   0   4   7   9   2   1   1   3   1   1  35   9   9   0   0   3  0.58 0.26
  186 D    0 -1 -1  2 -3  1  1 -1 -2 -2 -1  0 -2 -1  1  1  1  2 -2 -2    5   3   1  13   0   5   9   4   0   2   7   7   0   4   8  16  11   3   0   2  0.16 0.14
  187 P    0 -1  0 -2  2  1  0 -1 -2 -1 -1 -1 -2 -3  5  1  0 -3 -3 -2    5   3   5   1   4   8   4   5   0   4   6   2   0   0  29  13   7   0   0   2  0.43 0.23
  188 K    0  2  1 -1  1  2  1 -2 -2 -3 -2  1 -2 -1  3  0 -1 -3 -2 -2   11  10   6   1   4  12   9   1   0   1   3  12   0   3  17   4   3   0   0   3  0.28 0.18
  189 E    0 -1  0 -1 -3  2  1  1  2  1 -2  1 -2  0  1  0 -1 -3 -2 -1    7   1   4   2   0  10  12  11   8  13   1   9   0   5   8   7   2   0   0   1  0.13 0.13
  190 K   -1  1 -2 -2 -3  1  0 -1  1 -3 -2  4 -2 -3  0  1  0 -4 -3  0    5   5   0   0   0   7   2   3   4   0   3  40   0   0   5  12   5   0   0   7  0.38 0.27
  191 Q    0 -2 -2 -1  3  1  0 -2 -1 -1  0 -1 -1  1  1 -1  1  2  1  1    5   0   0   3   8  11   4   3   1   0  11   2   0   6   9   1   9   3   5  18  0.12 0.15
  192 T    0 -1 -2 -2  2  0  0 -3  3 -3 -3  1 -2 -1  2  1  3 -3  2 -2    4   3   0   0   5   4   6   0   8   0   1   8   0   3   9  14  26   0   8   0  0.31 0.25
  193 C    1  1 -1 -2  3  1 -1  1 -2 -2  0 -1 -1 -2  2  1  1 -2 -2 -1   11  11   0   1  10  10   1  11   0   1  11   1   0   0  11  11  11   0   0   1  0.17 0.09
  194 D    0  1  1  1 -2  1  1  0 -1 -2 -1  1 -1 -3  1  1  1 -3 -2 -2    8   8   8   8   0   8   8   8   0   0   8   8   0   0   8   8   8   0   0   0  0.16 0.09
  195 I    0  1 -2 -2  3 -1  1 -2 -2  1  0  1  0  1 -2 -1 -1 -2 -1  1   11  11   0   1  10   0  11   1   0  11  11  11   0  10   1   1   1   0   0  11  0.08 0.08
  196 R    0  1 -1 -1 -2  0  1 -2 -2 -1  0  1 -1  1  2  1  1 -2 -1  0   10  10   0   0   0   0  10   1   0   0  10  10   0   9  10  10  10   0   0  10  0.10 0.08
  197 L   -1 -1  1 -1 -2  1  1  0 -1  1  0  1  2 -2 -2  0  1 -3 -2  0    1   0   9   0   0   9   9   9   0   9   9   9   9   0   0   9   9   0   0   9  0.08 0.10
  198 R   -2  5 -1 -1 -3  0  2 -2  2 -3 -3  2 -2 -3  1  0 -1 -3 -2 -3    1  43   0   1   0   0  13   1   6   1   1  16   0   0   5   9   1   0   0   1  0.55 0.20
  199 V    0 -2 -2 -2  3 -2 -2 -2 -2  2  1  0  0 -1 -2  0  0 -3 -2  2    8   1   0   1   9   0   1   1   0  15  12   7   0   0   1  11   6   0   0  27  0.17 0.10
  200 R   -1  4  1 -2  2  1 -1 -2 -1  0 -2  2 -1 -3 -2  0  1 -3 -2  0    1  29   9   0   6   9   0   1   0   8   1  14   0   0   0   5  10   0   0   6  0.27 0.14
  201 A    2 -1  1  0 -2 -1 -1  0 -1  0 -1  1 -1 -2 -1  1  0 -3  0  0   23   0  10   7   0   0   1   7   0   6   3  10   0   0   2  14   0   0   4  12  0.10 0.09
  202 E    1  1 -1  2  2  1  3 -2  2 -3 -3  1 -2 -3  2 -1 -1 -3 -2 -2   13   5   0  10   7   6  27   1   7   0   1  10   0   0   9   1   1   0   0   1  0.32 0.13
  203 Y    0 -2 -3 -3 -2 -2 -1 -3 -1  1  1 -2  2  2 -3 -1 -2 -1  5  1    9   0   0   0   0   0   4   1   0  10  17   1   6   9   0   3   1   0  27  11  0.31 0.16
  204 C    1 -2  0 -1  5 -1 -1  1 -2 -2 -1 -1 -2 -3  1  1  0 -1 -2 -1   15   0   5   3  21   0   4  10   0   0   7   4   0   0   6  14   3   1   0   4  0.26 0.14
  205 Q    1  0  1  1  2  2  2 -2 -1 -2 -2 -1 -2 -3  2  1 -1 -3 -2 -1   13   5   6   9   6  15  15   1   1   0   1   1   0   0  11   9   1   0   0   7  0.24 0.13
  206 H   -2 -2 -2 -2 -4  1  0 -3  7 -3 -3  1 -3 -3  1  2 -2 -3  2 -1    1   0   0   0   0   6   6   1  32   0   1  11   0   0   8  17   1   0   8   6  0.66 0.32
  207 E    0  0  0  2 -3  1  3  0  1  0 -2  0 -2 -3  0  0  0 -3 -2 -1    5   6   4  11   0   6  22   9   4   8   1   4   0   0   4   6   5   0   0   5  0.17 0.12
  208 T    1 -1  0  1  0 -1  1 -1 -2 -1 -3  0 -2 -4  3  2  2 -4 -3 -2   11   1   3   9   2   0  12   3   0   4   0   4   0   0  17  15  18   0   0   0  0.34 0.20
  209 A    4 -2 -1  1 -2 -2  0 -2  0  1 -2 -1 -2 -3  0  0 -1  4 -2  1   44   0   3   7   0   0   6   1   3   9   1   2   0   0   4   3   0   6   0   9  0.33 0.24
  210 L   -1 -3 -3 -4  0 -3 -3 -4 -3  0  4 -1  1  0 -3  0 -2 -3 -2  1    3   0   0   0   2   0   1   1   0   0  63   4   3   3   0   8   0   0   0  10  0.57 0.30
  211 Q    0  3 -1 -1 -3  3  1 -2  1 -2 -1  0  1  0 -2  0  0 -3 -2 -1   10  24   0   1   0  17  10   2   4   0   4   0   4   5   0   5   5   0   0   4  0.25 0.19
  212 G   -1  0  1  1  3  3  1  2 -1 -3 -2  0  0 -3 -2  0  0 -3 -2 -2    4   4   6   8   8  20   7  20   0   1   3   5   3   0   1   3   4   0   0   1  0.26 0.16
  213 N    0  0  4  0 -3  1 -1  2 -1 -2 -1  0 -2  0 -2  0 -1 -3 -2 -1    7   6  27   4   0   7   1  18   0   2   9   5   0   5   0   4   0   0   0   3  0.24 0.18
  214 V    0  0 -3 -3 -2 -2 -1 -3 -3  2  0 -1  0  0  1 -2 -1 -3 -2  4    8   8   0   0   0   0   5   1   0  13   2   3   2   4   7   1   0   0   0  44  0.35 0.24
  215 F    1 -2  0 -1  1 -1 -2 -1  1 -1  0 -2  0  4 -3  0 -1 -2  1  0   16   0   6   3   4   3   1   4   4   0   7   0   3  28   0   8   1   0   2   7  0.19 0.17
  216 S    0  2 -1 -2 -3 -2 -2 -1 -2 -3 -3  0  0  0 -3  4  1 -4 -3 -1    3  13   0   0   0   0   0   4   0   0   1   4   3   5   0  52   8   0   0   5  0.51 0.34
  217 N   -1  2  4  3 -3 -1  1 -2 -2 -2 -2  0 -2 -3  0  0 -1 -4 -3  0    4  12  23  20   0   0   6   0   0   1   5   5   0   0   3   7   2   0   0  10  0.31 0.20
  218 K   -2  4 -1  2 -4  0  1 -1 -2 -3 -1  3 -2 -3  0 -1  0 -4 -3 -3    0  25   0  11   0   0   9   4   0   0   8  28   0   0   4   3   5   0   0   0  0.42 0.25
  219 Q    1  1 -1 -2 -3  3  0 -1  0 -3 -1 -1 -2 -4  5  0 -2 -4 -3 -2   13   9   2   0   0  20   5   3   3   0   8   0   0   0  28   4   0   0   0   1  0.53 0.27
  220 D   -2  1  0  4 -4  3  2 -1  0 -4 -4 -1 -3 -4  0  1  0 -4 -3 -3    0   8   4  24   0  20  17   4   2   0   1   0   0   0   3   9   5   0   0   0  0.48 0.26
  221 P    1  0 -2 -1 -3 -2 -1  2 -1 -3 -1 -1 -2 -2  5  1  0 -3 -3 -2   11   5   0   3   0   0   2  14   2   1   5   1   0   2  35   9   7   0   0   1  0.57 0.24
  222 L   -1 -3 -3 -3 -3 -2 -2 -3 -2  0  3 -1  0  2  3 -1 -1 -2  2  0    2   0   0   0   0   0   2   0   0   4  36   3   1  11  16   4   4   0   8   7  0.34 0.20
  223 E    1  0  1  1 -3  0  3  0 -2 -3 -3  0 -1 -3  0  0  0 -3 -3 -1   16   4   8   6   0   0  31   7   0   0   1   5   2   0   5   5   6   0   0   4  0.29 0.18
  224 R   -3  6  0 -3 -2  0 -2 -1 -2 -4 -4  3 -3 -4  0 -2 -3 -4 -3 -4    1  65   3   0   1   3   0   5   0   0   1  15   0   0   4   0   0   0   0   0  1.12 0.44
  225 Q    0  2 -2 -2 -3  6  0 -3  1  0  0 -1  0 -3  0 -1 -2 -3 -3 -2    7  10   0   0   0  47   4   1   3   6   9   0   3   0   5   4   0   0   0   0  0.54 0.31
  226 F   -1 -1 -3 -3 -2 -2 -1 -3 -3  1  2 -2  2  4 -3 -2 -2  3  0  1    5   5   0   0   0   0   5   1   0  10  28   0   5  26   0   0   0   5   0   8  0.36 0.19
  227 E   -2 -1  1  4 -4  0  3 -1  0 -3 -3  1 -3 -3  1 -1 -1  2 -3 -3    1   3   7  33   0   0  25   4   2   1   1   8   0   0   5   1   4   4   0   1  0.53 0.23
  228 R   -2  3 -2 -3  5 -2 -2 -2 -2  0  1  0  1 -1 -3 -2 -2 -3 -2  2    1  20   0   1  18   0   1   3   0   3  19   7   3   2   1   1   1   0   0  19  0.30 0.19
  229 F   -1 -4 -4 -5 -4 -4 -4 -4 -3 -2 -1 -4 -2  8 -5 -4 -3 -1  2 -3    6   0   0   0   0   0   0   0   0   0   0   0   0  86   0   0   0   0   4   0  1.69 0.44
  230 N    0 -1  2  0 -3  0  0  3 -1 -2 -1  1 -1 -3 -2  1 -1 -3 -3 -1    6   0  15   5   0   3   5  25   0   0   9   9   1   0   0  12   1   0   0   7  0.20 0.11
  231 Q   -2  3  0 -1 -4  5  2  0 -1 -2 -1  1 -2 -4 -3 -1 -2 -3 -3 -3    0  23   4   0   0  47   9   7   0   3   6   2   0   0   0   0   0   0   0   0  0.60 0.21
  232 A    4 -2 -2 -3 -2 -2 -2 -1 -2 -2 -2 -2 -2  4  1  0 -1 -2  2 -1   56   0   0   0   0   0   0   0   0   0   1   0   0  22   6   4   0   0   8   0  0.48 0.19
  233 N   -1 -1  2 -1  3  1  0  0 -1 -2 -2  1  0 -3 -1  2  1 -3 -2 -1    0   0  16   0   9   6   2   4   0   0   1  14   4   0   2  22  13   0   0   6  0.21 0.10
  234 T    3 -2  2 -1 -2 -1 -1  1 -2 -2 -2 -1 -1 -3 -1  1  2 -3 -2 -1   48   0  15   0   0   0   0   8   0   0   2   3   2   0   1   5  14   0   0   0  0.35 0.14
  235 I    0 -2 -2 -3 -2 -2 -2 -1 -3  3  2 -2  1 -1 -2 -1  1 -3 -2  2    8   0   0   0   0   0   0   4   0  27  23   0   1   0   0   4  12   0   0  17  0.22 0.09
  236 L   -2 -3 -4 -4 -2 -3 -4 -5 -4  2  5 -3  1 -1  1 -3 -2 -3 -2  1    0   0   0   0   0   0   0   0   0  10  73   0   0   0   9   0   0   0   0   7  0.69 0.21
  237 K    0  5 -1 -2 -4  0  0 -3  0 -4 -3  4 -2 -4  0  1 -1 -4 -3 -3    5  40   0   0   0   0   5   0   3   0   0  32   0   0   4  12   0   0   0   0  0.62 0.19
  238 S    2  1  1 -1 -2 -1 -1  0 -1 -2 -3  2 -2 -2 -2  3  1 -3  1 -1   17   6   5   0   0   0   0   6   0   0   0  18   0   0   0  30   6   0   6   5  0.24 0.12
  239 R    1  5 -2 -3 -3  0 -1 -3 -2  1 -1  1 -1 -3 -3 -2 -2 -1 -2  0   14  53   0   0   0   3   0   0   0  16   4   5   0   0   0   0   0   1   0   4  0.52 0.19
  240 D   -1 -1 -1  4  1 -1  2  0 -2  0 -2  1 -2 -3 -2 -1  0 -4 -3  0    3   0   0  36   3   0  18   5   0  10   0  10   0   0   0   2   6   0   0   7  0.34 0.13
  241 L   -1  1 -2 -1 -3 -1 -2  1 -3 -1  2 -1  0 -2  4 -2 -2 -3 -3 -1    3  13   0   4   0   3   0  16   0   0  39   0   0   0  22   0   0   0   0   0  0.37 0.15
  242 G   -1 -3  1 -2 -4 -3 -3  6 -3 -5 -5 -3 -4 -4 -3  0 -3 -4 -4 -4    0   0   6   0   0   0   0  89   0   0   0   0   0   0   0   5   0   0   0   0  1.44 0.29
  243 S    0 -2 -1  0  6 -1  1 -2 -2 -3 -1 -2 -2 -3 -2  4  0 -3 -2 -2    1   0   0   4  28   0  12   0   0   0   7   0   0   0   0  45   3   0   1   0  0.59 0.19
  244 I   -2 -4 -4 -4  2 -3 -4 -4 -3  4  1 -3  0  3 -4 -3 -1 -2  1  3    0   0   0   0   7   0   0   0   0  33   6   0   0  15   0   0   0   0   4  35  0.48 0.14
  245 I   -2 -2 -2 -4  2 -3 -3 -4 -3  3  2 -1  0  1 -3 -2 -1  4 -1  3    0   0   2   0   5   0   0   0   0  31  19   7   0   5   0   0   0   7   0  23  0.34 0.11
  246 C   -2 -5 -4 -5 10 -4 -5 -4 -4 -2  0 -5 -2  1 -4 -3 -3 -3 -3 -2    0   0   0   0  84   0   0   0   0   0   7   0   0   8   0   0   0   0   0   0  2.08 0.35
  247 D   -2 -2  2  4 -3 -1  0 -2  3 -2 -3 -1 -2 -2 -2  0  1 -3  1  0    0   0  13  37   0   0   0   1  12   0   0   0   0   0   0   6   8   0   8  15  0.39 0.12
  248 I   -2 -3 -4 -4 -2 -3 -4 -5 -4  4  4 -3  1  1 -4 -3 -2 -3 -2  1    0   0   0   0   0   0   0   0   0  50  46   0   0   5   0   0   0   0   0   0  0.65 0.15
  249 K   -2  3 -1  2 -4  1  1 -2 -1 -4 -3  4 -2 -3 -2  0 -1  4 -2 -3    0  22   0  14   0   4   7   0   0   0   0  40   0   0   0   5   0   7   0   0  0.54 0.13
  250 F   -1 -4 -4 -5  2 -4 -4 -4 -3 -1 -1 -4 -1  8 -5 -3 -3  0  2 -2    7   0   0   0   5   0   0   0   0   0   0   0   0  87   0   0   0   0   0   0  1.31 0.25
  251 S   -1 -2  2  1 -2 -1  0 -2 -2 -2 -2 -1 -2  0  2  3  3 -3 -2 -1    0   0  10   6   0   0   3   0   0   0   0   0   0   7  12  36  22   0   0   4  0.35 0.11
  252 E   -2  2  0  4 -4  2  4 -3 -1 -4 -4  0 -3 -4 -2  0 -1 -4 -3 -3    0  15   0  31   0  10  38   0   0   0   0   0   0   0   0   5   0   0   0   0  0.68 0.14
  253 L   -1 -3 -3 -2 -2 -3 -3 -4 -3  1  4 -3  1 -1  1 -2 -1 -3 -2  2    5   0   0   3   0   0   0   0   0   2  62   0   0   0   7   0   3   0   0  18  0.42 0.12
  254 T    0 -2  1  1  4 -1  0  1  1 -3 -3 -1 -2 -3 -2  2  2 -3 -2 -2    2   0   4  11  15   0   4  12   6   0   0   0   0   0   0  26  21   0   0   0  0.33 0.10
  255 Y    0 -2  2 -1  4  1 -1 -2  4 -3 -3 -1 -2  0 -3  0 -1 -1  5 -2    7   0  16   2  12   8   0   0  14   0   0   1   0   0   0   8   0   0  32   0  0.45 0.13
  256 L   -2 -3 -4 -4 -2 -3 -4 -4 -2  1  4 -3  1  0 -4 -3 -2 -2  3  1    0   0   0   0   0   0   0   0   0   2  76   0   0   0   0   0   0   0  15   7  0.67 0.16
  257 D   -2  1  0  5 -4  0  3 -2 -2 -4 -4  2 -3 -4 -2 -1 -2 -5 -3 -4    0   6   0  54   0   0  26   0   0   0   0  14   0   0   0   0   0   0   0   0  0.86 0.17
  258 A    4 -2 -1  0 -2 -1  2 -1 -2 -2 -3 -1 -2 -3 -2  1  2 -3 -3 -1   52   0   0   4   0   0  20   0   0   0   0   0   0   0   0   6  17   0   0   0  0.43 0.14
  259 F   -3 -4 -4 -5 -3 -4 -4 -4 -3 -1  1 -4 -1  8 -5 -4 -3  0  2 -2    0   0   0   0   0   0   0   0   0   0  13   0   0  87   0   0   0   0   0   0  1.37 0.24
  260 W   -4 -4 -5 -6 -4 -3 -4 -4 -3 -3  0 -4 -2  0 -5 -4 -4 11  3 -4    0   0   0   0   0   0   0   0   0   0  12   0   0   0   0   0   0  81   7   0  2.73 0.33
  261 R    1  4  1 -2 -2  0 -1  2  3 -3 -3  0 -2 -3 -2  1 -1 -3 -2 -3   19  33   7   0   1   2   0  15  13   0   0   0   0   0   0   9   1   0   0   0  0.36 0.11
  262 D    0  0  0  6 -4 -1  0  0 -2 -3 -3 -1  0 -4 -2  0 -2 -4 -4 -3    8   7   0  67   0   0   0   8   0   0   0   0   5   0   0   4   0   0   0   0  0.78 0.17
  263 Y   -3 -3 -3 -4 -4 -3 -3 -4  3 -3 -3 -3 -2  2 -4 -3 -3  1  8 -3    0   0   0   0   0   0   0   0   7   0   0   0   0   0   0   0   0   0  93   0  1.79 0.30
  264 I   -1  1  0 -2  0  0 -2 -3 -2  1  2 -1  1  1 -3  0  1 -2 -1  0    0  12   7   0   2   8   0   0   0  13  27   0   2   7   0   6  10   0   0   5  0.10 0.05
  265 N   -1  1  3  3 -2 -1  0 -1 -1 -3 -3  0 -2 -3 -2  3  2 -4 -3 -3    0   7  18  21   0   0   0   0   0   0   0   1   0   0   0  41  11   0   0   0  0.48 0.13
  266 G   -1 -3  1 -2 -4 -2  0  6 -3 -5 -5 -2 -4 -4 -3 -1 -2 -4 -4 -4    0   0   7   0   0   0   7  85   0   0   0   0   0   0   0   0   0   0   0   0  1.24 0.20
  267 S    3  1  0  1 -2  1 -1 -1 -2 -2 -3  0 -2 -3 -2  3  0 -3 -2 -1   34   8   3   7   0   7   0   0   0   0   0   4   0   0   0  33   0   0   0   3  0.32 0.11
  268 L   -3 -3 -5 -5 -2 -3 -4 -5 -4  1  5 -4  1 -1 -4 -4 -2 -3 -2  0    0   0   0   0   0   0   0   0   0   0 100   0   0   0   0   0   0   0   0   0  0.99 0.21
  269 L   -1  2 -2 -2  2 -1 -2 -2 -2 -1  2  1  0 -2 -3  2  0 -3 -2 -1    0  17   0   0   5   0   0   1   0   0  39   8   0   0   0  28   1   0   0   0  0.23 0.11
  270 E   -1  2 -1  2 -4  2  4 -3 -1 -3 -3  2 -2 -3 -2 -1  0 -3  0 -3    1   9   0   9   0  11  40   0   0   0   0  18   0   0   0   0   7   0   4   0  0.49 0.12
  271 A    3 -2 -2  0 -2 -2 -2 -1 -2  0  0 -2 -1 -2 -2  0  2 -3  0  0   52   0   0   7   0   0   0   0   0   9  10   0   0   0   0   0  17   0   4   0  0.28 0.12
  272 L   -2 -3 -4 -5 -2 -3 -4 -5 -4  2  5 -3  2 -1 -4 -3 -2 -3 -2  1    0   0   0   0   0   0   0   0   0   6  87   0   2   0   0   0   0   0   0   5  0.80 0.18
  273 K   -1  2  1 -1 -3  0  1 -2 -1 -1 -1  3  2 -3 -2  0  2 -3 -2 -1    4  12   8   0   0   0   8   0   0   5   0  27  13   0   0   0  24   0   0   0  0.26 0.10
  274 G    1  2  1  1 -3  0 -1  4 -2 -3 -3  1 -2 -4 -2  0 -1 -3 -3 -2   11  17   7  10   0   4   0  38   0   0   0   7   0   0   0   4   0   0   0   1  0.40 0.09
  275 V   -1 -2  1 -2 -2 -1  1 -1 -2  1  0 -2  1 -2 -3 -2 -1 -3 -2  4    0   0  10   0   0   0  17   5   0   4   7   0   3   1   0   0   0   0   0  49  0.22 0.11
  276 F   -3 -3 -4 -4 -3 -3 -4 -4 -3  0  4 -4  0  5 -4 -3 -2 -1  1  0    0   0   0   0   0   0   0   0   0   1  53   0   0  44   0   0   0   0   0   1  0.76 0.17
  277 I   -2 -1 -4 -4 -2 -3 -3 -4 -4  4  3 -3  1 -1 -3 -3 -1 -3 -2  2    0   4   0   0   0   0   0   0   0  49  35   0   0   0   0   0   0   0   0  10  0.52 0.13
  278 T    0 -2  0 -2 -2 -2 -2 -2  2 -2 -2 -2 -2 -3 -2  1  6 -3 -2 -1    8   0   2   0   0   0   0   0   6   0   0   0   0   0   1   5  78   0   0   0  0.78 0.20
  279 D   -2 -2  0  5 -4  0  4 -2 -2 -4 -4 -1 -3 -4  2  0 -2 -4 -3 -4    0   0   0  51   0   0  34   0   0   0   0   0   0   0   9   5   0   0   0   0  0.87 0.17
  280 S    1  0  0  3 -3  0  2  0 -1 -3 -3  0 -2 -4 -2  3  0 -4 -3 -3   13   4   0  27   0   0  16   4   0   0   0   3   0   0   0  31   1   0   0   0  0.41 0.11
  281 L   -2 -2 -1 -3 -2 -2 -3 -3 -3  1  3 -1  4 -1 -3 -1  0 -3 -2  0    0   0   4   0   0   0   0   0   0   8  49   5  22   0   0   3   8   0   0   0  0.38 0.12
  282 K   -2  5 -1 -2 -4  2 -1 -3  2 -3 -3  3  0 -3 -2 -1  0 -3 -2 -3    0  50   0   0   0   7   0   0   6   0   0  22   3   0   0   0   5   0   0   0  0.60 0.15
  283 Q    2  2 -1 -1 -2  2  2 -1 -1 -2 -2  1  0 -3 -2  2  1 -3 -2 -2   23  11   1   1   0  16  13   0   0   0   1   8   3   0   0  18   7   0   0   0  0.28 0.08
  284 A    4 -1 -3 -3 -2 -2 -2 -1 -2 -1  0  0 -1  2 -1  0 -1 -3 -1 -1   64   4   0   0   0   0   0   0   0   0  13   6   0  12   1   0   0   0   0   0  0.38 0.14
  285 V    2 -2 -2 -2 -2 -1  2 -2  2  0 -1 -2 -1  0 -2 -1 -1 -3 -1  3   24   0   0   0   0   0  20   0   6   0   0   0   0   5   0   0   0   0   0  44  0.27 0.12
  286 G   -1 -3 -1 -2 -4  0  0  6 -3 -5 -4 -2 -3 -4 -3 -1 -2 -4 -4 -4    0   0   0   0   0   6   8  85   0   0   0   0   0   0   0   0   0   0   0   0  1.22 0.20
  287 H    1  2  0 -1 -2  1 -1  3  4 -3 -3  0 -2 -3 -2  0 -1 -3 -1 -2   12  17   3   1   0  10   1  24  20   0   1   1   0   0   0   4   3   0   0   1  0.31 0.08
  288 E    0 -1 -1  1 -4  1  5 -3  0 -4 -3  0 -3 -3 -2 -1 -2 -3  1 -3   10   0   0   5   0   0  76   0   2   0   0   0   0   0   0   0   0   0   8   0  0.79 0.16
  289 A    2 -1  0  4 -2 -1  1  1 -2 -3 -3 -1 -2 -3 -1  0  1 -4 -3 -2   33   3   0  34   0   0   8   9   0   0   0   0   0   0   0   2   9   0   0   0  0.37 0.09
  290 I   -1 -3 -4 -4 -2 -3 -3 -4 -4  4  3 -3  1 -1 -3 -3 -1 -3 -2  3    0   0   0   0   0   0   0   0   0  32  29   0   1   0   0   0   0   0   0  38  0.50 0.10
  291 K   -2  4 -1 -2 -2  1  1 -3  0 -3 -2  3  1 -1 -2 -1 -2 -1  3 -2    0  36   0   0   1   3   9   0   0   0   0  24   8   0   0   0   0   0  19   0  0.46 0.11
  292 L   -2 -3 -4 -4 -2 -3 -3 -4 -3  2  4 -3  1  2 -3 -3 -2 -2 -1  2    0   0   0   0   0   0   0   0   0  10  63   0   1   9   0   0   0   0   0  17  0.50 0.10
  293 L   -2  2 -2 -1 -2 -1 -2 -3  4  0  3 -1  1 -1 -3  0 -1 -3 -1 -1    0  15   0   3   0   0   0   0  16   0  54   0   2   0   0   9   0   0   0   0  0.29 0.10
  294 V   -1 -3 -4 -4 -2 -3 -3 -4 -4  3  0 -3  1 -2 -3 -3 -1 -4 -2  5    0   0   0   0   0   0   0   0   0   8   0   0   3   0   0   0   0   0   0  89  0.75 0.16
  295 N   -1  1  3  0 -3  0  3 -1 -1 -3 -3  0 -2 -3 -2  3  1 -4 -2 -2    0  11  22   0   0   0  25   0   0   0   0   0   0   0   0  32  10   0   0   0  0.41 0.09
  296 V   -1 -3 -4 -4 -2 -3 -3 -4 -4  2  1 -3  3 -1 -3 -2 -1 -3 -2  5    0   0   0   0   0   0   0   0   0   8  11   0  10   0   0   0   0   0   0  72  0.54 0.12
  297 D   -2  0  0  5 -3 -1  0 -2 -2 -2  0 -1 -2 -3 -2  1 -1 -4 -3 -2    0   8   0  62   0   0   1   0   0   0  17   0   0   0   0  12   0   0   0   0  0.58 0.11
  298 E   -1  0 -1  1 -4  3  4  1 -1 -4 -3  1 -2 -2 -2 -1 -1 -2  1 -3    0   0   0   6   0  16  50  11   0   0   0   8   0   0   0   0   0   0   8   0  0.51 0.09
  299 E    0 -1  2  4 -3  0  3 -1 -1 -3 -3  0 -3 -4 -2  1 -1 -4 -3 -3   12   0  10  34   0   0  35   1   0   0   0   0   0   0   0   7   0   0   0   0  0.55 0.09
  300 D   -1 -2  0  6 -4  1  2 -2 -2 -4 -4 -1 -3 -4 -2 -1 -2 -5 -3 -3    6   0   0  76   0   8  10   0   0   0   0   0   0   0   0   0   0   0   0   0  0.97 0.14
  301 Y   -2 -3 -3 -4 -3 -2 -3 -1  1 -2 -2 -3 -2  3 -4 -2  0  1  8 -2    0   0   0   0   0   0   0   7   0   0   0   0   0   4   0   1   7   0  81   0  1.08 0.17
  302 E   -2  1 -1  0 -4  2  5 -3 -1  1 -2  0 -2 -3 -2 -1 -1 -3 -2 -1    0  11   0   0   0   7  64   0   0  17   1   0   0   0   0   0   0   0   0   0  0.54 0.11
  303 L    1  3 -1  2 -2  1  2 -2 -1 -1 -1  1 -1 -3 -2  0 -1 -3 -2  0   23  26   0  13   0   2  16   0   1   0   6   5   0   0   0   0   0   0   0   8  0.21 0.04
  304 G    0 -3 -1 -2  4 -2 -3  5 -3 -2 -3 -2 -2 -3 -2 -1 -2 -3 -3  0    0   1   0   0  12   0   0  75   0   0   0   0   0   0   1   0   0   0   0  12  0.81 0.09
  305 R   -2  6 -1 -2 -4  1 -1 -3 -1 -4 -3  2 -2 -3 -3 -1 -2 -3 -2 -3    0  97   0   0   0   2   0   0   0   0   0   1   0   0   0   0   0   0   0   0  1.04 0.10
  306 Q   -1  5 -1 -1 -2  3  0 -2  0 -3 -2  3  0 -3 -2 -1 -1 -3 -2 -2    0  56   0   1   1  16   0   0   1   0   3  17   4   0   0   2   0   0   0   1  0.55 0.06
  307 K   -1  3 -1 -2 -3  2  0 -3  0 -1  1  2  0 -2 -2 -1 -1 -3 -2 -1    0  30   0   0   0  15   0   0   3   3  25  23   0   0   0   0   1   0   0   1  0.27 0.04
  308 L   -2 -3 -4 -4 -2 -3 -3 -4 -3  1  5 -3  2  0 -3 -3 -2 -2 -2  0    0   0   0   0   0   0   0   0   0   0 100   0   0   0   0   0   0   0   0   0  0.68 0.08
  309 L    0  0 -3 -3  4 -2 -3 -3 -3  0  3 -2  1 -1 -3 -1 -1 -2 -2  0   14   9   0   0  15   0   0   0   0   1  58   0   2   0   0   1   1   0   0   0  0.28 0.05
  310 R    0  3 -1  1 -1  1  2 -1 -1 -1 -2  1 -1 -3 -2  0 -1 -3 -2  0   10  27   1   7   2   6  24   2   0   0   1   3   1   0   0   2   0   0   0  16  0.21 0.03
  311 N    0  1  4  0 -2  0 -1 -1  0 -3 -3  0 -2 -3 -2  2  2  2 -2 -2    3   8  41   2   0   0   0   1   1   0   0   2   0   0   0  20  17   4   0   0  0.38 0.05
  312 L   -1  0 -2 -2 -2  0 -2  1 -2  0  2  0  1 -1 -2 -1  1  0 -2  0    0   6   0   0   0   4   0  16   0   0  44   8   2   0   0   0  14   1   0   5  0.13 0.03
  313 M    0 -2 -2 -3 -2 -1 -2 -2  0  2  1 -2  4 -1 -3 -1 -1 -3 -1  2    5   1   0   0   0   0   2   2   4  20   7   0  33   0   0   2   1   0   0  24  0.23 0.05
  314 L   -1 -2 -3 -3 -2  0 -2 -2 -2  1  3 -2  2  0  1 -1 -1 -2 -2  1    3   0   0   0   0   6   0   2   0   1  62   0  10   0   8   2   3   0   0   4  0.28 0.05
  315 Q    0  1  0  0 -3  4  2 -1  1 -3 -3  2 -1 -3  0  2  0 -3 -2 -2    2   5   0   0   0  32  15   1   4   0   0  17   0   0   2  22   1   0   0   0  0.38 0.05
  316 A    2 -1  0 -1 -1 -1 -1  1 -2 -2 -2 -1 -1 -3 -1  3  2 -3 -2 -1   32   0   0   0   0   0   0   8   0   0   0   0   0   0   1  35  25   0   0   0  0.34 0.04
  317 L    2 -2 -1 -1 -1 -1 -1  2 -2 -1  0 -1 -1 -2 -1  2  0 -3 -2 -1   31   0   0   0   0   0   0  18   0   0  18   0   0   0   0  33   0   0   0   0  0.23 0.02
  318 P   -1 -2 -2 -2 -3 -1 -1 -2 -2 -3 -3 -1 -3 -4  8 -1 -1 -4 -3 -3    0   0   0   0   0   0   0   0   0   0   0   0   0   0 100   0   0   0   0   0  2.06 0.01

                      K         Lambda
Standard Ungapped    0.1387     0.3223
Standard Gapped      0.0389     0.2670
PSI Ungapped         0.1284     0.3120
PSI Gapped           0.0389     0.2670
