
Last position-specific scoring matrix computed, weighted observed percentages rounded down, information per position, and relative weight of gapless real matches to pseudocounts
           A  R  N  D  C  Q  E  G  H  I  L  K  M  F  P  S  T  W  Y  V   A   R   N   D   C   Q   E   G   H   I   L   K   M   F   P   S   T   W   Y   V
    1 M   -2 -2 -3 -4 -2 -1 -3 -4 -3  0  1 -2  9 -1 -4 -2 -2 -2 -2  0    0   0   0   0   0   0   0   0   0   0   0   0 100   0   0   0   0   0   0   0  1.12 0.18
    2 G    0 -3 -1 -2 -3 -3 -3  7 -3 -5 -5 -2 -4 -4 -3 -1 -2 -3 -4 -4    0   0   0   0   0   0   0 100   0   0   0   0   0   0   0   0   0   0   0   0  1.37 0.12
    3 G    0 -3 -1 -2 -3 -2 -3  6 -3 -5 -4 -2 -3 -4 -3 -1 -2 -3 -4 -4    1   0   1   0   0   0   0  96   0   0   0   0   0   0   0   2   0   0   0   0  1.28 0.12
    4 K   -1  2 -1 -1 -4  1  0 -2 -1 -3 -3  6 -2 -4 -2 -1 -1 -4 -3 -3    0   0   0   0   0   1   0   0   0   0   0  99   0   0   0   0   0   0   0   0  0.90 0.13
    5 W   -4 -4 -5 -6 -3 -3 -4 -4 -4 -4 -3 -4 -3  0 -5 -4 -4 12  1 -4    0   0   0   0   0   0   0   0   0   0   0   0   0   0   0   0   0  99   0   0  3.14 0.22
    6 S    1 -2  0 -1 -2 -1 -1 -1 -2 -3 -3 -1 -2 -3 -2  5  1 -4 -2 -2    0   0   0   0   0   0   0   0   0   0   0   0   0   0   0 100   0   0   0   0  0.79 0.14
    7 K   -1  2 -1 -1 -4  1  0 -2 -1 -4 -3  6 -2 -4 -2 -1 -1 -4 -3 -3    0   0   0   0   0   0   0   0   0   0   0 100   0   0   0   0   0   0   0   0  0.91 0.14
    8 H   -1  5  0 -2  2  0 -1 -1 -1 -3 -2  1 -2 -3 -1  2 -1 -2 -2 -3    0  53   3   0   7   0   0   1   1   0   1   0   0   0   1  29   0   0   0   0  0.44 0.08
    9 S    0  0  0 -1 -1 -1 -1  0 -1 -2 -3  0 -2 -3 -1  5  1 -3 -2 -2    0   5   1   0   1   0   0   3   0   4   0   4   0   0   0  79   1   0   0   1  0.48 0.10
   10 V    0 -1 -2 -3 -2 -2 -2  1 -3  2  1 -1  2 -1 -2 -1  0 -3 -2  3    2   3   0   0   0   0   2  14   0   7   8   3  14   1   0   0   2   0   0  40  0.14 0.04
   11 P    0 -2 -1 -1 -2 -2 -1  2 -2  1 -1 -2 -1 -2  3  0  0 -3 -2  2    4   1   1   4   0   0   2  22   0   8   1   1   0   1  14   4   3   0   0  30  0.18 0.03
   12 G    0 -3 -1 -2 -3 -2 -2  6 -3 -5 -4 -2 -3 -4 -3 -1 -2 -3 -4 -4    0   0   0   1   0   0   2  96   0   0   0   0   0   0   0   0   0   0   0   0  1.27 0.12
   13 W   -4 -4 -5 -6 -4 -3 -4 -4 -4 -4 -3 -4 -3  0 -5 -4 -4 12  1 -4    0   0   0   0   0   0   0   0   0   0   0   0   0   0   0   0   0 100   0   0  3.18 0.22
   14 S    0 -2  0 -1 -3 -1 -1 -2 -2 -3 -3 -1 -3 -3  7  2  0 -4 -3 -3    3   0   4   2   0   1   0   0   0   0   0   0   0   1  65  21   2   0   0   0  1.28 0.10
   15 T    4 -1 -1 -2 -1 -1 -1 -1 -2 -1 -2 -1 -1 -3 -1  1  3 -3 -2  0   55   2   1   0   0   0   1   0   0   1   1   2   0   0   0   2  33   0   0   1  0.37 0.08
   16 V   -1 -3 -4 -4 -1 -3 -3 -4 -4  4  1 -3  0 -1 -3 -2 -1 -3 -2  4    0   0   0   0   0   0   0   0   0  32   0   0   0   0   0   0   0   0   0  66  0.54 0.09
   17 R   -2  7 -1 -2 -4  0 -1 -3 -1 -4 -3  2 -2 -4 -3 -1 -2 -3 -2 -3    0  97   0   0   0   0   0   0   0   0   0   0   0   0   0   0   0   0   0   0  1.13 0.13
   18 E   -1 -1 -1  2 -4  1  6 -3 -1 -4 -4  0 -3 -4 -2 -1 -2 -4 -3 -3    0   0   0   6   0   0  91   0   0   0   0   0   0   0   0   0   0   0   0   0  0.96 0.12
   19 R   -2  7 -1 -2 -4  0 -1 -3 -1 -4 -3  2 -2 -3 -3 -1 -2 -3 -2 -3    0  92   0   0   0   0   0   1   0   0   0   5   0   0   0   0   0   0   0   0  1.04 0.12
   20 M   -2 -2 -3 -4 -2 -1 -3 -3 -2  1  1 -2  8 -1 -3 -2 -1 -2 -2  0    0   0   0   0   0   0   0   0   0   4   0   0  92   0   0   0   0   0   0   1  0.93 0.16
   21 R   -2  6 -1 -2 -3  1  0 -2 -1 -3 -2  2 -2 -3 -2 -1 -1 -3 -2 -3    1  79   0   0   0   1   1   1   0   0   1  10   0   0   0   1   1   0   0   1  0.81 0.10
   22 R   -2  6 -1 -2 -4  1  0 -3 -1 -3 -2  2 -1 -3 -2 -1 -2 -3 -2 -3    1  86   0   1   0   5   1   1   0   0   1   1   1   0   0   1   1   0   0   1  0.88 0.11
   23 A    4 -1 -1 -2 -1 -1 -1 -1 -2 -1 -1 -1 -1 -2 -1  1  2 -2 -2  0   58   3   1   1   0   1   1   1   0   1   1   1   1   0   1   1  24   0   0   3  0.31 0.06
   24 E    0  1  0  1 -3  1  5 -1 -1 -3 -2  1 -2 -3 -1  0 -1 -3 -2 -2    5   6   1   4   0   3  60   4   0   1   1   5   0   1   2   1   1   0   1   3  0.45 0.06
   25 P   -1 -1 -2 -2 -3 -1 -1 -2 -2 -3 -3 -1 -2 -3  8 -1 -1 -3 -3 -2    2   4   1   1   0   1   2   1   0   1   1   1   1   1  80   1   1   0   0   1  1.62 0.10
   26 A    3  0 -1 -1 -1  0  0  0 -1 -1 -1  0  0 -1  0  1  0 -1 -1  0   41   6   2   2   1   2   6   5   1   2   4   3   2   2   4   4   7   1   1   5  0.11 0.02
   27 T    2  2  0  0 -1  0  1  0 -1 -1 -1  0 -1 -1  0  0  0 -1 -1 -1   28  16   2   3   1   2   9   4   1   3   4   3   1   2   4   4   7   1   2   4  0.09 0.01
   28 D    0  1  0  2 -1  1  2  0  0 -1 -1  0 -1 -1  0  0  0 -1 -1 -1    8  11   3  11   1   2  25   5   1   3   5   3   3   2   4   4   3   1   2   3  0.13 0.01
   29 R    1  2  0 -1 -1  0  0  1 -1 -1 -1  0 -1 -1  1  0  0 -1 -1 -1   18  23   2   3   1   2   6  10   1   3   4   3   2   2   8   4   4   1   2   3  0.11 0.01
   30 V    1  1  0  0 -1  0  1  0 -1 -1 -1  0  0 -1  0  0  0 -1 -1  0   13  14   2   3   1   3  14   6   1   3   5   4   5   2   4   4   3   1   2   9  0.05 0.00
   31 R    0  3  0 -1 -1  0  0  0 -1 -1 -1  1 -1 -2  3  0  0 -1 -1 -1   12  24   2   2   1   3   4   6   1   2   4   7   1   2  14   4   3   1   1   3  0.18 0.01
   32 Q    1  3  0 -1 -1  2  1 -1  0 -1 -1  1 -1 -2  0  0  0 -1 -1 -1   19  26   2   2   1  15   6   3   1   2   3   3   1   1   4   3   3   1   1   3  0.17 0.02
   33 T    3 -1  0 -1 -1 -1  0  0 -1 -1 -1 -1 -1 -2  1  1  1 -2 -1  0   41   3   2   3   1   1   3   5   1   2   3   2   1   1   5   3  16   0   1   4  0.15 0.02
   34 E   -1 -1 -1  1 -3  1  5 -2 -1 -3 -2  0 -2 -3  0  0 -1 -2 -2 -2    4   1   1   2   0   1  75   2   0   1   2   1   0   1   2   1   1   0   1   2  0.61 0.07
   35 P   -1 -2 -2 -2 -3 -1 -1 -1 -2 -2 -3 -1 -2 -3  7 -1 -1 -3 -3 -2    3   1   1   1   0   1   2   3   0   1   2   1   0   1  75   2   2   0   1   2  1.46 0.09
   36 A    5 -2 -2 -2 -1 -1 -1  0 -2 -2 -2 -1 -2 -3 -1  1 -1 -3 -2 -1   95   0   0   0   0   0   0   1   0   0   0   1   0   0   1   0   0   0   0   0  0.65 0.11
   37 A    5 -2 -2 -2 -1 -1 -1  0 -2 -2 -2 -1 -2 -3 -1  1 -1 -3 -2 -1   95   0   0   0   0   0   1   0   0   0   0   0   0   0   0   0   0   0   0   1  0.63 0.11
   38 V    0 -1  0  5 -3  0  3 -2 -1 -2 -2 -1 -2 -3 -1  0 -1 -4 -3  0    8   0   0  44   0   0  28   0   0   1   0   0   0   0   1   1   1   0   0  11  0.46 0.06
   39 G    0 -3 -1 -2 -3 -2 -3  6 -3 -4 -4 -2 -3 -4 -3 -1 -2 -3 -4 -4    2   0   0   0   0   0   0  96   0   0   0   0   0   0   0   0   0   0   0   0  1.25 0.11
   40 V   -1 -3 -3 -4 -1 -3 -3 -4 -4  2  0 -3  0 -1 -3 -2 -1 -3 -2  5    2   0   0   0   0   0   0   0   0   0   0   0   0   0   0   0   0   0   0  96  0.63 0.11
   41 G    0 -3 -1 -2 -3 -2 -2  6 -3 -4 -4 -2 -3 -4 -3 -1 -2 -3 -4 -4    1   0   0   0   0   0   1  96   0   0   0   0   0   0   0   0   0   0   0   0  1.26 0.11
   42 A    5 -2 -2 -2 -1 -1 -1  0 -2 -2 -2 -1 -2 -3 -1  1 -1 -3 -2 -1   95   0   0   0   0   0   0   0   0   0   0   0   0   0   2   1   0   0   0   0  0.65 0.11
   43 V    2 -3 -3 -3 -1 -2 -2 -2 -3  2  0 -2  0 -2 -2 -1  0 -3 -2  4   27   0   0   0   0   0   0   1   0   0   0   0   0   0   0   0   1   0   0  70  0.39 0.09
   44 S    1 -2  0 -1 -2 -1 -1 -1 -2 -3 -3 -1 -2 -3 -2  5  1 -4 -2 -2    0   0   0   0   0   0   0   0   0   0   0   0   0   1   0  99   0   0   0   1  0.76 0.13
   45 R   -2  7 -1 -2 -4  1 -1 -3 -1 -4 -3  2 -2 -4 -3 -1 -2 -4 -3 -3    0  97   0   0   0   2   0   0   0   0   0   0   0   0   0   0   0   0   0   0  1.14 0.14
   46 D   -3 -2  1  7 -4 -1  1 -2 -2 -4 -5 -1 -4 -4 -2 -1 -2 -5 -4 -4    0   0   0  99   0   0   1   0   0   0   0   0   0   0   0   0   0   0   0   0  1.34 0.14
   47 L   -2 -3 -4 -4 -2 -3 -4 -4 -4  1  5 -3  2  0 -4 -3 -2 -2 -2  0    0   0   0   0   0   0   0   0   0   0 100   0   0   0   0   0   0   0   0   0  0.73 0.11
   48 E    0 -1 -1  1 -4  1  6 -2 -1 -4 -4  0 -3 -4 -2 -1 -1 -4 -3 -3    6   0   0   3   0   0  89   2   0   0   0   0   0   0   0   0   0   0   0   0  0.90 0.12
   49 K   -1  4 -1 -1 -4  1  0 -2 -1 -3 -3  5 -2 -4 -2 -1 -1 -3 -2 -3    1  28   0   0   0   4   0   0   1   0   0  63   0   0   0   0   1   0   0   0  0.64 0.09
   50 H   -3  0  0 -2 -4  0 -1 -3  9 -4 -3 -1 -2 -2 -3 -2 -3 -3  2 -4    0   3   0   0   0   0   0   0  90   0   0   0   0   0   1   0   0   0   6   0  1.39 0.16
   51 G    0 -3 -1 -2 -3 -3 -3  7 -3 -5 -5 -2 -4 -4 -3 -1 -2 -3 -4 -4    0   0   0   0   0   0   0 100   0   0   0   0   0   0   0   0   0   0   0   0  1.37 0.12
   52 A    5 -2 -2 -3 -1 -1 -2  0 -2 -2 -2 -1 -2 -3 -1  1 -1 -3 -3 -1  100   0   0   0   0   0   0   0   0   0   0   0   0   0   0   0   0   0   0   0  0.72 0.12
   53 I   -2 -4 -4 -4 -2 -3 -4 -5 -4  6  1 -3  1 -1 -4 -3 -1 -3 -2  2    0   0   0   0   0   0   0   0   0  92   4   0   0   0   0   0   0   0   0   3  0.70 0.11
   54 T   -1 -2 -1 -2 -2 -1 -2 -2 -3 -1 -2 -1 -1 -3 -2  1  6 -3 -2 -1    0   0   0   0   0   0   0   0   0   0   0   0   0   0   0   0 100   0   0   0  0.89 0.14
   55 S    0 -1  1 -1 -2 -1 -1 -1 -2 -3 -3 -1 -2 -3 -2  5  1 -4 -2 -2    0   0   3   0   0   0   0   0   0   1   0   0   0   0   0  93   3   0   0   0  0.70 0.12
   56 S    0 -1  1 -1 -2 -1 -1 -1 -2 -3 -3 -1 -2 -3 -2  5  1 -4 -2 -2    0   1   3   0   0   0   0   0   0   0   0   0   0   0   0  93   1   0   0   0  0.70 0.13
   57 N   -2 -1  7  1 -4 -1 -1 -1  0 -4 -4 -1 -3 -4 -3  0 -1 -5 -3 -4    0   0  99   1   0   0   0   0   0   0   0   0   0   0   0   0   0   0   0   0  1.19 0.15
   58 T   -1 -2 -1 -2 -2 -1 -2 -2 -3 -1 -2 -1 -1 -3 -2  1  6 -3 -2 -1    0   0   0   0   0   0   0   0   0   0   0   0   0   0   0   0  99   0   0   0  0.87 0.14
   59 A    5 -2 -2 -2 -1 -1 -1 -1 -2 -2 -2 -1 -2 -3  2  1 -1 -3 -2 -1   85   0   0   0   0   0   0   0   0   0   0   0   0   0  11   1   0   0   0   1  0.60 0.10
   60 A    5 -2 -1 -2 -1 -1 -1  0 -2 -2 -2 -1 -1 -3 -1  1  1 -3 -2 -1   80   0   1   0   0   0   0   1   0   0   0   0   0   0   0   4  11   0   0   0  0.49 0.09
   61 T   -1 -1  4 -1 -2 -1 -1 -2 -1 -2 -2 -1 -2 -3 -2  1  5 -4 -2 -1    0   0  32   0   0   0   0   0   0   0   0   0   0   0   0   2  65   0   0   0  0.61 0.11
   62 N   -2 -1  7  1 -4 -1 -1 -1  0 -4 -4 -1 -3 -4 -3  0 -1 -5 -3 -4    0   0 100   0   0   0   0   0   0   0   0   0   0   0   0   0   0   0   0   0  1.21 0.15
   63 A    5 -2 -2 -2 -1 -1 -1  0 -2 -2 -2 -1 -2 -3  0  1 -1 -3 -3 -1   96   0   0   1   0   0   0   0   0   0   0   0   0   0   2   1   0   0   0   0  0.66 0.12
   64 D    1 -2  1  6 -3 -1  1 -2 -2 -4 -4 -1 -3 -4 -2  0 -1 -5 -4 -3   15   0   0  83   0   0   1   0   0   0   0   0   0   0   0   0   1   0   0   0  0.96 0.11
   65 C   -1 -4 -4 -5 10 -4 -5 -3 -4 -2 -2 -4 -2 -3 -4 -2 -2 -3 -3 -1    0   0   0   0  97   0   0   0   0   1   0   0   0   0   0   1   0   0   0   1  1.93 0.18
   66 A    5 -2 -2 -3 -1 -1 -2  0 -2 -2 -2 -1 -2 -3 -1  1 -1 -3 -3 -1   99   0   0   0   0   0   0   0   0   0   0   0   0   0   0   0   0   0   0   1  0.70 0.12
   67 W   -4 -3 -5 -6 -4 -3 -4 -4 -4 -4 -3 -4 -2  0 -5 -4 -4 12  1 -4    0   0   0   0   0   0   0   0   0   0   0   0   0   0   0   0   0  99   0   0  3.14 0.22
   68 L   -2 -3 -4 -4 -2 -3 -4 -4 -4  1  5 -3  2  0 -4 -3 -2 -2 -2  1    0   0   0   0   0   0   0   0   0   0  98   0   0   0   0   0   0   0   0   1  0.71 0.10
   69 E   -1 -1 -1  1 -5  1  6 -3 -1 -4 -4  0 -3 -4 -2 -1 -2 -4 -3 -3    1   0   0   0   0   0  99   0   0   0   0   0   0   0   0   0   0   0   0   0  1.08 0.14
   70 A    5 -2 -2 -2 -1 -1 -2  0 -2 -2 -2 -1 -2 -3 -1  1 -1 -3 -3 -1   98   0   0   0   0   0   0   0   0   0   0   0   0   0   0   1   0   0   0   0  0.70 0.12
   71 Y   -2  0 -1 -1 -4  7  1 -3  0 -4 -3  1 -1 -4 -2 -1 -2 -3 -2 -3    0   0   0   0   0  98   0   0   1   0   0   0   0   0   0   0   0   0   1   0  1.13 0.16
   72 E   -2 -1 -1  1 -5  2  6 -3 -1 -4 -4  0 -3 -4 -2 -1 -2 -4 -3 -3    0   0   0   0   0   1  98   0   0   0   0   1   0   0   0   0   0   0   0   0  1.07 0.14
   73 D   -2 -1  0  4 -4  1  5 -2 -1 -4 -4  0 -3 -4 -2 -1 -2 -4 -3 -3    0   0   0  33   0   0  65   0   0   0   0   0   0   0   0   0   0   0   0   0  0.85 0.10
   74 E   -2 -1 -1  1 -5  1  6 -3 -1 -4 -4  0 -3 -4 -2 -1 -2 -4 -3 -3    0   0   0   2   0   0  98   0   0   0   0   0   0   0   0   0   0   0   0   0  1.07 0.14
   75 E   -2 -1 -1  2 -4  1  6 -3 -1 -4 -4  0 -3 -4 -2 -1 -2 -4 -3 -3    0   0   0   4   0   0  95   0   0   0   0   0   0   0   0   0   0   0   0   0  1.03 0.13
   76 V   -1 -3 -4 -4 -1 -3 -3 -4 -4  2  0 -3  0 -2 -3 -2 -1 -4 -2  5    0   0   0   0   0   0   0   0   0   0   0   0   0   0   0   0   0   0   0 100  0.69 0.12
   77 G    0 -3 -1 -2 -3 -3 -3  7 -3 -5 -5 -2 -4 -4 -3 -1 -2 -3 -4 -4    0   0   0   0   0   0   0 100   0   0   0   0   0   0   0   0   0   0   0   0  1.37 0.12
   78 F   -3 -4 -4 -4 -3 -4 -4 -4 -2 -1  0 -4 -1  8 -5 -3 -3  0  2 -2    0   0   0   0   0   0   0   0   0   0   0   0   0 100   0   0   0   0   0   0  1.28 0.15
   79 P   -1 -3 -3 -2 -4 -2 -2 -3 -3 -4 -4 -2 -3 -5  8 -2 -2 -5 -4 -3    1   0   0   0   0   0   0   0   0   0   0   0   0   0  99   0   0   0   0   0  2.34 0.16
   80 V   -1 -3 -4 -4 -1 -3 -3 -4 -4  2  0 -3  0 -2 -3 -2 -1 -4 -2  5    0   0   0   0   0   0   0   0   0   0   0   0   0   0   0   0   0   0   0 100  0.70 0.12
   81 R   -2  6 -1 -2 -4  0 -1 -3 -1 -4 -3  3 -2 -4 -3 -1 -1 -3 -2 -3    0  82   0   0   0   0   0   0   0   0   0  14   0   0   0   0   2   0   0   0  0.93 0.12
   82 P   -2 -3 -3 -2 -4 -2 -2 -3 -3 -4 -4 -2 -3 -5  8 -2 -2 -5 -4 -3    0   0   0   0   0   0   0   0   0   0   0   0   0   0 100   0   0   0   0   0  2.35 0.16
   83 Q   -2  0 -1 -1 -4  7  1 -3  0 -4 -3  1 -1 -4 -2 -1 -2 -3 -2 -3    0   0   0   0   0 100   0   0   0   0   0   0   0   0   0   0   0   0   0   0  1.17 0.17
   84 V   -1 -3 -4 -4 -1 -3 -3 -4 -4  2  0 -3  0 -2 -3 -2 -1 -4 -2  5    0   0   0   0   0   0   0   0   0   0   0   0   0   0   0   0   0   0   0  99  0.69 0.12
   85 P   -2 -3 -3 -2 -4 -2 -2 -3 -3 -4 -4 -2 -3 -5  8 -2 -2 -5 -4 -3    0   0   0   0   0   0   0   0   0   0   0   0   0   0 100   0   0   0   0   0  2.37 0.16
   86 L   -2 -3 -4 -4 -2 -3 -4 -4 -4  1  5 -3  2  0 -4 -3 -2 -2 -2  0    0   0   0   0   0   0   0   0   0   0  98   0   0   0   0   0   0   0   0   1  0.71 0.10
   87 R   -2  7 -1 -2 -4  0 -1 -3 -1 -4 -3  2 -2 -4 -3 -2 -2 -4 -3 -3    0 100   0   0   0   0   0   0   0   0   0   0   0   0   0   0   0   0   0   0  1.19 0.14
   88 P   -2 -3 -3 -2 -4 -2 -2 -3 -3 -4 -4 -2 -3 -5  8 -2 -2 -5 -4 -3    0   0   0   0   0   0   0   0   0   0   0   0   0   0 100   0   0   0   0   0  2.37 0.16
   89 M   -2 -2 -3 -4 -2 -1 -3 -4 -3  0  1 -2  9 -1 -4 -2 -2 -2 -2  0    0   0   0   0   0   0   0   0   0   0   0   0 100   0   0   0   0   0   0   0  1.12 0.18
   90 T   -1 -2  0 -2 -2 -1 -2 -2 -2 -1 -2 -1 -1 -3 -2  1  6 -3 -2 -1    0   0   1   1   0   0   0   0   0   0   0   0   0   0   0   0  98   0   0   0  0.85 0.14
   91 Y   -3 -2 -3 -4 -3 -2 -3 -4  2 -2 -2 -3 -2  3 -4 -2 -2  2  8 -2    0   0   0   0   0   0   0   0   2   0   0   0   0   9   0   0   0   1  88   0  1.28 0.15
   92 K   -1  2 -1 -1 -4  1  0 -2 -1 -4 -3  6 -2 -4 -2 -1 -1 -4 -3 -3    0   3   0   0   0   1   0   0   0   0   0  96   0   0   0   0   0   0   0   0  0.86 0.13
   93 A    3 -2 -1 -2 -2 -2 -2  5 -2 -3 -3 -2 -2 -3 -2  0 -1 -3 -3 -2   41   0   0   0   0   0   0  56   0   0   0   0   0   0   0   1   0   0   0   0  0.70 0.08
   94 A    5 -2 -2 -2 -1 -1 -2  0 -2 -2 -2 -1 -2 -3 -1  1 -1 -3 -3 -1   99   0   0   0   0   0   0   0   0   0   0   0   0   0   0   1   0   0   0   0  0.71 0.12
   95 I   -1 -2 -4 -4 -2 -3 -3 -4 -3  2  3 -3  1  1 -3 -3 -1 -1 -1  3    0   1   0   0   0   0   0   0   0   2  46   0   2   8   0   0   0   0   0  38  0.36 0.06
   96 D   -3 -2  1  7 -4 -1  1 -2 -2 -4 -5 -1 -4 -4 -2 -1 -2 -5 -3 -4    0   0   0  99   0   0   0   0   0   0   0   0   0   0   0   0   0   0   1   0  1.31 0.14
   97 L   -2 -3 -4 -4 -2 -3 -4 -4 -3  1  5 -3  2  0 -4 -3 -2 -2 -2  0    0   0   0   0   0   0   0   0   0   3  95   0   1   0   0   0   0   0   0   0  0.68 0.10
   98 S    1 -2  0 -1 -2 -1 -1 -1 -2 -3 -3 -1 -2 -3 -2  5  1 -4 -2 -2    0   0   0   0   0   0   0   0   0   0   0   0   0   0   0 100   0   0   0   0  0.79 0.14
   99 H   -3 -1  0 -2 -4  0 -1 -3 10 -4 -4 -2 -3 -2 -3 -2 -3 -3  1 -4    0   0   0   0   0   0   0   0 100   0   0   0   0   0   0   0   0   0   0   0  1.64 0.18
  100 F   -3 -4 -4 -4 -3 -4 -4 -4 -2 -1  0 -4 -1  8 -5 -3 -3  0  2 -2    0   0   0   0   0   0   0   0   0   0   0   0   0  99   0   0   0   0   0   0  1.27 0.15
  101 L   -2 -3 -4 -4 -2 -3 -4 -4 -4  1  5 -3  2  0 -4 -3 -2 -2 -2  0    0   0   0   0   0   0   0   0   0   2  98   0   0   0   0   0   0   0   0   0  0.72 0.10
  102 K   -1  3 -1 -1 -4  1  0 -2 -1 -3 -3  6 -2 -4 -2 -1 -1 -4 -3 -3    0  12   0   0   0   0   0   0   0   0   0  87   0   0   0   0   0   0   0   0  0.80 0.12
  103 E   -2 -1 -1  1 -5  1  6 -3 -1 -4 -4  0 -3 -4 -2 -1 -2 -4 -3 -3    0   0   0   0   0   0  98   0   0   0   0   2   0   0   0   0   0   0   0   0  1.07 0.14
  104 K   -1  2 -1 -1 -4  1  1 -2 -1 -3 -3  6 -2 -4 -2 -1 -1 -4 -3 -3    0   0   0   0   0   1   2   0   0   0   0  96   0   0   0   0   0   0   0   0  0.85 0.13
  105 G    0 -3 -1 -2 -3 -3 -3  7 -3 -5 -5 -2 -4 -4 -3 -1 -2 -3 -4 -4    0   0   0   0   0   0   0 100   0   0   0   0   0   0   0   0   0   0   0   0  1.37 0.12
  106 G    0 -3 -1 -2 -3 -3 -3  7 -3 -5 -5 -2 -4 -4 -3 -1 -2 -3 -4 -4    0   0   0   0   0   0   0 100   0   0   0   0   0   0   0   0   0   0   0   0  1.37 0.12
  107 L   -2 -3 -4 -4 -2 -3 -4 -4 -4  1  5 -3  2  0 -4 -3 -2 -2 -2  0    0   0   0   0   0   0   0   0   0   0 100   0   0   0   0   0   0   0   0   0  0.74 0.11
  108 E   -2 -1 -1  2 -4  1  6 -3 -1 -4 -4  0 -3 -4 -2 -1 -2 -4 -3 -3    0   0   0   7   0   0  92   0   0   0   0   0   0   0   0   0   0   0   0   0  1.00 0.13
  109 G    0 -3 -1 -2 -3 -3 -3  6 -3 -5 -5 -2 -3 -4 -3 -1 -2 -3 -4 -4    0   0   0   0   0   0   0 100   0   0   0   0   0   0   0   0   0   0   0   0  1.36 0.12
  110 L   -2 -3 -4 -4 -2 -3 -4 -4 -3  1  5 -3  2  0 -4 -3 -2 -2 -2  0    0   0   0   0   0   0   0   0   0   2  96   0   2   0   0   0   0   0   0   0  0.69 0.10
  111 I   -2 -4 -4 -4 -2 -3 -4 -4 -4  5  1 -3  1 -1 -3 -3 -1 -3 -2  3    0   0   0   0   0   0   0   0   0  77   0   0   0   0   0   0   2   0   0  20  0.58 0.10
  112 Y   -3 -2 -2 -3 -3 -1 -2 -3  6 -3 -2 -2 -2  2 -4 -2 -2  4  7 -3    0   0   0   0   0   0   0   0  31   0   0   0   0   1   0   0   0   5  62   0  1.05 0.13
  113 S    1 -2  0 -1 -1 -1 -1 -1 -2 -3 -3 -1 -2 -3 -2  5  1 -4 -2 -2    0   0   0   0   1   0   0   0   0   0   0   0   0   1   0  99   0   0   0   0  0.77 0.13
  114 Q   -2  0 -1 -1 -4  7  1 -3  0 -4 -3  1 -1 -4 -2 -1 -2 -3 -2 -3    0   1   0   0   0  97   0   0   0   0   0   0   0   0   1   0   0   0   0   0  1.11 0.16
  115 K   -1  3  0 -1 -4  2  0 -2 -1 -3 -3  5 -2 -4 -2 -1 -1 -3 -2 -3    0  19   1   0   0  12   0   0   0   0   0  67   0   0   0   0   0   0   0   0  0.66 0.09
  116 R   -2  7 -1 -2 -4  0 -1 -3 -1 -4 -3  2 -2 -4 -3 -2 -2 -4 -3 -3    0 100   0   0   0   0   0   0   0   0   0   0   0   0   0   0   0   0   0   0  1.20 0.14
  117 Q   -2  1 -1 -1 -4  7  1 -3  0 -4 -3  1 -1 -4 -2 -1 -2 -3 -2 -3    0   3   0   0   0  96   0   0   0   0   0   1   0   0   0   0   0   0   0   0  1.10 0.16
  118 D   -2 -2  1  6 -4  0  3 -2 -2 -4 -4 -1 -4 -4 -2 -1 -2 -5 -4 -4    0   0   0  84   0   0  15   0   0   0   0   0   0   0   0   0   0   0   0   0  1.10 0.12
  119 I   -2 -4 -4 -4 -2 -4 -4 -5 -4  6  1 -4  1 -1 -4 -3 -1 -3 -2  2    0   0   0   0   0   0   0   0   0 100   0   0   0   0   0   0   0   0   0   0  0.79 0.13
  120 L   -2 -3 -4 -4 -2 -3 -4 -4 -4  1  5 -3  2  0 -4 -3 -2 -2 -2  0    0   0   0   0   0   0   0   0   0   0 100   0   0   0   0   0   0   0   0   0  0.74 0.11
  121 D   -3 -2  1  7 -4 -1  1 -2 -2 -4 -5 -1 -4 -4 -2 -1 -2 -5 -4 -4    0   0   0 100   0   0   0   0   0   0   0   0   0   0   0   0   0   0   0   0  1.35 0.14
  122 L   -2 -3 -4 -4 -2 -3 -4 -4 -4  1  5 -3  2  0 -3 -3 -2 -2 -2  0    0   0   0   0   0   0   0   0   0   0  99   0   0   0   0   0   0   0   0   0  0.72 0.11
  123 W   -4 -4 -5 -6 -4 -3 -4 -4 -4 -4 -3 -4 -3  0 -5 -4 -4 12  1 -4    0   0   0   0   0   0   0   0   0   0   0   0   0   0   0   0   0 100   0   0  3.18 0.22
  124 I   -1 -3 -4 -4 -1 -3 -3 -4 -4  3  1 -3  1 -1 -3 -2 -1 -3 -2  5    0   0   0   0   0   0   0   0   0  18   0   0   1   0   0   0   0   0   0  80  0.58 0.10
  125 Y   -3 -3 -3 -4 -3 -2 -3 -4  2 -2 -2 -3 -2  2 -4 -3 -3  1  8 -2    0   0   0   0   0   0   0   0   1   0   0   0   0   0   0   0   0   0  98   0  1.46 0.17
  126 H   -3 -1  2 -2 -4  0 -1 -3  9 -4 -4 -2 -3 -2 -3 -2 -2 -3  1 -4    0   0   7   0   0   0   0   0  93   0   0   0   0   0   0   0   0   0   0   0  1.47 0.17
  127 T   -1 -2 -1 -2 -2 -1 -2 -2 -3 -1 -2 -1 -1 -3 -2  1  6 -3 -2 -1    1   0   0   0   0   0   0   0   0   0   0   0   0   0   0   0  99   0   0   0  0.88 0.14
  128 Q   -2  0 -1 -1 -4  7  1 -3  0 -4 -3  1 -1 -4 -2 -1 -2 -3 -2 -3    0   0   0   0   0 100   0   0   0   0   0   0   0   0   0   0   0   0   0   0  1.17 0.17
  129 G    0 -3 -1 -2 -3 -3 -3  7 -3 -5 -5 -2 -4 -4 -3 -1 -2 -3 -4 -4    0   0   0   0   0   0   0 100   0   0   0   0   0   0   0   0   0   0   0   0  1.37 0.12
  130 Y   -3 -3 -3 -4 -3 -2 -3 -4  1 -2 -2 -3 -2  3 -4 -3 -3  1  8 -2    0   0   0   0   0   0   0   0   0   0   0   0   0   7   0   0   0   0  93   0  1.39 0.16
  131 F   -3 -4 -4 -4 -3 -4 -4 -4 -2 -1  0 -4 -1  8 -5 -3 -3  0  2 -2    0   0   0   0   0   0   0   0   0   0   0   0   0 100   0   0   0   0   0   0  1.29 0.15
  132 P   -2 -3 -3 -2 -4 -2 -2 -3 -3 -4 -4 -2 -3 -5  8 -2 -2 -5 -4 -3    0   0   0   0   0   0   0   0   0   0   0   0   0   0 100   0   0   0   0   0  2.37 0.16
  133 D   -3 -2  1  7 -4 -1  1 -2 -2 -4 -5 -1 -4 -4 -2 -1 -2 -5 -4 -4    0   0   0 100   0   0   0   0   0   0   0   0   0   0   0   0   0   0   0   0  1.35 0.14
  134 W   -4 -4 -5 -6 -4 -3 -4 -4 -4 -4 -3 -4 -3  0 -5 -4 -4 12  1 -4    0   0   0   0   0   0   0   0   0   0   0   0   0   0   0   0   0 100   0   0  3.18 0.22
  135 Q   -2  0 -1 -1 -4  7  1 -3  1 -4 -3  1 -1 -4 -2 -1 -2 -3 -2 -3    0   0   0   1   0  96   0   0   3   0   0   0   0   0   0   0   0   0   0   0  1.10 0.16
  136 N   -2 -1  7  1 -2 -1 -1 -1  0 -4 -4 -1 -3 -4 -3  0 -1 -5 -3 -4    0   0  98   0   1   0   0   0   0   0   0   0   0   0   0   0   0   0   0   0  1.17 0.15
  137 Y   -3 -3 -3 -4 -3 -2 -3 -4  1 -2 -2 -3 -2  2 -4 -3 -3  2  8 -2    0   0   0   0   0   0   0   0   0   0   0   0   0   0   0   0   0   0 100   0  1.50 0.17
  138 T   -1 -2 -1 -2 -2 -1 -2 -2 -3 -1 -2 -1 -1 -3 -2  1  6 -3 -2 -1    0   0   0   0   0   0   0   0   0   0   0   0   0   0   0   0 100   0   0   0  0.89 0.14
  139 A   -2 -2 -3 -2 -4 -2 -2 -3 -3 -4 -4 -1 -3 -5  8 -1 -2 -5 -4 -3    0   1   0   0   0   0   0   0   0   0   0   2   0   0  96   1   0   0   0   0  2.20 0.15
  140 G    0 -3 -1 -2 -3 -3 -3  7 -3 -5 -5 -2 -4 -4 -3 -1 -2 -3 -4 -4    0   0   0   0   0   0   0 100   0   0   0   0   0   0   0   0   0   0   0   0  1.37 0.12
  141 P   -2 -3 -3 -2 -4 -2 -2 -3 -3 -4 -4 -2 -3 -5  8 -2 -2 -5 -4 -3    0   0   0   0   0   0   0   0   0   0   0   0   0   0  99   0   0   0   0   0  2.35 0.16
  142 G    0 -3 -1 -2 -3 -3 -3  7 -3 -5 -5 -2 -4 -4 -3 -1 -2 -3 -4 -4    0   0   0   0   0   0   0 100   0   0   0   0   0   0   0   0   0   0   0   0  1.37 0.12
  143 V   -1 -3 -2 -3 -1 -2 -2 -3 -3  3  0 -2  0 -1 -2 -1  3 -3 -2  3    0   0   1   0   0   0   0   0   0  38   0   0   0   0   1   0  34   0   0  25  0.33 0.07
  144 R   -2  7 -1 -2 -4  0 -1 -3 -1 -4 -3  2 -2 -4 -3 -2 -2 -4 -3 -3    0 100   0   0   0   0   0   0   0   0   0   0   0   0   0   0   0   0   0   0  1.20 0.14
  145 F   -3 -3 -3 -4 -3 -3 -3 -4  1 -2 -1 -3 -1  4 -4 -3 -3  3  8 -2    0   0   0   0   0   0   0   0   0   0   0   0   0  21   0   0   0   2  77   0  1.19 0.13
  146 P   -2 -3 -3 -2 -4 -2 -2 -3 -3 -4 -4 -2 -3 -5  8 -2 -2 -5 -4 -3    0   0   0   0   0   0   0   0   0   0   0   0   0   0 100   0   0   0   0   0  2.37 0.16
  147 L   -2 -3 -4 -4 -2 -3 -4 -4 -4  1  5 -3  2  0 -4 -3 -2 -2 -2  0    0   0   0   0   0   0   0   0   0   1  99   0   0   0   0   0   0   0   0   0  0.72 0.11
  148 T   -1 -2 -1 -2  2 -1 -2 -2 -3 -1 -2 -1 -1 -3 -2  1  6 -3 -2 -1    1   0   0   0   4   0   0   0   0   0   0   0   0   0   0   0  95   0   0   0  0.81 0.14
  149 F   -3 -4 -4 -4 -3 -4 -4 -4 -2 -1  0 -4 -1  8 -5 -3 -3  0  3 -2    0   0   0   0   0   0   0   0   0   0   2   0   0  96   0   0   0   0   1   0  1.22 0.14
  150 G    0 -3 -1 -2 -3 -3 -3  7 -3 -5 -5 -2 -4 -4 -3 -1 -2 -3 -4 -4    0   0   0   0   0   0   0 100   0   0   0   0   0   0   0   0   0   0   0   0  1.37 0.12
  151 W   -4 -4 -5 -6 -4 -3 -4 -4 -4 -4 -3 -4 -3  0 -5 -4 -4 12  1 -4    0   0   0   0   0   0   0   0   0   0   0   0   0   0   0   0   0 100   0   0  3.18 0.22
  152 C   -1 -4 -4 -5 10 -4 -5 -4 -4 -2 -2 -4 -2 -3 -4 -2 -2 -3 -3 -2    0   0   0   0 100   0   0   0   0   0   0   0   0   0   0   0   0   0   0   0  2.04 0.18
  153 F   -3 -4 -4 -4 -3 -4 -4 -4 -2 -1  0 -4 -1  8 -5 -3 -3  1  3 -2    0   0   0   0   0   0   0   0   0   0   0   0   0  96   0   0   0   0   3   0  1.24 0.14
  154 K   -1  2 -1 -1 -4  1  0 -2 -1 -4 -3  6 -2 -4 -2 -1 -1 -4 -3 -3    0   1   0   0   0   0   0   0   0   0   0  99   0   0   0   0   0   0   0   0  0.90 0.13
  155 L   -2 -3 -4 -4 -2 -3 -4 -4 -4  1  5 -3  2  0 -4 -3 -2 -2 -2  0    0   0   0   0   0   0   0   0   0   0 100   0   0   0   0   0   0   0   0   0  0.74 0.11
  156 V   -1 -3 -4 -4 -1 -3 -3 -4 -4  2  0 -3  0 -2 -3 -2 -1 -4 -2  5    0   0   0   0   0   0   0   0   0   0   0   0   0   0   0   0   0   0   0  99  0.69 0.12
  157 P   -2 -3 -3 -2 -4 -2 -2 -3 -3 -4 -4 -2 -3 -5  8 -2 -2 -5 -4 -3    0   0   0   0   0   0   0   0   0   0   0   0   0   0 100   0   0   0   0   0  2.37 0.16
  158 V   -1 -3 -4 -4 -1 -3 -3 -4 -4  2  1 -3  1 -1 -3 -2 -1 -3 -2  5    1   0   0   0   0   0   0   0   0   1   9   0   3   0   0   0   0   0   0  87  0.56 0.10
  159 D   -2 -1  0  4 -4  1  5 -2 -1 -4 -4  0 -3 -4 -2 -1 -1 -4 -3 -3    0   0   0  35   0   0  63   0   0   0   0   0   0   0   0   0   0   0   0   0  0.84 0.10
  160 P   -1 -3 -3 -2 -4 -1 -2 -3 -3 -4 -4 -1 -3 -5  8 -2 -2 -5 -4 -3    0   0   0   0   0   2   0   0   0   0   0   1   0   0  95   0   0   0   0   0  2.17 0.15
  161 E   -2 -1  0  4 -4  1  5 -2 -1 -4 -4  0 -3 -4 -2 -1 -2 -4 -3 -3    0   0   0  31   0   0  67   1   0   0   0   0   0   0   0   0   0   0   0   0  0.85 0.10
  162 K   -1  2 -1  0 -4  3  2 -2 -1 -3 -3  5 -2 -4 -2 -1 -1 -3 -2 -3    0   1   0   2   0  17  10   0   0   0   0  67   0   0   0   0   1   0   0   0  0.60 0.09
  163 V   -1 -3 -4 -4 -1 -3 -3 -4 -4  3  1 -3  0 -1 -3 -2 -1 -3 -2  5    0   0   0   0   0   0   0   0   0  19   0   0   0   0   0   0   0   0   0  80  0.57 0.10
  164 E   -2 -1 -1  1 -5  1  6 -3 -1 -4 -4  0 -3 -4 -2 -1 -2 -4 -3 -3    0   0   0   0   0   0  99   0   0   0   0   0   0   0   0   0   0   0   0   0  1.09 0.14
  165 E   -1  0 -1  1 -4  1  6 -2 -1 -4 -3  2 -3 -4 -2 -1 -1 -4 -3 -3    1   0   0   0   0   0  82   0   0   0   0  16   0   0   0   0   0   0   0   0  0.84 0.11
  166 A    5 -2 -2 -2 -1 -1 -1  0 -2 -1 -2 -1 -2 -3 -1  1 -1 -3 -2  0   95   0   0   0   0   0   1   0   0   1   0   0   0   0   0   0   0   0   0   2  0.64 0.11
  167 N   -2 -1  7  0 -3 -1 -1 -1  0 -4 -4 -1 -3 -4 -3  0  2 -4 -3 -3    0   0  84   0   0   0   0   0   0   0   0   0   0   0   0   1  15   0   0   0  0.93 0.13
  168 E   -1  0 -1  1 -4  2  6 -2 -1 -3 -3  1 -2 -4 -2 -1 -1 -4 -3 -2    5   0   0   0   0   2  80   0   0   0   0   8   0   0   0   0   0   0   0   2  0.75 0.11
  169 G    0 -3 -1 -2 -3 -2 -3  6 -3 -5 -4 -2 -3 -4 -3 -1 -2 -3 -4 -4    0   0   0   0   0   0   0  99   0   0   0   0   0   0   0   0   0   0   0   0  1.33 0.12
  170 E   -2 -1 -1  1 -5  1  6 -3 -1 -4 -4  0 -3 -4 -2 -1 -2 -4 -3 -3    0   0   0   1   0   0  99   0   0   0   0   0   0   0   0   0   0   0   0   0  1.10 0.14
  171 N   -2 -1  7  1 -3 -1 -1 -1  0 -4 -4 -1 -3 -4 -3  0  0 -5 -3 -4    0   0  95   1   0   0   0   0   0   0   0   0   0   0   0   1   2   0   0   0  1.12 0.14
  172 N   -2 -1  7  1 -4 -1 -1 -1  0 -4 -4 -1 -3 -4 -3  0 -1 -5 -3 -4    0   0  96   0   0   0   0   0   0   1   0   1   0   0   0   0   1   0   0   0  1.13 0.14
  173 C    0 -2 -1 -3  9 -2 -3 -2 -3 -2 -2 -2 -2 -3 -3  3  0 -3 -3 -1    0   1   1   0  60   0   0   0   0   1   0   0   0   0   0  32   1   0   0   1  0.96 0.12
  174 L   -2 -3 -4 -4 -2 -3 -4 -4 -4  1  5 -3  2  0 -4 -3 -2 -2 -2  0    0   0   0   0   0   0   0   0   0   0 100   0   0   0   0   0   0   0   0   0  0.74 0.11
  175 L   -2 -3 -4 -4 -2 -3 -4 -4 -4  1  5 -3  2  0 -4 -3 -2 -2 -2  0    0   0   0   0   0   0   0   0   0   0 100   0   0   0   0   0   0   0   0   0  0.74 0.11
  176 H   -3 -1  0 -2 -4  0 -1 -3 10 -4 -4 -2 -3 -2 -3 -2 -3 -3  1 -4    0   0   0   0   0   0   0   0 100   0   0   0   0   0   0   0   0   0   0   0  1.66 0.18
  177 P   -2 -3 -3 -2 -4 -2 -2 -3 -3 -4 -4 -2 -3 -5  8 -1 -2 -5 -4 -3    0   0   0   0   0   0   0   0   0   0   0   0   0   0  99   1   0   0   0   0  2.33 0.16
  178 M   -2 -2 -3 -4 -2 -1 -3 -4 -3  2  2 -2  8 -1 -3 -2 -1 -2 -2  1    0   0   0   0   0   0   0   0   0  12   3   0  80   0   0   0   0   0   0   2  0.78 0.14
  179 S    1 -1  2 -1 -1 -1 -1 -1 -1 -3 -3 -1 -2 -3 -2  5  1 -4 -2 -2    1   0  11   0   1   0   0   0   1   0   0   0   0   0   0  86   0   0   0   0  0.64 0.12
  180 Q   -2  0 -1 -2 -3  6  1 -3 -1 -1  2  0  0 -2 -2 -1 -1 -3 -2 -2    0   0   0   0   0  70   0   0   0   0  29   0   0   0   0   0   0   0   0   0  0.60 0.12
  181 H   -3 -1  0 -2 -4  0 -1 -3  9 -4 -4 -2 -3 -2 -3 -2 -3 -3  1 -4    0   0   0   0   0   0   0   0  99   0   0   0   0   0   0   0   0   0   0   0  1.63 0.18
  182 G    0 -3 -1 -2 -3 -3 -3  7 -3 -5 -5 -2 -4 -4 -3 -1 -2 -3 -4 -4    0   0   0   0   0   0   0 100   0   0   0   0   0   0   0   0   0   0   0   0  1.37 0.12
  183 M   -2 -2 -3 -4 -2 -1 -3 -4 -3  1  1 -2  8 -1 -3 -2 -1 -2 -2  0    0   0   0   0   0   0   0   0   0   6   0   0  92   0   0   0   0   0   0   1  0.96 0.17
  184 D   -2 -2  1  6 -4  0  3 -2 -2 -4 -4 -1 -4 -4 -2 -1 -2 -5 -4 -4    0   0   0  83   0   0  16   0   0   0   0   0   0   0   0   0   0   0   0   0  1.10 0.12
  185 D   -3 -2  1  7 -4 -1  1 -2 -2 -4 -5 -1 -4 -4 -2 -1 -2 -5 -4 -4    0   0   0 100   0   0   0   0   0   0   0   0   0   0   0   0   0   0   0   0  1.35 0.14
  186 P   -2 -3 -3 -2 -4 -2 -2 -3 -3 -4 -3 -2 -3 -5  8 -2 -1 -5 -4 -3    0   0   0   0   0   0   0   0   0   0   1   0   0   0  97   0   1   0   0   0  2.24 0.15
  187 E   -2 -1 -1  1 -5  1  6 -3 -1 -4 -4  0 -3 -4 -2 -1 -2 -4 -3 -3    0   0   0   1   0   0  99   0   0   0   0   0   0   0   0   0   0   0   0   0  1.08 0.14
  188 K   -1  4 -1 -2 -4  1  0  0 -1 -4 -3  5 -2 -4 -2 -1 -1 -3 -2 -3    0  35   0   0   0   0   0   8   0   0   0  56   0   0   0   0   0   0   0   0  0.63 0.09
  189 E   -2 -1 -1  1 -5  1  6 -3 -1 -4 -4  0 -3 -4 -2 -1 -2 -4 -3 -3    0   0   0   0   0   1  99   0   0   0   0   0   0   0   0   0   0   0   0   0  1.09 0.14
  190 V   -1 -3 -4 -4 -1 -3 -3 -4 -4  2  0 -3  0 -2 -3 -2 -1 -4 -2  5    0   0   0   0   0   0   0   1   0   0   1   0   0   0   0   0   0   0   0  99  0.68 0.12
  191 L   -2 -3 -4 -4 -2 -3 -4 -4 -4  1  5 -3  2  0 -4 -3 -2 -2 -2  0    0   0   0   0   0   0   0   0   0   0 100   0   0   0   0   0   0   0   0   0  0.74 0.11
  192 V   -1 -2 -2 -2 -2  2  1 -3 -2  1  0 -1  4 -1 -3 -1 -1 -3 -2  3    2   0   0   0   0  13  15   0   0   1   1   1  28   0   0   0   0   0   0  39  0.25 0.07
  193 W   -4 -4 -5 -6 -4 -3 -4 -4 -4 -4 -3 -4 -3  0 -5 -4 -4 12  1 -4    0   0   0   0   0   0   0   0   0   0   0   0   0   0   0   0   0 100   0   0  3.18 0.22
  194 K   -1  4 -1 -1 -4  1  0 -2 -1 -3 -3  5 -2 -4 -2 -1 -1 -4 -2 -3    0  20   0   0   0   0   0   0   0   0   0  79   0   0   0   0   0   0   0   0  0.76 0.11
  195 F   -3 -4 -4 -4 -3 -4 -4 -4 -2 -1  0 -4 -1  8 -5 -3 -3  0  2 -2    0   0   0   0   0   0   0   0   0   0   0   0   0 100   0   0   0   0   0   0  1.29 0.15
  196 D   -2 -2  1  7 -4 -1  1 -2 -2 -4 -5 -1 -4 -4 -2 -1 -2 -5 -4 -4    0   0   0 100   0   0   0   0   0   0   0   0   0   0   0   0   0   0   0   0  1.34 0.14
  197 S    1 -1  0 -1 -2 -1 -1 -1 -2 -3 -3 -1 -2 -3 -2  5  1 -4 -2 -2    0   0   0   0   0   0   0   0   0   0   0   0   0   0   0  99   0   0   0   0  0.78 0.14
  198 K   -2  6 -1 -2 -4  0 -1 -3  2 -4 -3  2 -2 -3 -3 -1 -1 -3 -2 -3    0  83   0   0   0   0   0   0   6   0   1   4   0   0   0   4   2   0   0   0  0.88 0.11
  199 L   -2 -3 -4 -4 -2 -3 -4 -4 -4  1  5 -3  2  0 -4 -3 -2 -2 -2  0    0   0   0   0   0   0   0   0   0   0 100   0   0   0   0   0   0   0   0   0  0.74 0.11
  200 A    5 -2 -2 -3 -1 -1 -2  0 -2 -2 -2 -1 -2 -3 -1  1 -1 -3 -3 -1  100   0   0   0   0   0   0   0   0   0   0   0   0   0   0   0   0   0   0   0  0.72 0.12
  201 L   -3 -4 -4 -4 -3 -4 -4 -4 -2 -1  0 -4 -1  8 -5 -3 -3  0  3 -2    0   0   0   0   0   0   0   0   0   0   1   0   0  97   0   0   0   0   1   0  1.22 0.14
  202 H   -2  1  0 -2 -4  0 -1 -3  9 -4 -4 -1 -2 -2 -3 -2 -2 -3  1 -4    0   9   0   0   0   2   1   0  88   0   0   0   0   0   0   0   0   0   0   0  1.34 0.16
  203 H   -3 -1  0 -2 -4  0 -1 -3 10 -4 -4 -2 -3 -2 -3 -2 -3 -3  1 -4    0   0   0   0   0   0   0   0 100   0   0   0   0   0   0   0   0   0   0   0  1.65 0.18
  204 V   -1 -1 -3 -4 -2 -1 -3 -4 -3  1  1 -2  6 -1 -3 -2 -1 -3 -2  3    0   3   0   0   0   0   0   0   0   1   1   2  58   0   0   0   1   0   0  34  0.51 0.11
  205 A    5 -2 -2 -3 -1 -1 -2  0 -2 -2 -2 -1 -2 -3 -1  1 -1 -3 -3 -1   99   0   0   0   0   0   0   0   0   0   0   0   0   0   1   0   0   0   0   0  0.71 0.12
  206 R   -2  7 -1 -2 -4  1 -1 -3 -1 -4 -3  2 -2 -4 -3 -1 -2 -4 -3 -3    0  97   0   1   0   1   0   0   0   0   0   1   0   0   0   0   0   0   0   0  1.14 0.14
  207 E   -2 -1 -1  1 -5  1  6 -3 -1 -4 -4  0 -3 -4 -2 -1 -2 -4 -3 -3    0   0   0   1   0   0  98   0   0   0   0   1   0   0   0   0   0   0   0   0  1.07 0.14
  208 L   -2 -1 -3 -3 -2 -1 -2 -4 -3  1  4  1  2 -1 -3 -2 -1 -2 -2  0    0   1   0   0   0   3   0   0   0   2  70  19   5   0   0   0   0   0   0   1  0.36 0.07
  209 H   -3 -1  0 -2 -4  0 -1 -3  9 -4 -4 -2 -3 -2 -3 -2 -3 -3  1 -4    0   0   0   0   0   0   0   0  98   0   0   0   0   0   0   0   0   0   2   0  1.61 0.18
  210 P   -2 -3 -3 -2 -4 -2 -2 -3 -3 -4 -4 -2 -3 -5  8 -2 -2 -5 -4 -3    0   0   0   0   0   0   0   0   0   0   0   0   0   0 100   0   0   0   0   0  2.37 0.16
  211 E   -2 -1 -1  1 -5  1  6 -3 -1 -4 -4  0 -3 -4 -2 -1 -2 -4 -3 -3    0   0   0   2   0   0  97   0   0   0   0   0   0   0   0   0   0   0   0   0  1.07 0.14
  212 Y   -3 -3 -3 -4 -3 -2 -3 -4  1 -2 -2 -3 -2  3 -4 -3 -3  1  8 -2    0   0   0   0   0   0   0   0   0   0   0   0   0   9   0   0   0   0  91   0  1.35 0.15
  213 Y   -3 -3 -3 -4 -3 -2 -3 -4  1 -2 -2 -3 -2  3 -4 -3 -3  1  8 -2    0   0   0   0   0   0   0   0   0   0   0   0   0   9   0   0   0   0  90   0  1.32 0.15
  214 K   -1  2 -1 -1 -4  1  0 -2 -1 -4 -3  6 -2 -4 -2 -1 -1 -4 -3 -3    0   1   1   0   0   1   1   0   0   0   0  97   0   0   0   0   0   0   0   0  0.87 0.13
  215 D   -2 -2  5  6 -4 -1  1 -2 -1 -4 -4 -1 -3 -4 -2  0 -1 -5 -3 -4    0   0  36  62   0   0   0   0   0   0   0   0   0   0   0   0   0   0   0   0  0.94 0.11
  216 C   -1 -4 -4 -5 10 -4 -5 -4 -4 -2 -2 -4 -2 -3 -4 -2 -2 -3 -3 -2    0   0   0   0 100   0   0   0   0   0   0   0   0   0   0   0   0   0   0   0  2.00 0.17

                      K         Lambda
Standard Ungapped    0.1352     0.3176
Standard Gapped      0.0536     0.2670
PSI Ungapped         0.1750     0.3158
PSI Gapped           0.0536     0.2670
