
Last position-specific scoring matrix computed, weighted observed percentages rounded down, information per position, and relative weight of gapless real matches to pseudocounts
           A  R  N  D  C  Q  E  G  H  I  L  K  M  F  P  S  T  W  Y  V   A   R   N   D   C   Q   E   G   H   I   L   K   M   F   P   S   T   W   Y   V
    1 M   -2 -3 -4 -5 -3 -2 -4 -4 -3  0  1 -3  9 -1 -4 -3 -2 -3 -3 -1    0   0   0   0   0   0   0   0   0   0   0   0 100   0   0   0   0   0   0   0  1.69 0.39
    2 S    0 -2 -1 -2 -2 -1 -1 -2 -2 -3 -3 -1 -3 -2  0  6  0 -3  2 -3    0   0   0   0   0   0   0   0   0   0   0   0   0   0   3  88   0   0   9   0  0.85 0.26
    3 E   -1  1 -1  0 -4  4  4 -2  2 -3 -2  0 -2 -4 -2 -1 -2 -3 -2 -3    3   9   0   0   0  31  44   2   6   0   4   0   0   0   0   0   0   0   0   0  0.63 0.18
    4 V    4 -2 -2 -1 -2 -1  0  0 -2 -1 -2 -2 -1 -3  0  0  1 -3 -3  1   59   0   0   3   0   0   6   3   0   0   0   0   0   0   4   1   8   0   0  16  0.36 0.15
    5 R   -2  6 -1 -3 -4 -1 -2  3 -2 -3 -3  1 -1 -4 -3 -2 -2 -4 -3 -2    0  61   0   0   0   0   0  31   0   0   0   2   2   0   0   0   0   0   0   4  0.79 0.21
    6 P   -2  0 -2 -2 -3 -2 -2 -3 -1 -3 -1 -2 -3 -4  7  1 -2 -4 -3 -3    0   7   0   0   0   0   0   0   2   0   8   0   0   0  69  15   0   0   0   0  1.43 0.24
    7 L   -2 -3 -4 -4 -2 -3 -3 -2 -3  2  3 -3  3  0 -3 -2 -1 -3 -2  3    0   0   0   0   0   0   0   2   0   7  49   0   9   1   0   2   0   0   0  30  0.45 0.14
    8 S    2 -2 -1 -1 -2 -1 -1 -1 -2 -3 -3 -1 -2 -3  1  5  1 -4 -1 -2   13   0   0   0   0   0   0   0   0   0   0   0   0   0   7  73   5   0   2   0  0.68 0.22
    9 R   -2  7 -1 -3 -4  0 -1 -1 -1 -4 -3  1 -1 -4 -3  0 -1 -4 -3 -3    2  82   0   0   0   0   0   4   0   0   0   0   2   0   0   8   3   0   0   0  1.03 0.25
   10 D   -1 -2  4  5 -4 -1  0 -1 -1 -4 -4 -1 -3 -4 -2  1 -1 -5 -3 -4    4   0  33  50   0   0   0   3   1   0   0   0   0   0   0   9   0   0   0   0  0.83 0.20
   11 I   -2 -3 -4 -4 -2 -3 -3 -4  1  2  4 -3  1 -1  0 -3 -2 -3 -2  1    0   0   0   0   0   0   0   0   5  12  66   0   0   0   6   0   0   0   0  10  0.51 0.15
   12 L   -3 -3 -4 -4 -3 -4 -4 -4 -3  2  3 -4  0  6 -4 -2 -2 -1  1  0    0   0   0   0   0   0   0   0   0  18  29   0   0  51   0   2   0   0   0   0  0.70 0.18
   13 M   -2 -1 -3 -3 -2 -1 -3 -3 -3  1  4 -2  4  1 -3 -2 -1  1 -1  0    1   4   0   0   0   3   0   0   0   5  53   0  21   4   0   2   2   2   0   0  0.41 0.13
   14 E    0 -1 -1  3  2  0  3 -2 -1 -3 -3  1 -2 -1 -2  1 -1 -2  3 -3    7   0   0  18   7   0  29   0   0   0   0  11   0   0   0   9   0   0  19   0  0.36 0.13
   15 T    1 -1 -1 -2 -2 -2 -2 -2 -3 -2 -2 -2 -2 -3 -1  1  6 -4 -3 -1   10   3   0   0   0   0   0   0   0   0   0   0   0   0   2   5  80   0   0   0  0.81 0.25
   16 L   -2 -3 -3 -4 -3 -3 -3 -4  0  0  2 -3  0  6 -1 -3 -2  0  3  0    0   0   0   0   0   0   0   0   2   0  26   0   0  53   3   0   0   0   7   7  0.65 0.17
   17 L   -2 -3 -4 -4 -2 -3 -3 -4 -4  1  5 -3  1 -1  1 -3 -2 -3 -2  0    0   0   0   0   0   0   0   0   0   0  90   0   0   0   7   0   0   0   0   0  0.77 0.21
   18 Y   -2 -1 -1 -1  4  4 -1 -3  4 -3 -2 -1 -2  2 -3 -1 -2 -1  4 -2    0   2   0   2  15  31   0   0  12   0   0   0   0   8   0   4   0   0  23   0  0.49 0.17
   19 E   -2 -1  2  2 -4  1  5  0 -1 -4 -4  0 -3 -4 -2 -1 -2 -4 -3 -3    0   0  15   8   0   5  62   7   0   0   0   0   0   0   0   0   0   0   0   0  0.72 0.18
   20 Q   -2  0 -1 -2 -4  5  0 -3  7 -4 -3 -1 -2 -3  1 -2 -2 -3 -1 -4    0   3   0   0   0  40   0   0  46   0   0   0   0   0   8   0   0   0   0   0  1.00 0.25
   21 L    0 -2 -2 -2 -2 -2 -2  1 -2  1  2 -2  1  2 -1 -1 -1 -2  0  2    5   1   1   1   0   1   1  16   0   3  24   1   3  13   3   1   1   0   0  25  0.14 0.06
   22 L   -1 -2 -3 -3 -2 -2 -2 -3 -3  0  3 -2  0 -1  5 -2 -1 -3 -2  0    1   2   1   1   0   1   1   1   0   1  43   1   0   1  38   1   1   0   0   7  0.67 0.13
   23 E    0  0  0  2 -3  2  3  3 -1 -3 -3  0 -2 -3 -2  0 -1 -3 -3 -3    4   5   0  17   0  14  24  28   1   0   1   0   0   0   0   5   0   0   0   0  0.41 0.11
   24 P    0 -2 -2  0 -3 -2 -1 -2 -3 -2 -1 -2 -2 -3  7  1 -1 -4 -3 -2    5   0   0   7   0   0   3   1   0   2   6   0   0   0  63  11   0   0   0   0  1.21 0.19
   25 P   -1 -1 -2 -1 -3  2  2 -3 -2 -1  2 -1  0 -2  4 -1 -1 -3 -2 -1    2   0   0   0   0  12  24   1   0   0  35   0   0   0  22   1   0   0   0   0  0.41 0.13
   26 T    1 -2 -1  0 -1 -1 -1 -1  1  1  0 -1 -1 -2 -2  1  2 -3 -1  2   18   1   0   5   0   0   1   2   7   7   5   1   0   0   1  11  20   0   0  20  0.12 0.06
   27 M    2 -2 -2 -2 -1 -1  1 -2 -2  0  1 -1  3 -1 -2  0  0 -2 -2  1   28   1   1   1   0   1  13   1   0   3  16   1  16   1   1   6   2   0   0  10  0.13 0.08
   28 E   -1 -1  0  1 -4  1  4  2 -1 -4 -4  0 -3 -4  1 -1 -1 -3 -3 -3    2   2   1   7   0   7  48  23   0   0   0   0   0   0   6   0   2   0   0   0  0.53 0.14
   29 V    1 -3 -3 -1 -2 -2 -2 -2 -3  2  1 -2  0 -2 -1 -2 -1 -3 -2  4   15   0   0   4   0   0   2   2   0   4  13   0   0   0   3   0   1   0   0  56  0.32 0.14
   30 L   -2 -3 -3 -3 -3 -3 -2 -3 -3 -1  1 -2 -2 -1  7 -1 -2 -4 -3  1    0   0   0   0   0   0   0   0   0   0  16   0   0   3  63   6   0   0   0  12  1.24 0.23
   31 G   -1 -3 -1 -2  0 -3 -3  6 -3 -4 -4 -2 -3 -2  0  0 -2 -3 -3 -3    1   0   0   0   2   0   0  79   0   0   0   0   0   2   5   8   0   0   0   2  1.07 0.22
   32 M   -1 -3 -3 -3 -2 -2 -2 -1 -3  1  1 -2  5 -1 -3 -1  1 -3 -2  3    0   0   0   0   0   0   2   4   0   6   3   0  36   0   0   2  14   0   0  33  0.42 0.18
   33 T   -1 -2 -1 -2 -2 -2 -2 -3 -3  1 -1  0  1 -3  1  1  5 -3 -2  0    3   0   0   0   0   0   0   0   0  14   0   5   4   0   8   4  59   0   0   2  0.50 0.19
   34 D   -1 -1  1  4 -3  1  2  0  2 -4 -4  0 -3 -3 -1  1 -1 -4 -2 -3    3   2   5  39   0   4  15   8   8   0   0   2   0   0   2  12   0   0   0   0  0.46 0.12
   35 S   -1 -3 -2 -2 -2 -2 -2 -1 -3  1  2 -2  0 -2  5 -1 -1 -3 -2  1    4   0   1   2   0   0   2   4   0  11  31   0   0   0  31   4   0   0   0  10  0.46 0.12
   36 E   -1 -2 -2 -1 -2 -1  2 -1 -2  0  1 -1  3 -2 -2  0  3 -3 -2  0    0   0   0   0   0   0  23   5   0   0  18   0  12   0   1   1  30   0   0   9  0.22 0.12
   37 E   -1 -1 -1  3 -4  2  5 -1 -1 -2 -3  0 -2 -3 -2 -1 -1 -3  0  0    2   0   0  15   0   8  54   3   0   0   0   0   0   0   0   0   0   0   4  13  0.53 0.16
   38 D   -1 -2  0  3 -2 -1  0 -2  2 -2 -2 -2 -2  3 -2 -1  0  0  5 -1    3   1   4  21   0   1   3   2   5   1   1   1   0  13   1   3   9   0  30   2  0.32 0.10
   39 L   -1 -2 -1  0 -2 -1 -1 -2  1  0  1 -2  0  1  1 -1 -1 -1  2  1    1   1   3   9   0   1   1   1   6   3  24   1   0   7   7   5   1   0   9  18  0.08 0.05
   40 D   -1  0  1  4  1 -1  0 -1  2 -2 -2 -1 -2 -2  0  1 -1 -3 -2  0    2   4   4  35   4   1   3   3   7   1   2   1   0   1   4  15   1   0   1  10  0.25 0.07
   41 P   -1  2 -2 -2 -3 -1 -1 -2 -2 -2  0 -1 -2 -3  6  0 -1 -3 -2 -2    1  17   1   1   0   1   4   1   0   3  10   1   0   1  52   6   1   0   0   1  0.92 0.14
   42 M    0 -1 -1 -1 -3  0  3  1  2  0 -1 -1  2 -2  0  0 -1 -3 -2  1    5   0   0   0   0   0  37  13   6   4   1   0   9   0   4   5   0   0   0  13  0.20 0.10
   43 E    0  0 -1 -1 -2 -1  2  1 -2 -2 -2 -1 -2  1  3  2 -1 -3 -2 -1    0   6   0   0   0   0  16  13   0   0   0   0   0   9  17  32   0   0   0   4  0.31 0.11
   44 D   -1 -1  0  4  0 -1  0 -2  0 -3 -3 -1 -2 -3  1  3  1 -3 -1 -2    0   2   0  35   2   0   0   0   3   0   0   0   0   0   8  36   6   0   3   3  0.42 0.13
   45 F   -2 -3 -2 -3 -3 -2 -2  0  0 -2  0 -2 -2  1  6 -1 -1  1  1 -2    0   0   0   0   0   0   0   6   3   0  12   0   0   8  53   4   4   3   5   1  0.90 0.16
   46 D   -1 -2  2  5 -3  0  2 -1  1 -2 -2 -1  0 -3 -2  1 -1 -3 -2 -1    1   0  14  44   0   0  13   3   3   0   3   0   4   0   0   9   0   0   0   4  0.46 0.12
   47 S   -1 -1 -1 -2  0 -1 -1 -2 -2  1  1  1  0 -1  2  2  0 -2 -2  0    1   2   1   1   2   1   1   1   0  12  21  11   0   2  12  25   1   0   0   5  0.13 0.07
   48 L    0  1 -1 -1 -1  0 -1 -1  0  0  1  0  3 -1  0  1  0 -2 -1  0    7  12   1   3   1   1   2   2   2   2  17   2  16   1   4  14   3   0   1   8  0.06 0.04
   49 E   -1 -1  0  0 -2  0  2  0 -1  0 -1  0 -1  0  3  0 -1 -2 -1 -1    2   3   5   4   1   2  22   9   1  12   3   2   1   5  16   4   3   0   1   4  0.16 0.04
   50 C    0 -1 -1  1  7 -1 -1  0 -2  0 -1 -1 -1 -2  0 -1 -1 -2 -1  1    6   3   1  10  34   1   2   6   1   3   3   2   1   1   5   2   2   0   3  13  0.32 0.08
   51 M   -1  1 -1 -2 -1 -1 -1 -2 -1  1  2 -1  3  0 -1  0 -1 -1 -1  1    4  10   1   2   1   1   2   2   1   3  24   2  22   3   2   8   2   0   1  11  0.11 0.05
   52 E   -1 -1  2  4 -3  1  4 -2 -1 -3 -3  0 -2 -3 -1  0 -1 -3 -2 -3    1   1   9  32   0   4  39   1   0   1   1   1   0   1   2   5   1   0   0   1  0.57 0.12
   53 G    0 -1  3  1  0 -1 -1  3 -1 -2 -2  0 -2 -2 -1  2  0 -2 -2 -2    8   1  18   8   2   1   1  24   1   1   2   5   1   1   1  19   1   0   1   2  0.25 0.06
   54 S   -1  1 -1 -2 -2 -1 -1 -2 -2 -2 -1 -1 -2 -3  6  2 -1 -3 -2 -2    1   9   1   1   0   1   1   1   0   1  10   1   0   1  41  30   1   0   0   1  0.70 0.14
   55 D   -1 -1  3  4 -3  0  0 -1  5 -3 -3 -1 -2 -2 -2  0 -1 -3 -1 -3    4   1  16  33   0   1   2   1  26   1   1   1   0   1   1   8   1   0   0   1  0.47 0.09
   56 A    0 -1  0  2 -2  3  2 -2  1 -2 -1  0 -1 -1  0  0 -1 -2  1 -2   10   1   1  19   0  21  18   1   3   1   5   1   2   1   4   2   1   0   9   1  0.23 0.05
   57 L   -1 -2 -3 -3 -1 -2 -2 -3 -3  2  2 -2  1 -1 -2 -2 -1 -2 -1  4    1   1   1   1   0   1   1   1   0   1  31   1   3   1   1   1   1   0   0  55  0.33 0.09
   58 A    5 -2 -2 -2 -1 -1 -1  0 -2 -2 -2 -1 -1 -2 -1  0 -1 -3 -2 -1   84   1   1   1   0   1   1   4   0   1   1   1   0   1   1   1   1   0   0   1  0.53 0.13
   59 L    0 -2 -3 -3 -1 -1 -2 -2 -2  1  3 -2  5  0 -1 -2 -1 -2 -1  0   10   1   1   1   0   1   1   1   0   1  48   1  29   1   2   1   1   0   0   1  0.33 0.09
   60 R   -1  5 -1 -1 -3  4  0 -2 -1 -3 -2  1 -1 -3 -2 -1 -1  1 -2 -2    1  47   1   1   0  33   1   1   0   1   1   1   0   1   1   1   1   3   0   1  0.54 0.12
   61 L   -1 -2 -3 -3 -2 -2 -3 -3 -3  1  4 -2  1  0 -2 -2 -1 -2 -1  0    6   1   1   1   0   1   1   1   0   1  83   1   0   1   1   1   1   0   0   1  0.47 0.11
   62 A    5 -2 -2 -2 -1 -1 -1  0 -2 -1 -2 -1 -1 -2 -1  0 -1 -3 -2  0   85   1   1   1   0   1   1   1   0   1   1   1   0   1   1   1   1   0   0   3  0.53 0.13
   63 C   -1 -1 -2 -2  6 -2 -2 -2 -1 -1  0 -2 -1  4 -2  1 -1 -1  2 -1    1   4   1   1  27   1   1   1   0   1   5   1   0  27   1  19   1   0   7   3  0.34 0.08
   64 I   -1 -3 -3 -3 -2 -2 -3 -3 -3  5  1 -2  0 -1 -2 -2  1 -3 -2  2    1   1   1   1   0   1   1   1   0  78   1   1   0   1   1   1  10   0   0   1  0.46 0.12
   65 G    2 -2 -1 -2 -2 -1 -2  5 -2 -2 -2 -1  1 -2 -2  0 -1 -2 -2 -2   27   1   1   1   0   1   1  54   0   1   1   1   7   1   1   1   1   0   0   1  0.54 0.09
   66 D   -2 -2  1  6 -3 -1  1 -2 -2 -3 -3 -1 -3 -3 -2 -1  0 -4 -3 -3    1   1   1  80   0   1   1   1   0   1   1   1   0   1   1   1   8   0   0   1  0.92 0.14
   67 E   -1  1  0  2 -3  2  5 -2 -1 -3 -3  1 -2 -3 -1 -1 -1 -3 -2 -3    1   8   1  12   0   5  59   1   0   1   1   6   0   1   1   1   1   0   0   1  0.57 0.10
   68 M   -1 -1 -2 -3 -2 -1 -2 -3 -2  0  1  0  7 -1 -2 -2 -1 -2 -2  0    1   1   1   1   0   1   1   1   0   1   8   8  73   1   1   1   1   0   0   1  0.64 0.17
   69 D   -1 -1  2  5 -3  1  4 -2 -1 -3 -3  0 -2 -3 -1  0 -1 -3 -2 -3    1   1   8  42   0   3  36   1   0   1   1   1   0   1   1   1   1   0   0   1  0.62 0.10
   70 V   -1 -2 -3 -3  2 -1 -2 -2 -2  2  3 -2  1 -1 -2 -2 -1 -2 -1  2    1   2   1   1   7   3   1   2   0   4  43   1   0   1   1   1   1   0   0  30  0.24 0.06
   71 S   -1  4 -1 -2  3  0 -1 -2  3 -3 -2  1 -2 -2 -2  1 -1  2 -1 -2    1  46   1   1   9   1   1   1  12   1   1   1   0   1   1  18   1   4   0   1  0.39 0.09
   72 L   -1 -2 -3 -3  2 -2 -2 -2 -2  0  3 -2  0  1 -1 -2 -1  7  0  0    2   1   1   1   7   1   1   1   0   1  44   1   0   7   3   1   1  20   1   4  0.43 0.07
   73 R   -1  4 -1 -2  2  0 -1 -2 -1 -1  0  0  2 -2 -2 -1  0 -2 -1  0    2  40   1   1   7   2   1   1   0   1  11   1  13   1   1   1   8   0   1   5  0.23 0.07
   74 A    2 -2 -1 -1 -1 -1 -1  0 -2 -1  2 -1  1 -1 -2  2  0 -2 -2 -1   26   0   0   2   0   0   0   7   0   0  30   0   3   0   0  25   4   0   0   0  0.16 0.06
   75 P    1 -1 -2 -2  1 -2 -2 -2 -2 -2 -1 -1 -2 -3  7  0 -1 -3 -3 -2   15   4   0   0   3   0   0   0   0   0   7   0   0   0  60   6   0   0   0   0  1.10 0.13
   76 R   -2  5  0 -1 -3  2  0 -2  5 -3 -2  1 -2 -2 -2 -1 -1 -2 -1 -3    1  46   1   1   0  15   1   2  26   1   1   1   0   0   1   1   1   0   0   1  0.58 0.11
   77 L   -1 -2 -3 -3 -2 -2 -3 -3 -2  1  3 -2  1  3 -2 -2 -1 -1  0  1    2   2   1   1   0   1   1   1   0   9  49   1   0  22   1   1   4   0   0   6  0.29 0.07
   78 A    4 -2 -2 -2  3 -2 -2  2 -2 -1 -2 -1 -1 -2 -2  0  0 -3 -2  1   56   0   0   0   7   0   0  16   0   0   1   0   0   0   0   3   1   0   0  12  0.34 0.09
   79 Q   -1  0 -1  0 -4  5  4 -2  1 -3 -3  0 -2 -3  0 -1 -1  0 -2 -3    0   2   0   0   0  54  31   0   4   0   1   0   0   0   3   0   0   1   0   0  0.69 0.14
   80 L   -1 -2 -3 -3 -2 -2 -3 -3 -3  1  4 -3  1  0  1 -2 -2 -2 -2  0    4   0   0   0   0   0   0   0   0   0  80   0   1   0   9   0   0   0   0   2  0.50 0.12
   81 S   -1 -2 -2 -2 -3 -2 -2 -2 -2 -2 -2 -2 -2  0  7  0  0 -3  0 -2    4   0   0   0   0   0   1   1   0   2   3   1   0   5  65   7   4   0   4   1  1.18 0.13
   82 E   -1  0 -1 -1  1  3  1  3 -1 -3 -3 -1 -2 -2 -2 -1 -2  6 -1 -3    1   6   0   2   4  21  10  36   0   0   1   1   0   0   0   1   1  15   0   1  0.47 0.09
   83 V   -1 -1 -3 -3 -2 -1 -2 -3 -2  1  1 -2  6 -1 -3 -2 -1 -2 -2  2    1   4   0   0   0   0   1   1   0   6   6   1  57   0   0   1   1   0   0  20  0.48 0.14
   84 A    4 -2 -2 -2 -1 -1 -1 -1 -2 -1 -2 -1 -1 -2  0  0  1 -3 -2  0   75   0   0   0   0   0   1   1   0   3   1   1   0   0   2   1  10   0   0   4  0.44 0.12
   85 M   -1  0 -2 -3 -2 -1 -2 -3 -2  1  1 -2  6 -1 -3 -2  0 -2 -2  2    1   4   0   1   0   0   1   1   0   7   5   1  57   0   1   1   3   0   0  16  0.44 0.13
   86 H   -2 -2 -1 -2 -3 -1 -2 -3  6 -3 -2 -2 -2  1 -3 -1 -2  0  6 -2    0   0   1   0   0   0   0   0  35   0   1   0   0   0   0   5   0   0  53   0  0.91 0.17
   87 S    0  1  0 -1 -2 -1 -1 -1 -1 -3 -3 -1 -2 -3 -1  5  1 -3 -2 -2    0   8   0   0   0   0   0   0   0   0   1   0   0   0   0  81   6   0   0   0  0.57 0.15
   88 L    0  0  0 -1  1  0  0 -1  0  0  1  0  0  0  1  0  0 -1  0  0    5   4   3   4   3   3   4   5   4   4  19   4   2   3   8   8   4   1   2  10  0.02 0.00
   89 G    0  0  0  0 -1  0  0  2  0 -1 -1  0 -1 -1  1  1  0 -1 -1 -1    7   4   3   4   1   3   5  21   2   4   7   4   2   3   6  11   4   1   2   5  0.08 0.00
   90 L   -2 -3 -4 -4 -2 -3 -3 -4 -3  1  4 -3  1  1 -1 -3 -2  0 -1  0    0   0   0   0   0   0   0   0   0   0  88   0   0   4   2   0   0   2   0   0  0.56 0.12
   91 A    4 -2 -2 -2 -1 -2 -2  1 -2 -2 -2 -2 -1  2 -2  0 -1 -2 -1 -1   73   0   0   0   0   0   0   6   0   0   0   0   0  17   0   1   1   0   0   0  0.43 0.12
   92 F   -2 -3 -3 -4 -3 -3 -3 -4  1  0  1 -3  0  6 -4 -3 -2  0  2  1    2   0   0   0   0   0   0   0   4   3  13   0   0  63   0   0   0   0   0  13  0.66 0.14
   93 I    0 -2  0 -2 -2 -1 -2 -2 -2  1 -1 -1 -1 -2  3  1  4 -3 -2  0    2   0   2   0   0   0   0   0   0  13   0   0   0   0  17  12  49   0   0   2  0.44 0.12
   94 Y   -3 -3 -3 -4  0 -2 -3 -4  2 -2  0 -3 -2  2 -4 -3 -2  1  8 -2    0   0   0   0   2   0   0   0   3   0   8   0   0   3   0   0   0   0  82   0  1.23 0.22
   95 D   -1 -1  4  3 -2 -1  0 -1 -1 -1 -1  0 -2 -3 -2  2  0 -3 -2 -2    0   2  32  19   0   0   0   2   0   4   6   3   0   0   0  30   0   0   0   0  0.36 0.10
   96 Q   -2  2 -1 -1 -4  7  1 -3  2 -4 -3  0 -1 -4 -2 -1 -2 -3 -2 -3    0   9   0   0   0  83   0   0   4   0   0   0   0   0   0   0   0   0   0   0  1.02 0.22
   97 T    0 -1 -1 -2 -2  0 -1 -2 -2 -1 -1 -1  2 -2 -1  0  5 -3 -2  0    8   2   0   0   0   3   0   0   0   0   0   0   9   0   2   0  68   0   0   4  0.50 0.15
   98 E    0  0  0  1 -1  0  1  0  0  0  0  0  0 -1  0  0  0 -1  0  0    6   8   3   8   1   3  10   6   2   9   7   4   2   3   4   5   7   1   2   8  0.02 0.04
   99 D   -1 -2  0  3 -3 -2 -1  5 -2 -4 -4 -2 -3 -4 -2 -1 -2 -3 -4 -4    0   2   0  26   0   0   0  69   0   0   0   0   0   0   0   0   0   0   0   0  0.91 0.15
  100 I   -1 -3 -3 -3 -1 -2 -3 -3 -3  3  3 -3  1  0 -1 -2 -1 -2 -1  3    2   0   0   0   0   0   0   0   0  17  36   0   0   3   3   0   0   0   0  35  0.34 0.08
  101 R   -2  5 -1 -2 -3  0 -1 -1 -1 -3 -2  2  0 -3 -3 -1  0  5 -2 -3    0  59   0   0   0   2   0   3   0   0   0  10   4   0   0   2   9  12   0   0  0.69 0.15
  102 D    0 -3  0  4 -3 -2 -1  5 -2 -3 -4 -2 -3 -4 -3 -1 -2 -4 -4 -2    4   0   0  30   0   0   0  62   0   0   0   0   0   0   0   0   0   0   0   4  0.83 0.15
  103 V    0 -3 -4 -4 -2 -3 -3 -4 -4  2  1 -3  0 -2 -3 -2 -1 -4 -2  5    3   0   0   0   0   0   0   0   0   5   4   0   0   0   0   0   0   0   0  88  0.70 0.18
  104 L   -2 -3 -4 -4 -2 -3 -4 -4 -3  1  4 -3  1  4 -4 -3 -2 -1  2  0    0   0   0   0   0   0   0   0   0   0  71   0   0  22   0   0   0   0   6   0  0.63 0.14
  105 R   -2  6 -1 -2 -4  0 -1  0 -1 -4 -3  1 -2 -3 -3  0 -1  3 -2 -3    0  73   0   0   0   0   0  10   0   0   0   0   0   0   0   7   4   6   0   0  0.80 0.17
  106 S    0  0  0 -1  2 -1 -1  1 -2 -3 -3 -1 -2 -3 -2  5  0 -4 -3 -3    0   5   0   0   6   0   0   7   0   0   0   0   0   0   0  81   0   0   0   0  0.65 0.19
  107 F   -2 -3 -4 -4 -2 -3 -4 -4 -3  1  2 -3  0  6 -4 -3 -2 -1  1  1    0   0   0   0   0   0   0   0   0   2  31   0   0  53   0   0   0   0   0  14  0.65 0.14
  108 M    0 -2 -1 -3 -2 -2 -2 -1  1  2  1 -2  4 -1 -3  0  1 -3 -2  2    4   0   4   0   0   0   0   3   6  23   1   0  29   0   0   6   9   0   0  15  0.21 0.10
  109 D   -1  0  0  4 -1  0  0  0  3 -1 -2 -1 -2 -2 -1  0 -1 -3  1 -1    2   7   2  41   1   4   2   5  10   3   5   0   0   0   1   7   0   0   6   5  0.28 0.08
  110 G    1 -2 -1 -2  2 -2 -2  4  0 -2 -3 -2 -2 -3 -2  2 -1 -3 -3 -1   16   0   0   0   6   0   0  50   3   0   0   0   0   0   0  19   0   0   0   7  0.51 0.11
  111 F   -2 -3 -4 -4 -2 -3 -4 -4 -3  1  4 -3  1  4 -4 -3 -2 -1  0  0    0   0   0   0   0   0   0   0   0   0  67   0   0  30   0   0   0   0   0   3  0.65 0.15
  112 T    2 -2 -1 -2  0 -1 -2 -1 -2 -1 -2 -1 -1 -3 -1  1  5 -3 -2 -1   26   0   0   0   1   0   0   2   0   2   0   0   0   0   2   8  58   0   0   1  0.49 0.14
  113 T   -1 -1  5  2 -3 -1 -1 -1  2 -3 -4  0 -2 -3 -2  2  1 -3  0 -3    0   0  55   7   0   0   0   0   5   0   0   6   0   0   0  15   9   0   4   0  0.58 0.14
  114 L   -2 -3 -4 -5 -2 -3 -4 -4 -3  1  5 -3  1  2 -4 -3 -2 -2 -1  0    0   0   0   0   0   0   0   0   0   0  91   0   0   9   0   0   0   0   0   0  0.76 0.17
  115 K   -2  6 -1 -2 -4  2 -1 -2 -1 -3 -3  2 -2 -4 -3 -1 -2 -4 -3 -2    0  80   0   0   0   7   0   3   0   0   0   5   0   0   0   2   0   0   0   3  0.94 0.19
  116 E   -1 -1 -1  2 -4  1  5  0 -1 -3 -3  0 -3 -4 -2 -1 -2 -4 -3 -1    3   0   0   6   0   2  75   8   0   0   0   2   0   0   0   0   0   0   0   6  0.74 0.17
  117 N   -2 -1  6  2 -3  0 -1 -1  2 -3 -3  1 -2 -3 -2  1 -1 -3 -1 -3    1   0  63   8   0   0   1   1   4   0   1   8   0   0   0   8   1   0   2   1  0.66 0.14
  118 I   -1  0 -2 -2 -1 -1 -2 -2 -2  4  1 -1  0 -1 -1 -1  0 -2 -1  2    2   5   1   2   1   1   2   2   1  49   8   2   1   1   2   2   8   0   1   9  0.17 0.05
  119 M    0  3 -1 -2 -2  0 -1 -2 -1  0  0  0  2 -1 -2 -1 -1  5 -1  0    7  30   1   1   1   1   2   2   1   3   8   2  12   1   1   2   2  13   1  10  0.23 0.06
  120 R   -1  5 -1 -2 -3  0 -1 -2 -1 -3 -1  1 -2 -2 -2  1 -1  4 -2 -2    2  64   0   0   0   0   1   2   0   0   5   1   0   0   0  14   1   7   0   1  0.62 0.14
  121 F   -1 -2 -3 -3  1 -1 -2 -3 -2  1  2 -2  0  5  0 -2 -1 -1  1  0    5   1   0   1   3   4   1   1   0   9  25   1   0  40   5   1   2   0   0   1  0.30 0.08
  122 W   -3  2 -3 -4 -3 -2 -3  1 -3 -3 -3 -2 -2 -1 -4 -3 -3 11  0 -3    1  15   0   0   0   0   0  12   0   0   1   0   0   0   0   1   0  67   0   0  1.87 0.23
  123 R    0  5  1 -1 -3  0 -1  0 -1 -3 -3  1 -2 -3 -2  3  0 -3 -2 -3    3  48   6   0   0   0   0   4   0   0   0   0   0   0   0  36   0   0   0   0  0.52 0.14
  124 S   -1  0 -2 -2 -2 -2 -2 -2 -1  0  0 -1 -1  4  0  2 -1 -1  1  0    0   9   0   0   0   0   0   0   1   3   7   0   0  38   6  27   0   0   0   7  0.25 0.10
  125 P   -1 -3 -3 -3 -2 -2 -3 -4 -3  0  4 -2  1  0  4 -2 -1 -3 -2  0    2   0   0   0   0   2   0   0   0   0  69   0   0   1  22   0   1   0   0   0  0.58 0.13
  126 N    1 -2  1  0 -2 -1  0  0 -2  0 -1 -1 -1 -2 -2  2  3 -3 -2  0   14   0   9   4   0   0   3   6   0   8   1   0   0   0   0  14  37   0   0   3  0.22 0.08
  127 P   -1  0 -2 -3 -3 -2 -2  0 -3 -1  2 -2  0  0  5  0 -1 -3 -2 -1    0   7   0   0   0   0   0   7   0   2  33   0   0   6  35   9   0   0   0   0  0.52 0.12
  128 G   -1  5 -1 -2 -4  0 -1  3  0 -4 -3  1 -2 -4 -2  0 -2 -3 -3 -3    0  60   0   0   0   0   0  29   2   0   0   0   0   0   2   5   0   0   0   2  0.71 0.17
  129 S    1  0  2  2 -2 -1  0  0  0 -2 -2 -1 -2 -3  1  1  1 -3 -2 -2   13   6  12  19   0   0   0   8   3   2   3   0   0   0   7  15  12   0   0   0  0.21 0.05
  130 W   -3  4 -3 -4 -4  0 -2 -3 -2 -4 -3 -1 -2 -1 -4 -3 -3 10  0 -4    0  38   0   0   0   3   0   0   0   0   0   0   0   0   0   0   0  57   0   0  1.81 0.25
  131 V   -1 -3 -4 -4 -2 -3 -3 -1 -4  2  0 -3  1 -2 -3 -2 -1 -4 -2  6    0   0   0   0   0   0   0   6   0   0   0   0   2   0   0   0   0   0   0  92  0.73 0.20
  132 S    1  0 -1 -1  2 -1 -1 -1  0 -2 -2 -1 -2  1  2  4  0 -3 -1 -2   11   4   0   0   6   0   0   0   2   0   1   0   0   8   8  57   2   0   0   0  0.36 0.12
  133 C   -1  1 -2 -2  0 -2 -2 -1 -3 -3 -3 -1 -3 -4  7  0 -2 -4 -3 -3    0   9   0   0   3   0   0   4   0   0   0   0   0   0  74   7   0   0   0   0  1.54 0.17
  134 E    0  0  2  1 -3  0  1  3 -1 -3 -3  0 -2 -3  0  1  0 -3 -3 -3    4   5  11  10   0   0  14  26   0   0   0   6   0   0   4  16   2   0   0   0  0.30 0.05
  135 Q   -1  2 -1 -1 -3  5  0 -2 -1 -2  0  1 -1 -3  3 -1 -1  1 -2 -2    0  18   0   0   0  51   0   0   0   0  11   0   0   0  14   0   0   3   0   0  0.50 0.10
  136 V    2 -2 -2 -1 -2 -2 -2  1 -2 -1 -1 -2  0 -1 -2 -1 -1  7  0  1   35   0   0   3   0   0   0  13   0   0   0   0   2   0   0   0   0  26   0  17  0.51 0.08
  137 L   -1  4 -1 -1  4  0  1 -1 -1 -1 -1  0 -1 -2  1 -1 -1 -3 -2  0    1  41   0   0  15   0  14   5   0   0   7   0   0   0   6   0   0   0   0   9  0.27 0.06
  138 L   -1  3 -1 -2 -2  0  0  2 -2  0  2  0  0 -1 -2 -1 -1 -2 -2 -1    1  26   0   0   0   4   5  19   0   0  41   0   0   0   0   1   1   0   0   1  0.16 0.03
  139 A    2  0 -1 -1 -2  4  0 -1 -1 -1  0  0  0 -2 -1  0 -1 -2 -2 -1   31   0   0   0   0  44   1   1   0   0  15   0   0   0   0   3   1   0   0   1  0.27 0.05
  140 L    2 -2 -3 -3 -1 -1 -1 -2 -2  0  3 -2  2 -1  0 -1 -1 -2 -2  0   32   0   0   0   0   0   3   0   0   0  52   0   9   0   4   0   0   0   0   0  0.22 0.03
  141 L   -1 -2 -2 -3 -1 -2 -2 -3 -2  1  3 -2  1  2 -3  1 -1 -2  0  0    0   0   0   0   0   0   0   0   0   0  57   0   0  15   0  25   0   0   0   4  0.23 0.03
  142 L   -1  1 -2 -2 -2 -1 -1 -2 -2  0  2 -1  1 -1  3 -1 -1 -2 -1  0    1  15   1   1   0   1   1   1   0   1  47   1   0   1  20   7   1   0   0   1  0.25 0.02
  143 L   -1 -2 -2 -3 -1 -1 -2 -3 -2  1  3 -2  3  2 -2 -1 -1 -1  0  0    1   1   1   1   0   1   1   1   0   1  53   1  20  10   1   5   1   0   0   1  0.23 0.02
  144 L   -1 -1 -3 -3 -1 -2 -3 -3 -3  2  3 -2  1  0 -3 -1 -1 -2 -1  2    0   5   0   0   0   0   0   0   0   0  58   0   0   0   0   5   0   0   0  32  0.28 0.02
  145 A    2 -2 -2 -3 -1 -2 -2 -2 -2  1  1 -2  0 -1 -2  0  1 -2  0  2   35   0   0   0   0   0   0   0   0   0  25   0   0   0   0   0   9   0   5  26  0.15 0.02
  146 L    0 -2 -3 -3 -1 -2 -2 -3 -3  1  3 -2  1  0  2 -2 -1 -2 -1  2   12   0   0   0   0   0   0   0   0   0  56   0   0   0  10   0   0   0   0  21  0.27 0.02
  147 L    0  0 -2 -3 -1  0 -2 -3 -2  1  2 -1  3 -1 -2 -1  1 -2 -1  2    6   5   0   0   0   5   0   0   0   5  23   0  20   0   0   0  17   0   0  19  0.15 0.01
  148 L    0 -2 -3 -3  4 -2 -3 -3 -2  1  3 -2  1  2 -3 -1 -1 -1 -1  0    6   0   0   0  14   0   0   0   0   0  61   0   0  10   0   5   0   0   0   0  0.26 0.02
  149 P    2 -1 -1 -1 -1 -1 -1 -1 -2 -1  1 -1  0 -2  3  2  0 -2 -2 -1   26   0   0   0   0   0   0   1   0   0  21   0   0   0  19  29   0   0   0   0  0.28 0.01
  150 L    0 -2 -2 -3 -1 -1 -2 -2 -2  1  3 -2  4  0 -2  0 -1 -2 -1  0   11   0   0   0   0   0   0   0   0   0  33   0  43   0   0  12   0   0   0   0  0.23 0.02
  151 L    1 -2 -3 -3 -1 -2 -3 -3 -2  1  3 -2  1  3  1 -1 -1 -1  0  0   17   0   0   0   0   0   0   0   0   0  59   0   0  18   6   0   0   0   0   0  0.25 0.02
  152 S    1  0  0 -1 -1  0 -1  3 -1 -3 -3  0 -2 -3 -1  3  1 -3 -2 -2    0   6   0   0   0   0   0  24   0   0   0   0   0   0   0  63   7   0   0   0  0.39 0.02
  153 G    0 -2 -1 -2 -3 -2 -1  5 -2 -4 -3 -2 -3 -2  1 -1 -2  6 -1 -3    0   0   0   0   0   0   6  66   0   0   0   0   0   0   7   0   0  20   0   0  0.82 0.03
  154 G    2 -2 -1 -2 -2 -2 -2  5 -2 -3 -3 -2 -2 -3 -2  0 -1 -3 -3 -2   24   0   0   0   0   0   0  76   0   0   0   0   0   0   0   0   0   0   0   0  0.79 0.03
  155 L   -1 -3 -4 -4  5 -2 -3 -3 -3  1  3 -3  1  0 -3 -2 -1  5 -1  0    0   0   0   0  22   0   0   0   0   0  64   0   0   0   0   0   0  14   0   0  0.49 0.02
  156 H   -2  5  0 -2 -3  1  0 -2  6 -3 -3  1 -2 -2 -2 -1 -2 -3  0 -3    0  57   0   0   0   0   0   0  43   0   0   0   0   0   0   0   0   0   0   0  0.63 0.02
  157 L   -2 -2 -4 -4 -1 -2 -3 -4 -3  2  4 -3  2  0 -3 -3 -1 -2 -1  1    0   0   0   0   0   0   0   0   0   0 100   0   0   0   0   0   0   0   0   0  0.50 0.02
  158 L   -1 -1 -2 -2 -2  3  0 -3 -1  1  3 -1  1 -1 -2 -1 -1 -2 -1  0    0   0   0   0   0  37   0   0   0   0  63   0   0   0   0   0   0   0   0   0  0.25 0.01
  159 L   -2 -2 -4 -4 -1 -2 -3 -4 -3  2  4 -3  2  0 -3 -3 -1 -2 -1  1    0   0   0   0   0   0   0   0   0   0 100   0   0   0   0   0   0   0   0   0  0.47 0.01
  160 K   -1  2  0 -1 -3  4  1 -2  0 -3 -3  4 -1 -3 -1  0 -1 -3 -2 -2    0   0   0   0   0  37   0   0   0   0   0  63   0   0   0   0   0   0   0   0  0.50 0.01

                      K         Lambda
Standard Ungapped    0.1389     0.3222
Standard Gapped      0.0391     0.2670
PSI Ungapped         0.1254     0.3080
PSI Gapped           0.0391     0.2670
