
Last position-specific scoring matrix computed, weighted observed percentages rounded down, information per position, and relative weight of gapless real matches to pseudocounts
           A  R  N  D  C  Q  E  G  H  I  L  K  M  F  P  S  T  W  Y  V   A   R   N   D   C   Q   E   G   H   I   L   K   M   F   P   S   T   W   Y   V
    1 M   -2 -2 -3 -4 -2 -1 -3 -3 -2  1  2 -2  8 -1 -3 -2 -1 -2 -2  0    0   0   0   0   0   0   0   0   0   0   0   0 100   0   0   0   0   0   0   0  0.86 0.11
    2 G    0 -3 -1 -2 -3 -2 -3  6 -3 -4 -4 -2 -3 -4 -3 -1 -2 -3 -4 -4    0   0   0   0   0   0   0 100   0   0   0   0   0   0   0   0   0   0   0   0  1.25 0.07
    3 G    0 -2  0 -2 -3 -2 -2  6 -2 -4 -4 -2 -3 -4 -3  0 -2 -3 -3 -4    1   0   1   0   0   0   0  94   0   0   0   0   0   0   0   3   0   0   0   0  1.14 0.07
    4 K   -1  2 -1 -1 -4  1  0 -2 -1 -3 -3  6 -2 -4 -2 -1 -1 -4 -2 -3    0   0   0   0   0   0   0   0   0   0   0  99   0   0   0   0   0   0   0   0  0.76 0.08
    5 W   -3 -4 -5 -5 -3 -3 -4 -3 -3 -3 -2 -4 -2  0 -5 -4 -3 12  2 -4    0   0   0   0   0   0   0   1   0   0   0   0   0   0   0   0   0  99   0   0  2.89 0.14
    6 S    1 -1  0 -1 -1 -1 -1 -1 -1 -3 -3 -1 -2 -3 -1  5  1 -3 -2 -2    0   0   0   0   0   0   0   0   0   0   0   0   0   0   0  99   0   0   0   0  0.66 0.08
    7 K   -1  2 -1 -1 -4  1  0 -2 -1 -3 -3  6 -2 -4 -2 -1 -1 -4 -2 -3    0   1   0   0   0   0   0   0   0   0   0  99   0   0   0   0   0   0   0   0  0.76 0.08
    8 S    0  3  0 -1  1  0 -1 -1  0 -3 -2  0 -2 -3 -1  3  0 -3 -2 -2    0  31   1   0   4   0   0   0   1   0   1   0   0   0   0  58   0   0   0   0  0.38 0.05
    9 K    0  0  0 -1 -1  0 -1 -1 -1 -1 -1  0  0 -2 -1  4  1 -3 -2  0    0   5   0   0   0   0   0   2   0   0   3   5   3   0   0  71   1   0   0  10  0.32 0.05
   10 M    0 -2 -2 -3 -1 -2 -2  1 -3  2  1 -2  1 -1 -2 -1  0 -3 -2  3    2   1   0   0   0   0   1  12   0  11   2   0   6   1   0   2   2   0   0  59  0.22 0.04
   11 G    0 -3 -1 -1 -3 -2 -1  6 -2 -4 -4 -2 -3 -4 -3 -1 -2 -3 -4 -4    0   0   0   0   0   0   4  94   0   0   0   0   0   0   0   1   0   0   0   0  1.13 0.07
   12 W   -3 -4 -5 -5 -3 -3 -4 -3 -3 -3 -2 -4 -2  0 -5 -4 -3 12  2 -4    0   0   0   0   0   0   0   0   0   0   0   0   0   0   0   0   0 100   0   0  2.92 0.14
   13 P   -1 -2 -2 -2 -3 -1 -1 -2 -2 -3 -3 -1 -3 -4  7  0 -1 -4 -3 -3    3   0   0   0   0   0   0   0   1   0   0   0   0   0  85   9   1   0   0   0  1.76 0.08
   14 A    3 -1 -1 -1 -1 -1 -1 -1 -2 -2 -2  0 -1 -3 -1  1  3 -3 -2 -1   49   2   1   1   0   0   0   1   0   0   0   5   0   0   0   2  38   0   0   0  0.32 0.04
   15 V   -1 -3 -3 -4 -1 -3 -3 -4 -4  3  1 -3  1 -1 -3 -2 -1 -3 -2  4    0   0   0   0   0   0   0   0   0  26   0   0   0   0   0   0   0   0   0  74  0.49 0.06
   16 R   -2  6 -1 -2 -4  1 -1 -3 -1 -4 -3  2 -2 -3 -3 -1 -2 -3 -2 -3    0  99   0   0   0   0   0   0   0   0   0   1   0   0   0   0   0   0   0   0  1.03 0.09
   17 E   -1 -1 -1  2 -4  2  6 -3 -1 -4 -3  0 -3 -4 -2 -1 -1 -3 -3 -3    0   0   0   7   0   1  91   0   0   0   0   0   0   0   0   0   0   0   0   0  0.88 0.08
   18 R   -2  6 -1 -2 -4  1  0 -3 -1 -4 -3  2 -2 -3 -3 -1 -2 -3 -2 -3    0  93   0   0   0   0   0   0   0   0   0   7   0   0   0   0   0   0   0   0  0.96 0.08
   19 M   -2 -2 -3 -4 -2 -1 -3 -3 -2  1  2 -2  8 -1 -3 -2 -1 -2 -2  0    0   0   0   0   0   0   0   0   0   4   0   0  95   0   0   0   1   0   0   0  0.79 0.11
   20 K   -1  5  0 -2 -4  1  0 -2 -1 -3 -3  3 -2 -3 -2 -1 -1 -3 -2 -3    0  67   1   0   0   5   3   0   0   1   0  21   0   0   0   1   1   0   0   0  0.67 0.06
   21 R   -2  6 -1 -2 -4  2  0 -3 -1 -4 -3  2 -2 -3 -3 -1 -2 -3 -2 -3    0  91   0   0   0   7   0   0   0   0   0   1   0   0   0   0   0   0   0   0  0.93 0.08
   22 A    4 -2 -2 -2 -1 -1 -1 -1 -2 -1 -2 -1 -1 -3 -1  1  2 -3 -2  0   75   0   0   0   0   0   0   0   0   1   0   0   0   0   0   1  19   0   0   2  0.41 0.06
   23 E   -1  0 -1  1 -4  2  6 -2 -1 -4 -3  0 -2 -4 -1 -1 -1 -3 -3 -3    1   1   0   1   0   2  93   0   0   0   0   0   0   0   1   0   0   0   0   0  0.87 0.08
   24 P   -1 -2 -3 -2 -3 -2 -2 -3 -3 -3 -3 -2 -3 -4  8 -1 -2 -4 -4 -3    1   1   0   0   0   0   0   0   0   0   0   0   0   0  98   0   0   0   0   0  2.20 0.10
   25 A    5 -2 -2 -2 -1 -1 -1  0 -2 -2 -2 -1 -1 -3 -1  1  0 -3 -2 -1   97   0   0   1   0   0   1   0   0   0   0   0   0   0   0   0   1   0   0   0  0.57 0.07
   26 A    5 -2 -2 -2 -1 -1 -1  0 -2 -2 -2 -1 -1 -3 -1  1  0 -3 -2  0   99   1   0   0   0   0   0   0   0   0   0   0   0   0   0   0   0   0   0   1  0.59 0.07
   27 D   -1 -1  1  5 -4  0  3 -2 -1 -3 -3  0 -3 -4 -2  0 -1 -4 -3 -2    3   0   0  64   0   0  27   0   0   0   0   1   0   0   0   0   0   0   0   2  0.75 0.06
   28 G    0 -3 -1 -2 -3 -2 -3  6 -3 -4 -4 -2 -3 -4 -2 -1 -2 -3 -4 -4    1   0   0   0   0   0   0  98   0   0   0   0   0   0   1   0   0   0   0   0  1.21 0.07
   29 V    0 -3 -3 -3 -1 -3 -3 -4 -4  2  0 -3  0 -1 -3 -2  0 -3 -2  5    1   0   0   1   0   0   0   0   0   0   0   0   0   0   0   0   0   0   0  98  0.54 0.07
   30 G    0 -3 -1 -2 -3 -2 -3  6 -3 -4 -4 -2 -3 -4 -3 -1 -2 -3 -4 -4    1   0   0   0   0   0   0  99   0   0   0   0   0   0   0   0   0   0   0   0  1.24 0.07
   31 A    5 -2 -2 -2 -1 -1 -1  0 -2 -2 -2 -1 -1 -3 -1  1  0 -3 -2  0   98   0   0   0   0   0   0   0   0   0   0   0   0   0   1   0   0   0   0   1  0.58 0.07
   32 A    2 -3 -3 -3 -1 -2 -2 -2 -3  2  0 -2  0 -2 -2 -1  0 -3 -2  4   24   0   0   0   0   0   0   2   0   0   0   0   0   0   0   0   0   0   0  74  0.34 0.06
   33 S    1 -1  0 -1 -1 -1 -1 -1 -1 -3 -3 -1 -2 -3 -1  5  1 -3 -2 -2    0   0   0   0   0   0   0   0   0   0   0   0   0   0   0 100   0   0   0   0  0.67 0.08
   34 R   -2  6 -1 -2 -4  1 -1 -3 -1 -4 -3  2 -2 -3 -3 -1 -2 -3 -2 -3    0  97   0   0   0   2   0   0   0   0   0   1   0   0   0   0   0   0   0   0  1.01 0.08
   35 D   -2 -2  1  7 -4 -1  1 -2 -2 -4 -4 -1 -4 -4 -2 -1 -2 -5 -4 -4    0   0   0 100   0   0   0   0   0   0   0   0   0   0   0   0   0   0   0   0  1.21 0.09
   36 L   -2 -3 -4 -4 -2 -3 -3 -4 -3  1  5 -3  2  0 -3 -3 -2 -2 -1  0    0   0   0   0   0   0   0   0   0   0 100   0   0   0   0   0   0   0   0   0  0.63 0.06
   37 E   -1 -1 -1  2 -4  1  6 -1 -1 -4 -3  0 -3 -4 -2 -1 -1 -3 -3 -3    1   0   0   3   0   0  93   3   0   0   0   0   0   0   0   0   0   0   0   0  0.87 0.08
   38 K   -1  3 -1 -1 -4  1  0 -2 -1 -3 -3  5 -2 -4 -2 -1 -1 -3 -2 -3    0  13   0   0   0   0   1   0   0   0   0  85   0   0   0   0   0   0   0   0  0.68 0.07
   39 H   -2  0  0 -2 -4  0 -1 -3  9 -4 -3 -1 -2 -1 -3 -2 -2 -2  2 -4    0   1   0   0   0   0   0   0  93   0   0   0   0   0   0   0   0   0   6   0  1.26 0.10
   40 G    0 -3 -1 -2 -3 -2 -2  6 -3 -4 -4 -2 -3 -4 -3 -1 -2 -3 -4 -4    0   0   0   0   0   0   0 100   0   0   0   0   0   0   0   0   0   0   0   0  1.24 0.07
   41 A    5 -2 -2 -2 -1 -1 -1  0 -2 -2 -2 -1 -1 -3 -1  1  0 -3 -2 -1  100   0   0   0   0   0   0   0   0   0   0   0   0   0   0   0   0   0   0   0  0.61 0.07
   42 L   -2 -3 -4 -4 -2 -3 -4 -4 -4  5  2 -3  1  0 -3 -3 -1 -3 -2  2    0   0   0   0   0   0   0   0   0  89   8   0   0   0   0   0   0   0   0   3  0.57 0.07
   43 T    0 -2 -1 -2 -1 -1 -1 -2 -2 -1 -2 -1 -1 -3 -2  1  6 -3 -2 -1    0   0   0   0   0   0   0   0   0   0   0   0   0   0   0   0 100   0   0   0  0.74 0.09
   44 S    1 -1  1 -1 -1 -1 -1 -1 -1 -2 -3 -1 -2 -3 -1  5  1 -3 -2 -2    0   0   6   0   0   0   0   0   0   1   0   0   0   0   0  90   2   0   0   0  0.57 0.07
   45 S    1 -1  1 -1 -1 -1 -1 -1 -1 -3 -3 -1 -2 -3 -1  5  1 -3 -2 -2    0   1   4   0   0   0   0   1   0   0   0   0   0   0   0  93   0   0   0   0  0.60 0.08
   46 N   -2 -1  7  1 -3  0 -1 -1  0 -4 -4 -1 -3 -4 -3  0  0 -4 -3 -3    0   0 100   0   0   0   0   0   0   0   0   0   0   0   0   0   0   0   0   0  1.04 0.09
   47 T   -1 -2 -1 -2 -1 -1 -1 -2 -2 -1 -2 -1 -1 -3 -2  1  6 -3 -2  0    0   0   0   0   0   0   0   0   0   0   0   0   0   0   0   0 100   0   0   0  0.73 0.09
   48 A    5 -2 -2 -2 -1 -1 -1  0 -2 -2 -2 -1 -1 -3  2  1  0 -3 -2 -1   89   0   0   0   0   0   0   0   0   0   0   0   0   0   8   2   1   0   0   1  0.52 0.06
   49 A    4 -2 -2 -2 -1 -1 -1  0 -1 -2 -2 -1 -1 -3 -1  1  2 -3 -2  0   80   0   0   1   0   0   0   0   1   0   0   1   0   0   0   1  16   0   0   0  0.44 0.06
   50 T   -1 -1  4  0 -2 -1 -1 -2 -1 -2 -2 -1 -2 -3 -2  1  4 -3 -2 -1    0   0  33   1   0   0   0   0   0   0   0   0   0   0   0   2  64   0   0   0  0.53 0.06
   51 N   -2 -1  7  1 -3  0 -1 -1  0 -4 -4 -1 -3 -4 -3  0 -1 -4 -3 -4    0   0 100   0   0   0   0   0   0   0   0   0   0   0   0   0   0   0   0   0  1.04 0.09
   52 A    5 -2 -2 -2 -1 -1 -1  0 -2 -2 -2 -1 -1 -3  0  1  0 -3 -2 -1   96   0   0   1   0   0   0   0   0   0   0   0   0   0   2   0   0   0   0   0  0.55 0.07
   53 D    1 -2  1  6 -3 -1  1 -1 -2 -3 -4 -1 -3 -4 -2  0 -1 -4 -3 -3   19   0   0  79   0   0   0   0   0   0   0   0   0   0   0   0   1   0   0   0  0.80 0.07
   54 C   -1 -4 -3 -4 10 -4 -4 -3 -4 -2 -2 -4 -2 -3 -4 -1 -1 -3 -3 -1    0   0   0   0  97   0   0   0   0   0   1   0   0   0   0   0   0   0   0   2  1.69 0.11
   55 A    5 -2 -2 -2 -1 -1 -1  0 -2 -2 -2 -1 -1 -3 -1  1  0 -3 -2 -1   99   0   0   0   0   0   0   0   0   0   0   0   0   0   0   0   0   0   0   0  0.59 0.07
   56 W   -3 -4 -5 -5 -3 -3 -4 -3 -3 -3 -2 -4 -2  0 -5 -4 -3 12  2 -4    0   0   0   0   0   0   0   0   0   0   0   0   0   0   0   0   0 100   0   0  2.92 0.14
   57 L   -2 -3 -4 -4 -2 -3 -3 -4 -3  1  5 -3  2  0 -3 -3 -2 -2 -1  1    0   0   0   0   0   0   0   0   0   0  99   0   0   0   0   0   0   0   0   1  0.62 0.06
   58 E   -1 -1 -1  1 -4  2  6 -3 -1 -4 -3  0 -3 -4 -2 -1 -1 -3 -3 -3    0   0   0   0   0   1  99   0   0   0   0   0   0   0   0   0   0   0   0   0  0.97 0.09
   59 A    5 -2 -2 -2 -1 -1 -1  0 -2 -2 -2 -1 -1 -3 -1  1  0 -3 -2 -1   99   0   0   0   0   0   0   0   0   0   0   0   0   0   0   0   0   0   0   0  0.60 0.07
   60 Q   -1  1 -1 -1 -4  7  1 -2  0 -3 -3  1 -1 -4 -2 -1 -1 -3 -2 -3    0   0   0   0   0  99   0   0   0   0   0   0   0   0   0   0   0   0   0   0  0.98 0.10
   61 E   -1  0 -1  1 -4  2  6 -2 -1 -4 -3  1 -2 -4 -2 -1 -1 -3 -3 -3    0   0   0   0   0   0  95   0   0   0   0   3   0   0   0   0   0   0   0   0  0.90 0.08
   62 D   -1 -1  0  4 -4  1  5 -2 -1 -4 -4  0 -3 -4 -2 -1 -1 -4 -3 -3    0   0   0  26   0   0  73   0   0   0   0   0   0   0   0   0   0   0   0   0  0.80 0.07
   63 E   -1 -1 -1  1 -4  2  6 -2 -1 -4 -3  0 -3 -4 -2 -1 -1 -3 -3 -3    0   0   0   1   0   0  99   0   0   0   0   0   0   0   0   0   0   0   0   0  0.96 0.08
   64 E   -1 -1  0  2 -4  1  6 -2 -1 -4 -3  0 -3 -4 -2 -1 -1 -3 -3 -3    0   0   0   4   0   0  94   1   0   0   0   0   0   0   0   0   0   0   0   0  0.90 0.08
   65 V   -1 -3 -3 -4 -1 -3 -3 -4 -4  2  0 -3  0 -1 -3 -2  0 -3 -2  5    0   0   0   0   0   0   0   0   0   0   0   0   0   0   0   0   0   0   0 100  0.57 0.08
   66 G    0 -3 -1 -2 -3 -2 -3  6 -3 -4 -4 -2 -3 -4 -3 -1 -2 -3 -4 -4    0   0   0   0   0   0   0 100   0   0   0   0   0   0   0   0   0   0   0   0  1.25 0.07
   67 F   -3 -3 -4 -4 -3 -4 -4 -4 -2 -1  0 -4  0  7 -4 -3 -3  0  3 -1    0   0   0   0   0   0   0   0   0   0   0   0   0 100   0   0   0   0   0   0  1.11 0.09
   68 P   -1 -3 -3 -2 -3 -2 -2 -3 -3 -3 -4 -2 -3 -4  8 -1 -2 -4 -4 -3    0   0   0   0   0   0   0   0   0   0   0   0   0   0 100   0   0   0   0   0  2.26 0.10
   69 V   -1 -3 -3 -4 -1 -3 -3 -4 -4  2  0 -3  0 -1 -3 -2  0 -3 -2  5    0   0   0   0   0   0   0   0   0   2   0   0   0   0   0   0   0   0   0  98  0.55 0.07
   70 K   -2  6 -1 -2 -4  1  0 -3 -1 -3 -3  3 -2 -3 -2 -1 -1 -3 -2 -3    0  77   0   0   0   0   0   0   0   0   0  19   0   0   0   0   3   0   0   0  0.78 0.07
   71 P   -1 -3 -3 -2 -3 -2 -2 -3 -3 -3 -4 -2 -3 -4  8 -1 -2 -4 -4 -3    0   0   0   0   0   0   0   0   0   0   0   0   0   0 100   0   0   0   0   0  2.26 0.10
   72 Q   -1  1 -1 -1 -4  7  1 -2  0 -3 -3  1 -1 -4 -2 -1 -1 -3 -2 -3    0   0   0   0   0  99   0   0   1   0   0   0   0   0   0   0   0   0   0   0  0.99 0.10
   73 V   -1 -3 -3 -4 -1 -3 -3 -4 -4  2  0 -3  0 -1 -3 -2  0 -3 -2  5    0   0   0   0   0   0   0   0   0   0   0   0   0   0   0   0   0   0   0  99  0.56 0.07
   74 P   -1 -3 -3 -2 -3 -2 -2 -3 -3 -3 -4 -2 -3 -4  8 -1 -2 -4 -4 -3    0   0   0   0   0   0   0   0   0   0   0   0   0   0 100   0   0   0   0   0  2.26 0.10
   75 L   -2 -3 -4 -4 -2 -3 -3 -4 -3  1  5 -3  2  0 -3 -3 -2 -2 -1  1    0   0   0   0   0   0   0   0   0   0  97   0   0   0   0   0   0   0   0   3  0.61 0.06
   76 R   -2  6 -1 -2 -4  1 -1 -3 -1 -4 -3  2 -2 -3 -3 -1 -2 -3 -2 -3    0  99   0   0   0   0   0   0   0   0   0   1   0   0   0   0   0   0   0   0  1.04 0.09
   77 P   -1 -3 -3 -2 -3 -2 -2 -3 -3 -3 -4 -2 -3 -4  8 -1 -2 -4 -4 -3    0   0   0   0   0   0   0   0   0   0   0   0   0   0 100   0   0   0   0   0  2.26 0.10
   78 M   -2 -2 -3 -4 -2 -1 -3 -3 -2  1  2 -2  8 -1 -3 -2 -1 -2 -2  0    0   0   0   0   0   0   0   0   0   1   0   0  99   0   0   0   0   0   0   0  0.85 0.11
   79 T    0 -2 -1 -1 -1 -1 -1 -2 -2 -1 -2 -1 -1 -3 -2  1  6 -3 -2 -1    0   0   0   0   0   0   0   0   0   0   0   0   0   0   0   0  99   0   0   0  0.72 0.09
   80 Y   -2 -2 -3 -4 -3 -2 -3 -4  1 -2 -2 -2 -2  3 -4 -2 -2  2  8 -2    0   0   0   0   0   0   0   0   1   0   0   0   0   4   0   0   0   0  94   0  1.20 0.10
   81 K   -1  2 -1 -1 -4  1  0 -2 -1 -3 -3  6 -2 -4 -2 -1 -1 -3 -2 -3    0   4   0   0   0   2   0   0   0   0   0  94   0   0   0   0   0   0   0   0  0.73 0.08
   82 A    3 -2 -1 -2 -2 -2 -2  5 -2 -3 -3 -1 -2 -3 -2  0 -1 -3 -3 -2   43   0   0   0   0   0   0  56   0   0   0   0   0   0   0   1   0   0   0   0  0.66 0.05
   83 A    5 -2 -2 -2 -1 -1 -1  0 -2 -2 -2 -1 -1 -3 -1  1  0 -3 -2  0   98   0   0   0   0   0   0   0   0   0   0   0   0   0   0   1   0   0   0   1  0.59 0.07
   84 L   -1 -3 -3 -4 -1 -3 -3 -4 -3  2  3 -3  1  1 -3 -2 -1 -1 -1  3    0   0   0   0   0   0   0   0   0   3  49   0   1   5   0   0   0   1   0  40  0.35 0.04
   85 D   -2 -2  1  7 -4 -1  1 -2 -2 -4 -4 -1 -4 -4 -2 -1 -2 -5 -4 -4    0   0   1  99   0   0   0   0   0   0   0   0   0   0   0   0   0   0   0   0  1.19 0.09
   86 L   -2 -3 -4 -4 -2 -3 -3 -4 -3  1  5 -3  2  0 -3 -3 -2 -2 -1  1    0   0   0   0   0   0   0   0   0   2  95   0   2   0   0   0   0   0   0   0  0.60 0.06
   87 S    1 -1  0 -1 -1 -1 -1 -1 -1 -3 -3 -1 -2 -3 -1  5  1 -3 -2 -2    0   0   0   0   0   0   0   0   0   0   0   0   0   0   0 100   0   0   0   0  0.66 0.08
   88 H   -2 -1  0 -2 -4  0 -1 -3  9 -4 -3 -1 -2 -2 -3 -2 -2 -3  1 -4    0   0   0   0   0   0   0   0  99   0   0   0   0   0   0   0   0   0   0   0  1.38 0.11
   89 F   -3 -3 -4 -4 -3 -4 -4 -4 -2 -1  0 -4  0  7 -4 -3 -3  1  3 -1    0   0   0   0   0   0   0   0   0   0   0   0   0 100   0   0   0   0   0   0  1.10 0.09
   90 L   -2 -3 -4 -4 -2 -3 -3 -4 -3  1  5 -3  2  0 -3 -3 -2 -2 -1  1    0   0   0   0   0   0   0   0   0   1  98   0   0   1   0   0   0   0   0   0  0.62 0.06
   91 K   -1  3 -1 -1 -4  1  0 -2 -1 -3 -3  5 -2 -4 -2 -1 -1 -3 -2 -3    0   9   0   0   0   0   0   0   0   0   0  90   0   0   0   0   0   0   0   0  0.71 0.07
   92 E   -1  0 -1  1 -4  2  6 -3 -1 -4 -3  1 -3 -4 -2 -1 -1 -3 -3 -3    0   0   0   0   0   0  98   0   0   0   0   2   0   0   0   0   0   0   0   0  0.95 0.08
   93 K   -1  2 -1 -1 -4  1  1 -2 -1 -3 -3  6 -1 -4 -1 -1 -1 -3 -2 -3    0   0   0   0   0   2   2   0   0   0   0  95   1   0   0   0   0   0   0   0  0.72 0.08
   94 G    0 -3 -1 -2 -3 -2 -3  6 -3 -4 -4 -2 -3 -4 -3 -1 -2 -3 -4 -4    0   0   0   0   0   0   0 100   0   0   0   0   0   0   0   0   0   0   0   0  1.25 0.07
   95 G    0 -3 -1 -2 -3 -2 -3  6 -3 -4 -4 -2 -3 -4 -3 -1 -2 -3 -4 -4    0   0   0   0   0   0   0 100   0   0   0   0   0   0   0   0   0   0   0   0  1.25 0.07
   96 L   -2 -3 -4 -4 -2 -3 -3 -4 -3  1  5 -3  2  0 -3 -3 -2 -2 -1  0    0   0   0   0   0   0   0   0   0   0 100   0   0   0   0   0   0   0   0   0  0.63 0.06
   97 E   -1 -1 -1  2 -4  2  6 -3 -1 -4 -3  0 -3 -4 -2 -1 -1 -3 -3 -3    0   0   0   5   0   0  94   0   0   0   0   0   0   0   0   0   0   0   0   0  0.92 0.08
   98 G    0 -2 -1 -2 -3 -2 -3  6 -3 -4 -4 -2 -3 -4 -3 -1 -2 -3 -4 -4    0   1   0   0   0   0   0  99   0   0   0   0   0   0   0   0   0   0   0   0  1.24 0.07
   99 L   -2 -3 -4 -4 -2 -3 -3 -4 -3  1  5 -3  2  0 -3 -3 -2 -2 -1  1    0   0   0   0   0   0   0   0   0   2  96   0   2   0   0   0   0   0   0   0  0.60 0.06
  100 V   -1 -3 -4 -4 -2 -3 -3 -4 -4  5  1 -3  1 -1 -3 -3 -1 -3 -2  3    0   0   0   0   0   0   0   0   0  76   0   0   0   0   0   0   1   0   0  23  0.51 0.06
  101 Y   -2 -2 -1 -3 -3 -1 -2 -3  6 -2 -2 -2 -2  2 -3 -2 -2  4  6 -2    0   0   0   0   0   0   0   0  34   0   0   0   0   2   0   0   0   5  59   0  0.91 0.08
  102 S    1 -1  0 -1 -1 -1 -1 -1 -1 -3 -3 -1 -2 -3 -1  5  1 -3 -2 -2    0   0   0   0   1   0   0   0   0   0   0   0   0   0   0  99   0   0   0   0  0.65 0.08
  103 Q   -1  1 -1 -1 -4  7  1 -2  0 -3 -3  1 -1 -4 -1 -1 -1 -3 -2 -3    0   1   0   0   0  97   0   0   0   0   0   1   0   0   1   0   0   0   0   0  0.94 0.10
  104 K   -1  4 -1 -1 -4  1  0 -2 -1 -3 -3  5 -2 -3 -2 -1 -1 -3 -2 -3    0  26   0   0   0   3   0   0   0   0   0  70   0   0   0   0   0   0   0   0  0.64 0.06
  105 R   -2  6 -1 -2 -4  1 -1 -3 -1 -4 -3  2 -2 -3 -3 -1 -2 -3 -2 -3    0  99   0   0   0   0   0   1   0   0   0   0   0   0   0   0   0   0   0   0  1.02 0.09
  106 Q   -1  1 -1 -1 -4  7  1 -2  0 -3 -3  1 -1 -4 -2 -1 -1 -3 -2 -3    0   2   0   0   0  96   0   0   0   0   0   2   0   0   0   0   0   0   0   0  0.93 0.10
  107 D   -2 -2  1  6 -4  0  2 -2 -1 -4 -4 -1 -3 -4 -2 -1 -1 -5 -3 -4    0   0   0  87   0   0  12   0   0   0   0   0   0   0   0   0   0   0   0   0  1.04 0.07
  108 I   -2 -4 -4 -4 -2 -3 -4 -4 -4  5  1 -3  1 -1 -3 -3 -1 -3 -2  2    0   0   0   0   0   0   0   0   0 100   0   0   0   0   0   0   0   0   0   0  0.64 0.08
  109 L   -2 -3 -4 -4 -2 -3 -3 -4 -3  1  5 -3  2  0 -3 -3 -2 -2 -1  0    0   0   0   0   0   0   0   0   0   0 100   0   0   0   0   0   0   0   0   0  0.63 0.06
  110 D   -2 -2  1  7 -4 -1  1 -2 -2 -4 -4 -1 -4 -4 -2 -1 -2 -5 -4 -4    0   0   0 100   0   0   0   0   0   0   0   0   0   0   0   0   0   0   0   0  1.21 0.09
  111 L   -2 -3 -4 -4 -2 -2 -3 -4 -3  1  5 -3  2  0 -3 -3 -2 -2 -1  0    0   0   0   0   0   0   0   0   0   0  99   0   0   0   1   0   0   0   0   0  0.62 0.06
  112 W   -3 -4 -5 -5 -3 -3 -4 -3 -3 -3 -2 -4 -2  0 -5 -4 -3 12  2 -4    0   0   0   0   0   0   0   0   0   0   0   0   0   0   0   0   0 100   0   0  2.92 0.14
  113 I   -1 -3 -3 -4 -1 -3 -3 -4 -4  3  1 -3  1 -1 -3 -2 -1 -3 -2  4    0   0   0   0   0   0   0   0   0  26   0   0   1   0   0   0   0   0   0  72  0.47 0.06
  114 Y   -2 -2 -3 -4 -3 -2 -3 -4  2 -2 -2 -2 -2  3 -4 -2 -2  2  8 -2    0   0   0   0   0   0   0   0   2   0   0   0   0   0   0   0   0   0  97   0  1.23 0.10
  115 H   -2 -1  1 -1 -4  0 -1 -3  9 -4 -4 -1 -2 -2 -3 -1 -2 -3  1 -4    0   0   6   0   0   0   0   0  94   0   0   0   0   0   0   0   0   0   0   0  1.27 0.10
  116 T    0 -2 -1 -2 -1 -1 -1 -2 -2 -1 -2 -1 -1 -3 -2  1  6 -3 -2 -1    0   0   0   0   0   0   0   0   0   0   0   0   0   0   0   0  99   0   0   0  0.73 0.09
  117 Q   -1  1 -1 -1 -4  7  1 -2  0 -3 -3  1 -1 -4 -2 -1 -1 -3 -2 -3    0   0   0   0   0 100   0   0   0   0   0   0   0   0   0   0   0   0   0   0  0.99 0.10
  118 G    0 -3 -1 -2 -3 -2 -3  6 -3 -4 -4 -2 -3 -4 -3 -1 -2 -3 -4 -4    0   0   0   0   0   0   0 100   0   0   0   0   0   0   0   0   0   0   0   0  1.25 0.07
  119 Y   -2 -2 -3 -4 -3 -2 -3 -4  1 -2 -2 -2 -1  3 -4 -2 -2  2  8 -2    0   0   0   0   0   0   0   0   0   0   0   0   0   6   0   0   0   0  94   0  1.21 0.10
  120 F   -3 -3 -4 -4 -3 -4 -4 -4 -2 -1  0 -4  0  7 -4 -3 -3  0  3 -1    0   0   0   0   0   0   0   0   0   0   0   0   0 100   0   0   0   0   0   0  1.11 0.09
  121 P   -1 -3 -3 -2 -3 -2 -2 -3 -3 -3 -4 -2 -3 -4  8 -1 -2 -4 -4 -3    0   0   0   0   0   0   0   0   0   0   0   0   0   0 100   0   0   0   0   0  2.26 0.10
  122 D   -2 -2  1  7 -4 -1  1 -2 -2 -4 -4 -1 -4 -4 -2 -1 -2 -5 -4 -4    0   0   0 100   0   0   0   0   0   0   0   0   0   0   0   0   0   0   0   0  1.21 0.09
  123 W   -3 -4 -5 -5 -3 -3 -4 -3 -3 -3 -2 -4 -2  0 -5 -4 -3 12  2 -4    0   0   0   0   0   0   0   0   0   0   0   0   0   0   0   0   0 100   0   0  2.92 0.14
  124 Q   -1  0  0 -1 -4  7  1 -2  1 -3 -3  1 -1 -4 -2 -1 -1 -3 -2 -3    0   0   0   1   0  96   0   1   3   0   0   0   0   0   0   0   0   0   0   0  0.93 0.10
  125 N   -2 -1  7  1 -3  0 -1 -1  0 -4 -4 -1 -3 -4 -3  0 -1 -4 -3 -3    0   0  99   0   0   0   0   0   0   0   0   0   0   0   0   1   0   0   0   0  1.03 0.09
  126 Y   -2 -2 -3 -4 -3 -2 -3 -4  1 -2 -2 -2 -2  3 -4 -2 -2  2  8 -2    0   0   0   0   0   0   0   0   0   0   0   0   0   0   0   0   0   0 100   0  1.29 0.11
  127 T   -1 -2 -1 -2 -1 -1 -1 -2 -2 -1 -2 -1 -1 -3 -1  1  6 -3 -2 -1    0   0   0   0   0   0   0   0   0   0   0   0   0   0   0   0 100   0   0   0  0.74 0.09
  128 P   -1 -3 -3 -2 -3 -2 -2 -3 -3 -3 -3 -1 -3 -4  8 -1 -2 -4 -4 -3    1   0   0   0   0   0   0   0   0   0   0   1   0   0  98   1   0   0   0   0  2.18 0.10
  129 G    0 -2 -1 -2 -3 -2 -3  6 -3 -4 -4 -2 -3 -4 -3 -1 -2 -3 -4 -4    0   1   0   0   0   0   0  99   0   0   0   0   0   0   0   0   0   0   0   0  1.24 0.07
  130 P   -1 -3 -3 -2 -3 -2 -2 -3 -3 -3 -4 -2 -3 -4  8 -1 -2 -4 -4 -3    0   0   0   0   0   0   0   0   0   0   0   0   0   0 100   0   0   0   0   0  2.26 0.10
  131 G    0 -3 -1 -2 -3 -2 -3  6 -3 -4 -4 -2 -3 -4 -3 -1 -2 -3 -4 -4    0   0   0   0   0   0   0  99   0   0   0   0   0   0   0   0   0   0   0   0  1.23 0.07
  132 V   -1 -2 -2 -3 -1 -2 -2 -3 -3  3  0 -2  0 -1 -2 -1  3 -3 -2  2    0   0   0   0   0   0   0   0   0  45   0   0   0   0   1   0  35   0   0  18  0.30 0.05
  133 R   -2  6 -1 -2 -4  1 -1 -3 -1 -4 -3  2 -2 -3 -3 -1 -2 -3 -2 -3    0  99   0   0   0   0   0   0   0   0   0   0   0   0   0   1   0   0   0   0  1.03 0.09
  134 F   -2 -2 -3 -4 -3 -2 -3 -4  1 -1 -1 -3 -1  4 -4 -2 -2  2  7 -2    0   0   0   0   0   0   0   0   1   0   0   0   0  24   0   0   0   1  75   0  1.02 0.08
  135 P   -1 -3 -3 -2 -3 -2 -2 -3 -3 -3 -4 -2 -3 -4  8 -1 -2 -4 -4 -3    0   0   0   0   0   0   0   0   0   0   0   0   0   0 100   0   0   0   0   0  2.26 0.10
  136 L   -2 -3 -4 -4 -2 -3 -3 -4 -3  1  5 -3  2  0 -3 -3 -2 -2 -1  1    0   0   0   0   0   0   0   0   0   3  97   0   0   0   0   0   0   0   0   0  0.61 0.06
  137 T    0 -2 -1 -2  2 -1 -1 -2 -2 -1 -2 -1 -1 -3 -2  1  6 -3 -2 -1    0   0   0   0   6   0   0   0   0   0   0   0   0   0   0   0  94   0   0   0  0.67 0.08
  138 F   -3 -3 -4 -4 -3 -4 -4 -4 -2 -1  0 -4  0  7 -4 -3 -3  1  3 -1    0   0   0   0   0   0   0   0   0   0   2   0   0  96   0   0   0   0   2   0  1.05 0.09
  139 G    0 -3 -1 -2 -3 -2 -3  6 -3 -4 -4 -2 -3 -4 -3 -1 -2 -3 -4 -4    0   0   0   0   0   0   0 100   0   0   0   0   0   0   0   0   0   0   0   0  1.25 0.07
  140 W   -3 -4 -5 -5 -3 -3 -4 -3 -3 -3 -2 -4 -2  0 -5 -4 -3 12  2 -4    0   0   0   0   0   0   0   0   0   0   0   0   0   0   0   0   0 100   0   0  2.92 0.14
  141 C   -1 -4 -3 -4 10 -4 -4 -3 -4 -2 -2 -4 -2 -3 -4 -2 -2 -3 -3 -1    0   0   0   0 100   0   0   0   0   0   0   0   0   0   0   0   0   0   0   0  1.77 0.11
  142 F   -3 -3 -4 -4 -3 -4 -4 -4 -2 -1  0 -4  0  7 -4 -3 -3  1  3 -1    0   0   0   0   0   0   0   0   0   0   0   0   0  96   0   0   0   0   4   0  1.05 0.09
  143 K   -1  2 -1 -1 -4  1  0 -2 -1 -3 -3  6 -2 -4 -2 -1 -1 -4 -2 -3    0   0   0   0   0   0   0   0   0   0   0 100   0   0   0   0   0   0   0   0  0.77 0.08
  144 L   -2 -3 -4 -4 -2 -3 -3 -4 -3  1  5 -3  2  0 -3 -3 -2 -2 -1  0    0   0   0   0   0   0   0   0   0   0  99   0   0   0   1   0   0   0   0   0  0.62 0.06
  145 V   -1 -3 -3 -4 -1 -3 -3 -4 -4  2  0 -3  0 -1 -3 -2  0 -3 -2  5    0   0   0   0   0   0   0   0   0   0   0   0   0   0   0   0   0   0   0 100  0.57 0.08
  146 P   -1 -3 -3 -2 -3 -2 -2 -3 -3 -3 -4 -2 -3 -4  8 -1 -2 -4 -4 -3    0   0   0   0   0   0   0   0   0   0   0   0   0   0 100   0   0   0   0   0  2.26 0.10
  147 V   -1 -3 -3 -4 -1 -3 -3 -4 -4  2  1 -3  1 -1 -3 -2  0 -3 -2  5    1   0   0   0   0   0   0   0   0   1   8   0   1   0   0   0   0   0   0  89  0.49 0.06
  148 E   -1 -1  0  3 -4  1  5 -2 -1 -4 -3  0 -3 -4 -2  0 -1 -4 -3 -3    0   0   0  23   0   0  74   0   0   0   0   1   0   0   0   1   0   0   0   0  0.78 0.06
  149 P   -1 -2 -2 -2 -3  0 -1 -3 -3 -3 -3 -1 -3 -4  8 -1 -1 -4 -3 -3    0   1   0   0   0   4   0   0   0   0   0   1   0   0  93   1   0   0   0   0  2.01 0.09
  150 E   -1 -1  0  3 -4  1  5 -1 -1 -4 -4  0 -3 -4 -2 -1 -1 -4 -3 -3    0   0   0  20   0   0  77   3   0   0   0   0   0   0   0   0   0   0   0   0  0.78 0.07
  151 K   -1  2  0  0 -4  3  2 -2 -1 -3 -3  5 -2 -4 -1  0 -1 -3 -2 -3    0   2   0   1   0  21  10   0   0   0   0  66   0   0   0   0   0   0   0   0  0.57 0.06
  152 V   -1 -3 -3 -4 -1 -3 -3 -4 -4  3  1 -3  1 -1 -3 -2 -1 -3 -2  4    0   0   0   0   0   0   0   0   0  26   0   0   0   0   0   0   0   0   0  74  0.49 0.06
  153 E   -1 -1 -1  1 -4  2  6 -3 -1 -4 -3  0 -3 -4 -2 -1 -1 -3 -3 -3    0   0   0   0   0   0 100   0   0   0   0   0   0   0   0   0   0   0   0   0  0.98 0.09
  154 E   -1  0 -1  1 -4  2  5 -2 -1 -4 -3  2 -2 -4 -2 -1 -1 -3 -2 -3    1   0   0   0   0   1  82   0   0   0   0  17   0   0   0   0   0   0   0   0  0.77 0.07
  155 A    5 -2 -2 -2 -1 -1 -1  0 -2 -2 -2 -1 -1 -3 -1  1  0 -3 -2  0   98   0   0   0   0   0   0   0   0   0   0   0   0   0   0   0   0   0   0   1  0.58 0.07
  156 N   -2 -1  7  1 -3  0 -1 -1  0 -4 -4 -1 -3 -4 -2  0  0 -4 -3 -3    0   0  94   0   0   0   0   0   0   0   0   0   0   0   1   0   5   0   0   0  0.94 0.09
  157 E   -1  0 -1  1 -4  2  5 -2 -1 -3 -3  2 -2 -4 -2  0 -1 -3 -2 -3    3   0   0   0   0   1  78   0   0   0   0  15   0   0   0   0   1   0   0   0  0.70 0.06
  158 G    0 -3 -1 -2 -3 -2 -2  6 -3 -4 -4 -2 -3 -4 -3 -1 -2 -3 -4 -4    0   0   0   0   0   0   1  99   0   0   0   0   0   0   0   0   0   0   0   0  1.22 0.07
  159 E   -1 -1 -1  1 -4  2  6 -3 -1 -4 -3  0 -3 -4 -2 -1 -1 -3 -3 -3    0   0   0   0   0   0 100   0   0   0   0   0   0   0   0   0   0   0   0   0  0.97 0.09
  160 N   -2 -1  7  1 -3  0 -1 -1  0 -4 -4 -1 -3 -4 -3  0 -1 -4 -3 -4    0   0  98   1   0   0   0   0   1   0   0   0   0   0   0   0   0   0   0   0  1.02 0.09
  161 N   -2 -1  7  1 -3  0 -1 -1  0 -3 -4 -1 -3 -4 -3  0  0 -4 -3 -3    0   0  96   0   0   0   0   0   1   1   0   0   0   0   0   1   1   0   0   0  0.98 0.09
  162 S    0 -1 -1 -2  7 -1 -2 -2 -1 -2 -2 -1 -2 -3 -2  3  0 -3 -2 -2    0   3   1   0  44   0   0   0   1   1   0   2   0   0   0  48   1   0   0   0  0.63 0.07
  163 L   -2 -3 -4 -4 -2 -3 -3 -4 -3  1  5 -3  2  0 -3 -3 -2 -1 -1  0    0   0   0   0   0   0   0   0   0   0 100   0   0   0   0   0   0   0   0   0  0.63 0.06
  164 L   -2 -3 -4 -4 -2 -3 -3 -4 -3  1  5 -3  2  0 -3 -3 -2 -2 -1  0    0   0   0   0   0   0   0   0   0   0 100   0   0   0   0   0   0   0   0   0  0.63 0.06
  165 H   -2 -1  0 -2 -4  0 -1 -3  9 -4 -4 -1 -2 -2 -3 -2 -2 -3  1 -4    0   0   0   0   0   0   0   0 100   0   0   0   0   0   0   0   0   0   0   0  1.40 0.11
  166 P   -1 -3 -3 -2 -3 -2 -2 -3 -3 -3 -4 -2 -3 -4  8 -1 -2 -4 -4 -3    0   0   0   0   0   0   0   0   0   0   0   0   0   0 100   0   0   0   0   0  2.26 0.10
  167 M   -1 -2 -3 -4 -2 -1 -3 -3 -2  2  2 -2  7 -1 -3 -2 -1 -2 -2  1    0   0   0   0   0   0   0   0   0  10   1   0  86   0   0   0   0   0   0   2  0.68 0.10
  168 S    1 -1  1 -1 -1 -1 -1 -1 -1 -3 -3 -1 -2 -3 -1  5  1 -3 -2 -2    1   0   2   0   1   0   0   0   0   0   0   0   0   0   0  96   0   0   0   0  0.63 0.08
  169 L   -1 -1 -2 -2 -2  4  0 -3 -1  0  3  0  1 -1 -2 -1 -1 -2 -2 -1    0   0   0   0   0  46   0   0   0   0  53   0   0   0   0   0   0   0   0   0  0.36 0.06
  170 H   -2 -1  0 -2 -4  0 -1 -3  9 -4 -4 -1 -2 -2 -3 -1 -2 -3  1 -4    0   0   0   0   0   1   0   0  99   0   0   0   0   0   0   0   0   0   0   0  1.39 0.11
  171 G    0 -3 -1 -2 -3 -2 -3  6 -3 -4 -4 -2 -3 -4 -3 -1 -2 -3 -4 -4    0   0   0   0   0   0   0 100   0   0   0   0   0   0   0   0   0   0   0   0  1.25 0.07
  172 M   -1 -2 -3 -4 -2 -1 -3 -3 -2  1  2 -2  8 -1 -3 -2 -1 -1 -2  0    0   0   0   0   0   0   0   0   0   4   0   0  93   0   0   0   0   0   0   1  0.75 0.11
  173 E   -2 -1  0  5 -4  0  4 -2 -1 -4 -4  0 -3 -4 -2 -1 -1 -4 -3 -3    0   0   0  61   0   0  38   1   0   0   0   0   0   0   0   0   0   0   0   0  0.85 0.06
  174 D   -2 -2  1  7 -4 -1  1 -2 -2 -4 -4 -1 -4 -4 -2 -1 -2 -5 -4 -4    0   0   0 100   0   0   0   0   0   0   0   0   0   0   0   0   0   0   0   0  1.21 0.09
  175 P   -1 -3 -3 -2 -3 -2 -2 -3 -3 -3 -3 -1 -3 -4  8 -1 -1 -4 -3 -3    1   0   0   0   0   0   0   0   0   0   0   1   0   0  96   1   1   0   0   0  2.11 0.09
  176 E   -1 -1 -1  1 -4  2  6 -3 -1 -4 -3  0 -3 -4 -2 -1 -1 -3 -3 -3    0   0   0   0   0   0 100   0   0   0   0   0   0   0   0   0   0   0   0   0  0.98 0.09
  177 K   -1  4 -1 -1 -4  1  0 -1 -1 -3 -3  5 -2 -3 -2 -1 -1 -3 -2 -3    0  30   0   0   0   0   0   4   0   0   0  64   0   0   0   0   0   0   0   0  0.60 0.06
  178 E   -1 -1 -1  1 -4  2  6 -3 -1 -4 -3  0 -3 -4 -2 -1 -1 -3 -3 -3    0   0   0   0   0   1  99   0   0   0   0   0   0   0   0   0   0   0   0   0  0.97 0.09
  179 V   -1 -3 -3 -4 -1 -3 -3 -4 -4  2  0 -3  0 -1 -3 -2  0 -3 -2  5    0   0   0   0   0   0   0   0   0   0   1   0   0   0   0   0   0   0   0  99  0.57 0.07
  180 L   -2 -3 -4 -4 -2 -3 -3 -4 -3  1  5 -3  2  0 -3 -3 -2 -2 -1  0    0   0   0   0   0   0   0   0   0   0 100   0   0   0   0   0   0   0   0   0  0.63 0.06
  181 V    0 -1 -2 -1 -2  2  2 -3 -2  1  0 -1  3 -2 -2 -1 -1 -3 -2  2    4   0   0   0   0  12  20   0   0   1   0   1  22   0   0   0   1   0   0  38  0.18 0.04
  182 W   -3 -4 -5 -5 -3 -3 -4 -3 -3 -3 -2 -4 -2  0 -5 -4 -3 12  2 -4    0   0   0   0   0   0   0   0   0   0   0   0   0   0   0   0   0 100   0   0  2.92 0.14
  183 K   -1  4 -1 -1 -4  1  0 -2 -1 -3 -3  5 -2 -3 -2 -1 -1 -3 -2 -3    0  29   0   0   0   1   0   0   0   0   0  70   0   0   0   0   0   0   0   0  0.67 0.06
  184 F   -3 -3 -4 -4 -3 -4 -4 -4 -2 -1  0 -4  0  7 -4 -3 -3  0  3 -1    0   0   0   0   0   0   0   0   0   0   0   0   0  99   0   1   0   0   0   0  1.09 0.09
  185 D   -2 -2  1  7 -4 -1  1 -2 -2 -4 -4 -1 -4 -4 -2 -1 -2 -5 -4 -4    0   0   0 100   0   0   0   0   0   0   0   0   0   0   0   0   0   0   0   0  1.21 0.09
  186 S    1 -1  0 -1 -1 -1 -1 -1 -1 -3 -3 -1 -2 -3 -1  5  1 -3 -2 -2    0   0   1   0   0   0   0   0   0   0   0   0   0   0   0  99   0   0   0   0  0.66 0.08
  187 H   -2  6 -1 -2 -4  1  0 -2  3 -3 -2  2 -2 -3 -2  0 -1 -3 -2 -3    0  77   0   0   0   0   0   0  10   0   2   4   0   0   0   4   2   0   0   0  0.70 0.06
  188 L   -2 -3 -4 -4 -2 -3 -3 -4 -3  1  5 -3  2  0 -3 -3 -2 -2 -1  0    0   0   0   0   0   0   0   0   0   0 100   0   0   0   0   0   0   0   0   0  0.63 0.06
  189 A    5 -2 -2 -2 -1 -1 -1  0 -2 -2 -2 -1 -1 -3 -1  1  0 -3 -2 -1   99   0   0   0   0   0   0   0   0   0   0   0   0   0   0   0   1   0   0   0  0.59 0.07
  190 F   -3 -3 -4 -4 -3 -4 -4 -4 -1 -1  0 -4  0  7 -4 -3 -3  1  3 -1    0   0   0   0   0   0   0   0   0   0   1   0   0  95   0   0   0   0   2   0  1.03 0.09
  191 R   -2  2  0 -2 -4  0 -1 -3  8 -4 -3  0 -2 -2 -3 -1 -2 -3  1 -4    0  15   0   0   0   1   0   0  82   0   0   1   0   0   0   0   0   0   0   0  1.04 0.09
  192 H   -2 -1  0 -2 -4  0 -1 -3  9 -4 -4 -1 -2 -2 -3 -2 -2 -3  1 -4    0   0   0   0   0   0   0   0 100   0   0   0   0   0   0   0   0   0   0   0  1.39 0.11
  193 M   -1 -1 -3 -3 -2 -1 -2 -3 -2  1  1 -1  6 -1 -3 -2 -1 -2 -1  2    1   3   0   0   0   0   0   0   0   2   0   3  62   0   0   0   1   0   0  28  0.40 0.07
  194 A    5 -2 -2 -2 -1 -1 -1  0 -2 -2 -2 -1 -1 -3 -1  1  0 -3 -2 -1  100   0   0   0   0   0   0   0   0   0   0   0   0   0   0   0   0   0   0   0  0.61 0.07
  195 R   -2  6 -1 -2 -4  1 -1 -3 -1 -4 -3  2 -2 -3 -3 -1 -2 -3 -2 -3    0  97   0   0   0   1   0   0   0   0   0   2   0   0   0   0   0   0   0   0  0.99 0.08
  196 E   -1 -1 -1  1 -4  1  6 -3 -1 -4 -3  0 -3 -4 -2 -1 -1 -3 -3 -3    0   0   0   2   0   0  98   0   0   0   0   0   0   0   0   0   0   0   0   0  0.95 0.08
  197 L   -2 -1 -3 -3 -2 -1 -2 -4 -3  1  4  0  2  0 -3 -2 -1 -2 -1  1    0   0   0   0   0   3   0   0   0   4  74  11   5   0   0   0   0   0   0   2  0.36 0.04
  198 H   -2 -1  0 -2 -4  0 -1 -3  9 -4 -3 -1 -2 -2 -3 -1 -2 -3  1 -4    0   1   0   0   0   0   0   0  98   0   0   0   0   0   0   0   0   0   1   0  1.36 0.11
  199 P   -1 -3 -3 -2 -3 -2 -2 -3 -3 -3 -4 -2 -3 -4  8 -1 -2 -4 -4 -3    0   0   0   0   0   0   0   0   0   0   0   0   0   0 100   0   0   0   0   0  2.26 0.10
  200 E   -1 -1 -1  1 -4  2  6 -3 -1 -4 -3  0 -3 -4 -2 -1 -1 -3 -3 -3    0   0   0   1   0   0  99   0   0   0   0   0   0   0   0   0   0   0   0   0  0.96 0.08
  201 Y   -2 -2 -3 -4 -3 -2 -3 -4  1 -2 -1 -2 -1  3 -4 -2 -2  2  8 -2    0   0   0   0   0   0   0   0   1   0   0   0   0   7   0   0   0   0  92   0  1.18 0.10
  202 Y   -2 -2 -3 -4 -3 -2 -3 -4  1 -2 -1 -3 -1  3 -4 -2 -2  2  8 -2    0   0   0   0   0   0   0   0   0   0   0   0   0   9   0   0   0   0  91   0  1.17 0.09
  203 K   -1  2 -1 -1 -4  1  1 -2 -1 -3 -3  6 -2 -4 -2 -1 -1 -4 -2 -3    0   0   0   0   0   0   1   0   0   0   0  98   0   0   0   0   0   0   0   0  0.75 0.08
  204 D   -2 -1  4  5 -4 -1  1 -1 -1 -4 -4 -1 -3 -4 -2  0 -1 -5 -3 -4    0   0  39  60   0   0   0   0   0   0   0   0   0   0   0   0   0   0   0   0  0.85 0.06
  205 C   -1 -4 -3 -4 10 -4 -4 -3 -4 -2 -2 -4 -2 -3 -4 -1 -1 -3 -3 -1    0   0   0   0 100   0   0   0   0   0   0   0   0   0   0   0   0   0   0   0  1.77 0.11

                      K         Lambda
Standard Ungapped    0.1347     0.3166
Standard Gapped      0.0498     0.2670
PSI Ungapped         0.1653     0.3135
PSI Gapped           0.0498     0.2670
