
Last position-specific scoring matrix computed, weighted observed percentages rounded down, information per position, and relative weight of gapless real matches to pseudocounts
           A  R  N  D  C  Q  E  G  H  I  L  K  M  F  P  S  T  W  Y  V   A   R   N   D   C   Q   E   G   H   I   L   K   M   F   P   S   T   W   Y   V
    1 M   -2 -3 -3 -4 -3 -2 -3 -4 -3  0  1 -3  9 -1 -4 -3 -2 -3 -2  0    0   0   0   0   0   0   0   0   0   0   0   0 100   0   0   0   0   0   0   0  1.41 0.23
    2 G   -1 -3 -1 -2 -4 -3 -3  7 -3 -5 -5 -2 -4 -4 -3 -1 -3 -4 -4 -4    0   0   0   0   0   0   0 100   0   0   0   0   0   0   0   0   0   0   0   0  1.48 0.16
    3 G    0 -3  0 -2 -3 -2 -3  6 -3 -5 -4 -2 -3 -4 -3  0 -2 -3 -4 -4    2   0   4   0   0   0   0  88   0   0   0   0   0   0   0   6   0   0   0   0  1.20 0.13
    4 R   -2  1 -1 -2 -4  0  0 -3 -2 -4 -4  6 -2 -4 -2 -1 -2 -4 -3 -3    0   1   0   0   0   0   0   0   0   0   0  98   0   0   0   0   0   0   0   0  1.04 0.17
    5 W   -4 -4 -5 -6 -4 -3 -4 -4 -4 -4 -3 -5 -3  0 -5 -4 -4 12  1 -4    0   0   0   0   0   0   0   0   0   0   1   0   0   0   0   0   0  99   0   0  3.38 0.27
    6 S    0 -2  0 -1 -2 -1 -1 -1 -2 -3 -4 -1 -3 -3 -2  6  1 -4 -3 -3    0   0   0   0   0   0   0   0   0   0   0   0   0   0   0 100   0   0   0   0  0.93 0.17
    7 K   -2  1 -1 -2 -4  1  0 -3 -2 -4 -4  6 -2 -4 -2 -1 -2 -4 -3 -3    0   0   0   0   0   0   0   0   0   0   0  99   0   0   0   0   0   0   0   0  1.05 0.17
    8 S    0  1  0 -1  1 -1 -1 -1 -2 -3 -3 -1 -2 -3 -2  5  0 -4 -3 -3    0   8   1   0   4   0   0   1   0   0   0   0   0   0   0  86   0   0   0   0  0.69 0.14
    9 S    0 -1  0 -1 -1 -1 -1 -1 -2 -3 -3 -1 -2 -3 -2  6  1 -4 -3 -3    0   1   0   0   1   0   0   0   0   0   0   2   0   0   0  95   0   0   0   0  0.82 0.16
   10 I   -2 -4 -4 -4 -2 -3 -4 -4 -4  6  1 -3  1 -1 -3 -3 -1 -3 -2  3    1   0   0   0   0   0   0   1   0  81   4   1   2   0   0   0   1   0   0  10  0.67 0.12
   11 V   -1 -3 -4 -4 -1 -3 -3 -2 -4  2  0 -3  0 -2 -3 -2 -1 -4 -2  5    1   0   0   0   0   0   0   2   0   5   0   0   0   0   0   0   1   0   0  89  0.66 0.13
   12 G   -1 -3 -1 -2 -4 -3 -3  7 -3 -5 -5 -2 -4 -4 -3 -1 -3 -3 -4 -4    0   1   0   0   0   0   0  98   0   0   0   0   0   0   0   0   0   0   0   0  1.43 0.15
   13 W   -4 -4 -5 -6 -4 -3 -4 -4 -4 -4 -3 -5 -3  0 -5 -4 -4 12  1 -4    0   0   0   0   0   0   0   0   0   0   0   0   0   0   0   0   0 100   0   0  3.43 0.27
   14 P   -2 -3 -3 -2 -4 -2 -2 -3 -3 -4 -4 -2 -4 -5  8 -1 -2 -5 -4 -3    0   0   0   0   0   0   0   0   0   0   0   0   0   0  95   4   0   0   0   0  2.29 0.19
   15 A    5 -1 -1 -1 -1 -1  0 -1 -2 -2 -2 -1 -2 -3 -2  0  0 -3 -3 -1   83   1   1   2   0   0   5   0   0   0   0   1   0   0   0   1   5   0   0   0  0.57 0.12
   16 I   -1 -4 -4 -4 -2 -3 -4 -4 -4  5  1 -3  0 -1 -3 -3 -1 -4 -2  4    0   0   0   0   0   0   0   0   0  48   0   0   0   0   0   0   0   0   0  52  0.63 0.11
   17 R   -2  7 -1 -3 -4  0 -1 -3 -1 -3 -3  1 -2 -4 -3 -2 -2 -4 -3 -3    0  97   0   0   0   0   0   0   0   1   0   1   0   0   0   0   0   0   0   0  1.28 0.17
   18 E   -2  0 -1  2 -5  1  6 -3 -1 -4 -4  0 -3 -4 -2 -1 -2 -4 -3 -4    0   2   0   5   0   0  92   0   0   0   0   0   0   0   0   0   0   0   0   0  1.11 0.16
   19 R   -2  7 -1 -2 -4  0  0 -3 -1 -4 -3  1 -2 -4 -3 -2 -2 -4 -3 -3    0  95   0   0   0   0   2   0   0   0   0   1   0   0   0   0   0   0   0   0  1.23 0.17
   20 I   -2 -2 -4 -4 -2 -2 -3 -4 -3  5  1 -3  5 -1 -3 -3 -1 -3 -2  1    0   2   0   0   0   0   0   0   0  60   3   0  33   0   0   0   0   0   0   0  0.62 0.13
   21 R   -2  7 -1 -3 -4  0 -1 -3 -1 -3 -3  2 -1 -4 -3 -2 -2 -4 -3 -3    0  93   0   0   0   0   0   0   0   1   0   3   2   0   0   0   0   0   0   0  1.17 0.16
   22 R   -2  7 -1 -2 -4  1 -1 -3 -1 -4 -3  2 -2 -4 -3 -2 -2 -4 -3 -3    0  89   0   0   0   6   0   0   0   0   0   5   0   0   0   0   0   0   0   0  1.16 0.16
   23 T    2 -1 -1 -2 -2 -1 -2 -2 -3 -1 -2 -1 -1 -3 -2  1  5 -3 -3 -1   19   2   0   0   0   0   0   0   0   1   0   0   1   0   0   0  76   0   0   0  0.66 0.14
   24 D   -1  1  1  3 -4  1  4 -1  0 -3 -3  1 -2 -4  0  0 -1 -3 -3 -3    5  11   6  17   0   4  44   2   1   0   0   3   0   0   3   2   2   0   0   0  0.46 0.07
   25 P   -1 -1 -3 -2 -3 -2 -2 -3 -3 -3 -3 -2 -3 -4  8 -1 -1 -4 -4 -3    2   4   0   0   0   0   1   0   0   0   0   0   0   0  87   1   2   0   0   1  1.96 0.16
   26 R    1  1  0  0 -1  0  0  0 -1 -1 -1  0 -1 -1  1  0  0 -1 -1 -1   20  14   3   4   1   3   6   8   1   3   5   5   1   2   6   5   7   1   2   4  0.07 0.01
   27 R    1  2  0  0 -1  1  0 -1  0 -1 -1  1 -1 -1  0  0  0 -1 -1 -1   15  23   3   3   1   6   6   4   2   3   6   4   1   2   4   4   5   1   2   4  0.09 0.01
   28 T    1  0  0  0 -1  0  1  0  0 -1 -1  0 -1 -1  0  1  2 -1 -1  0   19   4   3   4   1   3   9   5   2   4   5   3   1   2   4   5  21   1   2   4  0.08 0.01
   29 D    0  0  0  1 -2  1  3  0  0 -1 -1  0 -1 -2  0  0  0 -1 -1 -1    6   4   2   5   1   3  40   7   1   3   4   3   1   2   4   4   3   1   2   4  0.21 0.02
   30 P    0  0 -1 -1 -1  0  0 -1 -1 -1 -1  0 -1 -2  6  0  0 -1 -1 -1    7   5   2   3   1   2   5   4   1   2   4   3   1   2  43   4   4   1   2   5  0.59 0.03
   31 A    5 -2 -2 -3 -1 -2 -2  0 -3 -2 -2 -2 -2 -3 -1  0 -1 -3 -3 -1   94   0   0   0   0   0   0   2   0   0   0   0   0   0   1   0   0   0   0   1  0.74 0.14
   32 A    5 -2 -2 -3 -1 -2 -1 -1 -3 -2 -2 -2 -2 -3 -2  0 -1 -4 -3 -1   97   0   0   0   0   0   1   0   0   0   0   0   0   0   0   0   0   0   0   1  0.80 0.15
   33 D    0 -1 -1  3 -4  1  5 -2 -1 -3 -3  0 -3 -4 -1 -1 -1 -4 -3 -2    5   0   0  15   0   0  72   2   0   0   0   1   0   0   1   0   1   0   0   4  0.75 0.12
   34 G    0 -3 -1 -2 -3 -3 -2  6 -3 -5 -4 -2 -4 -4 -3 -1 -2 -3 -4 -4    2   0   0   0   0   0   1  95   0   0   0   0   0   0   0   0   0   0   0   0  1.34 0.14
   35 V   -1 -3 -4 -4 -2 -3 -3 -3 -4  2  0 -3  0 -2 -3 -2 -1 -4 -2  6    1   0   0   0   0   0   1   1   0   0   0   0   0   0   0   0   0   0   0  96  0.76 0.15
   36 G   -1 -3 -1 -2 -3 -3 -3  7 -3 -5 -4 -2 -4 -4 -3 -1 -2 -3 -4 -4    0   0   0   0   0   0   0  97   0   0   0   0   0   0   0   0   0   0   0   1  1.40 0.15
   37 A    5 -2 -2 -3 -1 -2 -2  0 -3 -2 -2 -2 -2 -3  0  0 -1 -4 -3 -1   94   0   0   0   0   0   0   1   0   0   0   0   0   0   2   0   1   0   0   1  0.75 0.14
   38 A    4 -2 -3 -3 -1 -2 -2 -1 -3  0 -1 -2 -1 -2 -2  0 -1 -3 -2  3   67   0   0   0   0   0   0   1   0   0   0   0   0   0   0   0   0   0   0  32  0.48 0.11
   39 S    0 -2  0 -1 -2 -1 -1 -1 -2 -3 -4 -1 -3 -3 -1  6  1 -4 -3 -3    0   0   0   0   0   0   0   0   0   0   0   0   0   0   1  99   0   0   0   0  0.91 0.17
   40 R   -2  6 -1 -2 -4  4  0 -3 -1 -4 -3  1 -2 -4 -3 -1 -2 -3 -3 -3    0  66   0   0   0  33   0   0   0   0   0   1   0   0   0   0   0   0   0   0  0.96 0.14
   41 D   -3 -3  0  7 -5 -1  1 -2 -2 -4 -5 -2 -4 -5 -3 -1 -2 -5 -4 -4    0   0   0 100   0   0   0   0   0   0   0   0   0   0   0   0   0   0   0   0  1.50 0.18
   42 L   -2 -3 -4 -5 -2 -3 -4 -5 -4  1  5 -3  1  0 -3 -3 -2 -3 -2  0    0   0   0   0   0   0   0   0   0   0  99   0   0   0   1   0   0   0   0   0  0.83 0.14
   43 E   -1 -1  0  5 -4  0  5 -2 -1 -4 -4  0 -3 -4 -2 -1 -2 -4 -3 -3    3   0   0  42   0   0  54   2   0   0   0   0   0   0   0   0   0   0   0   0  0.87 0.12
   44 K   -2  4 -1 -2 -4  1  0 -3 -1 -4 -3  6 -2 -4 -2 -1 -1 -4 -3 -3    0  21   1   0   0   1   0   0   0   0   0  77   0   0   0   0   0   0   0   0  0.85 0.14
   45 H   -3 -1 -1 -2 -4 -1 -1 -3  9 -4 -4 -2 -3 -1 -3 -2 -3 -2  4 -4    0   1   0   0   0   0   0   0  83   0   0   0   0   0   0   0   0   0  16   0  1.52 0.19
   46 G   -1 -3 -1 -2 -4 -3 -3  7 -3 -5 -5 -2 -4 -4 -3 -1 -3 -4 -4 -4    0   0   0   0   0   0   0 100   0   0   0   0   0   0   0   0   0   0   0   0  1.49 0.16
   47 A    6 -2 -2 -3 -1 -2 -2 -1 -3 -2 -2 -2 -2 -3 -2  0 -1 -4 -3 -1  100   0   0   0   0   0   0   0   0   0   0   0   0   0   0   0   0   0   0   0  0.85 0.16
   48 I   -2 -3 -4 -4 -2 -3 -4 -4 -4  4  3 -3  1  0 -4 -3 -1 -3 -2  2    0   0   0   0   0   0   0   0   0  50  45   0   0   1   0   0   0   0   0   4  0.57 0.10
   49 T   -1 -2 -1 -2 -2 -2 -2 -3 -3 -2 -2 -2 -2 -3 -2  1  6 -4 -3 -1    0   0   0   0   0   0   0   0   0   0   0   0   0   0   0   0 100   0   0   0  1.05 0.18
   50 S    0 -2  0 -1 -2 -1 -1 -1 -2 -2 -3 -1 -2 -3 -2  5  3 -4 -3 -2    0   0   1   0   0   0   0   0   0   1   0   0   0   0   0  82  16   0   0   0  0.71 0.14
   51 S    0 -1  0 -1 -2 -1 -1 -1 -2 -3 -4 -1 -2 -3 -2  6  1 -4 -3 -3    0   1   1   0   0   0   0   0   0   0   0   0   0   0   0  97   0   0   0   0  0.88 0.17
   52 N   -3 -1  8  0 -4 -1 -1 -1  0 -4 -5 -1 -3 -4 -3  0 -1 -5 -3 -4    0   0 100   0   0   0   0   0   0   0   0   0   0   0   0   0   0   0   0   0  1.39 0.19
   53 T   -1 -2 -1 -2 -2 -2 -2 -3 -3 -2 -2 -2 -1 -3 -2  1  6 -4 -3 -1    0   0   0   0   0   0   0   0   0   0   0   0   0   0   0   0  99   0   0   0  1.03 0.18
   54 R    4 -2 -2  0 -1 -1 -1 -1 -2 -2 -2 -1 -2 -3  1  1  0 -3 -3  0   74   1   0   5   0   0   1   1   0   0   0   0   0   0   7   2   3   0   0   5  0.48 0.10
   55 D    2 -1  0 -1 -2  3  0 -1  5 -3 -3 -1 -2 -3 -2  1  1 -3 -1 -2   26   1   1   1   0  23   1   1  25   0   0   0   0   0   0   6  14   0   0   0  0.36 0.08
   56 T   -1 -2  5  0 -2 -1 -1 -2 -1 -2 -3 -1 -2 -3 -2  1  5 -4 -3 -2    0   0  44   0   0   0   0   0   0   0   0   0   0   0   0   1  53   0   0   0  0.71 0.13
   57 N   -3 -1  8  0 -4 -1 -1 -1  0 -4 -5 -1 -3 -4 -3  0 -1 -5 -3 -4    0   0 100   0   0   0   0   0   0   0   0   0   0   0   0   0   0   0   0   0  1.40 0.19
   58 A    4 -2 -2 -2 -2 -2 -1 -1 -2 -2 -3 -1 -2 -3  5  0 -1 -4 -3 -1   66   0   0   1   0   0   1   0   0   0   0   0   0   0  27   3   1   0   0   0  0.73 0.12
   59 D    1 -2  0  7 -4 -1  1 -2 -2 -4 -4 -2 -4 -4 -2 -1 -1 -5 -4 -3   16   0   0  83   0   0   0   0   0   0   0   0   0   0   0   0   1   0   0   0  1.06 0.14
   60 C   -2 -4 -4 -5 10 -4 -5 -4 -4 -2 -2 -4 -3 -4 -4 -2 -2 -4 -4 -2    0   0   0   0  98   0   0   0   0   0   0   0   0   0   0   0   0   0   0   1  2.22 0.22
   61 A    6 -2 -2 -3 -1 -2 -2 -1 -3 -2 -2 -2 -2 -3 -2  0 -1 -4 -3 -1  100   0   0   0   0   0   0   0   0   0   0   0   0   0   0   0   0   0   0   0  0.85 0.16
   62 W   -4 -3 -5 -6 -4 -3 -4 -4 -4 -4 -3 -4 -3  0 -5 -4 -4 12  1 -4    0   1   0   0   0   0   0   0   0   0   0   0   0   0   0   0   0  99   0   0  3.35 0.27
   63 L   -2 -3 -4 -5 -2 -3 -4 -5 -4  1  5 -3  1  0 -4 -3 -2 -3 -2  1    0   0   0   0   0   0   0   0   0   0  95   0   0   0   0   0   0   0   0   5  0.78 0.13
   64 E   -2  1 -1  0 -4  4  6 -3 -1 -4 -4  0 -2 -4 -2 -1 -2 -4 -3 -3    0   6   0   0   0  21  73   0   0   0   0   0   0   0   0   0   0   0   0   0  0.91 0.14
   65 A    6 -2 -2 -3 -1 -2 -2 -1 -3 -2 -2 -2 -2 -3 -2  0 -1 -4 -3 -1   98   0   0   0   0   0   0   1   0   0   0   0   0   0   0   0   1   0   0   0  0.82 0.15
   66 Q   -2  0 -1 -1 -4  8  1 -3  0 -4 -3  0 -2 -4 -2 -1 -2 -3 -3 -3    0   0   0   0   0  99   0   0   0   0   0   0   0   0   0   0   0   0   0   0  1.35 0.21
   67 E   -2 -1 -1  1 -5  1  6 -3 -1 -4 -4  0 -3 -4 -2 -1 -2 -4 -3 -4    0   0   0   0   0   2  97   0   0   0   0   1   0   0   0   0   0   0   0   0  1.19 0.17
   68 E   -2 -1 -1  1 -4  1  6 -3 -1 -4 -4  0 -3 -4 -2 -1 -2 -4 -3 -3    1   0   0   1   0   1  94   0   0   0   0   0   0   0   0   0   0   0   0   0  1.10 0.16
   69 S    0 -1  0  3 -3  1  4  0 -1 -3 -3  0 -2 -3 -1  0 -1 -3 -2 -2    7   1   3  21   0   1  49   6   0   1   1   2   0   1   1   3   2   0   1   1  0.46 0.07
   70 E   -1 -1  0  2 -4  1  5  2 -1 -4 -4  0 -3 -4 -2 -1 -2 -4 -3 -3    0   0   1   6   0   0  70  21   0   0   0   0   0   0   0   0   0   0   0   0  0.76 0.12
   71 E   -2 -1 -1  2 -5  1  6 -2 -1 -4 -4  0 -3 -4 -2 -1 -2 -4 -3 -3    1   0   0   7   0   0  89   3   0   0   0   0   0   0   0   0   0   0   0   0  1.04 0.15
   72 V   -1 -4 -4 -4 -2 -3 -3 -4 -4  2  0 -3  0 -2 -3 -3 -1 -4 -2  6    0   0   0   0   0   0   0   0   0   0   0   0   0   0   0   0   0   0   0 100  0.84 0.16
   73 G   -1 -3 -1 -2 -4 -3 -3  7 -3 -5 -5 -2 -4 -4 -3 -1 -3 -4 -4 -4    0   0   0   0   0   0   0 100   0   0   0   0   0   0   0   0   0   0   0   0  1.48 0.16
   74 F   -3 -4 -4 -5 -4 -4 -4 -4 -2 -1 -1 -4 -1  8 -5 -4 -3  0  2 -2    0   0   0   0   0   0   0   0   0   0   0   0   0 100   0   0   0   0   0   0  1.49 0.19
   75 P   -2 -3 -3 -3 -4 -2 -2 -3 -3 -4 -4 -2 -4 -5  8 -2 -2 -5 -4 -4    0   0   0   0   0   0   0   0   0   0   0   0   0   0 100   0   0   0   0   0  2.48 0.20
   76 V   -1 -4 -4 -4 -2 -3 -3 -4 -4  2  0 -3  0 -2 -3 -3 -1 -4 -2  6    0   0   0   0   0   0   0   0   0   1   0   0   0   0   0   0   0   0   0  99  0.84 0.16
   77 R   -2  7 -1 -3 -4  0 -1 -3 -1 -4 -3  2 -2 -4 -3 -2 -1 -4 -3 -3    0  92   0   0   0   0   0   0   0   0   0   6   0   0   0   0   2   0   0   0  1.19 0.16
   78 P   -2 -3 -3 -3 -4 -2 -2 -3 -3 -4 -4 -2 -4 -5  8 -2 -2 -5 -4 -4    0   0   0   0   0   0   0   0   0   0   0   0   0   0 100   0   0   0   0   0  2.48 0.20
   79 Q   -2  0 -1 -1 -4  8  1 -3  0 -4 -3  0 -2 -4 -2 -1 -2 -3 -3 -3    0   0   0   0   0 100   0   0   0   0   0   0   0   0   0   0   0   0   0   0  1.35 0.21
   80 V   -1 -4 -4 -4 -2 -3 -3 -4 -4  2  0 -3  0 -2 -3 -3 -1 -4 -2  6    0   0   0   0   0   0   0   0   0   0   1   0   0   0   0   0   0   0   0  99  0.84 0.16
   81 P   -2 -3 -3 -3 -4 -2 -2 -3 -3 -4 -4 -2 -4 -5  8 -2 -2 -5 -4 -4    0   0   0   0   0   0   0   0   0   0   0   0   0   0 100   0   0   0   0   0  2.48 0.20
   82 L   -2 -3 -4 -4 -2 -3 -4 -4 -4  1  5 -3  2  0 -4 -3 -1 -2 -2  1    0   0   0   0   0   0   0   0   0   0  92   0   1   0   0   0   1   0   0   5  0.74 0.12
   83 R   -2  7 -1 -3 -5  0 -1 -3 -1 -4 -3  1 -2 -4 -3 -2 -2 -4 -3 -4    0 100   0   0   0   0   0   0   0   0   0   0   0   0   0   0   0   0   0   0  1.35 0.18
   84 P   -2 -3 -3 -3 -4 -2 -2 -3 -3 -4 -4 -2 -4 -5  8 -2 -2 -5 -4 -4    0   0   0   0   0   0   0   0   0   0   0   0   0   0 100   0   0   0   0   0  2.48 0.20
   85 M   -2 -3 -3 -4 -3 -2 -3 -4 -3  0  1 -3  9 -1 -4 -3 -2 -3 -2  0    0   0   0   0   0   0   0   0   0   0   0   0  99   0   0   0   0   0   0   0  1.39 0.23
   86 T   -1 -2 -1 -2 -2 -2 -2 -3 -3 -2 -2 -2 -2 -3 -2  1  6 -4 -3 -1    0   0   0   0   0   0   0   0   0   0   0   0   0   0   0   0  99   0   0   0  1.04 0.18
   87 Y   -3 -3 -3 -4 -4 -3 -3 -4  1 -2 -2 -3 -2  3 -4 -3 -3  1  8 -2    0   0   0   0   0   0   0   0   0   0   0   0   0   9   0   0   0   0  90   0  1.52 0.19
   88 K   -2  1 -1 -2 -4  1  0 -3 -2 -4 -4  6 -2 -4 -2 -1 -2 -4 -3 -3    0   0   0   0   0   0   0   0   0   0   0  98   0   0   0   1   0   0   0   0  1.03 0.17
   89 L    3 -2 -2 -2 -2 -2 -2  5 -2 -3 -3 -2 -2 -3 -2  0 -1 -3 -3 -2   45   0   0   0   0   0   1  52   0   0   0   0   0   0   0   1   0   0   0   0  0.73 0.11
   90 A    6 -2 -2 -3 -1 -2 -2 -1 -3 -2 -2 -2 -2 -3 -2  0 -1 -4 -3 -1   99   0   0   0   0   0   0   1   0   0   0   0   0   0   0   0   0   0   0   0  0.84 0.15
   91 V   -2 -3 -4 -4 -2 -3 -4 -4 -3  1  2 -3  0  5 -4 -3 -2 -1  1  3    0   0   0   0   0   0   0   0   0   2  21   0   0  41   0   0   0   0   0  35  0.49 0.09
   92 D   -3 -3  1  7 -5 -1  1 -2 -2 -4 -5 -2 -4 -5 -3 -1 -2 -5 -4 -4    0   0   1  99   0   0   0   0   0   0   0   0   0   0   0   1   0   0   0   0  1.47 0.17
   93 L   -2 -3 -4 -5 -2 -3 -4 -5 -4  1  5 -3  2  0 -4 -3 -2 -2 -2  0    0   0   0   0   0   0   0   0   0   1  97   0   1   0   0   0   0   0   0   0  0.82 0.13
   94 S    0 -2  0 -1 -2 -1 -1  0 -2 -3 -4 -1 -3 -3 -2  6  1 -4 -3 -3    0   0   0   0   0   0   0   6   0   0   0   0   0   0   0  94   0   0   0   0  0.82 0.16
   95 H   -3 -2 -2 -3 -4 -2 -2 -4  7 -2 -2 -3 -2  6 -4 -2 -3  0  2 -3    0   0   0   0   0   0   0   0  51   0   0   0   0  48   0   0   0   0   0   0  1.07 0.16
   96 F   -3 -4 -4 -5 -4 -4 -4 -4 -2 -1  0 -4 -1  8 -5 -4 -3  0  2 -2    0   0   0   0   0   0   0   0   0   0   0   0   0  99   0   0   0   0   0   0  1.47 0.18
   97 L   -2 -3 -4 -5 -2 -3 -4 -5 -4  1  5 -3  1  0 -4 -3 -2 -3 -2  0    0   0   0   0   0   0   0   0   0   2  98   0   0   0   0   0   0   0   0   0  0.83 0.13
   98 K   -2  2 -1 -2 -4  0  0 -3 -2 -4 -4  6 -2 -4 -2 -1 -2 -4 -3 -3    0   2   0   0   0   0   0   0   0   0   0  98   0   0   0   0   0   0   0   0  1.03 0.17
   99 E   -2 -1 -1  1 -5  1  6 -3 -1 -4 -4  0 -3 -4 -2 -1 -2 -4 -3 -4    0   0   0   1   0   0  98   0   0   0   0   0   0   0   0   0   0   0   0   0  1.21 0.17
  100 K   -2  1 -1 -2 -4  1  0 -3 -2 -4 -4  6 -2 -4 -2 -1 -2 -4 -3 -3    0   0   0   0   0   0   0   0   0   0   0  99   0   0   0   0   0   0   0   0  1.05 0.17
  101 G   -1 -3 -1 -2 -4 -3 -3  7 -3 -5 -5 -2 -4 -4 -3 -1 -3 -4 -4 -4    0   0   0   0   0   0   0 100   0   0   0   0   0   0   0   0   0   0   0   0  1.49 0.16
  102 G   -1 -3 -1 -2 -4 -3 -3  7 -3 -5 -5 -2 -4 -4 -3 -1 -3 -4 -4 -4    0   0   0   0   0   0   0 100   0   0   0   0   0   0   0   0   0   0   0   0  1.48 0.16
  103 L   -2 -3 -4 -5 -2 -3 -4 -5 -4  1  5 -3  1  0 -4 -3 -2 -3 -2  0    0   0   0   0   0   0   0   0   0   0 100   0   0   0   0   0   0   0   0   0  0.85 0.14
  104 E   -2 -1 -1  3 -5  1  6 -3 -1 -4 -4  0 -3 -4 -2 -1 -2 -4 -3 -4    0   0   0  19   0   0  81   0   0   0   0   0   0   0   0   0   0   0   0   0  1.03 0.15
  105 G   -1 -3 -1 -2 -4 -3 -3  7 -3 -5 -5 -2 -4 -4 -3 -1 -3 -4 -4 -4    0   1   0   0   0   0   0  99   0   0   0   0   0   0   0   0   0   0   0   0  1.47 0.15
  106 L   -2 -3 -4 -5 -2 -3 -4 -5 -4  1  5 -3  2  0 -4 -3 -2 -2 -2  0    0   0   0   0   0   0   0   0   0   2  98   0   1   0   0   0   0   0   0   0  0.82 0.13
  107 I   -2 -4 -4 -4 -2 -4 -4 -5 -4  6  1 -4  0 -1 -3 -3 -1 -4 -2  3    0   0   0   0   0   0   0   0   0  85   0   0   0   0   0   0   0   0   0  14  0.77 0.13
  108 W   -3 -3 -3 -4 -3 -2 -3 -4  4 -3 -2 -3 -2  1 -4 -3 -3  9  7 -3    0   0   0   0   0   0   0   0  11   0   0   0   0   1   0   0   0  40  48   0  1.62 0.17
  109 S    0 -2  0 -1 -2 -1 -1 -1 -2 -3 -4 -1 -3 -3 -2  6  1 -4 -3 -3    0   0   0   0   0   0   0   0   0   0   0   0   0   0   0 100   0   0   0   0  0.93 0.17
  110 K   -2  2 -1 -1 -4  5  1 -2 -1 -4 -3  5 -2 -4  0 -1 -1 -3 -2 -3    0   7   0   0   0  38   0   0   0   0   0  50   0   0   3   0   0   0   0   0  0.70 0.12
  111 K   -2  3 -1 -2 -4  2  0 -2 -1 -4 -3  6 -2 -4 -2 -1 -2 -4 -3 -3    0  10   1   0   0   8   1   0   0   0   0  81   0   0   0   0   0   0   0   0  0.84 0.14
  112 R   -2  7 -1 -3 -5  0 -1 -3 -1 -4 -3  1 -2 -4 -3 -2 -2 -4 -3 -4    0 100   0   0   0   0   0   0   0   0   0   0   0   0   0   0   0   0   0   0  1.36 0.18
  113 Q   -2  0 -1 -1 -4  7  1 -3 -1 -4 -3  1 -2 -4 -2 -1 -2 -3 -3 -3    0   1   0   0   0  98   0   0   0   0   0   1   0   0   0   0   0   0   0   0  1.31 0.20
  114 E   -2 -2  0  5 -5  0  5 -3 -1 -4 -4 -1 -3 -4 -2 -1 -2 -4 -3 -4    0   0   0  47   0   0  53   0   0   0   0   0   0   0   0   0   0   0   0   0  0.97 0.13
  115 I   -2 -4 -4 -4 -2 -4 -4 -5 -4  6  1 -4  0 -1 -4 -3 -1 -4 -2  2    0   0   0   0   0   0   0   0   0  99   0   0   0   0   0   0   1   0   0   0  0.93 0.16
  116 L   -2 -3 -4 -5 -2 -3 -4 -5 -4  1  5 -3  1  0 -4 -3 -2 -3 -2  0    0   0   0   0   0   0   0   0   0   1  99   0   0   0   0   0   0   0   0   0  0.84 0.13
  117 D   -3 -3  0  7 -5 -1  1 -2 -2 -4 -5 -2 -4 -5 -3 -1 -2 -5 -4 -4    0   0   0 100   0   0   0   0   0   0   0   0   0   0   0   0   0   0   0   0  1.49 0.18
  118 L   -2 -3 -4 -5 -2 -3 -4 -5 -4  1  5 -3  1  0 -4 -3 -2 -3 -2  0    0   0   0   0   0   0   0   0   0   0 100   0   0   0   0   0   0   0   0   0  0.85 0.14
  119 W   -4 -4 -5 -6 -4 -3 -4 -4 -4 -4 -3 -5 -3  0 -5 -4 -4 12  1 -4    0   0   0   0   0   0   0   0   0   0   0   0   0   0   0   0   0 100   0   0  3.43 0.27
  120 V   -1 -4 -4 -4 -2 -3 -3 -4 -4  3  0 -3  0 -2 -3 -3 -1 -4 -2  6    0   0   0   0   0   0   0   0   0   7   0   0   0   0   0   0   0   0   0  93  0.78 0.14
  121 Y   -3 -3 -3 -4 -4 -3 -3 -4  2 -3 -2 -3 -2  2 -4 -3 -3  1  9 -2    0   0   0   0   0   0   0   0   2   0   0   0   0   0   0   0   0   0  98   0  1.66 0.21
  122 N   -3 -1  4 -1 -4 -1 -1 -2  8 -4 -4 -2 -3 -3 -3 -1 -2 -4  0 -4    0   0  32   0   0   0   0   0  68   0   0   0   0   0   0   0   0   0   0   0  1.27 0.17
  123 T   -1 -2 -1 -2 -2 -2 -2 -3 -3 -2 -2 -2 -2 -3 -2  1  6 -4 -3 -1    0   0   0   0   0   0   0   0   0   0   0   0   0   0   0   0 100   0   0   0  1.05 0.18
  124 Q   -2  0 -1 -1 -4  8  1 -3 -1 -4 -3  0 -2 -4 -2 -1 -2 -3 -3 -3    0   0   0   0   0 100   0   0   0   0   0   0   0   0   0   0   0   0   0   0  1.36 0.21
  125 G   -1 -3 -1 -2 -4 -3 -3  7 -3 -5 -5 -2 -4 -4 -3 -1 -3 -4 -4 -4    0   0   0   0   0   0   0 100   0   0   0   0   0   0   0   0   0   0   0   0  1.49 0.16
  126 I   -3 -3 -3 -4 -3 -3 -3 -4  0 -2 -1 -3 -2  5 -4 -3 -3  1  7 -2    0   0   0   0   0   0   0   0   0   1   0   0   0  33   0   0   0   0  67   0  1.26 0.16
  127 F   -3 -4 -4 -5 -4 -4 -4 -4 -2 -1 -1 -4 -1  8 -5 -3 -3  0  2 -2    0   0   0   0   0   0   0   0   0   0   0   0   0  99   0   1   0   0   0   0  1.47 0.18
  128 P   -2 -3 -3 -3 -4 -2 -2 -3 -3 -4 -4 -2 -4 -5  8 -2 -2 -5 -4 -4    0   0   0   0   0   0   0   0   0   0   0   0   0   0  99   1   0   0   0   0  2.45 0.20
  129 D   -3 -3  0  7 -5 -1  1 -2 -2 -4 -5 -2 -4 -5 -3 -1 -2 -5 -4 -4    0   0   0 100   0   0   0   0   0   0   0   0   0   0   0   0   0   0   0   0  1.50 0.18
  130 W   -4 -4 -5 -6 -4 -3 -4 -4 -4 -4 -3 -5 -3  0 -5 -4 -4 12  1 -4    0   0   0   0   0   0   0   0   0   0   0   0   0   0   0   0   0 100   0   0  3.43 0.27
  131 Q   -2  0 -1 -1 -4  7  1 -3  2 -4 -3  0 -2 -4 -2 -1 -2 -3 -2 -3    0   0   0   1   0  94   0   0   5   0   0   0   0   0   0   0   0   0   0   0  1.23 0.19
  132 N   -3 -1  7  0 -2 -1 -1 -1  0 -4 -5 -1 -3 -4 -3  0 -1 -5 -3 -4    0   0  98   0   1   0   0   0   0   0   0   0   0   0   0   0   0   0   0   0  1.35 0.19
  133 Y   -3 -3 -3 -4 -4 -3 -3 -4  1 -3 -2 -3 -2  2 -4 -3 -3  1  9 -2    0   0   0   0   0   0   0   0   0   0   0   0   0   0   0   0   0   0 100   0  1.72 0.21
  134 T   -1 -2 -1 -2 -2 -2 -2 -3 -3 -2 -2 -2 -2 -3 -2  1  6 -4 -3 -1    0   0   0   0   0   0   0   0   0   0   0   0   0   0   0   0 100   0   0   0  1.05 0.18
  135 P   -2 -3 -3 -3 -4 -2 -2 -3 -3 -4 -4 -2 -4 -5  8 -2 -2 -5 -4 -4    0   0   0   0   0   0   0   0   0   0   0   0   0   0  98   1   0   0   0   0  2.41 0.20
  136 G   -1 -3 -1 -2 -4 -3 -3  7 -3 -5 -5 -2 -4 -4 -3 -1 -3 -4 -4 -4    0   0   0   0   0   0   0 100   0   0   0   0   0   0   0   0   0   0   0   0  1.49 0.16
  137 P   -2 -3 -3 -3 -4 -2 -2 -3 -3 -4 -4 -2 -4 -5  8 -2 -2 -5 -4 -4    0   0   0   0   0   0   0   0   0   0   0   0   0   0 100   0   0   0   0   0  2.48 0.20
  138 G   -1 -3 -1 -2 -4 -3 -3  7 -3 -5 -5 -2 -4 -4 -3 -1 -3 -4 -4 -4    0   0   0   0   0   0   0 100   0   0   0   0   0   0   0   0   0   0   0   0  1.49 0.16
  139 I   -1 -3 -3 -4 -2 -3 -3 -4 -4  4  0 -3  0 -1 -3 -2  1 -3 -2  4    0   0   0   0   0   0   0   0   0  39   0   0   0   0   0   0  11   0   0  49  0.50 0.10
  140 R   -2  7 -1 -3 -5  0 -1 -3 -1 -4 -3  1 -2 -4 -3 -2 -2 -4 -3 -4    0 100   0   0   0   0   0   0   0   0   0   0   0   0   0   0   0   0   0   0  1.36 0.18
  141 Y   -3 -3 -3 -4 -4 -3 -3 -4  1 -2 -2 -3 -2  4 -4 -3 -3  1  8 -2    0   0   0   0   0   0   0   0   0   0   1   0   0  12   0   0   0   0  87   0  1.45 0.18
  142 P   -2 -3 -3 -3 -4 -2 -2 -3 -3 -4 -4 -2 -4 -5  8 -2 -2 -5 -4 -4    0   0   0   0   0   0   0   0   0   0   0   0   0   0 100   0   0   0   0   0  2.48 0.20
  143 L   -2 -3 -4 -5 -2 -3 -4 -5 -4  1  5 -3  1  0 -4 -3 -2 -3 -2  0    0   0   0   0   0   0   0   0   0   1  98   0   0   0   0   0   0   0   0   0  0.83 0.13
  144 T   -1 -2 -1 -2  1 -2 -2 -3 -3 -2 -2 -2 -2 -3 -2  1  6 -4 -3 -1    1   0   0   0   3   0   0   0   0   0   0   0   0   0   0   0  97   0   0   0  0.98 0.17
  145 F   -3 -4 -4 -5 -4 -4 -4 -4 -2 -1  0 -4 -1  8 -5 -4 -3  0  2 -2    0   0   0   0   0   0   0   0   0   0   1   0   0  98   0   0   0   0   1   0  1.45 0.18
  146 G   -1 -3 -1 -2 -4 -3 -3  7 -3 -5 -5 -2 -4 -4 -3 -1 -3 -4 -4 -4    0   0   0   0   0   0   0 100   0   0   0   0   0   0   0   0   0   0   0   0  1.49 0.16
  147 W   -4 -4 -5 -6 -4 -3 -4 -4 -4 -4 -3 -5 -3  0 -5 -4 -4 12  1 -4    0   0   0   0   0   0   0   0   0   0   0   0   0   0   0   0   0 100   0   0  3.43 0.27
  148 C   -2 -5 -4 -5 10 -4 -5 -4 -4 -2 -2 -4 -3 -4 -3 -2 -2 -4 -4 -2    0   0   0   0  99   0   0   0   0   0   0   0   0   0   1   0   0   0   0   0  2.26 0.23
  149 F   -3 -4 -4 -5 -3 -4 -4 -4 -2 -1 -1 -4 -1  8 -5 -3 -3  1  4 -2    0   0   0   0   0   0   0   0   0   0   0   0   0  90   0   0   0   0   9   0  1.34 0.17
  150 E   -2  1 -1 -1 -4  1  3 -3 -1 -4 -3  5 -2 -4 -2 -1 -2 -4 -3 -3    0   0   0   0   0   2  26   0   0   0   0  72   0   0   0   0   0   0   0   0  0.77 0.13
  151 L   -2 -3 -4 -5 -2 -3 -4 -5 -4  1  5 -3  1  0 -4 -3 -2 -3 -2  0    0   0   0   0   0   0   0   0   0   0 100   0   0   0   0   0   0   0   0   0  0.85 0.14
  152 V   -1 -3 -4 -4 -2 -3 -3 -4 -4  2  0 -3  0 -2 -3 -3 -1 -4 -2  6    0   0   0   0   0   0   1   0   0   0   0   0   0   0   0   0   0   0   0  99  0.82 0.15
  153 P   -2 -3 -3 -3 -4 -2 -2 -3 -3 -4 -4 -2 -4 -5  8 -2 -2 -5 -4 -4    0   0   0   0   0   0   0   0   0   0   0   0   0   0 100   0   0   0   0   0  2.48 0.20
  154 V   -1 -3 -4 -4 -2 -3 -3 -4 -4  2  0 -3  0 -2 -3 -3 -1 -4 -2  6    1   0   0   0   0   0   0   0   0   1   2   0   1   0   0   0   0   0   0  95  0.78 0.15
  155 D   -2 -2  1  6 -4  0  3 -2 -2 -4 -4 -1 -4 -4 -2 -1 -2 -5 -4 -4    0   0   1  75   0   0  23   0   0   0   0   0   0   0   0   0   0   0   0   0  1.10 0.14
  156 P   -2 -3 -3 -3 -4 -2 -2 -3 -3 -4 -4 -2 -4 -5  8 -2 -2 -5 -4 -3    0   0   0   0   0   1   0   0   0   0   0   0   0   0  96   0   0   0   0   0  2.33 0.19
  157 R   -1  4  0  1 -4  1  3 -1 -1 -3 -3  3 -2 -4 -2  0 -1 -3 -2 -3    2  31   0   8   0   5  23   3   0   0   0  23   0   0   0   4   0   0   0   0  0.45 0.07
  158 E   -2  0 -1  1 -4  2  6 -3 -1 -4 -4  2 -3 -4 -2 -1 -2 -4 -3 -3    0   0   0   1   0   4  82   0   0   0   0  12   0   0   0   0   0   0   0   1  0.93 0.14
  159 V   -1 -3 -4 -4 -2 -3 -3 -4 -4  3  0 -3  0 -2 -3 -3 -1 -4 -2  6    0   0   0   0   0   0   0   0   0   7   0   0   0   0   0   0   0   0   0  92  0.75 0.14
  160 E   -2 -1 -1  1 -5  1  6 -3 -1 -4 -4  0 -3 -4 -2 -1 -2 -4 -3 -4    0   0   0   0   0   0  99   0   0   0   0   0   0   0   0   0   0   0   0   0  1.21 0.17
  161 E   -1  0 -1  1 -5  1  6 -3 -1 -4 -4  1 -3 -4 -2 -1 -2 -4 -3 -3    1   1   0   0   0   1  88   0   0   0   0   8   0   0   0   0   0   0   0   0  1.03 0.15
  162 A    4 -2  0  2 -2 -1  0 -1 -2 -2 -2 -1 -2 -3 -2  0  0 -4 -2 -1   68   0   5  16   0   0   4   0   0   0   2   1   0   0   0   1   2   0   0   1  0.42 0.10
  163 T   -2 -1  6  0 -3 -1 -1 -2 -1 -3 -3 -1 -2 -4 -2  0  4 -4 -3 -2    0   0  62   0   0   0   0   0   0   0   0   0   0   0   0   2  36   0   0   0  0.79 0.14
  164 E   -1  0 -1  1 -4  1  6 -2 -1 -4 -4  2 -3 -4 -2 -1 -1 -4 -3 -3    2   0   1   0   0   2  76   2   0   0   0  14   0   0   0   0   1   0   0   0  0.82 0.13
  165 G   -1 -3 -1 -2 -4 -3 -3  7 -3 -5 -5 -2 -4 -4 -3 -1 -3 -3 -4 -4    0   1   0   0   0   0   1  99   0   0   0   0   0   0   0   0   0   0   0   0  1.45 0.15
  166 E   -2 -1 -1  1 -5  1  6 -3 -1 -4 -4  0 -3 -4 -2 -1 -2 -4 -3 -4    0   0   0   1   0   0  99   0   0   0   0   0   0   0   0   0   0   0   0   0  1.23 0.18
  167 T   -2 -1  7  3 -4 -1 -1 -1  0 -4 -4 -1 -3 -4 -3  0  0 -5 -3 -4    0   0  83  14   0   0   0   0   0   0   0   0   0   0   0   1   2   0   0   0  1.09 0.15
  168 N   -2 -1  7  0 -4 -1 -1 -1  0 -4 -5 -1 -3 -4 -3  0 -1 -5 -3 -4    0   0  94   0   0   0   0   1   0   0   0   1   0   0   0   3   1   0   0   0  1.26 0.18
  169 C   -1 -4 -3 -4 10 -4 -4 -3 -4 -2 -3 -3 -3 -4 -4  1 -2 -4 -4 -2    0   1   1   0  87   0   0   0   0   0   0   0   0   0   0  11   0   0   0   0  1.83 0.20
  170 L   -2 -3 -4 -5 -2 -3 -4 -5 -4  1  5 -3  1  0 -4 -3 -2 -3 -2  0    0   0   0   0   0   0   0   0   0   0 100   0   0   0   0   0   0   0   0   0  0.85 0.14
  171 L   -2 -3 -4 -5 -2 -3 -4 -5 -4  1  5 -3  1  0 -4 -3 -2 -3 -2  0    0   0   0   0   0   0   0   0   0   0  99   0   0   0   0   1   0   0   0   0  0.83 0.14
  172 H   -3 -1 -1 -2 -4 -1 -1 -3 10 -5 -4 -2 -3 -2 -3 -2 -3 -4  1 -5    0   0   0   0   0   0   0   0  99   0   0   0   0   0   1   0   0   0   0   0  1.89 0.22
  173 P   -2 -3 -3 -3 -4 -2 -2 -3 -3 -4 -4 -2 -4 -5  8 -2 -2 -5 -4 -4    0   0   0   0   0   0   0   0   0   0   0   0   0   0 100   0   0   0   0   0  2.46 0.20
  174 V   -1 -2 -3 -4 -2 -2 -3 -4 -3  3  1 -1  7 -1 -3 -2 -1 -3 -2  2    4   0   0   0   0   0   0   0   0  20   2   3  57   0   0   0   0   0   0  12  0.58 0.13
  175 C    0 -2  2 -2  7 -2 -2 -1 -1 -3 -3 -2 -2 -3 -2  4  0 -2 -3 -2    1   0  10   0  32   0   0   0   1   0   0   0   0   0   0  54   0   0   0   0  0.68 0.13
  176 Q   -2  0 -1 -2 -4  7  1 -3 -1 -3  0  0 -1 -3 -3 -1 -2 -3 -2 -3    0   0   0   0   0  86   0   0   0   0  14   0   0   0   0   0   0   0   0   0  0.98 0.18
  177 H   -3 -1 -1 -2 -4  0 -1 -3 10 -5 -4 -2 -3 -2 -3 -2 -3 -3  1 -4    0   0   0   0   0   1   0   0  98   0   0   0   0   0   0   0   0   0   0   0  1.85 0.22
  178 G   -1 -3 -1 -2 -4 -3 -3  7 -3 -5 -5 -2 -4 -4 -3 -1 -3 -4 -4 -4    0   1   0   0   0   0   0  99   0   0   0   0   0   0   0   0   0   0   0   0  1.46 0.15
  179 M   -2 -3 -3 -4 -2 -1 -3 -4 -3  2  1 -3  8 -1 -4 -3 -1 -2 -2  0    1   0   0   0   0   0   0   0   0  12   0   0  84   0   0   0   1   0   0   1  1.03 0.19
  180 E   -2 -1 -1  4 -5  1  6 -2 -1 -4 -4  0 -3 -4 -2 -1 -2 -4 -3 -4    0   0   0  26   0   0  73   1   0   0   0   0   0   0   0   0   0   0   0   0  0.97 0.14
  181 D   -3 -3  0  7 -5 -1  1 -2 -2 -4 -5 -2 -4 -5 -3 -1 -2 -5 -4 -4    0   0   0 100   0   0   0   0   0   0   0   0   0   0   0   0   0   0   0   0  1.50 0.18
  182 T    0 -1 -1  1 -3  0  3 -2 -2 -3 -3  0 -2 -4  5  0  0 -4 -3 -2    8   0   0   5   0   2  32   1   0   0   1   1   0   0  39   4   7   0   0   0  0.76 0.09
  183 E   -2 -1  0  3 -4  1  5 -3  4 -4 -4  0 -3 -4 -2 -1 -2 -4 -2 -4    0   0   0  17   0   0  64   0  17   0   0   0   0   0   0   0   0   0   0   0  0.82 0.12
  184 R   -2  6 -1 -2 -4  0 -1 -1 -1 -4 -3  3 -2 -4 -3 -1 -2 -4 -3 -3    0  73   0   0   0   0   0   6   0   0   0  21   0   0   0   0   0   0   0   0  0.91 0.13
  185 E   -2 -1 -1  1 -5  1  6 -3 -1 -4 -4  0 -3 -4 -2 -1 -2 -4 -3 -4    0   0   0   0   0   1  98   0   0   0   0   1   0   0   0   0   0   0   0   0  1.21 0.17
  186 V   -1 -3 -4 -4 -2 -3 -3 -4 -4  2  0 -3  0 -2 -3 -3 -1 -4 -2  6    0   0   0   0   0   0   0   0   0   1   0   0   0   0   0   0   1   0   0  98  0.81 0.15
  187 L   -2 -3 -4 -5 -2 -3 -4 -5 -4  1  5 -3  1  0 -4 -3 -2 -3 -2  0    0   0   0   0   0   0   0   0   0   0 100   0   0   0   0   0   0   0   0   0  0.85 0.14
  188 K   -1  2 -1 -2 -3  1  0 -3 -2  0 -1  4  3 -2 -2 -1 -1 -3 -2  1    0  12   0   0   0   7   2   0   0   2   0  42  21   0   0   0   0   0   0  14  0.32 0.09
  189 W   -4 -4 -5 -6 -4 -3 -4 -4 -4 -4 -3 -5 -3  0 -5 -4 -4 12  1 -4    0   0   0   0   0   0   0   0   0   0   0   0   0   0   0   0   0 100   0   0  3.43 0.27
  190 R   -2  4 -1 -2 -4  2  1 -3 -1 -3 -3  4 -1 -4 -2 -1 -1 -4 -2 -2    0  33   0   0   0   6   4   0   0   0   0  51   1   0   0   0   0   0   0   4  0.62 0.10
  191 F   -3 -4 -4 -5 -4 -4 -4 -4 -2 -1 -1 -4 -1  8 -5 -3 -3  0  2 -2    0   0   0   0   0   0   0   0   0   0   0   0   0  99   0   0   0   0   0   0  1.48 0.18
  192 N   -3 -2  4  6 -4 -1  0 -2 -1 -4 -5 -1 -4 -4 -3 -1 -2 -5 -4 -4    0   0  28  72   0   0   0   0   0   0   0   0   0   0   0   0   0   0   0   0  1.12 0.14
  193 S    0 -2  0 -1 -2 -1 -1 -1 -2 -3 -3 -1 -2 -3 -2  6  1 -4 -3 -2    0   0   0   0   0   0   0   0   0   1   0   0   0   0   0  98   0   0   0   0  0.88 0.17
  194 R   -1  4  0 -2 -3  2  0 -2  3 -3 -2  1 -1 -3 -2  2 -1 -3 -1 -3    0  41   0   0   0  11   0   0  12   0   3   4   2   0   0  23   0   0   1   0  0.42 0.09
  195 L   -2 -3 -4 -5 -2 -3 -4 -5 -4  1  5 -3  1  0 -4 -3 -2 -3 -2  0    0   0   0   0   0   0   0   0   0   0 100   0   0   0   0   0   0   0   0   0  0.85 0.14
  196 A    6 -2 -2 -3 -1 -2 -2 -1 -3 -2 -2 -2 -2 -3 -2  0 -1 -4 -3 -1   99   0   0   0   0   0   0   0   0   0   0   0   0   0   0   0   0   0   0   0  0.83 0.15
  197 F   -3  4 -2 -3 -3 -1 -2 -4  3 -2 -1 -1 -1  5 -4 -2 -2 -1  2 -2    0  35   0   0   0   0   0   0  11   0   2   0   0  47   0   0   0   0   4   0  0.62 0.11
  198 E   -2  5 -1 -1 -4  1  3 -3  4 -3 -3  1 -2 -3 -2 -1 -1 -3 -2 -3    0  49   0   1   0   1  28   0  14   1   0   3   0   0   0   0   2   0   0   0  0.64 0.10
  199 H   -3 -1 -1 -2 -4 -1 -1 -3 10 -5 -4 -2 -3 -2 -3 -2 -3 -4  1 -5    0   0   0   0   0   0   0   0 100   0   0   0   0   0   0   0   0   0   0   0  1.91 0.23
  200 K   -1  1 -2 -3 -3  0 -1 -3 -2  0  1  3  5 -1 -3 -2 -1  0 -2  0    0   4   0   0   0   0   0   0   0   4  14  32  37   0   0   0   2   1   0   6  0.32 0.10
  201 A    6 -2 -2 -3 -1 -2 -2 -1 -3 -2 -2 -2 -2 -3 -2  0 -1 -4 -3 -1   99   0   0   0   0   0   0   0   0   0   0   0   0   0   0   1   0   0   0   0  0.84 0.15
  202 R   -2  7 -1 -2 -4  0 -1 -3 -1 -4 -3  2 -2 -4 -3 -2 -2 -4 -3 -3    0  89   0   0   0   1   0   0   0   0   0  10   0   0   0   0   0   0   0   0  1.15 0.16
  203 E   -1 -1 -1  0 -4  2  5 -3 -1 -1 -2  0  0 -3 -2 -1 -1 -4 -3 -1    2   0   0   1   0   6  75   0   0   6   2   1   3   0   0   0   0   0   0   3  0.70 0.12
  204 M   -2 -1 -3 -3 -2  0 -2 -4 -2  1  4  2  2 -1 -3 -2 -2 -3 -2  0    0   0   0   0   0   5   0   0   0   3  62  23   6   0   0   0   0   0   0   0  0.36 0.09
  205 H   -3 -1 -1 -2 -4 -1 -1 -3 10 -5 -4 -2 -3 -2 -3 -2 -3 -4  1 -4    0   0   0   0   0   0   0   0  99   0   0   0   0   0   0   0   0   0   1   0  1.87 0.22
  206 P   -2 -3 -3 -3 -4 -2 -2 -3 -3 -4 -4 -2 -4 -5  8 -2 -2 -5 -4 -4    0   0   0   0   0   0   0   0   0   0   0   0   0   0 100   0   0   0   0   0  2.46 0.20
  207 E   -2 -1 -1  1 -5  1  6 -3 -1 -4 -4  0 -3 -4 -2 -1 -2 -4 -3 -4    0   0   0   2   0   0  97   0   0   0   0   0   0   0   0   0   0   0   0   0  1.20 0.17
  208 F   -3 -3 -3 -4 -3 -3 -4 -4  0 -2 -1 -3 -1  6 -4 -3 -3  2  7 -2    0   0   0   0   0   0   0   0   0   0   0   0   0  47   0   0   0   1  52   0  1.18 0.15
  209 Y   -3 -3 -3 -4 -4 -3 -3 -4  1 -2 -2 -3 -2  3 -4 -3 -3  1  8 -2    0   0   0   0   0   0   0   0   0   0   0   0   0   4   0   0   0   0  96   0  1.62 0.20
  210 K   -2  1 -1 -2 -4  1  0 -3 -2 -4 -4  6 -2 -4 -2 -1 -2 -4 -3 -3    0   0   0   0   0   1   0   0   0   0   0  99   0   0   0   0   0   0   0   0  1.04 0.17
  211 D   -3 -2  2  7 -4 -1  1 -2 -2 -4 -5 -2 -4 -5 -2 -1 -2 -5 -4 -4    0   0   9  91   0   0   0   0   0   0   0   0   0   0   0   0   0   0   0   0  1.33 0.16
  212 C   -2 -5 -4 -5 10 -4 -5 -4 -4 -2 -3 -4 -3 -4 -4 -2 -2 -4 -4 -2    0   0   0   0 100   0   0   0   0   0   0   0   0   0   0   0   0   0   0   0  2.29 0.22

                      K         Lambda
Standard Ungapped    0.1365     0.3185
Standard Gapped      0.0564     0.2670
PSI Ungapped         0.1855     0.3130
PSI Gapped           0.0564     0.2670
