
Last position-specific scoring matrix computed, weighted observed percentages rounded down, information per position, and relative weight of gapless real matches to pseudocounts
           A  R  N  D  C  Q  E  G  H  I  L  K  M  F  P  S  T  W  Y  V   A   R   N   D   C   Q   E   G   H   I   L   K   M   F   P   S   T   W   Y   V
    1 M   -3 -3 -4 -5 -3 -2 -4 -5 -4 -1  0 -3 10 -2 -5 -4 -3 -3 -3 -1    0   0   0   0   0   0   0   0   0   0   0   0 100   0   0   0   0   0   0   0  2.14 0.49
    2 A    4 -2  0  0 -2 -1  2  0 -2 -3 -3 -1 -2 -4  0  1 -1 -4 -3 -2   62   0   5   3   0   0  14   6   0   0   0   2   0   0   3   5   0   0   0   0  0.53 0.22
    3 S    1 -1  0 -2  0  0 -2 -2 -2 -3 -3  1 -3 -3  1  4  1 -4 -3 -1   10   1   3   0   2   4   0   0   0   0   0  11   0   0   5  47  10   0   0   5  0.48 0.26
    4 L   -3 -4 -5 -5 -2 -4 -4 -5 -4  2  3 -2  2  1 -4 -4 -2  1 -2  4    0   0   0   0   1   0   0   0   0  12  40   2   4   7   0   0   0   2   1  32  0.69 0.28
    5 T   -1 -3 -1  1 -3  0 -1 -3 -1 -2 -3  0 -1 -4 -1  3  5 -4 -3 -1    3   0   1   7   0   3   3   0   1   2   1   4   1   0   2  24  43   0   0   4  0.59 0.32
    6 V   -3 -5 -5 -6  1 -5 -5 -5 -4  1 -1 -5 -1  4 -5 -4 -3 -3  3  5    0   0   0   0   4   0   0   0   0   6   1   0   1  21   0   0   0   0  11  56  1.09 0.43
    7 K   -4 -1 -3 -4 -6 -2 -2 -5 -4 -6 -6  8 -5 -6 -4 -2 -4 -6 -5 -5    0   0   0   0   0   0   1   0   0   0   0  96   0   0   0   3   0   0   0   0  2.18 0.72
    8 A    5 -4 -4 -4 -1 -3 -4 -3 -4  1 -1 -3 -2 -3 -4 -1 -2 -5 -4  4   52   0   0   0   1   0   0   0   0   5   5   0   0   0   0   3   0   0   0  33  0.86 0.40
    9 Y   -4 -5 -5 -6  1 -4 -5 -5  0 -4 -4 -5 -4  3 -6  0 -1 -1  9 -4    0   0   0   0   3   0   0   0   1   0   0   0   0  12   0   8   4   0  71   0  2.01 0.67
   10 L   -3 -4 -5 -5  0 -4 -3 -5 -4  0  5 -3  1  1 -4 -4 -2 -3  2  0    1   0   0   0   2   0   2   0   0   2  69   1   2   5   0   0   2   0   7   6  0.90 0.38
   11 L   -1 -1 -1 -1 -1  2 -2 -3 -2  0  3 -1  1  0 -3 -2  0 -3  1  1    4   2   3   3   1  15   1   0   0   4  39   4   2   2   0   1   5   0   5   8  0.26 0.19
   12 G   -1  0  3 -1 -3 -1 -1  4 -2 -3 -3  0 -2 -3 -3  0  0  2 -3 -3    3   6  16   1   0   1   3  43   1   1   1   4   1   1   0   7   5   4   0   1  0.58 0.26
   13 K    0  0  1  1 -4  0  2 -1 -2 -4 -4  4 -3 -4  1  1 -2 -4 -2 -4    9   2   8   7   0   1  15   3   0   0   1  37   0   0   5   9   0   0   1   0  0.50 0.28
   14 E   -1 -1  1  4 -4 -1  4  1  2 -4 -4 -2 -4 -4 -2  0 -2 -4 -2 -4    4   3   7  32   0   1  30   9   5   0   1   0   0   0   1   5   0   0   1   0  0.69 0.31
   15 E   -2 -2  0  4 -3  0  3  0 -1 -3 -3 -1 -3 -1  1  1  0 -4 -3 -3    1   1   3  24   0   4  23   8   1   1   2   2   0   3   6  15   4   0   0   1  0.42 0.22
   16 A    2 -2  0 -1 -1  1  0  1  0 -2 -2 -1 -2 -3 -1  2  1 -3 -2 -1   23   0   5   1   1   7   7  13   2   1   1   2   1   0   2  15  11   0   1   5  0.21 0.14
   17 A    2 -1  0 -1  1  0  0 -2  1  0 -2  1 -1 -2  1  0  1 -3 -2  1   20   1   5   2   3   2   7   2   5   6   1  13   0   0   5   3   8   0   1  15  0.12 0.11
   18 R   -1  4 -2 -1 -3  0  1 -3 -2 -2 -1  3 -2 -3  1 -1  0 -3 -1 -1    5  28   0   3   0   3   8   1   0   1   5  19   0   0   9   2   8   0   2   6  0.35 0.19
   19 E   -1 -3 -3 -1 -5  0  7 -4 -3 -5 -5 -2 -4 -5 -3 -2 -3 -5 -2 -4    5   0   0   0   0   2  86   1   0   0   1   0   0   0   0   1   0   0   1   0  1.69 0.56
   20 I   -3 -4 -4 -4 -3 -4 -4 -5 -4  6 -1 -4 -1 -2 -4 -4 -1 -4 -3  4    1   0   0   0   0   0   1   1   0  66   1   1   0   0   0   1   2   0   0  25  1.28 0.44
   21 R   -4  8 -3 -4 -6 -2 -3 -5  0 -6 -5  0 -4 -6 -5 -4 -4 -5 -4 -5    0  93   0   0   0   0   0   0   2   0   0   2   0   0   0   0   0   0   0   0  2.33 0.75
   22 R   -4  7 -3 -4 -6 -2 -3 -5 -3 -5 -5  2 -4 -5 -5 -3 -4 -5 -4 -1    0  80   0   0   0   0   0   0   0   0   0  12   0   0   0   0   0   0   0   5  1.90 0.68
   23 F   -5 -5 -6 -6 -5 -6 -6 -6 -4 -1  0 -6 -3  8 -1 -5 -5 -3  1 -2    0   0   0   0   0   0   0   0   0   4   8   0   0  79   3   0   0   0   2   2  2.10 0.75
   24 S    1 -1  2 -2 -1  1 -1  1  1 -2 -3  0 -3 -4 -1  3  1 -4 -3 -1   11   1   9   1   1   6   1  12   4   2   1   7   0   0   2  29   9   0   0   4  0.30 0.25
   25 F   -3 -4 -4 -4 -3 -3 -4 -4 -4  3  3 -2  2  4 -4 -2 -2 -3  1  2    0   0   0   0   0   0   0   0   0  18  29   3   4  17   0   4   0   0   4  18  0.57 0.31
   26 C   -1  0  0  2  5 -1  1 -1 -2 -1 -1 -1  0 -2  1  0  0 -2 -1  0    2   5   3  14  15   2  11   4   1   3   7   2   2   1   8   7   5   0   2   7  0.19 0.13
   27 F   -1  1 -1  0 -1 -1 -1 -1  0  0  1  0  1  3  0 -1  0 -1  0 -1    3   7   1   6   2   2   2   6   3   4  13   9   5  16   5   3   8   0   1   4  0.06 0.07
   28 S    0 -1  1  1  1  0  0  0 -1 -1 -1  0 -1 -2  1  2  1 -2 -2  0    4   3   8   9   4   2   5   5   1   2   6   4   1   1   6  22   8   0   1   8  0.11 0.09
   29 P   -1 -1  0 -1 -2 -1 -1 -2 -2 -1  0  1 -1 -1  4 -1  1 -2 -2  1    5   2   6   3   1   1   3   2   1   4  10  11   2   2  24   4   8   0   1  10  0.27 0.13
   30 E    0  0  0  1 -2  0  3  1 -1 -1 -1  1  0 -2  0 -1  0 -2 -2  0    7   3   5   6   1   2  22  11   1   3   6  10   2   1   3   3   4   1   1   9  0.12 0.09
   31 P    0  0  0  0 -1 -1  0  1 -1  0 -1 -1 -1  0  3  1  0 -1 -1  0    6   5   3   4   1   2   7  10   1   7   6   2   2   5  15  12   5   1   1   7  0.12 0.06
   32 E   -1  0  2  2 -2  1  2 -1  1 -1 -2  1 -1 -2  1 -1 -1 -2 -1 -1    3   6  10  15   1   6  14   3   4   5   4   7   1   2   8   3   2   1   1   5  0.16 0.08
   33 A    2  1 -1 -1 -1  0  0 -1  0  0  0  0  1 -1  0  0  0 -1 -1  0   28   8   2   2   1   4   5   4   2   5   8   3   6   2   4   6   5   1   2   4  0.10 0.08
   34 E    0 -1 -1  0 -2  0  3 -1 -1 -1 -1  2  1  0 -1 -1  0 -1  2  0    6   2   2   5   1   2  22   3   1   2   5  14   5   4   2   3   5   1   9   6  0.15 0.11
   35 A    1 -1  0  2 -2  1 -1  0  1 -1  0  0 -1 -2  0  0  0 -2 -2  0   15   1   5  18   1   7   2   8   4   3   9   5   1   1   5   3   6   0   1   6  0.12 0.10
   36 A    1  1  0  0 -2  2  1 -1 -1  0  0 -1 -1 -1  0  1  0 -2 -1  0   12   8   4   4   1  11  12   4   1   4   9   2   1   2   4  12   3   0   1   7  0.09 0.09
   37 A    1 -1  0  2  0 -1  1  0  1 -2 -1 -1  3  0  0  0  0 -2 -2 -1   14   3   4  14   3   1   8   6   3   1   4   2  11   4   4   7   7   0   1   3  0.12 0.13
   38 G    1 -1  0 -1  0  0  0  1 -2 -1 -2 -2 -1 -1  3  0 -1  0 -2  1   15   2   4   3   2   3   6  11   0   3   2   1   2   3  17   7   3   2   1  15  0.21 0.17
   39 P    1 -1  0 -1  2 -1 -1  0 -3 -1 -2 -1 -3 -2  4  3 -1 -4 -3 -2   13   3   3   3   4   3   4   6   0   3   3   2   0   2  21  24   2   0   1   2  0.42 0.29
   40 G    1 -1  1 -1 -1  0 -1  1  0 -1 -1 -1 -1  0  0  1  2 -3 -1 -1   15   3   8   3   1   4   3  10   3   2   6   2   1   5   3  10  14   0   2   4  0.10 0.12
   41 P    0  1  3 -1 -3 -1 -2 -2 -3 -1 -1 -2  1 -1  2  2  2 -4 -3 -2    8   8  14   4   0   2   1   3   0   3   6   1   4   2  11  17  13   0   0   3  0.27 0.24
   42 C   -4 -1 -5 -5  4  0 -5 -5  2  0 -1 -5 -3  6 -5 -2 -4  3  5 -4    0   4   0   0   9   4   0   0   4   5   7   0   0  34   0   3   0   4  23   0  1.18 0.58
   43 E   -1  0  1  1  1  2  1 -3  1 -1 -1  0  0 -1 -1  0  1 -4 -3  0    6   5   6  10   3  11  11   0   3   4   7   5   3   3   3   6   8   0   0   7  0.12 0.16
   44 R   -1  0 -1  0  1  1 -1 -2  1  0 -1 -1 -3  1 -1 -1 -1  2  5  0    6   5   3   5   3   7   4   3   3   5   6   4   0   6   4   5   4   3  21   6  0.22 0.22
   45 L   -4 -4 -5 -5 -4 -4 -3 -5 -5  2  5 -4  0  2 -1 -4 -3 -4 -3  1    0   0   0   0   0   0   2   0   0  10  65   0   1   7   3   0   1   0   0   7  1.01 0.44
   46 L   -1  3  0 -2  1  1 -1 -3  2 -1  1  1  1 -2 -3  1  0 -1  0 -1    2  19   3   2   3   8   1   0   5   2  17   9   5   1   0  11   5   1   4   3  0.19 0.18
   47 S    0  3  0  1 -2  2  2 -1  0 -3 -3  1 -2 -4 -3  2  0 -4 -2 -2    8  17   4   6   1   9  14   4   2   0   1   7   1   0   0  19   4   0   1   3  0.31 0.22
   48 R   -3  4 -1 -1 -5 -1  1 -4  2 -5 -4  5 -4 -4 -1 -3 -2 -4  0 -4    1  20   2   2   0   2  10   0   5   0   1  46   0   0   3   0   2   0   3   0  0.91 0.45
   49 V    0 -4 -4 -5  0 -4 -4 -5 -5  5  2 -4 -1 -3 -4 -3  0 -4 -3  4    6   0   0   0   2   0   0   0   0  34  18   0   0   0   0   1   4   0   0  30  0.81 0.38
   50 A    2  1  0  0  0  2  0 -2 -2 -2 -2  1  0 -3  0  1  0 -2 -2  0   25  10   3   4   2  10   6   2   0   1   3   6   2   0   3  10   5   1   1   6  0.18 0.17
   51 V    2 -2  0  1 -3  2  2 -1 -2 -2 -4  0 -3 -3 -1  2  1 -4  1 -2   17   1   3   7   0  11  17   3   0   1   0   4   0   0   2  14  11   0   6   3  0.29 0.25
   52 L   -2  0 -4  0 -3 -4 -4 -5 -2  2  3 -4  2  0 -4 -2 -1 -4 -3  3    2   5   0   6   0   0   0   0   1  14  36   0   4   3   0   2   2   0   0  25  0.53 0.32
   53 F   -4 -5 -5 -5 -5  1 -5 -5 -1  0  0 -5 -1  7 -5 -2 -2  1  3 -1    0   0   0   0   0   7   0   0   1   4   8   0   1  59   0   3   2   2   8   4  1.33 0.55
   54 P   -1 -1 -2 -3 -5  3 -3 -2 -4 -5 -5 -3 -5 -6  7  1 -1 -6 -5 -3    4   3   1   1   0  13   0   4   0   0   0   0   0   0  57  10   4   0   0   1  1.49 0.64
   55 A    0 -1  2  2 -4  3  1  1  1 -2 -2 -1 -3 -4 -2  1  0 -4 -3 -1   10   1  13  11   0  14   8  10   4   1   4   2   0   0   1  11   5   0   0   3  0.26 0.22
   56 L   -3 -4 -3  0 -4 -4 -3 -2 -2  1  5 -4 -1  1 -5  0 -2 -4 -3 -1    0   0   1   5   0   0   2   4   1   7  61   0   0   6   0   9   1   0   0   2  0.79 0.44
   57 R    0  3  0  0 -4  2  0 -2  1 -2 -1  2  0 -4  2  1 -1 -4 -3 -2    7  19   4   5   0   9   5   2   3   2   5  12   2   0   9  12   2   0   0   1  0.28 0.21
   58 P   -2  0  2  1 -4  0  0  2  0 -2 -4  0 -3 -1  4 -1 -1  4 -3 -3    2   4  10   8   0   3   6  16   3   3   0   7   0   3  20   3   3   6   0   1  0.40 0.27
   59 G   -1  3 -1  1  2 -1  0  1 -1 -2 -3  3 -3 -2  3  0 -2 -4 -2 -2    3  15   2   8   5   2   6  12   1   2   1  18   0   2  14   5   1   0   1   3  0.33 0.23
   60 G    0 -1  1  2 -1  0  1  1 -1 -1 -2  0  0 -1  0  0  1 -3 -1 -1    7   3   6  15   2   3   8  12   1   5   2   4   4   3   4   5  12   0   1   4  0.10 0.09
   61 F   -4 -5 -5 -5  0 -5 -5 -5  0  0 -1 -5  0  7 -5 -2 -2  6  3  0    0   0   0   0   2   0   0   0   2   6   6   0   2  52   0   3   2  11   7   6  1.32 0.53
   62 Q   -1  1  0  1 -3  2  0 -2  0  1 -1  1  1  1 -3  1  1 -3 -2 -1    3   7   5   8   0  14   3   2   1  10   2   7   5   6   0  14   8   0   0   4  0.13 0.15
   63 A    0 -2 -2 -3 -2 -2 -2  0 -3  2  2 -1  2  2 -3 -2  1 -2 -1  1    7   1   1   1   0   1   1   9   0  12  23   5   7  11   1   1  11   0   0  10  0.18 0.13
   64 H    0 -1  0 -2 -2  0  0  0  3 -2 -1  1 -2  2 -2  1  2 -2  1 -1    8   0   5   0   0   4   5   6   8   0   4   9   0  11   0  13  15   0   6   4  0.15 0.14
   65 Y    0 -4  2 -4 -4 -3 -4 -4  3 -4 -3 -4 -3  3 -4 -3 -4  9  6 -4    8   1   9   1   0   0   1   1   8   1   1   1   0  12   1   1   1  28  26   1  1.46 0.47
   66 R    0  0  0  0  2  1  0  0  2  0 -1  0 -1  0  1 -1  0 -3 -1  0    6   6   6   6   6   6   6   6   6   6   6   6   0   6   6   0   6   0   0   6  0.04 0.09
   67 D   -1 -3  2  6 -4 -2  2 -3  2 -4 -4 -2 -4 -3 -3 -2 -3 -4  2 -4    6   0   8  55   0   0  12   1   6   0   1   0   0   0   0   1   0   0   7   1  1.02 0.40
   68 E    1 -1  0  2 -3  0  3 -1  2 -3 -2  0 -2 -1 -1  1  1 -3 -2 -2   15   3   4  11   0   2  24   3   6   0   3   4   0   2   2  10   8   0   0   3  0.24 0.19
   69 D   -2  0  1  4 -4  2  3 -3 -2 -3 -3  1 -3  1 -3  0  1 -3  1 -3    0   5   5  25   0   8  21   0   0   0   1   7   0   8   0   5   8   0   5   0  0.44 0.26
   70 G   -1  1  2  0 -3  0  0  3  1 -3 -2  1 -2 -3  0  0  0 -3  0 -3    4   8  14   4   0   4   4  24   4   0   5   9   0   0   5   4   6   0   4   1  0.22 0.15
   71 D   -4 -3  1  6 -5  0  2 -4 -3  0 -5  0 -4 -5 -4 -3 -3 -5 -5 -2    0   0   7  57   0   5  15   0   0   6   0   4   0   0   0   0   0   0   0   4  1.17 0.49
   72 L   -2 -1  0 -1 -2  2  3 -4  1  0  1  1  2 -1 -2  0 -1 -4 -2 -1    2   3   5   1   1  10  26   0   3   6  14   7   6   2   1   6   2   0   1   3  0.24 0.22
   73 V   -4 -6 -6 -6  4 -5 -6 -3 -6  6  0 -5 -2  0 -5 -1 -3 -5 -4  4    0   0   0   0   8   0   0   2   0  52   4   0   0   4   0   4   0   0   0  26  1.20 0.54
   74 A    1 -1 -1 -1 -3 -1  2 -1  0  0  0 -1  0 -3 -3  0  2 -1 -2  1   15   2   2   3   0   2  14   4   3   5  10   2   2   0   0   3  17   1   1  14  0.14 0.17
   75 F   -3 -1 -1 -1  0 -1 -3 -4 -3  4  1  1  1  3 -4 -2 -2  1 -1  1    0   4   2   5   2   2   0   0   0  29   9   9   3  18   0   3   0   2   0  11  0.34 0.26
   76 S   -1 -2  1 -1  4 -2  0 -3 -3 -1 -1  0 -2 -1 -1  3  0 -4 -3  0    4   0   8   3  11   0   8   0   0   2   8   7   0   3   2  30   4   0   0   9  0.27 0.26
   77 S    0  0  3 -1  1 -1 -2 -1 -3 -3 -1 -1 -3 -4  0  3  3 -4 -3 -3    5   5  18   3   3   3   0   3   0   0   5   3   0   0   4  26  20   0   0   0  0.43 0.31
   78 D   -3 -3  0  5  0  2  1 -1  1 -1 -1 -2  0 -4  1 -1 -1 -4 -1  0    0   0   4  34   2  11   6   4   3   3   5   0   3   0   9   2   2   0   2   7  0.44 0.31
   79 E    1  0  0  1 -3  0  3 -1 -2 -1 -1 -1  2 -3 -1  0  0  1 -1 -1   12   6   5   9   0   4  23   4   0   3   4   2   7   0   2   5   4   2   2   5  0.17 0.18
   80 E   -3 -2 -2  4 -5  1  5 -4  1 -4 -1  1 -3 -4 -3  0  0 -5 -4 -1    0   0   0  23   0   6  38   0   4   0   6   7   0   0   0   5   5   0   0   4  0.70 0.41
   81 L   -3 -5 -4 -3 -5 -5 -4 -6 -5 -2  5 -5  2  1 -3 -2 -3  0  4 -1    2   0   1   2   0   0   1   0   0   1  56   0   5   5   2   3   1   1  15   4  1.05 0.61
   82 T   -1  0  0  1  0  2  3 -2  0  0 -1  1  2 -1 -2 -1  0  0 -2 -1    4   4   3   6   2  10  23   3   2   6   5   7   6   2   2   3   6   2   1   4  0.21 0.22
   83 M    0 -1 -1  0 -4  2  1 -3 -1  4  0 -1  4 -3 -4 -1 -1 -5 -4  0    6   3   3   5   0   9   8   2   1  28   9   3  12   0   0   4   3   0   0   4  0.36 0.33
   84 A    5 -2 -5 -3 -1 -2 -4  0 -5 -4 -2  1 -4  4 -5 -1 -2 -5  0  0   45   2   0   2   1   2   0   6   0   0   3  10   0  15   0   3   1   0   2   6  0.72 0.52
   85 M   -4 -2 -3 -3  0 -3 -2 -6 -5  1  5 -2  3  1 -2 -4 -3 -2 -4  0    1   2   1   2   2   1   3   0   0   8  53   3   8   5   2   1   1   1   0   5  0.79 0.50
   86 S    1  0  1  1  0  1  2  0  4 -3 -3  0 -2 -3  0  1  1 -4 -3 -3   11   4   6   8   2   5  13   6  10   1   1   6   1   1   4  10   7   0   0   1  0.25 0.24
   87 Y   -1  0  0 -2  0  1  3 -3  0 -2 -2  2 -2  1 -2  1 -2 -4  2 -2    6   3   3   1   2   6  26   1   2   3   4  13   1   5   1  10   2   0   8   3  0.33 0.32
   88 V   -1 -1 -1 -2  4 -3 -2 -2 -2  1  0 -1  4 -1 -1  0  1 -3 -2  2    5   3   3   1   9   0   2   3   1   9  10   3  14   3   2   7   8   0   1  15  0.24 0.23
   89 K    0  1  1 -1 -1  2  1 -1  0 -2 -2  3 -1 -2 -2  0  0 -3 -1 -1    8   7   7   2   2   9   9   4   2   2   3  19   1   2   1   8   6   0   2   5  0.18 0.18
   90 D   -2 -2  1  3 -4  0  1  0 -1 -4 -3  1  0 -3  1  3 -1 -4 -2 -4    2   0   8  19   0   4  10   6   2   0   2  10   3   1   7  21   2   0   1   0  0.40 0.34
   91 D   -1 -1  3  2 -4  1  1  1  3 -2 -2  0 -2 -1 -1  1 -1 -4 -2 -2    4   2  15  14   0   5  10  10   7   2   4   4   1   2   3   9   3   0   1   2  0.24 0.22
   92 I   -2  0 -2 -1 -1 -1 -2 -2 -2  3  1  1  3  0  0 -3  1 -4  0  2    2   5   1   4   1   3   2   2   1  17  10   8  11   3   4   0   8   0   3  15  0.20 0.24
   93 F   -1 -1 -2 -3  0 -1 -2 -2  4 -1  1  0  0  4  0 -1 -1  0  1  0    5   3   1   0   2   2   2   3  12   2  15   6   2  18   5   4   3   1   3   7  0.22 0.22
   94 R   -1  3 -2 -1  0  0  0 -1  1 -1 -2  3 -2 -3  0  0 -1 -4 -1  1    5  19   0   3   2   2   4   4   3   2   2  23   0   0   3   8   3   0   2  14  0.28 0.28
   95 I   -1 -2  0 -1 -3  0  0 -2 -2  2  2 -1  1  0 -1  0 -1 -3  1  1    4   0   4   3   0   3   6   3   0  12  24   4   5   3   3   9   3   0   6   7  0.10 0.15
   96 Y    0 -2  1  0 -3  2  1 -1  2  0 -1  0  1  0  0  0  0 -2  2  0    6   0   6   3   0  11  10   3   7   5   5   4   5   4   4   6   6   0   9   6  0.11 0.17
   97 I    0  0  0  0  2  0 -1  0  1  0  0  0  1  0  1  0  0 -3 -1  0    6   6   6   6   6   6   0   6   6   6   6   6   6   6   6   6   6   0   0   6  0.04 0.09
   98 K   -1  0 -1  0  0  1  0 -2  1  0 -2  3  1 -1  2  0  0  1  0 -1    4   3   2   5   2   6   5   2   3   7   3  18   3   3  11   5   7   2   4   5  0.17 0.20
   99 E    0  0  0  0  1  1  1 -1  0  0  0  0  1 -2  2  1  0 -3  0  0    6   4   3   5   4   5  11   4   3   5   8   4   5   0  10  10   5   0   3   6  0.08 0.12
  100 K    0  0  0  0 -3  0  0  0  1  0 -1  0 -1  0  0  0  0  3  1  0    6   6   5   6   0   5   6   6   5   6   6   6   0   5   6   6   6   5   5   6  0.06 0.08
  101 K   -1 -1  1 -1 -1  0  0  1 -1 -2 -3  3  0 -2  1  2 -1 -5 -2 -2    5   2   5   4   1   4   7  10   1   3   2  24   3   2   7  14   2   0   1   2  0.27 0.28
  102 E   -1  0 -1  1  1  1  4 -3  0 -1 -4  0 -4 -3  1  1 -1 -5 -3 -2    4   5   3   8   3   6  32   2   3   3   1   4   0   1   7  10   3   0   1   3  0.44 0.40
  103 C   -1 -1  0 -2  5  1  0 -1  2 -1 -1  1 -3 -2  0  1  0  0  0 -1    5   3   3   2  15   8   7   5   5   3   5   8   0   1   4  14   5   1   3   5  0.24 0.25
  104 R    0  3 -1 -1 -4  1  1 -1  0 -3 -2  3 -1 -2  2  0 -1  0 -2 -2    8  15   3   4   0   5   8   5   2   1   4  17   1   1  11   6   3   1   2   2  0.25 0.25
  105 R    0  2  0  0 -4  1  0 -1  3 -2 -2  1 -1  0  1  1  0 -4 -1 -1    6  15   4   5   0   6   5   4   8   3   3   7   2   5   7  11   4   0   2   4  0.16 0.18
  106 E    0 -1  1  2 -4  0  3 -1 -1 -1 -2  0  0 -2  1  0  0  1 -1 -1    7   2   5  12   0   4  20   5   2   5   3   5   2   1   6   8   5   2   3   4  0.19 0.21
  107 H   -1  0  1  0 -1  0  0 -2  5 -1 -2 -1 -1  1  0  0  0 -3  1  0    5   6   6   6   1   3   7   3  17   3   3   3   1   7   5   6   7   0   4   6  0.21 0.21
  108 R    0  2  0  0  0  0  0 -1  1  0 -1  0 -1 -2  1  1  0  0 -2  0    8  13   4   4   2   5   7   5   4   6   5   4   1   2   8  10   5   1   0   6  0.09 0.11
  109 P    0 -1  0  0  0  0  0 -1  1 -1  0 -1  1  0  3  1  0 -3  0 -1    8   2   4   6   2   4   8   3   4   2   9   4   4   4  15  10   5   0   3   3  0.13 0.15
  110 P    0  0  0  0 -2  1  0  0  1  0 -1  0  1  0  1  0  0 -2  1  0    6   6   5   6   0   5   6   6   5   6   6   6   5   5   6   6   6   0   5   6  0.03 0.06
  111 C    1  0  0  1  4  0  0 -1  1 -1 -3  0  0 -1  1  0  1  1 -1 -1   13   4   5  10  11   4   4   3   4   3   0   5   2   3   6   6   7   2   2   5  0.17 0.19
  112 A    0  0  0  0 -3  1  0 -1  3  0 -1  0  1  0  0  0  0  2 -2  0   10   5   5   6   0   7   7   4   8   4   6   5   4   4   5   8   4   3   0   6  0.07 0.11
  113 Q    0  0  0  0  2  0  0 -1  1  0 -1  0  1  0  0  0  0 -2  1  0    5   5   5   5   5   5   5   5   5   5   5   5   5   5   5   5   5   0   5   5  0.03 0.05
  114 E    0  0  0  0  2  1  0  0  2 -2 -1  0  1  0  0  0  0 -2  1 -1    6   6   5   6   5   5   6   6   5   0   6   6   5   5   6   6   6   0   5   6  0.05 0.09
  115 A    0 -1  0  0  1  0  0 -1  1  0 -1  0  1  0  3  0  0 -3  0 -1    6   4   4   5   4   5   5   6   4   5   4   5   4   4  17   7   5   0   3   4  0.14 0.13
  116 R    0  1  1  1 -2  1  0  0  2 -2 -1  0 -1  0  1  0  0 -3 -1 -1    7   7   7   7   0   7   7   7   6   0   7   7   0   6   7   7   7   0   0   7  0.07 0.09
  117 S   -1 -1  3  0  0  0  0  1  0 -2 -2  1 -1  1  3  0 -2  0 -3 -2    4   3  17   5   3   3   5  10   2   2   3   9   2   6  14   7   2   1   0   2  0.24 0.23
  118 M    1 -1 -1 -1 -3  2 -1 -1  0  1 -1 -1  2 -1  2 -1  1 -4 -1  2   10   3   3   3   0  11   3   4   2   7   5   3   5   2  10   4   8   0   2  15  0.14 0.17
  119 V   -1 -1 -4 -4  1 -1 -1 -2  1  1  0  0  0  3 -1 -1 -1  2 -1  3    5   4   0   0   3   3   3   4   4   9   6   7   3  12   4   3   2   3   2  23  0.21 0.20
  120 H   -2 -1  1 -8 -8  0 -8 -8  9 -8 -8 -1 -8  0  0 -1 -1 -8  1 -1    4   4   6   0   0   4   0   0  49   0   0   4   0   4   5   5   4   0   4   4  1.90 0.80
  121 P   -1  0  0  0  2  0  0 -1  2  0 -1  0  2  1  0 -1  0  3  1 -1    5   5   5   5   5   5   5   5   5   5   5   5   5   5   5   5   5   5   5   5  0.09 0.08
  122 N   -1 -1  3  0  1 -1 -1  4  3 -2 -3 -2  0 -1 -2 -1 -2  2  0 -3    5   4  13   6   2   3   4  26   6   3   3   3   2   3   3   4   3   2   3   3  0.40 0.29
  123 V   -1 -3 -5 -5 -4 -5 -5 -1 -1  4 -2 -5 -1  1 -5 -3 -1  4 -2  5    6   1   0   0   0   0   0   4   1  23   2   0   1   6   0   2   5   6   1  40  0.91 0.42
  124 I    0  0 -1 -2 -2  0  1  0  0  2 -1 -1  1 -1 -1  1  1 -3  0  0    8   4   2   1   1   4  10   6   2  14   4   3   4   3   2  13  12   0   3   5  0.09 0.12
  125 C   -5 -6  1 -6 11 -6 -1 -6 -6 -6 -6  0 -6 -6 -6 -5 -5 -6 -6 -6    0   0   6   0  79   0   5   0   0   0   1   6   0   0   0   0   0   0   0   0  3.42 1.06
  126 D   -5  0  1  7 -1 -4 -3  0  0 -6 -6 -4  2 -6 -5  0 -5 -6 -6 -6    0   6   6  61   2   0   0   7   2   0   1   0   5   0   0   8   0   0   0   0  1.56 0.64
  127 G   -1 -2  1 -2 -2 -2 -2  4  1 -1 -3 -3 -1 -4 -4  3 -1  3 -2  0    4   2   7   1   1   2   2  32   4   4   2   1   1   0   0  20   3   4   1   7  0.51 0.30
  128 C   -5  0 -5 -6 11  0 -5 -5 -5 -5 -5 -5 -5 -5 -5 -5 -5  4 -5 -5    1   4   1   1  75   5   1   1   0   1   1   1   0   0   1   1   1   6   0   1  3.21 0.96
  129 N   -2 -2  4  3 -4  3  2  1  1 -4 -2  0  0 -2 -4 -1 -3 -4 -1 -4    2   2  19  15   0  12  15  11   3   1   4   5   2   2   1   3   1   0   2   1  0.48 0.27
  130 G    0  3  1  0 -1  2 -1  2  0 -3 -3  1 -1 -1 -3  0  0 -4 -3 -2    7  16   6   6   1   9   3  17   2   1   2   8   2   3   1   7   5   0   0   2  0.25 0.17
  131 P   -2  3 -1 -1 -2  0 -1 -2 -2 -2 -3  0 -3 -3  6 -1 -1 -5 -4 -3    3  15   3   4   1   4   4   3   1   2   2   5   1   1  44   3   4   0   0   2  0.92 0.36
  132 V   -3 -4 -4 -2 -3 -4 -4 -4 -4  6  1 -4 -2 -3 -4 -4 -3 -4 -3  3    1   1   1   3   0   1   1   1   0  55   9   1   0   1   1   1   1   0   0  23  1.20 0.41
  133 V   -1  1 -2 -2  2  0 -1 -3  1  2 -1 -1  1  0 -2 -1  0 -1  0  3    4   8   2   2   5   4   2   2   3  12   3   3   3   4   1   4   5   1   4  28  0.17 0.12
  134 G   -3 -4 -1 -3 -4 -4 -2  7 -4 -4 -4 -3 -4 -4 -4 -3 -3 -4 -4 -4    1   1   2   1   0   1   3  81   0   1   1   1   0   1   1   1   2   0   1   1  1.77 0.52
  135 T   -1 -2 -1 -2 -2 -2 -2 -3  1  2 -1 -2 -1  4  1 -1  1 -2  1  2    6   1   3   2   1   1   1   2   4  12   3   2   1  23   6   3  11   0   3  16  0.30 0.17
  136 R   -4  7 -3 -4 -4 -2 -3 -4 -3 -4 -3 -1 -4 -4  1 -3 -3 -4 -4 -2    1  75   1   1   0   1   1   1   0   1   3   1   0   1   7   1   1   0   1   3  1.78 0.56
  137 Y   -4 -3 -4 -5 -5 -4 -4 -1  1 -4 -3 -4 -3  6 -5 -4 -4  4  8 -4    1   1   1   1   0   0   1   6   3   1   1   1   0  28   1   1   1   4  48   1  1.72 0.55
  138 K   -3  1 -2 -3 -1  1 -2 -4  0  0 -3  6 -3 -4 -4 -2 -3 -4 -4 -4    1   7   1   1   2   6   1   1   2   7   3  64   1   0   1   2   1   0   0   1  1.24 0.47
  139 C   -3 -5 -4 -5 10 -4 -5 -1 -5 -4 -4 -4 -4 -5  2 -1 -3 -4 -4 -4    1   1   1   1  70   1   1   6   0   1   1   1   0   0   9   6   1   0   0   1  2.48 0.66
  140 S    0 -2 -1 -2  1 -1 -2  0 -2  1  1 -1  2 -1  2  1  1 -3 -2  0    5   1   2   2   3   2   1   6   0   7  19   3   6   1   9  13  11   0   1   8  0.12 0.10
  141 V   -1  0  0  0 -3  2  1 -2 -1  0  0 -1  0 -3 -3 -1  2 -3 -2  2    2   6   4   4   0  11   8   2   2   5   8   1   2   0   1   2  19   0   0  23  0.22 0.17
  142 C   -2 -3 -4 -5 10 -4 -5 -4 -5 -4 -4 -2 -4 -5  2 -4 -2 -4 -4 -4    3   2   1   1  74   1   1   1   0   1   1   2   0   0   9   1   2   0   0   1  2.64 0.68
  143 P    0 -3 -2  0 -4 -1  0 -3 -1 -3 -4 -2 -4 -3  7 -1 -2 -5 -1 -2    6   1   2   6   0   2   6   1   1   2   1   1   0   1  55   5   2   0   2   2  1.21 0.42
  144 D   -2 -3  3  6 -1  1 -1 -2 -3 -4 -4 -2 -4 -4 -3  1  1 -4 -4 -4    3   1  14  51   1   5   2   2   0   1   1   1   0   0   1   8   9   0   0   1  0.94 0.36
  145 Y   -4 -1 -4 -5 -4 -3 -4 -4 -2 -3 -2 -4  3  4 -4 -4 -4  5  8 -3    1   3   0   1   0   0   1   1   0   1   2   1   9  15   1   1   1   9  55   1  1.62 0.51
  146 D   -4 -4  1  7 -5 -3  1 -1 -3 -5 -5 -3 -5 -5  2 -2 -2 -6 -2 -5    0   0   6  67   0   0   6   5   0   0   0   0   0   0   9   1   2   0   1   0  1.44 0.50
  147 L   -3 -3 -4 -4  0 -1 -3 -4  3  1  4 -3  1  1 -4 -3 -2 -3  0 -1    1   0   0   1   2   2   1   1   9   8  58   1   2   7   0   1   2   0   3   2  0.70 0.30
  148 C   -3 -5 -4  0 10 -4 -4 -4 -4 -4 -4 -4 -4  2 -4 -3 -3 -4 -4 -3    1   1   1   6  74   1   1   1   0   1   1   1   0   9   1   1   1   0   0   1  2.55 0.65
  149 S    1 -2 -1  0 -3  1  2  0 -2 -2 -3  0 -1  2 -1  3  0 -3 -2 -2    9   1   2   3   0   7  19   8   0   2   1   4   2  10   2  25   5   0   0   1  0.26 0.18
  150 V    0  0  1  2 -2  0  1  1  0 -2 -2  0  0 -3 -1  1  1 -3 -2 -1    9   3   8  12   1   3  11  13   2   2   2   7   3   0   2   8   9   0   1   4  0.14 0.08
  151 C   -3 -5 -4 -4 10 -4  0 -4 -4 -4 -4 -4 -4 -4  2 -3 -3 -4 -4 -3    1   1   1   1  74   1   7   1   0   1   1   1   0   0   9   1   1   0   0   1  2.55 0.66
  152 E   -2 -1 -1 -1 -4  1  5 -3  0 -2 -2 -1  1  2 -3 -1 -3 -3  1 -3    2   2   2   1   0   4  55   1   2   2   4   2   5  10   1   3   1   0   4   1  0.77 0.34
  153 G    2  0  0  0 -3  0 -1  1  1 -1 -1  0  2 -4  0  1  1 -4 -3 -1   16   5   4   5   0   4   4   9   4   3   4   7   6   0   3  12   8   0   0   3  0.14 0.18
  154 K    0  0  0  0  0  0  0  0  1 -1  0  2  0 -1 -1  0  0 -3  0 -1    8   4   4   4   3   4   4   5   3   3  10  18   3   3   3   8   5   0   3   3  0.06 0.10
  155 G   -2 -1  0  0 -2 -1  0  4  2 -4 -3 -1 -2 -3  1  0 -1 -5 -1 -3    1   3   4   6   1   3   5  39   5   1   3   4   1   1   8   7   4   0   3   2  0.52 0.34
  156 L    0  0  0 -3  0  0 -2 -1  2  1  0  2  0 -2  0 -1  0 -3  1  1    7   6   4   0   2   3   1   5   5   9  11  14   2   1   4   3   6   0   5  13  0.08 0.12
  157 H    0 -5 -2 -2 -6 -4 -5 -6 10 -6 -4 -1 -5 -5 -2 -3 -3  1 -4 -6    8   0   1   2   0   0   0   0  72   0   2   4   0   0   2   2   2   2   0   0  2.69 1.05
  158 R    0  0 -1  0 -4  0  0 -1  3 -4 -3  2 -2 -3  4  1  0 -4 -2 -2    8   5   3   5   0   3   4   4   8   0   2  12   1   1  21  12   5   0   1   4  0.36 0.26
  159 E   -2  1  2  2 -5  1  4 -2  3 -3 -4 -1 -4 -3 -1 -1 -1 -5 -2 -3    2   8   9  12   0   4  32   3   8   1   2   2   0   1   3   3   4   0   1   2  0.56 0.37
  160 H   -6 -1 -4 -1 -7 -5 -5 -6 11 -7 -7 -5 -6 -1 -6 -2 -6 -6 -4 -7    0   3   0   3   0   0   0   0  84   0   1   0   0   3   0   3   0   0   0   0  3.42 1.25
  161 S    1  0  1 -1  1 -1 -1 -1  1  0 -1 -1  0 -1  2  0  0 -1  1  1   11   5   6   4   3   1   3   4   5   4   6   2   2   3  11   7   6   1   5  11  0.07 0.09
  162 K   -2 -4 -5 -5 -5 -4 -5 -3  3 -3  2  1  7  4 -5 -3 -1 -4 -3 -1    3   0   0   0   0   0   0   2   6   0  18   8  34  19   0   2   4   0   0   3  1.14 0.56
  163 L   -1 -2 -2 -5 -4 -4 -4 -2  2  3  3 -3  2  0 -4 -4 -2 -4  0  2    4   2   2   0   0   0   0   4   5  18  33   1   4   4   0   0   2   0   4  16  0.52 0.30
  164 I   -1  5 -4 -4 -2 -2 -1 -3 -3 -2 -2  3  1 -2  1 -2 -2 -5  0 -2    5  38   0   0   1   1   3   2   0   2   3  21   4   2   6   2   3   0   3   2  0.74 0.43
  165 F   -4 -2 -5 -5 -4 -3 -2 -5 -4  5  1 -4  5  5 -5 -3 -4 -4  0  0    1   2   0   0   0   1   3   0   0  33  12   0  15  22   0   1   0   0   3   4  0.99 0.47
  166 P    0  3 -2 -2  0  1 -1 -3 -2 -1 -2 -2 -3 -3  5 -1  1  0 -3  0    7  16   2   2   2   7   3   1   1   3   4   2   0   1  28   5   8   1   1   7  0.51 0.33
  167 N   -1  2  2  0 -2  0  0  0  1 -2 -3  1 -2 -3  0  1  2 -4 -3 -1    2  13  10   6   1   4   4   7   3   3   2  10   1   1   4  11  15   0   0   4  0.22 0.21
  168 P   -1 -5 -2 -4 -2 -2 -2 -3  0 -5 -1 -3  0 -3  7 -1 -2 -2 -1 -1    6   0   2   1   1   2   3   2   3   0   5   1   3   1  55   4   3   1   2   4  1.29 0.65
  169 F   -1  0 -1 -1 -2 -1 -1  0 -2  0  0 -1  2  2  2 -1 -1  2  1  1    3   7   3   3   1   3   3   7   1   6  11   3   6  10  10   5   2   3   4  10  0.08 0.10
  170 G    0  0  0  0 -1  0 -1  2  3 -2 -1 -1  1 -2  1 -1  1  1 -3  0    6   5   4   6   1   5   4  19   8   1   5   2   3   1   6   4  10   2   0   7  0.15 0.16
  171 H   -1 -1  2 -2 -2  0 -1  1  6 -1 -2 -2  1 -2  2 -1 -1  2  1 -2    6   2   9   2   1   4   3  10  20   3   4   2   4   1  11   4   3   3   4   2  0.40 0.29
  172 L   -1  0 -2 -2 -1  0  0  0 -1  0  1  0  1  0  3  0 -1  0 -1  0    4   7   0   1   2   4   6   6   2   7  13   4   4   5  13   8   3   1   2   6  0.10 0.11
  173 S    0  1 -1  0 -3 -1 -2 -2  0 -1 -1  0  0  1  2  2  0 -2  0 -1    6   9   2   4   0   2   2   3   2   3   7   6   3   7  10  20   5   1   3   5  0.15 0.17
  174 D    0  1 -2  0 -2  1  4 -1  1 -4 -3 -1 -1  1  0 -1 -2  3  0 -2    9   8   1   5   1   7  27   5   3   1   3   2   2   5   5   5   2   4   3   3  0.32 0.27
  175 S    0  0 -3 -1 -5 -2 -2  2 -1 -2  1 -1  0 -1  1  0 -1  7 -1 -2    7   6   1   4   0   2   2  16   2   2  12   3   2   2   6   7   4  17   1   2  0.46 0.31
  176 F   -1 -3 -2 -5  1 -3 -2 -1 -3  1  1 -3  2  6 -4 -2 -3 -1  1 -1    5   2   2   0   3   1   2   4   1   7  14   1   4  39   1   4   2   1   3   3  0.79 0.43
  177 S   -1  1 -3 -2  1 -1  0 -2  3 -4 -1 -1 -1 -3  4  3  1 -5 -3 -3    5   9   1   2   3   2   6   3   6   1   6   3   1   1  19  21   8   0   1   2  0.42 0.34
  178 H   -2  4 -4 -4 -1 -3 -2 -1  8 -2 -3 -1 -1  0  1 -3 -4 -6 -1 -2    4  23   0   1   1   1   2   4  33   2   2   3   2   5   9   2   1   0   2   3  1.09 0.59
  179 S    0  2 -1 -4 -3 -2 -1  3  0 -2 -1 -1  0 -1  0  3 -2 -5 -3 -1    5  11   3   0   1   1   4  22   3   2   7   2   2   3   6  22   2   0   1   5  0.32 0.28
  180 R   -4  7 -2 -2 -2  0 -1 -2  2 -6 -5  3 -5 -6  0 -4 -2 -3 -5 -4    1  51   1   2   1   4   4   4   4   0   1  15   0   0   5   1   3   0   0   1  1.28 0.67
  181 W   -2  0 -4 -3 -1 -2 -4 -2  3 -5 -2  3  0  3 -1 -2 -1  8  2 -3    3   4   1   1   1   1   0   3   6   0   4  16   2  13   4   3   4  22   7   1  0.90 0.49
  182 L   -1 -1 -1 -1  1 -3 -3  1  0 -1  2 -1  2  2  1  0 -2  3 -2 -2    3   3   2   3   4   1   1  11   2   3  21   3   7  11   7   9   2   4   0   2  0.21 0.20
  183 R   -1  5 -1 -3 -5  0 -1 -2  2 -2 -2  2  0 -2 -1 -1 -2  1 -4 -2    4  37   3   1   0   4   4   3   5   3   5  13   3   1   4   4   2   2   0   3  0.61 0.39
  184 K   -3  3 -2 -4 -5  2 -2 -3  3 -1 -2  5 -2 -5  0 -1 -2 -2  0 -3    2  15   1   0   0   9   2   2   6   4   4  37   1   0   5   5   2   1   3   2  0.71 0.45
  185 L   -2  0  0 -1  0 -1 -2 -1 -1  0  1  0  3  2  0  0  0  1  1  0    2   6   5   3   2   2   2   6   1   6  13   6  12   8   4   6   5   2   5   6  0.09 0.12
  186 K   -1  3  0 -1  0  0 -2 -1  3 -2 -2  3 -1 -2 -1  0 -1 -5 -2  0    6  19   4   2   2   4   1   5   6   2   3  20   2   1   3   7   4   0   1   8  0.30 0.25
  187 H    0  1 -2  0  1 -1 -1 -1  8 -4 -4  0 -4  2 -2 -1 -2 -5 -1 -2    8   8   1   4   2   3   4   5  36   1   2   5   0   7   2   4   2   0   1   3  0.89 0.50
  188 G   -1  2  0 -1  3 -1 -2  4  2 -5 -4  0 -1 -4  0  0 -2 -5  0 -2    6  11   4   4   6   2   1  33   6   0   2   6   2   1   4   5   2   0   3   3  0.47 0.33
  189 H   -1  0  0 -4 -2 -2 -2  2  7 -1 -3 -1  2 -1  0 -1 -3 -4  0 -1    6   6   4   0   1   2   2  16  29   3   2   3   6   3   4   5   1   0   2   5  0.65 0.40
  190 F   -2  1 -1 -4  4 -2 -2 -1  2  1 -2 -2 -1  5  0 -1 -2  4  0  0    2   9   3   1   8   1   2   6   5   8   3   2   1  23   5   4   2   7   2   6  0.42 0.29
  191 G    0 -1  1  0  0 -1  0  3  1 -1 -2 -1 -2  0  1  0 -1  1 -1 -3    8   4   6   5   2   3   6  29   4   4   3   4   1   5   6   5   2   2   2   1  0.25 0.19
  192 W   -2  2 -2 -3  4  1 -1  1  3 -3 -3  0 -2  2  0 -1 -3  6  0 -3    2  10   1   2  10   8   3  10   7   1   2   5   1  10   4   5   1  13   3   2  0.52 0.34
  193 P    1  0 -1  1  4 -1 -2 -1  1 -2 -3 -1 -3 -3  5 -1 -2 -2 -4 -2   11   5   3   9   7   3   3   5   4   2   3   4   1   1  30   5   2   1   0   3  0.56 0.37
  194 G   -1  0 -1 -1  0  0  0  4  0 -2 -3  0  0 -2  0  0 -1 -1 -2 -2    6   5   3   4   2   4   7  33   2   3   2   5   3   2   5   7   3   1   1   3  0.33 0.25
  195 W    1  1 -1 -3  3 -1 -1 -1  2 -2 -2 -1 -1  3  1 -1  0  6  0 -4   11   8   2   1   5   3   4   4   5   2   3   4   2  13   7   5   5  12   3   0  0.40 0.29
  196 E    0  2  1  0  0  2  2  0  0 -2 -2  0 -2  0  1  0 -1 -4 -2 -3    8  10   6   5   3   8  16   6   2   2   4   6   1   4   7   6   3   0   1   1  0.18 0.18
  197 M    1 -1 -1  0  3  1  0 -1  2 -1 -1 -1  3  1  0 -1  0 -3  0  0   11   3   3   4   6   8   6   4   5   3   3   3  11   6   5   4   5   0   3   7  0.12 0.15
  198 G    1 -1  0 -2  2  1 -1  2  2 -3 -2 -1 -1 -3 -1  0  0  0 -1  1   12   3   5   2   5   6   3  17   6   1   2   2   1   1   3   7   7   1   2  11  0.18 0.18
  199 P   -1  0  0  0  2  0  0 -1  2  0 -1  0  2  1  0 -1  0  3  1 -1    5   5   5   5   5   5   5   5   5   5   5   5   5   5   5   5   5   5   5   5  0.09 0.08
  200 P   -1  0  0  0  3  1 -1  0  1 -2 -2 -1 -1 -1  4 -1 -1  1 -1 -2    5   6   5   5   6   5   4   9   3   3   5   4   2   3  21   5   4   2   2   3  0.31 0.25
  201 G    1 -1  1 -1  3  1 -1  2  1 -2 -3 -2 -5  1 -1  0  0 -6 -1  0   11   4   7   4   7   6   5  14   4   2   3   3   0   6   4   8   5   0   2   7  0.17 0.16
  202 N    0 -1  3  3  1  1 -1 -1  2 -2 -4 -1  1 -2  1  0 -1 -7  0 -2    7   4  14  14   3   7   4   6   4   3   2   4   3   2   7   6   4   0   3   3  0.27 0.23
  203 W    0  0 -2 -2 -1  1  1 -3  0 -4 -1 -2  0  1  1  1 -1  8 -2 -2    9   6   2   3   2   6   8   2   3   1   5   3   2   5   7  10   5  18   2   3  0.53 0.38
  204 S    1  2  2  0  2  1 -2  0  1 -3 -4 -1  3 -3 -1  2 -1 -7 -1 -2   13  10   9   5   4   7   3   7   3   2   2   4   6   1   4  13   4   0   3   3  0.26 0.24
  205 P   -1 -1  0  0 -1  4  1  0  4 -7 -7  0 -7 -1  4 -1 -2  3  0 -3    6   4   4   5   1  15   8   7   8   0   0   6   0   3  17   5   2   3   3   2  0.53 0.41
  206 R    0  2  2  0  4  0  1 -1  1 -2 -2  1 -2 -2 -2 -2 -3  1 -1 -3    8  12   9   6   9   5  11   5   3   3   4   9   1   2   2   3   2   2   2   2  0.29 0.22
  207 P    0 -1 -1  0  2  3 -1 -4  0 -4 -3 -1  1  0  4 -3  0  4  0 -1    7   4   3   6   4  11   5   2   2   1   3   3   3   4  21   2   5   5   3   4  0.45 0.36
  208 P    1 -1  1 -2  0  2  1  0  3 -3 -5  1 -1 -1  3  0 -1 -5 -2 -2   13   3   5   2   2   8   8   7   7   1   0   9   1   3  16   7   3   0   1   3  0.31 0.29
  209 R    0  2  0  1 -1  2  0 -1  3 -2 -2  0 -2 -2  0  0  1 -4  1 -1    9  11   3   7   1   9   6   5   6   2   4   4   1   1   5   8   9   0   5   4  0.15 0.17
  210 A    3 -2  0 -2  1  1  0  1  1 -4 -3 -1 -2 -1  2  1  1 -1 -4 -1   21   1   5   2   3   6   5   9   3   0   3   4   1   3  12   9   8   1   0   5  0.26 0.27
  211 G    0 -1  1  0  2  2  1  3  1 -3 -3  1  0 -3 -1  0  1 -1 -4 -2    6   3   7   5   4   8   7  21   3   1   2   8   2   1   4   6   7   1   0   2  0.24 0.23
  212 D    0  0  0  0  2  1  0  0  2  0 -2  0 -2  0  1  0  0  3 -1  0    6   6   6   6   6   6   6   6   6   6   1   6   0   6   6   6   6   6   0   6  0.09 0.13
  213 G    2  1  0  1 -3  1  0  1  1 -2 -2  0 -3 -1  1  1  0 -4 -1 -2   17   6   5   7   0   7   7   9   3   2   2   6   0   3   6  11   5   0   3   2  0.15 0.18
  214 R    1  3  0  0 -1  0 -1 -1  2 -1 -2  1 -1 -1  2  0  0 -4  0 -1   12  16   4   4   1   3   3   4   6   4   3   8   2   3  10   5   5   0   4   3  0.15 0.17
  215 P   -1  2 -1  0  1  0  0  0  1 -3 -3  0 -2 -2  5  0 -1 -5 -4 -4    5  12   3   6   3   4   5   6   4   2   2   6   1   2  27   6   4   0   0   0  0.48 0.37
  216 C    0 -1  0  0  5 -1  1  0  2 -2 -2 -1  0 -2  2  0 -1 -4 -3 -2    8   4   5   5  14   3  10   8   6   2   3   2   3   2  11   8   3   0   0   3  0.27 0.27
  217 P   -1  1  0 -1  2  2 -2 -1  3 -6 -3  0 -6 -1  4  0 -1  2  0 -2    5   8   4   4   3  10   3   5   7   0   3   6   0   3  17   7   4   3   3   3  0.37 0.30
  218 T   -1  1  2  0  1  1  0  0  1 -2 -2 -1  1 -1  1  0  1  2 -1 -1    5   7   9   5   3   5   6   9   3   3   4   4   4   3   7   7   8   3   3   4  0.09 0.10
  219 A    1  0  0  0  1  1  1  0  2 -1 -1  0  0 -1  0  0 -1  2 -2 -1   11   5   5   4   4   9  11   6   6   4   7   4   3   3   4   6   3   3   0   4  0.07 0.11
  220 E    0  0  0  0  1  1  3 -1  2 -4 -2  0 -3  0  0  0 -1 -4  0 -2    7   4   5   6   4   6  22   4   5   0   3   6   0   5   5   7   4   0   4   3  0.21 0.23
  221 S    0  0  1  0  2  1  1 -1  1  0 -1  0  0 -2 -1  2  0 -4 -3 -1    7   6   6   4   4   6  12   5   4   5   4   4   2   2   3  17   5   0   0   3  0.12 0.17
  222 A    2  1  0 -1  0  1  0  0  3 -3 -1 -1 -1 -1 -1  0  0 -1 -1 -1   20   7   5   3   2   7   4   8   8   0   5   3   1   3   3   7   7   1   2   4  0.15 0.19
  223 S    0  0  1  1 -1  1  0 -1  3 -1 -2  0 -3 -1  0  1  1 -4 -3 -2    8   4   8   8   1   6   6   5   9   3   5   5   0   2   5  13   9   0   0   2  0.16 0.18
  224 A    1  0  0  0  0  0  0  1  0 -2 -2 -1 -1 -1  2  1  0  2  0 -2   13   5   4   5   3   3   6   9   3   2   3   4   2   3   9  14   6   3   3   2  0.13 0.15
  225 P    0  0  1 -1  1  1  1  0  0 -2 -3  1 -3 -3  3  2 -1 -1 -3 -2    7   6   5   3   3   7   8   8   3   3   2   9   0   1  13  15   2   1   0   3  0.21 0.22
  226 S   -1  0  0  0  2  0  0 -1  2  0 -1  0  2  1  0 -1  0  3  1 -1    5   5   5   5   5   5   5   5   5   5   5   5   5   5   5   5   5   5   5   5  0.09 0.08
  227 E    0  1  0  0 -4  2  1 -2  3 -1  0  1 -1 -1  0  0 -1 -4 -1 -1    7   7   4   5   0  11  10   3   9   3   8   8   2   3   5   9   3   0   2   3  0.15 0.18
  228 D    1 -1  0  3  0  1  0 -1  1 -1 -2 -1  0  0  0  1 -1 -4 -1 -2   14   4   3  16   2   7   4   5   4   4   3   2   2   4   6  11   3   0   2   2  0.16 0.20
  229 P    0 -1  1 -1 -4  2 -1 -1  1  0 -2  0  0 -1  4  0  0 -5 -4 -2    8   3   6   4   0  11   3   4   4   5   4   6   2   2  21   8   4   0   0   3  0.31 0.28
  230 N   -1  0  3  0  0  0 -1  0  3 -3 -1  0 -1  1 -1  1 -1  2  1 -1    4   5  14   4   2   5   2   7   9   0   5   4   2   7   3  10   3   3   4   5  0.17 0.20
  231 V   -1  0 -2 -1 -1  0  0 -1  3  0  0 -1  3  1  1 -1 -2 -4 -3  3    6   4   2   3   2   4   5   4   7   3   6   4   9   5   7   5   2   0   0  22  0.20 0.23
  232 N   -1  0  2  2 -5  0  3 -1  2 -5 -5  0 -4 -2  2  0  0  0 -4 -3    5   4  10  11   0   4  19   4   5   0   0   7   0   2  11   8   5   2   0   2  0.38 0.32
  233 F    0  0  0 -1  1 -2 -2 -2 -1  1 -1 -1  2  3 -1 -2  1  1  3 -1    8   4   5   4   4   2   2   3   2   7   6   3   7  16   4   3   8   2  10   4  0.18 0.19
  234 L   -1  0 -1 -2 -1 -1 -1 -3  0 -1  3 -1  4  2  0 -2 -2 -4 -1 -1    5   6   4   2   2   3   5   2   3   3  29   3  10   9   5   3   2   0   2   4  0.27 0.25
  235 K   -2  0  1 -1 -5  1  1 -2  3 -3 -2  4 -1 -3 -1  1  1 -5 -2 -2    2   4   7   3   0   7   8   3   6   1   3  27   2   1   3   9   9   0   1   2  0.41 0.34
  236 N   -2 -1  5  1 -5  1  0  1  2 -2 -3 -1 -2 -5 -1  1  0  3 -4 -3    2   3  28   7   0   6   5  10   5   2   3   3   1   0   3  10   5   4   0   2  0.47 0.37
  237 V   -2 -2  0 -1 -3 -2 -4 -2  1  3  1 -3  2  1 -1 -2 -1  1  1  3    2   3   5   4   0   1   0   3   3  16  15   0   5   7   3   2   4   2   5  19  0.27 0.23
  238 G   -1  0 -2 -2 -4 -3  0  4  0  0 -1  0  2  0  1 -1 -2  0 -2 -1    3   6   2   2   0   0   5  29   2   7   7   7   7   3   6   5   2   1   1   4  0.27 0.25
  239 E    0 -1  2  1  0  2  3 -3 -1 -2 -1  0 -1 -3  0  0  0 -4  0 -1    6   2   9   9   3   9  22   2   2   3   7   4   2   0   4   7   5   0   3   4  0.22 0.23
  240 S    0 -1  3  0 -3  0  1  0  3 -2 -2 -1  0 -1  0  1  1  0 -3 -1    7   3  16   4   0   3  10   9   7   2   3   3   3   2   4  11   8   1   0   4  0.18 0.20
  241 V   -1 -2 -2 -3 -3 -3 -2 -2 -1  2  1 -2  2  2 -1 -2  0 -1 -1  3    5   3   2   1   0   0   2   4   1  14  12   2   6   9   3   2   6   1   2  25  0.28 0.24
  242 A    2 -3  0  0  1  0 -1 -2 -3 -1 -1 -2  1 -1  0  2  2 -4  0 -1   22   0   4   5   3   4   3   2   0   3   4   2   5   3   5  14  13   0   4   4  0.21 0.24
  243 A    2 -1  2  0 -3  2  0  0  1 -2 -2  0 -1 -1  0  1  1 -4 -3 -2   16   3   9   4   0  12   4   7   3   3   3   5   1   2   4  13   9   0   0   2  0.20 0.22
  244 A    2 -2 -2 -1 -3 -2 -2 -3 -1  0  1 -3  3  3  2 -1  0 -3  0  0   18   2   2   4   0   1   2   1   1   5  12   0   8  16   9   3   5   0   3   8  0.27 0.26
  245 L   -1 -3 -3 -2 -1 -1 -2 -2  0 -1  4 -2  1 -1  2 -2  1 -1 -1 -1    4   1   1   2   1   3   3   4   3   2  40   3   4   2  10   2   8   1   2   4  0.36 0.32
  246 S    0  0  0  0 -2  1  0  0  2  0 -1  0  1 -2  1  0  0 -2  1  0    6   6   6   6   0   6   6   6   6   6   6   6   6   0   6   6   6   0   6   6  0.05 0.08
  247 P    0  0  0  0 -2  1  0  0  1  0 -1  0  1  0  1  0  0 -2  1  0    6   6   5   6   0   5   6   6   5   6   6   6   5   5   6   6   6   0   5   6  0.03 0.06
  248 L    0  0  1  0 -2  0  0 -1 -2  0  0  0  1  1  0  0  0 -3  0  1    9   5  10   5   0   5   7   4   0   4   8   4   4   6   5   4   4   0   3  13  0.04 0.09
  249 G    0  0  1  0 -3 -1  0  3 -2 -1 -2 -1  0  0  0  0 -1 -3  0 -1    9   4   6   5   0   2   5  29   0   3   4   3   2   4   5   7   3   0   4   5  0.20 0.20
  250 I    0  0  0  0  2 -1  0  0  1  0 -1  0 -2  0  0  0  0  3  1  0    6   6   5   6   5   0   6   6   5   6   6   6   0   5   6   6   6   5   5   6  0.06 0.09
  251 E   -1  1  1  2 -4  2  2  0  2 -4 -4  0 -4 -5  2  0  1 -5 -4 -2    4   7   6  13   0  11  14   6   5   0   0   6   0   0   9   6   8   0   0   3  0.34 0.29
  252 V    0 -1 -1 -1  0  0 -1  0  0  0 -1  0  0  0  1 -1  1 -3  0  2    8   3   2   3   2   3   4   7   2   4   5   6   3   4   7   3  11   0   4  18  0.04 0.10
  253 D   -1 -1  1  4 -4  0  1 -2 -1 -2 -3 -1 -2 -2  2  1  2 -5 -2 -2    4   3   6  25   0   3   7   2   1   2   2   4   1   1  12  10  12   0   2   2  0.39 0.33
  254 I   -1 -1 -1 -1  0  0  0 -1 -2  2  0  1  2  0 -2 -1  1 -1  0  1    4   2   3   3   3   4   6   4   1  15   6   8   6   3   1   4   9   1   4  13  0.07 0.13
  255 D    1 -2 -1  4 -4  1  1 -1 -1 -2 -2  0  2 -2  0  1  0 -4 -2 -1   11   1   1  26   0   5   9   4   1   2   2   5   6   2   4  10   6   0   1   3  0.31 0.30
  256 V    2 -2 -1 -1 -1 -3 -2 -1 -3  1 -1 -1  1 -1 -2 -1  2 -4 -1  3   19   2   3   4   1   0   1   4   0   8   5   3   3   3   2   4  12   0   2  24  0.22 0.25
  257 E   -1  0 -1  2 -1  2  4 -1  2 -2 -2  1  0 -4  0 -2 -1 -4 -2 -1    4   4   2  10   1   8  29   4   4   1   4   7   3   0   4   2   4   0   1   6  0.32 0.30
  258 H   -1 -1  3 -1 -4  3  0 -1  5 -2 -2 -1  0 -4  0  0  0 -4 -1 -2    6   2  14   3   0  13   5   4  18   2   3   4   3   0   5   7   6   0   1   3  0.39 0.35
  259 G    0 -2  2  2 -2  0  2  1  1 -3 -3  0 -1 -4  1  0  1 -4 -2 -2    6   2   8  13   1   4  13  13   3   0   2   5   2   0   6   7   9   0   1   2  0.22 0.23
  260 G    0 -1  0  1 -1 -1  0  3 -1 -3 -2  0 -3 -2  2  1 -1 -4 -1 -3    8   3   4   9   1   3   5  23   1   1   5   4   0   2  10  11   3   0   2   1  0.21 0.23
  261 K    0  0  1  0  0  3  0 -1 -2 -2 -3  2 -1 -1  0  1  1 -4 -1 -2    7   5   6   5   2  14   6   4   0   1   2  14   1   2   5  11  10   0   2   2  0.21 0.24
  262 R    0  3  1  1 -4  1  0 -1 -2 -2 -3  2 -1 -1  0  0  0 -4 -1 -2   10  21   6   7   0   6   6   3   0   2   1  12   2   2   5   6   4   0   2   2  0.24 0.26
  263 S    0 -1  0 -1 -4  0  1 -1  1 -2 -3  1 -2 -4  3  2  1 -1  0 -2    6   2   4   3   0   4  10   3   3   2   2  11   1   0  14  19   8   1   3   3  0.28 0.28
  264 R    0  2  0 -2 -1  1  1 -2 -2 -2 -2  3  0 -2  1 -1  0 -4 -3 -1    7  10   5   1   2   8   9   3   0   2   3  21   2   1   8   4   7   0   0   5  0.22 0.24
  265 L    1 -1  0  0  2  0  0 -1  0  0  0  0  0 -1 -1  0  0 -3 -1  1   15   3   5   5   6   4   4   2   2   5   8   5   2   2   3   5   5   0   2  16  0.05 0.10
  266 T    1  0 -1  0 -2 -1  1 -1  0 -1 -2  0  0 -1  1  1  3 -1 -1 -1   12   5   3   5   1   2   8   4   2   5   4   5   2   2   8   8  20   1   2   3  0.14 0.18
  267 P    0 -1 -2  0  0  1 -1  0 -1 -2 -3 -1 -4 -3  4  2  1  2 -4 -2    8   2   2   6   2   6   3   7   2   2   2   4   0   1  24  14  10   3   0   2  0.41 0.35
  268 T    1 -1  1 -1  0 -1  1  0 -3 -1 -2  1 -2 -2  1  0  2 -1 -2 -1   12   3   7   3   2   1   9   6   0   3   4   8   1   2   8   8  17   1   2   4  0.15 0.19
  269 S    0  0  0  0 -1  2  0 -1  0 -2 -2  0 -3 -1  1  2  1  3 -3  0    8   4   5   4   1  12   4   3   2   2   3   7   0   3   6  16   7   5   0   8  0.16 0.22
  270 A    0 -1 -1 -1 -1  2 -1 -1 -1 -3 -5  0  0 -2  5  1  1 -1 -2 -2    6   3   2   4   1   9   3   5   1   2   0   6   3   2  28   9  10   1   1   3  0.51 0.43
  271 E    1  0  2  1  0  1  3 -1  0 -2 -3  0 -4 -2  0  1 -1 -5 -2 -2   11   4  11   6   2   7  18   5   2   2   2   6   0   2   4  11   3   0   1   2  0.25 0.27
  272 S   -1 -2  0 -1  2  3  1  0  0 -4 -4  0 -2 -1  1  3  1  0 -3 -2    4   1   4   3   4  14   7   7   2   1   1   6   1   3   7  20   7   2   1   3  0.27 0.33
  273 S    0 -1  0  1 -1  1  2  0  1 -4 -2  1 -1 -3  1  2  0 -5 -2 -1    7   2   5   7   1   5  13   6   3   0   3   8   1   1   7  17   6   0   2   5  0.19 0.23
  274 S    0 -1  2  0  0  1 -1  1  0 -5 -3  1  0 -2  1  3  0  1 -2 -4    7   3   9   4   2   5   4  10   3   0   2   8   2   2   7  22   5   2   1   0  0.25 0.30
  275 T    0 -3  2  0  0  0  0 -1 -1 -1 -2 -1  0 -2  1  1  2  2 -2 -1    8   0  11   6   2   3   7   5   1   3   4   2   2   1   7  12  15   3   1   4  0.19 0.23
  276 G    0  0  2  1 -2 -1  1  1  0 -2 -3  1  0  0 -1  1  0  0 -1 -2    7   3  10   7   1   2   8  11   3   2   2  10   3   5   3  11   7   1   1   2  0.11 0.16
  277 T    1 -1  0  2 -3 -1  0  0  0 -1 -2  0  1 -2  2  1  1 -4 -3 -1   11   2   5  10   0   2   6   9   2   3   3   7   4   2  11  12   7   0   0   4  0.16 0.18
  278 E    0 -1  0  0 -1  0  3  0  0 -2 -2  0 -1 -2  1  0  0  1 -1 -1    6   2   4   6   2   4  20   9   3   2   4   4   1   2   8   7   6   2   2   6  0.15 0.17
  279 D    1 -1  0  1 -4  1  2  0  1 -2 -2  0  0  0  1  1 -1 -4 -1 -1   10   3   5  10   0   7  12   8   3   2   2   5   3   4   6  13   3   0   2   4  0.15 0.17
  280 K   -1  0  1 -1 -4  0  0  1  1 -4 -3  2  0 -4  2  2  1 -5 -1 -2    5   6   7   3   0   4   6  10   3   0   2  12   3   0   9  18   7   0   2   3  0.25 0.26
  281 S    0  0  0  1  3  2  1 -1 -3 -2 -2 -1 -1 -4  0  3 -1  2 -3 -2    7   4   5   7   7   8   9   5   0   2   3   3   2   0   4  23   3   3   0   3  0.25 0.27
  282 G    0  0  0  0  0  0  0  1 -1 -1 -2  0  0 -1  1  1  0  1 -1 -1    8   6   4   5   3   5   6  10   1   3   2   7   2   3   7  14   6   2   2   4  0.08 0.10
  283 T    0 -1  1 -2 -1 -1  0  0 -1 -1 -2  0 -2 -4  1  2  3 -4 -2 -1    8   3   6   2   2   2   7   8   1   3   4   5   1   0   7  15  22   0   1   5  0.24 0.26
  284 Q   -2  0  0  1 -4  4  1 -1  0 -2 -2  0 -3  0  1  1 -1  0 -1 -1    2   4   3   9   0  21   9   5   2   2   3   5   0   5   7  11   3   1   2   4  0.28 0.29
  285 P   -1 -2  3  1 -1  0  0  0 -4 -2 -2  1 -2 -2  4  0 -1 -5 -4 -1    4   2  13   8   1   5   5   7   0   3   3   7   1   2  25   5   4   0   0   4  0.43 0.34
  286 S    0 -2 -1  1 -1  1  0  1 -1 -1 -2  0 -1 -2  0  3  0 -1 -1 -1    7   2   2   7   1   8   6  12   2   3   3   4   2   2   6  22   4   1   3   4  0.17 0.22
  287 S    0 -1  2 -1 -4  2  1  0 -2 -2 -3  0 -2 -5  0  3  1  1 -2 -1    5   3  10   3   0  10   8   8   1   2   2   4   1   0   4  25   7   2   1   4  0.31 0.33
  288 C    0 -2  0 -2  4 -1  0  0 -2  0 -2  1 -3 -1  1  1  1 -4 -2  1    8   1   5   1  12   2   6   9   1   5   3   9   0   2   7   9   8   0   1  11  0.19 0.21
  289 S    0  0  1  1  1  3  1 -2  0 -3 -3  1 -2 -2 -1  2  1 -5 -4 -1    6   4   6   7   3  13  10   3   2   1   2  11   1   1   3  15   7   0   0   5  0.23 0.26
  290 S    0 -1 -1  1 -2  0  0  0 -4 -2 -4  0 -2 -3  2  3  3 -5 -4 -1    8   2   3   9   1   3   6   7   0   3   0   6   1   1   9  20  17   0   0   5  0.31 0.32
  291 E   -1 -1 -1  3 -2  0  3  1 -3 -3 -2  2 -3 -3 -1  0  0 -5 -2 -1    4   2   2  18   1   4  19  11   0   1   4  14   1   1   3   7   4   0   1   4  0.33 0.31
  292 V    1 -1  0  0  0  1  0  0 -3 -2 -3 -1 -1 -1  4  0 -1  2 -2  0   12   4   4   6   2   7   5   7   0   2   1   4   2   4  20   7   3   4   1   6  0.26 0.25
  293 S    0 -1  2  2 -3  0  1  0 -2 -4 -4  0 -3 -1 -1  3  0 -4  0 -3    8   3   9  13   1   4   7   8   1   1   1   5   1   3   3  24   5   0   4   1  0.30 0.30
  294 K   -1  0  0 -1  0  0  1 -1 -2  0 -3  3 -2 -3  0  0 -1  4 -3  0    4   4   5   3   2   4  11   5   1   6   2  24   1   1   4   7   4   7   0   7  0.27 0.27
  295 P   -1 -1  2  0 -3  0  0 -1 -1 -3 -3  1 -4 -1  5  0  1  0 -4 -2    6   3  10   5   1   4   5   4   1   1   2   8   0   3  28   7   7   1   0   3  0.48 0.37
  296 D    0 -1  2  4 -2  0  2  0 -2 -3 -4  1 -1 -2  1  0  0 -5 -4 -1    7   3   8  22   1   4  11   6   1   1   1   8   1   1   8   7   5   0   0   4  0.33 0.28
  297 G    0 -1  2 -2 -4  1  0  2  0 -3 -2  0 -2  0 -2  2  2 -1 -2 -1    6   3   9   1   0   6   6  17   2   1   2   6   1   5   2  15  11   1   1   5  0.21 0.24
  298 A    1 -1  2  1 -4  0  2  0 -3 -1 -2 -1 -3 -3  1  1  1 -4 -4 -1   12   3   9   9   0   3  15   8   0   3   4   4   0   1   8   9   8   0   0   4  0.19 0.21
  299 G    0  0  1  0 -1 -1  0  2 -3 -2 -2  0 -1 -3  2  2  0 -4 -3  0    7   4   6   5   1   2   7  15   0   2   3   5   1   1   9  15   6   0   0   7  0.16 0.19
  300 E    1 -2 -1  0 -3  1  4 -1 -1 -3 -3  1 -4 -4 -1 -1  0 -1 -2 -1   14   2   3   6   1   6  32   4   1   2   2   8   0   1   3   4   5   1   1   6  0.41 0.37
  301 G    0 -1  0  0 -1  0  0  3 -1 -2 -3  1  0 -4  0  1  1 -4 -2 -1    7   2   4   5   1   4   5  23   1   2   2   8   3   0   5  10  11   0   1   4  0.21 0.23
  302 P    0 -1  1  0 -1  0  1 -2 -1 -1 -3 -1 -1 -3  4  0  2  0 -1 -1    7   4   7   4   1   3  11   2   1   3   1   4   2   1  22   6  13   1   3   5  0.33 0.29
  303 A    2 -2 -3 -1 -3  0  0 -1 -1 -1 -1  1  0 -2  0  0  1 -4 -1  2   17   1   0   3   0   4   6   4   2   3   4  11   2   2   4   8   9   0   2  19  0.16 0.22
  304 Q    0  0  3  1 -1  3  1 -2 -1 -4 -2  0 -2 -3  0  0  0 -4 -2 -1    9   6  17   8   1  14  11   2   1   0   4   3   1   1   5   5   6   0   1   4  0.27 0.28
  305 S    1  0  1  0 -2  0  0  0 -1 -2 -2 -1  0 -2  1  2  1 -4 -2 -1   10   6   5   4   1   3   7   7   1   2   2   3   2   2   8  18  10   0   1   6  0.15 0.18
  306 L    0 -2 -1  1  0 -1 -1 -1 -3  1  1 -1  1  0  1  0  0 -3 -2  1    6   1   3   9   2   2   3   4   0   7  18   4   3   4   8   8   4   0   0  13  0.08 0.13
  307 T    3 -1  0  1 -3 -1  1 -1 -2 -2 -2  0  0 -3  0  1  2  0 -3 -1   24   3   4   7   0   2   9   3   1   2   2   6   2   1   4   9  13   1   0   4  0.22 0.25
  308 E    0 -2  1  0  0  1  4 -2  0 -3 -4  0  0 -5 -1  1  0 -5 -2 -2    7   1   6   5   2   5  35   3   2   1   1   6   2   0   3   9   6   0   1   2  0.46 0.41
  309 Q   -1  0  0  0 -5  5  1 -2 -1 -2 -3  1 -2 -5  2  0  0 -5 -4 -1    6   4   5   5   0  28   7   3   1   2   2   7   1   0  11   6   7   0   0   4  0.45 0.40
  310 M    0  0  0  0  2  0  0  0  1  0 -1  0  1  0  1  0  0 -3 -1  0    6   6   5   6   5   5   6   6   5   6   6   6   5   5   6   6   6   0   0   6  0.03 0.07
  311 K    0  0  0 -1  0  2  1 -1  1 -2 -1  2  0 -1  2  1  1 -3 -1 -2    7   3   5   3   2  10   7   3   3   2   5  13   2   2   9   9   8   0   2   2  0.14 0.17
  312 K    0  0  0  2 -4  0  0 -2  0 -2 -2  3  0 -4  1  0  0  1 -3 -2    7   4   4  14   0   4   6   3   2   3   3  20   2   0   6   7   6   3   0   3  0.22 0.25
  313 I    0 -2  1  0 -3 -1  0 -2 -1  2 -1  0  2 -1  1  0  0 -3 -1  0    9   0   7   6   0   3   6   3   1  18   5   5   9   2   6   7   6   0   2   7  0.11 0.17
  314 A    1 -1  1 -1 -3  0  0  0  1 -1 -3 -1 -1 -1  2  1  0 -4 -3  0   16   3   7   2   0   4   7   6   3   3   1   3   2   3  12  12   5   0   0   9  0.17 0.20
  315 L    0  0 -2 -1 -3 -1 -1 -2 -1  1  1  0  1 -1  1  0  0  1 -1  1    7   5   1   2   0   2   2   2   2   9  18   6   3   2   9   8   6   2   1  10  0.09 0.12
  316 E    0 -1 -1  3 -1  0  3 -2 -3 -1 -2  0  0 -2  1  1  0 -4 -4 -1    9   2   1  15   2   3  23   3   0   4   2   6   3   2   6  10   4   0   0   3  0.28 0.28
  317 S    1 -2  1 -1 -2 -1  0 -1 -3 -2 -2 -1 -2 -3  3  3  0 -5 -2 -1    9   2   7   3   1   2   7   4   0   2   3   4   1   1  17  27   5   0   1   4  0.40 0.36
  318 V    0 -2 -1 -1 -1 -1 -1 -1 -1  0  1  0 -1 -1  2  0  0  1 -2  2   10   1   2   3   1   3   4   5   2   4  13   5   1   3  12   5   7   2   1  18  0.12 0.15
  319 G    1 -1  0  0 -1 -1  1  1 -3 -2 -2  0 -1  0  3  2  0 -2 -3 -2   12   2   4   4   1   2   8  12   0   2   3   5   2   5  14  17   4   1   0   3  0.22 0.23
  320 Q    0 -1  0  0 -3  3  1 -2  1 -2 -2  1  0 -2  1  1  2 -4 -3 -1    7   2   4   5   0  15  10   2   4   2   3   7   2   2   7  11  12   0   0   4  0.21 0.24
  321 P    1 -2 -1 -1 -4  1 -1 -2 -1 -1 -3  0 -1 -2  5  0  1  2 -2 -1   10   2   3   4   0   6   4   2   1   5   2   6   2   1  27   6  10   3   1   3  0.42 0.32
  322 E    0 -2 -1  0 -4  2  3 -1 -3 -2 -2  1  3 -4  1  1  1 -4 -4 -1    5   0   1   5   0   8  21   3   0   2   4   8   8   0   7  12  10   0   0   5  0.28 0.31
  323 E    0 -3 -1  1 -5  2  5 -2  0 -2 -3  0 -1 -5  0  1  0 -5 -4 -2    6   0   3   7   0   9  37   3   2   2   2   6   2   0   5   8   5   0   0   2  0.52 0.41
  324 L    0  0  0 -1 -3  2  0 -1  2  0 -1  0 -1 -1  1  0  0 -3  0  0   10   3   4   3   0  13   6   5   7   6   6   4   1   2   8   5   4   0   3   9  0.09 0.13
  325 M    1 -2  0 -1  0  0  1  0 -3 -1 -1 -1  3 -1  0  2  1  0 -3  0   13   0   4   2   2   3   8   6   0   3   4   4  10   2   4  16  10   2   0   7  0.13 0.21
  326 E    0  0 -1  1 -1  1  4 -3  0 -3 -3  1 -2 -3  2  0  0 -4  0 -3    7   4   2   6   1   6  30   1   2   2   2   8   1   1   9   6   6   0   3   2  0.37 0.32
  327 S    1  0  0 -1 -3 -1  0 -1  1 -2 -2  1  0 -1  1  3  1 -1 -3 -2   13   4   5   2   0   1   5   4   3   2   3   7   3   2   7  26   9   1   0   2  0.24 0.27
  328 D    0 -1  1  3 -4  0  2  1  0 -2 -3 -1 -2 -2 -1  2  0 -4 -3 -2    8   3   5  20   0   3  12  11   2   2   2   2   1   2   2  15   7   0   0   2  0.28 0.26
  329 N    0 -2  3  0 -3  1  1  0  0 -1 -2  1 -3 -2  0  2  0 -4  0 -1    7   0  16   4   0   5  10   7   2   3   2   7   0   1   4  18   5   0   4   4  0.21 0.23
  330 C    0 -1  0  0  3  2  1 -1 -1  0 -2 -1  0 -3  0  1  0  1 -1  0    6   2   5   4   7  10  11   5   1   5   3   3   3   0   5  14   6   2   2   6  0.13 0.17
  331 S    1 -1  0  0 -3  1  0  0 -1 -1 -2 -1 -3 -3  1  3  1 -4 -1 -2   14   3   4   4   0   8   5   6   1   4   3   3   0   1   8  24   8   0   2   2  0.24 0.25
  332 G    2 -1 -1 -1 -2 -1  0  2  0 -1 -1 -1  0 -2 -1  0  1 -3 -3  0   17   2   2   4   1   3   6  20   2   3   6   2   2   2   3   8  11   0   0   5  0.16 0.17
  333 G    0 -1  0  0 -3  0  1  3  0  0 -1 -1  1 -2  1  0  0 -4 -3 -1    9   2   4   6   0   3   9  24   2   7   4   3   4   2   6   5   5   0   0   5  0.17 0.17
  334 D    0 -1  1  2  0  1  1 -1  1 -1  0  0 -2  0  0  0  0 -3 -1 -1    6   3   7  11   2   6   7   3   4   4  10   5   0   5   5   8   6   0   2   5  0.06 0.09
  335 D   -1 -1  3  2  1  0  1 -2  0  0 -3 -1  0 -1  2 -1  0  2  0 -1    5   3  13  11   3   4   9   3   3   6   3   4   3   3   9   4   6   3   3   5  0.21 0.17
  336 D   -1  0  2  3 -6  0  1 -2  1 -1 -2 -1  1  0  2 -1  0 -7 -6 -2    6   5   8  18   0   4   8   4   3   3   5   4   3   4  10   5   7   0   0   3  0.28 0.23
  337 W    0 -4 -3  0  0  0  0 -2 -1 -1 -2  0 -1  2  2 -1 -2  8  0  0    7   0   1   6   2   4   5   3   1   3   4   7   1   8   9   4   3  21   2   9  0.55 0.39
  338 T    1 -2  1 -2 -4  0  1 -1 -4 -1 -2  0 -3 -2  1  1  4 -5 -4 -2   11   2   5   2   0   4   9   5   0   4   4   5   0   1   7   8  29   0   0   3  0.32 0.34
  339 H   -1 -1  1  0 -4  2  1 -2  4 -1 -1 -1  2  0 -1  0 -1 -4 -2 -1    5   3   9   4   0  13  10   2  11   3   7   4   6   5   4   8   3   0   0   5  0.21 0.23
  340 L    0 -2  0 -1 -2  0 -1 -2 -1  1  2  0  3 -1  0 -1  0  0 -1  1    9   1   4   4   1   5   4   3   1   9  18   5  10   2   4   4   5   1   1   8  0.09 0.13
  341 S    0 -3  1  2 -4  1  1 -1 -1 -1 -3 -1  0  0 -1  2  2 -4 -3 -2    7   0   7  13   0   6   9   3   1   5   1   2   2   5   3  20  13   0   0   3  0.27 0.28
  342 S    0  0  1  0 -3  1  0 -1  1 -1 -1  1  0 -3  2  1  0 -3  0 -1    6   5   6   5   0   5   5   4   3   4   4   9   3   0   9  16   5   0   3   4  0.11 0.14
  343 K    0  0  1  1 -3  1  2  0 -2 -1 -2  2  1 -3  1  0  0 -4 -3 -1    6   5   8   8   0   5  13   7   0   4   4  15   4   0   6   5   6   0   0   5  0.15 0.16
  344 E   -1 -1  0  1  1  1  3 -2 -2 -1 -1  1  2 -3  0  1  0 -4 -3 -2    4   3   5   8   3   5  20   3   0   3   6   7   6   0   5  11   7   0   0   2  0.18 0.22
  345 V    0 -1 -1  0  2 -1 -1 -1 -3  1  0 -1 -1 -1  2  0  1  0 -2  1    5   3   3   4   5   2   4   3   0   9  10   3   0   3  13   9  11   2   0  11  0.12 0.14
  346 D    0  1  1  0  2  1  0 -2  2  0 -1  0 -1 -2  1  0  0 -3 -2  0    7   7   7   7   6   7   7   0   6   7   7   7   0   0   7   7   7   0   0   7  0.09 0.10
  347 P    0 -1 -2 -1 -3  0  1 -1  2 -1 -3  0  0 -2  4  1  0 -4 -3  0    5   3   0   3   0   4   8   4   6   5   1   5   3   2  24  13   7   0   0   6  0.34 0.25
  348 S    1  0  0 -2 -3  0  0  0  0 -1 -2  1 -2 -3  0  3  0  0 -1 -1   10   3   5   0   0   3   5   5   2   4   2  11   0   0   4  31   4   2   2   5  0.21 0.26
  349 T    1  0  0  0 -3  1  0 -2  1 -1 -2 -1 -2 -1  0  1  3 -4 -3 -1   13   4   4   4   0   6   4   2   4   5   3   3   0   2   5  12  27   0   0   3  0.24 0.26
  350 G    1  0 -2  0 -3  0  1  1  0 -2 -2  0  1  0  2  1  0 -3 -1 -1   10   5   0   6   0   3   8  13   3   0   3   5   5   4  10  13   5   0   2   4  0.13 0.16
  351 E    0 -1 -1  0  1  1  2 -1 -2 -1 -1  0 -2 -1  2  1  1 -3 -2  0    6   3   3   5   4   5  19   5   0   3   6   5   0   3   9   9   9   0   0   6  0.12 0.17
  352 L    0  0 -1 -1  0  0  0  1 -2  0  0  0  0  0  0  1  0 -2  0  0    7   5   3   3   3   4   5  10   0   4  11   3   2   6   4  14   6   0   4   8  0.02 0.06
  353 Q    0 -1  0  1 -1  4  0 -2 -3 -2 -3 -1 -1 -4  1  2 -1  0  0 -1    8   3   3   7   2  22   6   2   0   2   2   3   1   0   8  17   4   2   3   4  0.34 0.34
  354 S    0 -1  1  0 -4 -1  0 -1 -3  0 -2 -1 -3 -4  1  4  2 -5 -2 -1    8   4   5   4   0   2   6   5   0   5   3   3   0   0   7  31  11   0   2   5  0.32 0.33
  355 L   -1 -1  0 -1  0 -1 -1  1 -1  0  2 -1  1 -1  0  0  0  1 -1  0    4   3   4   3   2   2   3  11   1   7  22   3   4   2   5   8   4   2   2   6  0.05 0.10
  356 Q    1  0  0 -1 -4  3  1 -2 -1  0 -2  1 -3 -3  1  0  2 -4  0 -1   10   6   4   3   0  13   7   2   1   8   2   9   0   0   7   6  14   0   4   3  0.19 0.24
  357 M    0 -1  1  0 -3  0 -1 -2  0 -1  0  0  3  1  1  0  1 -3 -1  0    9   3   8   6   0   3   3   2   2   3   6   7  11   6   8   7   8   0   1   6  0.09 0.16
  358 P    1 -2  1 -1 -4  0 -1  0 -3 -2 -2  0  0 -2  5  0 -1 -4 -4 -1   15   2   6   3   0   4   4   7   0   2   4   4   2   2  27   8   3   0   0   5  0.40 0.31
  359 E    0  0  1  0 -2  1  0  0  1  0 -1  0 -1  0  1  0  0 -3 -1  0    6   6   6   6   0   6   6   6   6   6   6   6   0   6   6   6   6   0   0   6  0.05 0.06
  360 S    0  0  1  0  1  1  0  0  1 -1 -1  1  0 -1  1  1  0 -3  0 -1    7   3   7   6   3   6   5   6   3   3   4   8   3   3   5  10   7   0   3   5  0.06 0.07
  361 E    0 -1 -1  2 -3  1  2 -1  0 -1 -2  0  1 -2  2  0  0 -4 -3  0    8   3   2  12   0   8  15   5   2   3   3   4   5   2   9   6   6   0   0   6  0.17 0.18
  362 G    2 -3  1 -1  0  0  0  2  0 -1 -2 -1 -3 -1 -1  1  1  0  0  0   20   0   6   3   2   5   5  14   2   3   2   2   0   3   3   8  11   2   3   6  0.16 0.19
  363 P    0 -1  0 -3  0  0 -1  0 -1 -3 -3 -1 -4 -3  5  1  0  0 -2 -4    7   3   5   1   2   4   3   7   2   1   3   4   0   1  34  10   7   2   2   0  0.63 0.45
  364 S    1  0 -1 -1 -1  1  0 -1 -1 -2 -3 -1  0 -1  0  3  0  2 -1  0   11   4   3   2   1   5   7   4   1   2   2   3   2   2   5  27   6   3   2   7  0.23 0.27
  365 S    1 -2  0 -1  0  0 -1 -1 -2 -2 -3 -1 -1 -3  3  3  1 -5 -2 -1   10   2   3   3   2   4   4   3   1   2   2   3   2   1  17  28   8   0   1   4  0.39 0.35
  366 L   -1 -2 -1 -3 -2  1  1 -2 -3 -1  2 -1  0 -1  2  0  1 -1 -3  1    5   2   3   0   1   6  10   3   0   3  23   4   1   3  10   7   9   1   0  10  0.17 0.21
  367 D    0 -1  1  3 -4  1  1 -1 -3  0 -2 -1 -3 -4  1  0  1 -4 -2 -2    9   3   7  19   0   8   9   5   0   6   3   4   0   0   8   8   9   0   1   3  0.25 0.24
  368 P    1 -4 -1 -2 -5 -2 -2 -1  0 -2 -4  0 -4 -5  6  0 -1 -5 -5 -1   12   0   3   2   0   2   3   6   2   2   2   7   0   0  43   7   5   0   0   5  0.90 0.55
  369 S    1 -2 -1 -2 -2 -1 -2  0 -4 -2 -3  0 -1 -2  4  2  2 -5 -2 -1    9   1   3   1   1   2   2   7   0   2   1   6   1   2  21  18  14   0   1   5  0.41 0.35
  370 Q    1 -1  0 -3  0  5 -1 -2 -2 -2 -2  0 -2 -4  3  0  0 -5 -1 -2   13   2   4   1   2  27   3   3   1   2   5   5   1   0  14   7   4   0   2   3  0.46 0.40
  371 E    0 -2 -1  0 -4  2  3 -2 -2 -3 -2 -2  1 -4  3  2 -1 -4 -2 -2    8   2   3   5   0  11  21   3   1   1   3   0   3   0  18  14   3   0   1   2  0.45 0.37
  372 G    2 -2 -1 -2 -3  1  0  4 -2 -2 -2 -1 -1 -3  1  0  0 -4 -2 -1   15   2   2   2   0   6   6  29   1   3   3   4   1   1   8   5   5   0   1   5  0.32 0.26
  373 P    0 -2  0  0 -3  2  0 -1  1 -1 -1  0  1 -4  4  1 -1 -4 -3 -1    6   0   4   4   0  11   6   4   3   4   6   4   4   0  26  11   3   0   0   4  0.38 0.28
  374 T    0  0  0  0 -3  0  0  0  1 -1 -1  1  0 -3  0  0  3 -3 -2  0    9   3   5   3   0   4   5   5   3   4   5  10   3   0   4   6  24   0   0   6  0.14 0.18
  375 G    0 -1  1  0 -3  1  0  2  0 -2 -3  0  0 -2  2  1  0 -4 -3 -1    5   3   7   3   0   8   7  20   2   3   1   3   2   2  13  12   5   0   0   4  0.24 0.22
  376 L    0 -1 -1 -2 -1  0  0 -2 -2  0  1  0  0  0  3  1  1 -3  0  0    6   3   2   0   1   3   8   2   0   4  14   4   2   5  15  11   9   0   3   8  0.14 0.16
  377 K    0  1 -1  0 -3  1  0 -2  1 -2 -2  1 -1 -2  2  2  0 -3 -1 -1    9   9   2   4   0   6   5   2   4   2   4   9   2   2  10  21   3   0   2   4  0.18 0.20
  378 E    0 -1  1  0  1  1  3  0  0 -2 -2  0 -3 -4  1  1 -1 -4 -3 -1    6   2   7   4   4   6  26   6   2   2   2   5   0   0   8  10   4   0   0   6  0.27 0.26
  379 A    2 -1 -1  0 -3  3  1 -1  0 -1 -3  1 -1 -3  1  1  0 -3  1  0   17   2   1   5   0  15   7   3   3   3   0   8   2   0   7   9   5   0   5   7  0.18 0.22
  380 A    2  0  1 -1 -3 -1 -2 -1 -1 -1 -1  0 -1  1  3  1  0 -3 -2  0   21   5   8   2   0   2   0   3   2   3   4   5   2   7  16  11   5   0   0   5  0.23 0.24
  381 L    1 -3  0 -2 -3  0  0 -2 -3  2  1 -2  1 -3  3  0  0 -4 -3  0   13   0   6   1   0   5   6   3   0  14  14   1   4   0  14   7   6   0   0   7  0.20 0.20
  382 Y    1  0 -1 -1 -4  1  0 -1  0 -2 -2  1  0  0  0 -2 -2  1  5 -2   11   4   3   3   0   7   5   4   2   1   3  12   3   3   5   2   2   1  27   2  0.37 0.32
  383 P   -1 -1  0 -2 -4 -1  0 -4 -4 -4 -2  0 -1 -3  7  0 -3 -4 -1 -4    6   3   4   2   0   2   7   1   0   1   3   6   1   1  52   6   1   0   2   1  1.14 0.58
  384 H   -1  0  1  0 -3  0  0 -1  4  0 -1  0 -1  0  1  2  0 -3 -2 -1    4   4   8   4   0   5   6   3  14   6   4   5   1   4   7  16   5   0   0   3  0.19 0.19
  385 L    0  0  0  0 -2  0  0  0  0  0  1  0  0 -1 -1  0  0 -2 -1  1    8   5   5   4   0   5   4   6   2   4  21   6   2   2   3   5   5   0   2  10  0.03 0.07
  386 P   -3 -1  0 -1  0  0 -1  0 -3  1 -2 -3 -3  1  5  0  0 -4 -1  0    0   3   4   3   3   5   4   9   0  11   3   0   0   6  28   6   6   0   2   8  0.41 0.32
  387 P    0  0  0  0 -2  1  0  0  1  0 -1  0 -1  0  1  0  0 -2  1  0    6   6   6   6   0   6   6   6   6   6   6   6   0   6   6   6   6   0   6   6  0.04 0.06
  388 E   -1 -3  0  0 -5  1  4 -2  6 -2 -4  0 -4 -4  1  1 -3 -5 -3 -2    4   0   4   6   0   5  26   3  22   3   1   7   0   0   6   9   0   0   0   3  0.65 0.43
  389 A    0  0  0  0 -3  1  0  0  1  0 -1  0  1  0  0  0  0  3 -1  0    6   6   5   6   0   5   6   6   5   6   6   6   5   5   6   6   6   5   0   6  0.06 0.09
  390 D   -1  1  3  4 -4  0  0 -1 -3 -1 -2  0 -3 -4 -4 -1  0 -4  1  0    4   7  14  26   0   4   6   4   0   4   4   5   0   0   0   4   7   0   5   6  0.35 0.28
  391 P    0  1 -3 -2  0  0  0 -4 -3 -4 -2  0 -3 -4  6  1 -1 -5 -4 -2    6   7   0   2   2   5   6   0   0   0   5   6   0   0  42  11   2   0   0   3  0.84 0.42
  392 R   -2  3 -1 -2 -1  2  1 -2  4 -2 -3  3 -3 -1 -2  1 -1  0 -2 -2    0  20   2   0   1   8   8   3  11   3   2  18   0   3   2  14   2   1   0   2  0.40 0.31
  393 L   -1 -4 -4 -4 -3 -3 -4 -4  0  4  2 -2 -1  0  0 -3 -1 -3  1  2    5   0   0   0   0   0   0   0   3  35  21   3   0   4   4   0   3   0   6  13  0.52 0.32
  394 I    2 -1  3  1 -3  2  1 -3  0  1 -1 -1  0 -1 -3 -1 -1  2 -2 -1   18   1  16   7   0  14   8   0   2  11   4   2   2   3   0   3   1   3   0   2  0.23 0.23
  395 E    0  0  1  0 -4  2  4 -2  2 -3 -2  0 -3 -4  1  0  0 -4 -3 -1    8   4   7   3   0  11  31   3   6   0   3   4   0   0   6   4   5   0   0   4  0.37 0.26
  396 S    5 -4 -3 -3  4 -3 -1 -2 -4 -3 -2 -3 -3 -4 -1  3 -1 -4 -4 -1   47   0   0   0   8   0   3   2   0   0   4   0   0   0   3  23   3   0   0   4  0.75 0.46
  397 L   -1 -1 -4 -4 -3 -4 -4 -2 -4  3  4 -4  1 -2 -4 -3 -2 -4 -3  3    5   3   0   0   0   0   0   3   0  20  41   0   2   0   0   0   0   0   0  23  0.67 0.34
  398 S    0  0  2  1 -3  1  1 -3  3  0 -3  1 -1 -3 -3  2 -1 -4 -2  0    7   3  10   7   0   5  12   0  11   8   0   8   1   0   0  18   2   0   0   6  0.25 0.22
  399 Q    2  0  1 -3 -4  6 -1 -3  0 -1 -1  0 -3 -4 -3 -1  1 -4 -3 -2   19   3   6   0   0  41   1   0   2   3   5   5   0   0   0   2  11   0   0   1  0.66 0.43
  400 M   -4 -4 -5 -5 -4 -3 -1 -5 -4 -2  2 -4  9 -3 -5 -4 -4 -4 -4 -2    0   0   0   0   0   0   4   0   0   0  19   0  72   0   0   0   0   0   0   0  2.09 0.76
  401 L   -2 -2 -3 -3 -3  0  0 -2 -3  1  3 -1  6 -1 -4 -3 -1 -3 -3  1    2   2   0   0   0   5   8   3   0   8  30   3  26   1   0   0   2   0   0  10  0.52 0.31
  402 S    3 -1  0 -2 -3  1  0  0 -2 -3 -2  0 -1 -4 -2  3  0 -4 -3 -2   30   2   4   0   0   7   5   4   0   0   3   6   1   0   0  30   4   0   0   2  0.41 0.28
  403 M   -2 -4 -4 -5 -4 -3 -4 -5 -4 -2  0 -4 10 -3 -5  0 -3 -4 -4 -2    3   0   0   0   0   0   0   0   0   0   3   0  82   0   0   7   0   0   0   0  2.31 0.71
  404 G   -2 -4 -3 -4 -4 -4 -4  7 -4 -5 -5 -4 -5 -5 -4  0 -4 -5 -5 -5    0   0   0   0   0   0   0  88   0   0   1   0   0   0   0   7   0   0   0   0  1.88 0.54
  405 F   -4 -5 -5 -5 -5 -5 -5 -5 -4 -1 -1 -5 -3  9 -5 -5 -4 -2  1 -3    0   0   0   0   0   0   0   0   0   3   3   0   0  87   0   0   0   0   2   0  2.25 0.62
  406 S   -1 -2  2  2 -2 -1  1 -1 -2 -3 -4  0 -3 -4 -3  4  2 -4 -3 -1    0   1   8  10   0   1  11   3   1   0   0   5   0   0   0  39  16   0   0   4  0.49 0.27
  407 D   -2 -3  6  5 -5 -2  0 -3 -2 -5 -5 -3 -5 -5 -4 -1 -3 -6 -5 -5    3   0  54  35   0   0   3   0   0   0   0   0   0   0   0   3   0   0   0   0  1.46 0.48
  408 E   -3  0  0  2  1  1  5 -4  2 -4 -4  0 -3  0 -3 -2 -2 -4 -3 -4    0   5   4  12   4   5  52   0   6   0   0   3   0   5   0   0   1   0   0   0  0.80 0.33
  409 G    0 -3  2  1 -4 -1 -2  5 -3 -5 -5 -3 -4 -4 -3  1 -2 -4 -4 -4    6   0  10  10   0   3   0  58   0   0   1   0   0   0   0  10   0   0   0   0  0.96 0.33
  410 G    0 -1 -1 -2 -4 -3 -1  6 -4 -3 -5 -3 -4 -5 -4  0 -3 -5 -5 -5    8   5   2   1   0   0   3  75   0   2   0   0   0   0   0   5   0   0   0   0  1.34 0.43
  411 W   -4 -3 -5 -3  0 -1 -4 -5 -2  0 -1 -1  2  0 -5 -4 -4 11 -1 -4    0   1   0   1   2   3   0   0   1   6   6   5   7   4   0   0   0  62   0   0  2.26 0.56
  412 L   -3 -1 -5 -5 -3 -4 -2 -5 -4 -1  5 -4  2  1 -5 -4 -3 -3 -3 -1    0   3   0   0   0   0   4   0   0   0  80   0   5   7   0   0   0   0   0   0  1.10 0.40
  413 T    1  0 -2 -3 -3 -2 -2 -3 -3 -1 -2 -1 -2 -4 -1  2  5 -4 -2 -2   12   6   0   0   0   1   1   0   0   3   2   4   0   0   2  12  54   0   1   1  0.70 0.33
  414 R   -2  4  1 -1 -1  4  1 -3  3 -3 -3  2 -2 -3 -3 -1 -2 -3  0 -1    0  24   5   2   2  24   6   1   8   0   1  13   0   0   0   4   0   0   3   4  0.50 0.23
  415 L   -4 -4 -6 -6 -4 -4 -5 -6 -5  1  6 -5  3 -2 -5 -5 -3 -4 -3 -1    0   0   0   0   0   0   0   0   0   4  87   0   8   0   0   0   0   0   0   1  1.42 0.46
  416 L   -1 -4 -5 -5 -3 -4 -4 -5 -5  1  5 -2  0 -2 -5 -4 -3 -4 -3  1    5   0   0   0   0   0   0   0   0   7  78   3   1   0   0   0   0   0   0   6  1.02 0.35
  417 Q   -1 -1 -1  2 -2  3  3 -2  2  1 -3  0 -2 -4 -3 -1 -1 -4 -3  0    4   0   1  11   1  19  27   1   6  11   0   5   0   0   0   2   2   0   0   8  0.38 0.21
  418 T    2 -1  0  0 -2 -1  0 -2 -2 -2 -3  0 -2 -4  1  3  3 -4 -3 -1   22   3   4   4   0   2   6   1   0   1   1   3   0   0   5  24  22   0   0   2  0.35 0.19
  419 K   -3  1 -1 -3 -2  0  0 -4  1 -3 -1  5  2 -3 -3 -2 -1 -4  0  0    0   4   1   0   1   3   4   0   3   0   7  58   6   0   0   0   2   0   4   7  0.68 0.31
  420 N   -3  0  6  4 -5  0  0  0 -2 -5 -5  2 -3 -5 -3 -1 -2 -5 -4 -5    0   3  43  23   0   4   5   6   0   0   0  13   1   0   0   3   0   0   0   0  0.87 0.31
  421 Y   -2 -4 -3 -4  3 -4 -4  6 -3 -4 -5 -4 -4  0 -5 -3 -4 -3  5 -4    0   0   0   0   7   0   0  68   0   1   0   0   0   4   0   0   0   0  21   0  1.43 0.42
  422 D   -4 -3  6  6 -6 -2 -1 -3  0 -6 -6 -3 -5 -6 -4 -2 -3 -6 -5 -5    0   0  39  57   0   0   1   0   2   0   0   0   0   0   0   1   0   0   0   0  1.64 0.47
  423 I   -3 -5 -5 -5 -3 -5 -5 -6 -5  7  1 -5 -1 -2 -5 -4 -2 -5 -4  2    0   0   0   0   0   0   0   0   0  80  12   0   0   0   0   0   2   0   0   7  1.47 0.44
  424 G    0 -1  1  1 -2  0  0  3 -2 -2 -3 -2 -3 -4  1  2 -1 -4 -3 -1    5   3   8   9   0   3   5  27   0   2   0   0   0   0   7  22   2   0   0   5  0.34 0.17
  425 A    4  2 -1 -2 -3  2  1 -2 -3 -3 -3  3  0 -4 -3 -1 -2 -4 -3 -2   48   9   1   0   0   8   9   0   0   0   1  19   2   0   0   1   0   0   0   0  0.58 0.28
  426 A    4 -4 -4 -4 -2 -3 -3 -3 -4  1 -2 -3  0 -3 -3 -1  0 -5 -3  4   50   0   0   0   0   0   0   0   0   6   0   0   3   0   0   2   4   0   0  36  0.78 0.33
  427 L   -3 -4 -5 -6 -3 -4 -5 -6 -5  2  5 -5  0  0 -5 -4 -3 -4 -3  0    0   0   0   0   0   0   0   0   0  11  82   0   1   2   0   0   0   0   0   5  1.22 0.39
  428 D   -4 -4  0  7 -6 -2  2 -4 -3 -6 -6 -1 -5 -6 -4 -3 -3 -6 -5 -5    0   0   3  80   0   0  14   0   0   0   0   3   0   0   0   0   0   0   0   0  1.80 0.47
  429 T    2 -2 -2  0 -2 -2 -2 -3  1  1  1 -1  0  0 -3  0  1 -3 -2  1   21   1   0   6   0   0   0   0   6  10  18   2   2   5   0   4  12   0   0  14  0.15 0.12
  430 I   -3 -4 -5 -5 -3 -4 -5 -5 -5  5  4 -4  5 -2 -5 -4 -3 -4 -3  0    0   0   0   0   0   0   0   0   0  44  37   0  19   0   0   0   0   0   0   0  1.08 0.34
  431 Q   -2 -1  0 -2 -4  6  0 -3  4 -4 -3  1 -2 -4 -3  1  1 -4 -1 -4    2   1   3   0   0  49   1   0  10   0   2   9   0   0   0  14   8   0   2   0  0.79 0.30
  432 Y    0 -2 -2 -4 -4 -1 -3 -2 -1 -2 -3 -3 -2  0  6 -1 -1 -2  5 -1    6   2   1   0   0   3   0   3   1   2   0   0   1   3  40   3   2   0  30   4  0.97 0.29
  433 S    2 -1  0 -2 -2 -2 -2  0  1  0 -1 -2 -2 -3 -2  3  1 -4 -2  0   21   3   5   0   0   0   1   4   4   7   4   0   0   0   0  36   7   0   0   9  0.28 0.16
  434 K   -1  2  1 -2 -4  3  0 -2  0 -4 -4  5 -3 -4  1 -1 -2 -4 -3 -4    2  12   6   0   0  17   2   1   2   0   0  47   0   0   7   2   0   0   0   0  0.71 0.25
  435 H   -2  2  2 -2 -4  3 -1 -2  6 -3 -4  3 -2 -4 -1  0 -2 -4 -2 -3    1  13  12   0   0  17   0   1  24   2   0  22   0   0   2   5   1   0   0   0  0.59 0.20
  436 P   -1 -3  0 -2 -4 -2 -2 -2 -3 -2 -3 -1 -3 -4  7  0  0 -5 -4 -3    1   0   6   0   0   0   0   1   0   2   1   4   0   0  77   5   4   0   0   0  1.66 0.19
  437 P   -1  0 -2 -2 -3  1 -1 -2 -1 -2 -3  1 -2 -4  6  0  0 -4 -3 -1    3   4   0   0   0   7   0   1   2   0   0   9   0   0  57   6   4   0   0   6  1.03 0.12
  438 P   -1 -2 -1 -2 -3 -1 -1 -3  4 -3 -3 -1 -3 -3  7 -1 -2 -4 -2 -3    0   0   2   0   0   0   0   0  21   0   1   0   0   0  75   2   0   0   0   0  1.59 0.10
  439 L   -2 -2 -4 -4 -1 -2 -3 -4 -3  2  4 -3  2  0 -3 -3 -1 -2 -1  1    0   0   0   0   0   0   0   0   0   0  97   0   1   0   0   0   0   0   0   2  0.47 0.01

                      K         Lambda
Standard Ungapped    0.1324     0.3130
Standard Gapped      0.0363     0.2670
PSI Ungapped         0.1184     0.3053
PSI Gapped           0.0363     0.2670
