
Last position-specific scoring matrix computed, weighted observed percentages rounded down, information per position, and relative weight of gapless real matches to pseudocounts
           A  R  N  D  C  Q  E  G  H  I  L  K  M  F  P  S  T  W  Y  V   A   R   N   D   C   Q   E   G   H   I   L   K   M   F   P   S   T   W   Y   V
    1 M   -1 -1 -2 -3 -1  0 -2 -3 -2  1  2 -1  5  0 -2 -1 -1 -1 -1  1    0   0   0   0   0   0   0   0   0   0   0   0   0   0   0   0   0   0   0   0  0.00     0.00
    2 S    1 -1  1  0 -1  0  0  0 -1 -2 -2  0 -1 -2 -1  4  1 -3 -2 -2    0   0   0   0   0   0   0   0   0   0   0   0   0   0   0   0   0   0   0   0  0.00     0.00
    3 A    4 -1 -2 -2  0 -1 -1  0 -2 -1 -1 -1 -1 -2 -1  1  0 -2 -2  0    0   0   0   0   0   0   0   0   0   0   0   0   0   0   0   0   0   0   0   0  0.00     0.00
    4 S    1 -1  1  0 -1  0  0  0 -1 -2 -2  0 -1 -2 -1  4  1 -3 -2 -2    0   0   0   0   0   0   0   0   0   0   0   0   0   0   0   0   0   0   0   0  0.00     0.00
    5 A    4 -1 -2 -2  0 -1 -1  0 -2 -1 -1 -1 -1 -2 -1  1  0 -2 -2  0    0   0   0   0   0   0   0   0   0   0   0   0   0   0   0   0   0   0   0   0  0.00     0.00
    6 I   -1 -3 -3 -3 -1 -3 -3 -4 -3  4  2 -3  1  0 -3 -2 -1 -3 -1  3    0   0   0   0   0   0   0   0   0   0   0   0   0   0   0   0   0   0   0   0  0.00     0.00
    7 Y   -2 -2 -2 -3 -2 -1 -2 -3  2 -1 -1 -2 -1  3 -3 -2 -2  2  7 -1    0   0   0   0   0   0   0   0   0   0   0   0   0   0   0   0   0   0   0   0  0.00     0.00
    8 R   -1  5  0 -2 -3  1  0 -2  0 -3 -2  2 -1 -3 -2 -1 -1 -3 -2 -2    0   0   0   0   0   0   0   0   0   0   0   0   0   0   0   0   0   0   0   0  0.00     0.00
    9 P   -1 -2 -2 -1 -3 -1 -1 -2 -2 -3 -3 -1 -2 -4  7 -1 -1 -4 -3 -2    0   0   0   0   0   0   0   0   0   0   0   0   0   0   0   0   0   0   0   0  0.00     0.00
   10 F   -2 -3 -3 -4 -3 -3 -3 -3 -1  0  0 -3  0  7 -4 -3 -2  1  3 -1    0   0   0   0   0   0   0   0   0   0   0   0   0 100   0   0   0   0   0   0  0.74 0.00
   11 P    1 -1  0 -1 -2 -1 -1 -1 -1 -3 -3 -1 -2 -3  5  3  1 -3 -2 -2    0   0   0   0   0   0   0   0   0   0   0   0   0   0  40  60   0   0   0   0  0.75 0.00
   12 K   -1  0 -2 -3 -2 -1 -2 -3 -2  1  3  1  2  0 -2 -2 -1 -2 -1  0    0   0   0   0   0   0   0   0   0   0  74  26   0   0   0   0   0   0   0   0  0.25 0.01
   13 V   -1 -2 -3 -4 -2 -2 -3 -3 -2  1  1 -2  4  4 -3 -2 -1 -1  1  2    0   0   0   0   0   0   0   0   0   0   0   0  37  37   0   0   0   0   0  26  0.29 0.01
   14 K   -1  4  0 -1 -2  1  0 -2 -1 -2 -2  3 -1 -3 -2  0  3 -3 -2 -1    0  37   0   0   0   0   0   0   0   0   0  26   0   0   0   0  37   0   0   0  0.36 0.01
   15 H   -1 -2 -2 -3 -2 -2 -2 -3  4  3  1 -2  0 -1 -3 -2 -1 -3  0  3    0   0   0   0   0   0   0   0  26  37   0   0   0   0   0   0   0   0   0  37  0.24 0.01
   16 F   -2 -3 -4 -4 -2 -3 -3 -4 -2  1  3 -3  1  5 -4 -3 -2  0  1  0    0   0   0   0   0   0   0   0   0   0  54   0   0  46   0   0   0   0   0   0  0.46 0.02
   17 C   -1 -3 -3 -4  9 -3 -4 -3 -3  0  1 -3  0 -2 -3 -1 -1 -2 -2  0    0   0   0   0  74   0   0   0   0   0  26   0   0   0   0   0   0   0   0   0  0.91 0.04
   18 I   -1  2 -1 -2 -2 -1 -1 -2 -2  1 -1  0 -1 -2 -2  1  4 -3 -2  0    0  20   0   0   0   0   0   0   0  12   0   0   0   0   0   0  68   0   0   0  0.37 0.05
   19 F   -1 -2 -2 -3 -2 -2 -2 -3 -2 -1  0 -2  3  5 -3  1  1  0  1 -1    0   0   0   0   0   0   0   0   0   0   0   0  16  53   0  15  16   0   0   0  0.38 0.06
   20 P   -1 -2 -2 -2 -3 -2 -2 -2 -3 -2  0 -1 -2 -3  7  1 -1 -4 -3 -2    0   0   0   0   0   0   0   0   0   0  13   0   0   0  66  21   0   0   0   0  1.24 0.10
   21 I   -1 -1  1 -1 -2  3  0  0 -1  0  1 -1  0 -2  2  0 -1 -3 -2 -1    0   0  12   0   0  29   0   9   0   8  19   0   0   0  12  11   0   0   0   0  0.19 0.05
   22 A    1  3 -1 -2 -2  1 -1  0  2 -2 -1  1 -1 -2 -2  1  1 -3 -1 -2   21  23   0   0   0   7   0   7   9   0   7   7   0   0   0   7   9   0   0   0  0.18 0.05
   23 M   -1 -2 -2 -3 -2 -1 -2 -1  2  1  1  0  6  1 -3  0  0 -2 -1  0    0   0   0   0   0   0   0   6   7  11   6   6  43   5   0   8   5   0   0   0  0.30 0.13
   24 A    2 -1  1  2 -2  1  1  0 -1 -3 -3 -1 -2 -3 -2  3  0 -3 -3 -2   21   0   5  17   0   9   5   5   0   0   0   0   0   0   0  34   0   0   0   0  0.35 0.11
   25 G    1  0 -1 -2 -2 -2 -2  4 -2 -1 -2 -1 -2 -3  0  1  0 -3 -3  0   10   7   0   0   0   0   0  45   0   5   0   0   0   0   5  10   7   0   0  10  0.39 0.10
   26 S   -1  2  2  2 -3  0  1 -2  2 -1 -1  1 -2 -1 -2  2 -1 -3 -2 -2    0  12  12  13   0   0   8   0   6   6   5  10   0   3   0  24   0   0   0   0  0.22 0.09
   27 N   -1 -1  6  0 -4 -1 -1 -2 -1 -4 -4  2 -3 -3 -3  1  0 -4  0 -3    6   0  65   0   0   0   0   0   0   0   0  13   0   0   0   6   4   0   4   0  0.86 0.24
   28 L   -2 -3 -3 -2 -2  0 -3 -4  0  4  2 -3  1  1 -3 -2 -1 -2  1  2    0   0   0   3   0   6   0   0   2  34  22   0   3   6   0   0   4   0   5  14  0.30 0.13
   29 L   -1 -2  1 -2 -2 -2 -1 -3 -2  2  2 -2  2  1 -3  0  0 -2 -1  1    1   0  11   0   0   0   3   1   0  19  27   0   9   7   0   7   3   0   0   9  0.19 0.10
   30 I   -1 -1 -1 -1 -2 -2 -1  1 -3  3  1 -1  0 -2 -3 -1  1 -3 -2  1    4   3   2   3   0   0   3  15   0  33  11   5   0   0   0   3   8   0   0  11  0.16 0.11
   31 H    0  0  3  0 -3  2 -1 -2  5 -4 -4  0 -3 -4  3  1 -1 -4 -2 -3   10   3  21   2   0  13   0   0  17   0   0   5   0   0  14  14   2   0   0   0  0.48 0.19
   32 L   -1 -2 -1 -2 -3  0  1 -3 -3  2  3  0  2  1 -3 -1 -2 -3 -2  0    3   0   4   0   0   3  11   0   0  19  36   6   4   5   0   5   0   0   0   2  0.22 0.13
   33 D   -2  2  3  3 -4  1  3 -3  0 -4 -4  1 -3 -4 -3  0  0 -4 -3 -4    0  14  17  22   0   4  24   0   2   0   0   7   0   0   0   4   5   0   0   0  0.56 0.20
   34 T   -1 -2  3 -1 -3 -1  0 -3 -2  1 -1 -1 -2 -3 -3  2  3 -4 -3  1    0   0  21   2   0   1   5   0   0   7   3   1   0   0   0  22  21   0   0  16  0.36 0.21
   35 I   -3 -4 -5 -5 -3 -4 -5 -5 -4  5  3 -4  5 -1 -4 -4 -2 -4 -3  0    0   0   0   0   0   0   0   0   0  47  29   0  18   1   0   0   2   0   0   0  0.95 0.34
   36 D   -3 -1  6  4 -4  0 -1 -3  3 -4 -5 -2 -4 -4 -3  1  1 -5 -3 -4    0   2  40  24   0   3   0   0   9   0   0   0   0   0   0  10  10   0   0   0  0.87 0.33
   37 Q   -1 -1 -1 -3 -3  1 -2 -3  2  2  1  0  0  2 -3 -1 -1 -3 -1  1    5   1   2   0   0  11   0   0   8  18  18   9   0   9   0   3   3   0   0  13  0.18 0.15
   38 N   -3 -2  4  5 -5  1  3 -3 -2 -4 -2  1 -4 -4 -3 -1 -2 -5 -2 -4    0   0  22  31   0   6  25   0   0   0   4   7   0   0   0   2   0   0   2   0  0.79 0.31
   39 D   -2 -3  1  4 -3  0 -2 -4 -3  3 -1 -3  3 -3 -4 -1 -2 -5 -3  2    2   0   6  32   0   5   0   0   0  20   3   0  10   0   0   4   0   0   0  17  0.51 0.27
   40 L   -4 -4 -6 -6 -4 -1 -5 -6 -6  2  6 -5  1 -3 -6 -5 -4 -5 -4  1    0   0   0   0   0   3   0   0   0   9  77   0   2   0   0   0   0   0   0   8  1.33 0.51
   41 I   -3  0 -2 -2 -2  0  0 -4  0 -1  2  0  2  0  0  0 -2  2  4 -2    0   6   2   1   1   5   7   0   2   3  28   4   5   2   5   7   1   2  18   0  0.29 0.22
   42 Y   -1 -1  2  1 -4  1  1 -2  0 -1  0  2 -1  2 -3 -1 -2 -2  4 -1    6   1  10   6   0   8  10   3   1   2   9  13   1   9   0   2   0   0  16   4  0.20 0.18
   43 V   -3 -6 -6 -6 -4 -5 -2 -7 -6  7  0 -6 -1 -3 -6 -5 -3 -6 -4  3    2   0   0   0   0   0   3   0   0  73   4   0   1   0   0   0   1   0   0  17  1.60 0.57
   44 E   -1 -3 -2  3 -6  1  5  3 -3 -5 -6 -2 -5 -4 -4  0 -3 -6 -5 -5    3   1   0  19   0   5  44  19   0   0   0   0   0   1   0   7   0   0   0   0  0.95 0.44
   45 R   -2  3  3  2 -6  1  5 -3 -3 -5 -5  2 -4 -6 -4  0 -2 -5 -4 -5    1  14  13  10   0   6  37   0   0   0   0  12   0   0   0   5   1   0   0   0  0.80 0.37
   46 D   -2 -3  3  6 -6  3  3 -4 -3 -6 -4 -3 -5 -6 -4 -1 -3 -6 -5 -5    3   0  13  44   0  15  20   0   0   0   1   0   0   0   0   3   0   0   0   0  1.16 0.48
   47 M   -5 -5 -7 -7 -4 -5 -6 -7 -6  1  6 -6  2 -2 -6 -5 -4 -5 -4 -1    0   0   0   0   0   0   0   0   0   6  87   0   4   1   0   1   0   0   0   1  1.64 0.59
   48 N   -3 -3  2  6  2 -3  0  1  0 -4 -5 -1 -4 -5 -4  1 -2 -6 -5  0    1   0   9  44   4   0   5  12   2   0   0   4   0   0   0   9   2   0   0   8  0.75 0.36
   49 F    0 -3 -1 -2 -3 -2  0 -1 -3  2 -1 -3 -1  4  1  2  0 -3  1 -1    8   1   2   1   0   1   5   3   0  13   4   0   1  20   6  23   3   0   5   2  0.26 0.22
   50 A    1 -3 -1  5 -5  0  3 -3 -1 -5 -5 -2 -4 -2 -1 -1 -3 -4  4 -3   14   1   2  32   0   3  21   1   1   0   0   1   0   1   3   4   1   0  15   1  0.68 0.36
   51 Q   -4 -3 -3  5 -7  3  6 -5 -3 -6 -6  1 -5 -7 -4 -3 -4 -6 -5 -6    0   0   0  33   0  10  51   0   0   0   0   6   0   0   0   0   0   0   0   0  1.48 0.58
   52 K   -3 -2 -4 -4 -4 -2 -3 -5 -4  1  3  4  1 -3 -1 -3 -1 -5 -4  3    0   0   0   0   0   1   0   0   0   6  36  29   3   0   3   1   3   0   0  19  0.63 0.35
   53 V    4 -4 -4 -4 -3 -3  1 -4 -4  3 -2 -4  0 -4 -4 -2 -2 -5 -4  4   38   0   0   0   0   0  12   0   0  19   1   0   2   0   0   1   0   0   0  28  0.73 0.39
   54 G    3 -2 -3 -4 -4 -2 -3  0 -4 -5 -5 -3 -2 -5 -4  6 -2 -6 -5 -4   25   2   0   0   0   1   0   7   0   0   0   0   1   0   0  64   0   0   0   0  1.23 0.56
   55 L   -4 -2 -6 -6 -1 -5 -6 -6 -6  3  6 -5  1 -3 -6 -5 -4 -5 -4  0    0   3   0   0   1   0   0   0   0  13  76   0   2   0   0   0   0   0   0   5  1.32 0.50
   56 C   -1 -2 -3 -4  1 -2 -3 -1 -4  0  2  5 -2 -3 -4 -1 -3 -5 -4  1    4   0   0   0   3   0   0   4   0   5  21  46   0   1   0   4   0   0   0  11  0.62 0.37
   57 F   -6 -7 -7 -8 -6 -7 -7 -7 -5 -4 -2 -7 -4  9 -8 -6 -6 -3  0 -5    0   0   0   0   0   0   0   0   0   0   3   0   0  96   0   0   0   0   1   0  2.98 0.87
   58 L   -5 -6 -7 -7 -5 -6 -6 -7 -6 -2  7 -6  1 -1 -6 -6 -5 -5 -4 -3    0   0   0   0   0   0   0   0   0   0  96   0   2   2   0   0   0   0   0   0  1.92 0.67
   59 L   -2 -3 -3 -3  6 -1 -3 -3 -3  2  3 -3  3 -2 -3  1 -2 -3 -3 -1    1   1   1   1  19   3   1   1   0  10  35   1   8   1   1  14   1   0   0   3  0.59 0.27
   60 Y   -2 -3 -3 -2 -3 -3 -3 -3 -2  2  2 -3  0  2 -3 -1  1 -1  5  0    2   1   1   2   0   1   1   2   0  13  19   1   1   7   1   3  12   0  28   6  0.47 0.23
   61 G   -1 -2  0  4  0 -1  1  3 -1 -3 -3 -1 -2 -3 -2  0  0 -3 -2 -2    3   1   4  27   2   2   7  27   1   1   2   2   1   1   1   5   6   0   2   3  0.41 0.17
   62 D   -2  0  2  4 -3  0  4 -2  0 -2 -2 -1 -2 -3 -2 -1 -2 -3 -2 -2    2   4   8  25   1   2  34   2   2   3   4   2   1   1   2   2   2   0   1   3  0.55 0.21
   63 D    0 -1  1  3 -2  1  1 -1 -1 -2 -2  0 -2 -2  3  1 -1 -2 -1 -2    8   2   7  20   1   6   9   5   1   2   3   4   1   1  15   9   2   0   2   2  0.29 0.12
   64 H   -2  0 -2 -3  1  0 -2 -3  5  2 -2 -1 -2 -1 -2 -1 -2 -2  4  2    2   4   1   1   3   5   1   1  19  13   2   3   0   1   2   3   1   0  15  20  0.42 0.22
   65 S    1  2 -1 -1 -2  0  0 -1 -2 -2 -2  3 -1 -3  1  2  1 -3 -2 -2   11  13   1   3   0   3   3   3   0   1   2  24   1   1   7  15   8   0   1   2  0.27 0.15
   66 D    0 -1  3  4 -3 -1 -1 -2  2 -3 -2 -1 -3 -3 -2  3  0 -4 -3 -3    5   3  16  25   0   1   1   1   5   1   4   3   0   1   1  25   6   0   0   1  0.48 0.25
   67 A    4 -2 -3 -3 -2 -1 -2  0 -3 -2  0 -2 -1 -3  2  1  0 -3 -2 -1   45   2   1   1   0   2   1   7   0   1  10   2   1   0  10   8   6   0   1   3  0.43 0.25
   68 T    0 -2 -1  1 -3  1  1 -2 -2 -1  1  0 -1  3 -3 -1  1 -2  0  1    8   0   1   9   0   7   9   2   0   0  15   6   0  15   0   4  12   0   2  10  0.13 0.14
   69 Y   -2  0  0  3 -3 -1 -1 -2  2 -3 -2 -1  3  1 -2 -1  0 -2  5 -2    2   4   4  18   0   2   2   2   6   1   3   4   8   5   2   4   6   0  24   3  0.36 0.22
   70 I    0 -3 -3 -1 -1 -2  0 -4 -3  4  2  0 -1 -1 -3 -1 -2 -4 -3  1    9   0   1   4   1   2   6   1   0  33  23   6   0   2   0   3   1   0   0   8  0.33 0.21
   71 L   -3 -4 -5 -5  0 -1 -4 -5 -4  2  3 -4 -1  5  3 -2 -3 -3 -2 -1    1   0   0   0   2   3   0   0   0  11  32   0   0  31  15   3   0   0   0   2  0.81 0.37
   72 Q   -4 -1 -1 -2 -1  7  1 -5  0 -5 -5  0 -2  0 -4 -3 -1  0  1 -5    0   2   2   2   1  60   9   0   2   0   0   5   1   5   0   0   4   1   5   0  1.26 0.56
   73 K   -2  5  0  0 -5 -1 -1 -4  1  1  0  4 -1 -3 -4 -3 -2 -5 -3 -2    2  31   5   6   0   1   2   0   4   8  10  26   1   0   0   0   2   0   0   2  0.54 0.30
   74 L   -4 -1 -5 -5 -4 -4 -5 -6 -5  1  6  1 -1 -1 -5 -5 -4  0 -2 -1    0   4   0   0   0   0   0   0   0   5  73  11   0   1   0   0   0   1   1   3  1.08 0.46
   75 L   -2 -3 -2 -4 -2  3 -1 -4 -3  2  3 -3  4  0 -3 -3  0 -1  0 -1    2   0   2   0   0  18   3   0   0  11  36   0  12   2   1   0   5   1   4   2  0.49 0.29
   76 A    2 -2 -1 -1 -3  2  4 -3 -1  1 -1 -1 -2 -3 -2 -2 -2 -4 -3  2   21   1   3   1   0   9  30   0   1   9   5   1   0   0   1   1   1   0   0  14  0.38 0.26
   77 M    0 -1 -1 -2 -3 -1  1 -2  1 -1  1  2  2  2  0 -1 -1 -3  1 -2   10   0   1   1   0   2  13   2   3   2  16  18   6  11   4   4   2   0   4   0  0.16 0.16
   78 T    1  1 -2  0  1  3  1  0  0  1 -2  0  0 -2 -3  0  0 -3 -2 -1   10   8   0   6   4  15  11   6   2  13   2   2   2   1   0   7   6   0   1   2  0.13 0.14
   79 R   -3  5  0 -2 -5  2 -1 -4  0 -4 -2  3  4 -2 -3 -1 -2 -4  2 -4    0  30   4   1   0   9   2   0   1   0   3  20  12   1   1   5   1   0   9   0  0.63 0.34
   80 S    1 -2 -1  1 -3 -2  0 -2 -1  0  2 -1  0 -2 -3  1  1 -4 -3  1   11   1   3   9   0   0   5   1   1   2  30   3   1   0   0  13   8   0   0  10  0.18 0.17
   81 D    0 -1  2  2 -4  0  2  0  2 -4 -4  2 -2 -5  3  1 -2 -5 -3 -4    6   1  12  10   0   3  14   5   6   0   1  12   1   0  17  11   1   0   0   0  0.43 0.23
   82 F   -1 -1  1  1 -3  0  3 -1  1 -1  1  1 -2 -1 -3 -1  0  2 -2 -2    5   2   6   6   0   3  26   5   3   5  16   7   0   2   0   4   4   3   1   1  0.17 0.15
   83 P    0 -1  1  2 -3 -1  3  1 -1 -1 -2  0  0 -3  1  1  0 -3 -3 -2    9   1   7  11   0   1  21  10   1   4   4   3   3   0   6  10   7   0   0   2  0.20 0.14
   84 Q   -2  1  4  2 -4  1  1 -3  0 -2 -1  0 -2  1 -2 -1 -1 -4 -1 -2    1   6  26  14   0   7  10   1   2   3   7   7   0   7   2   1   3   0   1   3  0.32 0.21
   85 S    1 -1 -1 -2 -3 -2 -3 -3 -3 -2  1 -1  1  3 -1  2  3 -3 -2 -1   11   4   2   2   0   0   0   0   0   0  17   2   3  14   2  20  19   0   0   4  0.28 0.23
   86 D   -2 -2  2  4 -1  1  1 -3  1 -4 -3 -2 -3  3 -4  1 -2  1  3 -4    1   1   9  25   2   8   7   1   3   0   1   0   0  14   0  14   2   2  10   0  0.50 0.29
   87 L    0 -2 -5 -2 -4 -4 -5 -5 -4  3  3 -4  1  4 -5 -4 -2 -3 -2  1    9   2   0   2   0   0   0   0   0  17  35   0   4  23   0   0   1   0   0   6  0.67 0.32
   88 L   -5 -5 -6 -7 -4 -5 -6 -7  0  2  6 -5  0 -1 -6 -5 -4  0 -4 -2    0   0   0   0   0   0   0   0   3   9  83   0   1   2   0   0   0   2   0   0  1.51 0.56
   89 I    1  1 -2 -2 -3  2 -1 -3  2  0 -1  1 -1 -1 -3  0  0 -3  1  0   13   7   0   0   0  11   2   0   6   7   6  12   1   2   0   8   7   0   7   8  0.14 0.14
   90 K   -2 -1  1  3 -3  2  4 -2 -2 -3 -2  2 -2 -3 -2 -1 -2 -3 -2 -2    3   3   5  16   0   9  34   2   0   1   4  12   0   1   1   2   2   0   1   2  0.51 0.23
   91 F   -2 -2  0 -3 -3 -1 -1 -3  0 -1  0  0 -2  3 -3 -1 -2  7  5 -2    2   2   4   1   0   2   3   2   2   3  12   6   1  13   1   5   2  18  19   2  0.60 0.22
   92 A    2 -1 -1 -1  1 -1  0 -1 -2  1  1  0  1 -2 -2 -1 -1 -2 -2  1   27   3   2   2   3   1   6   5   1   8  12   5   3   1   1   2   3   0   1  14  0.12 0.10
   93 K   -1  1  2 -1 -2  1  1 -2 -1 -2  0  3  1 -1 -2  0 -1 -2 -1 -2    4   8  12   2   0   7   7   2   1   2  12  21   4   3   1   6   3   0   2   2  0.16 0.11
   94 S    0  0  1  0 -2  0  0 -1  2  0  0  0  0 -1  0  1  0 -2 -1  0    5   5   7   4   0   3   3   3   7   4  10   8   3   2   4  15   5   0   1  10  0.05 0.05
   95 R   -2  2  3 -1 -2  1  1 -1  3 -1 -1  0 -2 -1 -2  0 -1 -2  0 -1    2  15  18   2   1   6   9   3   8   5   6   5   1   2   1   5   3   0   4   3  0.20 0.12
   96 P   -1  1  0  0 -3 -1  2 -2 -2 -3 -2 -1 -2 -3  6 -1 -2 -3 -1 -2    5   7   4   6   1   2  14   3   1   1   4   3   1   1  36   4   2   0   3   2  0.62 0.21
   97 E   -1  0  0  2 -2  1  3  0 -1 -2 -2  1 -2 -2  1  1  0 -2 -2 -2    3   6   2  13   1   7  23   5   1   2   4   8   1   1   6  10   4   0   1   2  0.24 0.11
   98 T   -2  0  5  0 -2 -1 -1 -1  1 -2 -2  0 -1  1 -2  0  2 -2 -2 -2    2   6  35   3   1   1   3   4   4   2   3   4   2   6   2   5  14   0   1   2  0.40 0.18
   99 W   -2 -1  0 -3 -2 -2 -2 -2 -2 -2 -2 -2  0  0 -2 -2 -2 11  0 -2    3   3   4   2   1   2   2   3   1   2   5   3   2   4   2   3   2  52   2   3  1.69 0.37
  100 R   -2  4  0 -1 -3  2  2 -2 -1 -2  0  2 -2 -3  0 -1 -1 -3 -2 -2    2  26   4   1   1   8  16   2   1   1  10  16   1   1   4   2   2   0   1   2  0.38 0.18
  101 R    0  0  1  1 -2  0  1 -1  2 -1 -1  0  1  0 -2  1  0 -2  1 -1    5   6   7   9   0   1  13   4   7   4   5   5   6   4   1  10   4   0   5   2  0.09 0.07
  102 H   -2  0  0  0 -3  2  2 -2  3 -3 -2  3 -2  2 -2 -1 -1 -2  0 -2    2   3   3   4   0   8  17   3   9   1   4  23   1  12   1   2   3   0   2   1  0.31 0.17
  103 L   -3 -2 -4 -4 -3 -3 -4 -4 -4  1  5 -4 -1  3 -4 -4 -3 -3 -2  1    1   2   1   1   0   1   1   1   0   8  61   1   0  12   1   1   1   0   0   7  0.86 0.34
  104 V    2 -1 -3 -4 -3 -2 -3 -3 -3  0  3  1  0 -1 -3 -2 -2 -3 -3  2   17   2   1   1   0   1   1   1   0   4  38  11   2   1   1   1   1   0   0  17  0.41 0.24
  105 E   -4 -4 -4 -1 -7 -2  8 -6 -2 -7 -7 -2 -6 -7 -5 -4 -4 -7 -6 -6    0   0   0   2   0   0  94   0   1   0   0   1   0   0   0   0   1   0   0   0  2.41 0.85
  106 A    4 -4 -5 -5 -4 -4 -3 -3 -5 -2  4 -4 -2 -3 -1 -1 -3 -5 -4 -3   42   0   0   0   0   0   2   1   0   0  46   0   0   0   3   4   0   0   0   0  0.94 0.46
  107 L   -5 -4 -6 -6 -4 -3 -6 -4 -6  1  6 -5 -1 -1 -6 -5 -3 -5 -4 -2    0   1   0   0   0   1   0   1   0   7  85   0   0   1   0   0   1   0   0   1  1.56 0.58
  108 C    0 -3 -3 -3  7 -4 -4 -2 -2 -3 -1 -4 -3  3 -5  0  0 -2  6 -3    7   1   1   1  23   0   0   3   0   1   5   0   0  13   0   6   7   0  29   1  0.94 0.41
  109 I   -4  4 -5 -5 -4 -2 -5 -6 -1  6  0 -3 -2 -3 -5 -3  0 -5 -4  0    0  20   0   0   0   1   0   0   1  56   8   0   0   0   0   2   5   0   0   4  1.11 0.48
  110 I   -3 -5 -3 -5  5 -5 -6 -6 -6  7  1 -5  1 -3 -5 -4 -2 -5 -4  0    1   0   2   1  10   0   0   0   0  66   9   0   4   0   0   1   2   0   0   3  1.44 0.53
  111 G   -3  3  4 -2 -5  4  0  2 -1 -5 -5  3 -4 -3 -4 -2 -3 -5 -4 -5    0  15  19   1   0  18   5  16   1   0   0  22   0   1   0   1   0   0   0   0  0.72 0.37
  112 A    1  3  4 -3  4  4 -2 -4 -3 -3  0 -2 -3 -4 -1 -1 -3 -5 -4 -4   14  15  20   0  10  21   0   0   0   1  11   0   0   0   3   3   0   0   0   0  0.60 0.36
  113 R   -3  4  2 -1 -2 -1 -2 -4  4  0  0  2 -1  0 -3 -3 -3 -3  3 -3    0  21  12   3   1   1   1   0  12   6  11  12   1   4   1   0   0   0  10   1  0.43 0.27
  114 K   -1  0  1  3 -4  3  1 -2  0 -4 -1  2 -3 -3 -3  2 -1 -4 -3 -2    3   4   5  18   0  14   7   1   2   0   8  12   0   1   1  21   1   0   0   2  0.36 0.25
  115 V   -2 -5 -5 -5  0 -4 -5 -5 -5  3  5 -5  0 -2 -5 -4 -3 -4 -4  3    3   0   0   0   2   0   0   0   0  15  52   0   1   1   0   0   0   0   0  24  0.98 0.40
  116 L   -4 -5 -6 -6 -4 -5 -5 -6 -5  3  6 -5 -1 -2 -5 -5 -3 -5 -4  0    0   0   0   0   0   0   1   0   0  17  72   0   0   1   0   0   1   0   0   5  1.35 0.51
  117 R   -2  5 -1 -2 -3  2 -1 -3 -1 -3 -1  3 -2 -4 -4  0  0  0 -2 -2    2  38   2   1   0   7   2   1   2   1   6  19   1   0   0   6   7   1   1   2  0.63 0.33
  118 R   -4  2  0 -3 -6  1 -1 -5  4 -5 -4  5 -4 -2 -4 -2 -4 -4  4 -5    0  12   3   1   0   6   4   0  11   0   1  44   0   2   0   2   0   0  14   0  1.01 0.47
  119 L   -3 -6 -7 -7  0 -6 -6 -7 -6 -2  6 -6 -2 -2 -2 -6 -5 -5 -3 -2    2   0   0   0   2   0   0   0   0   0  90   0   0   1   2   0   0   0   1   1  1.77 0.67
  120 G   -3 -1  3  0 -3 -3 -4  6  0 -7 -6 -2 -6 -4 -5 -2 -4 -6 -5 -6    0   4  12   4   1   1   0  69   2   0   1   3   0   1   0   3   0   0   0   0  1.44 0.56
  121 F   -3 -4 -1 -5  2 -2 -4 -5 -3  1  0 -3 -2  5 -4  1  2 -2  6 -1    0   0   2   0   4   2   0   0   0   9   7   1   0  21   0  11  12   0  26   4  0.71 0.37
  122 C   -3  0  1  2  4 -2 -2 -4 -1 -5 -4 -1 -4 -4 -3  5  3 -6 -5 -3    0   4   6  10   8   1   1   0   2   0   1   4   0   0   1  41  21   0   0   1  0.77 0.44
  123 W   -4  3 -3  0 -5 -1 -1 -4 -4 -3 -4  5 -4  3 -2 -2 -2  6 -2  0    0  14   0   5   0   1   3   1   0   1   1  38   0  11   2   2   1  11   1   9  0.78 0.40
  124 Q    0 -3  0  0 -6  3  6 -3 -3 -2 -4 -1 -4 -6 -2  0 -3 -6 -5 -5    6   0   4   5   0  14  54   1   0   3   1   3   0   0   2   6   0   0   0   0  1.01 0.48
  125 E   -1 -1 -2  3 -4  4  5 -4 -3 -4 -5  2 -4 -6 -4 -1 -2 -5 -2 -4    4   2   1  14   0  17  42   0   0   1   0  11   0   0   0   5   1   0   1   1  0.93 0.45
  126 L   -2 -5 -6 -6 -4 -1 -4 -6 -5  0  3 -5  7 -3 -5 -5 -4 -5 -4  4    3   0   0   0   0   2   1   0   0   4  30   0  26   0   0   0   0   0   0  33  1.12 0.49
  127 R   -3  4 -1  1 -6  3  4 -4  2 -5 -5  2  0 -5 -1 -3 -2 -5 -3 -3    1  27   3   6   0  12  26   0   4   0   0  12   2   0   2   0   2   0   1   2  0.73 0.37
  128 M   -1  1 -1  0 -3  1  4 -2 -1 -1  1  1  1 -3 -3  0 -1 -3 -2 -2    5   8   3   3   0   5  29   2   1   4  15   8   4   0   1   6   3   0   1   1  0.26 0.18
  129 H   -3  2 -1 -3  2  2  1 -4  6 -2  2 -1  1 -1 -4 -3 -3 -4  0 -3    0  13   2   0   5  11  11   0  18   1  25   4   4   2   0   0   0   0   3   0  0.53 0.31
  130 Y   -3 -1 -4 -4 -2  4 -2 -4 -2 -3  2 -3 -2  3 -4 -2 -3  1  7 -3    1   3   1   1   1  19   1   1   0   1  21   1   0   9   1   2   1   2  35   1  0.94 0.41
  131 L   -3 -1 -4 -4 -4  1 -4 -5  1  3  4 -3  2  0 -4 -2 -3 -4 -2  1    0   3   0   1   0   7   0   0   5  14  48   1   5   3   0   3   1   0   1   7  0.64 0.32
  132 P   -2 -4 -5 -4 -6 -4  0 -5 -5 -4 -4 -4 -5 -6  8 -2  0 -6 -6 -3    3   1   0   1   0   0   7   0   0   1   1   0   0   0  76   2   5   0   0   2  2.16 0.72
  133 H   -1 -1  0  1 -4  0 -1  2  5 -2 -2  2 -2 -4  1 -2  1 -2 -3 -3    3   2   3   9   0   4   3  19  16   3   4  15   1   0   8   0   8   1   0   1  0.36 0.23
  134 I   -2  4  2 -1  0  0 -2  1  0  2 -2  1 -2 -4 -3 -1 -1 -4 -3  0    1  25  10   2   2   4   1  12   2  14   4   9   0   0   1   3   3   0   0   7  0.29 0.21
  135 A    3  4 -2 -4 -1 -1 -2  1 -3  0 -1 -1  0 -4  0 -2 -1 -4 -4 -2   29  26   2   0   1   2   1  12   0   7   6   1   2   0   4   1   4   0   0   1  0.42 0.28
  136 G    1  2  0 -2 -3  2  2  0  1 -3 -2  2 -2 -1 -2  1 -1 -3 -2 -2   10  14   5   1   0  11  17   6   3   1   3  11   0   3   2   9   1   0   1   2  0.26 0.18
  137 I   -2 -3 -3 -3  2 -3 -2 -2 -3  3  1 -3 -1  1 -3 -1  0 -3  1  4    1   1   1   2   4   1   2   3   0  21  12   1   0   6   1   4   5   0   6  30  0.40 0.21
  138 T    1  1 -1 -3  2 -2 -2 -3 -3 -4 -4  1 -2 -4 -2  5  1 -2 -2 -3   11   7   2   1   4   1   1   1   0   1   1   8   1   1   1  50   6   0   2   1  0.70 0.36
  139 L    2  1 -2 -3 -1  0 -2 -1 -2  0  2  0  1 -2 -2 -1 -1 -3 -1  0   19  11   1   1   1   5   1   3   0   5  25   6   4   1   1   3   3   0   2   7  0.16 0.14
  140 H   -2  0  0 -3  0  3 -3 -4  5 -4 -3  0 -3  4 -4 -2 -2 -2  6 -4    2   5   5   1   2  14   1   1  15   1   2   6   0  15   1   2   2   0  26   1  0.80 0.36
  141 V   -2  2 -3 -3 -3 -3 -3 -3 -3  4  0 -2 -1 -2 -3 -3 -1 -3 -3  5    2  12   1   1   0   1   1   2   0  26   5   1   0   1   1   2   2   0   1  39  0.67 0.27
  142 H   -2 -2  5  0 -3 -2 -2 -2  5 -4 -4 -2 -3 -3  2  2 -2 -4 -2 -3    2   1  34   4   0   1   1   2  16   1   2   1   0   1  10  19   1   0   1   1  0.84 0.34
  143 P    0 -1 -2 -2 -1 -2 -1 -3 -1 -1  0 -1 -2 -3  6 -1 -2 -3 -2 -1    6   3   1   2   1   1   3   2   2   3   9   4   1   1  47   4   2   0   1   6  0.87 0.27
  144 L   -2 -2 -2 -3 -2 -2 -2 -3 -2  1  2 -2  3  2 -2 -2 -1 -1  4  1    3   1   1   2   1   1   2   2   1   9  20   3   9  10   1   2   2   0  19  11  0.35 0.16
  145 L    1  6 -3 -4 -4 -2 -3 -4 -3 -3  1  2 -3 -4 -1 -3 -3 -4 -4 -3   13  49   1   1   0   0   1   1   0   1  17   9   0   0   3   1   1   0   0   1  0.92 0.40
  146 K   -3 -1  1 -3 -3  2 -2 -4 -2 -2 -3  6 -3 -2 -3 -2 -3 -4  3  2    1   1   6   1   0   8   1   1   1   1   1  46   0   1   1   2   1   0  10  17  0.82 0.39
  147 S    1 -5 -5 -6  4 -4 -5 -1 -2 -2  3 -3  6 -3 -5  0 -2 -5 -4 -1   13   0   0   0  10   0   0   4   1   0  32   2  25   0   0   8   1   0   0   3  0.83 0.43
  148 L   -6 -6 -7 -8 -1 -6 -7 -8  0 -2  7 -7  0 -2 -7 -7 -5 -6 -5 -3    0   0   0   0   1   0   0   0   2   0  94   0   1   1   0   0   0   0   0   0  2.05 0.75
  149 Y   -6 -6 -7 -8 -7 -6 -7 -8 -3 -5 -3 -7 -5  6 -8 -2 -6  0  9 -6    0   0   0   0   0   0   0   0   0   0   2   0   0  28   0   3   0   1  66   0  2.59 0.86
  150 R   -4  2 -2 -1 -6  5  4 -5  3 -4 -1  2 -1 -1 -4 -3 -2 -5 -4 -3    0  11   1   2   0  27  24   0   7   1   7  12   2   3   0   0   2   0   0   2  0.72 0.39
  151 M   -5 -6 -7 -7 -5 -6 -6 -7 -6  4  5 -6  3  1 -6 -6 -4 -5 -4  1    0   0   0   0   0   0   0   0   0  24  57   0   6   6   0   0   0   0   0   7  1.28 0.51
  152 C   -1 -6 -5 -5  9 -5 -3 -5 -6 -6 -6 -4 -6  0 -6  6 -4 -6 -3 -5    3   0   0   0  38   0   1   0   0   0   0   1   0   4   0  52   0   0   1   0  1.98 0.76
  153 E   -5 -5 -5 -2 -8  0  8 -7 -5 -8 -5 -4 -7 -8 -6 -5 -6 -8 -7 -7    1   0   0   1   0   2  94   0   0   0   1   0   0   0   0   0   0   0   0   0  2.56 0.94
  154 E   -1  1  4  5 -5  1  2  0  0 -6 -5 -2 -5 -6 -4  2 -2 -6 -5 -5    6   6  18  28   0   6  10   6   2   0   1   1   0   0   0  14   1   0   0   0  0.68 0.36
  155 L   -4 -6 -3 -6 -4 -5 -6 -7 -6  5  3 -5  2 -2 -6 -3 -2 -5 -4  3    0   0   1   0   0   0   0   0   0  37  32   0   4   1   0   2   1   0   0  21  1.08 0.45
  156 S   -3 -3  2  4 -1 -2 -2 -2 -4 -4 -5 -1 -5 -4 -4  3  5 -6 -5 -4    0   1  11  20   1   1   1   2   0   0   0   3   0   1   0  25  33   0   0   0  0.88 0.47
  157 L   -1  1  0  0 -4  0  2 -3 -3 -2 -1  2 -2 -4  0  3  0 -4 -1 -2    3   6   4   5   0   3  16   0   0   2   7  17   1   0   4  24   5   0   2   2  0.32 0.24
  158 V    1 -3  0  4 -5 -1  4 -3 -2 -2 -2  0 -2 -5  0  0 -1 -5 -3 -2   11   0   3  21   0   2  31   1   1   3   5   6   1   0   4   6   3   0   1   2  0.49 0.29
  159 Q   -3  0  3  1 -5  4  5 -3 -2 -3 -4  0  2 -5 -4 -1  0 -5 -4 -4    1   3  14   7   0  17  35   1   1   2   0   6   5   0   0   3   5   0   0   1  0.73 0.39
  160 S   -1 -1 -4 -5 -4  1 -2 -4 -4  0  5 -4  1 -3 -5  0  0 -4 -4 -1    6   4   0   0   0   6   2   1   0   4  58   0   2   0   0   8   5   0   0   2  0.70 0.38
  161 G   -2  2  1 -2 -5 -1  0  1 -2 -1 -3  6  1 -5 -3 -2 -2 -5 -4 -4    3   9   6   1   0   2   4  12   1   3   2  46   4   0   1   2   2   0   0   1  0.71 0.38
  162 R   -1  2  0  2  0  0  0 -2  1 -3  0  1 -1 -2 -3  2 -1 -4 -2 -3    3  15   3  13   2   4   5   2   3   1  12   8   1   2   0  21   2   0   1   0  0.24 0.20
  163 L   -4 -5 -6 -6 -5 -5 -6 -6 -5  1  4 -5  6  6 -6 -3 -3 -1 -2 -2    1   0   0   0   0   0   0   0   0   6  41   0  18  29   0   2   1   1   0   0  1.25 0.51
  164 L   -3 -2 -3 -3 -4 -3 -3 -4  0  3  2  4  1 -2 -4 -3 -1 -4 -3  2    1   0   1   1   0   0   1   1   2  19  22  29   3   1   0   0   3   0   0  13  0.53 0.31
  165 L   -4 -1 -1 -1 -5  0 -3 -4 -1 -1  1 -1 -1  7 -3 -3 -3 -3  0 -1    0   3   4   3   0   5   1   1   1   3  14   4   1  47   1   2   1   0   2   5  0.82 0.38
  166 D   -4  0  1  2 -1 -1 -2 -5 -1 -2  4 -2 -1  3 -5 -3 -3 -3  3 -3    0   5   6  11   1   3   3   0   1   1  41   2   1  11   0   1   0   0  11   0  0.54 0.32
  167 V   -1 -5 -4 -6  1 -2 -5 -6 -5  2  5 -5  0 -3 -5 -4 -3 -5 -4  3    4   0   1   0   3   2   0   0   0  11  54   0   2   0   0   0   1   0   0  19  0.93 0.41
  168 R   -2  2  2 -1 -1  1 -1  2 -2 -3 -1  3 -3 -1 -3  0 -2 -3 -1 -3    1  13  12   2   1   7   2  14   0   1   7  23   0   3   1   7   2   0   2   1  0.33 0.23
  169 E   -3 -1  1  2 -5  3  4 -3 -1 -5 -4  3 -4 -5  0  0 -1 -5 -4 -3    0   2   5  13   0  11  27   1   1   0   2  19   0   0   4   7   4   0   0   1  0.60 0.33
  170 K   -3  0 -1  3 -1  1  4 -4  0 -4 -3  3 -2 -3 -2  2 -2 -4  0 -4    0   3   2  15   2   6  26   0   2   0   2  18   1   1   1  15   1   0   3   1  0.53 0.31
  171 V   -2 -2 -4 -4 -1 -3 -2 -4 -2  4  4 -1  1 -2 -2 -3  0 -3  1  1    3   2   1   1   1   0   3   1   1  23  38   3   3   0   1   1   5   0   4   7  0.47 0.24
  172 E    1 -1 -2 -2 -4 -1 -1 -2 -1 -2 -1  0 -2 -4  6  1  0 -4 -4 -2   12   3   1   2   0   2   5   2   1   3   6   6   1   0  38   9   7   0   0   2  0.68 0.31
  173 S   -3  3  0 -3  0 -2  0 -1 -3 -4 -3  6  1 -1 -2  0 -3 -5 -2 -4    1  15   5   0   2   0   4   4   0   1   2  47   3   3   2   7   1   0   1   1  0.77 0.39
  174 Q   -1  1 -1 -3  6  1  0 -3  0 -2 -1  0 -1 -2 -2  0  3 -4  2 -2    4   8   2   0  22   7   6   1   3   2   5   5   1   1   2   6  17   0   8   2  0.46 0.28
  175 Q   -2  0  1 -2 -2  3  4 -3  0 -4  0  4 -3 -4 -2 -1 -2 -5 -2 -4    1   4   8   0   1  13  26   1   2   0   9  26   0   0   1   4   1   0   1   1  0.57 0.33
  176 A    0 -1 -2 -2  0 -2 -1 -3 -2  0  3  1  4 -2 -2  0 -1  0 -2  0    7   2   2   2   2   1   4   2   1   3  31  12  13   1   2   7   3   1   1   5  0.23 0.19
  177 G   -2 -1  3  2 -3  3  0  1  0 -2 -3 -2 -3 -4  0 -1  3 -4 -3 -2    2   2  13  14   1  13   4  12   2   3   2   1   0   0   4   3  19   0   1   2  0.35 0.23
  178 D   -2 -2  1  5 -4 -1  0  0  0 -2 -2 -2 -3 -3  1  1 -1 -3  2 -2    3   2   7  35   0   2   5   6   2   2   4   1   0   1   7  11   2   0   8   3  0.46 0.25
  179 P   -2 -2  0  3 -3  0  2 -3  2 -1  0  2 -2 -3  3  0 -1 -3 -3 -2    1   1   4  18   0   2  13   2   5   3  11  12   0   1  16   6   3   0   1   2  0.35 0.19
  180 L   -1 -2 -1 -2 -2  0 -2 -2 -1  2  3 -1  4 -1 -2 -1  1 -3 -1 -1    3   1   2   2   1   4   1   3   2  15  27   3  13   2   2   3  12   0   1   2  0.28 0.18
  181 R   -1  3  1  1 -2 -1  0 -1  0 -3 -1  0  0 -3 -2  2  3 -3  0 -2    3  16   8   8   1   1   4   3   2   1   6   5   2   1   1  15  21   0   3   1  0.26 0.19
  182 F   -2 -3 -3 -3  0 -2  2 -4 -1  0  3 -3  4  3 -3 -3  0 -3 -1 -1    2   1   1   1   2   1  14   1   1   3  32   1  11  16   1   1   7   0   1   4  0.46 0.27
  183 Y   -2 -1  1  2 -3 -2 -1 -3 -2  0  2  0  1  0 -3  0 -1  0  3 -2    1   2   8  14   0   1   2   1   0   6  27   5   3   2   1   7   3   1  12   1  0.24 0.18
  184 D   -4 -3  4  6 -4 -3  1 -3 -3 -2 -3 -2 -4 -3 -4 -2 -3 -5 -4 -4    1   1  20  53   0   1   8   1   0   3   4   1   0   1   1   2   1   0   0   1  1.24 0.46
  185 P    0 -2 -2 -1 -1 -2 -2 -3  0  3  1 -1  0  1  1 -1 -1 -2  1  2    6   1   1   4   1   1   2   1   3  20  13   4   2   5   6   4   3   0   5  18  0.17 0.12
  186 A    0  0  1  2 -1  2  1 -1 -1 -1 -1  0 -1 -2  0  0  1 -2 -2 -1   10   3   6  16   1   9  11   4   1   4   5   5   1   1   5   5   9   0   1   3  0.15 0.08
  187 Y   -2 -4 -4 -5  3 -2 -3 -4  0 -2 -1 -4  1  6 -5 -1 -1 -2  6 -1    3   0   1   0   7   2   2   1   2   2   4   1   4  34   0   4   4   0  26   4  0.98 0.40
  188 L   -3 -1 -4 -5  3 -4 -4 -5 -4  3  4 -3  3  0 -4 -4 -2 -4 -3  0    1   3   0   0   7   0   1   1   0  18  49   1   7   3   0   1   2   0   0   4  0.79 0.34
  189 E   -3 -2 -3 -1 -6 -2  7 -5 -4 -5 -5 -1 -5 -5 -4 -3 -3 -5 -5 -5    2   1   1   2   0   0  84   1   0   0   1   2   0   0   1   1   1   0   0   1  1.97 0.71
  190 I   -4 -4 -3  0 -4 -3  0 -5 -4  3  3 -1  7 -1 -5 -2 -3 -4 -4  0    0   0   1   5   0   1   6   0   0  15  30   5  28   2   0   2   0   0   0   4  0.80 0.39
  191 F   -3 -3 -2 -3 -4 -1  3 -3  5  1  0 -2 -1  3 -4  0 -3 -3  0  1    0   1   2   0   0   1  24   1  14  10  11   1   1  15   0   7   0   0   3   8  0.44 0.28
  192 L   -3 -2 -4 -5  5 -3 -4 -2 -4  0  3  3  4  2 -5 -4 -3 -4 -3 -2    1   1   1   0  13   0   0   4   0   6  29  23  11   8   0   0   0   0   0   1  0.69 0.37
  193 L   -3  3 -5 -5 -4 -3 -2 -5 -4 -1  5  2  2 -1 -4 -4 -4 -5 -4 -2    2  16   0   0   0   0   3   1   0   2  54  12   5   2   0   0   0   0   0   1  0.85 0.40
  194 D   -1 -1  1  2 -1  0  0  1  2 -2 -1  0 -1  0 -1 -2 -1  1  3  0    5   2   7  14   1   3   6  11   7   1   5   6   1   3   2   0   2   2  13   9  0.15 0.14
  195 W   -4 -1 -4 -5 -2 -3 -4 -4 -1  4  2 -4  2 -1 -5 -3 -3  9  0 -1    0   5   1   1   1   1   1   1   1  21  23   0   5   2   0   2   2  28   2   4  1.10 0.43
  196 L   -2 -4 -3 -5 -4 -4  1 -5 -5  3  5 -2  4 -3 -5 -1 -3 -5 -3 -1    2   0   1   0   0   0  10   0   0  14  50   2  11   0   0   5   1   0   0   2  0.78 0.38
  197 T   -1 -1  1 -1  2  1  1  3  0 -1 -3  1 -3 -4 -1  1  1 -4 -2 -3    3   2   7   2   4   8   8  22   2   4   1   9   0   0   3  12  10   0   1   1  0.26 0.19
  198 R   -4  3  1 -1 -6  2  4 -5 -2  0 -5  2 -4 -5 -4 -1 -3 -5 -2 -1    0  18   5   3   0   9  34   0   1   6   0  14   0   0   0   3   0   0   2   5  0.70 0.37
  199 R   -1  3  1  2 -5  0  0  1  0 -4 -2  4 -4 -5 -4 -2 -1 -5 -3 -4    5  19   7  11   0   4   6  13   2   0   4  25   0   0   0   1   3   0   1   1  0.48 0.28
  200 S   -1  0  4 -2  1 -1 -2 -2  1  0 -1  1 -2  2 -4 -1  0 -3  4 -1    4   4  23   2   3   2   2   2   3   5   5   9   1   8   0   3   5   0  17   3  0.34 0.23
  201 I   -4 -2 -5 -4 -4 -4 -1 -5 -5  5  3 -2  1 -2 -5 -4 -3 -1 -1  1    0   2   0   1   0   0   4   0   0  41  30   3   4   1   0   0   0   1   2   9  0.86 0.37
  202 K   -2  2  0  3 -2  1  1 -2 -3 -2 -3  2 -3 -4 -3  2  1 -4 -4 -3    2  10   4  16   1   7   8   1   0   3   2  16   0   0   0  17  11   0   0   0  0.37 0.23
  203 L   -1 -2 -3 -4 -3 -3 -1 -4 -4  4  3 -2  0  1 -4 -3  1 -4 -2  1    6   2   1   0   0   0   4   1   0  26  32   2   2   5   1   0  11   0   1   8  0.49 0.26
  204 G   -1 -1  1  1 -3 -2 -2  3 -3 -2  2 -1 -2 -3 -1  1 -1 -3 -1 -2    2   3   7   7   0   1   2  23   0   1  25   3   0   0   4  14   3   0   2   1  0.27 0.20
  205 D   -2  0  0  4 -2  2  0 -3 -2 -4 -2  5 -3 -4 -1  0 -2 -5 -2 -4    3   4   4  22   1  10   5   1   1   0   4  36   0   0   2   5   1   0   1   1  0.66 0.32
  206 I   -2  2  0  2 -1  0 -1 -3 -1  2  0  0 -1 -1 -3 -1 -1  1  1  0    1  16   5  11   1   5   2   1   1  19   8   6   1   2   0   5   3   2   5   5  0.15 0.14
  207 N   -2 -1  4  1 -3  1  1 -2 -2  2  0  0 -2 -3 -3  0  1 -4 -3  0    1   2  20   6   0   6   8   2   0  13   9   7   0   0   1   6   9   0   0   8  0.22 0.18
  208 A    1 -1  0 -3  6 -2 -1  0 -3  0  1  0 -1 -2 -2  0  0 -4 -1 -1   11   3   5   1  23   1   4   7   0   5  15   6   2   1   2   5   5   0   2   3  0.33 0.19
  209 A    1 -1  1  1  0  0  1  0  0 -1 -1  0  0 -2 -1  0  1 -3 -1  0   15   2   7   9   3   2   9   5   3   4   6   6   2   2   3   7   9   0   1   7  0.06 0.06
  210 G   -1  0  0  0  0  3  2  2 -2 -2 -2  2 -3 -3  0 -1  0 -1 -3 -2    3   3   4   4   2  17  16  15   1   2   4  12   0   1   5   4   4   1   0   3  0.26 0.18
  211 S    0 -2  0  0  0 -1  0 -1 -1  2 -1  1  0 -2  1  1 -1 -3 -1  1    7   1   5   5   2   1   4   3   1  17   5   9   2   1   6  13   2   0   3  12  0.08 0.11
  212 D   -2 -3  6  4 -5 -2  1 -3 -2 -3 -1  1 -4 -4 -1 -1 -3 -5 -4 -2    2   0  37  23   0   0   7   1   1   1   6   8   0   1   3   5   0   0   0   4  0.77 0.37
  213 V   -3 -1 -1 -4  0 -3 -3 -4 -3  1  2  4  3 -2 -3 -3 -2  1 -3  3    0   2   4   0   2   0   0   1   0   7  22  25   6   1   1   1   1   2   0  24  0.50 0.30
  214 Q   -2 -2 -1  1 -3  3  2 -2  1 -3 -1  2 -3 -4 -1  3 -1 -1 -3 -3    2   1   2   9   1  16  12   2   3   1   8  11   0   0   2  26   2   1   0   1  0.39 0.27
  215 L   -2 -1  3 -2  1 -1 -2 -3 -3 -1  3  1  1 -3  0 -1  0 -4 -3  0    3   3  15   1   3   2   1   1   0   1  38   9   3   0   4   4   6   0   1   5  0.33 0.24
  216 L   -4 -2 -4 -5 -4 -2 -1 -6 -2  1  5  0  0 -1 -4 -2 -4 -3 -4 -1    1   2   1   0   0   2   5   0   1   6  67   5   1   2   0   4   0   0   0   2  0.94 0.42
  217 V    0 -1 -2 -1  2 -2  0 -3  0  2  2  2 -1 -2 -3 -1  0 -4 -3  1    8   2   1   3   5   1   7   1   2  13  23  16   0   0   0   3   5   0   0  10  0.18 0.16
  218 G    0  1 -1  1 -4 -1  3 -1 -3 -4 -1  4 -3 -3 -1  0 -3 -4 -4 -4   10   6   3   6   0   2  22   4   0   1   6  31   0   1   3   5   0   0   0   0  0.48 0.27
  219 H    0 -1 -1 -2 -1  1 -1 -3  6  3 -1  1 -2  0 -3 -1 -1 -3  2  0    7   3   2   2   1   6   3   1  21  18   4   9   0   3   1   4   2   0   8   5  0.35 0.21
  220 L   -2 -3 -2 -3  3 -2 -2 -4 -1  2  3 -2  0  3 -3 -2  0 -3  0  0    1   1   2   2   6   2   3   1   1  14  35   2   2  14   1   3   6   0   2   5  0.38 0.20
  221 K   -2  0  1  0 -4 -1  3 -2 -1 -4 -3  5 -3 -1 -2 -2 -2 -2 -2 -1    2   4   6   4   0   2  18   2   1   0   2  41   1   4   2   1   1   1   1   5  0.58 0.30
  222 S    0  0 -1  0 -3  1  2 -2  0 -1 -1  0 -1  3 -1  0  0 -2  1 -2    7   4   3   5   0   7  15   2   2   4   6   6   1  14   3   7   8   0   6   1  0.13 0.12
  223 N   -2 -1  3  1 -3 -1  2 -1 -1  1 -1  0 -1  1 -2  0  0 -3  1 -1    2   2  19   6   0   2  14   4   1  10   5   5   2   7   2   6   5   0   5   3  0.16 0.14
  224 G   -2 -2  1  4  1 -1  2  2 -3 -3 -1 -1 -2 -3 -3  0 -2 -3 -2 -1    2   1   7  24   3   2  17  19   0   1   7   4   1   1   0   5   1   0   1   5  0.38 0.22
  225 L   -2 -1 -2  0 -2 -1  0 -4 -1  0  4 -2  3 -1 -2 -2 -2 -2  0  0    3   4   2   6   1   3   6   1   2   5  42   1   8   1   2   1   1   0   3   7  0.34 0.22
  226 Q   -2  1  0  1 -4  1  2 -2  3 -2 -1  0 -2  0 -2  1 -1 -3  2 -2    1   7   4   7   0   7  18   3   9   3   5   6   0   5   2  10   3   0   8   2  0.21 0.16
  227 A    1  1  0  1 -3  0  2  0 -1  0 -1  1 -2 -3 -2  1  0 -4 -3 -1   11   6   3   8   0   2  17   8   1   7   5  12   1   0   0  11   4   0   0   5  0.15 0.13
  228 Q   -2 -1 -1 -1 -3  3  1 -1  1  1  1 -2  2  0 -2  0 -1 -3  1  0    1   2   2   2   0  16  10   4   4  12  17   1   5   3   1   5   4   0   5   5  0.15 0.15
  229 A    2  0 -1 -1 -1  0  2  0  0  0 -1  1 -2 -2  2  0 -2 -3 -2 -1   17   4   2   1   2   3  17   5   2   9   6  11   0   1   9   8   1   0   1   2  0.16 0.15
  230 N   -2  0  3  2  1  1  1 -2 -2 -1 -3  1  0 -4 -2  1  2 -4 -1 -2    1   4  15  11   4   6  11   1   0   4   1   9   3   0   1   9  15   0   2   2  0.28 0.20
  231 L   -1  0 -2 -1 -1 -1 -1 -2 -1  0  2  0  3  1 -2  0  1 -1  0  0    2   4   1   4   2   2   4   3   1   3  29   7   9   5   2   7   9   1   3   4  0.12 0.13
  232 L   -1 -1 -2  1  0 -1  1 -3  1  1  3  0  1 -2 -2 -1 -2 -3 -2  0    3   3   1   8   2   3  12   2   5   9  30   5   3   1   1   6   1   0   1   6  0.17 0.15
  233 K   -2  2  1  0 -3  0  1 -2 -1  1  0  2 -1 -2 -2 -1  0 -4 -3  0    1  16   9   3   0   4  11   3   1  11   8  14   1   1   1   4   4   0   0   6  0.17 0.14
  234 D   -1  0  1  3 -4  2  3 -3  0 -3 -2  1  0 -1  0 -1  0 -2 -2 -2    5   5   8  19   0   8  19   1   1   1   4   8   2   2   3   3   5   1   1   3  0.29 0.17
  235 T   -1  1 -2  0  0  1  0 -2 -1  0  0  1  0 -3 -1  1  3 -3 -2 -1    4   8   0   5   2   5   7   2   1   5   8  10   3   1   2  12  22   0   1   2  0.16 0.14
  236 I   -1 -2  0  0 -2  0  0  0 -2  2  0 -1  0  1 -1  1  0 -2  0  1    2   1   4   5   0   4   7   8   0  15   6   3   3   7   2  10   6   0   3  14  0.05 0.08
  237 I   -1 -1  2  2 -1  1  1 -2  0  1  0 -2  2  0 -2  0 -1 -4 -2  0    2   2  13  11   2   5  11   2   2  11  10   1   8   4   1   8   3   0   0   5  0.13 0.13
  238 S    1  0  3 -1 -3  1  2 -1 -1 -4 -4 -1 -1 -2 -2  3  1 -3 -2 -3   10   4  16   2   0   8  15   4   1   0   0   2   2   2   1  23   8   0   1   0  0.38 0.25
  239 N   -1  1  5  1 -3 -1  0  2  1 -3 -3  0 -2 -3 -2  1  0 -4 -1 -2    3   7  30   6   1   2   5  13   3   1   2   5   1   1   1  11   4   0   2   3  0.39 0.23
  240 A    1 -1 -1  0 -2 -1  0  1  0  0  0  0 -1 -1 -1  1  0  0  0  0   15   3   1   4   0   1   7  12   2   6   9   7   0   1   1  10   6   1   4   8  0.05 0.07
  241 P   -1  0  2  0 -4 -1  1 -3  1 -3 -1  1 -2 -2  5  0  0  0 -4 -3    5   5   9   6   0   2   8   1   3   1   5   8   1   1  30   6   7   2   0   1  0.50 0.25
  242 E   -1  1  1  2 -1  2  3 -1  0 -3 -3  1 -2 -2 -2  1 -1 -4 -1 -1    2   9   5  10   1   9  20   5   2   0   2   7   1   2   1  13   2   0   2   6  0.25 0.17
  243 P    0 -1 -1 -1 -3 -1  1 -1 -3 -1 -2  0 -2 -2  5  0  0 -4 -2  1    7   3   3   4   0   3   9   5   0   3   4   4   0   2  27   8   4   0   1  13  0.36 0.20
  244 D   -2  0  1  4 -1  0  0 -1  1 -3 -2  1 -1 -1 -1  2 -2 -5 -2 -2    2   5   5  31   1   3   4   3   4   1   4  11   1   3   2  14   2   0   1   2  0.38 0.22
  245 A    3  1  1 -1 -1 -1  0 -1 -1 -3 -2  0  1 -3 -1  3  0 -4 -3 -2   25   9   7   2   1   2   4   3   2   1   3   4   4   0   2  22   5   0   1   2  0.27 0.20
  246 A    1  1  2  0  1  0  0 -1 -1 -2 -3  2 -3 -2  0  2  1 -4 -2 -2   14   9   9   3   4   2   5   3   1   2   1  12   0   1   3  16  11   0   1   2  0.20 0.15
  247 G    0 -1  1  0 -3  1  0  2 -1 -2 -3  0 -3 -4  1  2  0  2 -2 -3    7   3   8   3   0   7   6  20   1   2   2   5   0   0   6  19   4   3   1   1  0.25 0.17
  248 T    0 -1  1  0 -2  0  1 -1 -1  1  0 -1  0  0 -1  1  1 -2 -1  0    4   3   6   4   0   4  10   4   1  11   9   3   2   4   2  13  13   0   1   5  0.07 0.09
  249 A    2  0 -1  0  1 -1  0 -1 -1 -1 -1  0 -1  0  0  1  0 -3 -2  0   20   5   1   5   4   2   7   3   1   3   6   7   1   5   5  11   6   0   0   8  0.08 0.09
  250 A    1 -1  1  0  0  0  0  0  1 -2  0 -1 -2 -3  1  2  1 -4 -2 -2   13   3   8   5   2   4   4   7   3   1   9   2   0   0   6  22   6   0   1   2  0.16 0.14
  251 M    0  0  0 -1  0  0 -1 -1 -1  0  1 -1  1  0  1  1  1 -1 -1  0    5   4   3   2   2   4   3   4   1   7  14   2   6   5   6  14  13   1   1   3  0.06 0.08
  252 A    0  0  1  0 -2  0  1  0 -1 -1 -1  0  0 -1  1  1  0 -2 -2  0    6   5   7   5   0   2  11   6   0   3   7   6   2   4   6  16   7   0   0   6  0.08 0.08
  253 V    1 -1  0  0 -1  0  0  0 -1  0  0  0  1 -1  1  0  1 -2 -2  1   11   3   4   4   1   3   4   9   1   4   8   4   6   3   6   7   9   0   0  11  0.04 0.05
  254 K    0  0  1  1 -2  1  2 -1 -1 -2 -2  3 -1 -4  2  1  0 -3 -3 -2    6   4   6   7   1   6  12   4   1   2   4  21   1   0   9  11   4   0   0   1  0.24 0.15
  255 Q    0 -1  1  1 -3  2  1 -1  0 -1 -1  1  2 -3  1  0  0 -4 -2 -1    6   2   9   7   0  13  11   4   3   5   4  12   7   1   6   4   4   0   1   4  0.16 0.13
  256 E    0 -1  0  0 -1  0  2 -2 -1  0 -1  1  0 -1 -1  2  0 -3  0 -1    5   1   4   5   1   3  15   2   1   6   6  13   3   3   3  17   6   0   3   3  0.10 0.11
  257 I    0 -1  0 -1  0 -1 -1 -1  2  1  1  0  0  0  2  0  0 -1 -1  0    5   1   4   3   2   2   2   3   6   8  15   7   3   4  10   8   7   1   1   9  0.06 0.06
  258 E    0  0  1  2 -3  1  2  1  0 -2 -2  1 -2 -3 -1  0  0 -4 -2 -2    5   3   7  13   0   5  17  12   2   2   3  11   1   1   3   8   4   0   1   3  0.21 0.12
  259 S    0 -1  1  0 -2 -1  0  0 -2 -3 -3 -1 -3 -3  1  4  0 -5 -3 -2    6   2   7   4   0   2   7   6   0   1   2   3   0   1   8  43   4   0   0   3  0.43 0.26
  260 D   -1 -1 -1  2 -1  0  0 -2 -1  0 -1  1 -1  0  3  0  0  2 -2 -1    5   3   1  17   1   2   6   3   1   5   6  11   1   5  15   8   5   3   1   5  0.17 0.12
  261 N    0  0  2  0 -3  0  0  1  1 -2 -2  1 -2 -2  0  2  0 -3 -1 -2    5   6  12   4   0   3   6  10   4   3   3   8   0   1   4  24   3   0   2   3  0.19 0.14
  262 Q   -1  0  1  0 -3  3  2  0 -1 -2 -2  1  1 -3  1  1 -1 -4 -2 -1    5   3   7   3   0  17  13   6   1   2   4  11   5   0   6   9   2   0   1   4  0.21 0.15
  263 Q    0  0  1  2 -3  3  3 -2 -1 -2 -2  0 -1 -1 -1  1 -1 -3 -2 -2    9   5   5  11   0  17  18   2   1   2   3   5   2   3   2   8   2   0   1   3  0.24 0.15
  264 S    0  0  1  2 -3  0  1 -1  0 -2 -3 -1 -3 -2 -1  3  0 -3 -2 -1    7   5   8  12   0   3  11   3   2   1   2   2   0   1   2  32   3   0   1   5  0.30 0.19
  265 Y    0  0  1  0 -2  1  1  0  1 -1 -2  1 -2  0  0  1  0 -2 -1 -1    4   3   8   3   1   5  13   8   3   3   3  11   0   6   3  13   5   0   2   4  0.10 0.08
  266 C    1 -1 -1  0  1 -1  0 -1 -2  1 -1  0  1 -1  1  1  1 -3 -2  1   10   1   1   4   4   1   7   3   0   9   3   6   4   2   7  15   8   0   1  13  0.09 0.09
  267 S    0 -1  0  0 -1  1  0 -2  1 -1 -1 -2 -2  0  1  3  1 -4 -2 -2    5   3   4   5   1   7   4   2   3   4   8   1   1   4   8  32   7   0   1   2  0.22 0.17
  268 T   -1 -1  0  1 -3  1 -1 -3 -1 -1  0  0 -1 -3  1  2  2 -4 -3  0    3   3   3  10   0   6   2   0   1   3   8   7   1   1   5  22  17   0   0   6  0.20 0.16
  269 Q   -1  1 -1  2 -3  2  2 -3  1 -3 -2  1 -2 -3  2  1  1 -1 -2 -3    5   6   1  13   0  10  16   0   4   1   4   8   0   1   8  11   9   1   1   1  0.28 0.16
  270 I    1  0  0  1 -1 -1  0 -2 -1  0  1  0  1 -1 -1  1  0 -1 -1  0   12   6   3   9   1   1   4   1   2   6  14   4   6   1   2  10   7   1   2   7  0.04 0.06
  271 D   -1 -1  3  4 -4 -1  3 -2  1 -4 -4  0 -3  1 -1 -1  0 -3  1 -4    3   2  14  22   0   1  22   2   3   0   1   7   0   6   2   2   5   0   6   0  0.43 0.21
  272 A    2  2 -2 -2 -1  1  0 -2 -2 -1 -2  0 -1 -3 -3  2  0 -4 -1  2   18  13   0   1   1   9   4   2   0   2   1   5   1   0   0  17   4   0   2  18  0.23 0.18
  273 L   -5 -5 -3 -6 -4 -3 -3 -7 -2 -5  0 -1 -4 -1 -6 -5 -5 -2  9 -4    0   0   1   0   0   1   1   0   0   0   9   4   0   0   0   0   0   0  82   1  2.41 0.71
  274 K   -3  4  2 -1 -1  2  0 -3 -1 -4 -4  4 -3 -3  0  0 -2 -5 -4 -2    0  22  10   2   1   9   4   0   1   0   0  33   0   1   4   7   1   0   0   3  0.63 0.29
  275 L   -4 -5 -6 -6 -5 -4 -4 -6 -5  3  1 -4  9 -1 -6 -4 -3 -5 -4  0    0   0   0   0   0   0   1   0   0  18  12   0  60   2   0   1   1   0   0   4  1.79 0.58
  276 T   -3  2  4  5 -5 -1 -1 -3 -2 -3 -5  2 -4 -5 -4  0  1 -6 -4 -4    0  11  18  35   0   2   2   0   1   1   0  11   0   0   0   6  11   0   0   1  0.76 0.32
  277 R   -2  3  0 -3 -3 -1 -3 -1  3 -4 -3  1 -3  2  1  2 -2  0  4 -4    1  19   4   0   0   1   0   4   9   0   1   7   0   8   7  17   2   1  18   0  0.48 0.26
  278 E   -2  1  0  0 -5  2  2 -3 -3 -1 -3  4 -3 -5  4 -2 -2 -5 -4 -3    1   7   4   4   0  10  14   1   0   5   2  26   0   0  23   1   2   0   0   1  0.62 0.27
  279 N   -3  3  3 -1  0 -1  1 -4  4 -5 -4  2 -4 -5  3 -1 -3 -5 -3 -5    0  17  18   2   2   1  10   0  12   0   1  14   0   0  17   4   0   0   0   0  0.66 0.29
  280 A    1  5 -2 -4 -1 -2 -3 -3 -3  1 -1 -1  4 -4  1 -1 -2 -5 -4  1   12  37   1   0   1   0   0   1   0   7   4   2  13   0   6   4   1   0   0   9  0.54 0.29
  281 G   -3 -5 -4 -5 -6 -6 -6  8 -6 -8 -8 -5 -7 -7 -6 -4 -5 -6 -7 -7    0   0   0   0   0   0   0  99   0   0   0   0   0   0   0   0   0   0   0   0  2.57 0.70
  282 I   -3 -2 -4 -4 -3  0 -2 -5  2  3  2  1 -1  1 -4 -3 -2 -3  3  2    0   1   0   0   0   4   1   0   5  23  21   9   0   4   0   0   1   0  13  17  0.46 0.24
  283 A    1 -7 -6 -7 11 -6 -7 -2 -7 -2 -2 -7 -2 -4 -6 -4 -5 -6 -6 -2   11   0   0   0  77   0   0   3   0   2   3   0   1   1   0   0   0   0   0   2  2.79 0.72
  284 L   -4 -5 -6 -6  1 -5 -6 -6 -5  4  4 -5 -1 -2 -5 -5 -3 -4 -1  3    0   0   0   0   2   0   0   0   0  26  48   0   0   1   0   0   0   0   2  21  1.03 0.37
  285 I   -5 -6 -7 -7 -5 -6 -7 -7 -7  8 -1 -6 -2 -4 -6 -6 -4 -6 -5  1    0   0   0   0   0   0   0   0   0  90   3   0   0   0   0   0   0   0   0   6  2.17 0.63
  286 I   -4 -6 -6 -6 -4 -6 -6 -6 -6  7  1 -6 -1  4 -6 -5 -4 -5 -3  2    0   0   0   0   0   0   0   0   0  65   8   0   0  16   0   0   0   0   0  11  1.46 0.47
  287 N   -5 -4  9 -3 -6 -4 -4 -4 -3 -7 -7 -4 -6 -7 -6 -1 -4 -7 -6 -7    0   0  95   0   0   0   0   0   0   0   0   0   0   0   0   3   0   0   0   0  2.73 0.77
  288 Q   -5 -3  7 -3 -6  6 -2 -4  3 -6 -3 -3 -5 -6 -5 -3 -4 -6 -5 -6    0   0  57   0   0  32   1   0   6   0   3   0   0   0   0   0   0   0   0   0  1.74 0.59
  289 Q   -3 -1 -1 -2 -4  2  2 -4  5 -3 -2  4  3  0 -4 -2 -3 -4  2 -2    0   1   2   1   0  10  15   0  15   1   2  27   9   3   0   1   0   0   8   3  0.59 0.30
  290 K   -3  1  6  2 -5 -1  0 -3  2 -4 -5  1 -4 -2 -4  1 -1 -3  1 -3    1   6  39  13   0   1   5   0   5   1   0   9   0   1   0   8   3   0   5   1  0.69 0.31
  291 F   -6 -7 -7 -7 -6 -7 -7 -7 -5 -4 -3 -7 -4  9 -7 -6 -6 -3 -1 -5    0   0   0   0   0   0   0   0   0   0   0   0   0  98   0   0   0   0   0   0  3.08 0.78
  292 H    0 -1 -1  3 -1 -1  0 -2  6 -3 -2 -2 -1  1 -2  0 -1 -2  3 -2    9   2   1  17   1   1   4   2  23   1   2   2   1   7   1   5   4   0  12   2  0.43 0.18
  293 R   -2  4 -1 -1 -3  0  1 -2 -2 -3 -2  3 -2 -3  2 -1 -1  4 -2 -2    3  25   1   2   0   3   7   3   1   1   3  24   1   1   9   2   4   6   1   3  0.44 0.17
  294 N    1  0  2  1 -2  0  1 -1  2 -2 -2  0 -1 -2 -1  2  0 -2 -1 -1   12   6  11   8   1   3   9   3   7   2   4   4   1   1   2  19   3   0   1   4  0.16 0.08
  295 V   -1  2 -1 -2 -1 -1 -1 -2 -2 -1  0  0 -1 -2 -1  0  4 -2 -1  1    4  12   2   2   1   2   3   3   1   2   9   7   1   1   3   3  32   0   2  11  0.23 0.12
  296 S    0  0  2  1 -2 -1  0  3 -1 -2 -2 -1 -2 -2 -1  1  0 -2 -1 -2    5   5  10   8   1   2   4  26   1   3   3   3   1   1   2  13   5   0   2   3  0.21 0.08
  297 R    0  1  0  0 -1  0  1 -1 -1  0 -1  0  0 -1  2  1  0 -1 -1  0    6  11   3   5   1   3   9   5   1   6   7   5   2   2  10  10   4   1   2   6  0.07 0.01
  298 D    1  0  1  1  0  0  1  0  0  0 -1  0 -1 -1  0  0  0 -1 -1  0   13   3   8   8   2   4  11   5   1   9   6   6   1   3   3   6   4   1   2   4  0.04 0.01
  299 N    0  1  1  0 -1  0  1 -1  0  0  0  0  0  0  0  0  0 -1  1  0    5  10  10   3   1   3  10   5   2   5  13   4   2   3   4   6   4   1   5   5  0.03 0.01
  300 M    0  1  0  0 -1  0  1 -1 -1 -1 -1  2  0 -1  0  0  0 -1 -1  0    6   7   5   4   1   3   9   4   1   4   6  19   3   2   3   6   7   1   2   7  0.07 0.03
  301 K    0  0  1  1 -1  0  1  0  1 -1 -1  1 -1 -1  0  0  0 -1 -1 -1    9   4  10   8   1   4   9   5   5   3   5  11   1   2   4   6   4   1   2   5  0.08 0.02
  302 F    0  0  0 -1 -1 -1  0 -1 -1  0  1  0  0  1 -1  0  0 -1  1  1    4   4   7   3   1   2   5   5   1   4  15   4   2   7   3   5   4   1   4  17  0.01 0.02
  303 L   -1 -1  0  0 -1  0 -1 -1 -1  0  1 -1  0 -1  3 -1 -1 -1 -1  0    4   4   5   5   1   4   4   4   2   4  23   3   1   3  17   4   3   1   2   8  0.13 0.04
  304 S    0  0  0  0 -1  0  1 -1  0 -1 -1  1 -1 -2  3  1  0 -1 -1 -1    5   4   4   3   1   2  10   5   2   3   5  13   1   2  15  13   6   1   2   4  0.17 0.05
  305 P    0  0  0  0 -1  0  0  0  1 -1  0  0 -1  0  2  0  0 -1 -1 -1    6   3   6   6   1   3   5   7   5   4  15   6   1   4  13   6   4   1   2   4  0.08 0.03
  306 D   -1  1  0  0 -1  2  1 -1  2  0 -1  2 -1 -2 -1  0  2 -2 -1 -1    4   6   4   4   1   9   7   4   6   7   4  13   1   2   2   4  16   1   2   3  0.11 0.06
  307 P   -1  0  1  0 -2  1  1  0  0 -2 -1  1  0 -2  3  1  0 -2 -1 -1    4   3   6   3   1   5   9   6   3   2   5  13   4   1  13  14   4   0   2   3  0.17 0.07
  308 L   -4 -5 -6 -6 -4 -4 -5 -6 -4  2  4 -5  7  0 -1 -5 -4 -4  2 -2    0   0   0   0   0   0   0   0   0   8  41   0  36   3   3   0   0   0   7   0  1.25 0.45
  309 R   -1  1  1  1 -4  0  2  0 -1 -4 -3  3 -3 -4  2  1 -1 -5 -4 -3    4   8   7   7   0   3  13   6   1   0   2  21   0   0   9  14   3   0   0   1  0.34 0.18
  310 R   -1  0  1  4 -1  0  1 -3 -2 -2 -2  0 -2 -2  1 -1  2 -4 -2  0    3   5   6  28   1   4   8   0   0   1   4   5   0   1   7   3  14   0   1   9  0.32 0.19
  311 R   -5  9 -4 -6 -8 -3 -4 -6 -4 -7 -6 -2 -5 -7 -6 -5 -5 -7 -6 -7    0 100   0   0   0   0   0   0   0   0   0   0   0   0   0   0   0   0   0   0  2.85 0.80
  312 D   -2  2  5  1 -4  0 -1 -3  1 -2 -2  1 -1  0 -1  1 -1 -4  0 -4    1  10  32   8   0   3   2   0   4   3   4  10   1   5   3  10   2   0   3   0  0.41 0.23
  313 G   -4 -6 -4 -5 -6 -6 -6  8 -6 -8 -8 -5 -7 -7 -6 -4 -5 -6 -7 -7    0   0   0   0   0   0   0 100   0   0   0   0   0   0   0   0   0   0   0   0  2.61 0.71
  314 T   -3 -5 -2 -5 -5 -4 -4 -5 -5 -5 -5 -4 -4 -6 -5  2  8 -6 -5 -4    0   0   2   0   0   0   0   0   0   0   0   0   0   0   0  13  85   0   0   0  2.03 0.68
  315 D   -2 -2  2  6  1  1  1 -4  3 -4 -3 -2 -3 -4 -4 -1 -1 -6 -4 -4    2   1  11  49   3   6   7   0   7   0   3   1   0   0   0   3   4   0   0   1  0.91 0.36
  316 V    2  0 -3 -4 -3 -2 -2 -4 -4 -1  0  3  1 -2 -4 -2 -1 -4 -1  4   17   5   1   0   0   0   1   0   0   1   8  23   4   1   0   0   2   0   2  34  0.45 0.27
  317 D   -6 -6 -3  9 -8 -4 -2 -5 -5 -7 -8 -5 -7 -8 -6 -4 -5 -8 -7 -7    0   0   0 100   0   0   0   0   0   0   0   0   0   0   0   0   0   0   0   0  2.89 0.79
  318 K    5  2 -4 -4  3  0 -1 -3 -4 -4 -4  3 -4 -5 -4  0 -3 -5 -4 -2   54  11   0   0   6   5   3   0   0   0   1  16   0   0   0   4   0   0   0   1  0.83 0.38
  319 E    2 -1  0  2 -4  1  4  0 -2 -2 -3  0  1 -5 -3 -1 -2 -5 -4 -3   22   2   4  14   0   5  30   8   0   3   1   4   4   0   0   1   1   0   0   0  0.47 0.26
  320 R    3  3  3 -1  1 -1  0 -3  0 -1 -2  1 -2 -4 -3  1 -1 -5 -2 -2   26  16  18   2   3   0   5   0   2   3   3   8   0   0   0   9   2   0   1   1  0.36 0.22
  321 L   -1 -5 -6 -7 -4 -5 -6 -7 -6  0  6 -6 -1 -3 -6 -5 -4 -5 -4  1    5   0   0   0   0   0   0   0   0   3  85   0   0   0   0   0   0   0   0   7  1.52 0.51
  322 I   -1  3  0 -1 -1  0  1 -3 -1 -1 -1  2  1  1 -3  1  1 -3 -2 -2    2  18   3   1   2   2  11   0   1   3   5  15   5   7   0  14   7   0   1   2  0.21 0.16
  323 E   -2  3  1  1 -1  1  3 -3  2 -5 -4  4 -3 -5 -4 -1 -2 -5 -3 -5    2  16   7   8   2   5  24   1   5   0   0  26   0   0   0   2   2   0   0   0  0.64 0.29
  324 V   -1 -1 -4 -5  3 -4 -4 -5 -5 -1 -1 -4 -3 -4 -4 -1  5 -5 -4  4    3   3   0   0   7   0   0   0   0   2   6   0   0   0   0   4  40   0   0  35  0.89 0.40
  325 F   -6 -7 -7 -8 -6 -7 -7 -7 -5 -4 -1 -7  3  9 -8 -6 -6 -3 -1 -4    0   0   0   0   0   0   0   0   0   0   4   0   6  90   0   0   0   0   0   0  2.74 0.73
  326 S   -2  2 -1 -3 -4  2 -1 -3 -2 -3 -3  2  1 -4 -1  3  3 -5 -3 -3    1  11   2   0   0  12   3   1   0   1   1  16   5   0   3  26  18   0   1   1  0.48 0.28
  327 S   -1  0  2  1 -4  0  1 -1 -1 -4 -3  2 -2 -4 -2  2  0  6 -3 -4    4   4  12   9   0   3   9   5   1   0   1  16   1   0   1  15   7  13   0   0  0.43 0.22
  328 M   -5 -5 -7 -7 -5 -5 -6 -7 -6 -2  6 -6  3  4 -6 -6 -4 -4 -3 -2    0   0   0   0   0   0   0   0   0   0  76   0   7  17   0   0   0   0   0   0  1.55 0.51
  329 G   -3 -4  1 -3 -6 -4 -4  6  5 -7 -6  1 -5 -6 -5 -3 -4 -6 -5 -6    0   0   7   1   0   0   0  67  17   0   0   8   0   0   0   1   0   0   0   0  1.59 0.51
  330 Y   -6 -6 -6 -7 -6 -6 -6 -7 -3 -4 -1 -2 -4  8 -7 -6 -5 -2  6 -3    0   0   0   0   0   0   0   0   0   0   4   3   0  61   0   0   0   0  31   1  2.15 0.62
  331 N   -1  0  1  3 -5  0  4 -4 -1 -3 -5  3 -3 -5 -3 -1  2 -5 -4 -4    3   3   7  13   0   2  32   0   1   1   0  20   0   0   0   3  13   0   0   0  0.63 0.30
  332 V   -3 -6 -6 -6 -4 -5 -6 -6 -6  3 -2 -5  0 -4  0 -5  0 -6 -4  6    1   0   0   0   0   0   0   0   0  17   1   0   2   0   4   0   4   0   0  71  1.44 0.50
  333 E   -1  3 -1 -2 -1  1  2 -4  2  1 -2  2 -1 -2 -3 -1 -1 -1 -2  1    4  17   2   1   1   4  15   0   6  10   3  18   1   1   0   1   2   1   1  12  0.26 0.18
  334 A    0 -2  0 -2  1 -1  0 -4  1  2  0 -2  0 -2  1  0  1 -4 -3  3    5   1   5   1   3   2   7   0   5  17   5   1   2   0   6   6   7   0   0  25  0.20 0.16
  335 Y   -2 -1 -1 -3  0 -2 -1 -3  5 -4 -1  1 -3  4 -5 -3 -4 -2  6 -3    4   2   2   1   2   1   4   2  15   0   4   9   0  18   0   0   0   0  35   1  0.93 0.37
  336 D   -4  1  6  3 -5  1  2 -4  1 -5 -5  1 -4 -5 -3 -1  0 -4 -4 -4    0   8  40  17   0   5  11   0   3   0   0   7   0   0   1   1   5   0   0   1  0.85 0.35
  337 N   -5 -4  6  7 -7 -4 -2 -4 -4 -7 -7 -1 -6 -7 -5 -3 -4 -8 -6 -7    0   0  36  61   0   0   0   0   0   0   0   3   0   0   0   1   0   0   0   0  1.96 0.60
  338 V   -3 -2 -4 -5  4  2 -4 -5 -2  1  4 -2 -1 -3 -5 -2 -3 -4 -2  2    1   2   0   0   9  11   0   0   1   5  49   2   0   0   0   3   0   0   1  16  0.68 0.32
  339 D   -2 -3  0  1 -3 -3 -1 -3 -4 -4 -5  2 -3 -5 -1  1  6 -6 -5 -3    1   0   4   9   0   0   3   1   0   0   0  13   0   0   3   9  56   0   0   1  0.99 0.43
  340 H    2  1 -3 -3  5 -2 -1 -3  6 -3 -4  2 -3 -4 -4 -1 -2 -5 -2  1   22   8   0   1  13   1   2   1  24   0   0  13   0   0   0   3   1   0   1  10  0.67 0.32
  341 M    0  0  0  1 -4  1  3 -1 -1 -2  0  2  0 -3 -3  0 -1  0 -2 -2    7   3   3   9   0   4  27   4   1   2  12  13   3   0   0   6   2   1   1   2  0.24 0.16
  342 G   -1 -1 -1  2 -5  3  5 -1 -1 -5 -5  2 -2 -6 -4 -2 -1 -5 -4 -4    4   2   2  13   0  14  41   5   1   0   0  13   1   0   0   1   2   0   0   0  0.77 0.33
  343 I   -4 -6 -6 -7 -5 -5 -6 -7 -6  6  1 -5  8 -3 -6 -5 -4 -5 -4  0    0   0   0   0   0   0   0   0   0  47  10   0  38   0   0   0   0   0   0   5  1.69 0.55
  344 I   -2  1 -3 -2  2  1  1 -3  0  1  2  1  2  0 -4 -2 -2 -3  0  0    0   8   0   1   6   6  10   1   3   7  26  12   6   5   0   1   0   0   2   7  0.21 0.16
  345 E   -2  0  1  2 -4  3  4 -3  3 -5 -2  2 -3 -5 -3 -1 -1 -5 -3 -4    2   3   7  11   0  14  29   1   7   0   4  15   0   0   0   4   3   0   0   0  0.59 0.28
  346 R   -1  0 -2 -3 -1  0 -1 -2  0  1  2  1  1  0 -3 -1  0 -3 -2  2    3   4   1   1   1   4   2   3   3   8  24  13   2   5   0   1   8   0   0  16  0.14 0.12
  347 I   -4 -4 -6 -6 -4 -4 -5 -6 -5  4  4 -2  4 -1 -5 -5 -3 -4 -2  2    0   0   0   0   0   0   0   0   0  27  46   3  10   2   0   0   0   0   1  10  0.95 0.35
  348 R   -3  4  0  0 -2  3  2 -3  2 -4 -2  3 -1 -4 -4 -1 -1 -3  0 -4    0  24   5   3   1  13  11   1   4   1   3  24   1   0   0   2   3   0   3   0  0.55 0.26
  349 S   -1 -1  3  2  1  2  2 -2  1 -2 -3  0 -1 -2 -3  2 -1 -4  0 -3    5   2  14  10   3  10  17   1   3   2   1   6   1   1   0  15   3   0   5   1  0.30 0.18
  350 A    3 -1 -3 -4 -2  0 -3 -4  0  2 -1 -2 -1  0 -4 -2  0 -2  3  3   26   3   0   0   1   5   1   0   2  11   3   1   0   2   0   0   7   0  14  25  0.39 0.25
  351 C    0 -1 -2 -3  5  2 -3 -3 -3  0 -1  0 -3 -3  0  4 -1 -5 -4  0    5   3   1   0  13  11   0   1   0   5   4   6   0   0   5  35   1   0   0   9  0.47 0.28
  352 D   -2  0  1  1 -3  2  3 -3  2 -5 -4  4 -2 -5 -1  0 -1 -5 -4 -4    2   2   7   8   1  10  19   0   4   0   1  32   1   0   2   7   3   0   0   0  0.57 0.27
  353 R   -1  2  0  3 -4 -1  3 -3  4 -3 -3  0  2 -2 -3 -1 -1 -4  0 -3    3  13   3  19   0   1  25   0  10   0   2   4   6   2   0   4   3   0   3   1  0.44 0.23
  354 S   -3 -3  0  6 -5 -3 -1  0  6 -3 -5 -2 -5 -5 -4  1 -1 -6 -4 -2    1   1   3  43   0   0   1   9  20   1   0   2   0   0   0  12   4   0   0   3  0.97 0.38
  355 L   -1 -2  0 -3 -5  0 -1 -4  8 -2  0  1 -2 -1 -3 -2 -1 -5 -2  0    6   1   4   0   0   4   2   0  45   2   8  10   0   3   1   2   4   0   0   7  0.92 0.37
  356 V   -2 -1  1  4 -4  0 -1 -3  0 -3  0  0 -3 -4 -2  3  0 -5 -3 -2    1   3   6  29   0   3   2   0   2   1   9   6   0   0   1  29   4   0   1   2  0.47 0.27
  357 R    0  4  3 -2 -5 -1  0  0  3 -5 -4  2 -3 -1  0 -1 -2 -3  3 -4    6  23  16   1   0   1   4   8   7   0   0  13   0   2   5   3   1   0  11   0  0.45 0.24
  358 D   -1 -4 -1  7  1 -3 -1 -4 -1 -5 -6 -4 -5 -6 -4  3 -3 -7 -5 -2    6   0   2  59   3   0   1   0   1   0   0   0   0   0   0  25   0   0   0   3  1.36 0.49
  359 S   -3 -6 -5 -3 10 -5 -5 -5 -2 -5 -5 -5 -3 -6 -6  4 -3 -6 -6 -3    1   0   0   1  58   0   0   0   1   0   0   0   1   0   0  36   0   0   0   1  2.35 0.68
  360 L   -5 -2 -6 -7 -5 -6 -6 -7 -5  1  2 -6 -2  8 -7 -6 -5 -3 -1 -3    0   3   0   0   0   0   0   0   0   6  19   0   1  70   0   0   0   0   0   1  1.90 0.57
  361 V    0 -5 -5 -5 -4 -4 -2 -5 -5  4 -1 -5  2  3 -5 -4 -3 -4 -3  5   10   0   0   0   0   0   3   0   0  21   2   0   6  11   0   0   0   0   0  46  0.90 0.36
  362 V   -4 -6 -6 -7 10 -6 -7 -6 -6 -1  1 -6 -3  2 -6 -5 -4 -5 -4  3    0   0   0   0  56   0   0   0   0   3  14   0   0   8   0   0   0   0   0  19  1.99 0.57
  363 F   -3 -6 -2 -7 10 -6 -7 -6 -6  1 -4 -6 -4 -1 -6 -3 -4 -6 -5  4    1   0   3   0  58   0   0   0   0   9   0   0   0   2   0   1   0   0   0  26  2.13 0.60
  364 I   -4 -6 -6 -6 -4 -6 -6 -7 -6  7  3 -6  1  1 -6 -5 -4 -5 -3  1    0   0   0   0   0   0   0   0   0  62  24   0   2   6   0   0   0   0   0   6  1.37 0.45
  365 L   -5 -6 -7 -7 -5 -6 -6 -7 -6 -2  7 -6  0 -3 -5 -6 -5 -5 -5 -3    0   0   0   0   0   0   0   0   0   0  99   0   1   0   0   0   0   0   0   0  2.00 0.62
  366 S   -3 -4 -3 -4 -5 -4 -4 -4 -5 -6 -6 -4 -5 -5 -5  7  2 -7 -5 -5    0   0   0   0   0   0   0   0   0   0   0   0   0   0   0  88  11   0   0   0  1.93 0.68
  367 H   -6 -5 -4 -6 -8 -4 -5 -7 11 -8 -7 -5 -6 -6 -7 -5 -6 -7 -3 -8    0   0   0   0   0   0   0   0 100   0   0   0   0   0   0   0   0   0   0   0  3.94 0.96
  368 G   -4 -6 -4 -5 -6 -6 -6  8 -6 -8 -8 -5 -7 -7 -6 -4 -5 -6 -7 -7    0   0   0   0   0   0   0 100   0   0   0   0   0   0   0   0   0   0   0   0  2.61 0.71
  369 F   -3 -2 -1  4  1  0  4 -3 -1 -1 -4  1 -2  1 -4 -2 -1 -4  1 -1    0   1   1  26   3   4  28   1   1   5   0  11   1   6   0   0   4   0   5   4  0.53 0.27
  370 E   -3  1  0  0 -5  1  5 -2 -3 -5 -3  4 -3  1 -3 -1 -2 -5 -2 -3    0   7   3   4   0   6  38   2   0   0   2  24   0   6   0   4   2   0   1   1  0.66 0.31
  371 E   -3 -5  1  1 -6 -5 -2  7 -5 -7 -7 -4 -6 -7 -5 -3 -5 -6 -6 -7    0   0   7   9   0   0   3  80   0   0   0   0   0   0   0   0   0   0   0   0  1.82 0.55
  372 A    2 -3 -2 -4 -1 -2 -3  0  4  3  0 -1  0 -2 -4 -1 -1 -4 -2  2   21   0   1   0   1   1   0   9  11  23   9   3   2   1   0   3   1   0   0  13  0.30 0.20
  373 V   -4 -6 -5 -6 -4 -6 -6 -7 -6  6 -2 -6 -2  0 -6 -5 -4 -6 -4  5    0   0   0   0   0   0   0   0   0  54   0   0   0   3   0   0   0   0   0  42  1.58 0.51
  374 Y   -6 -6 -6 -7 -6 -6 -6 -7 -2  1 -4 -6 -3  4 -7 -6 -5 -2  9 -4    0   0   0   0   0   0   0   0   0  10   0   0   1  12   0   0   0   0  78   0  2.55 0.72
  375 A    2 -5 -3 -4 -5 -4 -4  6 -5 -6 -6 -4 -5 -6 -1  2 -1 -6 -6 -5   16   0   0   0   0   0   0  65   0   0   0   0   0   0   3  14   3   0   0   0  1.37 0.46
  376 S    2 -3 -3 -4  1 -3 -3 -3 -2 -3 -4  0 -3 -3 -4  3  4  2  1  0   16   1   0   0   3   0   0   0   0   1   0   7   0   0   0  23  33   3   5   8  0.59 0.33
  377 N   -5 -5  4  8 -7 -4 -2 -5 -4 -7 -7 -4 -7 -7 -5 -4 -4 -8 -7 -7    0   0  21  78   0   0   1   0   0   0   0   0   0   0   0   0   0   0   0   0  2.25 0.66
  378 S   -1 -3  0 -1  0 -2  2  5 -3 -5 -5 -2 -4 -5 -4  3 -3 -3 -4 -4    3   0   3   3   2   1  14  48   0   0   0   1   0   0   0  23   0   0   0   0  0.90 0.35
  379 I    1 -1 -2 -2  2  3  0 -2 -2  2 -1  1 -1 -1 -2 -1  0 -3 -2  2   12   2   1   1   5  18   6   1   1  13   2  11   1   2   1   1   6   0   1  15  0.19 0.14
  380 A    1 -1 -3 -2 -4 -1  4 -3 -2 -3  0  2 -3 -3  4  0  0 -4 -3 -3   11   2   0   0   0   1  29   0   1   0  12  12   0   1  20   5   5   0   0   1  0.51 0.26
  381 M    0 -1 -4 -5 -1 -4 -4 -4 -4  4  1 -3  2 -3 -4 -3 -2 -4 -3  5    8   3   0   0   1   0   0   0   0  23  10   1   5   0   0   0   1   0   0  44  0.74 0.29
  382 K   -1 -1 -1  1 -2 -1  2 -4 -3 -5 -4  3 -4 -5  5  2 -3 -6 -5 -4    4   2   2   7   1   1  17   0   0   0   1  18   0   0  28  20   0   0   0   0  0.76 0.33
  383 I   -4 -6 -6 -6 -4 -5 -5 -7 -6  7  2 -5  0  0 -6 -5 -3 -5 -4  2    0   0   0   0   0   0   1   0   0  63  20   0   1   3   0   0   1   0   0  12  1.36 0.45
  384 T   -2  3 -2  0 -3  2  3 -4 -2 -3 -4  4 -3 -3 -2  0  1 -4  2 -3    2  15   1   3   1  10  19   0   0   1   0  25   0   0   1   6   8   0   9   1  0.53 0.27
  385 D    1 -2 -1  3 -4 -1  4 -3 -2 -3 -3  1  0 -4 -3  0  2 -5 -2 -3   11   1   1  20   0   1  30   1   0   1   1   8   3   0   0   4  15   0   1   1  0.52 0.27
  386 I   -4 -6 -6 -7 -4 -5 -6 -7 -6  6  4 -6  1 -3 -6 -5 -4 -5 -4  0    0   0   0   0   0   0   0   0   0  51  45   0   2   0   0   0   0   0   0   1  1.47 0.48
  387 E   -3 -3 -3 -3 -5  2  3 -5 -4 -3 -4 -1  3 -4 -4 -2  6 -5 -5 -2    1   1   0   0   0   8  23   0   0   0   0   3   9   0   0   0  52   0   0   3  1.08 0.47
  388 D    0  1  2  1 -1 -1 -2  0  2 -4 -4  0 -3 -4 -3  4  1 -5 -2 -3    8   7  11   8   2   2   1   6   6   0   0   4   0   0   0  37   7   0   1   1  0.45 0.26
  389 L   -1 -3 -2 -4  0 -2 -2 -4  5  1  2 -1  2  1 -3 -1 -2 -3  3  0    4   0   2   0   2   1   1   0  16   9  24   5   5   6   1   6   1   0  11   7  0.32 0.19
  390 L   -5 -6 -6 -7 -5 -6 -6 -7 -5  2  2 -4  3  8 -7 -6 -5 -3 -1 -2    0   0   0   0   0   0   0   0   0  10  15   1   6  66   0   0   0   0   0   2  1.74 0.53
  391 C   -2 -1 -2  5  6 -3 -3 -4 -4 -5 -5 -1 -4 -6 -4 -2  4 -6 -4 -4    3   4   0  36  19   0   0   0   0   0   0   4   0   0   0   0  32   0   0   0  1.19 0.46
  392 S    2  2  0 -3  5 -2 -3  3 -2 -4 -4  1 -4 -4 -4  2 -2 -4 -1 -4   17  14   3   1  13   0   0  24   0   0   0   9   0   0   0  14   1   0   3   0  0.53 0.26
  393 Y   -3 -1 -1  0  9  1  0 -5 -3 -2 -2 -1  0 -4 -4 -3 -3 -5  1 -3    1   3   3   7  50   8   6   0   0   2   3   4   3   0   1   1   1   0   5   1  1.32 0.44
  394 D   -3  3  1  2 -5  3  2 -3  0 -4 -4  3 -2 -5  3 -2 -2 -5 -4 -4    1  16   8  10   0  16  12   1   2   0   0  17   1   0  13   0   1   0   0   0  0.61 0.28
  395 T    0 -1  0 -2  5 -2 -2 -1  0 -3 -3 -1 -2 -4 -3  4  2 -4 -3 -2    6   3   4   1  14   1   1   4   2   1   1   2   1   0   1  43  14   0   0   2  0.67 0.29
  396 L   -5 -5 -6 -7 -5 -5 -6 -7 -6 -1  6 -6 -1 -1 -6 -2 -4 -5 -4 -2    0   0   0   0   0   0   0   0   0   2  92   0   0   2   0   3   0   0   0   1  1.72 0.55
  397 Y    3  0 -3 -4 -3 -2 -2 -3  1 -1  0  1 -1 -3 -3 -1  1 -4  0  2   35   5   1   0   0   1   1   0   4   2   9   8   1   0   0   2   8   0   3  20  0.33 0.23
  398 Y   -3 -4  1  2 -6 -3  2  6  1 -6 -6 -3  0 -6 -5 -3 -4 -6 -4 -6    1   0   7  11   0   0  12  61   4   0   0   0   3   0   0   0   0   0   1   0  1.22 0.43
  399 K   -4 -1 -4 -4 -6  0 -3 -5 -4 -1 -5  7  1 -6 -5 -4 -4 -6 -5  0    0   1   0   0   0   3   0   0   0   4   0  81   3   0   0   0   0   0   0   8  1.73 0.60
  400 P   -5 -6 -6 -6 -7 -5 -5 -2 -3  1 -6 -5 -3 -7  8 -5 -5 -8 -7 -4    0   0   0   0   0   0   0   3   1   8   0   0   1   0  87   0   0   0   0   1  2.70 0.74
  401 K   -5 -2 -4 -5 -7 -2 -3 -6 -5 -7 -7  8 -5 -7 -5 -4 -5 -7 -6 -6    0   0   0   0   0   0   0   0   0   0   0 100   0   0   0   0   0   0   0   0  2.57 0.77
  402 L   -4 -5 -6 -6 -4 -5 -5 -6 -6  4  5 -5  0 -2 -5 -2 -3 -5 -4  3    0   0   0   0   0   0   0   0   0  23  53   0   0   1   0   3   0   0   0  20  1.07 0.39
  403 L   -5 -6 -6 -7 -5 -6 -6 -7 -5 -1  2 -6  1  8 -7 -6 -5 -3 -1  1    0   0   0   0   0   0   0   0   0   2  20   0   3  65   0   0   0   0   0  10  1.73 0.53
  404 I   -5 -6 -6 -7 -5 -6 -7 -7 -5  5 -1 -6 -3  7 -7 -6 -5 -3 -1  1    0   0   0   0   0   0   0   0   0  39   2   0   0  53   0   0   0   0   0   7  1.76 0.54
  405 I   -2 -6 -7 -7 -4 -6 -6 -7 -6  8  0 -6 -2 -3 -6 -5 -4 -6 -2  2    3   0   0   0   0   0   0   0   0  80   6   0   0   1   0   0   0   0   1  10  1.79 0.55
  406 Q   -5 -3 -4 -5 -7  9 -2 -6 -4 -7 -7 -3 -5 -8 -6 -4 -5 -6 -6 -7    0   0   0   0   0 100   0   0   0   0   0   0   0   0   0   0   0   0   0   0  3.03 0.90
  407 A    7 -5 -5 -5 -4 -4 -5 -3 -5 -5 -5 -4 -5 -6 -4 -1 -4 -6 -6 -4   97   0   0   0   0   0   0   0   0   0   0   0   0   0   0   3   0   0   0   0  2.07 0.68
  408 C   -5 -8 -7 -8 12 -8 -8 -7 -8 -6 -6 -8 -6 -7 -7 -5 -5 -7 -7 -5    0   0   0   0 100   0   0   0   0   0   0   0   0   0   0   0   0   0   0   0  4.28 0.98
  409 Q   -5  5 -4 -4 -7  8 -2 -6 -3 -7 -6 -2 -4 -7 -5 -4 -5 -6 -5 -6    0  34   0   0   0  66   0   0   0   0   0   0   0   0   0   0   0   0   0   0  2.17 0.70
  410 E   -3 -4 -3 -3 -5 -1 -1  7 -4 -5 -6 -3 -5 -5 -5 -3 -4 -5 -5 -3    0   1   0   1   0   2   4  84   0   0   1   1   0   0   0   0   0   0   0   3  1.79 0.51
  411 K   -2 -1  1  4 -3  0  2 -3 -2 -4 -4  3 -3 -4 -3  1  3 -5 -3 -3    1   2   7  23   0   2  11   1   0   0   0  18   0   0   0  11  20   0   1   0  0.55 0.26
  412 L    0 -1  2  2 -4  1  4 -2 -2 -1 -2  1 -2 -4 -1  0  0 -4 -3 -1    8   1  11   9   0   4  33   2   0   4   2   7   1   0   2   6   4   0   0   5  0.36 0.19
  413 V   -1 -1 -3 -2  3 -2 -2 -3  1  2  2 -2  0  2 -2 -1 -1 -2  2  1    3   3   0   1   7   1   2   1   4  12  27   3   1   8   2   3   3   0  10   9  0.22 0.13
  414 H   -3 -3 -1  5 -6  6  0  0  3 -5 -5 -2 -4 -6 -3 -2 -4 -5 -4 -5    1   0   2  38   0  37   3   8   7   0   1   0   0   0   1   1   0   0   0   0  1.20 0.45
  415 K   -2  1 -1  2  3  0  1 -2 -1 -3 -3  3 -3 -1  2  1 -1 -4 -3 -3    1   7   1  13   8   4   8   2   1   1   2  23   0   3  12  11   2   0   0   1  0.37 0.20
  416 K    1 -2 -2 -1 -4 -1 -1  5 -4 -1 -3 -1 -2 -4  1  1 -2 -5 -4  0   10   1   1   2   0   2   3  46   0   4   2   3   1   0   7   9   1   0   0   6  0.57 0.26
  417 K   -2 -4  0 -1 -3 -1 -1 -4 -4  4 -1 -1  0 -3  1 -2  0 -5 -3  4    2   0   6   3   0   2   5   1   0  27   2   4   2   0   6   3   5   0   0  32  0.45 0.25
  418 P    0 -1  0  0 -3  2  3 -3  0 -2 -2 -2 -2 -2  3  1  1 -4  0 -1    6   3   5   5   0  11  21   1   2   1   4   0   0   2  14  10   8   0   3   5  0.28 0.18
  419 N    1 -3  2  2 -2 -2 -2 -1 -1  3 -2 -2 -2 -3 -2  0  2 -5 -3  2   10   1  12  12   0   1   0   3   2  17   1   1   0   0   1   5  16   0   0  18  0.27 0.20
  420 E   -2 -3  0  4 -5  0  4 -2 -3 -2 -2 -1 -2 -3  0  0 -1 -5 -3 -2    2   0   4  29   0   4  35   2   0   2   3   1   1   1   5   5   3   0   1   2  0.67 0.31
  421 L    1 -1 -1 -1 -3 -1 -2 -1 -3  0  0 -2 -1 -3  0  2  3 -4 -1  0   12   3   1   3   0   1   1   4   0   4  11   1   1   0   4  21  25   0   2   6  0.25 0.19
  422 F   -1 -3  0  5 -2 -2 -1  1 -3 -1 -1 -3 -3  0 -3 -1  1 -4  1  0    3   1   2  37   1   1   2  13   0   4   6   0   0   5   0   2   9   0   5   7  0.42 0.23
  423 R    2  0 -1  2 -3  0  2 -1 -3 -2 -3  0 -1 -4  1  3  0 -5 -4 -2   18   5   1  10   0   4  14   3   0   2   1   4   2   0   7  24   3   0   0   2  0.33 0.21
  424 I   -1 -1 -1  3 -1 -1  1 -1  0  1  0 -2 -1 -3  0  0  0 -4 -3  1    2   3   1  19   1   1  11   6   3  12   8   1   1   0   4   7   5   0   0  15  0.16 0.13
  425 D   -2 -3  4  5 -5  1  3  0 -2 -3 -5 -2 -4 -3 -1  0 -2 -5 -4 -3    2   0  18  32   0   6  17   8   1   1   0   0   0   1   2   8   2   0   0   1  0.66 0.28
  426 V    1 -2 -1  1  0  1  0  0 -1 -1 -1  0  2 -3  3  0  0 -4 -3 -1   13   1   2   9   2   9   5   6   1   3   5   4   7   0  17   7   5   0   0   4  0.21 0.13
  427 T    1  0 -1  1 -2  0  2 -1 -2 -2 -2  0  0 -4  2  1  2 -4 -2 -2   11   5   1  10   1   3  16   4   0   2   3   4   3   0  11   9  18   0   1   2  0.25 0.16
  428 T    0  0  1  2  4  0 -1 -2  0 -2 -3 -1 -3 -3 -1  2  2 -4 -1 -1    7   4   7  11  11   4   3   1   3   1   1   2   0   1   3  18  17   0   2   5  0.27 0.18
  429 V    1  0  0  0 -2  2  1 -2  1 -1 -2  0 -2 -1 -2  1 -1 -3  2  1   10   4   5   5   0  14   8   1   4   3   1   4   0   2   1  14   3   0  10  11  0.17 0.15
  430 S   -2  0  1 -1  3 -1 -1 -1 -1 -3 -3  3 -3 -2 -2  3  1 -3  3 -3    1   3   8   3   7   1   3   4   1   0   1  20   0   1   1  23  10   0  12   1  0.36 0.23
  431 P   -1 -4 -4 -5 -4 -3 -5 -6 -5  6  0 -3 -2 -1  4 -4 -4 -5 -3 -1    5   1   1   0   0   1   0   0   0  57   7   2   0   2  23   0   0   0   1   1  1.20 0.45
  432 D   -4 -2 -4 -1 -2 -4 -2 -2  0 -4 -1 -2 -5 -4  8 -1 -3 -6 -5 -3    0   3   1   3   1   0   2   4   2   1   7   2   0   1  68   4   1   0   0   2  1.69 0.53
  433 Q    2  0 -1  2 -3  2  0 -4 -3 -1 -3  0 -2 -4 -2  0 -1 -5 -1  4   17   5   3  10   0  10   6   0   0   1   0   5   0   0   1   4   2   0   2  34  0.34 0.25
  434 H   -3 -2 -3  0 -6 -1  6  0  2 -5 -4  0 -4  1 -4 -2 -2 -4  3 -5    1   1   0   4   0   1  55   7   6   0   1   5   0   6   0   2   2   0   9   0  0.93 0.40
  435 I    6 -2 -4 -3 -4 -4 -3 -2 -4 -1 -3 -1  0 -5 -4  0 -1 -6 -5 -2   73   2   0   1   0   0   1   1   0   4   1   4   3   0   0   6   3   0   0   1  1.10 0.46
  436 D   -6 -5  3  8 -7 -4 -2 -5  0 -7 -8 -4 -7 -7 -5 -4 -5 -8 -7 -7    0   0  14  83   0   0   0   0   2   0   0   0   0   0   0   0   0   0   0   0  2.35 0.70
  437 M   -6 -6 -7 -7 -6 -7 -7 -7 -5 -2  0 -7  3  9 -7 -6 -6 -3 -1 -3    0   0   0   0   0   0   0   0   0   2   6   0   8  83   0   0   0   0   0   1  2.45 0.69
  438 L   -4 -5 -6 -7  2 -5 -6 -7 -6  0  6 -6  1  1 -6 -5 -4 -5 -3  0    0   0   0   0   5   0   0   0   0   3  78   0   3   5   0   0   0   0   1   5  1.40 0.48
  439 R   -4  0 -5 -5 -4 -4 -4 -5 -3  2  3 -2  4  2 -5 -4 -1 -3  4  0    0   5   0   0   0   0   0   0   0  11  33   2  13   7   0   0   4   0  19   6  0.68 0.30
  440 A    4 -5 -4 -5  4 -4 -4  4 -4 -4 -4 -4 -4  3 -5 -3 -4 -4  2 -3   41   0   0   0   8   0   0  30   0   0   0   0   0  14   0   0   0   0   7   1  0.96 0.41
  441 M   -5 -4 -4 -7 -5 -4 -6 -6 -4 -3  0 -5  8  0 -6 -3 -5  6  6 -4    0   1   1   0   0   0   0   0   0   0   8   0  43   3   0   2   0  10  32   0  1.81 0.61
  442 S    4 -4 -3 -4 -4 -4 -4 -3 -5 -5 -6 -4 -5 -6 -2  6 -2 -6 -5 -4   39   0   0   0   0   0   0   0   0   0   0   0   0   0   1  60   0   0   0   0  1.49 0.58
  443 T   -4 -5 -4 -5 -5 -4 -5 -5 -5 -4 -5 -4 -4 -6 -5 -1  8 -6 -5  0    0   0   0   0   0   0   0   0   0   0   0   0   0   0   0   3  90   0   0   7  2.15 0.72
  444 V    3 -5 -5 -5 -3 -4 -5 -4 -5  2  0 -4  2 -1 -5 -3 -3 -5 -4  5   29   0   0   0   0   0   0   0   0   9   8   0   6   2   0   1   0   0   0  45  0.87 0.38
  445 N   -3 -3  2 -1 -6  4  0 -4 -2 -6 -6 -1 -5 -7  7 -2 -4 -6 -6 -6    1   1  10   4   0  18   5   0   1   0   0   3   0   0  54   3   0   0   0   0  1.51 0.51
  446 G   -3 -3  2  1 -6 -3 -1  7 -5 -7 -7 -4 -6 -6 -5 -2 -4 -6 -5 -6    0   1  10   9   0   1   3  73   0   0   0   0   0   0   0   3   0   0   0   0  1.58 0.51
  447 Y   -5 -6 -6 -4  4 -6 -6 -7 -1 -5 -3 -6 -4  5 -7 -5 -3 -2  9 -5    0   0   0   1   9   0   0   0   1   0   1   0   0  22   0   0   1   0  64   0  2.24 0.67
  448 A    0 -4 -4 -4 -4 -4  0 -4 -2  0 -1 -3 -2  0 -1 -2 -3 -3  6  4    8   0   0   1   0   0   9   1   0   3   5   0   0   3   3   3   0   0  29  34  0.71 0.35
  449 A    3 -5 -3 -4 -4 -4 -4 -4 -5 -6 -6 -4 -5 -6 -4  7 -2 -6 -5 -5   21   0   0   0   0   0   0   0   0   0   0   0   0   0   0  79   0   0   0   0  1.74 0.65
  450 L   -5 -5 -5 -6 -2 -4 -5 -6  3  1  0 -5  2  4 -6 -5 -4  9  5  0    0   0   0   0   1   1   0   0   6   8   8   0   6  15   0   0   0  26  22   7  1.36 0.45
  451 R   -6  9 -5 -6 -8 -3 -4 -7 -4 -7 -6 -2 -6 -7 -6 -5 -5 -7 -6 -7    0 100   0   0   0   0   0   0   0   0   0   0   0   0   0   0   0   0   0   0  2.87 0.82
  452 H   -4 -4  6  1 -6 -3  0 -4  8 -3 -5 -4 -5 -5 -5  1 -4 -6 -3 -6    0   0  35   8   0   0   6   0  36   2   1   0   0   0   0  11   0   0   0   0  1.48 0.52
  453 T   -2 -3 -3 -3 -4 -2  1 -4 -4  0 -3  2 -2 -5  4  1  4 -5 -4  1    2   0   0   0   0   0   8   0   0   5   0  13   0   0  21  11  31   0   0   9  0.65 0.33
  454 Q    0  0 -1 -1 -3  1  2  1  0  0 -1  1  2 -3 -3  0  0 -3 -2  0    6   5   2   2   0   8  16  10   3   5   5  11   7   0   0   5   6   0   0  10  0.12 0.11
  455 T   -3  2  2  1 -3  2  4 -4  0 -5 -4  2 -2 -4 -3 -1  1 -5  0 -4    0  10  12   7   1  10  27   0   2   0   1  15   1   0   0   3   8   0   3   0  0.53 0.27
  456 G   -4 -6 -4 -5 -6 -6 -6  8 -6 -8 -8 -5 -7 -7 -6 -4 -5 -6 -7 -7    0   0   0   0   0   0   0 100   0   0   0   0   0   0   0   0   0   0   0   0  2.64 0.73
  457 S   -1 -4 -3 -4 -4 -4 -4 -4 -5 -6 -6 -4 -5 -6 -4  7  4 -6 -5 -5    3   0   0   0   0   0   0   0   0   0   0   0   0   0   0  76  21   0   0   0  1.70 0.62
  458 W   -7 -7 -8 -9 -7 -7 -8 -7 -7  0 -4 -4 -6 -4 -8 -7 -7 13 -2 -7    0   0   0   0   0   0   0   0   0   5   2   1   0   0   0   0   0  92   0   0  4.47 1.02
  459 F   -6 -6 -7 -7 -6 -6 -7 -7 -3 -4 -4 -6 -4  8 -7 -6 -6 -2  7 -5    0   0   0   0   0   0   0   0   0   0   0   0   0  64   0   0   0   0  36   0  2.52 0.69
  460 I   -5 -7 -7 -7 -5 -6 -7 -7 -7  8 -2 -6  1 -4 -6 -6 -4 -6 -5  2    0   0   0   0   0   0   0   0   0  87   0   0   3   0   0   0   0   0   0   9  2.15 0.63
  461 G   -5 -3 -4 -3 -7  9 -2 -1 -4 -7 -6 -3 -5 -7 -5 -3 -5 -6 -6 -6    0   0   0   1   0  93   1   4   0   0   0   0   0   0   0   1   0   0   0   0  2.64 0.82
  462 S    2 -4 -3  1  1 -3  2 -3 -4  0 -4 -3 -4 -5 -4  5  0 -5 -4 -3   19   0   0   7   3   0  13   0   0   6   1   0   0   0   0  46   3   0   0   1  0.72 0.37
  463 L   -5 -5 -7 -7 -5 -5 -6 -7 -6 -1  6 -6 -1  1 -2 -6 -4 -5 -4  0    0   0   0   0   0   0   0   0   0   1  86   0   0   5   3   0   0   0   0   5  1.57 0.52
  464 C   -5 -8 -7 -8 12 -7 -8 -7 -7 -6 -6 -7 -6 -7 -7 -2 -5 -7 -2 -5    0   0   0   0  96   0   0   0   0   0   0   0   0   0   0   3   0   0   2   0  3.98 0.93
  465 D    0  0  3  3 -4  3  2 -2 -1 -4 -4  1 -3 -5 -3  1 -1 -5 -1 -3    8   4  13  16   0  15  16   1   1   0   0  10   0   0   0  11   2   0   2   1  0.46 0.23
  466 A    1 -2  0 -3 -3 -1 -1 -3  4  1 -1  0  5 -2 -1  0  0 -4 -2  1   12   1   4   0   0   1   3   0  14   9   3   7  18   1   3   8   6   0   0  12  0.30 0.21
  467 I   -4 -5 -6 -6 -4 -5 -6 -7 -6  4  5 -5  2  0 -6 -5 -3 -5 -4  0    0   0   0   0   0   0   0   0   0  21  68   0   3   3   0   0   1   0   0   4  1.29 0.43
  468 D   -2  3  1 -1 -5  3  3 -1 -1 -5 -3  3 -2 -5 -3 -1 -2 -5 -4 -3    2  17   6   3   0  16  18   4   1   0   1  23   1   0   0   3   1   0   0   2  0.58 0.27
  469 R   -3  2  0 -1  0  2  3 -4 -1 -4  0  3 -2 -4 -3 -1  0 -4  0 -4    0   9   3   3   2  11  24   0   1   0  10  23   0   0   0   4   5   0   3   0  0.45 0.25
  470 R   -3  2 -2 -4 -1 -3 -2 -2  5 -3  1 -1 -2  2 -5  0 -3  0  5 -2    0  14   1   0   1   0   1   4  19   0  16   4   0   8   0   7   1   1  22   2  0.58 0.29
  471 S    2 -4 -2 -4  6 -4 -3  4 -4 -5 -5 -3 -4 -5  3  1 -3 -5 -1 -4   17   0   1   0  18   0   1  33   0   0   0   1   0   0  13  11   0   0   3   0  0.84 0.35
  472 A   -1  3  2  1 -3  0 -1 -2  3 -5 -5  3 -4 -5  3  1 -1 -5 -3 -4    4  19  10   6   0   2   1   2   7   0   0  17   0   0  17   8   4   0   0   0  0.52 0.25
  473 S   -2  4  1 -1 -4  3  1 -1  2 -4 -4  3 -3 -5 -3  2 -1 -5 -2 -3    0  22   5   2   0  12   8   5   5   0   0  20   0   0   0  15   2   0   1   2  0.50 0.26
  474 E   -2 -2 -3  2 -5 -1  4 -5 -3 -1  3 -1 -1 -3 -4 -3 -3 -5 -1 -2    2   2   1  13   0   1  34   0   0   3  36   2   1   0   0   0   0   0   3   2  0.63 0.33
  475 H   -4 -4 -2  5 -6 -2  4 -5  6 -6 -6 -3 -5 -6 -1 -2  0 -6 -4 -5    0   0   0  33   0   1  32   0  21   0   0   0   0   0   3   2   7   0   0   0  1.23 0.46
  476 I   -4 -5 -2 -6 -4 -5 -6 -6 -5  5  3 -5  0  5 -6 -5 -4 -4 -2  1    0   0   3   0   0   0   0   0   0  42  23   0   2  22   0   0   0   0   0   6  1.03 0.38
  477 A    0 -4 -4 -3 -1 -2 -2 -3 -1 -1  4 -4  6  0 -5 -3  0 -4  1 -1    7   0   0   1   1   2   2   2   1   1  42   0  24   4   0   0   6   0   4   2  0.66 0.33
  478 D   -3 -2 -1  4 -5  3  2 -3  4 -5 -5  0 -4 -5 -4  2  2 -5 -3 -4    0   1   1  24   0  17  10   1  12   0   0   4   0   0   0  15  15   0   0   0  0.69 0.32
  479 I   -2 -6 -6 -6  3 -6 -6 -6 -6  7  1 -6 -2 -3 -6 -4 -4 -6 -4  0    4   0   0   0   6   0   0   0   0  79   9   0   0   0   0   1   0   0   0   1  1.70 0.54
  480 L   -4 -5 -6 -6  2 -1 -5 -6 -5  0  5 -5  3  2 -6 -5 -3 -4 -3  0    0   0   0   0   4   3   0   0   0   3  67   0   8   8   0   0   1   0   0   6  1.11 0.41
  481 T   -4  1 -2 -5 -5 -4 -5 -5 -5 -2 -3 -4 -3 -6 -5 -2  8 -6 -5 -4    0   7   1   0   0   0   0   0   0   2   2   0   0   0   0   1  88   0   0   0  2.00 0.69
  482 I    2  4 -2 -2 -4 -1  2 -3 -3  1 -1  2 -3 -4 -3 -1 -2 -2 -3 -1   18  28   1   1   0   1  12   1   0   9   5  15   0   0   0   3   1   1   1   3  0.41 0.24
  483 V   -3 -6 -6 -7 -4 -6 -6 -7 -7  1 -3 -6 -1 -4 -6 -5 -1 -6 -5  7    1   0   0   0   0   0   0   0   0   4   0   0   1   0   0   0   4   0   0  91  1.96 0.63
  484 T   -4 -1  8 -3 -5 -4 -4 -4 -3  2 -5 -4  2 -5 -5 -2  1 -7 -5 -3    1   3  68   0   0   0   0   0   0  14   0   0   5   0   0   2   7   0   0   1  1.58 0.56
  485 N   -2  3  3  1 -2  2  0 -1  4 -5 -4 -1 -2  0 -4 -2 -2 -2  3 -4    2  21  18   9   1   9   4   3  11   0   0   3   1   4   0   0   1   0  13   0  0.55 0.28
  486 E   -2  1  0  3 -5  0  3 -2 -3 -3 -3  4  0 -5 -3  1 -2 -5 -2 -3    1   6   4  19   0   3  21   1   0   1   1  26   3   0   0   9   1   0   1   2  0.54 0.27
  487 V   -4 -6 -6 -7 -4 -6 -6 -7 -7  0 -2 -6 -1 -2 -6 -5 -4 -6 -5  7    0   0   0   0   0   0   0   0   0   2   2   0   1   1   0   0   0   0   0  93  2.06 0.64
  488 S    3 -1 -2 -3 -4 -1 -3 -1 -1 -3 -5 -2  0 -5 -4  5  0 -5 -2 -3   21   3   1   0   0   3   0   3   1   1   0   1   2   0   0  56   5   0   1   1  0.88 0.42
  489 K   -2  3  2 -2 -3  2  1 -3  1 -3 -3  2 -2 -2 -1  0  1 -4 -2 -3    2  20  13   0   0   9   8   0   4   1   2  15   1   1   3   7  11   0   1   1  0.38 0.21
  490 K   -3  4 -1 -2 -5  1  1 -4  2 -2 -2  5  0 -5 -4 -1 -3 -5 -4 -3    1  23   2   2   0   6   7   0   6   3   5  40   2   0   0   4   0   0   0   1  0.75 0.33
  491 R   -1  3 -2  1  4 -1 -1 -3  0 -2 -2  1 -3  3  0 -2 -2 -3  0 -1    5  23   1   9  12   2   2   1   2   1   1   9   0  17   5   1   1   0   2   5  0.36 0.22
  492 G   -1 -3  0  4 -3 -1  3  4 -3 -5 -5 -1 -4 -5 -4 -1  0  2 -4 -3    3   0   5  27   1   1  18  31   0   0   0   2   0   0   0   3   5   3   0   2  0.71 0.30
  493 S    0  2  0  0 -1 -1 -1 -3 -2 -2 -3  3 -3  2  0  2  0 -3  0 -2    7  10   4   5   1   1   3   1   0   2   0  21   0  10   4  21   6   0   4   1  0.27 0.19
  494 N   -2 -2  4  0 -4  1 -1 -1  4  1  0  1 -1 -3 -4  0 -2 -4 -2 -2    1   0  28   5   0   5   2   4  12  12  11   8   1   0   0   6   1   0   1   2  0.37 0.23
  495 D    1 -1  2  1 -1 -1  1  3  1 -3 -3  0  2 -4 -3  0 -2 -4 -2 -3   16   3  12   7   1   2   9  24   4   0   0   6   8   0   0   5   1   0   1   0  0.33 0.19
  496 E   -3  1 -1 -3  1  1  2  2 -3 -5 -5  6 -2 -5 -4 -2 -3 -6 -5 -3    0   4   2   0   3   5  15  16   0   0   0  51   1   0   0   1   0   0   0   1  0.93 0.40
  497 S   -1 -1 -1 -2  1 -2 -2 -4 -4 -2 -4  6 -2 -5 -3  0  1 -6 -2 -2    4   1   2   2   3   0   0   0   0   3   1  63   1   0   1   8   8   0   1   3  1.00 0.43
  498 M   -5 -3 -4 -5 -7  8 -2 -6 -4 -5 -4 -1  6 -6 -5 -4 -5 -6 -5 -5    0   0   0   0   0  79   0   0   0   0   1   3  18   0   0   0   0   0   0   0  2.33 0.76
  499 V   -4 -5 -6 -6 -4 -4 -2 -6 -5  5  1 -5  7 -3 -5 -5 -2 -5 -4  3    0   0   0   0   0   0   3   0   0  33  11   0  32   0   0   0   1   0   0  20  1.21 0.44
  500 P   -2 -6 -6 -6 -7 -5 -5 -6 -6 -7 -4 -5 -6 -8  9 -3 -5 -8 -7 -6    3   0   0   0   0   0   0   0   0   0   2   0   0   0  94   1   0   0   0   0  3.03 0.80
  501 N   -4 -3 -1 -4  8  5  1 -5 -2  2 -1 -1 -3 -5 -5 -2 -4 -1 -5 -3    0   0   2   0  32  32   9   0   1  12   6   3   0   0   0   3   0   1   0   0  1.19 0.46
  502 V   -3 -4 -4 -5 -2 -4 -4 -5 -5  4  0 -2  0  3  5 -1 -1 -4 -3  2    0   0   0   0   1   0   0   0   0  24   7   2   2  12  29   5   3   0   0  16  0.75 0.31
  503 K    2 -1 -1 -3 -3  0  1 -2 -3  0 -2  0  0 -3 -3  1  2 -4 -1  3   18   3   3   0   0   3  11   1   0   3   0   5   2   0   0  13  12   0   2  24  0.25 0.20
  504 S   -2 -4 -2 -4 -4 -3 -4 -2  0 -2 -3 -4 -3  5 -4  5  0 -3  2 -4    0   0   2   0   0   0   0   2   2   2   1   0   0  26   0  51   6   0   7   0  0.98 0.42
  505 T   -3 -5 -4 -5  1 -4 -5 -5 -5 -2 -3 -4  8 -4 -5 -2  6 -5 -5 -3    1   0   0   0   3   0   0   0   0   1   0   0  37   0   0   2  56   0   0   0  1.73 0.60
  506 F   -5 -5 -7 -7 -4 -5 -6 -7 -6 -1  6 -6  1  1 -6 -6 -4 -5 -4 -2    0   0   0   0   0   0   0   0   0   0  92   0   2   6   0   0   0   0   0   0  1.74 0.54
  507 R   -4  6 -3 -4 -5 -3 -3 -3 -1 -5 -3 -1 -4 -5 -5 -2  5 -6 -5 -2    0  49   0   0   0   0   0   2   2   0   1   2   0   0   0   1  41   0   0   2  1.34 0.49
  508 Q   -4  1 -3 -4 -7  2 -2 -5 -4 -6 -6  8 -5 -7 -4 -3 -4 -6 -5 -6    0   5   0   0   0   8   1   0   0   0   0  86   0   0   0   0   0   0   0   0  1.96 0.60
  509 H   -3  1  1  1 -5  0  3 -4  2 -4 -3  5 -4 -1 -2 -2 -3 -5 -4 -5    0   5   5   9   0   2  22   0   4   1   2  44   0   3   1   2   0   0   0   0  0.77 0.32
  510 V   -4 -5 -6 -6 -4 -5 -6 -6 -5 -1  5 -5  2  4 -6 -5 -4 -4 -2  1    0   0   0   0   0   0   0   0   0   0  68   0   4  17   0   0   0   0   0  11  1.22 0.41
  511 Y   -5 -4 -5 -6 -5 -5 -5 -6  2  2 -3 -5 -3  4 -6 -5 -4 -2  8  1    0   0   0   0   0   0   0   0   4  14   1   0   0  14   0   0   0   0  57  10  1.63 0.50
  512 F   -5 -6 -6 -7 -5 -6 -7 -7 -5 -3  3 -6 -2  8 -7 -6 -5 -3 -1 -4    0   0   0   0   0   0   0   0   0   0  25   0   0  75   0   0   0   0   0   0  2.13 0.58
  513 P   -4 -3 -4 -4 -2 -4 -4 -5  2 -5 -5 -3 -5  0  8 -2  0 -6 -3 -5    0   1   0   0   1   0   0   0   6   0   0   0   0   6  76   3   6   0   1   0  2.09 0.52
  514 P   -3  0 -4 -3 -5 -1 -3 -4 -4 -5 -5  0 -4 -6  8 -1 -2 -6 -5 -4    0   6   0   0   0   2   0   0   0   0   0   5   0   0  80   5   2   0   0   0  2.03 0.38
  515 R   -2  5 -2 -2 -5  1 -1 -3 -2 -4 -4  5 -3 -4 -3 -2 -2 -4 -3 -4    0  42   0   0   0   2   0   0   0   0   0  56   0   0   0   0   0   0   0   0  1.09 0.24
  516 L   -2 -3 -4 -4 -1 -3 -3 -4 -3  3  4 -3  2  0 -3 -3 -1 -2 -1  1    0   0   0   0   0   0   0   0   0  31  69   0   0   0   0   0   0   0   0   0  0.44 0.03

                      K         Lambda
Standard Ungapped    0.1368     0.3226
Standard Gapped      0.0499     0.2670
PSI Ungapped         0.1633     0.3145
PSI Gapped           0.0499     0.2670
