
Last position-specific scoring matrix computed, weighted observed percentages rounded down, information per position, and relative weight of gapless real matches to pseudocounts
           A  R  N  D  C  Q  E  G  H  I  L  K  M  F  P  S  T  W  Y  V   A   R   N   D   C   Q   E   G   H   I   L   K   M   F   P   S   T   W   Y   V
    1 M   -2 -2 -3 -4 -2 -1 -3 -3 -2  1  2 -2  8 -1 -3 -2 -1 -2 -2  0    0   0   0   0   0   0   0   0   0   0   0   0 100   0   0   0   0   0   0   0  0.85 0.12
    2 G    0 -3 -1 -2 -3 -2 -3  6 -3 -4 -4 -2 -3 -4 -3 -1 -2 -3 -4 -4    0   0   0   0   0   0   0 100   0   0   0   0   0   0   0   0   0   0   0   0  1.24 0.08
    3 G    0 -3  0 -2 -3 -2 -3  6 -2 -4 -4 -2 -3 -4 -3  0 -2 -3 -4 -4    0   0   1   0   0   0   0  96   0   0   0   0   0   0   0   2   0   0   0   0  1.18 0.07
    4 K   -1  2 -1 -1 -4  1  0 -2 -1 -3 -3  6 -2 -4 -2 -1 -1 -4 -2 -3    0   1   0   0   0   0   0   0   0   0   0  99   0   0   0   0   0   0   0   0  0.76 0.08
    5 W   -3 -4 -5 -5 -2 -3 -4 -3 -3 -3 -2 -4 -2  0 -5 -4 -3 12  2 -4    0   0   0   0   1   0   0   0   0   0   0   0   0   0   0   0   0  99   0   0  2.88 0.14
    6 S    1 -1  0 -1 -1 -1 -1 -1 -1 -3 -3 -1 -2 -3 -1  5  1 -3 -2 -2    0   0   0   0   0   0   0   0   0   0   0   0   0   0   0  99   0   0   0   0  0.66 0.08
    7 K   -1  2 -1 -1 -4  1  0 -2 -1 -3 -3  6 -2 -4 -2 -1 -1 -4 -2 -3    0   1   0   0   0   1   0   0   0   0   0  98   0   0   0   0   0   0   0   0  0.75 0.08
    8 R    0  3  0 -1  3  0 -1 -1  0 -3 -3  0 -2 -3 -2  3  0 -3 -2 -2    0  34   1   0  11   0   0   0   2   0   0   0   0   0   0  50   0   0   0   0  0.38 0.05
    9 S    1 -1  0 -1 -1  0 -1 -1 -1 -3 -3  0 -2 -3 -1  5  1 -3 -2 -2    0   2   1   0   1   0   0   0   0   1   0   3   0   0   0  90   1   0   0   0  0.55 0.07
   10 V    0 -2 -2 -3 -1 -2 -2  0 -3  2  1 -1  2 -1 -3 -2  0 -3 -2  3    3   2   0   0   0   0   0  11   0   9   8   4  14   1   0   0   1   0   0  47  0.18 0.03
   11 V    0 -3 -2 -1 -1 -2 -2  1 -3  2  0 -2  0 -1  0 -1  0 -3 -2  3    2   0   1   3   0   0   0  16   0  17   1   1   0   3   4   3   1   0   0  48  0.16 0.03
   12 G    0 -2 -1 -2 -3 -2 -2  6 -2 -4 -4 -2 -3 -4 -3 -1 -2 -3 -4 -4    0   0   0   0   0   0   3  96   0   0   0   1   0   0   0   0   0   0   0   0  1.15 0.07
   13 W   -3 -4 -5 -5 -3 -3 -4 -3 -3 -3 -2 -4 -2  0 -5 -4 -3 12  2 -4    0   0   0   0   0   0   0   0   0   0   0   0   0   0   0   0   0 100   0   0  2.91 0.14
   14 P   -1 -2 -2 -2 -3 -1 -1 -2 -2 -3 -3 -1 -3 -3  8  0 -1 -4 -3 -3    2   0   0   0   0   0   0   0   1   0   0   0   0   1  86   9   0   0   0   0  1.78 0.08
   15 T    3 -1  0 -1 -1 -1 -1 -1 -2 -1 -2  0 -1 -3 -1  1  3 -3 -2 -1   47   2   2   1   0   0   0   1   0   0   0   4   0   0   0   3  39   0   0   0  0.32 0.04
   16 V   -1 -3 -3 -4 -1 -3 -3 -4 -4  3  1 -3  1 -1 -3 -2 -1 -3 -2  4    0   0   0   0   0   0   0   0   0  29   0   0   0   0   0   0   0   0   0  70  0.48 0.06
   17 R   -2  6 -1 -2 -4  1 -1 -3 -1 -4 -3  2 -2 -3 -3 -1 -2 -3 -2 -3    0  99   0   0   0   0   0   0   0   0   0   1   0   0   0   0   0   0   0   0  1.03 0.09
   18 E   -1 -1 -1  2 -4  2  6 -3 -1 -4 -3  0 -3 -4 -2 -1 -1 -3 -3 -3    0   0   0   6   0   1  93   0   0   0   0   0   0   0   0   0   0   0   0   0  0.89 0.08
   19 R   -2  6 -1 -2 -4  1  0 -3 -1 -4 -3  2 -2 -3 -3 -1 -2 -3 -2 -3    0  95   0   0   0   0   0   0   0   0   0   5   0   0   0   0   0   0   0   0  0.98 0.08
   20 M   -2 -2 -3 -4 -2 -1 -3 -3 -2  1  2 -2  8 -1 -3 -2 -1 -2 -2  0    0   0   0   0   0   0   0   0   0   5   0   0  95   0   0   0   0   0   0   0  0.78 0.11
   21 R   -2  6 -1 -2 -4  1  0 -3 -1 -3 -3  3 -2 -3 -2 -1 -1 -3 -2 -3    0  71   1   0   0   2   2   0   0   1   0  21   0   0   0   0   1   0   0   0  0.72 0.06
   22 K   -2  6 -1 -2 -4  1  0 -3 -1 -4 -3  2 -2 -3 -3 -1 -2 -3 -2 -3    0  93   0   0   0   6   0   0   0   0   0   1   0   0   0   0   0   0   0   0  0.95 0.08
   23 T    4 -2 -2 -2 -1 -1 -1  0 -2 -1 -2 -1 -1 -3 -1  1  2 -3 -2  0   77   0   0   0   0   0   0   0   0   1   0   0   0   0   0   0  19   0   0   2  0.42 0.06
   24 E   -1  0 -1  1 -4  2  6 -3 -1 -4 -3  0 -2 -4 -1 -1 -1 -3 -3 -3    1   0   0   0   0   2  94   0   0   0   0   0   0   0   1   0   0   0   0   0  0.88 0.08
   25 P   -1 -2 -3 -2 -3 -2 -2 -3 -3 -3 -4 -2 -3 -4  8 -1 -1 -4 -4 -3    0   1   0   0   0   0   0   0   0   0   0   0   0   0  98   0   1   0   0   0  2.20 0.10
   26 A    5 -2 -2 -2 -1 -1 -1  0 -2 -2 -2 -1 -1 -3 -1  1  0 -3 -2 -1   98   0   0   0   0   0   1   0   0   0   0   0   0   0   0   0   1   0   0   0  0.58 0.07
   27 A    5 -2 -2 -2 -1 -1 -1  0 -2 -2 -2 -1 -1 -3 -1  1  0 -3 -2  0   99   1   0   0   0   0   0   0   0   0   0   0   0   0   0   0   0   0   0   1  0.59 0.07
   28 D   -2 -2  1  6 -4  0  3 -2 -1 -3 -4 -1 -3 -4 -1 -1 -1 -4 -3 -2    1   0   0  68   0   0  25   0   0   1   0   1   0   0   0   0   0   0   0   2  0.79 0.06
   29 G    0 -2 -1 -2 -3 -2 -3  6 -3 -4 -4 -2 -3 -4 -2 -1 -2 -3 -4 -4    0   1   0   0   0   0   0  98   0   0   0   0   0   0   1   0   0   0   0   0  1.21 0.07
   30 V    0 -3 -3 -4 -1 -3 -3 -4 -4  2  0 -3  0 -1 -3 -2  0 -3 -2  5    1   0   0   0   0   0   0   0   0   0   0   0   0   0   0   0   0   0   0  98  0.55 0.07
   31 G    0 -3 -1 -2 -3 -2 -3  6 -3 -4 -4 -2 -3 -4 -3 -1 -2 -3 -4 -4    1   0   0   0   0   0   0  99   0   0   0   0   0   0   0   0   0   0   0   0  1.23 0.07
   32 A    5 -2 -2 -2 -1 -1 -1  0 -2 -2 -2 -1 -1 -3 -1  1  0 -3 -2 -1   99   0   0   0   0   0   0   0   0   0   0   0   0   0   1   0   0   0   0   0  0.59 0.07
   33 A    2 -3 -3 -3 -1 -2 -2 -2 -3  2  0 -2  0 -1 -2 -1  0 -3 -2  4   24   0   0   0   0   0   0   1   0   0   0   0   0   0   0   0   0   0   0  74  0.35 0.06
   34 S    1 -1  0 -1 -1 -1 -1 -1 -1 -3 -3 -1 -2 -3 -1  5  1 -3 -2 -2    0   0   0   0   0   0   0   0   0   0   0   0   0   0   0  99   1   0   0   0  0.66 0.08
   35 R   -2  6 -1 -2 -4  1 -1 -3 -1 -4 -3  2 -2 -3 -3 -1 -2 -3 -2 -3    0  97   0   0   0   2   0   0   0   0   0   1   0   0   0   0   0   0   0   0  0.99 0.09
   36 D   -2 -2  1  7 -4 -1  1 -2 -2 -4 -4 -1 -4 -4 -2 -1 -2 -5 -4 -4    0   0   0  99   0   0   1   0   0   0   0   0   0   0   0   0   0   0   0   0  1.19 0.09
   37 L   -2 -3 -4 -4 -2 -3 -3 -4 -3  1  5 -3  2  0 -3 -3 -2 -2 -1  0    0   0   0   0   0   0   0   0   0   0 100   0   0   0   0   0   0   0   0   0  0.63 0.07
   38 E   -1 -1 -1  2 -4  1  6 -1 -1 -4 -3  0 -3 -4 -2 -1 -1 -3 -3 -3    1   0   0   3   0   0  94   3   0   0   0   0   0   0   0   0   0   0   0   0  0.87 0.08
   39 K   -1  3  0 -1 -4  1  0 -2  0 -3 -3  5 -2 -4 -2 -1 -1 -3 -2 -3    0  13   1   0   0   1   1   0   1   0   0  83   0   0   0   0   1   0   0   0  0.65 0.07
   40 H   -2  0  0 -2 -4  0 -1 -3  9 -4 -3 -1 -2 -1 -3 -1 -2 -2  2 -4    0   2   0   0   0   0   0   0  93   0   0   0   0   0   0   0   0   0   5   0  1.25 0.11
   41 G    0 -3 -1 -2 -3 -2 -2  6 -3 -4 -4 -2 -3 -4 -3 -1 -2 -3 -4 -4    0   0   0   0   0   0   0 100   0   0   0   0   0   0   0   0   0   0   0   0  1.24 0.08
   42 A    5 -2 -2 -2 -1 -1 -1  0 -2 -2 -2 -1 -1 -3 -1  1  0 -3 -2 -1  100   0   0   0   0   0   0   0   0   0   0   0   0   0   0   0   0   0   0   0  0.60 0.08
   43 I   -2 -3 -4 -4 -2 -3 -4 -4 -4  5  2 -3  1  0 -3 -3 -1 -3 -2  2    0   0   0   0   0   0   0   0   0  89   8   0   0   0   0   0   0   0   0   3  0.56 0.07
   44 T    0 -2  0 -2 -1 -1 -1 -2 -2 -1 -2 -1 -1 -3 -2  1  6 -3 -2 -1    0   0   0   0   0   0   0   0   0   0   0   0   0   0   0   0 100   0   0   0  0.73 0.09
   45 S    1 -1  1 -1 -1 -1 -1 -1 -1 -3 -3 -1 -2 -3 -1  5  1 -3 -2 -2    0   0   4   0   0   0   0   0   0   0   0   0   0   0   0  93   2   0   0   0  0.60 0.08
   46 S    1 -1  1 -1 -1 -1 -1 -1 -1 -3 -3 -1 -2 -3 -1  5  1 -3 -2 -2    0   1   3   0   0   0   0   1   0   0   0   0   0   0   0  95   0   0   0   0  0.60 0.08
   47 N   -2 -1  7  1 -3  0 -1 -1  0 -4 -4 -1 -3 -4 -3  0  0 -4 -3 -3    0   0  99   0   0   0   0   0   0   0   0   0   0   0   0   0   0   0   0   0  1.03 0.09
   48 T   -1 -2 -1 -2 -1 -1 -1 -2 -2 -1 -2 -1 -1 -3 -2  1  6 -3 -2  0    0   0   0   0   0   0   0   0   0   1   0   0   0   0   0   0  99   0   0   0  0.73 0.09
   49 P    4 -2 -2 -2 -1 -1 -1  0 -2 -2 -2 -1 -1 -3  2  1  0 -3 -2 -1   87   0   0   0   0   0   0   0   0   0   0   0   0   0   9   1   1   0   0   1  0.52 0.06
   50 A    4 -2 -1 -2 -1 -1 -1  0 -1 -2 -2 -1 -1 -3 -1  1  2 -3 -2  0   74   0   0   0   0   0   0   0   1   0   0   1   0   0   0   1  21   0   0   0  0.40 0.05
   51 N   -1 -1  4  0 -2 -1 -1 -1 -1 -2 -2 -1 -2 -3 -2  1  4 -3 -2 -1    0   0  44   1   0   0   0   0   0   0   0   0   0   0   0   2  53   0   0   0  0.53 0.06
   52 N   -2 -1  7  1 -3  0 -1 -1  0 -4 -4 -1 -3 -4 -3  0 -1 -4 -3 -4    0   0 100   0   0   0   0   0   0   0   0   0   0   0   0   0   0   0   0   0  1.05 0.09
   53 A    5 -2 -2 -2 -1 -1 -1  0 -2 -2 -2 -1 -1 -3  0  1  0 -3 -2 -1   96   0   0   1   0   0   0   0   0   0   0   0   0   0   2   0   0   0   0   0  0.55 0.07
   54 D    1 -2  1  6 -3 -1  1 -1 -2 -3 -3 -1 -3 -4 -2  0 -1 -4 -3 -2   24   0   0  73   0   0   0   0   0   0   0   0   0   0   0   0   1   0   0   0  0.71 0.06
   55 C   -1 -4 -3 -4 10 -4 -4 -3 -4 -2 -2 -4 -2 -3 -3 -1 -1 -3 -3 -1    0   0   0   0  97   0   0   0   0   0   1   0   0   0   0   0   0   0   0   1  1.68 0.11
   56 A    5 -2 -2 -2  0 -1 -1  0 -2 -2 -2 -1 -1 -3 -1  1  0 -3 -2 -1   99   0   0   0   1   0   0   0   0   0   0   0   0   0   0   0   0   0   0   0  0.59 0.07
   57 W   -3 -4 -5 -5 -3 -3 -4 -3 -3 -3 -2 -4 -2  0 -5 -4 -3 12  2 -4    0   0   0   0   0   0   0   0   0   0   0   0   0   0   0   0   0 100   0   0  2.91 0.14
   58 L   -2 -3 -4 -4 -2 -3 -3 -4 -3  1  5 -3  2  0 -3 -3 -2 -2 -1  1    0   0   0   0   0   0   0   0   0   0  99   0   0   0   0   0   0   0   0   0  0.62 0.06
   59 E   -1 -1 -1  1 -4  2  6 -3 -1 -4 -3  0 -3 -4 -2 -1 -1 -3 -3 -3    0   0   0   0   0   1  99   0   0   0   0   0   0   0   0   0   0   0   0   0  0.96 0.09
   60 A    5 -2 -2 -2 -1 -1 -1  0 -2 -2 -2 -1 -1 -3 -1  1  0 -3 -2 -1   99   0   0   0   0   0   0   0   0   0   0   0   0   0   0   0   0   0   0   0  0.59 0.07
   61 Q   -1  1 -1 -1 -4  7  1 -2  0 -3 -3  1 -1 -4 -2 -1 -1 -3 -2 -3    0   0   0   0   0 100   0   0   0   0   0   0   0   0   0   0   0   0   0   0  0.98 0.10
   62 E   -1  0 -1  1 -4  2  6 -2 -1 -4 -3  1 -2 -4 -2 -1 -1 -3 -3 -3    0   0   0   0   0   1  95   0   0   0   0   3   0   0   0   0   1   0   0   0  0.90 0.08
   63 E   -1 -1  0  3 -4  1  5 -2 -1 -4 -4  0 -3 -4 -2 -1 -1 -4 -3 -3    0   0   0  23   0   0  76   0   0   0   0   0   0   0   0   0   0   0   0   0  0.81 0.07
   64 E   -1 -1 -1  1 -4  2  6 -2 -1 -4 -3  0 -3 -4 -2 -1 -1 -3 -3 -3    0   0   0   0   0   0  98   0   0   0   0   1   0   0   0   0   0   0   0   0  0.95 0.09
   65 E   -1 -1 -1  2 -4  1  6 -2 -1 -4 -3  0 -3 -4 -2 -1 -1 -3 -3 -3    0   0   0   4   0   0  94   1   0   0   0   0   0   0   0   0   0   0   0   0  0.89 0.08
   66 V   -1 -3 -3 -4 -1 -3 -3 -4 -4  2  0 -3  0 -1 -3 -2  0 -3 -2  5    0   0   0   0   0   0   0   0   0   0   0   0   0   0   0   0   0   0   0 100  0.57 0.08
   67 G    0 -3 -1 -2 -3 -2 -3  6 -3 -4 -4 -2 -3 -4 -3 -1 -2 -3 -4 -4    0   0   0   0   0   0   0 100   0   0   0   0   0   0   0   0   0   0   0   0  1.25 0.08
   68 F   -3 -3 -4 -4 -3 -4 -4 -4 -2 -1  0 -4  0  7 -4 -3 -3  1  3 -1    0   0   0   0   0   0   0   0   0   0   0   0   0 100   0   0   0   0   0   0  1.10 0.09
   69 P   -1 -3 -3 -2 -3 -2 -2 -3 -3 -3 -4 -2 -3 -4  8 -1 -2 -4 -4 -3    0   0   0   0   0   0   0   0   0   0   0   0   0   0  99   1   0   0   0   0  2.23 0.10
   70 V   -1 -3 -3 -4 -1 -3 -3 -4 -4  2  0 -3  0 -1 -3 -2  0 -3 -2  5    0   0   0   0   0   0   0   0   0   2   0   0   0   0   0   0   0   0   0  98  0.56 0.07
   71 R   -2  6 -1 -2 -4  1  0 -3 -1 -3 -3  3 -2 -3 -2 -1 -1 -3 -2 -3    0  77   0   0   0   0   0   0   0   0   0  19   0   0   0   0   3   0   0   0  0.77 0.07
   72 P   -1 -3 -3 -2 -3 -2 -2 -3 -3 -3 -4 -2 -3 -4  8 -1 -2 -4 -4 -3    0   0   0   0   0   0   0   0   0   0   0   0   0   0 100   0   0   0   0   0  2.26 0.10
   73 Q   -1  1 -1 -1 -4  7  1 -2  0 -3 -3  1 -1 -4 -2 -1 -1 -3 -2 -3    0   0   0   0   0  99   0   0   1   0   0   0   0   0   0   0   0   0   0   0  0.98 0.10
   74 V   -1 -3 -3 -4 -1 -3 -3 -4 -4  2  0 -3  0 -1 -3 -2  0 -3 -2  5    0   0   0   0   0   0   0   0   0   1   0   0   0   0   0   0   0   0   0  99  0.56 0.08
   75 P   -1 -3 -3 -2 -3 -2 -2 -3 -3 -3 -4 -2 -3 -4  8 -1 -2 -4 -4 -3    0   0   0   0   0   0   0   0   0   0   0   0   0   0 100   0   0   0   0   0  2.26 0.10
   76 L   -2 -3 -4 -4 -2 -3 -3 -4 -3  1  5 -3  2  0 -3 -3 -2 -2 -1  1    0   0   0   0   0   0   0   0   0   0  99   0   0   0   0   0   0   0   0   1  0.62 0.06
   77 R   -2  6 -1 -2 -4  1 -1 -3 -1 -4 -3  2 -2 -3 -3 -1 -2 -3 -2 -3    0 100   0   0   0   0   0   0   0   0   0   0   0   0   0   0   0   0   0   0  1.03 0.09
   78 P   -1 -3 -3 -2 -3 -2 -2 -3 -3 -3 -4 -2 -3 -4  8 -1 -2 -4 -4 -3    0   0   0   0   0   0   0   0   0   0   0   0   0   0 100   0   0   0   0   0  2.26 0.10
   79 M   -2 -2 -3 -4 -2 -1 -3 -3 -2  1  2 -2  8 -1 -3 -2 -1 -2 -2  0    0   0   0   0   0   0   0   0   0   0   0   0 100   0   0   0   0   0   0   0  0.85 0.12
   80 T    0 -2  0 -1 -1 -1 -1 -2 -2 -1 -2 -1 -1 -3 -2  1  6 -3 -2 -1    0   0   0   0   0   0   0   0   0   0   0   0   0   0   0   0  99   0   0   0  0.72 0.09
   81 Y   -2 -2 -3 -4 -3 -2 -3 -4  2 -2 -2 -2 -2  3 -4 -2 -2  2  8 -2    0   0   0   0   0   0   0   0   2   0   0   0   0   3   0   0   0   0  94   0  1.19 0.10
   82 K   -1  2  0 -1 -4  1  0 -2 -1 -3 -3  6 -2 -4 -2 -1 -1 -4 -2 -3    0   4   0   0   0   1   0   0   0   0   0  95   0   0   0   0   0   0   0   0  0.72 0.08
   83 A    3 -2 -1 -2 -2 -2 -2  5 -2 -3 -3 -1 -2 -3 -2  0 -1 -3 -3 -2   43   0   0   0   0   0   0  56   0   0   0   0   0   0   0   0   0   0   0   0  0.65 0.05
   84 A    5 -2 -2 -2 -1 -1 -1  0 -2 -2 -2 -1 -1 -3 -1  1  0 -3 -2  0   99   0   0   0   0   0   0   0   0   0   0   0   0   0   0   0   0   0   0   1  0.59 0.07
   85 V   -1 -2 -3 -4 -1 -2 -3 -4 -3  2  3 -3  1  1 -3 -2 -1 -1 -1  3    0   0   0   0   0   0   0   0   0   3  44   0   1   5   0   0   0   1   0  44  0.34 0.04
   86 D   -2 -2  1  7 -4 -1  1 -2 -2 -4 -4 -1 -4 -4 -2 -1 -2 -5 -3 -4    0   0   1  98   0   0   0   0   0   0   0   0   0   0   0   0   0   0   1   0  1.16 0.09
   87 L   -2 -3 -4 -4 -2 -3 -3 -4 -3  1  5 -3  2  0 -3 -3 -2 -2 -1  1    0   0   0   0   0   0   0   0   0   3  95   0   2   0   0   0   0   0   0   0  0.59 0.06
   88 S    1 -1  0 -1 -1 -1 -1 -1 -1 -3 -3 -1 -2 -3 -1  5  1 -3 -2 -2    0   0   1   0   0   0   0   0   0   0   0   0   0   0   0  99   0   0   0   0  0.66 0.08
   89 H   -2 -1  0 -2 -4  0 -1 -3  9 -4 -3 -1 -2 -1 -3 -2 -2 -3  1 -4    0   0   0   0   0   0   0   0  99   0   0   0   0   1   0   0   0   0   0   0  1.37 0.11
   90 F   -3 -3 -4 -4 -3 -4 -4 -4 -2 -1  0 -4  0  7 -4 -3 -3  1  3 -1    0   0   0   0   0   0   0   0   0   0   0   0   0 100   0   0   0   0   0   0  1.10 0.09
   91 L   -2 -3 -4 -4 -2 -3 -3 -4 -3  1  5 -3  2  0 -3 -3 -2 -2 -1  1    0   0   0   0   0   0   0   0   0   1  98   0   0   1   0   0   0   0   0   0  0.61 0.06
   92 K   -1  3 -1 -1 -4  1  0 -2 -1 -3 -3  5 -2 -4 -2 -1 -1 -3 -2 -3    0  10   0   0   0   0   0   0   0   0   0  90   0   0   0   0   0   0   0   0  0.70 0.07
   93 E   -1  0 -1  1 -4  2  6 -3 -1 -4 -3  1 -3 -4 -2 -1 -1 -3 -3 -3    0   0   0   0   0   0  98   0   0   0   0   2   0   0   0   0   0   0   0   0  0.94 0.08
   94 Q   -1  2  0 -1 -4  1  1 -2 -1 -3 -3  6 -2 -4 -1 -1 -1 -4 -2 -3    0   0   1   0   0   2   1   0   0   0   0  96   0   0   0   0   0   0   0   0  0.72 0.08
   95 G    0 -3 -1 -2 -3 -2 -3  6 -3 -4 -4 -2 -3 -4 -3 -1 -2 -3 -4 -4    0   0   0   0   0   0   0 100   0   0   0   0   0   0   0   0   0   0   0   0  1.25 0.08
   96 G    0 -3 -1 -2 -3 -2 -3  6 -3 -4 -4 -2 -3 -4 -3 -1 -2 -3 -4 -4    0   0   0   0   0   0   0 100   0   0   0   0   0   0   0   0   0   0   0   0  1.25 0.08
   97 L   -2 -3 -4 -4 -2 -3 -3 -4 -3  1  5 -3  2  0 -3 -3 -2 -2 -1  0    0   0   0   0   0   0   0   0   0   0 100   0   0   0   0   0   0   0   0   0  0.63 0.07
   98 E   -1 -1 -1  2 -4  2  6 -3 -1 -4 -3  0 -3 -4 -2 -1 -1 -3 -3 -3    0   0   0   5   0   0  94   0   0   0   0   0   0   0   0   0   0   0   0   0  0.92 0.08
   99 G    0 -2 -1 -2 -3 -2 -3  6 -3 -4 -4 -2 -3 -4 -3 -1 -2 -3 -4 -4    0   1   0   0   0   0   0  99   0   0   0   0   0   0   0   0   0   0   0   0  1.22 0.07
  100 L   -2 -3 -4 -4 -2 -3 -3 -4 -3  1  5 -3  2  0 -3 -3 -2 -2 -1  1    0   0   0   0   0   0   0   0   0   1  96   0   2   0   0   0   0   0   0   0  0.61 0.06
  101 I   -1 -3 -4 -4 -2 -3 -3 -4 -4  5  1 -3  1  0 -3 -3 -1 -3 -2  3    0   0   0   0   0   0   0   0   0  80   0   0   0   0   0   0   1   0   0  19  0.52 0.06
  102 H   -2 -1 -1 -3 -3 -1 -1 -3  7 -3 -2 -2 -2  2 -3 -2 -2  3  6 -2    0   0   0   0   0   0   0   0  45   0   0   0   0   2   0   0   0   3  49   0  0.88 0.08
  103 S    1 -1  0 -1 -1 -1 -1 -1 -1 -3 -3 -1 -2 -3 -1  5  1 -3 -2 -2    0   0   0   0   1   0   0   0   0   0   0   0   0   0   0  99   0   0   0   0  0.65 0.08
  104 Q   -1  1 -1 -1 -4  7  1 -2  0 -3 -3  1 -1 -4 -2 -1 -1 -3 -2 -3    0   1   0   0   0  98   0   0   0   0   0   0   0   0   0   0   0   0   0   0  0.96 0.10
  105 R   -1  4 -1 -1 -4  1  0 -2 -1 -3 -3  5 -2 -3 -2 -1 -1 -3 -2 -3    0  32   0   0   0   3   0   0   0   0   0  63   0   0   0   0   0   0   0   0  0.63 0.06
  106 R   -2  6 -1 -2 -4  1 -1 -2 -1 -4 -3  2 -2 -3 -3 -1 -2 -3 -2 -3    0  99   0   0   0   0   0   1   0   0   0   0   0   0   0   0   0   0   0   0  1.02 0.09
  107 Q   -1  1 -1 -1 -4  7  1 -2  0 -3 -3  1 -1 -4 -2 -1 -1 -3 -2 -3    0   2   0   0   0  96   0   0   0   0   0   2   0   0   0   0   0   0   0   0  0.94 0.10
  108 D   -2 -2  1  6 -4  0  2 -2 -1 -4 -4 -1 -3 -4 -2 -1 -1 -5 -4 -4    0   0   0  90   0   0   9   0   0   0   0   0   0   0   0   0   0   0   0   0  1.07 0.08
  109 I   -2 -4 -4 -4 -2 -3 -4 -4 -4  5  1 -3  1 -1 -3 -3 -1 -3 -2  2    0   0   0   0   0   0   0   0   0 100   0   0   0   0   0   0   0   0   0   0  0.63 0.08
  110 L   -2 -3 -4 -4 -2 -3 -3 -4 -3  1  5 -3  2  0 -3 -3 -2 -2 -1  0    0   0   0   0   0   0   0   0   0   0 100   0   0   0   0   0   0   0   0   0  0.63 0.07
  111 D   -2 -2  1  7 -4 -1  1 -2 -2 -4 -4 -1 -4 -4 -2 -1 -2 -5 -4 -4    0   0   0 100   0   0   0   0   0   0   0   0   0   0   0   0   0   0   0   0  1.20 0.09
  112 L   -2 -3 -4 -4 -2 -2 -3 -4 -3  1  5 -3  2  0 -3 -3 -2 -2 -1  0    0   0   0   0   0   0   0   0   0   0  99   0   0   0   1   0   0   0   0   0  0.61 0.06
  113 W   -3 -4 -5 -5 -3 -3 -4 -3 -3 -3 -2 -4 -2  0 -5 -4 -3 12  2 -4    0   0   0   0   0   0   0   0   0   0   0   0   0   0   0   0   0 100   0   0  2.91 0.14
  114 I   -1 -3 -3 -4 -1 -3 -3 -4 -4  3  1 -3  1 -1 -3 -2 -1 -3 -2  4    0   0   0   0   0   0   0   0   0  29   0   0   0   0   0   0   0   0   0  70  0.47 0.06
  115 Y   -2 -2 -3 -4 -3 -2 -3 -4  2 -2 -2 -2 -2  3 -4 -2 -2  2  8 -2    0   0   0   0   0   0   0   0   1   0   0   0   0   0   0   0   0   0  98   0  1.26 0.10
  116 H   -2 -1  1 -2 -4  0 -1 -3  9 -4 -4 -1 -2 -2 -3 -1 -2 -3  1 -4    0   0   5   0   0   0   0   0  94   0   0   0   0   0   0   0   0   0   0   0  1.27 0.11
  117 T    0 -2 -1 -2 -1 -1 -1 -2 -2 -1 -2 -1 -1 -3 -2  1  6 -3 -2 -1    1   0   0   0   0   0   0   0   0   0   0   0   0   0   0   0  99   0   0   0  0.73 0.09
  118 Q   -1  1 -1 -1 -4  7  1 -2  0 -3 -3  1 -1 -4 -2 -1 -1 -3 -2 -3    0   0   0   0   0 100   0   0   0   0   0   0   0   0   0   0   0   0   0   0  0.99 0.10
  119 G    0 -3 -1 -2 -3 -2 -3  6 -3 -4 -4 -2 -3 -4 -3 -1 -2 -3 -4 -4    0   0   0   0   0   0   0 100   0   0   0   0   0   0   0   0   0   0   0   0  1.25 0.08
  120 Y   -2 -2 -3 -4 -3 -2 -3 -4  1 -2 -2 -2 -1  3 -4 -2 -2  2  8 -2    0   0   0   0   0   0   0   0   0   0   0   0   0   5   0   0   0   0  95   0  1.22 0.10
  121 F   -3 -3 -4 -4 -3 -4 -4 -4 -2 -1  0 -4  0  7 -4 -3 -3  1  3 -1    0   0   0   0   0   0   0   0   0   0   0   0   0 100   0   0   0   0   0   0  1.10 0.09
  122 P   -1 -3 -3 -2 -3 -2 -2 -3 -3 -3 -4 -2 -3 -4  8 -1 -2 -4 -4 -3    0   0   0   0   0   0   0   0   0   0   0   0   0   0 100   0   0   0   0   0  2.26 0.10
  123 D   -2 -2  1  7 -4 -1  1 -2 -2 -4 -4 -1 -4 -4 -2 -1 -2 -5 -4 -4    0   0   0 100   0   0   0   0   0   0   0   0   0   0   0   0   0   0   0   0  1.20 0.09
  124 W   -3 -4 -5 -5 -3 -3 -4 -3 -3 -3 -2 -4 -2  0 -5 -4 -3 12  2 -4    0   0   0   0   0   0   0   0   0   0   1   0   0   0   0   0   0  99   0   0  2.88 0.14
  125 Q   -1  0  0 -1 -4  7  1 -2  2 -3 -3  1 -1 -4 -2 -1 -1 -3 -2 -3    0   0   0   1   0  95   0   0   4   0   0   0   0   0   0   0   0   0   0   0  0.92 0.10
  126 N   -2 -1  7  1 -3  0 -1 -1  0 -4 -4 -1 -3 -4 -3  0 -1 -4 -3 -3    0   0  99   0   0   0   0   0   0   0   0   0   0   0   0   1   0   0   0   0  1.02 0.09
  127 Y   -2 -2 -3 -4 -2 -2 -3 -4  1 -2 -2 -2 -2  3 -4 -2 -2  2  8 -2    0   0   0   0   0   0   0   0   0   0   0   0   0   0   0   0   0   0 100   0  1.27 0.11
  128 T   -1 -2 -1 -2 -1 -1 -1 -2 -2 -1 -2 -1 -1 -3 -1  1  6 -3 -2 -1    0   0   0   0   0   0   0   0   0   0   0   0   0   0   0   0 100   0   0   0  0.73 0.09
  129 P   -1 -3 -3 -2 -3 -2 -2 -3 -3 -3 -3 -1 -3 -4  8 -1 -1 -4 -4 -3    1   0   0   0   0   0   0   0   0   0   0   2   0   0  97   1   0   0   0   0  2.15 0.10
  130 G    0 -2 -1 -2 -3 -2 -3  6 -3 -4 -4 -2 -3 -4 -3 -1 -2 -3 -4 -4    0   1   0   0   0   0   0  99   0   0   0   0   0   0   0   0   0   0   0   0  1.24 0.07
  131 P   -1 -3 -3 -2 -3 -2 -2 -3 -3 -3 -4 -2 -3 -4  8 -1 -2 -4 -4 -3    0   0   0   0   0   0   0   0   0   0   0   0   0   0 100   0   0   0   0   0  2.26 0.10
  132 G    0 -3 -1 -2 -3 -2 -3  6 -3 -4 -4 -2 -3 -4 -3 -1 -2 -3 -4 -4    0   0   0   0   0   0   0  99   0   0   0   0   0   0   0   0   0   0   0   0  1.23 0.07
  133 I   -1 -2 -2 -3 -1 -2 -2 -3 -3  3  0 -2  0 -1 -2 -1  3 -3 -2  2    0   0   0   0   0   0   0   0   0  47   0   0   0   0   0   0  32   0   0  19  0.30 0.05
  134 R   -2  6 -1 -2 -4  1 -1 -3 -1 -4 -3  2 -2 -3 -3 -1 -2 -3 -2 -3    0  99   0   0   0   0   0   0   0   0   0   0   0   0   0   1   0   0   0   0  1.02 0.09
  135 Y   -2 -2 -3 -4 -3 -2 -3 -4  1 -2 -1 -3 -1  4 -4 -2 -2  2  7 -2    0   0   0   0   0   0   0   0   0   0   0   0   0  20   0   0   0   1  78   0  1.03 0.08
  136 P   -1 -3 -3 -2 -3 -2 -2 -3 -3 -3 -4 -2 -3 -4  8 -1 -2 -4 -4 -3    0   0   0   0   0   0   0   0   0   0   0   0   0   0 100   0   0   0   0   0  2.26 0.10
  137 L   -2 -2 -4 -4 -2 -3 -3 -4 -3  1  5 -3  2  0 -3 -3 -2 -2 -1  1    0   1   0   0   0   0   0   0   0   1  98   0   0   0   0   0   0   0   0   0  0.61 0.06
  138 C    0 -2 -1 -2  3 -1 -1 -2 -2 -1 -2 -1 -1 -3 -2  1  5 -3 -2 -1    0   0   0   0   8   0   0   0   0   0   0   0   0   0   0   0  92   0   1   0  0.65 0.08
  139 F   -3 -3 -4 -4 -3 -4 -4 -4 -2 -1  0 -4  0  7 -4 -3 -3  0  3 -1    0   0   0   0   0   0   0   0   0   0   3   0   0  94   0   0   0   0   2   0  0.99 0.08
  140 G    0 -3 -1 -2 -3 -2 -3  6 -3 -4 -4 -2 -3 -4 -3 -1 -2 -3 -4 -4    0   0   0   0   0   0   0 100   0   0   0   0   0   0   0   0   0   0   0   0  1.25 0.08
  141 W   -3 -4 -5 -5 -3 -3 -4 -3 -3 -3 -2 -4 -2  0 -5 -4 -3 12  2 -4    0   0   0   0   0   0   0   0   0   0   0   0   0   0   0   0   0 100   0   0  2.91 0.14
  142 C   -1 -4 -3 -4 10 -4 -4 -3 -4 -2 -2 -4 -2 -3 -4 -2 -1 -3 -3 -1    0   0   0   0 100   0   0   0   0   0   0   0   0   0   0   0   0   0   0   0  1.78 0.12
  143 F   -3 -3 -4 -4 -3 -4 -4 -4 -1 -1  0 -4  0  7 -4 -3 -3  1  3 -1    0   0   0   0   0   0   0   0   0   0   0   0   0  95   0   0   0   0   5   0  1.04 0.09
  144 K   -1  2 -1 -1 -4  1  0 -2 -1 -3 -3  6 -2 -4 -2 -1 -1 -4 -2 -3    0   1   0   0   0   0   0   0   0   0   0  99   0   0   0   0   0   0   0   0  0.76 0.08
  145 L   -2 -3 -4 -4 -2 -3 -3 -4 -3  1  5 -3  2  0 -3 -3 -2 -2 -1  0    0   0   0   0   0   0   0   0   0   0  99   0   0   0   1   0   0   0   0   0  0.62 0.06
  146 V   -1 -3 -3 -4 -1 -3 -3 -4 -4  2  0 -3  0 -1 -3 -2  0 -3 -2  5    0   0   0   0   0   0   0   0   0   0   1   0   0   0   0   0   0   0   0  99  0.57 0.08
  147 P   -1 -3 -3 -2 -3 -2 -2 -3 -3 -3 -4 -2 -3 -4  8 -1 -2 -4 -4 -3    0   0   0   0   0   0   0   0   0   0   0   0   0   0 100   0   0   0   0   0  2.26 0.10
  148 V   -1 -3 -3 -4 -1 -3 -3 -4 -4  2  1 -3  1 -1 -3 -2  0 -3 -2  5    0   0   0   0   0   0   0   0   0   1   6   0   1   0   0   0   0   0   0  92  0.51 0.07
  149 K   -1 -1  0  3 -4  1  5 -2 -1 -4 -4  0 -3 -4 -2  0 -1 -4 -3 -3    0   0   0  22   0   0  76   0   0   0   0   1   0   0   0   1   0   0   0   0  0.79 0.07
  150 P   -1 -2 -2 -2 -3  0 -1 -3 -3 -3 -3 -1 -3 -4  8 -1 -1 -4 -3 -3    1   1   0   0   0   3   0   0   0   0   0   1   0   0  93   1   1   0   0   0  2.01 0.09
  151 E   -1 -1  0  3 -4  1  5 -1 -1 -4 -4  0 -3 -4 -2 -1 -1 -4 -3 -3    0   0   0  18   0   0  78   3   0   0   0   0   0   0   0   0   0   0   0   0  0.78 0.07
  152 K   -1  2  0  0 -4  3  2 -2 -1 -3 -3  5 -2 -4 -1 -1 -1 -3 -2 -3    0   2   0   1   0  21   7   0   0   0   0  68   0   0   0   0   0   0   0   0  0.57 0.06
  153 I   -1 -3 -3 -4 -1 -3 -3 -4 -4  4  1 -3  1 -1 -3 -2 -1 -3 -2  4    0   0   0   0   0   0   0   0   0  30   0   0   0   0   0   0   0   0   0  69  0.47 0.06
  154 E   -1 -1 -1  1 -4  2  6 -3 -1 -4 -3  0 -3 -4 -2 -1 -1 -3 -3 -3    0   0   0   0   0   0 100   0   0   0   0   0   0   0   0   0   0   0   0   0  0.97 0.09
  155 E   -1  0 -1  1 -4  2  5 -2 -1 -4 -3  2 -2 -4 -2 -1 -1 -3 -2 -3    0   0   0   0   0   1  84   0   0   0   0  14   0   0   0   0   0   0   0   0  0.79 0.07
  156 A    5 -2 -2 -2 -1 -1 -1  0 -2 -2 -2 -1 -1 -3 -1  1  0 -3 -2 -1   99   0   0   1   0   0   0   0   0   0   0   0   0   0   0   0   0   0   0   0  0.58 0.07
  157 N   -2 -1  7  1 -3  0 -1 -1  0 -4 -4 -1 -3 -4 -3  0  0 -4 -3 -3    0   0  95   0   0   0   0   0   0   0   0   0   0   0   0   0   4   0   0   0  0.97 0.09
  158 E   -1  0 -1  1 -4  2  5 -2 -1 -3 -3  2 -2 -4 -2  0 -1 -3 -2 -3    2   0   0   0   0   2  78   0   0   0   0  15   0   0   0   0   2   0   0   0  0.70 0.07
  159 G    0 -3 -1 -2 -3 -2 -2  6 -3 -4 -4 -2 -3 -4 -3 -1 -2 -3 -4 -4    0   0   0   0   0   0   1  98   0   0   0   0   0   0   0   0   0   0   0   0  1.21 0.07
  160 E   -1 -1 -1  1 -4  2  6 -3 -1 -4 -3  0 -3 -4 -2 -1 -1 -3 -3 -3    0   0   0   1   0   0  99   0   0   0   0   0   0   0   0   0   0   0   0   0  0.97 0.09
  161 N   -2 -1  7  1 -3  0 -1 -1  0 -4 -4 -1 -3 -4 -3  0 -1 -4 -3 -4    0   0  98   0   0   0   0   0   1   0   0   1   0   0   0   0   0   0   0   0  1.01 0.09
  162 N   -2 -1  7  1 -3  0 -1 -1  0 -3 -4 -1 -3 -4 -3  0  0 -4 -3 -3    0   1  95   0   0   0   0   0   1   1   0   0   0   0   0   2   1   0   0   0  0.96 0.09
  163 S    0 -1  0 -2  7 -1 -1 -1 -1 -2 -2 -1 -2 -3 -2  3  0 -3 -2 -2    0   3   1   0  38   0   0   0   1   1   0   1   0   0   0  53   1   0   0   0  0.57 0.06
  164 L   -2 -3 -4 -4 -2 -3 -3 -4 -3  1  5 -3  2  0 -3 -3 -2 -1 -1  0    0   0   0   0   0   0   0   0   0   0 100   0   0   0   0   0   0   0   0   0  0.63 0.06
  165 L   -2 -3 -4 -4 -2 -3 -3 -4 -3  1  5 -3  2  0 -3 -3 -2 -2 -1  0    0   0   0   0   0   0   0   0   0   0 100   0   0   0   0   0   0   0   0   0  0.63 0.07
  166 H   -2 -1  0 -2 -4  0 -1 -3  9 -4 -4 -1 -2 -2 -3 -1 -2 -3  1 -4    0   0   0   0   0   0   0   0  99   0   0   0   0   0   0   0   0   0   0   0  1.37 0.11
  167 P   -1 -3 -3 -2 -3 -2 -2 -3 -3 -3 -4 -2 -3 -4  8 -1 -2 -4 -4 -3    0   0   0   0   0   0   0   0   0   0   0   0   0   0  99   1   0   0   0   0  2.22 0.10
  168 M   -2 -2 -3 -4 -2 -1 -3 -3 -2  1  2 -2  7 -1 -3 -2 -1 -2 -2  1    0   0   0   0   0   0   0   0   0   7   2   0  89   0   0   0   0   0   0   3  0.70 0.10
  169 S    1 -1  0 -1  0 -1 -1 -1 -1 -3 -3 -1 -2 -3 -1  5  1 -3 -2 -2    1   0   1   0   1   0   0   1   0   0   0   0   0   0   0  97   0   0   0   0  0.62 0.08
  170 L   -2 -1 -2 -2 -2  4  0 -3 -1  0  3 -1  1 -1 -2 -2 -1 -2 -2 -1    0   0   0   0   0  45   0   0   0   0  55   0   0   0   0   0   0   0   0   0  0.36 0.06
  171 H   -2 -1  0 -2 -4  0 -1 -3  9 -4 -4 -1 -2 -2 -3 -1 -2 -3  1 -4    0   0   0   0   0   1   0   0  99   0   0   0   0   0   0   0   0   0   0   0  1.38 0.11
  172 G    0 -3 -1 -2 -3 -2 -3  6 -3 -4 -4 -2 -3 -4 -3 -1 -2 -3 -4 -4    0   0   0   0   0   0   0 100   0   0   0   0   0   0   0   0   0   0   0   0  1.25 0.08
  173 M   -1 -2 -3 -4 -2 -1 -3 -3 -2  1  2 -2  8 -1 -3 -2 -1 -1 -2  0    0   0   0   0   0   0   0   0   0   5   0   0  93   0   0   0   0   0   0   1  0.75 0.11
  174 E   -2 -1  0  5 -4  0  4 -2 -1 -4 -4  0 -3 -4 -2 -1 -1 -4 -3 -3    0   0   0  62   0   0  38   0   0   0   0   0   0   0   0   0   0   0   0   0  0.86 0.06
  175 D   -2 -2  1  7 -4 -1  1 -2 -2 -4 -4 -1 -4 -4 -2 -1 -2 -5 -4 -4    0   0   0 100   0   0   0   0   0   0   0   0   0   0   0   0   0   0   0   0  1.20 0.09
  176 P   -1 -3 -2 -2 -3 -2 -2 -3 -3 -3 -3 -1 -3 -4  8 -1 -1 -4 -3 -3    1   0   0   0   0   0   0   0   0   0   1   1   0   0  94   1   2   0   0   0  2.05 0.09
  177 E   -1 -1 -1  1 -4  2  6 -3 -1 -4 -3  0 -3 -4 -2 -1 -1 -3 -3 -3    0   0   0   0   0   0 100   0   0   0   0   0   0   0   0   0   0   0   0   0  0.97 0.09
  178 R   -1  4 -1 -1 -4  1  0 -1 -1 -3 -3  4 -2 -3 -2 -1 -1 -3 -2 -3    0  37   0   0   0   0   0   4   0   0   0  58   0   0   0   0   0   0   0   0  0.60 0.06
  179 E   -1 -1 -1  1 -4  2  6 -3 -1 -4 -3  0 -3 -4 -2 -1 -1 -3 -3 -3    0   0   0   0   0   1  99   0   0   0   0   0   0   0   0   0   0   0   0   0  0.97 0.09
  180 V   -1 -3 -3 -4 -1 -3 -3 -4 -4  2  0 -3  0 -1 -3 -2  0 -3 -2  5    0   0   0   0   0   0   0   0   0   0   1   0   0   0   0   0   0   0   0  99  0.56 0.08
  181 L   -2 -3 -4 -4 -2 -3 -3 -4 -3  1  5 -3  2  0 -3 -3 -2 -2 -1  0    0   0   0   0   0   0   0   0   0   0 100   0   0   0   0   0   0   0   0   0  0.63 0.07
  182 E    0 -1 -2 -1 -2  2  2 -3 -1  1  0  0  3 -2 -2 -1 -1 -3 -2  2    4   0   0   0   0  15  26   0   0   1   0   2  19   0   0   0   1   0   0  32  0.19 0.04
  183 W   -3 -4 -5 -5 -3 -3 -4 -3 -3 -3 -2 -4 -2  0 -5 -4 -3 12  2 -4    0   0   0   0   0   0   0   0   0   0   0   0   0   0   0   0   0 100   0   0  2.91 0.14
  184 R   -1  4 -1 -1 -4  1  0 -2 -1 -3 -3  4 -2 -3 -2 -1 -1 -3 -2 -3    0  40   0   0   0   1   0   0   0   0   0  59   0   0   0   0   0   0   0   0  0.67 0.06
  185 F   -3 -3 -4 -4 -3 -4 -4 -4 -2 -1  0 -4  0  7 -4 -3 -3  0  3 -1    0   0   0   0   0   0   0   0   0   0   1   0   0  99   0   0   0   0   0   0  1.08 0.09
  186 D   -2 -2  1  7 -4 -1  1 -2 -2 -4 -4 -1 -4 -4 -2 -1 -2 -5 -4 -4    0   0   0 100   0   0   0   0   0   0   0   0   0   0   0   0   0   0   0   0  1.20 0.09
  187 N    1 -1  0 -1 -1 -1 -1 -1 -1 -3 -3 -1 -2 -3 -1  5  1 -3 -2 -2    0   0   1   0   0   0   0   0   0   0   0   0   0   0   0  99   0   0   0   0  0.66 0.08
  188 R   -2  6 -1 -2 -4  1 -1 -3  2 -3 -2  2 -2 -3 -2  0 -1 -3 -2 -3    0  84   0   0   0   0   0   0   6   0   2   3   0   0   0   4   2   0   0   0  0.77 0.07
  189 L   -2 -3 -4 -4 -2 -3 -3 -4 -3  1  5 -3  2  0 -3 -3 -2 -2 -1  0    0   0   0   0   0   0   0   0   0   0 100   0   0   0   0   0   0   0   0   0  0.62 0.06
  190 A    5 -2 -2 -2 -1 -1 -1  0 -2 -2 -2 -1 -1 -3 -1  1  0 -3 -2 -1   99   0   0   0   0   0   0   0   0   0   0   0   0   0   0   0   1   0   0   0  0.59 0.07
  191 F   -3 -3 -4 -4 -3 -4 -4 -4 -2  0  0 -4  0  7 -4 -3 -3  1  3 -1    0   0   0   0   0   0   0   0   0   1   1   0   0  96   0   0   0   0   2   0  1.04 0.09
  192 H   -2  1  0 -2 -4  1 -1 -3  9 -4 -3 -1 -2 -2 -3 -1 -2 -3  1 -4    0   8   0   0   0   2   0   0  89   0   0   0   0   0   0   0   0   0   0   0  1.16 0.10
  193 H   -2 -1  0 -2 -4  0 -1 -3  9 -4 -4 -1 -2 -2 -3 -2 -2 -3  1 -4    0   0   0   0   0   0   0   0 100   0   0   0   0   0   0   0   0   0   0   0  1.39 0.11
  194 M   -1 -1 -3 -3 -2 -1 -2 -3 -2  1  1 -1  6 -1 -3 -2 -1 -2 -2  2    1   3   0   0   0   0   0   0   0   2   0   4  62   0   0   0   1   0   0  28  0.40 0.07
  195 A    5 -2 -2 -2 -1 -1 -1  0 -2 -2 -2 -1 -1 -3 -1  1  0 -3 -2 -1  100   0   0   0   0   0   0   0   0   0   0   0   0   0   0   0   0   0   0   0  0.60 0.08
  196 R   -2  6 -1 -2 -4  1 -1 -3 -1 -4 -3  2 -2 -3 -3 -1 -2 -3 -2 -3    0  97   0   0   0   0   0   0   0   0   0   2   0   0   0   0   0   0   0   0  1.00 0.09
  197 D   -1 -1 -1  1 -4  1  6 -3 -1 -4 -3  0 -3 -4 -2 -1 -1 -3 -3 -3    0   0   0   2   0   0  97   0   0   0   0   0   0   0   0   0   0   0   0   0  0.94 0.08
  198 L   -2 -2 -3 -3 -2 -1 -2 -4 -3  1  4  0  2  0 -3 -2 -1 -2 -1  1    0   0   0   0   0   2   0   0   0   3  77  10   6   0   0   0   0   0   0   1  0.38 0.05
  199 H   -2 -1  0 -2 -4  0 -1 -3  9 -4 -3 -1 -2 -2 -3 -1 -2 -3  1 -4    0   0   0   0   0   0   0   0  99   0   0   0   0   0   0   0   0   0   1   0  1.36 0.11
  200 P   -1 -3 -3 -2 -3 -2 -2 -3 -3 -3 -4 -2 -3 -4  8 -1 -2 -4 -4 -3    0   0   0   0   0   0   0   0   0   0   0   0   0   0 100   0   0   0   0   0  2.26 0.10
  201 E   -1 -1 -1  1 -4  2  6 -3 -1 -4 -3  0 -3 -4 -2 -1 -1 -3 -3 -3    0   0   0   1   0   0  98   0   0   0   0   1   0   0   0   0   0   0   0   0  0.94 0.08
  202 Y   -2 -2 -3 -4 -3 -2 -3 -4  1 -2 -1 -2 -1  3 -4 -2 -2  2  8 -2    0   0   0   0   0   0   0   0   0   0   0   0   0   7   0   0   0   0  93   0  1.19 0.10
  203 Y   -2 -2 -3 -4 -3 -2 -3 -4  1 -2 -1 -2 -1  3 -4 -2 -2  2  8 -2    0   0   0   0   0   0   0   0   0   0   0   0   0   9   0   0   0   0  90   0  1.15 0.09
  204 K   -1  2 -1 -1 -4  1  1 -2 -1 -3 -3  6 -2 -4 -2 -1 -1 -4 -2 -3    0   1   0   0   0   0   1   0   0   0   0  99   0   0   0   0   0   0   0   0  0.76 0.08
  205 D   -2 -1  5  5 -4 -1  1 -1 -1 -4 -4 -1 -3 -4 -2  0 -1 -5 -3 -4    0   0  43  56   0   0   0   0   0   0   0   0   0   0   0   0   0   0   0   0  0.83 0.06
  206 C   -1 -4 -3 -4 10 -4 -4 -3 -4 -2 -2 -4 -2 -3 -4 -1 -1 -3 -3 -1    0   0   0   0  99   0   0   0   0   0   1   0   0   0   0   0   0   0   0   0  1.73 0.11
  207 L   -2 -2 -4 -4 -1 -2 -3 -4 -3  2  4 -3  2  0 -3 -3 -1 -2 -1  1    0   0   0   0   0   0   0   0   0   0 100   0   0   0   0   0   0   0   0   0  0.45 0.00
  208 T    0 -1  0 -1 -1 -1 -1 -2 -2 -1 -1 -1 -1 -2 -1  1  5 -3 -2  0    0   0   0   0   0   0   0   0   0   0   0   0   0   0   0   0 100   0   0   0  0.47 0.00
  209 S    2 -1  0 -1 -1  0  0  0 -1 -2 -2  0 -1 -2 -1  3  1 -3 -2 -1   32   0   0   0   0   0   0   0   0   0   0   0   0   0   0  68   0   0   0   0  0.37 0.00
  210 M    1 -1  0 -1 -1  0 -1 -1 -1 -1  0 -1  3 -1 -1  3  1 -2 -2 -1    0   0   0   0   0   0   0   0   0   0   0   0  34   0   0  66   0   0   0   0  0.22 0.00
  211 C   -2 -3 -3 -4  6 -3 -4 -3 -2 -1  0 -3  0  5 -3 -2 -2  0  2 -1    0   0   0   0  34   0   0   0   0   0   0   0   0  66   0   0   0   0   0   0  0.59 0.00
  212 L   -1 -3 -3 -4  6 -3 -3 -3 -3  1  3 -3  1  0 -3 -2 -1 -2 -2  0    0   0   0   0  34   0   0   0   0   0  66   0   0   0   0   0   0   0   0   0  0.45 0.00
  213 Q   -1  1  0  0 -3  5  2 -2  0 -3 -2  3 -1 -3 -1  0 -1 -2 -2 -2    0   0   0   0   0  66   0   0   0   0   0  34   0   0   0   0   0   0   0   0  0.52 0.00
  214 G    0 -2  0 -1 -3 -2 -2  6 -2 -4 -4 -2 -3 -3 -2  0 -2 -3 -3 -3    0   0   0   0   0   0   0 100   0   0   0   0   0   0   0   0   0   0   0   0  1.04 0.00
  215 T    0 -2 -1 -2 -1 -1 -1 -2 -2  0  2 -1  1 -1 -2  1  4 -2 -1  0    0   0   0   0   0   0   0   0   0   0  34   0   0   0   0   0  66   0   0   0  0.27 0.00
  216 F   -1 -2 -1 -2 -2 -2 -2 -2 -1 -1  0 -2  0  5 -2  1  0  0  2 -1    0   0   0   0   0   0   0   0   0   0   0   0   0  66   0  34   0   0   0   0  0.36 0.00
  217 R    2  5 -1 -2 -2  1  0 -1 -1 -2 -2  1 -1 -3 -2  0 -1 -3 -2 -2   34  66   0   0   0   0   0   0   0   0   0   0   0   0   0   0   0   0   0   0  0.43 0.00
  218 W   -1 -3 -2 -3 -3 -2 -3  3 -2 -3 -2 -3 -2  0 -3 -2 -2 10  1 -3    0   0   0   0   0   0   0  34   0   0   0   0   0   0   0   0   0  66   0   0  1.45 0.00
  219 G    0 -2  0  3 -3 -1  0  5 -2 -4 -4 -1 -3 -3 -2  0 -1 -3 -3 -3    0   0   0  34   0   0   0  66   0   0   0   0   0   0   0   0   0   0   0   0  0.71 0.00
  220 I   -2 -3 -3 -4 -2 -3 -3 -4 -2  2  2 -3  1  4 -3 -3 -1 -1  1  1    0   0   0   0   0   0   0   0   0  34  32   0   0  34   0   0   0   0   0   0  0.33 0.01
  221 S    1 -1  0 -1 -1  0  0 -1 -1 -3 -3  0 -2 -3  5  3  1 -3 -2 -2    0   0   0   0   0   0   0   0   0   0   0   0   0   0  34  66   0   0   0   0  0.66 0.00
  222 R   -1  5  0 -2 -3  0 -1  3 -1 -3 -3  1 -2 -3 -2 -1 -1 -3 -2 -3    0  66   0   0   0   0   0  34   0   0   0   0   0   0   0   0   0   0   0   0  0.53 0.00
  223 E   -1  3  0  1 -4  2  4 -2  0 -3 -3  1 -2 -3 -1  0 -1 -3 -2 -3    0  34   0   0   0   0  66   0   0   0   0   0   0   0   0   0   0   0   0   0  0.56 0.00
  224 A    2 -2 -1 -2  6 -2 -2  3 -2 -2 -2 -2 -2 -3 -2  0 -1 -3 -2 -1   34   0   0   0  34   0   0  32   0   0   0   0   0   0   0   0   0   0   0   0  0.47 0.00
  225 R   -1  4  0 -2 -3  0 -1  4 -1 -4 -3  1 -2 -3 -2 -1 -1 -3 -2 -3    0  50   0   0   0   0   0  50   0   0   0   0   0   0   0   0   0   0   0   0  0.55 0.01
  226 L   -1  0 -1 -2 -2  4  0 -3 -1  0  2  0  1 -1 -2 -1 -1 -2 -1  0    0   0   0   0   0  50   0   0   0   0  50   0   0   0   0   0   0   0   0   0  0.25 0.01
  227 G    0 -2  0 -1 -3 -2 -2  6 -2 -4 -4 -2 -3 -3 -2  0 -2 -3 -3 -3    0   0   0   0   0   0   0 100   0   0   0   0   0   0   0   0   0   0   0   0  1.04 0.00
  228 G    0 -2  0 -1 -3 -2 -2  6 -2 -4 -4 -2 -3 -3 -2  0 -2 -3 -3 -3    0   0   0   0   0   0   0 100   0   0   0   0   0   0   0   0   0   0   0   0  1.04 0.00
  229 T    0 -1  0 -1 -1 -1 -1 -2 -2 -1 -1 -1 -1 -2 -1  1  5 -3 -2  0    0   0   0   0   0   0   0   0   0   0   0   0   0   0   0   0 100   0   0   0  0.46 0.00
  230 G    0 -2  0 -1 -3 -2 -2  6 -2 -4 -4 -2 -3 -3 -2  0 -2 -3 -3 -3    0   0   0   0   0   0   0 100   0   0   0   0   0   0   0   0   0   0   0   0  1.04 0.00
  231 E   -1  0  0  2 -4  2  5 -2  0 -3 -3  1 -2 -3 -1  0 -1 -3 -2 -3    0   0   0   0   0   0 100   0   0   0   0   0   0   0   0   0   0   0   0   0  0.73 0.00
  232 W   -3 -3 -4 -4 -2 -2 -3 -3 -2 -3 -2 -3 -2  1 -4 -3 -3 11  2 -3    0   0   0   0   0   0   0   0   0   0   0   0   0   0   0   0   0 100   0   0  2.29 0.00
  233 R   -1  6  0 -2 -4  1  0 -2  0 -3 -2  2 -1 -3 -2 -1 -1 -3 -2 -3    0 100   0   0   0   0   0   0   0   0   0   0   0   0   0   0   0   0   0   0  0.74 0.00
  234 A    4 -1 -2 -2  0 -1 -1  0 -2 -1 -2 -1 -1 -2 -1  1  0 -3 -2  0  100   0   0   0   0   0   0   0   0   0   0   0   0   0   0   0   0   0   0   0  0.40 0.00
  235 L   -2 -2 -4 -4 -1 -2 -3 -4 -3  2  4 -3  2  0 -3 -3 -1 -2 -1  1    0   0   0   0   0   0   0   0   0   0 100   0   0   0   0   0   0   0   0   0  0.45 0.00
  236 R   -1  6  0 -2 -4  1  0 -2  0 -3 -2  2 -1 -3 -2 -1 -1 -3 -2 -3    0 100   0   0   0   0   0   0   0   0   0   0   0   0   0   0   0   0   0   0  0.74 0.00
  237 C    0 -4 -3 -4  9 -3 -4 -3 -3 -1 -1 -3 -2 -3 -3 -1 -1 -2 -3 -1    0   0   0   0 100   0   0   0   0   0   0   0   0   0   0   0   0   0   0   0  1.19 0.00
  238 C    0 -4 -3 -4  9 -3 -4 -3 -3 -1 -1 -3 -2 -3 -3 -1 -1 -2 -3 -1    0   0   0   0 100   0   0   0   0   0   0   0   0   0   0   0   0   0   0   0  1.19 0.00
  239 I   -1 -3 -3 -3 -1 -3 -3 -4 -3  4  2 -3  1  0 -3 -2 -1 -3 -1  3    0   0   0   0   0   0   0   0   0 100   0   0   0   0   0   0   0   0   0   0  0.39 0.00

                      K         Lambda
Standard Ungapped    0.1375     0.3200
Standard Gapped      0.0504     0.2670
PSI Ungapped         0.1651     0.3165
PSI Gapped           0.0504     0.2670
