
Last position-specific scoring matrix computed, weighted observed percentages rounded down, information per position, and relative weight of gapless real matches to pseudocounts
           A  R  N  D  C  Q  E  G  H  I  L  K  M  F  P  S  T  W  Y  V   A   R   N   D   C   Q   E   G   H   I   L   K   M   F   P   S   T   W   Y   V
    1 M   -5 -6 -7 -8 -6 -5 -7 -7 -6 -1  2 -6 10 -4 -7 -6 -5 -6 -5  0    0   0   0   0   0   0   0   0   0   3  14   0  79   0   0   0   0   0   0   4  2.78 0.94
    2 D   -4 -4  3  7 -3 -2  1 -3 -3 -7 -7  2 -6 -7 -5 -3 -4 -8 -6 -7    1   0  15  58   1   1   8   2   0   0   0  13   0   0   0   0   0   0   0   0  1.55 0.65
    3 F   -4 -5 -5 -5 -5 -5 -5 -5 -3 -2  0 -5 -1  8 -5 -4 -4 -2  6 -2    0   0   0   0   0   0   0   0   0   2   8   0   1  58   0   0   0   0  24   2  1.65 0.51
    4 S   -4  7  1 -4 -3  3 -2 -4  3 -4 -4 -1 -4 -5 -2 -1 -3 -5 -2 -5    0  59   7   0   1  14   0   0   8   1   1   0   0   0   2   5   1   0   1   0  1.26 0.50
    5 R   -2  2  0 -2 -4  3  1 -1 -2 -1 -2  4 -1 -4 -2  0 -1 -4 -1  0    1  10   4   0   0  16   9   4   0   4   4  29   2   0   1   6   2   0   2   8  0.36 0.23
    6 N   -2  0 -3 -4  2  1 -3 -5 -3  0  4  1  3 -1 -4 -3  0 -4 -3 -1    3   6   1   0   5   7   1   0   0   3  44  10   8   2   0   0   7   0   0   2  0.44 0.27
    7 L   -5 -5 -7 -7 -5 -5 -6 -7 -6 -2  7 -6  0 -1 -6 -5 -4 -5 -4 -2    0   0   0   0   0   0   0   0   0   0  96   0   2   1   0   1   0   0   0   0  1.85 0.63
    8 Y   -2 -4 -5 -5 -3 -4 -5 -4  2 -1  4 -3 -1  5 -5 -1 -4 -2  5 -1    2   0   0   0   0   0   0   1   6   2  38   1   0  22   0   4   0   0  19   3  0.81 0.36
    9 D   -1  1  1  3 -4  2  2 -2  0 -1 -1  1 -1 -1 -3  0  0 -4 -3 -2    5   7   7  19   0  14  11   2   2   4   6  10   1   3   0   4   5   0   0   2  0.25 0.16
   10 I   -3 -6 -6 -6 -4 -5 -6 -7 -6  7  2 -6 -1 -3 -6 -5 -4 -5 -4  3    1   0   0   0   0   0   0   0   0  64  19   0   0   0   0   0   0   0   0  15  1.44 0.51
   11 G    0 -3  0  5  1 -2 -1  2 -1 -5 -5 -3 -4 -5 -4  4 -2 -6 -5 -5    6   0   4  32   3   1   2  14   2   0   0   0   0   0   0  34   1   0   0   0  0.80 0.39
   12 E   -2 -3 -1  1 -6  1  6 -4 -1 -6 -4  1 -5 -6 -4  1 -3 -6 -4 -5    2   0   2   5   0   3  65   1   1   0   1   7   0   0   0  13   0   0   0   0  1.23 0.51
   13 Q    1 -2  4  3 -1  1  3 -2  1 -5 -5  0 -4 -5 -3  0 -2 -5 -2 -4   16   1  19  20   2   7  20   2   3   0   0   4   0   0   0   5   1   0   1   0  0.55 0.29
   14 L   -4 -5 -6 -6 -4 -5 -6 -7 -6  2  6 -5  2 -2 -6 -5 -2 -5 -4  0    0   0   0   0   0   0   0   0   0  11  78   0   5   0   0   0   2   0   0   4  1.40 0.51
   15 D    0 -2  0  3 -1 -2  0  3 -1 -2 -4 -1 -3 -4 -3  1  3 -5 -4  0    5   1   3  18   1   0   4  24   1   1   0   2   0   0   0   9  21   0   0   9  0.41 0.25
   16 S    1  1 -1  0 -3  0  2 -2 -1 -3 -3  2 -3 -3 -1  3  2 -4 -3 -1    9   7   1   4   0   2  13   2   1   0   0  11   0   1   2  27  15   0   0   4  0.34 0.23
   17 E   -1 -3 -1  5 -5  1  4 -2 -3 -5 -3 -1 -4 -3 -3  0 -2 -5 -4 -4    6   1   1  41   0   7  24   3   0   0   2   3   0   1   0   8   2   0   0   1  0.80 0.36
   18 D   -4 -3  1  6 -7 -2  6 -4 -3 -6 -6 -2 -2 -6 -4 -2 -3 -7 -6 -6    0   0   5  39   0   0  52   0   0   0   0   1   1   0   0   2   1   0   0   0  1.52 0.57
   19 L   -3 -5 -6 -6 -4 -5 -5 -6 -5  1  4 -3  1  0 -5 -4 -2 -5 -3  5    0   0   0   0   0   0   0   0   0   3  43   1   3   4   0   0   2   0   0  44  1.03 0.42
   20 A    3  1 -2  1 -4  1  3 -3 -3 -4 -3  3  0 -5 -2 -1 -2 -5 -4 -2   31   8   1   6   0   4  22   0   0   0   2  18   3   0   1   1   0   0   0   3  0.49 0.30
   21 S    4 -1  0  0  0  0  0 -1 -1 -4 -4  0 -1 -5 -3  3 -2 -5 -4 -3   44   3   5   4   2   3   7   3   1   0   0   4   1   0   0  21   0   0   0   1  0.56 0.32
   22 L   -2 -5 -6 -6 -4 -5 -6 -6 -5  2  5 -5  3  2 -6 -3 -4 -4 -3  0    2   0   0   0   0   0   0   0   0   8  71   0   6   8   0   2   0   0   0   4  1.17 0.46
   23 K   -1  0 -4 -4  3 -2 -3 -4 -4 -2 -4  7 -4 -3 -4 -2 -2 -6 -5 -2    5   2   0   0   5   0   0   1   0   3   1  76   0   1   0   2   2   0   0   2  1.49 0.60
   24 F   -6 -7 -7 -8 -6 -7 -7 -7 -5 -4 -3 -7 -4  9 -8 -6 -6 -3  1 -4    0   0   0   0   0   0   0   0   0   0   1   0   0  94   0   0   0   0   3   1  2.92 0.84
   25 L   -5 -6 -7 -7 -5 -6 -6 -7 -6 -1  7 -6 -1  0 -6 -6 -5 -5 -4 -2    0   0   0   0   0   0   0   0   0   1  95   0   0   3   0   0   0   0   0   0  1.89 0.65
   26 S   -2 -6 -5 -6 10 -5 -6 -5 -6 -4  2 -5  0 -5 -6  3 -3 -6 -5 -4    2   0   0   0  52   0   0   0   0   0  23   0   3   0   0  20   1   0   0   0  1.84 0.63
   27 L   -1  2  0 -2 -3  1 -1 -1 -1  0  1  1  0 -1 -3  1  2 -3 -3 -1    2  14   5   1   0   7   3   5   1   5  21   8   2   2   0  10  14   0   0   1  0.15 0.15
   28 D   -4 -3  1  7 -6 -2  2 -1 -4 -6 -6  1 -5 -6 -3 -2 -3 -6 -5 -6    0   1   7  61   0   1  14   5   0   0   0   8   0   0   1   1   1   0   0   0  1.35 0.50
   29 Y   -2 -1 -3 -1 -1 -1  0 -4  5  1  2 -1 -1  2 -4 -2 -1 -1  2  1    1   2   0   3   1   3   8   0  17   7  22   4   0   9   0   1   3   1   6  10  0.28 0.20
   30 I   -1 -5 -6 -6 -4 -5 -5 -6 -6  5  4 -5  0 -3 -5 -5 -3 -5 -4  3    4   0   0   0   0   0   0   0   0  38  37   0   1   0   0   0   0   0   0  20  1.07 0.42
   31 P   -1 -3  1 -3 -2 -2 -3 -1 -2 -5 -5 -3 -5 -3  7  2  0 -6 -5 -5    4   1   6   1   1   1   1   4   1   0   0   1   0   1  56  16   4   0   0   0  1.35 0.48
   32 Q   -1  3 -1 -1 -4  2 -1 -2  2 -2  0  3  2  1 -1 -1 -2 -2 -2 -2    4  20   2   3   0   9   2   3   5   1  10  20   7   6   3   2   1   0   0   2  0.25 0.19
   33 R   -2  5  0 -4  4 -1 -2 -1  0 -5 -5  5 -4 -5 -4 -1 -3 -5 -4 -3    3  36   4   0   8   2   0   6   3   0   0  33   0   0   0   4   0   0   0   1  0.93 0.41
   34 K   -3  3  2 -1 -6  1 -1 -4  0 -3 -4  6 -4 -6 -4 -2 -3 -1 -4 -4    0  16   9   2   0   4   2   0   2   2   1  57   0   0   0   2   0   1   0   1  1.10 0.47
   35 Q   -4 -3 -5 -6 -5  3 -4 -6 -5  0  5 -3  0 -3  2 -5 -4 -5 -4 -2    0   1   0   0   0  15   0   0   0   3  69   1   2   0   9   0   0   0   0   0  1.15 0.50
   36 E   -2 -3  2  0 -6  0  6 -2 -1 -5 -4 -1  0 -6 -3 -2 -1 -6 -5 -3    2   0   9   4   0   3  66   3   1   0   1   3   3   0   1   2   3   0   0   1  1.18 0.50
   37 P    1  0  1  2 -3  0  0  0  0 -3 -4  2 -2 -4  2  2  0 -4 -3 -3   13   4   7  13   0   2   4   8   2   1   0  13   1   0  12  15   5   0   0   0  0.31 0.18
   38 I    0 -3  1 -1  2 -3 -2 -4 -4  4 -1  0  0 -2 -4  0 -2 -5 -3  3    6   0   8   4   4   0   2   0   0  31   2   6   1   1   0   8   1   0   0  26  0.43 0.27
   39 K   -1  1 -1 -1 -4  3  2 -2 -1 -3 -2  2  0 -4 -3  2  2 -4 -3 -1    3   6   2   3   0  15  11   1   1   0   3  15   2   0   0  15  16   0   0   6  0.34 0.24
   40 D   -2 -1  0  4  0 -2  1 -3 -3 -2 -4 -2 -4 -5 -3  4  2 -6 -5 -4    0   3   3  24   2   1   7   1   0   3   0   2   0   0   0  38  15   0   0   0  0.74 0.40
   41 A    5 -3 -4 -4 -3 -3 -4  0 -4 -2 -2 -3  2 -1  2 -1  1 -5 -4 -2   54   1   0   0   0   0   0   8   0   1   3   0   5   3  12   2   8   0   0   1  0.76 0.41
   42 L   -2  0 -2 -4 -2  1 -2 -3  0 -1  4  3 -1 -2 -4  0 -1 -1 -2 -1    0   5   2   0   0   6   1   1   2   2  41  21   1   1   0   9   2   1   1   4  0.39 0.28
   43 M    0 -3 -1  6 -5  2  2 -1 -1 -4 -5 -2  1 -6 -4 -2 -1 -6 -5 -4   10   0   2  47   0   9  15   4   2   0   0   2   5   0   0   1   3   0   0   1  0.91 0.42
   44 L   -3 -5 -6 -6 -4 -5 -6 -6 -5  3  4 -5 -1  4 -6 -5 -4 -4 -2  2    2   0   0   0   0   0   0   0   0  19  49   0   0  18   0   0   0   0   0  12  1.03 0.42
   45 F   -6 -7 -7 -8 -6 -7 -7 -7 -5 -2 -1 -7 -1  9 -8 -5 -6 -3 -1 -4    0   0   0   0   0   0   0   0   0   2   6   0   1  89   0   1   0   0   0   1  2.67 0.82
   46 Q   -2 -1 -2  1 -2  3  3 -4 -2  0  2 -1  0 -3 -3  1 -1 -3 -3 -1    2   3   1   7   1  18  21   0   0   7  20   2   2   1   0  10   2   0   0   3  0.31 0.24
   47 R    1  3 -2 -1 -2  0  3 -3  2 -2  1  1 -1 -1 -3 -2 -2 -4 -1  0   11  19   0   2   1   2  22   0   6   1  15   6   1   2   0   1   1   0   2   6  0.27 0.22
   48 L   -5 -5 -7 -7 -5 -5 -6 -7 -6  0  6 -6  6 -2 -6 -6 -4 -5 -4 -2    0   0   0   0   0   0   0   0   0   3  78   0  19   1   0   0   0   0   0   0  1.72 0.63
   49 Q   -2 -1 -1 -1 -5  4  5 -5 -1 -1  0 -1  4 -4 -4 -2 -2 -5 -4 -1    2   2   2   2   0  20  37   0   1   4  10   2  12   0   0   1   1   0   0   4  0.68 0.39
   50 E    1  0  0  2 -3  0  4 -4  1 -4 -5  3 -4 -5 -3 -1  0 -5 -3 -3   11   3   5   9   1   1  33   0   4   1   0  24   0   0   0   1   5   0   1   2  0.60 0.34
   51 K   -2  2  1 -2 -1  4  3 -2 -2 -3 -4  4  2 -5 -4 -1 -3 -5 -2 -2    2  10   6   0   1  18  16   2   0   2   0  31   6   0   0   2   0   0   1   2  0.61 0.35
   52 R    0  0 -1  5 -3 -1  2  3 -2 -3 -5 -1 -4 -5 -4 -1 -2 -5 -5 -4    6   4   2  34   1   1  15  27   1   1   0   3   0   0   0   2   1   0   0   1  0.71 0.35
   53 M   -3 -1 -4 -2 -2 -1 -4 -5  3  2  4 -3  4  0 -5 -3 -3 -1  2  0    0   4   0   2   1   3   0   0   8  14  40   1  14   3   0   1   0   1   6   2  0.60 0.32
   54 L   -4 -5 -6 -6 -4 -5 -6 -7 -6  4  5 -5  1 -1 -6 -5 -4 -5 -4  1    0   0   0   0   0   0   0   0   0  20  70   0   3   1   0   0   0   0   0   6  1.30 0.51
   55 E    0 -1  3  0  0  0  3  1 -2 -4 -4 -1 -3 -4 -2  3 -1 -4 -4 -4    6   2  13   4   2   2  24  10   0   0   0   2   0   0   1  28   3   0   0   0  0.48 0.29
   56 E    1 -2  0  2 -2  0  4 -2 -1 -1 -2  0 -2 -4  2 -1 -2 -4 -3  0   10   1   3   9   1   2  39   2   1   3   3   6   1   0   9   1   1   0   0   7  0.44 0.25
   57 S   -2 -2  1  3 -4  0  4  3  0 -2 -3  0 -3 -4 -3  0  0 -4 -3 -3    1   1   5  17   0   2  28  21   2   3   3   4   0   0   0   5   5   0   0   1  0.45 0.25
   58 N   -3 -1  6  5 -6 -1 -1 -4 -3 -6 -4  1 -5 -6 -4 -2 -3 -6 -5 -5    1   2  43  37   0   1   1   0   0   0   2   9   0   0   0   1   0   0   0   0  1.32 0.53
   59 L   -2 -2 -2 -2 -1 -2 -3 -2 -1 -1  4 -3  0 -2  3 -1  1 -4 -1 -1    1   2   2   1   1   1   0   2   2   1  42   0   1   1  18   5  12   0   2   4  0.46 0.28
   60 S   -1 -1  1  0 -4 -1 -1 -2  2 -3 -1 -3 -1  5 -4  2 -1 -2  0 -2    6   3   8   5   0   3   3   2   5   0   4   0   2  34   0  20   4   0   2   1  0.46 0.28
   61 F   -3 -4 -4 -5 -4 -4 -2 -4 -4  1  3 -3  0  6 -2 -4  0 -2  0  0    0   0   0   0   0   0   3   1   0   9  25   1   1  44   2   0   6   0   1   4  0.85 0.37
   62 L   -4 -5 -6 -6 -4 -5 -5 -6 -5  0  6 -5 -1 -2 -5 -5 -4 -4 -4  1    0   0   0   0   0   0   0   0   0   4  83   0   0   0   0   0   0   0   0  10  1.42 0.53
   63 K    3  0 -2 -1 -2 -1  1 -2 -1 -3 -3  4 -2 -3  0  0  0 -4 -2 -1   28   3   1   2   1   1  10   1   1   1   2  28   1   1   5   5   6   0   1   4  0.38 0.26
   64 E   -4 -1 -1  0 -6  2  7 -5 -3 -3 -4 -1 -4 -6 -4  0 -2 -5 -5 -5    0   3   2   3   0   9  70   0   0   2   2   1   0   0   0   6   1   0   0   0  1.35 0.56
   65 L   -3 -4 -5 -6  1 -4 -5 -6 -5  2  6 -3  1 -2 -5 -4 -3 -4 -4  0    2   0   0   0   3   0   0   0   0  11  75   1   2   0   0   0   0   0   0   3  1.18 0.47
   66 L   -4 -5 -5 -6  3 -5 -5 -6 -5  1  6 -5  0  2 -5 -5 -4 -4 -3 -2    0   0   0   0   7   0   0   0   0   7  74   0   1   7   0   0   0   0   0   0  1.23 0.49
   67 F   -1  0 -2 -2 -2  1  0 -1  1 -1 -1 -2 -3  4 -4 -1 -3 -1  6 -2    5   5   2   2   1   6   5   4   3   4   4   1   0  14   0   4   1   0  38   2  0.65 0.34
   68 R   -2  4  0 -3 -1  0  0 -4  0  2 -1  0 -2 -3 -2  0  3 -1 -3 -1    1  29   3   0   1   3   6   0   2  13   5   2   0   0   1   7  20   1   0   4  0.37 0.27
   69 I   -4 -5 -5 -5  0 -5 -5 -6 -5  7 -1 -5  1 -3 -3 -3 -1 -5 -4  2    0   0   0   0   2   0   0   0   0  72   2   0   4   0   1   1   3   0   0  13  1.47 0.56
   70 N   -2  1  3  0  1  1  0  2  3 -3 -3  2  0 -3 -2  0 -1 -3 -2 -2    1   6  20   4   3   6   4  16   7   1   2  13   3   1   1   7   2   0   1   2  0.27 0.16
   71 R   -3  6 -2 -3 -2  3 -1 -2  0 -4 -2  3 -3 -4 -1 -2 -3 -1 -3 -4    1  49   1   1   1  12   1   3   2   1   4  16   0   0   3   2   1   1   0   1  0.93 0.41
   72 L   -1 -1 -1 -3  5  1 -1 -3  2  2  1  0  1  0 -1 -2  0  0  1  0    5   2   3   0  14   8   2   0   6  16  12   7   4   4   2   1   4   1   4   3  0.19 0.16
   73 D   -2  0  2  5 -5 -2 -1 -3  4 -4 -3  1 -4 -4  1  0 -3 -2 -2 -3    3   4   8  42   0   1   0   0  10   0   3   9   0   0   7   8   0   1   1   2  0.71 0.37
   74 L   -2 -3 -1 -4 -2 -3 -2 -4 -4  0  5 -2  2  0 -4  0 -2 -4 -1 -1    2   1   4   0   0   0   3   0   0   3  60   2   6   3   0  10   1   0   1   2  0.66 0.36
   75 L   -4 -3 -6 -6 -4 -5 -5 -6 -5 -1  6 -5  0 -1 -5 -3 -3 -4 -4 -1    0   2   0   0   0   0   0   0   0   1  86   0   1   2   0   2   1   0   0   3  1.46 0.59
   76 I    0  1 -1 -2 -1  0  0 -1 -1  0  2  0  0 -1 -2  0  0 -2 -2  1    8   8   2   1   1   4   7   3   1   5  23   7   1   1   1   6   7   0   1  14  0.07 0.08
   77 T    0  3  1  1 -3  1  1 -1  1 -3 -1  2 -2 -3 -2  0  1 -4 -2 -2    7  18   9   6   0   7   6   3   3   0   8  12   0   0   1   5   9   0   0   3  0.20 0.16
   78 Y   -1  0 -1 -1 -2  1  0 -3  4  0 -1  2  0  1 -3 -2 -1 -2  3 -1    4   5   1   3   1   7   6   1  14   7   6  17   2   5   1   1   4   0  11   2  0.25 0.20
   79 L   -2 -2 -3 -5 -4 -2 -2 -4 -4  2  5 -1  1  0 -5 -3 -2 -4 -3 -1    2   2   1   0   0   1   3   1   0  12  63   4   3   3   0   1   2   0   0   1  0.82 0.41
   80 N   -1 -1  3  2 -1  0  0  4  0 -4 -2  0 -3 -4 -3  0 -1 -4 -3 -4    3   3  18  13   2   3   4  32   2   0   5   6   0   0   1   4   3   0   0   0  0.49 0.28
   81 T   -2  0 -1 -2  0  0 -1 -3 -2 -2 -1  0 -1 -1 -1  2  2  0  5 -1    1   5   2   1   2   4   3   1   0   2   7   4   2   0   3  21  11   1  24   4  0.33 0.27
   82 R   -2  0  1  0 -2 -2 -1 -3 -3 -2 -2 -1 -3  2 -3  4  3 -4 -1 -2    1   6   5   6   1   0   2   1   0   2   2   3   0  10   0  32  24   0   2   2  0.45 0.33
   83 K   -3  4 -2 -3 -5  1  0 -1 -3 -3 -3  5 -2 -5  1 -1 -1 -5 -4 -4    0  24   1   0   0   5   6   4   0   2   2  41   1   0   6   3   3   0   0   0  0.79 0.41
   84 E   -1 -1 -1  0 -4  2  5 -2 -1 -4 -3 -1 -3 -4  0 -1  0 -4 -1 -3    3   2   2   3   0  10  50   2   1   0   3   2   0   0   4   4   7   0   3   1  0.73 0.40
   85 E   -2  0 -1  1 -3  4  5 -3 -1 -3 -1  2 -1 -4 -2 -1 -2 -4 -3 -3    2   3   2   5   0  17  37   1   1   1   7  14   1   0   2   4   1   0   0   1  0.61 0.35
   86 M   -2 -1 -1 -4 -3  1 -2 -1 -3  0 -1 -3  5 -3 -2  0  0 -4  0  4    2   4   3   1   0   7   2   5   0   5   3   1  18   0   2   6   5   0   3  32  0.47 0.36
   87 E   -2  0 -1  0 -1  2  4  0  1 -2 -2  1  2 -4  0 -1 -1  1 -3 -1    3   4   2   4   1  11  29   6   3   2   2   8   6   0   4   3   4   2   0   5  0.34 0.29
   88 R   -1  3  1 -1  0  2  2 -2  2 -4 -2  1 -3 -4  1  0 -1  1 -3 -3    6  18   6   2   3  10  16   3   5   0   5   6   0   0   6   8   3   2   0   0  0.30 0.25
   89 E   -1 -1  0 -1  3  0  2 -1  1 -1  0 -1 -1 -2  1  1  0  1 -1 -1    3   2   4   2   6   4  19   4   4   2  11   2   1   2   8  10   7   2   2   4  0.14 0.16
   90 L   -3 -1 -4 -1 -4 -3 -1 -3 -4  0  5 -2  1 -1 -2 -4  0 -4 -3  0    1   3   0   4   0   0   5   3   0   4  57   3   2   2   2   1   7   0   0   5  0.67 0.42
   91 Q   -1  1 -1  0  0  4  2 -1  2 -1 -2  0 -2 -2  0  0 -2 -3 -1 -1    6   6   2   4   2  24  15   5   5   3   3   4   0   2   5   8   1   0   2   4  0.32 0.25
   92 T   -1 -1 -1 -1  0 -1  2 -2 -1  3  0 -1  0 -2 -2 -1  2 -3 -2  1    4   4   2   3   2   2  15   4   1  22   7   3   2   1   1   4  16   0   1   7  0.20 0.17
   93 P   -3 -4 -1  1 -5 -4 -3 -4 -3 -5 -3  2 -3 -6  7 -1  1 -6 -5 -4    2   0   2   8   0   1   1   1   1   0   3  11   1   0  53   4   8   0   0   1  1.37 0.63
   94 G    1 -2 -2 -1 -5 -3 -2  5  0 -2 -4 -2 -3 -4 -4  0  1 -1 -5 -3   12   2   2   4   0   1   3  50   2   2   2   2   0   1   1   6   8   1   0   2  0.81 0.42
   95 R   -3  6  0 -4 -3  1 -2 -2  0 -4 -4  2 -4 -2 -2  0 -1 -5 -4 -2    2  50   4   1   1   5   2   3   2   1   2  10   0   2   2   6   4   0   0   3  0.93 0.49
   96 A    4  1 -2 -2 -3  1 -1  1 -3 -3 -3 -1 -3 -4  2  0  0 -2 -3 -3   39   9   1   1   0   7   3   9   0   1   3   3   1   0   9   5   6   1   1   1  0.47 0.32
   97 Q   -2  3 -2 -3 -3  4  0 -1 -2 -1 -1  4 -1  0 -3 -2 -1 -3 -2 -2    3  14   2   1   1  20   5   5   1   4   5  23   1   4   1   3   3   0   1   3  0.43 0.29
   98 I   -4 -6 -6 -4 -5 -6 -6 -4 -6  5  1 -6 -3 -4 -6 -3  0 -6 -5  5    0   0   0   1   0   0   0   1   0  33  11   0   0   0   0   2   5   0   0  45  1.28 0.59
   99 S   -3 -4 -1 -1 -6 -5 -5 -2 -5 -6 -4 -5 -2 -6 -2  7 -3 -7 -6 -6    0   1   2   4   0   0   0   3   0   0   2   0   1   0   2  82   0   0   0   0  1.89 0.91
  100 A    3 -1 -4 -1 -5  1 -1 -4 -5 -4  1 -2 -4 -5  5  1 -2 -6 -5 -3   24   3   0   4   0   6   4   0   0   0  13   2   0   0  30  10   2   0   0   2  0.72 0.45
  101 Y   -6 -4 -4 -7 -7 -1 -3 -5 -2 -5 -4 -6 -5  6 -7 -5 -6 -3  9 -5    1   1   1   0   0   3   2   1   0   0   2   0   0  27   0   1   0   0  60   1  2.38 0.94
  102 R   -6  8 -1 -3 -7 -3 -2 -6 -2 -7 -6 -1 -6 -7 -6 -1 -5 -7 -6 -4    0  81   3   1   0   1   3   0   1   0   0   2   0   0   0   4   0   0   0   1  2.28 0.93
  103 V   -3 -1  2 -3 -4  4 -2 -4 -2  0 -1  3 -2 -2 -2 -2 -2 -4  2  2    1   3  12   1   0  23   2   0   0   4   5  17   0   2   2   3   2   0   6  17  0.50 0.37
  104 M   -5 -2 -6 -7  2 -4 -6 -7 -6 -3  5 -6  8  0 -2 -4 -4 -6 -5 -3    1   3   0   0   3   1   0   0   0   1  48   0  35   3   2   1   1   0   0   1  1.58 0.72
  105 L   -6 -6 -7 -7 -6 -6 -4 -7 -7 -3  7 -6 -3 -3 -5 -4 -5  1 -5 -3    0   0   0   0   0   0   1   0   0   0  91   0   0   1   1   2   0   2   0   1  2.04 0.86
  106 Y   -6 -2 -6 -6 -6 -3 -4 -5 -1 -5 -1 -5 -5  5 -6 -4 -3 -3  9 -3    0   3   0   0   0   1   1   1   1   0   5   1   0  21   0   1   2   0  59   2  2.07 0.84
  107 Q   -4  1  1  1 -6  5  4  0  1 -6 -6  1 -5 -6 -5  0 -2 -6 -5 -5    0   6   5   7   0  24  28   8   3   0   0   8   0   0   0   7   2   0   0   0  0.80 0.48
  108 I   -5 -1 -7 -7 -5 -6 -6 -7 -6  5  5 -6 -1 -4 -2 -6 -5 -6 -5  2    0   3   0   0   0   0   0   0   0  36  45   0   1   0   2   0   0   0   0  11  1.31 0.60
  109 S    2 -5 -2 -2 -1 -4 -4  0  1 -6 -6 -4 -5 -3 -5  6 -1 -6  1 -5   16   0   1   2   2   0   0   6   3   0   0   0   0   1   0  61   3   0   5   0  1.25 0.69
  110 E   -3 -3 -3 -1 -8  2  8 -7 -5 -5 -7 -4 -2 -8 -6 -3 -6 -7 -7 -4    2   1   1   3   0   7  81   0   0   1   0   0   1   0   0   1   0   0   0   1  2.13 0.96
  111 E   -3 -5  4  6 -6  1  2  0 -1 -7 -7 -4 -2 -7 -5  0 -4 -7 -6 -6    2   0  20  41   0   6  13   8   2   0   0   0   1   0   0   6   0   0   0   0  1.18 0.60
  112 V   -3 -4 -6 -6 -5 -4 -4 -7 -6  6  3 -5  4 -2 -3 -5 -2 -6 -5  3    2   1   0   0   0   0   1   0   0  39  26   0   9   2   1   0   2   0   0  15  1.09 0.52
  113 S   -1 -3  0  3  0 -5 -4 -3 -4 -4 -6 -3 -5 -6 -5  2  6 -7 -6 -3    4   1   4  18   2   0   0   2   0   1   0   1   0   0   0  13  50   0   0   2  1.19 0.66
  114 R   -1  1  1  0 -5  0  1 -2 -1 -5 -4  2 -1 -3  2  3  1 -6 -5 -5    3   7   7   6   0   4  10   2   2   0   1  13   1   1   9  27   7   0   0   0  0.44 0.35
  115 S   -3 -2 -1  4 -7  0  6 -3 -4 -5 -3 -2 -4 -5  1 -1 -4 -7 -4 -5    1   2   2  22   0   3  49   2   0   1   2   2   0   0   6   4   0   0   0   1  1.15 0.62
  116 E   -4 -1  4  5 -4 -2  4 -3 -3 -4 -4 -2  3 -6 -5 -2 -1 -7 -4 -5    1   3  17  29   0   1  27   2   1   1   1   2   8   0   0   2   4   0   0   0  0.99 0.55
  117 L   -5 -4 -2 -6 -2 -6 -4 -5 -7  0  6 -6 -1  0 -7 -4 -5 -6 -5  3    0   1   2   0   1   0   1   1   0   3  68   0   1   4   0   2   0   0   0  17  1.35 0.65
  118 R    0  2  0  1 -2  2  1 -3 -1 -6 -5  5 -1 -6 -3 -3 -3 -6 -5 -3    9  11   4   6   1   8   7   2   1   0   0  42   2   0   1   1   1   0   0   2  0.79 0.48
  119 S    1 -1  1  3  1 -2  1 -2 -1 -3 -4  1 -3 -5 -3  4  0 -6 -3 -4   11   3   6  15   2   0   8   2   1   2   1   9   1   0   1  32   4   0   1   0  0.50 0.38
  120 F    0 -3 -6 -6 -1 -5 -6 -6 -5  3  2 -4  6  4 -4 -4 -4 -3 -1  2    7   1   0   0   1   0   0   0   0  15  14   1  22  19   1   1   0   0   2  16  0.92 0.49
  121 K   -4 -3 -2 -5 -6 -2 -3 -4 -1  3 -3  7  0 -6 -5 -1 -2 -7 -5 -2    1   0   1   0   0   1   1   2   1  17   2  60   2   0   0   5   2   0   0   3  1.32 0.68
  122 F   -4 -7 -5 -8 -2 -8 -8 -8 -4 -5 -2 -4  1  9 -8 -5 -7 -4  1 -3    2   0   1   0   1   0   0   0   0   0   3   1   3  82   0   1   0   0   3   2  2.71 1.04
  123 L   -4 -6 -7 -7 -1 -6 -5 -5 -2 -2  6 -6  1  2 -4 -6 -4 -5  0 -4    1   0   0   0   1   0   1   1   1   2  76   0   3   8   1   0   1   0   3   0  1.57 0.73
  124 L   -4 -5 -6 -6  1 -3 -6 -5 -6 -2  6 -3  0 -3 -2 -1 -3 -5 -2 -2    1   0   0   0   2   1   0   1   0   2  74   2   2   0   3   5   2   0   1   2  1.33 0.65
  125 Q   -2  3  2 -1 -3  4 -2  1 -2 -2 -2  1  1 -5 -1  1 -1 -4 -3 -3    1  15  11   3   0  18   1   9   1   3   5   9   3   0   3  11   4   0   1   1  0.35 0.29
  126 E   -2  0  3  4 -6  0  2 -3 -4 -5 -4  3 -5 -4 -2  0 -2 -6 -3 -5    2   5  13  25   0   4  15   1   0   0   2  19   0   1   2   6   3   0   1   0  0.67 0.41
  127 E   -3  0 -3  0  1  2  3 -4  3 -4 -3  2 -2 -4 -1  1 -1 -4  2 -2    0   4   0   4   4  11  19   1   8   0   3  14   1   0   3  13   4   0   7   3  0.41 0.33
  128 I   -5 -6 -7 -7 -2 -4 -6 -4 -7  5  5 -6  1 -1 -6 -6 -2 -6 -5  1    0   0   0   0   1   1   0   2   0  36  45   0   3   2   0   0   2   0   0   7  1.29 0.60
  129 S   -1 -4 -3 -5 -4 -3 -3 -1 -6 -7 -6 -5 -7 -4  8  2 -3 -7 -7 -6    5   1   1   0   0   1   1   5   0   0   0   0   0   1  66  13   2   0   0   0  1.93 0.88
  130 K   -4  4 -2 -5 -6  1 -2 -4 -1 -5 -4  7 -4 -2 -5 -2 -5 -6 -5 -6    1  17   2   0   0   5   2   1   2   1   2  60   0   2   0   3   0   0   0   0  1.46 0.70
  131 C   -1  4  2 -3  6 -2 -3 -1 -3 -2 -3  1 -3 -4 -2  1 -1 -4 -2 -2    5  24   9   1  19   1   1   5   0   2   2   8   1   0   2  10   4   0   1   3  0.62 0.36
  132 K   -3  2 -3 -3 -3  3  0 -3 -2 -3 -3  6 -4 -3 -1 -3 -2  1 -4 -3    2  12   1   1   1  13   5   2   1   2   2  48   0   1   3   1   2   2   1   2  0.96 0.50
  133 L   -2 -1 -4 -4 -3  1 -3 -3  0  2  5 -3  1 -2 -4 -3 -2 -3 -3 -1    3   3   1   1   0   6   1   2   2   9  56   2   3   1   1   1   3   0   1   3  0.78 0.37
  134 D   -1 -1  1  3 -3  3  3 -1  0 -2 -3 -1 -3 -4 -1  0  1 -4 -3 -3    4   2   8  14   0  14  22   5   2   3   2   3   0   1   4   6   8   0   1   1  0.39 0.25
  135 D   -1 -1  0  4 -4 -2  1 -2 -2 -4  0 -1 -1 -2  3  0  2 -4 -2 -3    6   3   3  24   0   1   9   3   1   1   9   3   1   1  12   5  14   0   1   1  0.37 0.27
  136 D   -2 -3  4  2  3 -1  1 -3 -1  2 -3  0 -2 -4 -4  2  0 -5 -4 -1    2   1  18  10   6   2  11   1   1  12   2   5   1   0   1  17   5   0   0   4  0.39 0.28
  137 M    2 -2  0 -3 -5 -1 -3 -5 -1 -1 -1  2  6 -3 -5  0  2 -5 -2 -2   19   2   5   1   0   3   1   0   1   2   5  15  22   1   0   7  11   0   1   3  0.57 0.40
  138 N   -4 -4  1  1 -3 -5 -5 -6 -2 -3 -2 -5 -4 -6 -2  4  6 -7 -6 -4    0   1   6   9   1   0   0   0   1   1   5   0   0   0   2  31  42   0   0   1  1.18 0.68
  139 L    2 -4 -4 -1 -2 -4 -1 -2 -2 -1  1 -4  5  1  0  2  0 -5 -4 -1   17   1   0   3   1   0   4   3   1   3  13   0  18   7   6  15   6   0   0   3  0.41 0.34
  140 L   -5 -3 -7 -7 -6 -5 -5 -8 -7  0  6 -6  0 -2 -3 -2 -3 -1 -4 -3    1   1   0   0   0   1   1   0   0   3  80   0   2   2   2   4   2   1   0   1  1.63 0.75
  141 D   -4 -3  0  5 -6  0  2  0 -1 -6 -2  1  2 -6 -5  2 -1 -6 -3 -5    0   1   4  34   0   3  13   7   1   0   5   8   5   0   0  14   3   0   1   0  0.72 0.45
  142 I   -1 -6 -4 -5 -1 -4 -6 -6 -6  4  3 -6 -2  3 -6 -4 -3 -5 -1  4    4   0   1   1   1   1   0   0   0  22  26   0   0  10   0   1   1   0   2  30  0.91 0.46
  143 F   -5 -7 -7 -7 -6 -2 -5 -7 -6 -4  5 -7  0  7 -4 -3 -4 -5 -3 -4    1   0   0   0   0   2   1   0   0   0  43   0   2  44   1   2   1   0   0   1  1.69 0.75
  144 I    1 -3 -2 -1  0  2 -3 -4 -1  4  2 -3  0 -3 -5 -2  0 -5 -4  1   15   1   2   4   2  10   1   1   2  21  22   1   2   1   0   3   7   0   0   7  0.38 0.29
  145 E   -3  1 -4 -2 -2 -2  6 -4  3 -4  0 -3 -5  1 -4 -2 -5 -5  1 -2    2   7   0   1   1   1  51   1   7   1  10   1   0   5   1   4   0   0   5   3  0.99 0.56
  146 M   -4 -4 -4 -6 -5 -5 -6 -5 -6 -3  4 -6  9 -4 -6 -2 -4 -6 -5 -3    1   1   1   0   0   0   0   1   0   0  38   0  48   0   0   4   1   0   0   1  2.00 0.84
  147 E   -6 -5 -5 -3 -8  3  8 -5 -5 -8 -7 -4 -4 -8 -2 -5 -4 -7 -7 -7    0   0   0   1   0  11  81   1   0   0   0   1   1   0   2   0   1   0   0   0  2.33 1.03
  148 K   -3  3 -4 -2 -7  0  1 -6  2 -4 -7  7 -6 -7 -3 -3 -3 -7 -6 -7    2  12   0   3   0   3   8   0   4   1   0  62   0   0   1   2   1   0   0   0  1.59 0.76
  149 R   -1  3  2 -3 -3  5 -1 -3 -2 -3 -3  3  2 -6 -4 -1 -3 -6 -5 -2    4  14  10   1   1  29   2   2   1   1   3  17   5   0   1   5   1   0   0   2  0.74 0.47
  150 V    0  1 -2  3 -3 -1  0  5 -2 -4 -4 -2 -2 -5 -4 -2 -2 -6 -5  0    8   8   2  14   1   2   6  41   1   1   2   2   1   0   1   2   2   0   0   6  0.68 0.40
  151 I   -4 -3 -5 -5 -5 -1 -3 -6  0  5  4  2  3 -2 -6 -4 -4 -5 -3 -1    1   1   0   0   0   3   2   0   2  28  35  12   8   1   0   1   1   0   1   3  0.87 0.47
  152 L   -5 -7 -8 -8 -2 -7 -7 -8 -7  6  5 -7  0 -3 -4 -7 -6 -7 -6 -1    1   0   0   0   1   0   0   0   0  36  55   0   2   1   1   0   0   0   0   2  1.67 0.73
  153 G    0 -2  1  2 -2 -3  1  3 -2 -5 -6  1 -5 -4 -5  2  2 -6 -5 -5    7   2   7  11   1   0   8  23   1   1   0  10   0   1   0  17  12   0   0   0  0.53 0.37
  154 E   -2 -5 -1  2 -3 -2  7 -4 -5 -8 -8  1 -4 -8  1 -3 -3 -8 -7 -6    4   0   2   8   1   1  64   1   0   0   0   7   1   0   6   2   2   0   0   0  1.55 0.80
  155 G   -3  0  3  6 -4 -2  0 -1 -2 -7 -5 -3 -4 -7 -4  2  1 -7 -5 -6    2   5  13  42   0   1   5   5   1   0   1   1   1   0   1  13   7   0   0   0  1.00 0.55
  156 K   -6 -2  8  4 -8 -2 -2 -5 -3 -8 -8  0 -4 -8 -5 -1 -5 -8 -7 -8    0   2  61  19   0   2   3   0   1   0   0   6   0   0   0   4   0   0   0   0  1.93 0.88
  157 L   -5 -5 -7 -8 -6 -7 -6 -8 -7 -2  6 -7  1 -1 -7 -4 -2 -6 -3  3    1   1   0   0   0   0   1   0   0   2  68   0   3   2   0   2   3   0   1  17  1.51 0.71
  158 D   -1  0  0  4 -5  3  1 -3 -2 -3 -6  0 -4 -2 -5  3  3 -6 -5 -4    5   4   3  20   0  11   8   2   1   2   0   6   0   2   0  18  18   0   0   0  0.59 0.42
  159 I   -2 -4 -2 -2  2 -3  0 -2 -4  2  1 -1  4  1 -1 -2  1 -4  0  2    2   0   1   2   4   0   8   3   0  10  12   4  12   7   3   1  11   0   3  15  0.29 0.24
  160 L   -5 -4 -4 -4 -7 -7 -8 -8 -8 -3  7 -4 -3 -5 -8 -6 -5 -7 -6 -3    1   1   1   1   0   0   0   0   0   1  90   1   0   0   0   1   1   0   0   2  2.12 0.92
  161 K   -5  0 -3 -5 -8  1  5 -7  3 -7 -4  5 -6 -7 -2 -3 -4 -7 -1 -3    1   4   1   0   0   5  34   0   6   0   2  38   0   0   2   1   1   0   2   2  1.29 0.70
  162 R   -3  2  1  4 -4  0  3 -3  0 -4 -3  1 -3 -5 -5  1 -1 -6 -2 -4    2  13   7  22   0   3  21   1   3   1   2   9   1   0   0   9   4   0   1   1  0.59 0.40
  163 V   -3 -5 -4 -3 -3 -6 -7 -7 -7  6  4 -5 -1 -5 -5 -5 -2 -7 -6  3    2   0   1   2   1   0   0   0   0  35  34   1   1   0   1   1   2   0   0  19  1.22 0.58
  164 C   -6 -8 -8 -5  9 -5 -6 -6 -7 -2  4 -8 -1  3 -8 -3 -6 -7 -4 -1    0   0   0   1  43   0   1   1   0   2  33   0   1  11   0   2   0   0   0   4  1.97 0.83
  165 A    0  0 -1  1 -4  1  2 -2  0 -3 -2  4  3  1 -3 -1 -1 -5 -1 -3    8   4   3   7   0   6  12   3   2   2   3  26   8   6   1   4   4   0   2   1  0.37 0.30
  166 Q   -3  2  2 -1 -4  3  2  0  0 -2 -5  3  0 -6 -4  0  2 -6 -5 -3    1  11   9   2   0  11  12   7   2   2   1  18   2   0   0   8  11   0   0   2  0.44 0.33
  167 I   -3 -3 -7 -7  2 -5 -5 -6 -7  5 -1 -6  2  3 -7 -4  0 -6 -3  5    2   1   0   0   5   0   1   1   0  30   6   0   4  10   0   1   5   0   1  34  1.12 0.55
  168 N   -1  3  5  3  3 -2 -3 -4 -5 -5 -4 -2 -4 -5 -4  2 -4 -7 -4  1    5  16  26  15   6   1   1   1   0   0   2   2   0   0   1  13   0   0   1  10  0.76 0.49
  169 K    1  2 -3 -5 -1  1 -1 -6 -3 -1 -4  3 -3 -1  6 -4 -1 -7 -5 -2   11  10   1   0   1   5   4   0   1   4   1  16   1   2  35   1   4   0   0   3  0.84 0.52
  170 S   -2 -3  2  5 -2  2 -1 -4  0 -5 -3  0 -1 -5 -4  3 -2 -4 -2 -3    2   1   8  31   1   8   4   1   2   0   3   7   2   0   0  23   2   0   1   2  0.70 0.45
  171 L   -3 -5 -4 -1 -6 -4 -5 -6 -7  0  6 -5 -1 -2 -7 -4 -5 -7 -4 -1    2   1   1   4   0   1   1   1   0   4  76   1   1   2   0   1   0   0   0   4  1.56 0.73
  172 L    1 -2  0 -4 -5 -2 -3 -3 -6 -2  4  2  3 -4 -3 -1 -3  1 -5  0   11   2   4   1   0   2   1   2   0   1  44  12   6   0   1   4   1   2   0   6  0.60 0.40
  173 K   -2  3 -1  0 -3  0  2 -2 -2 -3 -1  5 -2 -4 -4  0 -3 -6 -4 -1    3  15   3   6   1   3  14   3   1   2   6  31   1   0   1   6   1   0   0   5  0.56 0.38
  174 I   -4  3  1 -3 -1 -3 -2 -5  1  1 -2  5  0 -3 -5 -4  3 -5 -3 -2    1  13   7   1   1   1   2   0   3   9   4  34   2   1   0   0  16   0   1   3  0.76 0.48
  175 I   -5 -5 -6 -8 -6 -4 -4 -6 -5  7  0 -4 -3 -3 -7 -4 -2 -7  0  3    1   1   0   0   0   1   1   1   0  60   7   1   0   1   0   1   3   0   3  18  1.62 0.71
  176 N   -3 -1  3  3 -5  1  4 -1 -1 -2 -2 -2 -2 -6 -3  0 -2 -3 -1 -3    1   3  15  15   0   6  30   6   1   2   4   2   1   0   1   6   2   0   3   2  0.60 0.40
  177 D   -1  0  1  4  3  1  2 -3 -1 -2 -2  3 -5 -6 -4 -2  1 -6 -4 -4    5   4   7  20   7   5  13   1   1   3   4  17   0   0   0   2   9   0   0   1  0.48 0.33
  178 Y   -7 -5 -2 -6 -8 -2 -4 -4 -1 -4 -3 -4 -3  2 -6 -3 -1 -3  9 -4    0   1   3   0   0   2   1   2   2   1   2   1   1   7   0   3   4   0  69   1  2.28 0.99
  179 E   -4  1 -2 -3 -4 -1  4 -2 -5 -2 -2  4  1 -5 -2  0  0 -6 -5 -3    0   7   1   1   0   2  30   4   0   2   5  27   4   1   2   6   5   0   0   2  0.70 0.45
  180 E   -2  4  0  0 -4  2  4 -3 -2 -4 -1  2 -3 -4 -2 -2 -2 -3 -5 -3    3  19   5   5   0   7  25   2   1   1   7  13   1   1   2   3   3   0   0   2  0.53 0.35
  181 F    0  1  1 -1 -3  1  2 -1  0 -2  0  2 -2  0 -3  0  0 -3 -3 -2    9   7   7   2   1   5  16   4   2   2   8  14   1   5   1   7   7   0   0   3  0.18 0.17
  182 S   -2  2  0 -1 -2  0  1 -1 -1 -1 -1  4 -1 -2 -3  1  0 -5 -3 -1    2   9   5   3   1   3  10   4   2   4   5  26   1   2   1  13   5   0   1   4  0.31 0.24
  183 K    0  2 -1 -1  0  1  1  0 -1 -2 -3  2  0  0  0  0 -1 -1 -2 -1   10   9   2   3   2   5  11   7   2   2   1  16   3   4   5   8   3   1   1   5  0.15 0.15
  184 E    0 -1  0  0 -3  1  3  2  1 -2 -2 -1  0 -4  0  1 -2 -2 -3 -1    9   3   5   5   0   5  22  14   4   2   3   3   3   1   4   9   2   1   0   6  0.25 0.21
  185 R   -1  2  1  0 -2  3  2 -2  0 -2  0  1  0 -1  0  0 -1 -1  0 -2    4  13   8   5   1  12  11   2   2   2   9   7   2   2   5   7   2   1   3   2  0.18 0.16
  186 S   -1  2  0  0 -3  1  2 -2 -1 -1 -1 -1  1 -2  1  1  0 -4 -1 -1    5  11   5   4   0   5  15   3   1   4   7   2   5   1   6  12   5   0   2   4  0.14 0.15
  187 S    0 -1 -1  0 -1  1  1 -2  0 -1  1 -1  2 -1 -1  2 -1 -3 -2  0    7   3   2   4   1   7   9   2   2   3  12   3   7   3   3  17   4   0   1   8  0.11 0.14
  188 S   -1  0  0 -2  0  2 -1 -1  0 -1  0  0  3 -1  0  2  1 -4 -3 -1    5   5   5   2   2  11   4   4   2   4   7   5   7   3   5  17   8   0   1   3  0.14 0.16
  189 L   -2 -2 -2 -3 -1 -1  1 -2  2  1  2 -2 -1  0  2  0  0 -2 -1  1    2   1   1   1   1   2   9   3   5   8  26   2   1   3   9   9   5   0   2   9  0.19 0.17
  190 E   -1 -1  0  0  0  0  2 -1 -1 -1 -1 -1 -1 -2  3  0  1 -2  0 -1    5   3   5   5   2   4  13   5   1   4   8   2   2   2  13   8  11   0   3   4  0.14 0.13
  191 G    0  1 -1  0 -3  1  0  2  0 -1 -1 -1 -1 -1  0  0  1 -3 -2  0    7   8   2   4   0   8   6  18   3   2   7   2   1   2   5   5  10   0   1   7  0.12 0.12
  192 S   -1  0  0  1 -2  0  1 -1  1  0 -1  1 -2 -1  2  1  0 -1 -1 -1    5   6   5   9   1   3   9   5   4   7   7   7   0   3  10  10   4   1   2   4  0.08 0.07
  193 P    0  0  0 -1 -3  1  1 -1 -2 -1 -1  0 -1  0  4  1  0 -3 -1  0    7   4   3   3   0   7   8   4   1   5   4   6   2   4  19  10   6   0   2   6  0.21 0.16
  194 D   -2  1  0  3 -3  2  3  0  1 -3 -2  0 -1 -3  0  1 -1 -4 -3 -1    3   9   3  14   1   8  18   6   3   1   4   6   1   1   5   9   2   0   1   4  0.26 0.19
  195 E    0  1  0  0 -2  0  2  0  0  0 -1  1 -2 -3  1  1  0 -3 -1  0    8   9   3   4   1   2  13   7   2   5   6   7   1   1   6  10   5   0   2   8  0.09 0.09
  196 F   -1 -2 -1 -1 -1 -1  0  0 -1  0  0 -1 -1  3  0  2  0  0 -1  0    4   2   2   2   1   3   8   6   1   5   8   4   2  15   5  17   5   1   1   9  0.11 0.13
  197 S    0 -1  0 -2 -1  1 -1 -1  0 -2 -1 -1 -1 -1  0  4  1 -4 -3 -2    7   3   4   1   1   7   3   4   2   3   5   3   2   2   4  37   8   0   1   2  0.38 0.27
  198 N   -1  0  2  0 -1  0  0  0  0  0  0 -1  0  1  0  1  0  1  1 -1    4   6  11   5   2   4   4   6   2   6   8   2   2   7   4  10   7   2   4   4  0.04 0.05
  199 G   -1  0  0  0  0  0  0  2  2 -1 -2 -2 -2 -1  2  1  0 -2  0 -1    2   6   4   4   2   5   5  19   5   4   4   1   1   3   9  11   6   1   4   4  0.14 0.12
  200 E    0  0 -1  0 -2  2  3 -1  0 -2 -1  0  0 -1  2  0 -1  0 -2 -1    6   4   3   6   1  11  19   5   3   2   5   4   3   3   8   6   4   1   1   6  0.16 0.14
  201 E   -2  2 -1  0 -2  1  2 -1  1 -2 -1  0  1 -1  0  1 -2 -3  0 -2    2  10   2   4   1   7  17   6   4   2   7   6   5   3   5  14   1   0   3   2  0.17 0.16
  202 L   -1  1 -2 -2  0  1  1 -1  0  0  2 -1  1 -1  0  0  0  2 -1 -1    3  11   1   2   2   6   9   5   2   4  23   2   4   2   5   5   7   3   2   4  0.10 0.12
  203 C   -1  0 -2 -2  3  1  0 -2  2 -1  1 -1 -1  2  0  1  0  1 -1  0    4   4   1   2   7   8   6   3   5   2  14   2   1  11   5  11   7   2   1   6  0.10 0.12
  204 G    0 -1  0 -1 -2  1  1  1 -1 -1 -1 -1  1  1  1  1 -2  0  1 -2    8   3   4   3   0   7  12  11   1   4   5   2   4   5   7  12   1   1   6   2  0.10 0.12
  205 V    0 -1 -1 -2 -1 -1  0 -2 -2  0  0  1  2 -1  2  1  0 -2 -3  0    7   2   3   1   1   1   7   2   1   6  11  12   6   2  10  12   7   0   0   8  0.12 0.12
  206 M   -1 -1 -2 -2 -2  1  1 -2 -2 -1  2  1  1  2  0  1 -1 -3 -1  0    2   2   1   2   1   6   8   3   1   2  19   9   4  11   4  13   3   0   1   8  0.13 0.15
  207 T    0 -2  1 -2 -1  0  0 -2 -2 -1  0  0 -1 -3  2  3  2 -1 -3  0    7   2   6   2   1   4   5   3   1   3   8   5   1   1   9  24  13   1   1   6  0.21 0.19
  208 I    0 -1 -1 -2 -1  0 -1 -2 -3  2  2  0  2  0  0 -1  0 -3 -2  1    6   3   3   1   1   6   3   3   0  14  18   5   5   5   4   5   4   0   1  13  0.11 0.10
  209 S    0 -1  1 -1  0  2  0 -1 -1 -3 -2 -1 -2 -2  2  4  0 -2 -1 -3    5   2   6   3   2   8   5   5   1   1   4   2   1   2  10  35   4   0   2   1  0.39 0.28
  210 D   -1 -1  2  4 -3  0  2  0  0 -1 -2 -2 -2 -2  0 -1 -1 -3 -3  0    5   2   9  24   1   4  12   7   3   5   4   1   1   1   5   4   4   0   0   9  0.26 0.18
  211 S   -1 -1 -1 -1 -1  1 -1 -2  2 -2 -2 -2 -2 -2  0  4  1 -3 -1 -3    5   3   3   3   1   7   4   3   5   2   4   2   1   2   4  39   9   0   2   2  0.41 0.28
  212 P   -1  1  0  0 -2  0 -2 -1 -1 -2 -2  0 -2 -2  5 -1 -1 -2  1 -2    4   7   5   5   1   5   2   6   1   2   5   6   1   1  33   3   3   1   5   3  0.51 0.25
  213 R    0  3  0 -1  3  0 -1  1 -1  0 -2  0 -1 -3  1  0 -1 -2 -2 -1    9  18   3   3   7   4   4  13   2   6   4   4   2   1   6   7   2   0   1   3  0.16 0.13
  214 E   -1  0  0 -1 -3  1  3 -1 -2 -1 -2  2 -1 -1  1  1  0 -4 -2 -1    2   4   3   2   1   5  23   5   1   5   2  15   2   3   6  11   5   0   1   4  0.23 0.19
  215 Q   -1  0  1 -2  0  4  1 -2 -1 -2  0  2 -2 -2 -1  0 -1  3 -1 -1    3   4   6   1   2  23   8   2   1   2  11  12   0   1   3   9   3   4   2   3  0.27 0.22
  216 D    0 -1  2  3 -2  0  1  0  2 -3 -2  0 -2 -1 -1  0  1 -3 -2 -2    7   2  10  20   1   2  10   8   5   1   4   4   1   4   3   5   9   0   1   3  0.22 0.17
  217 S    1 -1  1  1 -2  0  1 -1 -1 -2 -1 -1  0 -2  1  2  0  0 -2  0   12   2   6   9   1   3   9   4   2   1   5   2   3   1   7  19   5   1   1   6  0.15 0.15
  218 E   -1  0  0  2 -3  2  3 -2 -2 -3 -3 -1 -2 -3  0  2  2 -2 -3 -3    3   4   3  13   0   8  24   3   1   1   2   3   1   1   4  13  14   1   0   1  0.38 0.26
  219 S    0 -1  0 -1 -1 -1  0 -1 -1 -1  0 -1  2 -1  0  3  0 -2 -2  0    8   3   3   3   1   2   5   5   2   3   9   2   6   3   5  27   6   1   1   5  0.13 0.15
  220 Q   -1  0  2  0 -2  3  1 -1  0 -2 -1  1  1 -2 -1  0 -1 -4 -3  0    3   3  12   4   1  19  11   5   1   2   7   6   3   1   3   8   3   0   0   6  0.20 0.17
  221 T   -1 -2  1  1 -2  1  1 -3 -2 -1  1 -1  1 -2  0  0  3 -4 -2  0    4   1   6   7   1   5  11   1   1   3  16   3   3   1   4   8  20   0   1   5  0.17 0.16
  222 L   -1 -1 -1 -1 -3  0  0 -2  0  0  2  0  0  0  3  1 -1 -1 -2 -1    3   2   2   2   0   3   7   2   3   4  26   7   2   5  13  12   2   1   1   4  0.16 0.14
  223 D   -1 -2  1  4 -2 -2  0 -1 -1 -2 -1  0 -1 -3  1  0  1 -3 -2  0    5   1   5  27   1   1   6   4   2   2   7   5   2   1   8   6   9   0   1   8  0.25 0.17
  224 K   -1 -1 -1  1 -4  1  4 -2 -1  1 -3  2 -2 -2  0  0 -1 -2  0  0    4   3   2   7   0   4  31   3   1   8   0  11   1   1   4   6   2   0   4   8  0.30 0.22
  225 V    0 -1 -3 -1 -1  0 -2 -3 -2  1 -1 -2  1  3 -2  1  1 -3  1  2    9   3   0   4   1   4   2   0   1   6   2   1   5  14   1  14   8   0   6  20  0.21 0.19
  226 Y   -6 -5 -6 -7 -7 -6 -6 -7 -3  1 -5  2 -5  0 -7 -6 -6 -3  9 -5    0   0   0   0   0   0   0   0   0   8   0  11   0   1   0   0   0   0  80   0  2.68 0.92
  227 Q   -2  3  1 -1  0  2  3 -4 -1 -3 -3  4 -3  0  0 -1 -2 -5 -3 -4    3  17   6   2   2   9  17   0   1   1   2  24   0   5   5   4   1   0   0   0  0.49 0.30
  228 M   -2 -6 -6 -7 -6 -5 -6 -4 -6 -3  1 -6 10  0 -7 -4 -1 -6 -5 -4    3   0   0   0   0   0   0   1   0   0   9   0  77   4   0   1   5   0   0   0  2.55 0.90
  229 K   -3 -1  2  3 -5 -1  3 -4 -3 -3 -1  3 -4 -5 -4 -1  3 -6 -5 -4    1   2  11  19   0   1  20   0   0   1   7  17   0   0   0   4  19   0   0   0  0.58 0.35
  230 S   -1  2  3 -3 -3 -1 -2  1  3 -5 -4  1 -4  0 -3  3 -2 -4  1 -4    4  12  13   0   0   2   2  12   7   0   1  10   0   4   0  26   1   0   6   0  0.44 0.30
  231 K   -1  3  3 -2 -5  1  1 -4 -3 -2 -1  3 -3 -4  1 -2 -2 -5 -1 -2    4  19  16   1   0   6   7   0   0   3   8  22   0   0   8   1   0   0   2   2  0.46 0.29
  232 P   -4  0  0 -4  0 -2  0 -4  5 -5 -4  2 -4 -4  6 -3 -3 -3 -1 -2    0   4   5   0   2   1   6   0  14   0   1  12   0   0  46   1   1   0   2   3  1.18 0.48
  233 R   -3  7 -3 -4 -2  1 -3 -5  4 -1 -2  1  1 -5 -5 -3 -4 -5 -4  0    1  55   0   0   1   6   0   0  11   3   3   6   4   0   0   1   0   0   0   6  1.19 0.50
  234 G   -1 -2 -4 -5 -5 -5 -5  7 -5 -6 -6 -5 -6 -6 -5 -2 -5 -6 -6 -6    3   3   0   0   0   0   0  88   0   0   0   0   0   0   0   2   0   0   0   0  2.12 0.70
  235 Y   -3  0 -3 -3 -2 -2  0 -4  2  1  0  1  0  2 -4 -2 -2  1  5  0    1   6   0   0   1   1   8   0   5  10   7  12   2   8   0   2   1   1  25   7  0.43 0.26
  236 C   -3 -6 -6 -6 11 -6 -2 -6 -6 -1 -2 -2 -5 -4 -6 -5 -5 -6 -6 -4    1   0   0   0  80   0   3   0   0   3   4   3   0   1   0   0   0   0   0   1  3.06 0.89
  237 L   -2 -4 -5 -1 -4 -4  0 -6 -5  2  4 -1 -1 -2 -5 -4 -3 -5 -4  4    2   0   0   4   0   0   8   0   0  11  38   5   1   0   0   0   0   0   0  31  0.72 0.37
  238 I   -5 -7 -7 -7 -5 -2 -7 -8 -7  7  1 -6 -2 -4 -7 -6 -4 -6 -5  2    0   0   0   0   0   2   0   0   0  74  13   0   0   0   0   0   0   0   0  11  1.85 0.67
  239 I   -4 -5 -6 -6  1 -5 -5 -6 -5  6  2 -5 -2  3 -5 -5 -4 -4 -3  2    0   0   0   0   2   0   0   0   0  49  20   0   0  13   0   0   0   0   0  12  1.14 0.45
  240 N   -5 -4  8 -1 -6 -4 -4 -1 -3 -3 -6 -4 -5 -6 -5  1 -1 -6 -5 -6    0   0  77   3   0   0   0   4   0   2   0   0   0   0   0   9   3   0   0   0  2.01 0.73
  241 N   -5 -4  8 -1 -6  0 -1 -4  0 -3 -6 -2 -5 -6 -5 -2 -4 -6 -5 -3    0   0  77   2   0   4   4   0   2   2   0   3   0   0   0   2   0   0   0   3  1.96 0.72
  242 H   -3 -1  1 -3 -1 -1  0 -2  5 -2 -4  2 -2  0 -4  0 -1 -3  5  0    1   2   6   1   1   2   6   3  17   3   0  15   1   2   0   8   4   0  22   6  0.52 0.31
  243 N   -3 -2  5  5 -5 -2 -1 -3  0  0 -3  1 -3 -5 -4  0  1 -6 -3 -2    0   1  28  30   0   1   2   0   2   6   3   8   0   0   0   7   7   0   1   3  0.72 0.37
  244 F   -5 -6 -6 -2 -5 -6 -6 -6 -5  0  0 -6 -3  9 -6 -5 -5 -3 -1 -4    0   0   0   3   0   0   0   0   0   6   7   0   0  80   0   0   0   0   0   0  2.29 0.74
  245 A    0  0  1  3 -3 -1  0 -1  1 -3 -3  3 -1 -2 -1  1  1 -4 -2 -3    8   3   5  17   0   2   6   4   3   1   2  19   2   2   2  13  10   0   1   1  0.26 0.19
  246 K   -2  1  3 -1 -3  1  1  0 -1 -1 -2  3  1 -1 -2 -1  1 -3 -3 -1    1   7  14   3   0   6   7   8   1   5   3  22   4   3   1   2   9   0   0   3  0.23 0.17
  247 A    2 -2 -1 -1 -2 -1 -1 -1  0 -1  0  0 -1  0  2  2  0 -2 -1  0   22   1   3   4   0   2   2   2   2   4  10   6   1   5   9  16   3   0   2   7  0.13 0.11
  248 R   -2  4  0 -1  1  0 -1 -2 -1 -2  0  1 -2 -2 -1 -1  2 -2  0 -2    3  31   5   3   3   2   2   2   1   2  10   7   1   1   2   3  15   0   3   2  0.32 0.17
  249 E   -1  1  0  0  0  0  3  0 -1 -2 -1  1  0 -2  0  0  0 -2 -1 -1    4   9   4   3   2   3  24   8   1   2   6   8   3   2   5   6   4   1   1   3  0.15 0.08
  250 K    1  0  1  0 -1  0  0  0  0  0 -1  0  1 -1  0  0  0 -1 -1  0   17   6   8   5   1   2   8   7   2   5   5   5   5   3   3   4   4   1   2   6  0.04 0.03
  251 V    0  0  0 -1  2 -1 -1  0 -1  0  1 -1  0 -1 -1  0  0 -1  0  2    6   5   4   3   5   2   4   6   1   5  16   3   2   2   3   5   4   1   3  19  0.03 0.03
  252 P    0 -1  0  1 -1  0 -1 -1 -1 -1  0 -1 -1 -1  4  1  0 -1 -1 -1    7   3   4   7   1   4   3   4   2   3   9   3   1   2  24  12   4   1   2   4  0.28 0.08
  253 K   -1  1 -1  0 -2  1  2 -1  0 -1 -1  2 -1  0  0  1 -1 -1 -1 -1    4   8   2   3   1   7  17   4   2   3   8  12   1   5   4   9   3   1   2   3  0.12 0.05
  254 L    0  0 -1  0 -1  0  1 -1  0  0  1 -1  0 -1  0  0  0 -1 -1  0    6   7   3   5   1   2  10   6   3   8  22   3   1   2   5   5   4   1   2   5  0.02 0.03
  255 H    0  1  1  0  1  1  1 -1  2 -1 -1  1 -1  0 -1  1  0 -1 -1 -1    4   7   7   3   5   8   7   4   6   5   5   9   1   5   3  12   5   1   2   3  0.07 0.04
  256 S   -1  0  1  0 -2 -1 -1  2  1 -2 -2  2 -2 -2  0  2  0  4 -1 -2    2   3   8   5   0   1   3  16   3   1   4  14   1   1   4  16   6   6   2   2  0.21 0.13
  257 I   -3 -3 -4 -4 -3  1 -3 -3 -3  2  4 -3  6 -1 -1 -1 -3  2 -1 -1    1   1   1   1   0   6   1   2   0  12  36   1  22   2   4   5   1   2   2   1  0.64 0.32
  258 R   -2  1  3 -1 -2  1  0  1 -2 -3 -2  3 -2 -3  1  1 -1 -4 -2 -3    1   8  13   2   1   6   4  11   1   1   4  22   1   1   7  11   4   0   1   1  0.29 0.19
  259 D   -2 -1  2  5 -4  0  1 -1 -3 -3 -3  1 -2 -4 -2 -2 -1 -5 -3  0    3   3  11  35   0   4  10   4   0   1   2   9   1   0   2   1   4   0   1   8  0.51 0.27
  260 R   -5  8 -4 -5 -6 -3  0 -6  2 -6 -5  0 -5 -6 -5 -4 -5 -6 -1 -3    0  79   0   0   0   0   5   0   4   0   0   3   0   0   0   0   0   0   3   3  2.02 0.72
  261 N    0  1  3  0 -4  0  2 -2  0 -3 -3  2 -2 -4  1  1 -1 -2 -3 -3    7   7  19   4   0   2  17   2   2   1   1  16   1   0   7  10   3   0   0   1  0.36 0.23
  262 G   -1 -5 -3 -4  1 -4 -4  7 -5 -3 -3 -4 -5 -5 -4 -3 -4 -5 -5 -5    5   0   0   1   3   0   1  80   0   2   3   1   0   0   1   1   1   0   0   1  1.75 0.59
  263 T   -3 -4 -3 -1 -4  0 -4 -3 -4 -3 -4 -4 -4 -5 -4  2  7 -5 -4 -3    1   0   0   3   0   3   1   2   0   1   1   0   0   0   0  16  69   0   0   1  1.50 0.62
  264 H   -2 -2  2  5  2  0  2 -3  5 -3 -3  0  1 -4 -4 -1 -3 -5 -2 -2    3   1   8  32   4   4  12   1  13   1   2   6   4   0   0   3   0   0   1   4  0.61 0.32
  265 L   -1  1 -1 -3 -3 -1 -1 -4 -2  0  0  4  0  2 -3 -2  0 -4 -1  1    6   8   2   0   0   2   3   0   1   6   9  31   2  11   0   1   5   0   1  11  0.32 0.24
  266 D   -4 -3 -3  8 -6 -4 -2 -5 -4 -3 -6 -4 -6 -6 -5  2 -4 -7 -6 -6    0   1   0  77   0   0   0   0   0   2   0   0   0   0   0  15   0   0   0   0  2.02 0.72
  267 A    5  0  1 -2 -2 -1  1  0 -3 -4 -4  0 -3 -5 -3 -1 -1 -5 -4 -1   50   6   8   1   1   2  11   6   0   0   1   6   0   0   0   1   2   0   0   4  0.63 0.36
  268 G    1 -2 -2  3 -4 -1  5  1 -3 -5 -5  1 -3 -5 -3 -2 -2 -2 -4 -3   10   1   1  16   0   1  42  13   0   0   1   8   1   0   0   2   2   1   0   1  0.76 0.38
  269 A    3 -1  1  1  2 -1  1 -2 -1 -1 -2 -1 -1 -1 -3  1  1 -4 -2 -2   31   3   6   7   4   2   9   2   1   3   3   2   1   3   0  12   7   0   1   2  0.26 0.19
  270 L   -3 -4 -5 -5 -3 -4 -4 -5 -4  1  5 -4 -1 -2 -4 -4 -3 -4 -3  3    1   1   1   1   0   0   1   1   0   5  69   1   0   0   1   1   1   0   0  17  1.12 0.40
  271 T   -1  2 -1  0 -1  1  2 -2  0 -2 -2  2 -2  0 -2  0  1  0 -1 -2    4  13   2   5   2   6  14   2   2   2   2  17   0   6   1   8   9   1   2   2  0.21 0.14
  272 T   -2  3  1 -1 -1  1  2 -2  0 -3 -2  4 -1 -3  0  0 -1  1 -1 -3    2  16   6   2   2   5  12   3   2   1   5  26   1   0   5   5   3   2   2   1  0.33 0.19
  273 T   -2 -3 -4 -4  4 -3 -4 -4 -4  2  0 -1 -2 -3 -4  0  2 -4 -3  5    1   1   0   1   8   0   1   1   0   9   7   5   0   0   1   6  13   0   0  44  0.65 0.31
  274 F   -5  1 -5 -5 -5 -5 -5 -5 -4 -3 -1 -5 -3  9 -5 -5 -4  3 -1 -4    1   7   0   1   0   0   1   1   0   1   4   1   0  78   1   1   1   3   0   1  2.12 0.62
  275 E   -1  2  1 -2  0  2  2 -2  0 -3 -3  2  0 -4 -3  1  2 -4 -3 -2    2  11   7   1   3   7  15   2   2   1   2  17   3   0   1  13  12   0   0   2  0.32 0.20
  276 E   -1  0  1  0 -4 -1  1 -2 -1 -4 -3  2 -1 -2 -4  0 -2  9 -2 -4    4   6   9   4   0   1  10   3   1   1   3  16   1   1   1   6   2  29   0   1  0.87 0.34
  277 L   -3  0 -4 -4 -3 -3 -4 -4 -4  1  5 -3  2  1 -4 -4 -3 -3 -3 -1    1   5   1   1   0   1   1   1   0   6  69   1   4   6   1   1   1   0   0   1  0.94 0.32
  278 H   -2 -3 -1 -2 -4  1 -2  5  6 -4 -3 -2 -3 -2 -3 -1 -3 -4 -1 -4    2   1   1   2   0   8   2  50  19   1   2   2   0   2   1   5   1   0   1   1  0.96 0.32
  279 F   -4 -4 -4 -5 -4 -4 -4 -4 -3 -3  0 -4  0  8 -5 -4 -4 -2  4 -3    1   1   1   1   0   1   1   1   0   1   7   1   2  66   1   1   1   0  15   1  1.68 0.45
  280 E   -1 -1  0  3 -4  0  4 -3 -1 -1 -3  2 -3 -4 -3 -1  1 -4 -3 -2    3   2   3  16   0   3  32   1   1   5   2  12   0   0   0   3  11   0   0   3  0.46 0.25
  281 I   -3 -5 -5 -6 -4 -5 -3 -6 -6  3 -2 -5  1 -4 -1 -4  2 -6 -4  6    1   0   0   0   0   0   1   0   0  15   1   0   3   0   3   0  14   0   0  61  1.21 0.50
  282 K   -1  1 -1 -1  0  0  2 -3  2  0 -2  2 -1 -2 -3  0  1 -4 -1  2    4   7   1   3   2   4  17   0   5   6   2  12   1   1   0   5  11   0   2  19  0.19 0.17
  283 P   -2 -2 -2 -2 -1  2  2 -4  0  2 -1 -1  0 -3  0 -2  2 -4 -2  3    1   2   1   1   1   9  15   0   2  16   4   3   3   0   4   1  13   0   1  23  0.29 0.23
  284 H   -5  2  1 -5 -1 -1 -2 -5  6 -4 -4 -1 -4  2 -6 -3 -4  0  7 -4    0  13   6   0   1   2   2   0  22   1   1   4   0   7   0   1   0   1  37   1  1.23 0.49
  285 D   -3  2  4  2 -5  0 -1 -3  0 -3 -3  3  1 -5 -1 -1  0 -2 -3 -2    0  12  26  10   0   3   3   0   1   1   2  19   5   0   3   3   6   0   0   2  0.49 0.29
  286 D   -6 -5  4  8 -8 -4 -2 -5 -5 -7 -8 -5 -7 -8 -6 -4 -5 -8 -7 -7    0   0  21  77   0   0   1   0   0   0   0   0   0   0   0   0   0   0   0   0  2.38 0.78
  287 C   -3 -1 -4 -6  6  2 -4 -6 -2 -2  4 -2 -1 -2 -5 -2 -3 -5 -1  1    1   4   0   0  16   9   0   0   1   0  48   3   0   1   0   2   1   0   2  12  0.82 0.40
  288 T   -3 -4 -2 -1 -3 -2  1 -3 -5 -5 -5 -2 -3 -6 -2  2  7 -6 -5 -4    1   0   1   3   0   1   8   1   0   0   0   3   1   0   1  14  66   0   0   0  1.37 0.60
  289 V    4  0 -4 -3  5 -2 -2  1 -2 -4 -5  2 -4 -5 -4  1 -2 -5 -5 -2   43   5   0   1  13   1   1   8   1   0   0  12   0   0   0  11   1   0   0   2  0.75 0.39
  290 E    0  0  0  2 -3  1  3  0  0 -3 -3  2 -2 -3 -3  0 -2  0 -3 -1    9   3   2  13   0   7  23   9   2   1   1  16   1   1   0   6   1   2   0   4  0.34 0.22
  291 Q   -1  0  0  2 -2  4  4 -2  0 -4 -5  2 -3 -6 -4 -2 -2 -5 -4 -3    4   3   4  10   1  21  31   3   2   1   0  15   0   0   0   0   1   0   0   1  0.73 0.37
  292 I   -3 -6 -7 -7 -5 -5 -6 -7 -6  6  2 -6  8 -4 -6 -6 -4 -6 -5 -2    1   0   0   0   0   0   0   0   0  46  19   0  34   0   0   0   0   0   0   0  1.75 0.63
  293 Y   -2  2 -2 -1  3  1  2 -4  1 -1  1  2 -2  0 -4 -1 -2 -2  2 -2    1  14   1   3   8   6  15   0   3   3  15  12   0   3   0   3   1   0   9   1  0.26 0.20
  294 E    0  0  2  2 -4  0  4 -3 -1 -5 -4  2 -3 -4 -4  0 -2 -3 -2 -4    8   4   8  13   0   3  33   1   1   0   0  16   1   1   0   7   1   0   1   1  0.59 0.31
  295 I   -1 -2 -3 -4 -1 -3 -1 -4 -2  2  3  0  0 -2 -4 -3  2 -4 -3  3    3   1   0   0   1   0   5   1   1  13  26   7   2   1   0   0  14   0   0  24  0.41 0.26
  296 L   -3 -5 -6 -6 -4 -5 -5 -6 -5  2  5 -5  4  0 -5 -5 -3 -4 -3  3    1   0   0   0   0   0   0   0   0   9  55   0  12   4   0   0   0   0   0  19  1.07 0.40
  297 K   -2  2  1 -2 -5  4  2 -3 -1 -5 -4  5 -2 -5 -4 -2 -2 -1 -4 -4    2   9   8   1   0  23  11   1   1   0   0  37   1   0   0   1   2   1   0   0  0.82 0.37
  298 I   -2  1  0  1 -3  2  4 -3 -1  0 -3  2  0 -2 -3  0  1 -4 -1 -3    2   5   3   7   0   7  29   0   1   7   0  15   2   1   0   6  10   0   2   0  0.38 0.23
  299 Y    0 -4 -5 -6 -3 -1 -3 -5 -3 -1  1 -4  0  3 -5 -4 -3  5  7  0    9   0   0   0   1   3   1   0   0   3  16   0   2  10   0   0   0   9  38   7  0.97 0.39
  300 Q    1  2 -2 -3 -2  4 -2  2 -3 -4 -5  2 -4 -5 -4  3 -1 -5 -4 -4   11  10   0   0   1  22   0  13   0   1   0  11   0   0   0  29   2   0   0   0  0.64 0.35
  301 L   -2  2  1  0  4  2  2 -1 -1 -3 -2  3 -2 -4 -3  2 -1 -4 -2 -4    1  10   6   4   9   9  15   3   1   1   4  18   1   0   0  16   1   0   1   0  0.36 0.22
  302 M   -2  3  0 -2 -5  2  3 -4  3 -2 -2  3  3 -4 -1 -2 -2  0 -3 -3    2  16   5   0   0   9  22   0   7   2   2  18   9   0   3   0   2   2   0   0  0.51 0.28
  303 D   -4 -4  2  7 -6 -4 -2 -1 -3 -6 -7 -4 -4 -7 -2 -1 -2 -7 -6 -6    0   0  10  74   0   0   1   5   0   0   0   0   1   0   2   3   2   0   0   0  1.78 0.57
  304 H   -6 -4 -4 -5 -7 -1 -4 -6 11 -7 -6 -5 -5  2 -6 -5 -6  0  1 -7    0   0   0   0   0   2   0   0  85   0   0   0   0   8   0   0   0   1   3   0  3.15 0.85
  305 S    1  1  1 -2 -3  0 -1 -2 -2 -3 -2  2 -2 -4 -3  4  1 -5 -4 -2   10   7   5   1   0   3   2   2   1   1   3  14   1   0   0  39   9   0   0   2  0.46 0.27
  306 N   -2  0  5  5 -5  2  1 -2 -1 -5 -5  0 -3 -5 -2 -1 -2 -6 -4 -5    2   4  27  36   0  11   5   1   1   0   1   5   1   0   1   3   1   0   0   0  0.90 0.36
  307 M    0  3 -1 -1 -3 -1 -1  1  2 -3 -2  2  4 -1 -4  0 -2  1  0 -2    7  17   3   3   0   1   3  11   5   0   2  12  18   2   0   8   0   2   4   1  0.30 0.22
  308 D    0 -5 -1  8 -4 -4 -2 -2 -5 -7 -7 -4 -6 -7 -5  0 -4 -8 -7 -6    9   0   2  81   0   0   0   2   0   0   0   0   0   0   0   5   0   0   0   0  2.02 0.64
  309 C    2 -7 -6 -7 11 -6 -7 -6 -7 -3 -3 -6 -5 -6 -6  0 -4 -6 -6 -4   16   0   0   0  75   0   0   0   0   1   2   0   0   0   0   6   0   0   0   1  2.81 0.76
  310 F   -6 -6 -7 -7 -6 -7 -7 -7 -5 -3  2 -7 -3  9 -7 -6 -5 -3 -1 -1    0   0   0   0   0   0   0   0   0   0  19   0   0  77   0   0   0   0   0   4  2.23 0.66
  311 I    1 -6 -6 -6 -4 -5 -6 -6 -6  3 -2 -5 -1 -4 -5 -4 -3 -6 -4  7   11   0   0   0   0   0   0   0   0  16   0   0   1   0   0   1   0   0   0  71  1.48 0.53
  312 C   -3 -7 -7 -8 11 -7 -8 -7 -7 -3 -4 -7 -5  3 -7 -5 -5 -6 -5  1    1   0   0   0  76   0   0   0   0   1   1   0   0  10   0   0   0   0   0  11  2.97 0.78
  313 C   -5 -7 -7 -8 11 -7 -8 -7 -7  2 -4 -7 -5  2 -7 -5 -5 -6 -5 -1    0   0   0   0  76   0   0   0   0  10   0   0   0   9   0   0   0   0   0   5  2.96 0.78
  314 I   -4 -6 -6 -6 -4 -6 -6 -7 -6  6  2 -6 -1 -2 -6 -5 -3 -5 -4  4    0   0   0   0   0   0   0   0   0  55  14   0   0   1   0   0   1   0   0  28  1.38 0.47
  315 L   -5 -6 -7 -7 -5 -6 -6 -7 -6 -1  6 -6  0  1 -6 -6 -5 -5 -4 -3    0   0   0   0   0   0   0   0   0   1  92   0   1   6   0   0   0   0   0   0  1.82 0.60
  316 S   -3 -5 -3 -4 -5 -4 -4 -4 -5 -6 -6 -4 -5 -4 -5  7  3 -6 -5 -5    0   0   0   0   0   0   0   0   0   0   0   0   0   1   0  84  16   0   0   0  1.86 0.69
  317 H   -6 -5 -4 -6 -8 -4 -5 -7 11 -8 -7 -5 -6 -6 -7 -5 -6 -7 -3 -8    0   0   0   0   0   0   0   0 100   0   0   0   0   0   0   0   0   0   0   0  3.98 1.00
  318 G   -4 -6 -4 -5 -6 -6 -6  8 -6 -8 -8 -5 -7 -7 -6 -4 -5 -6 -7 -7    0   0   0   0   0   0   0 100   0   0   0   0   0   0   0   0   0   0   0   0  2.64 0.74
  319 D   -3 -1  0  3 -3  0  5 -1 -3 -4 -2  2 -1 -5 -4 -2 -2 -5 -4 -2    0   2   3  16   1   3  42   4   0   0   5  15   2   0   0   2   2   0   0   2  0.69 0.33
  320 K   -2  0 -1 -1 -5  0  3 -4 -2 -4 -2  5 -2  1 -3  1 -3 -4 -2 -3    1   3   1   1   0   3  24   0   1   1   4  38   1   6   1  12   0   0   1   2  0.63 0.33
  321 G   -3 -1  1  1 -6 -3 -2  7 -4 -7 -7 -3 -6 -6 -5 -3 -4 -6 -5 -6    0   3   7   7   0   0   2  78   0   0   0   1   0   0   0   0   0   0   0   0  1.68 0.53
  322 I    1 -2 -2 -3  4 -1 -2  0 -3  2  0  0  0 -1 -3  0  0 -3 -2  1   17   1   0   1  10   1   1   9   0  15   9   8   2   2   0   6   6   0   1  10  0.16 0.13
  323 I   -4 -6 -6 -6 -4 -6 -6 -6 -6  6 -2 -6 -1 -3 -6 -5 -3 -6 -4  5    0   0   0   0   0   0   0   0   0  50   1   0   1   0   0   0   0   0   0  47  1.62 0.53
  324 Y   -5 -4 -5 -6 -1 -4 -4 -6  1 -2 -1  0  1  3 -6 -3 -4 -2  9 -4    0   0   0   0   1   0   1   0   2   2   4   6   3  11   0   1   0   0  67   1  1.87 0.60
  325 G   -2 -5 -4 -5 -3 -5 -5  7 -5 -7 -7 -5 -6 -6 -5  1 -3 -6 -6 -6    1   0   0   0   0   0   0  86   0   0   0   0   0   0   0  10   1   0   0   0  2.04 0.61
  326 T   -1 -3 -3 -4  0 -3 -3 -4 -4  0 -3  1 -3 -4 -4  2  5 -5 -4  3    4   1   0   0   2   0   0   0   0   4   0   8   0   0   0  17  40   0   0  23  0.76 0.38
  327 D   -5 -5  0  8 -1 -4 -2 -5 -5 -7 -7 -4 -7 -7 -5 -4 -5 -8 -7 -7    0   0   2  95   1   0   0   0   0   0   0   0   0   0   0   0   0   0   0   0  2.64 0.75
  328 G   -2 -4 -2  0 -3 -3  2  6  1 -6 -6 -3 -5 -5 -5 -2 -4  1 -4 -5    2   0   1   5   1   1  16  66   3   0   0   1   0   0   0   1   0   2   0   0  1.33 0.46
  329 Q    1  0  0 -1 -1  4  3 -1 -1 -3 -3  3 -2 -4 -3 -1 -2 -4 -3  0   11   4   4   2   1  20  19   5   1   1   2  19   0   0   0   2   1   0   0   7  0.38 0.21
  330 E   -2 -1 -3 -2 -1  0  3 -3 -2 -1  1  1 -1  1  3 -1  0 -4 -2 -1    1   2   0   1   2   3  24   1   1   3  19   8   1   7  14   2   7   0   1   4  0.27 0.19
  331 A    0 -4 -5 -5 -3 -4 -4 -5 -5  4  0 -4  3 -3 -4 -4 -1 -5 -3  6    8   0   0   0   0   0   0   0   0  19   6   0   6   0   0   0   2   0   1  54  0.97 0.37
  332 P    0 -1  1 -2 -3 -2  1 -4 -3 -4 -2  0 -4 -2  6  2 -1 -5 -3 -4    6   2   8   1   0   1  10   0   0   0   5   5   0   2  36  20   2   0   1   0  0.77 0.32
  333 I   -4 -4 -6 -6 -4 -5 -6 -6 -6  7  2 -5 -2 -1 -6 -4 -1 -5 -4  0    0   1   0   0   0   0   0   0   0  74  16   0   0   1   0   1   3   0   0   2  1.56 0.51
  334 Y   -3  5 -1 -1 -2  1  0 -3 -3 -5 -5  4 -4 -4 -4 -1 -2  1  2 -5    0  36   2   2   1   6   5   2   0   0   0  31   0   0   0   3   1   2   7   0  0.88 0.37
  335 E   -1 -1 -1  4 -5  1  4 -3 -2 -4 -3  1  0 -5 -3 -1  1 -5 -3 -3    5   2   2  26   0   4  35   1   0   0   2   7   3   0   0   4   8   0   1   2  0.68 0.31
  336 L   -4 -5 -6 -6 -4 -5 -5 -6 -5  4  5 -5  2 -2 -5 -5 -4 -5 -4  0    0   0   0   0   0   0   0   0   0  28  62   0   4   1   0   0   0   0   0   2  1.26 0.45
  337 T   -2 -4 -4 -4 -4 -4 -4 -5 -5  1  0 -3  6 -1 -4 -2  6 -5 -3  0    2   0   0   0   0   0   0   0   0   6   8   1  20   3   0   1  52   0   0   5  1.05 0.46
  338 S    0 -1 -1 -1 -4  1  1 -1 -2 -4 -3 -1 -2 -4 -3  5  1 -5 -3 -3    6   2   1   3   0   7   9   3   1   0   2   2   1   0   0  54   7   0   0   1  0.71 0.36
  339 Q   -2 -3 -2 -4  4 -1 -3 -4  6 -4  0 -3 -3  0  4 -1 -2 -3  4 -4    2   0   2   0  10   3   1   0  20   0  12   1   0   3  21   5   2   0  18   0  0.80 0.35
  340 F   -6 -6 -6 -7 -6 -6 -7 -7 -5 -1 -2 -6 -3  9 -7 -6 -6 -3 -1 -2    0   0   0   0   0   0   0   0   0   3   3   0   0  91   0   0   0   0   0   2  2.67 0.73
  341 T   -1  3  1 -2 -4 -2 -3 -4 -3 -2 -4  0 -3 -5 -3  2  5  1 -3 -3    3  16   6   2   0   1   0   0   0   2   1   6   0   0   1  15  45   2   0   1  0.76 0.37
  342 G    3 -4  0 -3 -3 -3 -3  5 -4 -5 -4 -3 -4 -5 -2  2 -3 -5 -5 -4   26   0   4   0   0   0   1  51   0   0   1   0   0   0   2  13   0   0   0   1  1.01 0.38
  343 L   -2  0  0  3 -3  2  0 -1  0 -3  0  1 -1 -2 -3  2  0 -4 -2 -2    1   5   4  18   0  13   3   3   2   1  11   8   1   1   0  19   6   0   1   2  0.25 0.17
  344 K   -2  3  4 -2 -2  4  0 -3  1 -4 -3  3  0 -5 -4 -1 -2 -5 -4 -4    2  14  23   1   1  19   4   1   4   0   2  21   3   0   0   3   0   0   0   0  0.65 0.30
  345 C   -1 -7 -6 -7 11 -6 -7 -6 -6 -5 -5 -6 -3 -6 -6 -5 -4 -6 -6 -2    5   0   0   0  87   0   0   0   0   0   0   0   1   0   0   0   1   0   0   3  3.41 0.85
  346 P   -3  2 -3 -4 -5 -1 -3 -5  0 -5 -4  1 -5 -5  7  0 -3 -6 -4 -4    1  10   1   0   0   3   0   0   2   0   1  10   0   1  61   6   1   0   0   1  1.58 0.51
  347 S   -1 -2 -2 -3 -4  1 -3  1 -3 -5 -3 -3 -4 -4 -4  5  3 -5 -4 -4    3   1   1   0   0   7   0   9   0   0   2   0   0   1   0  56  19   0   0   0  0.96 0.44
  348 L   -5 -5 -6 -7 -5 -5 -6 -7 -6 -2  7 -6  0 -3 -6 -5 -4 -5 -4 -2    0   0   0   0   0   0   0   0   0   0  96   0   1   0   0   1   0   0   0   0  1.91 0.61
  349 A    5 -1 -4 -4 -1 -2 -2 -2 -4  1  0 -2 -2 -2 -4 -1 -2 -5 -2  1   59   3   0   0   1   1   1   2   0   8   7   2   1   1   0   2   1   0   1   9  0.69 0.34
  350 G   -2 -2  1  0 -5  0  2  5  2 -6 -4 -1 -4 -5 -4 -1 -3 -2 -4 -5    2   1   6   4   0   3  17  53   5   0   1   4   0   0   0   2   1   1   0   0  0.93 0.36
  351 K   -4 -2 -4 -4 -7 -2 -3 -5 -4 -6 -6  8 -5 -7 -5 -4 -4 -6 -5 -6    0   0   0   0   0   0   0   0   0   0   0  98   0   0   0   0   0   0   0   0  2.46 0.75
  352 P   -5 -6 -6 -5 -6 -5 -5 -6 -6 -6 -6 -5 -6 -7  9 -4 -3 -7 -6 -6    0   0   0   0   0   0   0   0   0   0   0   0   0   0  96   0   2   0   0   0  3.11 0.80
  353 K   -4 -1 -4 -4 -6 -1 -3 -5 -4 -6 -6  8 -5 -6 -4 -4 -4 -6 -5 -6    0   0   0   0   0   2   0   0   0   0   0  96   0   0   0   0   0   0   0   0  2.34 0.71
  354 V   -2 -4 -5 -5 -3 -4 -5 -5 -5  2  5 -4  1 -1 -5 -2 -3 -4 -3  2    2   0   0   0   0   0   0   0   0   8  66   0   2   1   0   3   0   0   0  16  0.97 0.34
  355 F   -5 -6 -6 -6 -5 -6 -6 -6 -4 -3 -2 -6 -3  9 -6 -5 -5 -3  0 -1    0   0   0   0   0   0   0   0   0   0   3   0   0  91   0   0   0   0   0   3  2.56 0.64
  356 F   -5 -6 -6 -6 -5 -6 -6 -6 -5 -1 -3 -6 -3  9 -6 -5 -5 -3  0 -4    0   0   0   0   0   0   0   0   0   3   1   0   0  93   0   0   0   0   0   0  2.69 0.66
  357 I   -4 -6 -6 -6 -4 -5 -6 -6 -5  8 -1 -5 -2 -1 -5 -5 -4 -5  0  1    0   0   0   0   0   0   0   0   0  85   1   0   0   2   0   0   0   0   3   6  1.84 0.53
  358 Q   -4 -3 -3 -4 -6  9 -2 -5 -3 -6 -5 -2 -4 -6 -5 -1 -4 -5 -5 -5    0   0   1   0   0  92   0   0   0   0   0   0   0   0   0   3   0   0   0   0  2.51 0.73
  359 A    7 -5 -5 -5 -4 -4 -4 -1 -5 -5 -5 -4 -4 -6 -4 -2 -2 -6 -5 -3   95   0   0   0   0   0   0   3   0   0   0   0   0   0   0   0   2   0   0   0  1.91 0.62
  360 C   -4 -8 -7 -8 12 -7 -8 -7 -7 -5 -3 -7 -5 -7 -7 -5 -5 -7 -7 -5    0   0   0   0  96   0   0   0   0   0   3   0   0   0   0   0   0   0   0   0  3.95 0.88
  361 Q   -4  4 -4 -4 -7  8 -2 -6 -3 -7 -6 -2 -4 -7 -5 -1 -4 -6 -5 -6    0  18   0   0   0  79   0   0   0   0   0   0   0   0   0   3   0   0   0   0  2.20 0.69
  362 G   -3 -6 -2 -3 -6 -5 -4  7 -5 -7 -7 -5 -6 -7 -6 -4 -5 -6 -7 -7    0   0   2   1   0   0   1  96   0   0   0   0   0   0   0   0   0   0   0   0  2.38 0.63
  363 D   -2 -1  0  3  0  0  2 -2 -2 -3 -4  2 -4 -4 -2  2  2 -5 -3 -3    0   2   4  19   2   3  15   2   0   2   0  17   0   0   1  20  12   0   0   1  0.46 0.25
  364 N    1  1  2  1 -4  0  4 -1 -1 -3 -3  2 -2 -4 -3 -1 -1 -3 -3  0   12   6  11   5   0   2  30   4   1   0   1  13   1   0   0   3   2   0   1   7  0.36 0.21
  365 Y   -2  0 -1 -2  1  0  0  0  0  2  0  0 -1  2 -2 -1 -1 -2  3 -1    1   6   2   1   3   3   6   9   2  15   9   6   1  10   1   3   4   0  15   3  0.12 0.11
  366 Q   -4 -3 -3  3 -6  8 -2 -5  5 -6 -4 -3 -4 -6 -5 -4 -4 -6 -4 -6    0   0   0  15   0  69   0   0  14   0   1   0   0   0   0   0   0   0   0   0  1.95 0.65
  367 K   -1  2 -1  2  1  1  0 -2 -2 -3 -2  3 -1 -4  4  0 -1 -4 -1 -3    4  10   1  11   4   5   6   2   1   0   4  20   2   0  21   5   2   0   2   0  0.42 0.20
  368 G    2 -3 -2 -3 -4 -3 -3  5 -4 -4 -5 -2 -4 -4  3  1 -3 -5 -4 -3   16   1   1   1   0   1   1  45   0   1   0   1   0   1  16  13   0   0   0   1  0.89 0.34
  369 I    0 -4 -5 -5 -3 -3 -4 -5 -5  3 -1 -3 -1 -3 -4 -2 -1 -5 -1  6    6   0   0   0   0   1   0   0   0  16   2   2   1   0   0   2   2   0   2  64  1.06 0.38
  370 P    0 -2 -1 -1 -1  2 -1 -2  0 -2 -1 -1 -1  1  2  1  2  1  2 -1    7   1   1   3   1  14   2   1   3   2   7   3   2   6  10  11  14   2   9   3  0.17 0.14
  371 V   -1 -3 -4 -4 -3 -1 -3 -4 -4  5  1 -3  0 -3  0 -2  1 -4 -3  4    5   1   0   1   0   3   1   1   0  33   9   1   1   0   5   1   8   0   0  29  0.56 0.26
  372 E   -2 -2 -2  2 -3  3  6 -2 -3 -5 -5  0 -3 -6 -3 -2 -3 -5 -3 -3    2   0   1  12   1  15  55   2   0   0   0   5   0   0   1   1   1   0   1   2  1.10 0.42
  373 T    3 -3 -1  0 -3 -2  1  0 -2 -3 -4 -2 -1 -3  0  2  4 -5 -4 -2   25   0   2   5   0   0  12   5   1   0   0   0   2   1   4  16  26   0   0   1  0.48 0.27
  374 D   -4 -4 -2  7 -3 -2  0  0 -4 -2 -6 -2 -3 -4 -4 -3 -3 -6 -5 -3    1   1   1  75   1   1   4   7   0   3   0   1   1   1   0   1   1   0   0   2  1.62 0.51
  375 S    3 -2 -2 -2  0 -1  0  1 -3 -2 -3 -2 -3  0  1  3  0 -3 -3 -1   25   1   1   1   2   2   6  11   0   1   2   2   0   5   7  27   4   0   0   3  0.33 0.21
  376 E   -1  0 -1  1 -1  1  3  2 -1 -1 -1 -1 -2 -3  2  0 -1 -2 -2  0    3   5   2   7   1   8  20  15   1   5   5   2   1   1  11   4   2   0   1   7  0.20 0.12
  377 E    0  0  3  1 -2  1  3 -1 -2 -1 -3  0 -2 -2 -1  1  0 -3 -1 -1    6   4  16   5   1   6  22   4   0   5   1   3   0   1   3  10   5   0   2   5  0.23 0.14
  378 Q   -2 -2  1  1 -4  3  2 -1 -1 -3 -3 -1 -2 -3  4  1  0 -4 -1 -3    1   1   7   6   0  13  16   4   1   1   2   3   1   1  22  14   5   0   2   1  0.47 0.23
  379 P   -1 -2 -1  4 -4 -1  3  1 -2 -3 -3 -1 -3 -4  1  1  0 -4 -3 -3    5   2   2  28   0   1  18  12   1   2   2   3   1   0   7  10   5   0   0   1  0.45 0.21
  380 Y    0  0 -1 -1  0  0  0 -2  3 -1  0 -1 -1  0  0  1  0 -2  2 -1    6   5   2   3   3   3   5   2  12   2  11   3   1   4   4  15   7   0   8   4  0.11 0.10
  381 L   -1 -2 -2 -2  1 -1 -2 -2 -2  1  3 -2  1  0 -1  2 -1 -2  1  1    4   1   2   2   3   2   2   3   1   7  31   2   2   3   2  18   3   0   5   7  0.17 0.13
  382 E   -2 -2 -2  0  4  0  5 -2 -2 -3 -1 -1 -2 -2  0  1 -2 -1 -2 -1    2   1   1   4   8   4  41   2   1   1   7   2   0   2   4  10   1   1   2   6  0.46 0.23
  383 M    0 -2 -2 -2 -2 -1  2 -2 -2 -1 -1 -1  4 -2  0  0  3 -3 -2  0    8   2   1   1   1   2  18   2   1   3   4   2  16   2   5   7  19   0   1   7  0.27 0.17
  384 D   -1 -3 -1  7 -4  2  0 -3 -3 -4 -4 -3 -2 -4 -2 -1 -1 -5 -3 -3    6   1   1  57   0  11   5   1   0   1   1   1   1   0   2   4   4   0   1   2  1.06 0.37
  385 L    4 -2 -1  2 -3  1  0 -1 -1 -2 -1 -2 -2 -3 -1  0  1 -3 -3 -1   41   2   1  12   0   7   4   2   1   2   5   1   1   1   2   6   7   0   1   3  0.36 0.20
  386 S    1  0  1  1 -2  0  0  1 -1 -1 -1  0 -1 -1 -1  2  1 -3 -1 -1   14   4   7   9   0   3   3   9   2   3   4   4   1   2   2  19   8   0   1   5  0.12 0.09
  387 S    1  1  0 -2  0 -1 -1 -1 -1  0 -1 -1 -1  0  2  1  0 -3 -1  1   12  11   4   2   2   1   2   4   2   6   3   2   0   4  13  12   4   0   1  16  0.14 0.09
  388 P    0 -2  0 -1  0 -2 -1 -1 -2  0  0 -2 -1  2  2  2 -1 -2 -1  0    6   1   5   4   2   1   2   4   0   5   7   1   2  11  13  24   1   0   2   9  0.18 0.12
  389 Q   -2  1 -1  0 -3  4 -1 -3  2 -3  0 -1  0 -2  5 -2 -2 -4 -3 -3    3   7   3   5   0  19   2   2   5   1  11   2   2   1  32   1   2   0   1   1  0.64 0.28
  390 T   -1  2  0 -2 -1  2 -1  0  0 -1  1  1  0 -1 -1  1  0 -1 -1 -1    4  12   3   1   1  10   3   6   2   2  21   9   3   2   2  12   4   1   1   2  0.10 0.10
  391 R   -2  1  0  3 -3  1  3 -2  2 -2 -3  0 -1 -3 -2  0  1 -3  1 -3    2   8   4  16   0   4  25   2   6   3   1   4   2   1   1   5   8   0   7   1  0.36 0.19
  392 Y   -1 -2 -2 -2  5 -2 -3 -2 -1 -3 -4  2 -4 -3 -4  4  2 -4  2 -1    2   1   1   1  12   1   0   2   2   1   0  13   0   1   0  41  10   0   9   4  0.66 0.34
  393 I   -4 -5 -6 -6 -4 -5 -4 -6 -6  7  0 -5 -2 -2 -2 -5 -4 -5 -4  2    0   0   0   0   0   0   1   0   0  75   7   0   0   1   3   0   0   0   0  11  1.62 0.51
  394 P   -3 -6 -6 -5 -7 -5 -4 -6 -6 -7 -7 -5 -6 -7  9 -3 -5 -7 -7 -6    1   0   0   0   0   0   1   0   0   0   0   0   0   0  94   2   0   0   0   0  3.10 0.82
  395 D    0 -3  1  4 -4 -2  2 -3 -2 -1 -3 -1 -2 -4 -3  1 -1  1 -4  2   10   0   6  28   0   0  13   0   1   3   1   4   1   0   1   9   2   2   0  20  0.43 0.25
  396 E   -3 -2 -2  3 -6  1  6 -3 -1 -3 -4 -1 -2 -6 -4 -2 -3  3 -5 -5    1   1   1  14   0   4  63   2   1   2   1   2   1   0   0   2   1   4   0   0  1.27 0.48
  397 A    7 -5 -5 -5 -4 -3 -4 -1 -5 -5 -5 -4 -4 -6 -4  0 -3 -6 -5 -2   87   0   0   0   0   1   0   4   0   0   0   0   0   0   0   5   0   0   0   2  1.75 0.61
  398 D   -6 -6 -3  8 -7 -4 -2 -5 -2 -7 -8 -5 -7 -7 -6 -4 -5 -8 -7 -7    0   0   0  98   0   0   0   0   1   0   0   0   0   0   0   0   0   0   0   0  2.84 0.79
  399 F   -6 -6 -7 -7 -6 -7 -7 -7 -5  2 -2 -7 -1  9 -7 -6 -4 -3  0 -2    0   0   0   0   0   0   0   0   0  12   2   0   2  79   0   0   1   0   1   3  2.28 0.64
  400 L   -5 -6 -7 -7 -5 -6 -6 -7 -6 -2  7 -6 -1 -1 -6 -6 -5 -5 -5 -2    0   0   0   0   0   0   0   0   0   0  97   0   0   2   0   0   0   0   0   0  2.01 0.62
  401 L   -4 -5 -6 -6 -4 -5 -5 -6 -5  3  5 -5  0  2 -5 -5 -3 -4  1  2    0   0   0   0   0   0   0   0   0  15  56   0   2   9   0   0   1   0   4  12  1.00 0.36
  402 G    2 -5 -4 -5 -5 -5 -5  7 -5 -6 -6 -5 -5 -6 -5 -1 -4 -6 -6 -3   19   0   0   0   0   0   0  75   0   0   0   0   0   0   0   3   0   0   0   2  1.77 0.55
  403 M   -5 -3 -6 -7 -6 -4 -6 -7 -2 -2  1 -6 10 -2 -7 -6 -5 -4  5 -4    0   1   0   0   0   1   0   0   1   1   9   0  70   1   0   0   0   0  17   0  2.39 0.74
  404 A    6 -5 -5 -5 -4 -4 -4 -3 -5 -5 -5 -4 -5 -6 -4  3 -3 -6 -5 -4   77   0   0   0   0   0   0   0   0   0   0   0   0   0   0  23   0   0   0   0  1.70 0.61
  405 T   -4 -5 -4 -5 -5 -5 -5 -6 -6 -5 -6 -5 -5 -6 -5 -2  8 -7 -6 -4    0   0   0   0   0   0   0   0   0   0   0   0   0   0   0   1  99   0   0   0  2.62 0.82
  406 V   -2 -6 -6 -7 -4 -5 -6 -6 -6  2  0 -6  1 -2 -3 -5 -3 -6 -4  7    3   0   0   0   0   0   0   0   0  10   8   0   4   1   1   0   0   0   0  73  1.48 0.51
  407 N   -3 -4  0  3 -6  2  3 -4 -4 -6 -6 -1 -5 -4  6 -3 -3 -6 -5 -5    2   0   5  14   0  10  23   0   0   0   0   4   0   1  40   1   1   0   0   0  1.22 0.45
  408 N   -3 -4  2  4 -6 -3  0  5  2 -6 -6 -4 -5 -3 -5 -1 -4 -2 -2 -6    0   0  10  26   0   1   6  44   6   0   0   0   0   1   0   3   0   1   2   0  1.05 0.40
  409 C   -4 -6 -6 -7  6 -6 -6 -7  2 -5 -5 -6 -5  3 -7 -2 -5 -2  9 -5    1   0   0   0  15   0   0   0   4   0   0   0   0  10   0   3   0   0  67   0  2.32 0.69
  410 V   -1 -2 -4 -4 -2 -1  0 -3 -3 -1 -1  2 -1 -1 -4 -3 -2 -4  3  5    5   1   0   0   1   3   7   1   0   1   5  13   1   2   0   0   1   0  13  44  0.57 0.32
  411 S    0 -5 -3 -4  5 -4 -4 -4 -5 -6 -6 -4 -5 -6 -5  7 -3 -6 -6 -5    5   0   0   0  12   0   0   0   0   0   0   0   0   0   0  82   0   0   0   0  1.92 0.68
  412 Y   -5 -6 -6 -7 -6 -3 -6 -6 -3 -3 -3 -6 -2  7 -6 -5 -5  7  7 -4    0   0   0   0   0   1   0   0   0   1   2   0   1  40   0   0   0  14  40   1  2.06 0.60
  413 R   -5  9 -4 -5 -7 -3 -4 -6 -4 -7 -4 -2 -5 -6 -6 -5 -5 -6 -6 -6    0  97   0   0   0   0   0   0   0   0   1   0   0   0   0   0   0   0   0   0  2.73 0.77
  414 N   -4 -3  4  2  2 -3 -1 -4  7 -5 -4 -3 -5 -5 -5  3 -3 -6 -1 -5    0   0  22  13   4   0   4   0  28   0   1   0   0   0   0  23   0   0   2   0  1.09 0.43
  415 P   -2  0 -3 -4 -2 -2 -3 -2 -4  2 -2  1 -1 -4  4  0  3 -5 -4  1    1   6   0   0   1   0   0   2   0  13   1  10   1   0  23   6  22   0   0  12  0.52 0.27
  416 A    0  1  0 -1 -3  2  2  1  0 -2 -2  1  0 -2 -3  1  1 -3 -2 -1    5   8   3   2   0   9  16  10   2   1   2  10   3   2   0  10  11   0   1   4  0.19 0.14
  417 E   -2  2  1 -1 -2  3  3 -4  1 -3 -4  2 -3 -4 -3  0  2 -5 -2 -4    1  11   6   2   1  15  22   0   3   1   1  14   0   0   0   6  15   0   1   0  0.51 0.27
  418 G   -4 -6 -4 -5 -6 -6 -6  8 -6 -8 -7 -5 -7 -7 -6 -3 -5 -6 -7 -7    0   0   0   0   0   0   0  98   0   0   0   0   0   0   0   1   0   0   0   0  2.57 0.71
  419 T    0 -4 -3 -4 -4 -4 -4 -4 -5 -5 -6 -4 -5 -6 -4  6  4 -6 -5 -5    5   0   0   0   0   0   0   0   0   0   0   0   0   0   0  66  28   0   0   0  1.57 0.60
  420 W   -5 -7 -7 -8 -6 -6 -6 -7 -6  3 -2 -7 -4  0 -4 -6 -6 12 -2  1    1   0   0   0   0   0   1   0   0  16   3   0   0   3   1   0   0  67   0   8  3.06 0.78
  421 Y   -6 -6 -3 -7 -6 -6 -6 -7 -3 -5 -5 -6 -5  6 -7 -6 -6 -2  9 -5    0   0   1   0   0   0   0   0   0   0   0   0   0  26   0   0   0   0  72   0  2.69 0.75
  422 I   -5 -7 -7 -7 -5 -6 -7 -7 -7  8 -2 -6 -2 -2 -6 -6 -4 -6 -5  3    0   0   0   0   0   0   0   0   0  84   0   0   0   1   0   0   0   0   0  14  2.12 0.63
  423 Q   -5 -3 -4 -5 -1  9 -2 -6 -4 -5 -6 -2 -5 -7 -6 -2 -4 -6 -6 -6    0   0   0   0   1  93   0   0   0   1   0   1   0   0   0   3   1   0   0   0  2.70 0.84
  424 S    3 -4 -2 -3  4 -1  2 -3 -1 -5 -5 -2 -4 -5 -4  5 -1 -6 -5 -2   24   0   1   0   9   2  13   0   1   0   0   2   0   0   0  43   2   0   0   3  0.84 0.40
  425 L   -5 -6 -7 -7 -5 -6 -7 -8 -7 -2  7 -6 -2 -3 -3 -6 -5 -5 -5 -2    0   0   0   0   0   0   0   0   0   0  98   0   0   0   1   0   0   0   0   0  2.05 0.64
  426 C   -5 -8 -7 -8 12 -8 -8 -7 -7 -6 -6 -8 -6 -7 -8 -5 -3 -7 -1 -3    0   0   0   0  95   0   0   0   0   0   0   0   0   0   0   0   1   0   2   2  4.00 0.95
  427 Q   -2  1  2  1 -5  4  1 -3  0 -5 -5  3 -3 -5 -4  2 -1 -5 -3 -5    1   7  12   8   0  21   9   1   2   0   0  20   0   0   0  16   2   0   0   0  0.61 0.30
  428 S   -1 -1  2 -3 -4  3  0 -4  6 -1 -4  3  1 -4 -4  1 -2 -5 -1 -1    4   1  12   0   0  17   4   0  19   5   0  18   4   0   0   9   1   0   1   6  0.54 0.29
  429 L   -5 -5 -7 -7 -5 -5 -6 -7 -6  0  6 -6  3 -2 -6 -6 -5 -5 -4 -2    0   0   0   0   0   0   0   0   0   3  88   0   7   1   0   0   0   0   0   0  1.77 0.56
  430 R   -2  2  1 -1 -4  3  3 -4 -1 -2 -4  3 -2 -5 -4 -2 -1 -5 -4 -1    2  13   8   3   0  14  24   0   1   3   1  22   1   0   0   1   3   0   0   4  0.57 0.28
  431 E   -1  0  2  0 -3  1  3 -3 -1 -2  1  2 -2 -3 -3  0  0 -1 -1 -2    3   3  10   5   0   5  23   0   1   1  19  15   0   0   0   4   6   1   3   2  0.28 0.20
  432 R   -2  1 -1 -4 -3 -3 -2 -1  4 -2  3 -3  3  1 -4  1 -3 -3  1 -3    1   8   2   0   0   0   2   6  13   0  34   0   7   6   0  14   0   0   6   0  0.42 0.26
  433 C    1 -4 -4 -4  8 -4 -4 -3 -4 -2 -2 -4 -3 -4 -4 -1 -3 -4 -4  4   14   1   1   1  38   0   1   2   0   1   2   1   0   0   1   5   1   0   0  32  1.27 0.40
  434 P   -3 -4 -4 -1 -3 -3  0  1 -2 -6 -5 -4 -5 -6  8 -3 -4 -6 -5 -5    2   1   0   3   1   1   6  10   1   0   1   0   0   0  71   1   0   0   0   0  1.94 0.57
  435 R   -4  7 -3 -3 -4  1 -2 -4  0 -5 -1  3 -4 -2 -5  0 -3 -3 -4 -4    0  56   1   1   0   6   1   1   2   0   7  15   0   1   0   6   1   0   0   1  1.14 0.44
  436 G   -2  2  1 -1 -4  1 -1  4  3 -5 -5  1 -2 -4 -4  0 -3 -4 -1 -5    0  14   8   3   0   5   4  40   7   0   0   7   1   0   0   6   1   0   3   0  0.63 0.27
  437 D   -3 -3 -2  3 -2 -1  5 -4 -1 -2  1  1 -1 -1 -4 -3 -3 -1 -2 -1    1   0   1  14   1   1  43   0   1   2  15   9   1   3   0   0   1   1   2   4  0.63 0.31
  438 D   -6 -5 -1  8 -8 -4  2 -5 -3 -7 -8 -3 -7 -7 -5 -4 -5 -8 -7 -7    0   0   1  84   0   0  13   0   1   0   0   1   0   0   0   0   0   0   0   0  2.34 0.70
  439 I   -5 -6 -7 -7 -5 -6 -7 -7 -6  7  3 -6 -1 -2 -6 -6 -4 -6 -4  0    0   0   0   0   0   0   0   0   0  65  30   0   1   1   0   0   0   0   0   3  1.65 0.53
  440 L   -4 -5 -5 -6 -4 -3 -6 -7 -1  1  5 -5  5 -3 -4 -5 -3 -5 -4  0    0   0   0   0   0   1   0   0   1   7  68   0  15   0   1   0   1   0   0   5  1.30 0.46
  441 T   -1 -3 -2 -1 -4  3 -2 -3  0 -5 -5 -3 -4 -6 -4  5  5 -6 -5 -4    3   1   0   3   0  12   1   0   2   0   0   0   0   0   0  41  36   0   0   0  1.07 0.48
  442 I   -5 -7 -7 -7 -5 -6 -7 -8 -7  8 -2 -6  0 -4 -7 -6 -4 -6 -5  2    0   0   0   0   0   0   0   0   0  87   1   0   2   0   0   0   0   0   0  10  2.19 0.65
  443 L   -5 -6 -7 -7 -5 -6 -7 -7 -7 -2  7 -6  2 -3 -7 -6 -5 -5 -5 -3    0   0   0   0   0   0   0   0   0   0  97   0   3   0   0   0   0   0   0   0  2.02 0.63
  444 T   -4 -5 -4 -5 -5 -5 -5 -6 -6 -3 -4 -5 -5 -6 -5 -3  8 -7 -6 -1    0   0   0   0   0   0   0   0   0   1   1   0   0   0   0   0  95   0   0   3  2.38 0.77
  445 E    2  4 -2 -2 -1  0  3 -3 -1 -3 -4  3 -1 -3 -4 -1 -3 -5 -3 -3   18  26   1   0   1   3  25   1   1   1   0  17   2   1   0   2   0   0   1   1  0.63 0.31
  446 V   -4 -7 -7 -7 -5 -6 -7 -7 -7 -1 -3 -6 -3 -5 -6 -6 -4 -7 -5  8    0   0   0   0   0   0   0   0   0   0   0   0   0   0   0   0   0   0   0 100  2.43 0.73
  447 N   -6 -5  9 -3 -7 -4 -4 -5 -4 -8 -8 -4 -7 -7 -6 -2 -4 -8 -6 -7    0   0  99   0   0   0   0   0   0   0   0   0   0   0   0   1   0   0   0   0  3.00 0.84
  448 Y   -1  3  2  1 -3  1  2 -2  1 -4 -4  2 -1  1 -4 -1 -3 -3  3 -4    4  19  10   7   0   7  13   2   3   0   0  12   1   6   0   4   0   0  11   0  0.39 0.22
  449 E   -4  0 -2  5 -6 -2  5 -5 -4 -5 -5  1  0 -6 -4 -3 -4 -6 -5 -3    0   6   1  36   0   0  43   0   0   0   1   8   3   0   0   0   0   0   0   2  1.21 0.45
  450 V   -4 -6 -7 -7 -5 -6 -6 -7 -7  0 -3 -6  0 -5 -6 -5 -4 -7 -5  8    0   0   0   0   0   0   0   0   0   1   0   0   2   0   0   1   0   0   0  96  2.25 0.69
  451 S    2 -4 -2 -4 -3 -4 -2  3 -4 -6 -6 -4 -5 -6 -4  6 -2 -6 -5 -5   18   0   1   0   0   0   2  19   0   0   0   0   0   0   0  59   0   0   0   0  1.22 0.50
  452 N   -3  5  2 -2 -4  2  1 -1 -2 -4 -3  3 -4 -5 -4  1 -2 -5 -4 -5    0  36   9   1   0   9   7   5   0   1   2  16   0   0   0  12   1   0   0   0  0.74 0.33
  453 K   -1  4  0 -1 -5  1  0 -1  2 -3 -3  5  1 -4 -3 -2 -1 -5 -3 -4    4  21   4   2   0   5   3   4   5   1   2  37   5   0   0   1   4   0   0   0  0.62 0.28
  454 D    0 -1  0  3 -3 -2  1 -3 -1  1 -1 -2 -2 -1 -3  0  1 -2 -1  2    9   3   3  20   0   1   8   1   1  10   2   1   0   3   0   5   9   0   2  22  0.23 0.16
  455 D    0 -3 -1  5  2  0 -1  0 -2 -3 -2 -2 -1 -1  2  0 -1 -3  0 -3    6   1   2  39   4   3   2   7   0   1   5   2   2   3  10   5   3   0   3   1  0.46 0.21
  456 K   -1  3  0  0 -3  0  0 -2  0 -2 -1  3 -1 -2  1  0 -1 -1 -1 -2    3  23   4   6   0   4   4   3   2   3   7  19   1   1   6   7   3   1   2   2  0.25 0.13
  457 K   -2  0 -1 -2 -3  1 -1 -2 -1 -1  1  1 -1  3  0  0 -1  2  3 -2    1   5   2   2   0   7   4   2   1   2  16  12   0  18   4   8   4   3   9   1  0.21 0.15
  458 N   -2 -1  5  0 -3 -1 -1  4  2 -4 -2 -1 -1 -4 -4  0 -2 -2 -2 -3    2   3  28   3   0   3   2  34   5   0   4   2   2   0   0   7   1   1   1   2  0.65 0.27
  459 M    1  0  0 -1 -3  1  1  2 -1 -1 -1  0  2 -2 -2 -1  2 -3 -1 -1   11   5   4   2   0   5  12  15   1   4   5   4   7   1   1   2  18   0   2   2  0.16 0.13
  460 G   -1  1 -2 -3  1 -1 -1  1 -2 -4 -3  5 -1 -1 -3 -1 -2  4  1 -3    5   6   1   1   3   1   4  13   1   1   2  43   2   2   0   3   1   6   6   1  0.58 0.28
  461 K   -5  0 -4 -5 -7 -2 -3 -5 -5 -6 -6  8 -5 -7 -5 -4 -1 -7 -6 -6    0   2   0   0   0   1   0   0   0   0   0  93   0   0   0   0   3   0   0   0  2.32 0.72
  462 Q   -5 -3 -5 -5 -8  9 -3 -6 -4 -7 -5 -3 -5 -8 -6 -5 -5 -7 -6 -7    0   0   0   0   0  99   0   0   0   0   1   0   0   0   0   0   0   0   0   0  3.09 0.93
  463 M   -5 -6 -7 -7  0 -5 -6 -7 -6  3 -2 -6 10 -4 -7 -3 -5 -6 -5 -1    0   0   0   0   2   0   0   0   0  16   0   0  77   0   0   2   0   0   0   3  2.64 0.78
  464 P   -3 -7 -7 -6 -7 -6 -6 -7 -7 -7 -7 -5 -7 -8  9 -5 -6 -8 -8 -7    2   0   0   0   0   0   0   0   0   0   0   0   0   0  98   0   0   0   0   0  3.36 0.89
  465 Q   -1 -3 -4 -3  5  7  3 -4 -3 -4 -4  1 -2 -6 -5 -2 -4 -6 -5 -4    4   0   0   0  13  49  19   1   0   1   1   9   1   0   0   2   0   0   0   1  1.31 0.52
  466 P   -4 -6 -6 -6 -6 -4 -5 -6 -3  3 -4 -5 -2 -2  8 -4 -3 -7 -6  1    0   0   0   0   0   1   0   0   1  14   0   0   1   2  69   1   1   0   0  10  2.01 0.61
  467 T    3  1 -2 -3 -3 -1 -2 -3 -2 -1 -2  2 -1 -4 -3  1  2 -5 -3  2   26   8   0   0   0   2   1   0   0   2   2  14   1   0   0  13  14   0   0  16  0.37 0.24
  468 F   -3 -5 -4 -5 -5 -5 -5 -5 -3 -3 -4 -5 -4  6 -6  3 -2 -2  6 -2    1   0   0   0   0   0   0   0   0   1   0   0   0  35   0  26   2   0  32   2  1.43 0.52
  469 T   -4 -3 -4 -5 -5 -4 -3 -5 -5 -4 -4 -4  5 -6 -5  1  7 -6 -5 -4    0   1   0   0   0   0   1   0   0   0   0   0  14   0   0   8  76   0   0   0  1.83 0.64
  470 L   -5 -6 -7 -7 -5 -6 -7 -7 -7 -2  7 -6 -1 -2 -7 -6 -5 -5 -5 -3    0   0   0   0   0   0   0   0   0   1  99   0   0   1   0   0   0   0   0   0  2.06 0.63
  471 R   -4  7 -4 -5 -3 -3 -4 -6 -4 -5 -2 -2 -4 -6 -5 -3  5 -1 -5 -5    0  58   0   0   1   0   0   0   0   0   4   0   0   0   0   0  36   1   0   0  1.67 0.59
  472 K   -3  3 -4 -5 -7 -2 -3 -5 -4 -7 -6  8 -3 -7 -5 -4 -5 -7 -6 -6    1  11   0   0   0   0   0   0   0   0   0  87   0   0   0   0   0   0   0   0  2.19 0.68
  473 K   -3  3 -3 -3 -6  3  2 -5 -3 -5 -5  6 -4 -6 -2 -3 -2 -6 -5 -4    0  13   0   0   0  11  13   0   0   0   1  56   0   0   1   0   2   0   0   1  1.23 0.46
  474 L   -4 -5 -6 -7 -4 -5 -6 -7 -6  0  6 -6 -1  3 -6 -5 -4 -4 -3  2    0   0   0   0   0   0   0   0   0   3  75   0   0  10   0   0   0   0   0  11  1.40 0.47
  475 V   -3 -4 -6 -6 -4 -5 -5 -6 -3  5 -1 -3 -2  2 -6 -4 -3 -4  4  4    1   1   0   0   0   0   0   0   0  38   1   2   0   8   0   0   0   0  16  33  1.10 0.41
  476 F   -6 -7 -7 -8 -6 -7 -7 -7 -5 -4  1 -7 -3  9 -8 -6 -6 -3 -1 -4    0   0   0   0   0   0   0   0   0   0  14   0   0  86   0   0   0   0   0   0  2.60 0.70
  477 P   -4 -6 -5 -5 -6 -5 -5 -6 -6 -6 -6 -4 -6 -3  9 -2 -4 -7 -6 -6    0   0   0   0   0   0   0   0   0   0   0   0   0   2  95   3   1   0   0   0  2.95 0.66
  478 S   -1 -4 -3 -4 -3 -4 -4 -4 -4  1  1 -4  1 -3  2  0 -1 -5 -3  5    3   0   1   0   0   0   0   0   0   4   9   0   4   0  10  10   2   0   0  57  0.69 0.27
  479 D   -3 -2  6  5 -4 -1  2 -2 -1 -5 -5 -1 -4 -5 -3 -1 -2 -5 -4 -4    0   0  53  37   0   0  10   0   0   0   0   0   0   0   0   0   0   0   0   0  1.11 0.21

                      K         Lambda
Standard Ungapped    0.1360     0.3181
Standard Gapped      0.0533     0.2670
PSI Ungapped         0.1739     0.3131
PSI Gapped           0.0533     0.2670
