
Last position-specific scoring matrix computed, weighted observed percentages rounded down, information per position, and relative weight of gapless real matches to pseudocounts
           A  R  N  D  C  Q  E  G  H  I  L  K  M  F  P  S  T  W  Y  V   A   R   N   D   C   Q   E   G   H   I   L   K   M   F   P   S   T   W   Y   V
    1 M   -2 -2 -3 -4 -2 -1 -3 -4 -3  0  2 -2  9 -1 -4 -3 -2 -2 -2  0    0   0   0   0   0   0   0   0   0   0   7   0  93   0   0   0   0   0   0   0  1.08 0.17
    2 S    0 -2  1  0 -3 -2 -1 -2 -2 -3 -4 -2 -3 -4  3  5  1 -4 -3 -3    5   0   4   6   0   0   0   0   0   1   0   0   0   0  17  61   6   0   0   0  0.72 0.20
    3 N   -2  1  3  3 -4  0  2 -1 -1 -3 -4  3 -3 -4 -2  0 -1 -4 -3 -3    0   5  20  17   0   1  16   4   1   1   0  28   0   0   0   5   2   0   0   1  0.47 0.13
    4 P   -2 -4 -2 -1 -4 -2 -2 -3 -4 -4 -3 -3 -4 -5  8  0 -1 -5 -5 -4    2   0   2   2   0   1   1   1   0   0   3   0   0   0  78   8   2   0   0   0  1.88 0.33
    5 R   -1  4 -1  0 -5  4  3 -2  0 -4 -4  0 -2 -4 -1 -1 -2 -4 -3 -2    3  31   1   4   0  28  21   2   2   0   0   1   1   0   2   3   0   0   0   2  0.66 0.23
    6 S    0 -2 -1 -1 -4  0 -1  2 -3 -2 -4 -2 -2 -4  6  2  0 -5 -4 -3    4   1   1   3   0   4   3  17   0   3   0   0   1   0  37  19   7   0   0   1  0.74 0.22
    7 L   -1 -3 -2 -3 -3  0 -2 -1  4  0  3 -3  1 -2 -3  2 -1 -4 -2  0    3   0   1   1   0   4   1   5  15   2  40   0   2   0   0  18   1   0   0   6  0.34 0.19
    8 E   -2 -2 -2  2 -4  3  3 -4  1  1 -2 -1 -2 -3  4 -1 -2 -4 -1 -2    2   1   1  11   0  17  19   0   3  11   3   2   0   0  24   2   0   0   2   2  0.52 0.21
    9 E   -1 -1 -1  2 -2  1  2 -2  2 -1  1 -1  0  1  0  0  0 -3 -1 -1    3   3   2  11   1   6  16   1   6   1  19   0   2   8   4   9   4   0   0   4  0.13 0.10
   10 E   -1 -2  3  3 -4 -1  3 -2  0 -3  0 -1 -2 -1 -3 -1 -1 -3  2 -3    6   0  16  17   0   1  27   2   2   0  10   1   0   3   0   1   4   0  10   0  0.38 0.19
   11 K    2  2  1 -2  2  3 -1 -2 -1 -3 -3  1 -1 -4 -3  1 -1 -4 -1 -1   23  13   9   0   5  16   2   0   1   0   0   5   1   0   0  14   2   0   1   5  0.33 0.19
   12 Y   -5 -5 -6 -7 -6 -5 -6 -7  0 -5 -5 -5 -5  0 -7 -5 -5 -1 10 -5    0   0   0   0   0   0   0   0   2   0   0   0   0   0   0   0   0   0  98   0  3.07 0.71
   13 D   -3  2  3  6 -6 -1 -1 -3 -3 -5 -5  4 -4 -6 -4 -1 -3 -6 -5 -5    0  10  13  43   0   0   0   1   0   0   0  29   0   0   0   2   0   0   0   0  1.05 0.35
   14 M   -4 -5 -6 -6 -4 -4 -5 -6 -5 -1  3 -5  9  2 -6 -5 -4 -4 -3 -2    0   0   0   0   0   0   0   0   0   1  27   0  63   9   0   0   0   0   0   1  1.81 0.52
   15 S   -1 -1  2  3 -4  0 -1 -3 -3 -2 -4  0 -3 -5 -3  4  1 -5 -4 -3    2   2  10  20   0   4   1   0   0   3   1   6   0   0   0  44   8   0   0   1  0.62 0.28
   16 G   -2 -1  0 -2 -3 -2 -2  4  2 -2 -4  0 -2  1 -4  2 -2 -2  5 -2    0   3   3   1   0   1   2  30   5   2   0   6   0   7   0  17   0   0  21   2  0.49 0.23
   17 A    3  2  0 -1 -1  1  1 -2 -2 -3 -3  1 -3 -4  3  0  0 -4 -3 -2   30  13   3   1   1   5  10   1   0   1   0   8   0   0  18   3   4   0   0   1  0.43 0.19
   18 R   -3  6  0 -2 -2 -1  2 -4 -2 -5 -4  2 -4 -5  4 -2 -3 -5 -4 -5    0  44   4   0   1   1  13   0   0   0   1  13   0   0  22   1   0   0   0   0  1.03 0.35
   19 L    0  3 -3 -3 -1 -2 -1 -4  0  0  2  2  4 -2 -4 -2 -2 -4 -3  1    9  18   0   0   2   0   4   0   3   2  23  13  14   0   0   0   0   0   0  11  0.31 0.19
   20 A    4 -3 -2 -2 -4 -3 -3  5 -4 -5 -5 -3 -4 -5 -4 -1 -3 -5 -5 -4   40   1   2   2   0   1   0  52   0   0   0   0   0   0   0   2   0   0   0   0  1.17 0.37
   21 L   -3 -2 -4 -4 -3 -2 -2 -5 -2  1  4  2  0  3 -4 -3 -3 -3  0  2    0   1   0   0   0   2   2   0   0   4  44  15   1  12   0   1   0   0   3  15  0.46 0.23
   22 I    1 -4 -4 -2  8 -4 -4 -4 -5 -2  1  0 -1 -4 -1 -2  2 -5 -4 -1   12   0   0   2  41   0   0   0   0   1  18   6   1   0   2   0  14   0   0   2  1.01 0.34
   23 L   -2 -4 -5 -5 -3 -4 -4 -6 -5  4  4 -4  4 -2 -5 -4 -3 -4 -3  2    2   0   0   0   0   0   1   0   0  22  53   0  12   0   0   0   0   0   0  10  0.92 0.30
   24 C    0 -4 -4 -5  7 -3 -5 -4  0  5 -1 -4 -2 -3 -4 -3 -3 -5 -3  1    9   1   0   0  28   1   0   1   3  46   1   0   0   0   0   1   0   0   1   8  1.08 0.35
   25 V   -3 -3 -1 -4 -3 -3 -4 -5 -5  4  2 -2 -1 -1 -4 -3 -2 -4 -3  4    0   1   3   0   0   0   0   0   0  31  19   2   0   1   0   1   0   0   0  39  0.73 0.27
   26 T   -3 -3  6 -2 -4 -2 -2 -3 -2  1 -2  1  0 -4 -4  1  3 -5 -4 -3    0   0  42   0   0   1   1   0   0  12   2   7   3   0   0  11  21   0   0   0  0.73 0.31
   27 K   -4  1  6 -2 -5  1 -2 -3 -2 -6 -5  5 -4 -6 -4 -2 -2 -6 -4 -5    0   7  47   0   0   6   1   0   0   0   0  37   0   0   0   0   2   0   0   0  1.24 0.40
   28 A    2 -2  1  3 -3 -2  0  0 -2 -1 -3  0 -2 -4  0  0  0 -5 -3  1   20   1   7  24   0   0   4   6   1   1   0   7   1   0   4   4   4   0   0  15  0.27 0.16
   29 R   -5  8 -4 -5 -7 -2 -3 -6 -4 -6 -6 -1 -5 -6 -6 -4 -4 -6 -5 -6    0 100   0   0   0   0   0   0   0   0   0   0   0   0   0   0   0   0   0   0  2.56 0.63
   30 E   -1 -2  4 -1 -4 -1  2 -3 -1 -4 -3  0 -3 -5  3  3  0 -5 -3 -4    3   0  22   0   0   1  18   0   1   1   3   4   0   0  17  26   4   0   1   0  0.59 0.26
   31 G   -3 -6 -3 -4 -6 -5 -5  8 -5 -7 -7 -5 -6 -6 -5 -3 -5 -6 -6 -6    0   0   0   0   0   0   0 100   0   0   0   0   0   0   0   0   0   0   0   0  2.39 0.56
   32 S    2 -4 -2 -3 -2 -3 -3  1 -4 -4 -4 -3 -3 -5 -3  2  6 -5 -4 -3   21   0   0   0   1   0   0  10   0   0   0   0   0   0   0  17  51   0   0   0  0.93 0.36
   33 E   -4 -2  0  6 -6  2  3 -3  2 -5 -5 -1 -2 -6 -4 -3 -3 -6 -4 -3    0   1   2  54   0   9  22   0   5   0   0   2   1   0   0   0   1   0   0   2  1.16 0.36
   34 E    1  1 -3 -3 -2  1  0 -3  2 -1 -1  2 -1 -2 -3 -2 -1 -4 -2  3   15   9   0   0   0   6   6   0   7   1   5  15   1   2   0   0   1   0   0  31  0.27 0.18
   35 D   -5 -5 -2  8 -7 -4 -2 -5 -4 -7 -7 -4 -7 -7 -5 -4 -4 -8 -7 -7    0   0   0 100   0   0   0   0   0   0   0   0   0   0   0   0   0   0   0   0  2.62 0.63
   36 L    4 -3 -2 -4  2 -3 -2 -1  1  1  1 -2  1 -3 -3 -1 -2 -4 -2  2   45   1   1   0   4   0   1   2   5   8  14   1   3   0   0   0   0   0   1  15  0.43 0.23
   37 D    3 -1 -1  2 -3  0  3  1 -1 -3 -2  0 -1 -4 -3  0 -1 -4 -3 -2   28   3   1  10   0   1  26  10   1   0   2   5   1   0   0   5   3   0   0   2  0.35 0.18
   38 A    5 -1  1 -1 -3 -2 -1 -2 -1 -2  0 -1 -2 -4 -3  1  0 -2 -2 -2   53   3   9   3   0   1   4   1   2   1   9   3   0   0   0   7   4   1   1   1  0.47 0.25
   39 L   -2 -5 -6 -6 -4 -4 -5 -6 -5  1  6 -5  4 -2 -5 -5 -3  1 -3  1    2   0   0   0   0   0   0   0   0   3  75   0  10   0   0   0   0   2   0   7  1.18 0.37
   40 E   -1  3  0  0 -2  1  2  0 -1 -2 -1  2 -1  1 -3  0 -1 -2  0 -1    1  20   3   3   1   4  18   9   1   2   4  12   1   7   0   6   3   0   2   6  0.19 0.12
   41 H   -1  3  1  1 -3  1  2  0  0 -3 -3  3  0 -4 -3 -1  0 -4 -2 -2    3  16   7   6   0   4  16   6   3   0   1  23   3   0   0   3   6   0   1   1  0.33 0.16
   42 M   -2 -3 -4 -5  5 -4 -4 -5 -2 -1  2 -4  4 -2 -4 -2  2  6 -3  2    1   1   0   0  16   0   0   0   1   1  20   0  15   0   0   1  17  11   0  15  0.73 0.28
   43 F   -5 -6 -6 -7  4 -6 -6 -6 -4 -3  1 -6 -3  8 -7 -5 -5 -2  0 -3    0   0   0   0  10   0   0   0   0   0  12   0   0  78   0   0   0   0   1   0  2.03 0.52
   44 R   -2  4 -1 -1 -2  3  0  0  0 -3 -3  3  2 -4 -3  1  0 -4 -3 -3    1  23   1   2   1  17   4   6   1   1   1  20   7   0   0  11   4   0   0   0  0.44 0.21
   45 Q    1  0  2  0 -2  3  1 -2  3 -3 -2  2 -2 -3 -3  1  0  2 -1 -3   11   2  12   4   1  16   6   1   7   0   4  14   0   0   0  10   6   3   2   0  0.26 0.15
   46 L   -4 -5 -6 -6  5 -5 -6 -6 -5  0  6 -5  0 -1 -6 -5 -4 -4 -2 -2    0   0   0   0  11   0   0   0   0   1  83   0   1   2   0   0   0   0   1   0  1.43 0.43
   47 R   -3  0 -1 -2 -5  2 -2  5  5 -6 -5  2 -4 -5 -4 -2 -3 -5 -3 -5    0   5   1   2   0   9   1  52  16   0   0  14   0   0   0   1   0   0   0   0  1.01 0.33
   48 F   -5 -6 -6 -6 -5 -6 -6 -6 -3 -3 -3 -6 -3  8 -7 -3 -5 -2  6 -4    0   0   0   0   0   0   0   0   0   0   0   0   0  71   0   2   0   0  26   0  2.19 0.54
   49 E   -3  0  0  2 -6  1  6 -4 -2 -4 -5  2 -3 -5 -3 -1 -1 -5 -4 -5    0   3   3  11   0   6  56   0   0   1   0  14   0   0   0   2   4   0   0   0  1.00 0.34
   50 S   -2 -3 -1 -4 -2 -2 -3 -4  0  2 -2 -3 -2 -3 -3  1  2 -4 -1  5    1   1   3   0   1   1   1   0   3  11   0   0   0   0   1  14  13   0   2  49  0.55 0.26
   51 T   -1  2 -1 -2 -3 -1  0 -3  1 -1 -2  0 -1 -2 -2  0  4 -4 -3  1    5  12   2   0   0   2   6   0   5   2   1   6   1   2   1   3  39   0   0  13  0.39 0.22
   52 M   -2 -3  1 -2 -2 -2  1 -4  1  1  1 -3  3 -1 -1 -1 -1 -4 -2  3    1   0   8   1   1   0  11   0   5   8  15   0   9   1   3   5   2   0   1  29  0.24 0.16
   53 K   -2  2 -1 -3  4 -1 -1 -4  4 -3 -1  3 -2  1 -4 -2 -3 -1  4 -2    2  11   3   0  12   2   2   0  10   1   7  24   0   6   0   0   0   1  18   2  0.50 0.23
   54 R   -3  3  5 -1 -1 -1 -2 -3  3  1 -2  1  1 -4 -3 -1  1 -5 -3 -2    0  20  32   1   2   1   1   0   7   9   2   9   5   0   0   2   8   0   0   1  0.52 0.25
   55 D   -5 -5  3  8 -7 -3 -2 -4 -4 -6 -7 -4 -6 -7 -5 -3 -4 -7 -4 -6    0   0  11  88   0   0   0   0   0   0   0   0   0   0   0   0   0   0   1   0  2.21 0.56
   56 P   -3 -1 -4 -4  3  3 -3 -5 -3 -2  3 -2 -2 -2  6 -2 -3 -5 -3 -3    1   4   0   0   8  17   0   0   0   1  28   1   0   1  37   1   0   0   1   0  0.91 0.33
   57 T   -2 -3  0  1 -2 -3 -1 -4 -4 -4 -4 -2 -4 -5 -3  2  6 -5 -4 -3    0   1   4   7   1   0   3   0   0   0   0   1   0   0   1  14  67   0   0   1  1.15 0.42
   58 A    5  1 -4 -4  6 -3 -2 -1 -4 -3 -3  0 -3 -5 -4 -2 -3 -5 -4  0   53   7   0   0  20   0   2   4   0   0   1   7   0   0   0   0   0   0   0   6  0.86 0.33
   59 E    0  0 -1  0 -5  6  3 -3 -2 -4 -4  3  1 -5 -3 -1 -2 -5 -4 -4    6   2   1   3   0  38  22   1   0   0   0  18   5   0   0   2   1   0   0   0  0.81 0.32
   60 Q    0 -1 -1  1 -5  5  5 -1 -2 -5 -5  1 -4 -5 -3 -2 -2 -5 -4 -3    8   1   1   6   0  28  41   4   0   0   0   9   0   0   0   0   1   0   0   1  0.88 0.33
   61 F   -4 -5 -5 -6 -4 -4 -5 -6 -5  4  1 -5  7  5 -5 -5 -3 -3 -2 -1    0   0   0   0   0   0   0   0   0  31   9   0  33  28   0   0   0   0   0   0  1.26 0.40
   62 Q   -3  2 -3 -3  3  5  0 -4  0 -1  1  0  0 -1 -4 -2 -2  1  0  0    0  12   0   0   6  32   6   0   2   2  17   5   2   3   0   0   1   2   4   5  0.41 0.22
   63 E   -1  0  1  2 -4  1  6 -2 -1 -5 -4  2 -4 -5 -2 -1 -2 -4 -4 -4    5   3   6   9   0   5  54   3   1   0   1  11   0   0   1   2   1   0   0   1  0.80 0.30
   64 E   -1 -2 -3 -1 -3  0  3 -4 -2  1  2  2 -1 -2 -3 -2  0 -4 -3  0    5   0   0   1   0   3  26   0   0   7  24  16   1   1   0   0   6   0   0   7  0.29 0.19
   65 L   -4 -5 -6 -6 -4 -4 -5 -6 -5  1  5 -5  4 -2 -5 -5 -3 -4 -3  1    0   0   0   0   0   0   0   0   0   7  73   0  11   0   0   0   0   0   0  10  1.20 0.37
   66 E    0  1  1  1 -2  2  3 -2  1 -3 -3  3 -3 -4 -3 -1  1 -4  0 -2    8   7   6   8   1  10  19   1   4   0   0  21   0   0   0   1   9   0   3   2  0.34 0.16
   67 K   -1  1  2 -1 -4  3  1 -3 -1  0 -3  3 -2 -3 -3  2  0 -4 -2 -3    2   8  14   2   0  15   8   0   1   7   2  19   0   1   0  16   4   0   1   0  0.33 0.18
   68 F    0 -5 -5 -5 -4 -4 -5 -5 -3 -1 -2 -5 -2  7 -5 -4 -3 -2  4  3   11   0   0   0   0   0   0   0   0   1   1   0   0  52   0   0   0   0  14  21  1.21 0.38
   69 Q    1  5 -2 -3 -4  4 -2 -3 -3 -5 -5 -1 -3 -5 -4  4 -2 -5 -4 -4   12  30   0   0   0  23   0   0   0   0   0   0   0   0   0  34   0   0   0   0  0.90 0.36
   70 Q   -3  1  0  2  2  4  3 -3  0 -5 -4  3 -3 -5 -3 -1 -3 -5 -3 -4    0   4   2  13   5  22  24   1   2   0   1  22   0   0   0   4   0   0   0   0  0.68 0.27
   71 A    1  0 -1  0 -3  1  4  0 -2 -2 -1  1  0 -3 -3 -1 -1 -2 -3 -2   12   5   1   5   0   6  33   8   0   2   8   9   3   0   0   1   4   0   0   2  0.28 0.16
   72 I   -3 -3  0  6 -4 -2 -2 -4 -4  2  1 -3  2 -3  1 -3 -3 -5 -4 -2    1   1   4  45   0   1   0   0   0  15  18   0   6   0   8   0   0   0   0   0  0.74 0.29
   73 D   -1 -3  3  5 -6 -2 -1 -4  9 -6 -6 -3 -5 -5 -5 -3 -3 -6 -2 -5    4   0  12  29   0   0   3   0  51   0   0   0   0   0   0   0   0   0   0   0  1.65 0.47
   74 S    1 -1  1 -1 -2  0  1  0  3 -4 -4  1 -3 -4 -1  3  1 -4 -3 -3   10   2   5   1   0   3   9   7   9   0   0   8   0   0   2  33  10   0   0   0  0.38 0.20
   75 R   -2  3  3  2 -1  1 -1 -3  2  0 -3  2 -1 -3 -3  0 -2  4 -2 -3    1  21  16  13   2   4   1   1   5   7   1  14   1   0   0   5   1   6   1   1  0.37 0.18
   76 E   -1  4 -1  0 -4  0  1 -2  1 -3 -3  4  0 -4 -2  1 -1 -4 -2 -3    2  25   2   3   0   1  11   1   4   1   1  28   3   0   1  13   3   0   1   1  0.48 0.19
   77 D   -1 -1  0  5 -2 -1  1  1 -1 -2 -2 -1 -2 -2 -1  0 -1 -2 -1 -2    6   3   4  39   1   2   9  11   1   2   3   2   1   1   2   5   3   0   2   3  0.39 0.12
   78 P    0 -1  0  1 -2 -1  1 -1 -1 -1 -1 -1 -1  0  4  0 -1 -2 -1 -1    6   2   4  10   1   2  11   5   1   3   5   3   2   5  23   8   3   1   1   5  0.25 0.06
   79 V    0 -2 -2 -2  0 -1 -1 -2 -2  2  0 -1  0  1 -1 -1  0 -1 -1  4    7   2   2   2   2   2   3   3   1  11   5   2   2   6   2   3   5   1   2  38  0.18 0.08
   80 S    2 -2 -1  2 -2 -2 -1  1 -2 -3 -3 -2 -2 -3 -2  4 -1 -3 -3 -1   15   1   1  12   0   1   1   8   0   1   2   1   0   1   1  48   1   0   1   5  0.51 0.21
   81 C   -3 -6 -5 -6 11 -5 -6 -5 -6 -5 -5 -6 -5 -6 -6  3 -3 -6 -6 -4    0   0   0   0  77   0   0   0   0   0   0   0   0   0   0  23   0   0   0   0  2.85 0.65
   82 A    2 -4 -4 -5  7 -4 -4 -3 -4 -3 -2 -4 -3  6 -4 -2 -3 -3 -1 -2   23   0   0   0  24   0   0   2   0   0   1   0   0  45   0   2   0   0   0   2  1.22 0.37
   83 F    1 -4 -4 -4 -3 -3 -4 -4 -4  3  2 -4 -1  4 -4 -2 -2 -3 -1  3   13   0   0   0   0   0   0   0   0  20  21   0   0  18   0   1   0   0   0  24  0.50 0.20
   84 V   -3 -5 -5 -5  9 -5 -5 -5 -5  1 -2 -5 -3 -4 -5 -4 -3 -5 -4  5    0   0   0   0  45   0   0   0   0   5   1   0   0   0   0   0   0   0   0  45  1.70 0.44
   85 V    2 -4 -4 -5  5 -4 -4 -4 -5  3 -2 -4 -2 -1 -4 -1  1 -4 -3  4   19   0   0   0  15   0   0   0   0  15   0   0   0   3   0   2   9   0   0  37  0.67 0.27
   86 L   -4 -5 -6 -6 -4 -5 -5 -6 -5  4  5 -5  1  0 -5 -5 -3 -4 -3  0    0   0   0   0   0   0   0   0   0  23  71   0   2   3   0   0   0   0   0   2  1.21 0.37
   87 M   -4 -5 -6 -6 -4 -4 -5 -6 -5 -1  5 -5  8  0 -6 -5 -4 -4 -4 -2    0   0   0   0   0   0   0   0   0   0  58   0  39   3   0   0   0   0   0   0  1.56 0.46
   88 A    3 -4 -3 -3 -3 -3 -3 -3 -4 -5 -5 -3 -4 -5 -4  6 -1 -6 -5 -4   29   0   0   0   0   0   0   0   0   0   0   0   0   0   0  70   1   0   0   0  1.35 0.47
   89 H   -5 -4 -3 -5 -7 -3 -4 -6 11 -7 -7 -4 -5 -5 -6 -5 -5 -6 -2 -7    0   0   0   0   0   0   0   0 100   0   0   0   0   0   0   0   0   0   0   0  3.59 0.78
   90 G   -3 -5 -3 -4 -6 -5 -5  7 -5 -7 -7 -5 -6 -6 -5 -3 -5 -6 -6 -6    0   0   0   0   0   0   0  99   0   0   0   0   0   0   0   1   0   0   0   0  2.36 0.56
   91 R   -3  0  0  3 -5 -1  5 -2 -2 -2 -2  1 -3 -4  2 -2 -2 -5 -1  0    0   4   3  15   0   0  40   2   0   2   4   9   0   0   9   0   0   0   2  10  0.52 0.24
   92 E   -3  0  1  0 -6  2  6 -4 -1 -6 -5  3 -4 -6 -4 -2 -3 -5 -4 -5    0   3   5   3   0   7  60   1   1   0   0  19   0   0   0   1   0   0   0   0  1.14 0.38
   93 G   -3 -5  0 -1 -6 -5 -5  7 -5 -7 -7 -4 -6 -6 -5 -3 -4 -6 -6 -6    0   0   5   4   0   0   0  91   0   0   0   0   0   0   0   0   0   0   0   0  2.03 0.51
   94 F   -1 -1 -3 -3 -1  1 -2  0 -1  2  2 -1  1  3 -3 -1 -1 -1  1  1    2   3   0   0   1  10   0   8   1  18  18   3   2  14   0   3   2   0   3   9  0.17 0.12
   95 L   -3 -5 -5 -6 -4 -5 -5 -6 -5  6  3 -5 -1 -1 -5 -4 -3 -5 -3  2    0   0   0   0   0   0   0   0   0  59  27   0   0   2   0   1   0   0   0  11  1.16 0.36
   96 K   -4 -2 -4 -4 -5 -1 -1 -5 -2 -3  0  3 -2  3 -5 -4 -4 -1  7 -3    0   1   0   0   0   2   4   0   0   1   8  24   1  10   0   0   0   0  49   1  1.14 0.39
   97 G   -2 -5 -3 -4 -5 -5 -5  7 -5 -4 -6 -4  2 -6 -5 -3 -2 -5 -6 -5    1   0   0   0   0   0   0  90   0   1   0   0   6   0   0   0   2   0   0   0  1.96 0.50
   98 E    1 -1 -1 -2 -1  0  2 -3 -3 -1 -3  1 -2 -4 -3  0  4 -4 -3  2   10   1   1   0   1   3  14   0   0   1   0  12   0   0   0   5  33   0   0  19  0.42 0.23
   99 D   -5 -5  2  8 -6 -3 -1 -4 -4 -6 -5 -4 -6 -7 -5 -3 -4 -7 -6 -6    0   0   7  91   0   0   0   0   0   0   1   0   0   0   0   1   0   0   0   0  2.24 0.56
  100 G   -2 -4 -1 -1 -5 -3  0  7  0 -6 -6 -3 -5 -5 -4 -2 -4 -5 -5 -5    2   0   3   3   0   0   8  78   3   0   0   1   0   0   0   1   0   0   0   0  1.49 0.39
  101 E   -1  1  0  0 -2  4  2 -2 -1 -3 -3  3 -2 -3 -1 -1 -1 -3 -2 -1    4   6   3   5   1  26  16   2   1   1   1  20   1   1   3   1   2   0   1   4  0.42 0.17
  102 M   -2  0 -3 -2 -4 -1  3 -4  0 -2  1  0  5  1  2 -1  0 -1 -2 -1    1   6   0   0   0   0  25   0   3   0  11   4  23   6  12   2   6   1   0   2  0.42 0.23
  103 V    0 -3 -4 -4 -2 -3 -4 -3 -4  2  2 -3  0 -2 -2 -3 -1 -4 -3  5    6   1   0   1   0   0   1   2   0   9  17   1   1   0   1   1   2   0   0  57  0.70 0.25
  104 K    0  1  1  2 -4  3  2 -3 -2 -4 -3  1 -2 -5  4  1 -2 -5 -4 -4    6   6   6  10   0  18  14   0   0   0   1   7   1   0  20  11   0   0   0   0  0.54 0.22
  105 L   -3 -4 -5 -5 -3 -3 -5 -6 -5  4  5 -4  0 -1  1 -3 -3 -4 -3  0    0   0   0   0   0   1   0   0   0  31  56   0   0   1   7   1   0   0   0   3  0.94 0.32
  106 E   -3  1 -2  1 -4  4  4 -4 -2 -5 -5  4 -4 -4 -3 -1 -3 -4  1 -4    0   4   0   8   0  17  29   0   0   0   0  31   0   0   0   2   0   0   5   0  0.77 0.31
  107 N    0  0  1  4 -4 -1  4 -3 -2 -2 -3  1  1 -4 -3 -1 -1 -5 -4 -2    8   3   7  26   0   0  31   1   0   2   1   8   4   0   0   2   3   0   0   3  0.54 0.23
  108 L   -2 -5 -6 -6 -3 -4 -5 -6 -5  3  5 -5  1 -2 -5 -5 -3 -4 -3  1    3   0   0   0   0   0   0   0   0  15  72   0   2   0   0   0   0   0   0   8  1.12 0.35
  109 F   -2 -4 -4 -5 -4 -4 -4 -5 -4 -2 -2 -3 -1  6 -5 -2  5 -3 -1  1    2   0   0   0   0   0   0   0   0   0   2   1   1  41   0   0  44   0   0   9  1.14 0.40
  110 E    0  2 -1 -1 -1  3  3  0 -2 -2 -3  0 -3 -4 -3  3  1 -4 -3 -2    8  10   0   1   1  14  19   5   0   2   1   2   0   0   0  24  10   0   0   2  0.36 0.20
  111 A   -1 -3 -3 -3  2 -2  1 -4  1  0  2 -3  3  2 -2  0 -2 -2  2  1    5   0   0   0   4   0  11   0   4   1  28   0  11  10   2   6   0   0   8   9  0.26 0.17
  112 L   -5 -6 -6 -7 -5 -6 -6 -6 -4 -2  3 -6 -1  8 -6 -5 -5 -2  0 -3    0   0   0   0   0   0   0   0   0   0  26   0   1  72   0   0   0   0   0   0  1.88 0.49
  113 N   -3  4  5  2 -4 -2 -2 -3 -2 -4 -5  0 -4 -5 -4  1  2 -5 -4 -4    0  29  28  10   0   0   0   0   0   1   0   4   0   0   0  12  16   0   0   0  0.76 0.30
  114 N   -2 -3  6 -2 -4 -3 -3  5 -3 -5 -5 -3 -4 -4 -4 -2 -3 -4 -4 -4    2   0  40   1   0   0   1  49   0   0   1   1   0   0   0   1   1   0   0   1  1.26 0.35
  115 K    1  0  0  4 -3  1  0 -2 -2 -3 -2  3 -1 -4 -2  0 -2 -4 -3 -3   12   4   2  32   0   6   4   1   1   1   3  22   1   0   0   8   1   0   1   1  0.44 0.19
  116 N   -3  3  6 -2  2  0 -2 -3  1 -5 -4  2 -1 -4 -4 -1 -2 -5  0 -4    0  18  49   0   4   2   0   0   4   0   1  13   2   0   0   2   1   0   4   1  0.96 0.35
  117 C   -2 -7 -6 -7 12 -7 -7 -6 -7 -5 -5 -7 -5 -6 -7 -4 -5 -6 -6 -4    2   0   0   0  97   0   0   0   0   0   0   0   0   0   0   1   0   0   0   0  3.75 0.76
  118 Q   -2  4 -2 -3 -5  2 -2 -3  0 -4 -3  3 -3 -5  5 -2 -3 -3 -3 -4    3  26   2   0   0   9   1   2   2   0   3  18   0   0  33   1   0   0   0   0  0.92 0.31
  119 A    3 -3  1 -3 -3 -2 -3 -2 -3 -4 -4 -1 -3 -4 -1  4  2 -5 -3 -2   32   0   6   0   0   0   0   1   0   0   0   2   0   0   2  42  12   0   0   1  0.72 0.31
  120 L   -4 -5 -6 -7  0 -5 -6 -7 -6 -1  6 -5 -1 -2 -6 -5 -4 -5 -4 -2    0   0   0   0   2   0   0   0   0   0  98   0   0   0   0   0   0   0   0   0  1.73 0.49
  121 R    2  3 -2 -3 -2  4 -2 -3 -1  0  0 -1 -2 -4 -3 -2  0 -2 -3  1   22  22   0   0   0  22   0   1   1   4   8   1   0   0   0   0   6   1   0  11  0.38 0.22
  122 A    0 -4  2 -2 -5 -3  2  6 -4 -6 -6 -3 -5 -5 -2 -2 -3 -5 -5 -5    9   0  11   1   0   0  17  61   0   0   0   0   0   0   2   0   0   0   0   0  1.14 0.36
  123 K   -4  1 -3 -4  2 -2 -2 -5 -1 -6 -5  7 -4 -6 -4 -2 -4 -6 -5 -5    0   5   0   0   4   0   0   0   1   0   0  88   0   0   0   2   0   0   0   0  1.80 0.53
  124 P   -4 -2 -6 -5 -6 -5 -5 -6 -6 -6 -6 -4 -6 -7  9 -4 -5 -7 -7 -6    0   2   0   0   0   0   0   0   0   0   0   0   0   0  98   0   0   0   0   0  3.10 0.68
  125 K   -4 -1 -3 -4 -6 -2 -2 -5 -4 -6 -6  8 -5 -7 -4 -3 -4 -6 -5 -6    0   0   0   0   0   0   0   0   0   0   0 100   0   0   0   0   0   0   0   0  2.27 0.62
  126 V   -3 -4 -5 -5 -3 -4 -5 -6 -5  4  3 -4  4 -2 -5 -4 -3 -4 -3  4    0   0   0   0   0   0   0   0   0  25  35   0  10   0   0   0   0   0   0  30  0.90 0.30
  127 Y   -5 -6 -6 -7 -6 -6 -6 -6 -4 -3 -3 -6 -3  9 -7 -6 -5 -2  4 -4    0   0   0   0   0   0   0   0   0   0   0   0   0  87   0   0   0   0  13   0  2.50 0.59
  128 I   -4 -5 -6 -6 -4 -6 -6 -6 -5  5  1 -5 -1  7 -6 -5 -4 -3 -1  0    0   0   0   0   0   0   0   0   0  36  10   0   0  51   0   0   0   0   0   3  1.40 0.41
  129 I   -4 -6 -6 -6 -4 -5 -6 -6 -6  7  1 -5 -1 -2 -5 -5 -3 -5 -4  3    0   0   0   0   0   0   0   0   0  74   9   0   0   1   0   0   0   0   0  15  1.48 0.42
  130 Q   -4 -2 -4 -4 -7  9 -1 -5 -3 -7 -6 -2 -4 -7 -5 -4 -4 -6 -5 -6    0   0   0   0   0 100   0   0   0   0   0   0   0   0   0   0   0   0   0   0  2.72 0.72
  131 A    7 -5 -5 -5 -3 -4 -4 -3 -5 -4 -5 -4 -4 -5 -4 -1 -3 -6 -5 -3   99   0   0   0   0   0   0   0   0   0   0   0   0   0   0   1   0   0   0   0  1.88 0.56
  132 C   -4 -7 -7 -7 12 -7 -8 -6 -7 -5 -5 -7 -5 -6 -7 -4 -5 -6 -6 -5    0   0   0   0  99   0   0   0   0   0   0   0   0   0   0   1   0   0   0   0  3.92 0.78
  133 R   -4  8 -3 -4 -7  4 -3 -5 -3 -6 -5 -1 -4 -6 -5 -4 -4 -6 -5 -6    0  82   0   0   0  18   0   0   0   0   0   0   0   0   0   0   0   0   0   0  2.06 0.56
  134 G   -3 -6 -3 -4 -6 -5 -5  8 -5 -7 -7 -5 -6 -6 -5 -3 -5 -6 -6 -6    0   0   0   0   0   0   0 100   0   0   0   0   0   0   0   0   0   0   0   0  2.39 0.57
  135 E   -2 -2 -1  4 -3 -2  3  1 -2 -4 -5 -2 -4 -5 -3  1  3 -5 -4 -3    0   0   1  27   0   0  25  11   1   0   0   0   0   0   0  12  21   0   0   0  0.68 0.28
  136 Q    0  1  2  1 -5  2  4 -3  4 -4 -4  2 -3 -5 -3 -2 -2 -5 -3 -3    7   9  11   6   0   9  35   0  10   0   1  10   0   0   0   0   1   0   0   2  0.60 0.24
  137 R   -3  4 -3 -4  1 -2 -2 -2 -3 -2  2  1 -1  3 -4 -2  1 -3  2 -2    0  31   0   0   4   0   1   3   0   0  25   6   0  12   0   1  10   0   6   0  0.46 0.23
  138 D   -5 -4 -2  8 -7  3 -1 -4  2 -6 -7 -3 -6 -6 -5 -3 -4 -7 -5 -6    0   0   0  83   0  12   0   0   5   0   0   0   0   0   0   0   0   0   0   0  2.03 0.54
  139 P    0  2 -1  2  3 -1  0 -1  0 -3 -2  2 -3 -4  3  1 -1 -4 -3 -3    7  11   2  12   9   1   3   4   2   1   5  13   0   0  18  12   1   0   0   0  0.33 0.16
  140 G   -1 -5 -3 -4 -6 -5 -5  7 -5 -7 -7 -5 -6 -6 -4 -3 -5 -6 -6 -6    3   0   0   0   0   0   0  96   0   0   0   0   0   0   1   0   0   0   0   0  2.23 0.54
  141 E   -2 -3 -4 -3 -4  0  4 -5 -4  3 -2 -3  0 -3 -4 -3 -2 -5 -4  5    1   0   0   0   0   3  32   0   0  19   1   1   2   0   0   1   0   0   0  42  0.77 0.32
  142 T    0 -2 -2 -1 -2  2  3  0 -2 -2 -2 -2 -2 -3 -1  1  4 -2 -3 -1    6   1   0   1   0  11  19   8   0   2   2   0   0   0   3  10  30   1   0   5  0.35 0.20
  143 V    0 -3 -2  3 -3 -1 -2 -3 -4  1 -2 -2  0 -3  3 -1  2 -5 -3  3    9   0   0  18   0   2   0   0   0   5   2   1   2   0  18   1  15   0   0  26  0.44 0.21
  144 G    0 -1 -1  3 -2 -1  2  3 -2 -4 -4  0 -3 -2 -2  2  0 -4 -3 -3    5   3   0  22   1   1  12  22   0   0   0   4   0   2   1  20   7   0   0   1  0.42 0.19
  145 G    1 -3 -1  2  3 -2  0  4 -2 -4 -4 -2 -3 -4 -2  2  1 -4 -3 -3   12   1   0  14   9   1   5  31   0   0   0   0   0   0   1  16   9   0   1   1  0.48 0.20
  146 D   -1 -3 -1  4 -4 -1  4  2 -2 -2 -1 -2 -3 -2 -1  0 -1 -4 -4 -2    4   0   1  26   0   0  28  15   0   2   9   0   0   1   2   4   4   0   0   2  0.44 0.21
  147 E   -1 -2 -1  2 -4  2  3 -2 -2 -4 -4 -1 -3 -2  4  2 -1 -5 -4 -3    3   1   1  12   0   9  27   1   0   0   0   1   0   2  23  15   2   0   0   1  0.63 0.25
  148 I   -2 -3  0  3 -3 -2  1 -3 -2  1 -1 -2  2 -3  0  1  0  5 -2  1    1   0   3  20   0   0  11   1   0  12   2   0   8   0   4  13   4  10   0  10  0.30 0.18
  149 V   -1 -1  0  4 -1 -1  1 -1 -1 -1 -1 -2  1  0 -1  1 -1 -3  1  0    4   2   2  29   1   2  11   3   1   1   5   0   4   4   2  11   2   0   6  10  0.22 0.14
  150 M    1  0 -2  1 -2 -1  1 -3 -1 -2 -1 -1  5 -2 -3  1  0  3 -2 -1   12   5   1   8   1   1   8   1   2   1   3   1  26   1   0  14   4   5   0   4  0.30 0.20
  151 V    0  1  1  2  0 -1 -1 -1 -2  1  0 -1  0 -2 -2  0  1 -3 -2  1    7   9   7  15   2   1   2   3   0  12   9   1   2   1   1   4  10   0   1  13  0.08 0.08
  152 I    0 -2 -1  4  4 -1  2 -3 -3 -2 -3  1 -1 -3 -3  0  0  5 -3 -2    7   1   1  24  10   0  18   0   0   2   1  10   2   0   0   5   7  10   0   2  0.46 0.20
  153 K    1 -1 -1  0 -2  0  1  0 -2 -1  0  1  0 -2 -1  1  1 -3 -1 -1   13   2   1   5   0   3  11   6   0   4  12  13   2   0   3   9  11   0   2   3  0.08 0.06
  154 D   -2  1  2  4 -1  0  2 -2 -1 -2 -2 -1 -2 -1 -2  1 -1  0 -2 -3    1   7  12  27   1   3  16   1   0   2   3   2   1   2   1  14   2   1   1   1  0.38 0.16
  155 S    2 -1  1 -1 -2  1  1 -1  0 -2 -2 -1 -1 -3  2  1  0 -3 -2 -2   25   3  10   1   0   7  10   4   2   1   4   2   1   0  10  14   4   0   1   2  0.22 0.12
  156 P   -2  3 -2 -2  0  0 -1 -2  0 -2 -1  2 -1 -2  5 -1  0 -3 -2 -2    2  18   1   1   2   3   2   2   2   2   5  16   1   1  28   3   5   0   1   2  0.48 0.17
  157 Q   -2  1 -2  0  0  4  0 -4  4 -4 -4  2  0 -2  3 -2 -2 -3  2 -3    0   8   1   5   2  25   4   0  10   0   0  15   3   2  14   1   2   0   7   0  0.51 0.23
  158 T    0  4 -2 -3  3 -1 -2 -3 -3 -4 -3  4 -3 -4 -3  0  2 -4  0 -3    6  29   0   0   7   0   0   1   0   0   1  29   0   0   0   5  17   0   5   0  0.66 0.28
  159 I   -4 -5 -6 -6 -4 -5 -6 -6 -6  7  3 -5  0 -2 -5 -5 -1 -5 -4  1    0   0   0   0   0   0   0   0   0  70  24   0   1   0   0   0   3   0   0   3  1.37 0.41
  160 P   -4 -6 -5 -5 -6 -5 -5 -6  0 -6 -6 -4 -6 -7  9 -4 -5 -7 -6 -6    0   0   0   0   0   0   0   0   3   0   0   0   0   0  97   0   0   0   0   0  3.09 0.68
  161 T    0 -4 -2  1 -3 -3 -3 -4 -4 -1 -3 -3 -2 -4 -4  1  5 -5 -4  4    5   0   0  10   0   0   0   0   0   0   0   0   0   0   0  10  43   0   0  31  0.76 0.33
  162 Y   -2  0 -3 -2  2  2  5 -4  3 -4 -4 -2 -4  2 -4 -2 -3 -3  4 -4    2   5   0   1   6   7  46   0   7   0   0   0   0   9   0   1   1   0  16   0  0.83 0.33
  163 T    5 -4 -3 -4 -3 -3 -3 -2 -4 -4 -4 -3 -3 -5 -3  3  3 -5 -4 -3   59   0   0   0   0   0   0   1   0   0   0   0   0   0   0  24  16   0   0   0  1.04 0.39
  164 D   -5 -5 -2  8 -7 -4 -2 -5 -4 -7 -7 -4 -7 -7 -5 -4 -4 -8 -7 -7    0   0   0 100   0   0   0   0   0   0   0   0   0   0   0   0   0   0   0   0  2.62 0.63
  165 A    0 -5 -5 -5 -4 -4 -5 -5 -3  2 -2 -5  4  7 -5 -2 -1 -2  4 -1    8   0   0   0   0   0   0   0   0  12   0   0  11  49   0   2   4   0  11   3  1.04 0.34
  166 L   -4 -5 -6 -6 -4 -5 -5 -6 -5  2  6 -5  0  2 -5 -5 -4 -4  0 -1    0   0   0   0   0   0   0   0   0  11  76   0   0   9   0   0   0   0   3   1  1.21 0.37
  167 H   -3 -3 -3 -4  4 -1 -4 -5  5  2  1 -4  0  3 -4 -3 -1 -2  5 -1    0   0   0   0  10   3   0   0  17  13  14   0   2  11   0   0   4   0  20   3  0.62 0.25
  168 V    3 -4 -4 -4 -1 -4 -4  3 -4  3 -2 -4 -2 -4 -4 -2 -2 -5 -4  3   33   0   0   0   1   0   0  27   0  16   0   0   0   0   0   0   0   0   0  23  0.66 0.28
  169 Y   -5 -5 -5 -7 -6 -5 -5 -6 -1 -4 -3 -5  5  1 -6 -5 -5 -1  9 -4    0   0   0   0   0   0   0   0   1   0   0   0  17   3   0   0   0   0  79   0  2.44 0.62
  170 S    4 -4 -3 -3 -3 -3 -3 -3 -4 -5 -5 -3 -4 -5  2  5 -1 -5 -4 -4   38   0   0   0   0   0   0   0   0   0   0   0   0   0   8  53   1   0   0   0  1.10 0.41
  171 T    0 -4 -3 -3  5 -4 -4 -4 -5 -4 -4 -4 -4 -5 -1 -1  7 -5 -5 -2    8   0   0   1  10   0   0   0   0   0   0   0   0   0   2   1  76   0   0   1  1.49 0.49
  172 V    3 -3 -4 -4 -3  2 -3 -4 -3  0  2 -3  0 -3 -4 -2 -2 -4 -3  4   28   1   0   0   0  11   0   0   0   1  18   0   2   0   0   0   1   0   0  39  0.58 0.28
  173 E    0 -1  0 -1 -5  2  3 -3 -3 -5 -5  2 -4 -5  6 -2 -3 -5 -4 -4    6   2   4   2   0   7  26   0   0   0   0  13   0   0  38   1   0   0   0   0  1.00 0.32
  174 G   -2 -5  1  4 -5 -4 -3  6 -4 -6 -6 -4 -5 -6 -5 -2 -4 -6 -4 -6    1   0   5  21   0   0   0  72   0   0   0   0   0   0   0   1   0   0   0   0  1.57 0.43
  175 Y   -4 -5 -4 -6  5 -4 -5 -6  5 -4 -4 -5 -4  1 -6 -4  1 -1  8 -4    0   0   0   0  12   0   0   0  11   0   0   0   0   4   0   0  10   0  61   0  1.77 0.50
  176 I    0 -4 -4 -5 -3 -4 -2 -5 -2  2 -1 -4 -2  0 -4 -3 -1 -2  6  4   10   0   0   0   0   0   3   0   0  11   4   0   0   3   0   0   2   0  30  37  0.77 0.30
  177 A    4 -4 -3 -3  1 -3 -3 -3 -4 -5 -5 -3 -4 -5 -3  6 -2 -5 -4 -4   38   0   0   0   3   0   0   0   0   0   0   0   0   0   0  59   0   0   0   0  1.23 0.45
  178 Y   -5 -5 -6 -7 -5 -5 -5 -6 -3 -3  0 -5  4  0 -6 -5 -5  9  7 -3    0   0   0   0   0   0   0   0   0   0  10   0  10   2   0   0   0  33  43   1  2.06 0.52
  179 R   -5  8 -4 -5 -7 -2 -3 -6 -4 -7 -6 -1 -5 -6 -6 -4 -4 -6 -5 -6    0 100   0   0   0   0   0   0   0   0   0   0   0   0   0   0   0   0   0   0  2.57 0.64
  180 H   -3 -3  6  1  1 -2 -2 -3  6 -5 -5 -2 -4 -4 -4  1 -2 -5 -3 -4    1   0  49   7   3   1   1   1  23   0   1   0   0   0   0  12   0   0   0   0  1.19 0.36
  181 D   -2 -3 -2  4 -4 -2  0 -4 -4 -2 -4 -3 -4 -5  5  2  3 -6 -5 -3    1   1   0  22   0   0   5   0   0   2   0   0   0   0  33  15  20   0   0   1  0.91 0.32
  182 Q   -1  2 -2 -1 -3  2  2  1 -1 -4 -2  4  0 -4 -3  0 -1 -3 -3 -2    5  13   0   2   0   7  16  13   1   0   3  28   3   0   0   4   2   0   0   2  0.38 0.18
  183 K   -2  3  1  3 -2  1  2 -3  0 -4 -4  3 -1 -4 -3 -1  1 -4 -3 -3    0  20   6  16   1   5  16   0   2   0   0  19   2   0   0   2  11   0   0   0  0.50 0.21
  184 G   -3 -6 -3 -4 -6 -5 -5  8 -5 -7 -7 -5 -6 -6 -5 -3 -5 -6 -6 -6    0   0   0   0   0   0   0 100   0   0   0   0   0   0   0   0   0   0   0   0  2.39 0.57
  185 S   -2 -4 -2 -3 -4 -3 -3 -3 -4 -5 -5 -3 -4 -5 -4  7  2 -6 -5 -4    0   0   0   0   0   0   0   0   0   0   0   0   0   0   0  87  13   0   0   0  1.68 0.55
  186 C   -4 -2 -5  1  4 -5 -5 -3 -5 -4 -4 -5 -4 -1 -6 -4 -4 11  0  1    0   3   0  10   9   0   0   2   0   1   0   0   0   2   0   1   0  59   2  11  2.32 0.55
  187 F   -5 -5 -6 -6 -5 -5 -6 -6 -3 -2 -2 -5  4  8 -6 -5 -5 -2  6 -3    0   0   0   0   0   0   0   0   0   1   2   0  11  59   0   0   0   0  27   0  1.86 0.49
  188 I   -4 -6 -6 -6 -4 -5 -6 -7 -6  7 -1 -5  0 -3 -6 -5 -3 -5 -4  3    0   0   0   0   0   0   0   0   0  79   0   0   2   0   0   0   0   0   0  19  1.70 0.47
  189 Q   -4 -1 -3 -3 -6  8  3 -5 -3 -6 -5 -1 -4 -6 -4 -2 -4 -5 -5 -5    0   2   0   0   0  78  18   0   0   0   0   2   0   0   0   1   0   0   0   0  1.95 0.57
  190 T    4 -3 -3 -3  1 -3 -2 -3 -4 -3 -4 -3 -2 -4 -3  3  4 -5 -4 -3   42   0   0   0   3   0   1   0   0   1   0   0   1   0   0  28  25   0   0   0  0.83 0.34
  191 L   -4 -5 -6 -6 -4 -5 -6 -6 -5  0  6 -5  4 -2 -6 -5 -4 -4 -4 -1    0   0   0   0   0   0   0   0   0   2  86   0  10   0   0   0   0   0   0   1  1.50 0.44
  192 V   -1 -4 -3 -1  9 -5 -5 -5 -5 -2 -3 -5 -3 -5 -5 -2  3 -5 -3  3    3   0   1   4  49   0   0   0   0   0   0   0   0   0   0   2  17   0   1  22  1.48 0.43
  193 D    0 -1  1  3 -4  3  4 -3 -2 -4 -4  0 -3 -5 -3  2 -1 -5 -3 -3    9   2   5  18   0  15  28   0   0   0   1   5   0   0   0  15   2   0   0   1  0.55 0.23
  194 V   -2 -3 -3 -5 -3 -3 -4 -5  3  1 -1 -4  4 -3 -5 -1 -2 -5 -3  6    0   1   1   0   0   0   0   0   7   6   3   0  14   0   0   5   1   0   0  61  0.95 0.35
  195 F   -4 -5 -6 -6 -4 -5 -6 -6 -5 -1  5 -5  0  6 -6 -5 -4 -3 -1 -2    0   0   0   0   0   0   0   0   0   1  59   0   1  39   0   0   0   0   0   0  1.41 0.42
  196 T    0  3  2 -1  4  0  0 -3 -1 -2 -3  3 -2 -4 -3  1  2 -4 -3 -3    8  17  10   2  11   4   3   0   1   3   1  19   1   0   0   8  13   0   0   0  0.35 0.18
  197 K    0  0  1  0 -5  3  5 -3 -1 -5 -4  1 -3 -5  2 -1 -2 -5 -4 -4   10   4   6   4   0  15  40   0   1   0   0   8   0   0  10   2   0   0   0   0  0.68 0.27
  198 R   -3  5  2  0 -5  0 -2 -4  6 -4 -3  2 -2 -4 -1 -2 -3 -3  0 -5    0  33  10   5   0   2   0   0  26   0   3  12   1   0   4   0   1   0   3   0  0.86 0.31
  199 K    0  1  0 -1 -4  0  1  3  0 -4 -4  4 -3 -5 -1 -1 -1 -5 -4 -4    6   8   3   2   0   4   7  25   2   0   0  35   0   0   3   2   2   0   0   0  0.52 0.22
  200 G   -2 -1 -3  0  1 -2  1  3 -3 -2  2  1  0 -3 -4 -2 -1  6 -3 -2    1   2   0   5   4   0   9  25   0   0  25  10   2   0   0   0   5  11   0   1  0.37 0.20
  201 H   -4 -3 -1  5 -6 -1  4 -4  6 -6 -6 -2 -5 -5  2 -1 -3 -6 -3 -5    0   0   1  33   0   1  27   0  24   0   0   0   0   0  10   4   0   0   0   0  1.14 0.37
  202 I   -3 -5 -5 -6 -3 -5 -5 -6 -5  6  3 -5 -1  1 -5 -4 -3 -4 -3  2    0   0   0   0   0   0   0   0   0  55  25   0   0   5   0   0   0   0   0  14  1.07 0.33
  203 L    2 -4 -5 -5 -3 -2 -4 -3 -4  1  4 -4  6 -2 -4 -3 -2 -1 -3 -1   18   0   0   0   0   1   0   1   0   4  42   0  28   0   0   0   2   1   0   2  0.82 0.32
  204 E   -3 -2 -1  4 -5  4  4 -4  3 -5 -5 -1 -3 -5 -3 -1  2 -5 -3 -4    0   0   0  23   0  23  25   0   9   0   0   1   0   0   0   2  17   0   0   0  0.82 0.32
  205 L   -4 -5 -5 -6 -4 -3 -5 -6 -5  5  3 -5  4  2 -5 -4 -3 -4 -3  0    0   0   0   0   0   1   0   0   0  46  32   0  11   9   0   0   0   0   0   0  1.01 0.33
  206 L   -4 -5 -6 -6 -4 -5 -5 -6 -5 -1  6 -5  4  3 -5 -5 -3 -4 -3 -1    0   0   0   0   0   0   0   0   0   0  78   0   9  12   0   0   1   0   0   1  1.30 0.40
  207 T   -3 -4 -3 -4 -4 -4 -2 -5 -5 -3 -4 -4 -4 -5 -4 -1  7 -6 -5  1    0   0   0   0   0   0   3   0   0   0   0   0   0   0   0   1  87   0   0  10  1.75 0.55
  208 E    0  5 -3 -2 -5  0  4 -4 -1 -3 -4  3 -3 -5 -4 -2 -3 -5 -4 -4    7  34   0   1   0   2  35   0   1   2   1  18   1   0   0   0   0   0   0   0  0.89 0.33
  209 V   -3 -6 -6 -6 -4 -5 -6 -6 -6  1 -2 -5 -2 -4 -5 -5 -3 -6 -4  7    0   0   0   0   0   0   0   0   0   3   0   0   0   0   0   0   0   0   0  96  1.91 0.54
  210 T   -4 -4  8 -2 -5 -3 -3 -4 -3 -4 -6 -3 -5 -6 -5 -2  3 -7 -5 -5    0   0  82   0   0   0   0   0   0   1   0   0   0   0   0   0  16   0   0   0  2.00 0.56
  211 R   -1  6  2 -1 -1  1 -2 -4  1 -5 -4  0 -3  0 -3 -2 -3 -1  3 -4    4  48  12   2   2   7   0   0   3   0   0   4   0   4   0   1   0   1  11   0  0.80 0.31
  212 R   -3  5 -1 -2 -5  2  2 -4 -2 -3  0  3  2 -4 -4 -2 -2 -4 -3 -3    0  34   3   1   0   8  16   0   0   1  11  19   6   0   0   0   0   0   0   1  0.62 0.26
  213 M   -3 -5 -5 -6 -4 -4 -5 -6 -5  3  0 -5  5 -3 -5 -4 -3 -3 -4  6    0   0   0   0   0   0   0   0   0  11   3   0  17   0   0   0   0   0   0  69  1.34 0.42
  214 A    5 -3 -3 -4  4 -2 -3 -1 -4 -3 -3  1 -3 -4 -3  2 -2 -5 -4  1   50   0   0   0  10   0   0   3   0   0   0  10   0   0   0  15   0   0   0  11  0.68 0.30
  215 E   -2  3  0  0 -4  1  4 -2  4 -3 -3  0 -1 -3 -3  0  1 -4 -1 -3    1  16   4   3   0   6  30   3  12   1   2   3   1   1   0   5  11   0   2   0  0.46 0.22
  216 A    0  2  0 -1 -1  1  1 -2  2 -2 -1  2 -1  0 -3  0  1 -3  0 -2   11  16   5   3   1   4   9   1   5   0   7  18   1   4   0   4  10   0   3   0  0.19 0.12
  217 E   -3 -3 -1  3 -4 -1  4 -3 -3 -4 -4 -2 -3  3 -3  2  0 -4  0 -2    0   0   1  19   0   0  36   0   0   0   0   0   0  15   0  16   6   0   3   3  0.65 0.29
  218 L   -1 -2 -1 -2  2 -1  2  1 -2 -1  1 -2  0  3 -2  0 -1 -2  0  1    1   0   2   1   6   2  16  11   0   1  18   0   1  14   1   6   2   0   2  15  0.14 0.12
  219 V   -1 -2  0  1  1  0 -1 -2  2  0  1 -1  1  0 -2  2 -1 -1  3  0    1   1   4   9   3   3   3   1   6   6  14   2   4   2   1  20   1   0  14   6  0.14 0.12
  220 Q    1 -1 -1  1 -2  4  0  1  0 -2 -1 -1 -1 -2  1  1 -2 -2 -2 -2   14   2   2   8   0  26   2  11   2   1   8   2   1   1   7  11   0   0   1   2  0.24 0.16
  221 E   -1  1  0  0 -2  0  2 -1  0 -3 -3  1 -2 -3  4  1  1 -4 -2 -3    3   9   4   5   1   3  17   5   2   0   1   7   1   1  21  11   9   0   1   0  0.37 0.15
  222 G   -2 -1  0  3 -4 -1  0  3 -2 -3 -3  0 -3  4 -1 -1 -2 -3 -1 -3    1   4   5  17   0   2   6  29   0   0   1   7   0  20   2   3   1   0   1   1  0.42 0.19
  223 K   -3  0  4  1 -4 -1  2 -1  4 -4 -4  2 -2 -4 -3  0  1 -5 -2 -4    0   3  22   9   0   1  15   4  13   0   0  15   1   0   0   6  12   0   1   0  0.52 0.23
  224 A    2  0 -3 -2 -4 -1  2  0 -3 -2 -1 -1  2 -4  4 -1 -2 -5 -4 -2   24   6   0   1   0   1  19   8   0   1   4   1   6   0  24   2   1   0   0   1  0.50 0.23
  225 R   -2  5 -2 -3 -2 -1  0  0 -2  0 -3  4 -2  2 -4 -3 -3  2 -2 -1    1  30   0   0   1   0   4   6   0   6   0  31   0  10   0   0   0   3   0   5  0.58 0.27
  226 K   -4 -1 -4 -4 -7 -2 -2 -5 -4 -4 -6  8 -5 -7 -4 -4 -4 -6 -5 -6    0   0   0   0   0   0   0   0   0   1   0  98   0   0   0   0   0   0   0   0  2.25 0.63
  227 T    0 -2 -3 -3 -5  7  2 -4 -3 -2 -4 -2 -2 -5 -4 -3 -2 -5 -4  3    9   0   0   0   0  52  13   0   0   1   0   0   0   0   0   0   1   0   0  23  1.06 0.42
  228 N   -3 -4  3 -4  4 -3 -4 -4 -4  4 -1 -4  6 -3 -5  0 -1 -5 -4  0    0   0  18   0   9   0   0   0   0  30   0   0  28   0   0   7   4   0   0   4  0.85 0.35
  229 P   -4 -5 -5 -5 -5 -4 -4 -5 -5 -4  2 -4 -4 -5  8  1 -4 -6 -5 -4    0   0   0   0   0   0   0   0   0   0  21   0   0   0  69  10   0   0   0   0  1.89 0.51
  230 E   -3 -3 -4 -3  8  3  5 -5 -4 -4 -4 -1 -4 -5 -4 -3 -3 -5 -5  1    0   0   0   0  33  14  37   0   0   0   0   3   0   0   0   1   0   0   0  12  1.27 0.42
  231 I   -3 -5 -5 -5 -4 -4 -5 -6 -4  5 -1 -4  4 -1  3 -4 -3 -4  3  2    0   0   0   0   0   0   0   0   0  44   1   0  13   2  14   0   0   0  10  15  0.92 0.34
  232 Q   -2  1 -3 -3  4  3  1 -4 -2 -1 -1 -2  1 -3 -3  0  1 -4 -3  3    0   8   0   0  11  15  11   0   0   1   3   0   4   0   0   8  11   0   0  28  0.38 0.22
  233 S   -2 -4 -3 -4 -4 -3 -3 -4 -4 -5 -5 -3 -4  3 -4  7 -1 -5 -3 -5    0   0   0   0   0   0   0   0   0   0   0   0   0  14   0  85   1   0   0   0  1.61 0.54
  234 T   -3 -3 -3 -4 -4 -3 -4 -5 -4 -3 -3 -4  7 -4 -4  1  6 -5 -4 -3    0   0   0   0   0   0   0   0   0   0   0   0  33   0   0  12  55   0   0   0  1.45 0.49
  235 L   -4 -5 -6 -7 -4 -5 -6 -7 -6 -1  6 -5  1 -2 -6 -5 -4 -5 -4 -2    0   0   0   0   0   0   0   0   0   0  98   0   2   0   0   0   0   0   0   0  1.76 0.50
  236 R   -3  6 -3 -4  4 -1 -3 -5 -4 -4 -4 -2 -4 -5 -4 -2  5 -3 -4 -4    0  41   0   0  10   2   0   0   0   0   0   0   0   0   0   0  46   0   0   0  1.30 0.44
  237 K   -4  4 -3 -4 -3  0 -2 -5 -1 -6 -5  7 -4 -6 -4 -3 -4 -6 -5 -5    0  18   0   0   1   2   0   0   2   0   0  78   0   0   0   0   0   0   0   0  1.68 0.49
  238 R   -1  3 -2  2 -5  2  3 -3  2 -4 -2  2 -3  0 -3 -1 -2 -4 -3 -4    5  18   0  12   0   7  26   0   5   0   3  16   0   5   0   3   0   0   0   0  0.49 0.21
  239 L   -4 -5 -6 -6 -4 -5 -5 -6 -5  0  6 -5  0  1 -5 -5 -4 -4 -3  2    0   0   0   0   0   0   0   0   0   1  83   0   0   5   0   0   0   0   0  11  1.33 0.40
  240 Y   -5 -4 -5 -6  4 -5 -5 -6 -1  2 -4 -4 -4  2 -6 -5 -5 -1  9 -3    0   1   0   0   9   0   0   0   1  11   0   0   0   5   0   0   0   0  74   0  2.07 0.55
  241 L   -5 -5 -6 -6 -5 -6 -6 -6 -5 -2  4 -6 -2  7 -6 -5 -4 -2 -1 -2    0   0   0   0   0   0   0   0   0   0  39   0   0  59   0   0   0   0   0   2  1.62 0.45
  242 Q   -2  3 -1 -2 -5  7  0 -3  3 -4 -4  2 -2 -5 -3 -2 -2 -4 -3 -4    0  17   0   0   0  63   2   0   7   0   0  11   0   0   0   0   0   0   0   0  1.05 0.25

                      K         Lambda
Standard Ungapped    0.1335     0.3174
Standard Gapped      0.0568     0.2670
PSI Ungapped         0.1850     0.3126
PSI Gapped           0.0568     0.2670
