
Last position-specific scoring matrix computed, weighted observed percentages rounded down, information per position, and relative weight of gapless real matches to pseudocounts
           A  R  N  D  C  Q  E  G  H  I  L  K  M  F  P  S  T  W  Y  V   A   R   N   D   C   Q   E   G   H   I   L   K   M   F   P   S   T   W   Y   V
    1 M   -3 -3 -4 -5 -3 -2 -4 -4 -3  1  3 -3  8 -1 -4 -3 -2 -3 -2 -1    0   0   0   0   0   0   0   0   0   3  23   0  74   0   0   0   0   0   0   0  1.27 0.31
    2 G    3 -1 -1 -2 -2 -1  0  4 -2 -2 -3 -1 -2 -4 -1  1 -1 -4 -3 -2   31   4   2   1   0   0   6  39   0   2   1   3   0   0   2  10   0   0   0   0  0.47 0.15
    3 A    4 -2 -1  0 -2 -1  0 -1 -2  0 -2 -2 -2 -3  0  2  1 -4 -2  0   43   1   1   5   0   0   4   1   0   5   1   0   0   0   3  21  10   0   1   4  0.34 0.16
    4 T   -1  0  0 -2 -2  1  2 -2 -2 -3 -3  1 -1 -4  5  0  0 -4 -3 -1    3   5   3   0   1   5  17   1   0   0   1  12   2   0  36   6   4   0   0   4  0.65 0.18
    5 A    1 -1  0 -1 -2 -1  1  0 -1 -2 -1 -1 -1 -2  2  2  1  2 -2 -2   17   3   4   0   0   1  13   4   1   1   8   2   1   0  10  21  10   4   0   0  0.22 0.12
    6 L   -3 -2 -4 -2 -3 -3 -4 -5 -4  1  5 -4  1  1 -3 -4 -3 -3 -1  1    0   2   0   3   0   0   0   0   0   5  71   0   2   6   1   0   0   0   1   8  0.75 0.26
    7 P   -2 -1  0 -3  0 -1 -2 -3 -3 -1 -2  0 -3 -3  7  1  0 -5 -4 -3    0   3   5   0   2   2   0   0   0   5   3   6   0   1  57  12   4   0   0   0  1.17 0.31
    8 P    1 -2 -2  3 -4 -1  3 -2  0 -4 -4 -1 -3 -4  5 -1 -1 -4 -1 -2   12   1   0  19   0   1  24   3   3   0   0   2   0   0  28   1   2   0   3   3  0.65 0.23
    9 I    2  0 -2 -1 -2 -2  0 -2  1  1  0 -1 -1  2 -1  0  0 -3  0  0   30   4   0   2   0   0   6   2   6  12   5   3   1  13   1   4   7   0   1   3  0.13 0.12
   10 W   -2  0  0 -1 -4 -2 -1 -4 -2 -3 -2  0 -3  2 -4 -1  2  9  1 -3    2   7   4   3   0   0   4   0   1   0   3   7   0  11   0   4  15  35   2   1  0.94 0.29
   11 Q   -2  1 -1  0 -4  5  3 -3 -2 -4 -3  3 -2 -4 -1  2 -1 -4 -1 -4    1   4   1   4   0  29  21   0   0   0   1  17   1   0   2  15   2   0   2   0  0.60 0.28
   12 M   -4 -4 -5 -5 -4 -2 -4 -5 -2 -1  3 -4  8  1  1 -4 -2 -3  3 -1    0   0   0   0   0   1   0   0   1   0  31   0  43   4   7   0   1   0  10   2  1.10 0.43
   13 Y   -1 -3 -2 -5 -1 -3 -4 -5  2 -2 -2 -4  1  5 -5 -2 -4  0  7 -1    5   1   2   0   1   0   0   0   5   1   2   0   4  27   0   2   0   1  43   4  1.15 0.40
   14 L   -3 -2 -2 -2 -1 -3  0 -4 -3 -1  3 -3  1  3 -4  0  0  6  0 -1    0   1   1   2   1   0   6   0   0   1  37   0   2  15   0  10   7  11   1   2  0.47 0.25
   15 K   -2  0 -2 -2 -5  0  3 -4  0 -3 -3  3 -1 -1 -2 -2 -2 -2  5 -1    1   3   1   0   0   4  24   0   1   1   2  25   2   2   1   0   1   0  28   4  0.68 0.33
   16 D    0 -1  1  3 -4  1  4 -3 -1 -2 -3  2 -2 -4 -3  1 -1 -5 -4 -3    7   2   5  22   0   5  31   0   1   3   1  12   0   0   0   8   2   0   0   1  0.52 0.24
   17 H    0 -1  5  0 -2  0  0  1  6 -4 -3  0 -2 -3 -1 -1 -1 -4 -1 -3    8   1  31   3   1   3   4  10  21   0   2   4   1   1   2   2   2   0   2   1  0.54 0.26
   18 R   -5  8 -4 -5  1 -2 -3 -6 -3 -6 -5 -1 -5 -6 -5 -4 -4 -6 -5 -6    0  97   0   0   3   0   0   0   0   0   0   0   0   0   0   0   0   0   0   0  2.41 0.68
   19 I   -2 -1 -4 -4 -3 -3 -1 -5 -4  3  4 -1  1 -2 -4 -4 -3 -4 -3  2    2   4   0   0   0   0   4   0   0  15  55   5   3   0   0   0   0   0   0  11  0.64 0.28
   20 Y    2  0 -1  0 -3  1  1 -1 -1 -3 -2  3 -2 -2 -3  2 -1 -4 -3 -3   18   2   2   3   0   6  11   2   1   1   3  27   0   2   0  22   1   0   0   0  0.37 0.22
   21 T   -2 -4 -3 -4 -4 -3 -3 -4 -4 -2 -4 -3 -4 -5 -4  4  6 -5 -4 -3    0   0   0   0   0   0   0   0   0   2   0   0   0   0   0  29  66   0   0   0  1.38 0.54
   22 F   -5 -6 -6 -6 -5 -6 -6 -6 -4 -3 -1 -6 -3  9 -7 -5 -5 -2  3 -4    0   0   0   0   0   0   0   0   0   0   4   0   0  85   0   0   0   0   9   0  2.26 0.62
   23 K   -1  0 -1  0 -4  1  1 -2  0 -3 -3  5 -3 -4 -3  0  2 -4 -3 -1    3   2   2   4   0   7  10   1   2   1   2  41   0   0   0   6  13   0   0   5  0.46 0.26
   24 N   -2 -2  6  2 -3 -1 -1  1  0 -5 -5  1 -4 -4 -4  1 -1 -5 -1 -4    1   1  43  11   1   1   2   8   2   0   0  11   0   0   0  13   2   0   3   1  0.70 0.32
   25 W   -6 -7 -8 -8 -6 -6 -7 -6 -6 -6 -5 -7 -5 -3 -8 -7 -6 13 -2 -3    0   0   0   0   0   0   0   0   0   0   0   0   0   0   0   0   0  96   0   2  4.50 1.01
   26 P   -4 -5 -5 -5  0 -4 -4 -5 -5 -6 -5 -3 -5 -7  8 -3 -1 -7 -6 -4    0   0   0   0   2   0   0   0   0   0   0   1   0   0  90   1   3   0   0   1  2.67 0.70
   27 F   -4 -3 -3 -5 -5 -4 -5 -5  4 -3 -2 -5  0  8 -6 -4 -4 -2  4 -2    0   1   1   0   0   0   0   0  12   0   2   0   2  65   0   0   0   0  11   2  1.62 0.50
   28 L   -2  0  1  2 -3  1  0 -2 -1 -2  1  2  1 -3 -1  1  1  1 -2 -1    0   3   6  13   0   7   2   2   1   1  15  17   5   0   2  10   8   2   0   3  0.14 0.13
   29 E   -1  0  0  2 -4  1  4  0  0 -3 -4  1 -3 -3 -2  2 -1 -4 -3 -3    2   3   4   9   0   5  38   6   2   1   1   6   0   1   1  15   3   0   0   0  0.45 0.25
   30 D   -2 -1  2  3 -4 -1  0  3 -2 -4 -3  0 -3 -3 -2  1  0 -3  0 -3    1   2  11  22   0   1   4  28   0   0   2   7   0   0   1  10   5   0   5   0  0.43 0.20
   31 C    0 -2  0  1  8 -2 -1 -2 -1 -3 -2 -1 -3 -1 -3  1 -1  0 -3 -1    5   2   5   9  38   1   2   2   1   1   2   4   0   2   1  14   3   1   0   4  0.69 0.27
   32 S    2  0  1 -2 -3  0 -1 -2 -2 -2 -1  3  2 -3  0  2  0  2 -2 -1   17   2   7   1   0   3   1   1   0   1   3  25   7   0   3  16   5   4   1   3  0.24 0.17
   33 C   -1  0 -5 -6 10 -5 -6 -5 -5  0 -2 -5 -4 -5 -3 -3 -4 -5 -5 -2    4   7   0   0  77   0   0   0   0   5   4   0   0   0   2   0   0   0   0   1  2.38 0.59
   34 T   -1 -2  3 -2 -3 -2 -3 -3 -3 -3 -2 -2 -3 -4 -2  3  5 -5 -4 -2    1   1  16   0   0   1   0   0   0   0   4   0   0   0   1  24  49   0   0   2  0.84 0.37
   35 P    1 -4 -4 -4 -4 -3 -3  0 -4  0 -2  0 -3 -5  7 -1 -3 -5 -5 -2   13   0   0   0   0   0   0   8   0   6   4   6   0   0  58   3   0   0   0   2  1.28 0.39
   36 E    0  0 -1  0 -4  1  5 -3 -2 -4 -1  1 -3 -4 -3 -1 -2 -2 -3 -3    6   3   1   4   0   5  56   1   0   0   9   8   0   0   0   3   1   1   0   1  0.71 0.30
   37 R   -2  3  4 -1 -1  1  0 -3  0 -4 -3  3 -1 -4  2  0 -2  1 -3 -4    2  17  24   1   1   4   4   0   2   0   1  24   1   0   9   5   0   3   0   0  0.50 0.22
   38 M   -3 -4 -5 -5 -4 -3 -5 -5 -4  0  3 -4  9 -2 -5 -4 -3 -4 -3  0    0   0   0   0   0   0   0   0   0   2  20   0  70   0   0   0   0   0   0   5  1.80 0.54
   39 A    6 -3 -3 -3 -2 -3 -2 -2 -3 -3 -3 -3 -3 -4 -3  1 -2 -4 -4 -2   84   0   0   0   0   0   2   1   0   0   1   0   0   0   0   7   0   0   0   1  1.22 0.42
   40 E    2  1 -1  0 -3  1  3 -2  0 -2 -3  3 -2 -3 -2  0 -1 -3 -2 -2   22   5   1   3   0   5  22   1   2   2   2  26   0   1   1   3   3   0   0   1  0.37 0.17
   41 A    6 -3 -3 -3 -2 -2 -2 -2 -3 -3 -3 -2 -3 -3 -2  0  0 -4 -3 -2   81   1   1   1   0   1   1   1   0   1   1   1   0   1   1   4   4   0   0   2  1.08 0.37
   42 G   -1 -2 -2 -3 -4 -3 -3  7 -3 -4 -4 -3 -4 -4 -3 -1 -3 -4 -4 -4    2   3   1   1   0   1   1  83   0   1   1   1   0   1   1   2   1   0   0   1  1.50 0.39
   43 F   -4 -5 -5 -5 -4 -5 -5 -5 -3 -3 -2 -5 -2  9 -5 -2 -4  2  1 -3    1   0   0   0   0   0   0   0   0   0   1   0   0  87   0   4   0   2   1   0  2.07 0.54
   44 I   -3 -4 -4 -4 -1 -3 -4 -4  0  3  0 -4 -1  4 -4 -3 -3 -1  6  2    1   0   0   0   1   0   0   0   2  18   8   0   0  18   0   0   0   0  35  13  0.82 0.31
   45 H    0 -1 -2 -3 -2  1 -2 -3  7 -3 -2 -2 -2  3 -3  0 -2  5  2 -1    7   2   0   0   1   8   1   1  35   1   4   2   0  12   0   6   1   8   7   4  0.70 0.29
   46 C   -2 -1 -1  0  7  0 -2 -1  0  1  0 -2 -1 -3 -2 -1  1 -3 -2  1    0   3   4   6  29   4   2   4   3   9   8   1   1   0   1   4  10   0   0  11  0.40 0.20
   47 P   -1 -3 -1 -3 -4 -3 -3  4 -4 -4 -4 -2 -4 -5  7  0 -3 -5 -4 -4    3   1   3   1   0   0   1  29   0   0   2   1   0   0  51   5   0   0   0   0  1.30 0.38
   48 T   -1 -2  3  1 -3 -2 -1  1 -1 -1 -3 -1 -2  1 -1  2  3 -3 -1 -2    2   0  16   7   0   0   1   9   1   3   1   2   0   8   2  20  23   0   2   1  0.30 0.19
   49 E    0  2  0  2 -3  0  3 -1 -2 -3 -3  1 -2 -3  1  0 -1 -4 -2 -2    8  17   3  10   0   1  24   4   0   1   2   9   1   0   7   8   2   0   1   2  0.31 0.16
   50 N   -2  0  4  3  3  0  1 -2 -2 -3 -3  0 -3 -4 -3  2 -1 -4 -3 -3    1   4  27  15   7   4  10   1   0   1   1   6   0   0   0  18   2   0   0   1  0.47 0.23
   51 E   -1 -2  2  2  3  2  4  0 -2 -3 -4 -1 -3 -4 -3  1 -1 -4 -2 -3    2   1   9   8   8   7  40   6   0   1   0   2   0   0   0   9   3   0   1   0  0.54 0.26
   52 P   -2 -2 -2  2 -4 -3 -1 -2 -4 -2 -4 -2 -3 -5  7  1 -2 -5 -4 -4    2   1   2  12   0   0   2   2   0   2   1   1   1   0  63   9   1   0   0   0  1.49 0.43
   53 D   -1 -4  1  7 -5 -3 -1 -3 -3 -5 -5 -3 -5 -5 -4 -2 -2 -6 -2 -5    5   0   4  80   0   0   1   1   0   0   0   0   0   0   0   2   2   0   2   0  1.65 0.50
   54 L    0 -1  0 -3  2 -2 -2 -2 -2  0  2 -2  0  2  0 -1  1  2 -1  1    7   4   7   0   6   0   0   2   0   2  26   0   0  10   4   4  10   3   1  16  0.13 0.10
   55 A    4 -3 -3 -3  1 -3 -3 -2 -3 -1 -2 -3 -2 -3 -3  1  0 -4 -3  4   41   0   0   0   3   0   0   0   0   0   0   0   0   0   0  11   4   0   0  39  0.57 0.26
   56 Q   -1  3 -1 -2  1  3  2 -2 -2 -2 -3  2  1 -3 -2 -1  1 -3 -3 -2    3  23   0   0   4  19  15   1   0   1   0  13   5   0   0   2   9   0   0   2  0.40 0.18
   57 C   -2 -4 -4 -4 10 -4 -4 -1 -4 -3 -3 -4 -3 -4 -4 -2 -3 -4 -4 -3    1   1   1   1  82   1   1   5   0   1   1   1   0   1   1   1   1   0   0   1  2.35 0.45
   58 F   -1 -3 -3 -4  3 -2 -3 -3 -2 -1 -1 -3 -1  7 -1 -3 -3 -1  2 -1    7   1   1   1   8   2   1   1   0   3   1   1   0  63   4   1   1   0   3   2  0.96 0.27
   59 F   -2 -3 -3 -3  3 -3 -3 -3 -2  2  1 -3  1  5 -3 -2 -1 -1  1  2    2   1   1   1   9   1   1   1   0  12   8   1   4  34   1   2   4   0   3  15  0.40 0.15
   60 C   -2 -4 -4 -4 11 -4 -4 -4 -4 -3 -3 -4 -3 -1 -4 -3 -3 -3 -3 -3    1   1   1   1  84   1   1   1   0   1   1   1   0   3   1   1   1   0   0   1  2.44 0.46
   61 F   -1 -1  0 -1 -1 -1 -1  1  1 -1  2 -1  0  3 -2  1 -1 -2  0 -1    2   2   5   2   1   1   2  11   4   1  28   2   2  16   1  15   2   0   2   1  0.11 0.10
   62 K   -2  1 -1 -2 -3  1 -1 -2  0  0 -1  5 -1 -3 -2 -1 -1 -3 -2 -1    1   6   1   1   0   6   1   1   2   8   5  58   1   1   1   1   2   0   0   4  0.55 0.21
   63 E   -1 -1 -1  1  1  3  5 -2 -1 -3 -2  0 -1 -4 -2  0 -1 -3 -3 -2    2   1   0   4   3  13  53   3   0   1   2   5   1   0   1   4   4   0   0   2  0.61 0.22
   64 L   -3 -3 -4 -4 -3 -3 -4 -4 -4  0  5 -3  3  0 -4 -3 -2 -3 -2 -1    1   1   0   1   0   0   1   1   0   1  80   1   9   2   1   1   1   0   0   1  0.92 0.28
   65 E   -2 -1  0  5 -4  0  4 -3  1 -1 -3 -1 -3 -4 -2 -1 -1 -4 -3 -1    2   1   3  39   0   2  33   1   3   4   1   1   0   0   1   1   3   0   0   5  0.66 0.21
   66 G   -1 -3  0  0  2 -2 -2  6 -3 -4 -3 -2 -3 -3  1 -1 -2 -3 -3 -3    2   1   4   4   5   1   2  64   0   1   1   2   0   1   7   4   1   0   0   1  0.86 0.22
   67 W   -4 -4 -4  0 -4 -3 -4 -4 -4 -4 -3 -4 -3  0 -4 -4 -4 12  0 -4    1   1   1   6   0   1   1   1   0   1   1   1   0   4   1   1   1  79   0   1  2.98 0.52
   68 E    0 -1  0  3 -4  1  5 -3 -2 -4 -3  0 -3 -4 -2 -1 -1 -4 -3 -3    6   1   2  15   0   4  58   1   0   1   1   4   0   0   1   2   2   0   0   1  0.78 0.24
   69 P    0  0 -1  1 -3  0  1 -2 -2 -3 -2 -1 -2 -3  6  0 -1 -4 -3 -2    7   5   1   8   0   3   9   1   0   1   4   3   0   0  45   9   1   0   0   2  0.79 0.19
   70 D   -1 -2  3  4 -3  0  2 -1 -1 -3 -3 -1 -2 -3  1  0  2 -3 -3 -3    1   1  17  26   0   3  13   4   1   1   2   2   1   0   6   7  14   0   0   1  0.39 0.14
   71 D   -3 -3 -1  7 -4 -2  1 -2  0 -4 -4 -2 -4 -4 -3 -2 -3  4 -3 -4    1   1   0  77   0   0   5   2   2   1   1   1   0   0   1   1   1   6   0   1  1.37 0.34
   72 N   -2 -2  2  6 -4 -1  1 -1 -2 -2 -3 -1 -3 -3 -2 -1 -2 -3  1 -3    2   1  11  55   0   1   7   5   0   3   1   2   0   0   1   2   1   0   7   1  0.75 0.23
   73 P   -2 -3 -3 -3 -4 -3  0 -4 -3 -4 -4 -3 -4 -5  8 -2 -3 -4 -4 -4    1   1   0   1   0   0   6   1   0   1   1   1   0   0  84   1   1   0   0   1  2.19 0.42
   74 I   -3 -2 -4 -3 -3 -1 -2 -3 -1  0  1 -2  0  0 -4 -1 -2 10  0 -1    1   2   0   1   0   3   2   1   2   7  16   3   2   2   1   6   1  45   1   5  1.25 0.32
   75 E   -1 -1  0  2 -4  1  4 -1 -2 -2 -2  2 -2 -3 -3  1 -1 -4 -3 -2    2   1   4  12   0   3  36   4   0   2   3  16   0   0   0  10   3   0   1   3  0.41 0.20
   76 E   -4 -1 -3  2 -7 -1  7 -5 -3 -6 -6 -1 -5 -6 -4 -3 -4 -6 -5 -5    0   2   0   9   0   0  86   0   0   0   0   2   0   0   0   0   0   0   0   0  1.82 0.56
   77 H   -4 -3 -2 -4 -5 -2 -3 -5 11 -5 -5 -4 -4 -4 -5 -4 -4 -5 -1 -5    1   0   0   0   0   0   0   1  93   0   1   0   0   0   0   0   0   0   0   0  3.06 0.70
   78 R    1  2 -2 -2 -1  0  0 -2 -2 -1  0  3  0 -2 -2  0  0 -3 -2  0   12  10   0   0   2   2   5   1   1   2  10  30   3   1   0   4   7   0   1   9  0.20 0.14
   79 K   -1  3 -1 -2 -4 -1 -1 -3 -3 -4 -4  6 -2 -5 -3  2  1 -5 -3 -4    2  12   1   1   0   0   1   0   0   0   0  57   1   0   0  15   9   0   0   0  0.91 0.37
   80 H   -4  3 -1 -4 -2 -2 -3  0  9 -6 -4 -1 -4 -4 -5 -3 -4 -5  0 -5    0  16   2   0   1   0   0   7  67   0   2   2   0   0   0   0   0   0   2   0  1.88 0.53
   81 S    2 -2  0 -2 -2  2 -1 -1  1 -4 -4 -1 -1 -4 -2  4  1 -4 -3 -3   20   1   4   0   0  12   1   2   3   0   0   3   1   0   1  44   7   0   0   1  0.54 0.28
   82 P    0 -3 -3 -1 -4 -1 -2 -3 -2 -3 -3  1 -2 -5  6  3 -1 -5 -4 -3    5   0   0   3   0   2   0   1   1   1   2   9   1   0  48  25   1   0   0   1  1.11 0.36
   83 G   -1 -1  2  1  0  1  0  3  1 -2 -3  1 -3 -4  0  1  0 -4 -2 -2    2   2  14   8   2   8   4  23   3   3   0   8   0   0   3  13   3   0   1   1  0.26 0.14
   84 C   -4 -6 -2 -6 11 -6 -6 -6 -6 -4 -1 -6 -4 -5 -6 -4 -4  1 -5 -4    0   0   3   0  87   0   0   0   0   0   7   0   0   0   0   0   0   2   0   0  3.06 0.70
   85 A    2 -2 -2 -1 -3  0 -1  2 -1 -2 -2 -1 -3 -2  5  0 -2 -4  0 -3   23   1   1   4   0   4   3  14   1   2   3   2   0   2  31   4   0   0   4   0  0.55 0.22
   86 F   -4 -5 -5 -5 -5 -5 -5 -5 -3 -3 -2 -5 -3  8 -5  0 -4  3  3 -3    0   0   0   0   0   0   0   0   0   0   2   0   0  77   0   7   0   3   8   0  1.84 0.50
   87 L    0 -4 -4 -4  3 -3 -4 -4 -4  3  3 -3  2 -2 -4 -3 -2 -3 -3  3   10   0   0   0   7   0   0   0   0  15  35   0   5   0   0   0   0   0   0  25  0.55 0.23
   88 T    0  2 -1 -2 -2  1  1 -2  0 -2 -1  3 -2 -4 -2  3  0 -4 -3 -2    6  11   1   0   1   5   8   1   2   2   5  26   0   0   0  25   5   0   0   1  0.35 0.20
   89 V   -2 -3 -4  0 -2 -3 -3 -5 -3  1  4 -2  2  0 -1 -3 -2 -3 -1  2    1   0   0   7   0   1   0   0   0   4  56   3   6   2   3   1   1   0   2  12  0.56 0.26
   90 K   -1  0  3 -1 -3  1 -2  3  0 -4 -4  4 -3 -4 -1  0  0 -2 -3 -4    5   4  14   2   0   5   0  23   2   0   0  29   0   0   2   5   7   1   0   0  0.46 0.24
   91 K   -2  1 -3 -3  1 -2 -1 -4 -2 -5 -5  7 -2 -5 -4 -3  0 -5 -4 -3    1   5   0   0   4   0   2   0   1   0   0  76   1   0   0   0   7   0   0   1  1.40 0.50
   92 Q   -1 -1  1  3 -1  4  0 -2  1 -3 -4  1 -3 -4  3 -1 -1 -4 -3 -2    4   2   6  17   1  25   4   3   4   1   0  10   0   0  13   3   3   0   0   4  0.44 0.23
   93 V   -1 -3 -1  2 -3  1  3 -3 -1 -1  0 -2 -1  4  1 -1 -2 -3  0  0    3   0   2  11   0   6  24   1   1   1  10   0   1  20   7   2   1   0   2   8  0.29 0.20
   94 E    0 -1  0  3 -2  0  5 -3 -2 -2 -3  0 -3 -4 -1  0  0 -5 -1 -2    9   2   3  15   1   1  41   1   0   3   1   6   0   0   2   4   6   0   2   3  0.52 0.27
   95 E   -2 -2  1  4 -3  0  4  0 -1 -5 -3  0 -4 -5 -3 -1  0 -5 -4 -4    3   1   7  30   0   2  34   6   1   0   2   5   0   0   0   3   5   0   0   0  0.71 0.31
   96 L   -2 -5 -6 -6  1 -4 -4 -5 -5  1  5 -5  2  1 -5 -4 -4  7 -2 -1    2   0   0   0   3   0   1   0   0   5  61   0   5   4   0   0   0  15   1   3  1.11 0.40
   97 T    0 -4 -1 -4 -4 -1 -2 -3 -2 -2 -3 -3 -3 -5 -4 -1  7 -5 -4 -3    6   0   2   0   0   2   2   1   1   1   2   0   0   0   0   2  80   0   0   0  1.45 0.54
   98 V   -1 -4 -5 -5 -1 -4 -4 -5 -4  2  3 -4  4 -1 -4 -3 -2 -4 -1  5    4   0   0   0   1   0   0   0   0   8  27   0  10   2   0   0   1   0   2  43  0.73 0.30
   99 S    0 -1  0  1 -4  1  3  2  1 -2 -2  0 -2 -4 -2  1 -1 -4 -2 -3    5   3   3   6   0   8  29  20   4   2   4   3   1   0   1   9   2   0   1   1  0.34 0.19
  100 E   -4 -3 -1  3 -6  1  7 -2 -3 -6 -5 -2 -5 -6 -4 -3 -4 -5 -5 -5    0   0   1  15   0   6  73   2   0   0   0   1   0   0   0   0   0   0   0   0  1.54 0.53
  101 F   -4 -4 -4 -4 -4 -4 -5 -3 -1 -1  2 -5  1  7 -5 -4 -3  0  4  0    0   0   0   1   0   1   0   3   1   2  16   0   3  55   0   0   1   1  11   5  1.16 0.40
  102 L   -1 -3 -2 -5  0 -4 -4 -4 -1  2  4 -4  0  4 -4 -3 -2 -2  4 -1    4   1   2   0   2   0   0   1   1  10  41   0   2  17   0   1   1   0  14   2  0.62 0.29
  103 K   -2  1  1  2 -4  1  1 -3  1 -3 -2  4  1 -3 -3  0 -1 -4 -1 -2    2   5   5  12   0   4   9   0   4   1   4  39   5   1   0   4   2   0   1   2  0.46 0.26
  104 L   -4 -4 -6 -6 -4 -1 -3 -6 -5  2  5 -4  2 -1 -5 -4 -3 -4 -4  1    0   0   0   0   0   3   2   0   0   8  73   1   4   1   0   1   1   0   0   6  1.11 0.44
  105 D   -2 -2 -1  4  0  1  3 -2 -1  0 -1 -2 -1  1 -3 -1 -1 -4  0 -1    1   1   1  25   2   5  24   3   1   8   7   0   1   8   0   3   3   0   3   5  0.33 0.22
  106 K    0  1  0 -2 -2  1  1 -2 -2 -3 -2  4  3 -4  1 -1 -2 -4 -2 -2    7   7   4   0   1   6   8   2   0   0   3  38   9   0   6   4   1   0   1   2  0.42 0.26
  107 Q    1  0 -1  0 -4  2  4 -2 -1 -3 -3  2  0 -3 -3 -1  1 -4 -3 -2   11   3   1   3   0   7  36   1   1   1   0  15   3   1   0   2   9   0   1   2  0.46 0.27
  108 R   -2  7 -3 -4 -5 -2 -2 -5 -2 -2 -2  0 -3 -1 -5 -1 -3 -4  4 -1    3  59   0   0   0   0   1   0   1   2   4   3   0   2   0   4   1   0  15   5  1.14 0.47
  109 A    1  0 -1 -3 -1  1 -1 -2  1  0  1  0  2 -1 -1 -1  0 -3  0  0   18   4   2   0   1  10   3   1   4   5  16   4   9   1   3   2   6   0   4   7  0.11 0.13
  110 K   -1  3 -1  0  0  0 -1 -4 -1  1 -2  5  0 -4 -4 -1 -1 -5 -4 -1    5  14   2   4   2   2   3   0   1  10   2  43   2   0   0   2   2   0   0   4  0.54 0.30
  111 N   -1 -1  5 -2 -1 -1 -2 -2 -1  0 -1  1  2  0 -4  0  1 -2 -3 -2    5   2  35   0   1   3   1   1   1   8   4  11   6   5   0   7   8   0   0   1  0.43 0.28
  112 K   -1  1  1 -2 -2 -1  1 -3 -1  0  0  2  1  2 -3 -1 -2 -3  2  0    4   8   6   0   1   2  13   0   1   6   6  17   4  10   0   4   0   0   8   9  0.17 0.16
  113 I   -1 -4 -3 -2  2 -2 -2 -4 -3  4  2 -3  3  0 -4 -3  0 -1  1  2    4   0   0   2   4   1   3   0   0  31  18   1   8   4   0   1   4   1   5  12  0.41 0.23
  114 A    2  1  1 -1  2  0  1 -3 -1 -2 -2  2  1 -3 -3  0  0 -2 -2  0   19   8   7   3   6   2  12   0   1   1   3  17   4   0   0   4   6   0   1   7  0.20 0.17
  115 K   -2  4  0 -1 -4  0 -1 -4  0 -5 -3  6 -3 -4 -4 -2 -4 -2 -3 -5    2  20   4   2   0   4   2   0   2   0   2  57   0   0   0   2   0   1   1   0  1.14 0.49
  116 E   -1 -1 -1 -1 -3  1  4 -2 -1  1  0  1  0 -2 -3  0  1 -1 -1  0    5   3   2   1   0   4  30   1   1   8   8   8   3   1   0   5   8   1   2   7  0.22 0.18
  117 T    1 -2 -3 -3  3 -2 -2  1  0  1  1 -1  1  1 -3 -1  1 -2  1  1   17   1   0   0   7   0   2  10   2   9  12   3   4   6   0   3  11   0   5   9  0.12 0.12
  118 N   -1  1  4  1 -4  0  3 -2  1 -3 -4  1 -3 -5 -3  0  1 -5 -4 -4    4   8  27   7   0   3  19   1   4   2   1   7   1   0   0   7   9   0   0   0  0.49 0.28
  119 N   -1  0  1 -1 -2  2  2 -2  2 -2 -2  2 -1  0 -3  1  0 -4 -2 -1    2   4   8   2   1  11  13   1   6   1   3  17   2   6   0  13   6   0   0   5  0.23 0.19
  120 K    1  0 -1  0 -1  0 -1 -1 -1  0 -1  4  1  0 -3 -1  0 -4 -2 -1   15   3   2   4   1   4   3   4   1   5   5  30   5   5   0   3   5   0   1   4  0.20 0.19
  121 Q   -2 -1 -2 -2 -1  3 -1 -2 -3  4  0  2  2 -3 -3 -2 -2 -4 -3  1    2   2   1   2   1  15   3   4   0  29   8  18   6   0   0   1   2   0   0   7  0.38 0.27
  122 K    1  1  1  1 -4  0  2 -2 -1 -2 -4  3 -3 -4 -3  0  1 -2 -3 -3   15   7   8   7   0   3  17   1   1   3   0  20   0   0   0   5  11   1   0   0  0.35 0.24
  123 E    0 -1  0  0 -3  1  3 -2  0 -3 -2  2 -1 -2 -3  1  0  4  0 -1    8   1   4   3   0   5  22   2   2   0   2  18   2   1   0  10   5   6   3   5  0.30 0.22
  124 F   -1 -5 -5 -6 -5 -5 -5 -6 -4  0  2 -2  0  7  0 -4 -4  2  2  1    4   0   0   0   0   0   0   0   0   5  16   3   2  45   6   0   0   2   7  10  0.97 0.42
  125 E   -2  1  0  2 -3  1  5 -4  3 -3 -3  2 -2 -5 -3 -2 -1 -1 -4 -4    2   6   3   9   1   5  41   1   7   2   2  15   1   0   0   1   4   1   0   1  0.67 0.34
  126 E   -1 -1  0  3 -3  1  5 -4 -1 -4 -4  2 -1 -5 -4 -2 -2 -5 -4 -4    4   1   4  17   1   5  46   1   1   1   1  13   2   0   0   1   2   0   0   1  0.87 0.41
  127 T    1 -1 -1 -1 -2  1  3  0 -1 -2 -1  1  1 -1 -3  0  2 -3  0 -1   14   2   1   1   1   4  22   6   1   1   4   9   4   3   0   5  13   0   3   5  0.18 0.17
  128 R    4  0 -2 -3 -2 -2 -1 -2 -1  0 -3  1  1 -3 -3  0  0 -2 -2  2   43   5   1   0   1   1   3   1   1   4   0   9   5   0   0   5   5   1   1  15  0.43 0.29
  129 R    2  0 -1  1 -2  1  2 -2 -3 -4 -3  4 -3 -4 -3 -1 -1 -4 -4 -3   17   4   2   9   1   5  17   2   0   1   1  34   0   0   0   3   3   0   0   1  0.53 0.30
  130 T    1  1  0  0 -2  1  1  0  0 -1  0  2 -1 -2 -2  0  0 -3 -1 -2   11   9   3   4   1   6   8   8   3   3   9  19   2   1   0   5   6   0   1   1  0.13 0.11
  131 V    0 -1 -4 -4 -1 -1 -2 -4 -4  2  1 -1  2 -3 -4 -1  2  4 -3  4    6   4   0   0   1   3   2   0   0   9  11   4   4   0   0   2  16   6   0  31  0.42 0.27
  132 R   -2  6 -3 -2  2  0 -1 -5  0 -2 -1  2 -2 -4 -3 -1 -1 -5 -4  0    2  46   0   1   4   3   4   0   2   1   5  14   1   0   1   4   3   0   0   7  0.75 0.38
  133 Q   -1  2  0  0  4  1  3 -2  3 -4 -4  2 -3 -4 -3  0 -2 -3 -3 -3    5  10   5   5   9   7  21   3   8   0   1  16   0   0   0   6   2   0   0   1  0.42 0.26
  134 S    0  2 -1  0 -4  1  3 -2 -1  0 -1  1  0 -2 -3  0 -1 -3  1 -2   10  13   3   4   0   7  23   1   1   5   4  10   3   1   0   6   2   0   5   1  0.24 0.19
  135 I   -4 -5 -5 -5 -4 -4 -4 -4 -5  5  3 -2  5 -1 -1 -4  0 -5 -3  0    0   0   0   0   0   0   1   1   0  40  27   2  15   2   3   0   6   0   1   3  0.89 0.41
  136 E   -2 -1 -1 -1 -4  1  4 -4  0  1 -2  2  0 -4  2  0 -2 -5 -4  0    1   2   2   2   0   7  32   0   2   8   2  14   3   0  11   7   1   0   0   7  0.43 0.28
  137 Q   -2  1  2  0 -5  4  0 -3  0 -1 -3  4 -1 -5 -4 -1 -1 -5 -3 -2    2   5  12   4   0  25   3   1   1   4   2  30   1   0   0   3   3   0   1   3  0.57 0.33
  138 L   -4 -4 -5 -6 -4 -4 -5 -6 -4 -1  5 -4  4  0 -5 -4  0 -4  2  0    0   0   0   0   0   0   0   0   0   1  64   0  13   3   0   1   7   0   6   5  1.04 0.43
  139 A    4 -2 -2 -1 -3 -2 -2 -1 -3 -3 -3  2 -3  1 -2  2 -1 -4 -3 -1   47   1   0   3   0   0   1   2   0   0   0  13   0   6   1  21   1   0   0   4  0.53 0.29
  140 A    3 -2 -1 -2 -2  0  0  1 -2 -3 -3 -1 -3 -4 -2  4  1 -4 -3 -2   38   0   0   0   0   2   4  11   0   0   0   3   0   0   0  38   5   0   0   0  0.55 0.22
  141 L   -2 -3 -3 -4  0 -2 -3 -4 -3  3  3 -3  3 -1 -3  0 -1 -2  0  0    0   0   0   0   2   0   0   0   0  20  46   0  14   0   0  12   0   0   4   1  0.40 0.13
  142 R   -2  5 -1 -1 -4  1  4 -3 -1 -4 -3  2 -2 -4 -2 -1 -2 -4 -3 -3    0  52   0   0   0   1  35   0   0   0   0  12   0   0   0   0   0   0   0   0  0.81 0.16

                      K         Lambda
Standard Ungapped    0.1337     0.3190
Standard Gapped      0.0459     0.2670
PSI Ungapped         0.1507     0.3098
PSI Gapped           0.0459     0.2670
