
Last position-specific scoring matrix computed, weighted observed percentages rounded down, information per position, and relative weight of gapless real matches to pseudocounts
           A  R  N  D  C  Q  E  G  H  I  L  K  M  F  P  S  T  W  Y  V   A   R   N   D   C   Q   E   G   H   I   L   K   M   F   P   S   T   W   Y   V
    1 M   -3 -4 -5 -5 -4 -3 -4 -5 -4  1  1 -4 10 -2 -5 -4 -3 -4 -3 -1    0   0   0   0   0   0   0   0   0   7   6   0  86   0   0   0   0   0   0   0  1.86 0.44
    2 T   -1 -3 -2 -3 -3 -3 -3 -4 -4 -3 -3 -3  3 -4 -3  2  7 -5 -4 -2    2   0   0   0   0   0   0   0   0   0   0   0  10   0   0  11  77   0   0   1  1.34 0.45
    3 F   -3 -4 -5 -5  8 -4 -2 -3 -3 -2  3 -5  1  3 -3 -2 -2 -4 -3 -2    1   1   0   0  37   0   4   1   0   0  29   0   3  16   1   3   3   0   0   1  1.07 0.40
    4 N   -5 -4  7  2 -6  4 -3 -4  0 -6 -4 -3 -5 -6 -3 -1 -2 -7 -5 -6    0   0  63  11   0  16   0   0   2   0   1   1   0   0   1   3   2   0   0   0  1.61 0.62
    5 S   -1 -2  1 -2  0 -2 -3  3 -2 -1 -4 -3 -3 -1 -4  4  0 -5 -4  1    2   2   5   1   2   2   0  27   1   3   0   0   0   3   0  32   6   0   0  13  0.50 0.32
    6 F   -2 -2 -3 -3 -3 -2 -3 -2 -2  2  0 -3  2  3  5 -1  0 -4 -1  1    1   2   1   1   0   1   1   3   1  12  10   0   6  14  27   4   6   0   2   8  0.49 0.26
    7 E   -2 -1  0  3 -5  1  4 -1  1 -2 -2 -1 -1 -2 -2  0 -2 -5 -3 -1    3   3   3  18   0   7  36   4   3   3   4   1   2   1   2   5   2   0   0   4  0.49 0.29
    8 G   -1 -2  4  0 -2 -2  1  3 -2 -2 -3 -2 -1 -4 -2  2  1 -5 -2 -2    4   1  27   3   1   0   8  20   0   2   2   2   2   0   1  15   8   0   1   2  0.45 0.28
    9 S   -1 -2  1 -1 -1  2  3 -3 -1 -5 -2 -1 -4 -3 -2  4  0 -5 -2 -4    3   1   5   3   1   8  22   1   2   0   4   2   0   1   2  39   4   0   1   0  0.60 0.36
   10 R   -2  2  0  2 -4  0  4 -2 -3 -4 -3  2 -3 -4  0  2 -1 -4 -2 -3    2  14   3   9   0   2  30   2   0   1   3  11   0   0   3  14   3   0   2   1  0.48 0.28
   11 T    2 -2  0 -2 -3 -2 -3 -1 -1 -2 -2 -2 -3 -1 -1  2  5 -2 -3 -1   17   2   4   1   0   1   0   4   1   1   4   2   0   4   3  13  37   0   0   4  0.48 0.32
   12 V    2 -3 -2 -2  5 -1 -2  0 -3  1 -1 -3  0 -1 -1  1 -1 -4  1  1   17   1   2   2  16   2   3   7   0   9   3   0   3   2   2  13   3   0   5  11  0.28 0.21
   13 V    2 -3 -3 -2 -2  0 -3 -3 -4  2  3 -2  0 -1  1  0 -1 -4 -2  1   18   0   0   3   1   4   0   1   0  12  29   2   2   1   8   5   2   0   1  10  0.30 0.22
   14 P   -3 -3 -3 -3 -4 -1 -4 -3 -2 -3 -3 -2 -3 -2  6  3  2 -6 -3 -2    1   1   1   1   0   3   0   1   1   2   2   2   1   2  45  19  15   0   1   3  1.12 0.52
   15 A    2  0  3 -1 -4 -1 -3 -2 -3 -3 -3 -2 -3 -3  3  2  2 -5 -2  0   17   5  18   2   0   2   0   1   0   1   2   2   0   1  12  14  13   0   1   7  0.37 0.27
   16 D   -3 -2  0  5 -1  1  3 -3  1 -4 -3 -2 -1 -4 -3  1 -1  4 -3 -3    1   2   3  31   1   7  22   1   3   0   3   1   2   1   1   9   3   7   1   2  0.68 0.38
   17 T   -2  1 -1 -3 -3  0 -1 -3  0  1 -1 -2  0 -4  3  2  4 -5 -4 -2    2   8   3   0   0   3   3   1   2  10   5   2   3   0  14  15  29   0   0   1  0.46 0.32
   18 N   -1 -2  3  4  0  0  2 -2 -2 -4 -3 -2 -3 -5  4  0 -2 -4 -4 -3    4   1  13  21   2   5  15   3   1   0   3   2   0   0  19   6   2   0   0   2  0.56 0.32
   19 K   -2  1  2  0  0  0  1 -1  3 -3 -2  1 -3 -2  0  0 -2 -3  4 -2    2   6  12   5   2   4   9   4   9   1   4  12   0   1   5   5   1   0  16   2  0.26 0.19
   20 D    0 -1  4  3  0  0  1 -2  3 -3 -3  0 -2 -2 -1  0 -1 -4 -1 -3    6   3  20  21   2   3   7   2   8   1   3   6   1   1   3   5   3   0   2   2  0.36 0.20
   21 E   -3  0  2 -1 -1  2  2 -3 -2 -2 -4  1 -1 -4  5  0 -2 -4 -1 -3    1   5   9   3   1  10  16   1   1   2   0   7   2   1  31   5   1   0   3   1  0.64 0.31
   22 E   -1  1  0  5 -5  1  4 -2 -1 -3 -4 -2 -1 -5 -3  1 -2 -5 -3 -4    4   9   3  29   0   5  30   2   1   1   1   1   1   0   0   9   1   0   1   0  0.70 0.34
   23 F   -4 -4 -4 -5 -2 -3 -5 -5 -3 -1  2 -4  7  4 -5 -4 -1  5  3 -2    0   0   1   0   1   1   0   1   0   3  18   0  36  15   0   0   4   8  11   1  1.15 0.47
   24 V    0  3  2 -2  0  0  0 -2  0 -3 -3  1 -2 -3 -1  3 -1 -3 -2  0    9  20  11   0   3   3   5   2   2   0   2   6   0   1   3  23   1   0   1   8  0.31 0.23
   25 E   -2 -1  1  0  4  1  1 -3 -2 -2 -1  0 -1  0 -3  2  0 -2  1  0    1   3   8   4  12   6  12   1   0   2   7   4   1   4   0  18   4   0   7   6  0.21 0.19
   26 E   -4 -4 -4  0 -7 -2  7 -5 -2 -2 -3 -3  3 -4 -4 -4 -4 -6 -3 -3    0   0   0   4   0   0  78   0   1   2   3   0   7   1   1   0   0   0   1   2  1.69 0.67
   27 F    2 -1 -1  0 -2  1  3 -2  1  0  1 -1 -1 -1 -2  1 -1 -4 -2 -1   17   2   1   3   0   6  20   2   4   5  18   3   1   3   1  10   2   0   0   2  0.17 0.17
   28 N    1  1  3  1 -2 -1  1 -2  0 -2 -3  0  0  0 -3  0 -1 -3  4 -1   12   9  18   7   1   1   9   2   2   1   1   4   3   3   0   4   3   0  16   4  0.27 0.20
   29 R   -5  8 -4 -6  2 -3 -4 -6 -4 -7 -6 -2 -5 -7 -6 -5 -5 -7 -6 -6    0  94   0   0   4   0   0   0   0   0   0   0   0   0   0   0   0   0   0   0  2.68 0.85
   30 L   -4 -3 -5 -6 -4 -2 -5 -6 -5  1  5 -5  4 -1 -5 -2 -3 -2 -2 -1    0   2   0   0   0   1   0   0   0   7  67   0  11   2   0   4   0   0   1   2  1.13 0.46
   31 K    0  4  0  1 -3  1  0  0 -1 -3 -2  2 -2 -3 -3  2 -2 -5 -4 -4    7  23   4   7   0   6   5   6   1   1   3  15   1   1   0  21   1   0   0   0  0.39 0.25
   32 T   -3 -5 -4 -5 -5 -4 -4 -5 -5 -5 -5 -4 -5 -6 -5  4  7 -6 -5 -4    0   0   0   0   0   0   0   0   0   0   0   0   0   0   0  26  73   0   0   0  1.88 0.73
   33 F   -6 -6 -7 -7 -6 -7 -7 -7 -5 -4 -2 -7 -4  9 -7 -6 -6 -3  4 -5    0   0   0   0   0   0   0   0   0   0   3   0   0  83   0   0   0   0  13   0  2.63 0.79
   34 A    1  2 -1  0 -2  2  1  0  2 -2 -2  0 -1 -2 -3  2 -1  0 -1  0   16  11   2   4   1   9   7   6   7   1   1   5   2   1   0  16   2   2   1   7  0.17 0.15
   35 N    0  1  4  1 -3  1  1  1  2 -4 -4  1  0 -3 -3  0  1 -5 -3 -4    6   7  23   6   0   6   9  11   4   0   0   7   3   1   0   4  11   0   0   0  0.35 0.22
   36 F   -6 -7 -7 -8 -3 -1 -7 -7 -3 -6 -3 -7 -3  6 -8 -2 -6 11  0 -6    0   0   0   0   1   3   0   0   1   0   2   0   1  32   0   4   0  55   2   0  2.88 0.85
   37 P   -2 -5  0 -5 -6 -5 -5 -5 -5 -3 -5 -4 -4 -5  8 -1 -2 -7 -6 -5    4   0   5   0   0   0   0   1   0   2   1   1   0   0  80   4   2   0   0   0  2.31 0.74
   38 S    1  1 -1 -1 -1  1 -1  0  0 -1  1 -1 -1 -2 -1  1  1 -2 -1  0   12   9   1   3   1   7   2   7   2   2  16   1   1   0   3  14   9   0   2   7  0.07 0.10
   39 S    0 -2  4  1 -1  0 -2  2 -1 -2 -4 -2 -3 -4 -1  3  1 -2 -1 -3    6   1  20   9   1   4   1  15   1   3   0   0   0   0   2  23   9   1   2   1  0.41 0.27
   40 S    3 -2 -2 -2  4 -1 -2  0 -3 -2 -2 -2 -2  0 -3  1  1  1  1  2   25   2   1   1   9   2   1   5   0   1   1   1   0   4   0  13   9   2   5  16  0.27 0.22
   41 P    0 -3 -3 -3 -4  0 -2 -3 -1 -3 -3 -1 -4 -2  7  0 -2 -5 -4 -3    8   1   1   1   0   5   3   2   2   1   2   4   0   2  59   6   2   0   0   2  1.35 0.47
   42 V    0 -5 -5 -3 -4 -3 -5 -5 -5  2  0 -3  1  0 -5 -4 -3 -5 -3  6    6   0   0   1   0   1   0   0   0   6   7   2   3   4   0   0   1   0   0  68  1.10 0.46
   43 S    0  0  1  1 -4 -1 -2 -2  0 -4 -4 -1 -3 -4  1  4  1  2 -2 -4    5   5   7   7   0   1   1   1   2   0   1   3   0   0   8  44  10   3   1   0  0.57 0.34
   44 A    4 -4 -4 -3 -2 -3  2 -3 -4 -3 -5  0 -4 -5  6 -1 -3 -6 -3 -1   34   0   0   0   1   0  16   0   0   1   0   5   0   0  35   3   1   0   1   3  1.00 0.44
   45 S    1  4 -1 -1 -4  0  2 -2 -2 -4 -3  0 -3 -4 -2  1  1 -2 -4 -2   11  26   2   3   0   4  18   2   0   0   2   3   0   0   1  11  11   1   0   2  0.37 0.26
   46 T    0  3 -1  4 -3  2  1 -3  0 -4 -4 -1 -4 -5 -3  2  0 -5 -4 -3    6  21   1  28   1   9   9   0   2   0   1   2   0   0   0  15   6   0   0   1  0.58 0.30
   47 L   -4 -5 -6 -6 -4 -5 -5 -6 -5  1  6 -5  0  0 -5 -5 -4 -4 -4 -1    0   0   0   0   0   0   0   0   0   6  86   0   1   3   0   0   0   0   0   2  1.52 0.53
   48 A    7 -4 -5 -5 -4 -4 -4 -2 -5 -4 -4 -4 -4 -5 -3 -2 -2 -5 -5  1   86   0   0   0   0   0   0   2   0   0   0   0   0   0   1   0   1   0   0   8  1.58 0.60
   49 R    0  6 -1 -3 -5  2  0 -4 -1 -5 -4  4 -3 -5 -4 -1 -2 -5 -4 -4    7  45   2   1   0   7   4   0   1   0   1  28   0   0   0   2   1   0   0   0  1.03 0.43
   50 A    6 -4  2  1 -1 -3 -3 -3 -4 -4 -4 -4 -4 -5 -4  0 -3 -6 -5 -3   75   0   8   8   1   0   1   1   0   0   1   0   0   0   0   5   0   0   0   0  1.26 0.54
   51 G   -3 -6 -4 -5 -6 -5 -6  7 -6 -7 -7 -5 -6 -7 -6 -3 -5 -6 -6 -7    1   0   0   0   0   0   0  97   0   0   0   0   0   0   0   1   0   0   0   0  2.42 0.72
   52 F   -5 -6 -6 -6 -5 -6 -6 -6 -4 -3 -2 -6 -3  9 -6 -5 -5  1  0 -4    0   0   0   0   0   0   0   0   0   0   3   0   0  91   0   0   0   2   1   0  2.62 0.74
   53 L   -4 -4 -5 -5 -2 -4 -5 -5  1 -2 -1 -5 -3  5 -5 -1 -4 -1  8 -1    0   0   0   0   1   0   0   0   3   2   4   0   0  27   0   4   0   0  50   5  1.53 0.52
   54 Y    0 -5 -5 -5 -5 -4 -5 -5  0 -4 -3 -5 -4  4 -5 -1 -4 -1  8 -4    9   0   0   0   0   0   0   0   2   0   1   0   0  17   0   5   0   0  63   0  1.84 0.61
   55 T   -1 -4 -3 -4 -3 -3 -4 -4 -4 -1  2 -2  0 -3 -4 -1  6 -4 -3  1    5   0   0   0   0   1   0   0   0   3  20   2   2   0   0   3  54   0   1   8  0.85 0.41
   56 G   -3 -5 -2 -4 -6 -1 -3  7 -5 -6 -6 -4 -6 -6 -5 -3 -5 -5 -6 -6    0   0   2   1   0   3   2  90   0   0   0   1   0   0   0   0   0   0   0   0  2.09 0.64
   57 E   -2 -1  1 -1 -1  1  2 -3  2 -2 -2 -2 -2  0  3 -1 -1 -3  2  2    2   4   7   1   1   7  19   0   5   1   2   1   0   4  15   3   4   0   8  17  0.28 0.21
   58 G    0  0  1  0 -3  0 -1  5 -3 -5 -4  0 -4 -3 -3  1 -3  2 -4 -4    6   6   7   4   0   3   3  46   0   0   1   6   0   1   1  11   0   3   0   0  0.65 0.30
   59 D   -5 -4  0  8 -5 -1 -2 -5 -5 -6  0 -4 -5 -5 -5 -3 -3 -7 -6 -5    0   0   3  81   0   2   1   0   0   0  10   0   0   0   0   0   1   0   0   1  1.93 0.66
   60 T    0  3 -1 -2 -4  1  3 -4 -2  0 -4  4  0 -5 -4 -2  0 -5 -4 -1    6  18   2   0   0   4  24   0   0   6   0  27   3   0   0   0   5   0   0   4  0.56 0.31
   61 V    0 -6 -6 -7 -2 -6 -6 -6 -7 -1 -1 -6 -3 -4 -6 -5 -3 -6 -5  7    7   0   0   0   1   0   0   0   0   0   4   0   0   0   0   0   0   0   0  88  1.84 0.66
   62 Q   -1  3 -3 -3  0  5  1 -2 -3 -3 -5  4 -4 -6 -3 -2 -3 -3 -4 -3    4  15   0   0   2  33   7   4   0   2   0  31   0   0   1   1   1   0   0   1  0.90 0.43
   63 C   -5 -1 -7 -8 12 -7 -8 -2 -7 -6 -6 -7 -6 -7 -7 -5 -5 -7 -7 -5    0   4   0   0  93   0   0   4   0   0   0   0   0   0   0   0   0   0   0   0  3.74 0.97
   64 F    0 -6 -2 -6  2 -6 -6 -6 -1 -2 -1 -6 -3  8 -4 -5 -4 -3  1 -2    9   0   3   0   4   0   0   0   2   1   5   0   0  70   1   0   1   0   3   2  1.66 0.57
   65 S   -2 -1 -2 -4  6 -3 -1 -1  2 -3 -1 -3 -2  2 -4  3 -2  3  3 -4    2   4   1   0  21   0   4   4   5   1   5   0   1   9   0  31   1   3   9   0  0.65 0.35
   66 C   -4 -3 -6 -7 12 -6 -7 -6 -6 -5 -5 -6 -5 -6 -6 -5 -5 -6 -3 -5    0   2   0   0  95   0   0   0   0   0   0   0   0   0   0   0   0   0   1   0  3.85 0.96
   67 H   -3 -1  2  0 -4 -1 -2  5  5 -5 -4 -1 -3 -4 -1 -1 -3 -5 -2 -5    0   3   9   4   0   2   2  50  14   0   1   4   0   0   4   4   0   0   1   0  0.88 0.37
   68 A    0 -2 -2 -1  0 -2  0  4 -3  0  1 -1 -1 -3 -3 -2  0 -4 -3  1    7   2   0   4   2   1   6  33   0   6  15   3   1   0   0   0   7   0   0  12  0.28 0.19
   69 A    0  1 -2 -3  0  0  0  1 -1  1 -1  1  3 -3 -3 -1  2 -4 -3  1    8  10   1   0   2   4   6  10   2   7   2   8  11   0   0   1  17   0   0  11  0.16 0.17
   70 V   -2 -4 -5 -5 -3 -4 -5 -5 -3  4  4 -4  0 -1 -4 -4 -2 -3 -3  3    3   0   0   0   0   0   0   0   0  24  46   0   1   1   0   0   2   0   0  19  0.83 0.34
   71 D   -1  3 -1  4 -1  0  2 -1 -1 -4 -4  2 -2 -4 -3  1 -1  0 -2 -4    3  18   1  25   2   2  14   3   1   0   0  11   1   1   0  11   3   2   1   0  0.45 0.25
   72 R   -3  2  5  3 -1  1  1  1  1 -5 -5  0 -4 -4 -3  0  0 -5 -2 -4    0  10  30  17   2   5   7   9   4   0   0   4   0   0   0   5   4   0   1   1  0.55 0.27
   73 W   -6 -1 -7 -8 -6 -6 -7 -6 -6 -6 -4 -6 -5 -3 -7 -7 -6 13 -2 -7    0   4   0   0   0   0   0   0   0   0   1   0   0   0   0   0   0  92   0   0  4.44 1.08
   74 Q   -1  1  2 -1  0  3  2 -2 -1 -3 -3  3 -1 -4 -3 -1 -1 -4 -3  0    5   7  11   1   3  15  17   2   1   0   1  20   1   0   0   3   3   0   1   7  0.35 0.22
   75 Y   -1  2 -2 -2 -2  1  1 -3  2 -2 -3 -1 -3  0  5 -1 -2 -3  4 -1    4  11   1   2   1   8   8   1   5   2   1   1   0   3  26   4   1   0  17   4  0.54 0.27
   76 G   -3 -3  1 -2 -5 -4 -1  7 -4 -5 -6 -3 -5 -6 -5 -1 -2 -5 -5 -6    1   1   7   2   0   0   4  77   0   1   0   1   0   0   0   3   2   0   0   0  1.57 0.53
   77 D   -5 -5 -1  8 -6 -3  0 -1 -3 -4 -6 -3 -6 -6 -5 -4 -4 -7 -6 -6    0   0   1  86   0   0   5   4   1   1   0   1   0   0   0   0   0   0   0   0  2.15 0.68
   78 S   -2  1  3  3  5  2 -1 -3 -1 -3 -4 -1 -3 -4 -4  3  0 -4 -4 -2    1   9  14  17  12  12   1   1   1   1   1   1   0   0   0  24   3   0   0   3  0.53 0.30
   79 A    3 -5 -5 -4 -4 -4 -3 -4 -5 -2 -2 -4 -4 -5  7 -3 -1 -6 -5  1   26   0   0   0   0   0   1   0   0   2   4   0   0   0  51   0   4   0   0  11  1.32 0.49
   80 V    0 -3 -4 -3 -3 -1 -2 -3 -3  2  0 -2  5  1 -4 -2  1  5 -2  3    9   1   0   1   0   2   2   1   0  14   6   3  16   5   0   1   9   9   0  21  0.43 0.25
   81 G    0 -1 -2  1 -4  1  4  1 -2 -2 -2  0 -2 -2 -3  1 -1 -2 -3  1    9   3   1   7   0   6  31  10   0   2   2   3   0   1   0  10   3   0   0  11  0.30 0.21
   82 R   -3  5 -3  0 -5  1  4 -3 -3 -4 -2  3 -3 -5 -4 -2 -3 -5 -4 -4    0  32   0   4   0   4  30   2   0   1   5  19   0   0   0   1   1   0   0   0  0.84 0.38
   83 H   -6  0 -3 -5 -7 -4 -4 -6 11 -7 -7 -5 -6 -5 -2 -5 -6 -6 -2 -7    0   4   0   0   0   0   0   0  92   0   0   0   0   0   2   0   0   0   0   0  3.41 0.93
   84 R    0  5 -3 -3 -5  1 -1 -4 -2 -4 -1  4 -1 -4 -4 -2 -2  3 -4 -3    8  34   0   1   0   7   2   0   1   0   8  30   1   0   0   2   1   4   0   1  0.76 0.36
   85 R   -2  4  1 -3 -5  3  0 -4 -1 -3 -2  4 -2 -4 -4 -2 -1  3 -3 -4    3  26   6   0   0  17   5   0   1   2   4  27   1   0   0   1   2   5   0   0  0.70 0.34
   86 I    0 -2 -3 -4 -2 -2 -3 -4  5 -1  2  0  0  3 -4 -2 -2  5  0  1    9   1   0   0   1   1   0   0  16   2  26   6   1  12   0   3   1   9   2  10  0.44 0.26
   87 S    0 -1 -1 -2 -3 -2 -2 -3  0 -3 -3 -3 -3  5 -4  3 -2 -2  4 -3    8   3   3   1   0   1   2   1   2   0   1   0   0  30   0  30   0   0  17   0  0.78 0.37
   88 P   -2 -4 -5 -3 -5 -4 -3 -4 -5 -5 -6 -4 -5 -6  8 -2 -4 -6 -6 -5    2   1   0   1   0   0   1   1   0   0   1   1   0   0  85   3   0   0   0   0  2.50 0.73
   89 N    0  0  4  0 -3 -1 -1  0  2 -1 -3  0 -2 -2 -3  3  1 -4 -2 -3    8   4  24   5   0   1   2   6   4   4   1   5   1   1   0  24   7   0   1   1  0.36 0.22
   90 C   -4 -6 -6 -6 11 -6 -6 -1 -6 -5 -5 -6 -5 -5 -6 -4 -4 -5 -4 -4    0   0   0   0  90   0   0   4   0   0   1   0   0   0   0   0   0   0   1   0  3.50 0.87
   91 R   -1  3 -1 -1 -2  0  1 -1 -2 -3 -2  2 -2 -3  3  2 -1 -1 -3 -1    2  15   1   3   1   2   8   4   0   1   3  17   0   1  15  19   2   1   0   4  0.34 0.20
   92 F   -4 -5 -5 -5 -5 -5 -4 -5  0 -2 -1 -5  1  8 -5 -1 -4  0  2 -3    0   0   0   0   0   0   1   0   2   1   5   0   4  73   0   4   0   1   6   1  1.80 0.56
   93 I   -2 -4 -5 -5 -3 -4 -3 -5 -5  5  2 -4  1 -2 -4 -4 -3 -4 -3  4    3   0   0   0   0   0   1   0   0  38  16   0   3   0   0   0   0   0   0  35  0.92 0.36
   94 N   -2  3  1 -3  3  4 -1 -4 -1 -2  1  0 -1 -3 -3  1  1 -4 -2 -2    1  15   8   1   6  22   2   1   1   2  16   3   1   0   1   9   7   0   2   2  0.40 0.28
   95 G   -1 -1  3  0  3 -1  1  4 -1 -4 -4  0 -3 -4 -3  1 -1 -4 -3 -3    3   4  16   4   6   2  10  28   2   1   2   4   0   1   1  12   4   0   1   1  0.44 0.24
   96 F   -1  1 -1 -2  0 -1 -1 -2  1  0  2  0  1  1  0  0  0 -1 -1  0    3   8   2   2   2   3   2   2   5   5  23   4   3   8   5  10   6   1   1   5  0.08 0.10
   97 Y    0  0  1  1 -2  0  0 -2  2 -1 -1  0 -1 -1  2  0  1 -2  1 -1    9   4   6  11   1   2   5   2   7   2   8   5   1   2   9   8   8   0   7   5  0.10 0.09
   98 F   -1  0 -1 -2  3  0 -1 -1 -2 -2 -1 -2 -2  3  0  2  1 -3 -1  1    3   5   3   1   7   6   3   6   0   1   4   1   0  14   5  20   7   0   1  11  0.18 0.17
   99 E    0  1  1  0 -1  0  1  2 -2 -1 -1  0 -1 -2 -1  0  1 -1 -2  0    7   7   7   3   2   2  12  17   0   2   4   4   1   1   2   6  10   1   1   9  0.11 0.09
  100 N    0  0  6  0 -2  0 -1 -1 -1 -3 -3 -2 -3 -3 -2  1  0 -4 -3 -3    7   4  44   3   1   3   4   4   1   1   2   2   0   1   2  11   5   0   1   2  0.73 0.34
  101 G   -1 -2  3 -1  0 -1 -2  0 -1  1 -1 -2 -1  0  0  1  0 -3 -2  2    3   2  16   2   2   2   2   7   1   8   5   1   1   4   5  14   5   0   1  18  0.15 0.14
  102 A    1 -1  0 -3  0 -1 -2 -1  0 -1  1 -1 -2 -2  4  1  0 -3 -3 -1   11   4   6   1   2   2   1   4   2   3  19   2   0   1  22   9   5   0   1   5  0.28 0.18
  103 T    0  0  1 -1 -1  0  1  0 -1  1  1 -1  0 -2  0  1  0 -2 -1  0    6   6   6   2   1   3   9   9   1  12  14   2   1   1   3  11   7   0   2   3  0.04 0.07
  104 Q    0 -1  1 -1 -2  1 -1  0 -1  0  0  0 -1  0  1  1  1 -2 -2 -1    7   3   7   2   0   8   3   5   1   5  10   6   1   5   8  15   7   0   1   5  0.09 0.09
  105 S    0 -2  2  0  1  0 -1 -1 -1 -2 -2 -2 -3 -1  3  3  1 -3 -2 -2    9   2   9   4   3   4   3   3   1   3   3   1   0   3  17  22   9   0   1   2  0.33 0.20
  106 T    0  0  1  0 -1  0  0  0 -1  0 -1  0  0  0  0  1  1 -2 -1  0    8   6   6   4   1   2   4   6   1   6   6   4   3   4   4  13  13   0   1   5  0.05 0.06
  107 S    0  0  2  0 -1  0 -1  0  3 -1 -2 -1 -1 -1  1  2  0 -3 -1  0    6   4  10   5   1   4   2   7   8   4   3   3   1   3   7  19   7   0   2   6  0.14 0.11
  108 P   -1 -3 -1  0 -3 -2 -2 -3  0 -4 -3 -2 -3 -3  6  2  0 -4 -3 -2    5   1   3   5   0   2   2   2   2   1   3   2   0   1  47  16   5   0   1   3  1.02 0.40
  109 G    1 -1  1  1 -2 -1  0  1 -1  0  0 -1 -1 -2  1  1  0 -3 -2  0   13   3   7  10   1   2   4  10   1   4  12   2   1   1   6  12   5   0   1   6  0.08 0.08
  110 I    1 -1 -2 -2 -2 -2 -2 -1 -2  2  1 -1  0  1 -1  0  1 -1 -1  2   12   4   2   1   1   1   2   4   1  13  10   3   2   6   3   8   9   1   1  17  0.10 0.09
  111 Q    0 -1  1 -2 -2  3  0 -1  0 -1 -2 -1 -1 -1  2  2  0 -2 -2  0    6   2   6   1   1  15   5   5   2   3   4   2   1   3  11  16   6   0   1   9  0.18 0.15
  112 N   -1 -1  5  2 -3 -1  0 -1 -1 -2 -3 -2 -2 -3  1  2  0 -4 -3 -2    4   4  29  13   0   2   5   4   1   2   3   2   1   1   7  14   4   0   1   3  0.44 0.24
  113 G    0 -1 -1  0  1 -2 -1  2 -1 -2 -1 -2 -2  0  2  3 -1 -1  2 -2    5   2   3   4   3   1   4  18   1   2   5   1   1   4   9  23   3   1   7   2  0.22 0.17
  114 Q    0  0  0  0 -3  4  0 -1  1 -1  0 -1 -1 -1  0  0  0 -3 -2  0    8   5   5   5   0  24   4   3   3   2   9   2   1   2   4   7   6   0   1   8  0.19 0.16
  115 Y    0 -1  0 -1 -2 -1 -1 -2  4  0  1 -2  0  0  2  0  0 -1  2 -1    7   3   4   3   1   3   3   3  11   6  13   1   2   3  12   8   6   1   8   4  0.15 0.12
  116 K    0  2  1  0 -2  0  0 -1  2 -1  0  0  0 -2  0  1  0 -3 -1 -1    7  12   6   5   0   4   5   4   5   2  12   5   2   1   5  13   6   0   2   3  0.08 0.08
  117 S    1 -2 -1  0 -2 -1  0 -1  0 -1 -1 -2 -2 -1  0  3  2 -1 -2  0    9   2   2   4   1   2   6   5   2   2   8   1   1   3   5  24  14   1   1   7  0.17 0.16
  118 E   -1 -1 -1 -1 -2  2  3 -2  1 -1  0 -1 -1 -1  1  1  0 -3 -2 -2    5   3   3   3   1  10  24   2   4   3   9   1   1   3   8  10   6   0   1   3  0.22 0.18
  119 N   -1 -1  4  1 -3  0  2 -1  3 -2  0 -2 -2 -3  1  1 -1  0 -2 -3    5   2  20   7   0   3  12   3   6   2   9   1   0   0   7  13   4   1   1   1  0.28 0.21
  120 C    0 -1  0  1  1  1  0  0  2 -2 -2 -1 -2 -3  1  2  1 -1  0 -1    6   3   5   9   4   7   6   8   6   2   4   2   1   1   7  16   8   1   3   3  0.14 0.13
  121 V   -1  0 -1 -2  3  0 -2 -3 -2  0  2 -2  0 -2  0  2  0 -3 -2  1    5   7   2   1   7   4   2   2   1   4  22   1   2   1   5  15   6   0   1  12  0.18 0.16
  122 G   -1 -1 -1 -1 -3  0  1  3 -3 -2 -1 -2 -3 -3  2  2  0 -3 -2 -2    5   3   1   2   0   4   8  26   0   2   8   1   0   1   9  18   6   0   1   3  0.31 0.21
  123 N    0 -1  5  0 -3 -1  0  0  1 -1 -1 -1 -2 -3  0  1  0 -4 -2 -2    6   3  29   3   0   2   7   7   4   3   7   2   1   1   5  12   4   0   1   3  0.32 0.21
  124 R   -1  1 -1 -1 -2  2  1 -1 -1 -1  0 -1 -1 -2  1  2  0  0  0 -1    3   9   1   2   1  12   9   4   2   2  10   1   1   1   6  20   4   1   4   4  0.16 0.16
  125 N    0  0  2  1 -3  0  2  1  1 -3 -2  0 -2 -3  1  1  0 -1 -2 -2    8   4  12   6   0   3  14  10   3   1   5   4   1   1   7  11   6   1   1   3  0.17 0.12
  126 H   -1  0  0 -1  1  0  0 -1  3 -1  0 -2  2 -2  2  2 -1 -1  1 -1    4   6   4   2   3   4   6   5   8   3   8   1   7   1  10  16   3   1   5   3  0.13 0.13
  127 F   -1 -2 -1 -1  3 -1 -1  0  0 -1  1 -2 -1  3  1  1  0 -2  0  0    5   1   3   3   7   2   3   7   2   2  13   2   1  17   7  10   6   0   3   5  0.14 0.12
  128 A    1 -1  0 -2  0  0 -2 -1 -1  0 -1 -1 -2  0  3  2  0 -3  1  0   13   3   4   1   2   4   2   3   1   4   5   2   0   4  14  20   6   0   5   6  0.20 0.16
  129 L   -1  0  0 -2  0 -1 -1  0  0  0  1 -1  1  0  0  1  0  2  0  0    4   5   6   2   2   2   4   7   2   5  14   3   3   4   6  11   6   2   4   6  0.05 0.06
  130 D   -3 -2  0  2  1  2 -1 -1  0 -2 -2 -2  0 -2  1  4 -1  1 -1 -3    2   2   4  11   3   9   4   6   2   2   5   2   2   2   7  26   3   2   2   2  0.37 0.33
  131 R   -1  1  0  1  0  1  0  1  0 -2 -2 -1  0  0 -1  2 -1 -5  1 -2    6   7   4   9   2   5   6   9   2   2   5   4   2   4   4  16   4   0   5   3  0.13 0.15
  132 P   -2 -3 -2 -2  0  0 -2 -1 -7  0 -2 -2  0  1  5  3 -1 -7 -1 -3    4   2   2   3   2   4   3   5   0   6   4   3   2   6  24  22   4   0   2   2  0.56 0.43
  133 S   -1 -1  0 -2 -2  0 -2 -1 -2 -2 -2 -3 -2  2  0  5  1 -4  1 -1    4   3   4   2   1   4   2   5   1   3   4   1   1   8   4  39   7   0   5   4  0.45 0.39
  134 E   -2 -2  0  3 -1  0  2 -1 -1 -3 -1 -2 -2  2  0  1  0 -4 -1 -2    3   2   5  20   1   3  14   4   1   1   8   1   1   8   5  13   5   0   2   3  0.25 0.24
  135 T   -1 -2  1  0  0  0  1 -2 -3 -2 -1 -3 -1 -2  2  2  3 -1 -1 -1    5   2   7   6   2   4   8   2   0   2   6   1   1   2  11  16  17   1   2   5  0.23 0.24
  136 H   -1  0  0 -1 -1  2  1 -2  3 -2 -1 -2 -1  1  0  2 -1 -3 -1  1    3   5   3   3   1  10   9   2   9   2   6   1   2   7   5  16   3   0   1  11  0.17 0.21
  137 A    1 -2  0  3 -2  0  0 -1 -2 -2 -2 -2  2 -3  2  2 -1 -4  0 -1   14   2   4  15   1   3   5   5   1   1   3   1   5   1  10  16   2   0   3   5  0.25 0.26
  138 D   -1 -1  1  3 -4  1  0  2 -2 -2 -3 -2 -3 -4  3  2 -1 -1 -3 -3    4   3   5  16   0   6   5  16   1   2   2   2   0   0  13  17   3   1   1   2  0.36 0.30
  139 Y   -1 -1  2  0 -1  3  0 -2 -1 -1 -2 -2 -1  0 -1  0 -1  0  3  1    4   3  11   5   2  13   6   3   1   2   3   1   1   5   4   8   2   1  14  13  0.20 0.24
  140 L   -1  0  2 -2 -3  0 -1 -2 -3  0  1 -1 -1  2  3  0  0 -3 -1 -1    5   5  11   1   0   5   3   2   0   5  16   4   2   9  17   7   4   0   1   4  0.22 0.22
  141 L   -1 -3 -1 -3 -1  1 -1 -1 -3  1  2 -2  0  1  0  1  0  0 -1  1    3   0   3   0   1   8   3   5   0   6  27   2   2   5   5  12   4   1   1  11  0.15 0.20
  142 R   -1  4  3 -1 -4 -1 -1 -1  0 -3 -3 -1 -3 -2 -2  3  1 -1 -4 -1    4  24  14   4   0   2   4   3   2   2   3   2   0   2   2  20   7   1   0   4  0.40 0.34
  143 T    1 -1  0 -1  0  1 -1 -1 -3 -1  0 -2 -1 -1  0  2  2 -3  0  0   11   2   4   2   2   6   4   4   0   3   9   0   1   3   4  20  14   0   3   8  0.14 0.19
  144 G   -1  3  2 -1 -1  0  0  1 -1 -3  1  0  0 -3 -1  0 -1 -4 -3 -1    3  16  11   3   1   4   5  13   1   0  18   6   3   0   4   6   3   0   0   4  0.18 0.21
  145 Q    1 -1  1 -2 -5  5  0 -1  0 -2 -2  1  0 -5  1  0 -1 -5 -4 -2   10   3   7   2   0  33   5   6   2   2   3   6   2   0   6   5   4   0   0   3  0.50 0.42
  146 V    0  0  2  0 -3 -1 -1  1 -2  0 -1 -1  0 -2  1  0  0  0  0  2    6   5  11   6   0   3   3   9   0   5   4   2   2   1   6   6   4   1   4  20  0.10 0.16
  147 V   -1  1 -1 -1  1  0  1 -2  1  1  0 -1  0  0  0  0  0  1 -2  1    3   9   3   3   3   4  12   3   5  11   7   3   3   4   5   5   4   2   0  11  0.06 0.11
  148 D   -2 -1  0  5 -4  0  1  0 -3 -1 -2 -3 -4 -4  1  1  0 -5  0 -2    3   3   4  31   0   5  10   6   0   3   4   0   0   0   8  10   5   0   3   3  0.44 0.34
  149 I    1  0  0 -1  0  0 -1 -1 -2  0  0  0  2  1  0  1  0 -3  0  0   11   4   3   4   2   4   3   3   0   7   8   6   8   8   4  12   6   0   2   5  0.05 0.10
  150 S   -1 -1  0 -1  0  0  1 -1  0 -2 -2 -4 -4  0  0  4  0 -5 -1 -2    6   3   4   3   2   3  10   4   2   3   5   0   0   4   5  35   5   0   3   2  0.39 0.37
  151 D   -1  1  0  2  0  1  1 -2  3 -2 -2 -1  0 -1  2  1 -1  1 -1 -2    5   7   4  12   2   7   8   3   7   2   5   3   2   3   9  12   3   2   2   2  0.17 0.19
  152 T   -1  3  0 -2  0  1 -1 -2  2 -2  0 -1  0 -1  1  0  2 -4 -1 -2    5  14   4   2   2   8   4   3   5   2   9   2   3   3   6   8  16   0   2   2  0.19 0.23
  153 I    0  1 -1 -1  0  0 -1 -1 -2  1  0  0  1 -1  0  1  2  0 -1  0    8   9   2   4   2   4   2   4   0   9   8   5   4   2   3   9  15   1   2   6  0.05 0.06
  154 Y   -1  1  1 -2 -2  0 -1 -2  2 -2  0 -1 -1  0  0  0 -1  0  5 -2    4   9   6   2   1   5   4   3   6   1   8   2   1   2   6   7   3   1  25   2  0.28 0.17
  155 P   -2 -2 -3 -1  1 -2 -1 -1 -3 -2 -2 -1 -2 -2  7 -1 -2 -4 -3 -3    3   2   1   3   3   1   4   4   1   3   4   4   1   2  55   5   2   0   1   2  1.15 0.38
  156 R    0  2  1 -1  0  1  0 -1  3 -1 -2  2  1 -1 -2  0 -1  0  1 -1    6  12   9   3   2   4   5   3   7   3   3  14   6   2   2   6   1   1   6   4  0.13 0.11
  157 N    0 -1  5  0 -1 -1 -1 -2  4 -2 -3 -1 -3  0 -3  0  0 -3  3 -1    7   3  29   4   2   1   3   2   9   3   2   3   0   4   1   7   4   0  12   4  0.39 0.22
  158 P   -3 -2 -3 -2  0 -2  0 -3 -2 -4 -3 -2 -2 -2  7  0 -1 -3  1 -3    1   2   1   2   2   2   6   2   1   1   3   3   1   2  56   7   3   0   6   1  1.25 0.43
  159 A    2 -1 -1  2 -2  1  2 -1  4 -2 -3 -1 -2 -3 -2  2 -1 -3  0 -2   21   3   2  10   1   5  13   4  11   2   2   1   0   1   1  17   2   0   3   1  0.28 0.19
  160 M   -4 -3 -3 -5 -4 -3 -5 -5 -4 -2  1 -4  9  0 -5 -4 -4 -4  4 -1    1   1   1   0   0   1   0   1   0   0   9   0  63   3   0   0   0   0  14   4  1.86 0.64
  161 C    0  4  0 -3  4  0 -1  1  0 -4 -3  2 -2 -4 -3  1 -2 -2 -1 -2    8  29   4   0  10   2   3   9   2   0   2  12   1   0   0  12   1   1   2   2  0.43 0.24
  162 S   -2  0  3  1 -1 -2 -2 -2 -2 -2 -3 -1 -2 -1 -3  3  3 -3  0 -3    1   6  13   8   1   0   1   2   0   2   2   3   1   3   0  29  24   0   3   1  0.46 0.29
  163 E   -3 -3 -3 -1 -4 -2  7 -4 -2 -3 -4 -2 -1 -2 -3 -2 -3 -5  2 -2    1   0   0   2   0   0  74   1   1   1   2   1   2   1   1   2   1   0   8   2  1.42 0.56
  164 E    1 -2 -1  1 -4  2  5 -2 -1 -1 -1  0 -3 -2 -3  0 -2 -2 -3 -2   16   1   2   6   0   7  41   2   1   4   5   4   0   2   0   7   1   0   1   2  0.49 0.29
  165 A    4  1  1  1 -3  1  1 -2 -1 -2 -1 -1 -1 -4 -3  0  0 -4 -1 -1   39   6   7   7   0   6   9   1   1   2   5   3   1   0   0   3   5   0   2   4  0.30 0.22
  166 R   -5  8 -4 -5 -7 -3 -4 -6 -4 -6 -6 -2 -5 -6 -6 -5 -5  4 -5 -6    0  93   0   0   0   0   0   0   0   0   0   0   0   0   0   0   0   5   0   0  2.57 0.80
  167 L   -4 -3 -6 -6 -4 -3 -5 -6 -5  2  6 -5  1  1 -5 -4 -4 -2 -3 -2    0   1   0   0   0   1   0   0   0  10  77   0   3   5   0   1   0   0   1   1  1.31 0.49
  168 K   -1  4  0  0 -2  3  0 -3 -1  0  0  2 -1 -3 -3 -1 -2 -4 -3 -1    6  23   4   5   1  14   5   1   1   6  12  16   1   0   0   3   1   0   0   2  0.31 0.21
  169 T   -3 -4 -3 -4 -4 -4 -4 -4 -5 -5 -5 -4 -4 -6 -4  4  7 -6 -5 -4    0   0   0   0   0   0   0   0   0   0   0   0   0   0   0  36  62   0   0   0  1.67 0.66
  170 F   -6 -6 -6 -7 -6 -6 -7 -7 -4 -4 -3 -6 -4  9 -7 -4 -6 -3  4 -5    0   0   0   0   0   0   0   0   0   0   1   0   0  87   0   1   0   0  10   0  2.67 0.77
  171 Q    0  1  0  0 -2  3  0  0  5 -3 -3  0 -3 -3 -3  2  0  0 -2 -1    6   6   3   5   0  17   6   7  15   1   1   6   0   1   0  15   5   2   1   5  0.30 0.21
  172 N   -1  0  5  0 -4  1 -1 -1  1 -3 -3  0  3 -4 -2  2  0 -5 -4 -4    5   5  34   4   0   6   2   3   3   1   1   5   8   0   1  14   7   0   0   0  0.52 0.30
  173 W   -7 -7 -7 -8 -7 -1 -7 -7 -3 -7 -5 -7 -6  1 -8 -7 -7 13 -2 -7    0   0   0   0   0   3   0   0   1   0   1   0   0   5   0   0   0  88   0   0  4.28 1.08
  174 P   -3 -5 -5 -4 -5 -4 -4 -5 -5 -5 -5 -4 -5 -4  8 -2 -2 -5 -5 -5    1   0   0   1   0   0   1   1   0   0   1   1   0   1  86   2   2   0   0   1  2.57 0.72
  175 D    0  0  0  1 -1  0  0  0 -1  0  0  0 -1 -2  0  1  1 -2 -1  0    8   7   2   7   1   3   3   5   1   6  13   5   1   1   4  16   9   0   1   5  0.05 0.05
  176 Y   -1 -2  3  1 -3  0 -1 -1  1  0  0 -2 -1 -2  0  1  2 -2  1 -1    2   0  16  10   0   3   1   4   4   6  12   0   1   0   4  11  16   0   7   2  0.19 0.18
  177 A    2 -1 -1 -1  1 -3 -3  0 -1 -3 -4 -3 -3 -2  0  4  2 -4  2 -1   19   3   2   3   4   0   0   5   1   0   0   0   0   1   3  33  14   0   8   3  0.44 0.30
  178 H   -2 -3 -1 -2 -4  0 -3 -3  1  1 -3 -3 -3  3  6  0 -2  1 -2 -1    2   0   3   1   0   4   0   1   3  10   1   1   0  14  40   9   2   2   1   3  0.83 0.36
  179 L   -2 -3 -5 -3 -3  0 -4 -2 -5  2  2 -3  1 -3 -4 -4 -2 -5 -3  5    2   1   0   1   0   6   0   3   0  12  23   2   3   0   1   0   0   0   0  46  0.70 0.34
  180 S    0  1  2 -1 -4  0 -2 -3  1 -4 -3  0 -2 -1 -2  4  3 -1 -2 -3    6   9  11   3   0   4   1   0   3   0   2   6   0   3   1  32  18   1   1   0  0.43 0.28
  181 P    1 -5 -5 -5 -6 -1 -3 -5 -5 -6 -6  0 -5 -7  8 -1  0 -7 -6 -4   13   0   0   0   0   2   1   0   0   0   0   6   0   0  68   4   5   0   0   1  1.86 0.63
  182 R    1  3 -1 -1 -3  2  4 -2  0 -4 -3  1 -3 -5 -3  1 -1 -2 -4 -3   12  22   2   1   0   9  28   2   2   0   2   7   0   0   0   8   4   0   0   1  0.49 0.27
  183 E    0  0  0  5 -5  2  3  0 -3 -4 -3  0 -4 -5 -3 -1 -1 -5 -4 -4    6   4   2  32   0   9  24   6   0   0   3   4   0   0   1   4   4   0   0   0  0.60 0.29
  184 L   -4  0 -6 -7 -4 -5 -6 -5 -6 -1  6 -5  0  0 -6 -5 -4 -5 -4 -1    0   6   0   0   0   0   0   1   0   1  87   0   1   2   0   0   0   0   0   3  1.48 0.54
  185 A    6 -5 -5 -5 -4 -4 -4 -2 -5 -4 -4 -4 -4  1 -3 -2 -2 -5 -4  1   81   0   0   0   0   0   0   2   0   0   0   0   0   6   0   1   1   0   0   9  1.40 0.57
  186 S    0  4  1 -2 -5  2  2 -3 -2 -4 -3  4 -1 -5 -4  0 -2 -5 -4 -4    9  29   8   1   0   7  13   0   0   0   2  25   2   0   0   4   0   0   0   0  0.65 0.31
  187 A    7 -5 -2  0 -2 -3 -3 -3 -5 -5 -4 -4 -4 -6 -4  0 -2 -6 -5 -3   87   0   2   5   0   0   0   0   0   0   1   0   0   0   0   4   1   0   0   1  1.55 0.60
  188 G   -2  0 -4 -5 -6 -5 -5  7 -5 -7 -7 -4 -6 -7 -6 -3 -5 -6 -6 -7    1   6   0   0   0   0   0  92   0   0   0   0   0   0   0   1   0   0   0   0  2.18 0.66
  189 L   -6 -6 -7 -7 -6 -6 -7 -7 -5 -3  2 -7  0  9 -7 -6 -5 -3 -1 -4    0   0   0   0   0   0   0   0   0   0  17   0   2  82   0   0   0   0   0   0  2.32 0.69
  190 Y   -4 -5 -5 -4 -3 -5 -5 -6 -1 -2 -2 -5 -4  5 -6  1 -4 -2  8 -3    0   0   0   1   0   0   0   0   1   2   3   0   0  25   0  10   0   0  56   1  1.73 0.59
  191 Y   -1 -5 -5 -4 -6 -5 -5 -6  4 -4 -4 -5 -4  5 -6 -1 -5 -2  8 -4    6   0   0   1   0   0   0   0   8   0   0   0   0  21   0   5   0   0  60   0  1.88 0.62
  192 T   -1 -3 -4 -4 -3 -3 -4 -4 -4  1  3 -2  0 -2 -4  0  3 -4 -3  2    5   1   0   0   0   0   0   0   0   7  39   2   1   0   0   7  25   0   0  12  0.52 0.29
  193 G   -3 -4  0 -3 -6  2 -3  7 -2 -7 -7 -3 -4 -6 -5 -3 -4 -6 -6 -6    0   0   5   1   0  10   2  79   1   0   0   1   0   0   0   0   0   0   0   0  1.71 0.57
  194 I   -2  0 -1 -2 -1  1  2 -4  0 -1 -2 -1 -2  0  4 -1  0 -4 -1  1    1   4   3   1   1   6  18   0   3   4   2   2   0   4  25   3   8   0   2  13  0.40 0.23
  195 D    1  0 -1  1 -3  1  1  5 -3 -5 -3 -1 -4 -5 -2  0 -2 -5 -4 -4    9   6   2   7   0   8  12  43   0   0   3   2   0   0   1   6   1   0   0   0  0.58 0.28
  196 D   -5 -5 -1  8 -7 -4 -2 -5  3 -6 -7 -4 -6 -6 -5 -4 -4 -7 -6 -5    0   0   1  90   0   0   0   0   6   0   0   0   0   0   0   0   0   0   0   1  2.34 0.70
  197 Q   -2  4  0 -2 -4  2  2 -4  0 -1 -2  3  2 -4  1 -2  0 -4 -3 -3    1  24   4   0   0  10  12   0   3   5   2  18   7   0   7   1   5   0   0   0  0.44 0.25
  198 V    0 -6 -6 -6 -4 -5 -6 -6 -6  2 -1 -5 -2 -4 -5 -5 -2 -6 -4  7    6   0   0   0   0   0   0   0   0   6   2   0   0   0   0   0   1   0   0  84  1.66 0.59
  199 Q    2  2 -3 -3  0  6  2 -4 -3 -4 -5  3 -2 -5 -2 -2 -3 -1 -4 -3   16  10   0   0   2  40  10   0   0   1   0  17   1   0   1   0   0   1   0   1  0.87 0.42
  200 C   -4 -1 -5 -6 11 -5 -6 -5 -6 -5 -5 -5 -5 -5 -6 -4 -4 -5 -5 -4    0   4   0   0  90   0   0   0   0   0   1   0   0   0   0   0   0   0   0   0  3.46 0.84
  201 F    2 -4 -5 -5  2 -4 -5 -4 -4 -1 -2 -4 -2  7 -3 -3 -2  2  0  0   16   0   0   0   4   0   0   0   0   3   1   0   0  58   1   0   2   3   0   8  1.19 0.43
  202 C    0 -3 -3 -4  7 -3 -1 -1  3 -3 -3 -3 -3  4 -4  0 -1  4  2 -3    9   1   1   0  30   0   4   4   8   1   1   0   0  17   0   7   3   5   7   1  0.78 0.32
  203 C   -4 -1 -5 -6 11 -5 -6 -5 -6 -5 -5 -5 -5 -5 -6 -4 -4 -5 -5 -4    0   4   0   0  90   0   0   0   0   0   1   0   0   0   0   0   0   0   0   0  3.43 0.83
  204 G   -3  0  0  0 -4 -1 -2  6  1 -6 -6  0 -5 -6 -5 -2 -4 -5 -4 -6    0   6   5   4   0   3   2  68   3   0   0   6   0   0   0   1   0   0   1   0  1.26 0.46
  205 G   -1 -3 -3 -1  0 -3 -2  6 -5 -3 -4 -3 -5 -6 -1  0 -3 -5 -5 -3    3   1   0   4   2   0   2  72   0   2   1   0   0   0   3   6   1   0   0   2  1.28 0.46
  206 K   -1 -1 -3 -3 -3  1  1  1 -2  2 -2  3  1 -3 -3 -2  1 -4 -3  2    3   2   0   0   0   6  12  11   1  14   1  20   4   0   0   0   9   0   0  18  0.25 0.21
  207 L   -3 -5 -6 -6 -4 -4 -5 -6 -5  2  5 -5  4 -2 -5 -5 -3 -4 -4  1    1   0   0   0   0   0   0   0   0  11  68   0  10   1   0   0   1   0   0   8  1.16 0.43
  208 K   -1  3  0  0  1  0  1  0 -1 -4 -3  2  1 -3 -3  2  0  0 -1 -3    5  21   3   4   4   2   7   6   1   0   1  16   5   1   0  16   5   1   2   0  0.29 0.20
  209 N   -3  1  6  2 -1  1  1 -1  1 -5 -5  1 -2 -4 -4 -1 -1 -5 -2 -5    1   7  39  13   2   4   8   5   4   0   0   9   1   0   0   3   4   0   1   0  0.69 0.32
  210 W   -7 -1 -7  1 -7 -6 -6 -7 -6 -7 -6 -7 -6  0 -8 -7 -6 12 -2 -7    0   4   0   9   0   0   0   0   0   0   0   0   0   4   0   0   0  84   0   0  3.91 0.98
  211 E   -1  1 -1  0 -2  0  5  0 -2 -4 -4  2 -1 -4 -3 -2 -2 -4 -4  0    3   7   2   3   1   3  47   8   0   0   1  14   1   0   0   1   1   0   0   7  0.65 0.32
  212 P    0  0 -2 -1 -4  0  0 -4  1 -3 -2 -1 -3 -4  6 -1 -1 -4  0 -2    6   6   2   4   0   3   6   0   3   1   5   3   0   0  48   4   3   0   4   3  0.90 0.33
  213 C   -2 -2  2 -1  2 -2 -1  5 -3 -4 -3  1 -4 -4 -4  0 -2 -4 -4 -4    0   1  10   3   6   1   3  52   0   1   3  10   0   1   0   6   2   0   0   0  0.79 0.32
  214 D   -2 -4 -1  8 -5 -3  1 -2 -4 -5 -6 -3 -5 -5 -4 -2 -4 -6 -4 -5    3   0   1  79   0   0   7   3   0   0   1   1   0   0   0   1   0   0   1   0  1.81 0.57
  215 R   -3  3  3  5  3  0 -1 -3 -2 -2 -4 -1 -3 -4 -2  1 -1 -3 -4 -2    0  19  14  32   6   3   2   1   0   2   1   1   0   1   1   9   3   0   0   3  0.58 0.28
  216 A    4 -4 -4 -4  1 -4 -4 -3 -4 -1 -1 -3 -4 -5  7 -3 -3 -5 -4 -2   31   0   0   0   3   0   0   1   0   3   5   0   0   0  51   0   0   0   0   2  1.37 0.47
  217 W   -1 -2 -2  0 -3 -2 -1 -4 -3  0  0 -2  5  1 -4 -3  0  8 -2  0    4   1   1   7   0   1   3   1   1   6  10   3  17   5   0   0   7  25   0   6  0.72 0.30
  218 S    0 -1 -1  0 -2  0  1  1 -1 -2 -2 -1 -2 -3 -3  4  0 -4 -3  0    8   3   1   4   1   4  12  10   1   2   4   3   1   1   0  36   3   0   0   7  0.29 0.22
  219 E   -2 -1 -3  0 -6  1  7 -2 -3 -6 -6  0 -3 -6 -4 -3 -4 -6 -5 -2    3   3   0   4   0   5  73   4   0   0   0   4   0   0   0   1   0   0   0   4  1.40 0.55
  220 H   -5  1 -3 -5 -4 -3 -4 -4 11 -6 -6 -4 -5 -5 -6 -5 -5 -6 -2 -1    0   6   0   0   0   0   0   1  86   0   0   0   0   0   0   0   0   0   0   6  2.96 0.84
  221 R    0  6 -2 -1 -5  2 -1 -4 -2 -3  0  2 -1 -4 -4 -1 -2  3 -3 -3    9  44   0   3   0   8   3   0   0   0  11  11   1   0   0   4   1   4   0   1  0.67 0.33
  222 R   -3  7 -2 -3 -6 -1 -2 -5 -2 -2 -2  4  0 -3 -4 -2 -3 -5 -4 -4    1  57   1   1   0   2   1   0   1   3   4  24   3   1   0   1   1   0   0   0  1.21 0.47
  223 H   -4 -4  0 -4 -5 -2 -4 -4  9 -3 -1 -3 -1  2 -5 -3 -4  5  3 -1    0   0   3   0   0   1   0   1  53   1   6   1   1  10   0   1   0   7   7   5  1.50 0.53
  224 F   -4 -4 -4 -2 -5  1 -5 -5  0 -3 -2 -5 -3  8 -6 -1 -4 -1  3 -3    1   0   1   3   0   6   0   0   2   0   2   0   0  67   0   6   0   0   9   1  1.57 0.54
  225 P   -3 -3  1 -4 -6 -4 -3 -2 -5 -5 -6 -4 -6 -7  8 -1 -4 -7 -6 -6    1   1   6   1   0   0   1   4   0   0   0   0   0   0  79   4   0   0   0   0  2.24 0.68
  226 N    0  1  4  0 -3  0 -1  0  2 -4 -3  0 -1 -2 -3  1  2 -4 -1 -3    7   7  26   4   0   4   1   6   6   0   2   7   1   2   0  11  15   0   1   0  0.34 0.22
  227 C   -4 -6 -6 -6 11 -6 -6 -2 -6 -5 -5 -6 -5 -6 -6 -4 -4 -6 -6 -4    0   0   0   0  92   0   0   4   0   0   0   0   0   0   0   0   0   0   0   0  3.58 0.87
  228 F   -1  1 -1  1 -2 -1 -1 -1 -1 -2 -2  1 -2  2  4  0 -2 -1 -1 -1    4   8   2   9   1   2   3   3   2   1   4  11   0  13  24   6   1   1   1   4  0.32 0.16
  229 F   -4 -2 -4 -4 -4 -4 -4 -4  1 -3 -1 -4 -1  8 -4 -1 -4  0  2 -3    1   2   0   1   0   0   1   1   4   1   3   1   1  69   1   5   1   1   6   1  1.56 0.48
  230 V   -1 -3 -3 -4 -3 -2 -3 -4 -3  4  2 -3  0 -1 -3 -3 -2 -3  2  4    5   1   1   1   0   2   2   1   0  23  17   1   1   1   1   1   1   0   8  35  0.54 0.24
  231 L   -2  2 -1 -2  3  1 -1 -3 -2  0  3  0  2 -2 -3  0 -2 -2 -1 -1    2  12   3   1   8   6   4   1   0   3  36   4   5   1   1   6   1   0   2   2  0.25 0.16
  232 G   -1  1  1 -2 -4  1  0  5  3 -4 -4  0 -2 -4 -3  0 -3 -4 -3 -4    2   7   8   1   0   6   5  48   7   1   1   4   1   0   1   6   1   0   1   1  0.70 0.28
  233 R   -2  4  0  0 -4  3  1 -2  3 -2 -1  1 -2 -3 -2 -1 -1 -1 -2 -2    1  24   3   4   0  14  11   3   8   2   8   7   0   1   1   5   3   1   1   2  0.33 0.19
  234 N   -1 -1  3  5 -3  2  1 -2 -1 -3 -2 -1 -1 -3 -1  0  0 -4 -3 -3    4   3  15  31   0   9   6   2   1   1   5   1   2   1   3   7   5   0   1   1  0.45 0.22
  235 V    0  0 -2 -3  0 -2 -2 -2 -3  1  0 -2 -1 -1 -2 -1  0 -3 -2  5    6   5   2   1   2   1   3   3   0   6   9   2   1   2   1   3   5   0   1  45  0.38 0.21
  236 N   -1 -1  4  1 -1  1 -1  4 -2 -4 -4 -1 -3 -4  1 -1 -2 -2 -3 -3    3   2  26   7   2   7   3  29   0   1   2   3   0   1   8   3   2   1   1   1  0.54 0.24
  237 V   -2 -2  5  1 -2  0 -1 -1 -2  2  0 -2  1 -2 -2 -1 -1 -3 -3  1    2   1  30   6   1   4   3   5   1  13   8   1   4   1   2   3   2   0   1  12  0.32 0.20
  238 R    0  1 -2 -1 -2  2  0 -1 -2  1 -1  0 -1 -2  3 -1  0 -3 -2  1    5   7   1   3   1  14   6   4   1  10   3   4   1   1  14   3   7   0   1  14  0.19 0.13
  239 S   -1 -1  0 -1 -2  0  1 -1 -1 -2  0 -1 -2  0  3  2  0 -3 -1 -1    4   2   5   3   0   5   9   3   1   2  11   2   0   4  16  21   4   0   2   3  0.20 0.14
  240 E   -1  1 -1 -1 -3  1  2  0 -1 -1  1  0  2  0 -2  0 -1 -2 -2 -1    4   7   3   2   0   7  19   6   1   3  16   3   8   5   1   7   3   0   1   2  0.12 0.11
  241 S    0 -1  0 -1  2  0  0  0  0 -2 -1 -1 -1  0  1  3  0 -2  1 -2    8   3   3   3   5   5   7   5   2   2   7   2   1   3   6  25   6   0   6   2  0.13 0.12
  242 G    0 -1  1  3 -3 -1  0  2 -1 -2 -2 -1 -2 -1  1  1  1 -3 -2 -2    6   3   7  17   0   2   3  19   1   3   4   2   1   2   8  10   8   0   1   2  0.21 0.12
  243 V    0 -1 -2 -1 -1 -1 -1 -1 -2  1  0 -1 -1  0  0  0  0 -3 -2  3    8   3   2   3   1   3   3   4   0   9  10   3   1   4   4   7   7   0   1  26  0.10 0.09
  244 S    0 -1  1  0 -2  1  1 -1 -1 -2 -2 -1 -2 -3  0  4  0 -3 -1 -1    5   3   7   4   1   7   9   4   1   1   3   1   1   1   5  35   5   0   2   4  0.30 0.20
  245 S    0 -1  0  0 -2  0  2  0 -1 -1 -1 -1 -1 -1  0  2  1 -3 -2  0    5   3   4   4   0   2  17   7   1   3   8   1   1   2   5  20   8   0   1   6  0.13 0.11
  246 D   -1 -1  1  4 -3  0  3  1 -2 -2 -2 -1 -2 -3 -1  0 -1 -1 -3 -2    4   3   6  25   0   4  18  11   1   2   4   1   1   1   3   8   4   1   0   2  0.33 0.17
  247 R   -1  3  1 -1 -2  2  1 -1  0 -2 -1  0 -1 -2  0  1  0 -3 -2 -2    3  21   8   3   1  10  10   4   2   2   6   3   1   2   3  12   6   0   0   2  0.22 0.15
  248 N   -1 -1  3  0 -1  0  1  1 -2 -2  0 -1 -1 -2  0  2  0 -3 -3 -2    3   3  17   5   1   3  11  10   0   1  13   2   1   1   4  16   7   0   0   1  0.17 0.14
  249 F   -1  0 -1  0 -1  0  1  1 -2  0  1 -1  0  1 -1  0 -1 -2  0  0    4   5   2   5   1   6   9  15   0   3  15   1   2  10   2   9   1   0   2   7  0.05 0.07
  250 P   -1 -1 -1  0 -3  0  0 -1 -1  0 -1 -2 -2 -3  5  1  0  0 -3 -1    4   2   2   4   0   4   7   5   1   8   7   1   1   1  27  12   6   1   0   4  0.36 0.17
  251 N    0  0  3 -1 -2  2 -1 -1  0  0 -2 -1 -1 -3  2  0  1 -3 -2 -1    9   4  21   3   0  11   2   5   2   7   3   2   1   0  10   6   8   0   1   3  0.22 0.15
  252 S    0  0  1 -1 -1  0  0 -1 -1 -1  1  0 -1 -2  1  2  1 -3 -2 -1    7   4   6   3   1   4   4   4   1   1  15   3   1   2   7  23   8   0   1   5  0.11 0.10
  253 T    0  1 -1 -2  0 -1  0 -2  3 -1 -1 -1 -1 -1  1  1  3 -3 -2 -1    9  10   1   1   2   2   4   2   8   4   7   2   1   2   8   8  24   0   0   3  0.19 0.14
  254 N   -1 -1  3  0 -3  1  0 -1  1 -2 -1  0 -1  1  0  1  0  0  1 -2    4   2  17   5   0   7   6   5   3   1   5   4   1   7   4  13   7   1   6   1  0.14 0.10
  255 S    0  1  0 -1 -1  1  0 -1  2 -2 -2 -1 -2 -2  2  2  1 -2 -1 -2    9   9   5   1   1   6   7   5   7   1   4   2   0   2  11  17   8   1   2   1  0.18 0.12
  256 P    0 -4 -3 -3 -4 -4 -3 -3 -3  1 -3 -3 -4 -5  7 -2 -2 -5 -4  1    7   0   1   1   0   0   1   1   1   7   1   1   0   0  64   3   2   0   0   9  1.56 0.47
  257 R   -1  4 -2 -2 -1  1  1 -2  0 -1 -2  3 -2 -3 -3  2 -1 -2 -2  0    4  24   1   1   1   4   7   1   2   3   2  17   0   1   1  17   1   0   1  10  0.34 0.20
  258 N   -4  0  6 -2 -4  2 -3 -3  6 -5 -5 -1 -4 -1 -4 -2 -2 -4  4 -4    1   5  42   0   0   9   0   1  18   0   1   2   0   2   1   2   2   0  13   1  1.07 0.42
  259 P   -1 -3 -4 -4 -5 -1 -2 -3 -1 -3  1 -3 -1 -5  7 -2 -3 -5 -5 -1    6   1   0   0   0   3   2   1   1   0  16   1   1   0  58   3   1   0   0   5  1.34 0.45
  260 A    1 -1  0  1 -1  1  2 -1  1 -3 -3  0 -3 -4 -3  3 -1 -4  0 -3   15   3   3   6   1   5  15   3   3   1   1   6   0   0   0  32   2   0   3   1  0.37 0.23
  261 M   -4 -4 -3 -6 -2 -2 -5 -6  0 -2  0 -3  9  1 -6 -4 -2 -3  4 -2    0   1   1   0   1   1   0   0   2   0   8   1  61   5   0   0   2   0  16   2  1.68 0.55
  262 A    4  0 -2 -2 -2  4  0 -1 -3 -2 -3 -1 -3 -4 -3  0 -1 -5 -4  1   38   3   1   1   1  25   5   4   0   1   0   1   0   0   0   5   3   0   0  11  0.54 0.29
  263 E   -1 -2  0  3  0 -1  0 -2 -2 -1 -2  0 -1 -3 -3  2  4 -5 -4 -2    2   1   4  15   2   1   6   2   1   3   4   4   2   1   0  14  38   0   0   1  0.45 0.25
  264 Y   -3 -2 -4 -3 -2 -1  3 -5  4 -2  0 -3 -2  3 -4 -2 -3 -2  7 -1    0   1   0   0   1   1  20   0  10   1   8   1   1  11   0   2   0   0  38   5  0.86 0.35
  265 D    2 -2 -1  2 -4  2  5 -1 -1 -4 -5 -1 -2 -5 -3  0 -2 -5 -4 -3   19   1   1   9   0   7  46   5   1   1   0   2   1   0   0   6   1   0   0   1  0.71 0.31
  266 A    4  0 -1 -1 -3 -2  0  0 -2 -2 -2  0  2 -3 -3  0  0 -4 -3 -1   45   6   2   2   0   0   7   5   1   1   1   5   8   0   0   6   6   0   0   5  0.38 0.23
  267 R   -5  8 -4 -5 -7 -2 -4 -6 -4 -7 -6 -1 -5 -6 -6 -4 -5  4 -5 -6    0  95   0   0   0   0   0   0   0   0   0   0   0   0   0   0   0   5   0   0  2.51 0.69
  268 I   -3 -3 -5 -6 -4 -4 -4 -6 -4  3  5 -3  1  2 -5 -4 -3 -3  0  1    0   1   0   0   0   0   1   0   0  17  58   1   3   9   0   0   0   0   4   6  0.86 0.31
  269 V    0  3 -1 -1 -3  2  0 -1 -1  1 -1  2 -1 -3 -3  1  0 -4 -3 -1    6  19   2   2   0  12   4   3   1  13   7  16   0   0   0  11   3   0   0   1  0.23 0.16
  270 T   -3 -4 -3 -4 -4 -4 -4 -5 -5 -4 -2 -4 -4 -5 -4  3  7 -6 -5 -3    0   0   0   0   0   0   0   0   0   0   3   0   0   0   0  19  78   0   0   0  1.68 0.58
  271 F   -6 -6 -6 -7 -6 -6 -7 -7 -4 -4 -3 -6 -3  9 -7 -4 -2 -2  3 -4    0   0   0   0   0   0   0   0   0   0   0   0   0  90   0   1   3   0   6   0  2.56 0.66
  272 G    0  0  0 -1  3  1  0  2  1 -1 -1  0  0 -1 -3  1  0 -3 -2 -1    9   4   3   3   9   8   4  18   4   2   7   4   4   2   0   9   5   0   0   5  0.11 0.09
  273 T   -1  1  4  0 -2 -2 -2  1  1 -4 -3 -1  1 -3 -3  2  3 -4  0 -3    2   7  25   5   0   0   0  12   3   0   1   1   4   0   0  15  18   0   4   0  0.42 0.23
  274 W   -5 -2 -7 -8 -6 -6 -7 -7  1 -2 -5 -7 -5 -3 -8 -7 -6 13 -2 -2    1   2   0   0   0   0   0   0   3   2   0   0   0   0   0   0   0  87   0   4  3.98 0.88
  275 L   -4 -2 -3 -4 -5  1 -4 -4 -3  2 -4 -3 -1 -5  7 -2 -3 -3  0 -3    0   2   1   0   0   6   0   1   1  16   0   0   2   0  64   2   1   0   3   0  1.63 0.49
  276 Y   -1 -2 -2 -3 -3 -1 -1 -3  3  0 -2  0  0  0 -1  2  2 -1  5 -1    3   0   1   0   0   1   2   0   8   5   2   6   2   2   3  21  16   0  23   2  0.39 0.23
  277 S   -2 -3  1  1 -4 -1 -1 -3 -1 -5 -4 -2 -4 -1  5  4 -1 -5 -3 -4    2   0   7   8   0   2   3   1   1   0   1   0   0   3  31  38   3   0   1   0  0.86 0.35
  278 V   -1 -2 -5 -5 -3  2 -4 -5 -2  3  1 -2  3 -3 -4 -4 -2 -5 -3  5    3   1   0   0   0  10   0   0   1  12   9   1  10   0   0   0   0   0   0  53  0.80 0.34
  279 N   -2  2  4  2 -3  2  0 -3  5 -4 -4  0 -3 -4 -2  0  2 -5 -2 -3    2  11  21  12   0  10   4   0  15   0   0   3   0   0   2   4  14   0   1   1  0.53 0.25
  280 K   -3 -3 -4 -4 -6 -2 -1 -5  2 -5 -6  4 -5 -6  7 -3 -3 -6 -5 -4    1   0   0   0   0   1   3   0   5   0   0  26   0   0  62   0   0   0   0   1  1.80 0.52
  281 E   -3  0 -2  1 -6  1  7 -4 -3 -5 -4  0 -3 -6 -3 -2 -3 -1 -4 -3    1   4   0   5   0   3  77   0   0   0   1   4   0   0   0   1   0   1   0   1  1.36 0.44
  282 Q   -1  2 -2  0 -5  6  1 -3 -1 -2 -3  0  2 -5 -3 -1 -2 -3 -4 -2    5   9   0   6   0  51   9   1   1   1   1   3   7   0   1   2   2   0   0   3  0.78 0.33
  283 L   -4 -2 -6 -6 -4 -4 -5 -6 -5  0  6 -5  0 -2 -5 -5 -4 -4 -3 -1    0   3   0   0   0   0   0   0   0   1  94   0   1   1   0   0   0   0   0   1  1.48 0.45
  284 A    6 -4 -4 -4 -3 -3 -3 -2 -4 -4 -2 -3 -3 -5 -3  0 -2 -5 -4 -1   86   0   0   0   0   0   0   1   0   0   3   0   0   0   0   6   1   0   0   3  1.30 0.45
  285 R   -2  5 -1  1 -4  1  2 -3 -1 -3 -2  1 -3 -4 -3  2  0 -4 -3 -3    1  36   1   7   0   6  14   1   1   1   3   7   0   0   0  19   4   0   0   0  0.54 0.24
  286 A    7 -4 -4 -5 -1 -4 -4 -3 -4 -4 -4 -3 -4 -5 -4 -1 -3 -5 -5 -2   97   0   0   0   1   0   0   0   0   0   0   0   0   0   0   2   0   0   0   1  1.68 0.52
  287 G   -3 -5 -3 -4 -5 -4 -2  7 -5 -7 -7 -4 -6 -6 -5 -3 -4 -5 -6 -6    0   0   0   0   0   0   3  97   0   0   0   0   0   0   0   0   0   0   0   0  2.17 0.53
  288 F   -5 -5 -6 -6 -5 -6 -6 -6 -4 -3  0 -6 -3  9 -6 -5 -5 -2  1 -3    0   0   0   0   0   0   0   0   0   0   5   0   0  90   0   0   0   0   2   0  2.25 0.55
  289 Y   -5 -5 -5 -6 -5 -1 -5 -6 -2 -4 -3 -5 -3  5 -6 -5 -5 -1  9 -4    0   0   0   0   0   3   0   0   0   0   1   0   0  24   0   0   0   0  72   0  2.17 0.56
  290 A    1 -3 -3 -4 -3 -3 -4 -4  2 -3 -4 -3 -3  1 -4  1 -1 -1  8 -3   15   1   1   0   0   0   0   0   3   1   0   1   0   3   0  13   3   0  58   0  1.24 0.41
  291 L   -1 -3 -1 -3 -2  0 -2 -3 -3  1  2 -2  0 -2 -3  0  4 -4 -3  2    4   0   2   1   0   4   1   1   0   9  22   0   2   0   0   4  37   0   0  13  0.41 0.22
  292 G   -2 -4 -2 -2 -4 -3 -2  7 -4 -5 -5 -2 -3 -5 -4 -2 -3 -4 -2 -5    1   0   1   1   0   0   2  86   0   0   1   3   1   0   0   1   0   0   2   0  1.63 0.41
  293 E   -1  2  1  0 -3  2  2 -2  3  0 -2  1 -1  0 -2 -1  0 -3  1  0    1  11   7   5   0   9  13   1  11   6   1  10   1   4   1   3   4   0   4   6  0.17 0.10
  294 G    0 -1  2  1 -3  0  1  4 -1 -4 -4 -1 -3 -3 -1  1 -2 -3 -3 -3    5   4  12   8   0   5   8  40   1   1   1   2   0   0   2  10   1   0   0   1  0.48 0.16
  295 D   -3 -3 -1  8 -5 -2 -1 -3 -3 -4 -5 -3 -4 -5 -3 -2 -3 -5 -4 -4    1   1   1  88   0   1   1   1   0   1   1   1   0   0   1   1   1   0   0   1  1.88 0.45
  296 K   -1  1  2  2 -3  3  0 -2  3 -2 -2  2 -1 -2 -2  0  0 -3 -2 -1    3   5  10  15   0  15   3   1  11   1   3  14   2   2   1   3   4   0   0   6  0.25 0.12
  297 V   -2 -4 -4 -4  0 -3 -4 -4 -4  1 -1 -3 -1 -3 -3 -3  0 -4 -3  6    1   1   1   1   1   1   1   1   0   2   1   1   0   0   1   1   6   0   0  80  1.13 0.36
  298 K   -2  4 -1 -2 -3  0 -1 -3 -2 -1  0  4 -1 -3 -2 -2 -1 -3 -3 -1    1  23   2   1   0   3   2   1   0   4   9  40   1   0   1   1   3   0   0   6  0.48 0.20
  299 C   -3 -5 -4 -5 11 -4 -5 -4 -4 -3 -3 -4 -4 -4 -4 -3 -3  0 -4 -3    1   1   1   1  87   1   1   1   0   1   1   1   0   0   1   1   1   1   0   1  2.91 0.57
  300 F   -4 -4 -4 -4 -4 -4 -4 -4 -1 -2 -2 -4 -2  8 -4 -4 -4  1  3 -3    1   1   1   1   0   1   1   1   1   1   1   1   0  78   1   1   1   1   9   1  1.76 0.42
  301 H   -2 -1 -2 -3  6 -2 -3 -3  7 -3 -3 -2 -3  2 -3  0 -2  1  4 -3    1   3   1   1  18   1   1   1  32   1   1   2   0   9   1   6   1   2  18   1  0.92 0.28
  302 C   -3 -2 -4 -5 11 -4 -5 -4 -4 -3 -3 -4 -4 -4 -4 -3 -3 -4 -4 -3    1   3   1   1  86   1   1   1   0   1   1   1   0   0   1   1   1   0   0   1  2.82 0.56
  303 G   -2 -3  2  5 -4 -2 -1  4 -3 -4 -4 -2 -4 -4 -3 -1 -2 -2 -3 -4    1   1   8  42   0   1   1  37   0   1   1   1   0   0   1   2   1   1   1   1  0.92 0.28
  304 G   -2 -4 -2 -3 -1 -3 -3  7 -3 -2 -4 -3 -2 -4 -3 -2 -3 -4 -4 -2    1   1   1   1   1   1   1  80   0   3   1   1   1   0   1   2   1   0   0   3  1.40 0.35
  305 G   -1 -2 -2 -3 -4 -3 -3  6 -3 -3 -4 -2 -2 -4 -3 -1 -2 -2 -4 -3    3   2   1   1   0   1   1  76   1   2   1   2   1   0   1   4   2   0   0   1  1.23 0.32
  306 L   -3 -3 -4 -4 -3 -3 -4 -4 -4  0  5 -3  1 -1 -3 -3 -2 -3 -2  1    1   1   1   1   0   1   1   1   0   2  76   1   3   1   1   1   1   0   0   9  0.92 0.28
  307 T   -2  5 -1 -2  1  1 -1 -2  0 -3 -3  2 -1 -3 -3 -1  0  0 -3 -3    2  46   3   1   4   7   1   3   2   1   2  13   2   1   1   2   8   1   0   1  0.59 0.22
  308 D   -2 -2  5  3  5 -1  1  0  0 -3 -3 -1 -3 -3 -3  0 -1 -4 -1 -3    2   1  32  17  14   2   8   5   2   1   1   2   0   0   1   7   1   0   2   1  0.56 0.21
  309 W   -4 -4 -5 -5 -4 -4 -5 -4 -4 -4 -4 -5 -4 -2 -5 -4 -4 12 -1 -5    1   1   1   1   0   1   1   1   0   1   1   1   0   0   1   1   1  88   0   1  3.77 0.67
  310 K   -1  0 -1  1 -4  3  5 -3 -2 -4 -3  2 -2 -4 -2  0 -1 -3 -3 -3    5   2   1   7   0  12  43   1   0   1   2  16   1   0   1   6   1   0   0   1  0.62 0.23
  311 P    0 -2 -1 -2 -3  0  1 -3 -2 -2 -1  0 -2  1  5  1 -1 -3 -2 -2    6   1   2   1   0   4   8   1   1   1   6   5   0   7  37  14   3   0   1   2  0.60 0.19
  312 S   -1 -2  2  1 -2  0  1  4 -2 -3 -3 -1 -2 -3 -2  0  0 -1 -2 -3    1   1  11  10   1   4   9  38   0   1   1   2   1   0   1   8   6   1   1   1  0.43 0.16
  313 E   -3 -3 -1  7 -4 -1  4 -3 -2 -4 -4 -1 -4 -4 -3 -2 -3 -4 -4 -4    1   1   1  64   0   1  24   1   1   1   1   2   0   0   1   1   1   0   0   1  1.32 0.35
  314 D   -3 -2  0  7 -4 -1  1 -3 -3 -3 -4 -2 -4 -4 -3 -2 -3 -5 -4 -4    2   2   3  75   0   2   7   1   0   1   2   1   0   0   1   1   1   0   0   1  1.40 0.36
  315 P   -1 -4 -4 -3 -4 -3 -3 -3 -4 -3 -4 -3 -4 -4  8 -3 -3 -5 -4  0    4   1   1   1   0   1   1   2   0   2   1   1   0   0  78   1   1   0   0   7  2.00 0.43
  316 W   -4 -4 -5 -5 -1 -4 -5 -4 -4 -4 -4 -5 -4 -2 -5 -4 -4 12 -1 -5    1   1   1   1   1   1   1   1   0   1   1   1   0   0   1   1   1  87   0   1  3.69 0.66
  317 E   -1  1 -1  0 -3  1  3 -3  1  0 -1  0 -1 -1 -2  0  1 -2 -2  2    2   8   1   5   0   5  25   1   3   6   2   2   1   3   1   4   9   0   0  22  0.19 0.13
  318 Q   -3 -2 -2 -1 -4  4  6 -3 -2 -4 -4 -1 -3 -4 -3 -2 -3 -4 -3 -4    1   1   1   1   0  21  67   1   0   1   1   2   0   0   1   1   1   0   0   1  1.28 0.38
  319 H   -4 -3 -2 -3 -4 -2 -3 -4 10 -5 -3 -3 -4 -3 -4 -3 -4 -4 -1 -4    1   1   1   1   0   1   1   1  87   1   2   1   0   0   1   1   1   0   0   1  2.59 0.56
  320 A    6 -2 -3 -3 -3 -3 -2 -2 -4 -3 -1 -2 -3 -4 -3 -1 -2 -4 -4 -2   85   2   0   1   0   0   1   1   0   0   6   1   0   0   0   0   0   0   0   0  1.18 0.40
  321 K   -3  4 -2 -3 -5  0 -1 -3 -1 -4 -3  6 -2 -4 -3 -2 -3 -4  1 -4    1  20   0   0   0   3   0   1   1   1   2  63   1   0   0   0   0   0   6   0  1.07 0.35
  322 W   -4 -5 -4 -5 -3 -4 -4 -5  3 -5 -4 -5 -4 -1 -5 -5 -5 12  3 -5    2   0   1   0   1   0   1   1   6   0   1   0   0   1   0   0   0  75   8   0  3.09 0.62
  323 Y   -3 -3 -3 -4 -4 -4 -4 -4  1 -3 -2 -1 -2  7 -4 -1 -3 -1  6 -3    1   0   1   0   0   0   0   1   3   0   1   5   0  54   0   5   0   0  25   0  1.30 0.37
  324 P   -3 -4 -3 -3 -3 -3 -2 -4 -4 -5 -5 -3 -4 -5  8  1 -3 -5 -5 -4    1   0   1   0   1   0   2   1   0   0   1   1   0   0  79  10   0   0   0   0  2.09 0.48
  325 G   -2  4  1 -1 -4  0  0  3  0 -4 -4  2 -2 -2 -3 -1 -1 -3 -2 -4    1  32   5   3   0   2   4  29   3   0   1  10   1   1   0   2   3   0   1   0  0.52 0.20
  326 C   -3 -5 -5 -4 11 -5 -5 -5 -5 -4 -3 -5 -4 -3 -5 -3 -3 -5 -5 -3    1   0   0   1  90   0   0   1   0   0   2   0   0   1   0   1   1   0   0   0  3.08 0.62
  327 K   -1  2 -1  0 -2  1  3  1 -2 -3 -2  2 -2 -1  1  0  0 -3 -1 -2    1  13   1   5   1   4  27  11   0   1   2  13   0   2   6   5   5   0   2   1  0.28 0.13
  328 Y   -4 -4 -4 -5 -2 -4 -4 -5 -1 -3 -1 -3 -2  7 -5 -3 -3  1  6 -3    1   0   0   0   1   0   0   1   1   0   3   1   0  58   0   1   1   1  28   0  1.51 0.40
  329 L   -3 -4 -4 -5 -3 -3 -4 -5 -2  1  5 -4  1 -2 -4 -4 -2 -3 -3  3    1   0   0   0   0   0   0   1   1   2  61   0   1   0   0   0   1   0   0  29  0.85 0.29
  330 L   -2  1  0 -3 -3 -1 -3 -3 -2  2  4  0  1 -1 -3 -2 -2 -3 -2  0    2   7   5   0   0   3   0   1   1  16  49   6   2   1   0   3   1   0   0   2  0.36 0.18
  331 D   -1  2 -1 -1 -2  3  3 -2  1 -2  1  1  1 -2 -2 -1 -1 -3 -1 -1    5  15   2   1   0  16  20   2   3   1  17   5   4   0   0   2   2   0   2   3  0.24 0.15
  332 E    0 -1 -1 -1  2  1  3 -3 -1  1 -1 -1  2 -3 -2  1  0 -3 -2  1    5   1   2   1   4   6  25   1   1   9   3   1   8   0   1  13   6   0   0  13  0.20 0.14
  333 K   -2  4 -1 -3 -4  0 -1 -3 -2 -4 -4  6 -2 -3 -3 -2 -2 -4 -3 -4    1  18   1   0   0   2   1   1   0   0   1  67   1   1   0   1   2   0   1   1  1.16 0.37
  334 G   -2 -2 -1 -1 -4 -3 -3  7 -4 -5 -4 -3 -4 -5 -4 -2 -1 -4 -4 -4    1   2   2   2   0   0   1  81   0   0   2   0   0   0   0   2   4   0   0   1  1.46 0.39
  335 Q   -2  3 -2 -1 -4  5  0 -2  1 -1 -1  0 -1 -4  0 -1 -2 -2 -3 -1    1  18   1   3   0  40   4   2   3   3   5   1   1   0   5   5   1   1   0   4  0.53 0.26
  336 E    0 -1  0  2 -4  2  5 -1 -1 -4 -4  1 -3 -3 -1 -1 -1 -4 -2 -3    7   1   3  11   0   7  51   3   1   0   1   6   0   1   2   2   2   0   1   1  0.67 0.26
  337 Y   -4 -4 -1 -4 -4 -4 -4 -4 -2 -3 -2 -2 -2  7 -4 -2 -3 -1  6 -3    1   0   3   0   0   0   1   1   0   0   1   3   0  57   0   3   1   0  27   1  1.48 0.41
  338 I   -2 -4 -4 -4 -3 -4 -3 -5 -4  5  0 -4 -1 -2 -1 -3 -2 -4 -3  5    1   0   0   0   0   0   2   1   0  41   2   0   0   1   3   1   1   0   0  47  0.98 0.33
  339 N   -2  1  5  1 -2  1  0 -1  2 -4 -4  0 -3 -4 -3  2 -1 -4 -2 -4    2   9  38   7   1   5   4   4   4   0   1   6   0   0   0  17   1   0   1   0  0.56 0.24
  340 N   -2  0  5  0 -2  2  2 -2  2 -3 -2 -1 -2 -3 -2  2 -1 -4 -2 -1    1   4  30   2   1  10  12   2   6   0   2   2   1   1   1  15   1   0   1   7  0.41 0.22
  341 I   -1 -4 -4 -4  5  0 -4 -4 -4  3  0 -3  1  1  0 -1  0 -4  0  3    4   0   0   0  11   5   0   0   0  20   7   0   4   5   5   5   5   0   4  22  0.42 0.29
  342 H   -1  0  1  1  1  3  1 -3  4 -1 -1  0 -2  0  0  0 -1 -3  0  0    4   4   7   7   3  16   7   0  11   4   6   4   0   4   3   6   3   0   3   6  0.17 0.18
  343 L    0 -1  0  1 -2  0  0  0 -2 -1  2 -1  0  0 -1  0  0 -3 -1  0   10   2   5   7   0   5   7   8   0   2  23   3   2   4   3   6   4   0   2   6  0.05 0.10
  344 T   -1  2  0 -1 -3  2  0 -1 -2 -1 -1  0  1  0  0  1  1 -3 -1 -1    3  14   5   3   0  10   5   3   0   4   4   5   6   5   5  12  12   0   2   2  0.14 0.18
  345 H   -1  1  0  1 -2 -1  1 -2  4 -2 -2 -1  0  1  1 -1  0  0  3 -2    4  10   3  10   1   1   8   3  10   2   4   2   3   8   7   3   7   1  10   1  0.19 0.21
  346 S   -1 -2  1  0 -4  0  0 -1  2 -1 -2 -2 -3  0  4  2  0 -4 -1 -3    5   2   7   4   0   3   4   5   5   4   5   2   0   5  20  20   6   0   2   0  0.34 0.30
  347 L    0  0  0 -2  1 -1  0 -3  1  0  1 -1  1  0  3  0  0 -3 -2  0    7   5   6   2   4   2   7   1   3   5  19   2   3   3  13   6   7   0   1   5  0.13 0.16
  348 G   -1  1  1  0 -3  1  1  1  0 -2  0 -1  0  0  0  1  0 -4 -1 -1    4   9   9   3   0   5  12  11   3   1  11   1   2   4   4   9   6   0   1   3  0.10 0.16
  349 E    0  0  0  3 -4  0  3 -1  1 -2 -1 -1 -1 -2  1  0  0 -4 -2 -3    7   5   5  16   0   4  19   5   3   2   5   3   2   2   7   8   5   0   1   2  0.25 0.24
  350 S    0  0  0 -3  1  2 -1 -1 -1 -3 -3 -1 -4 -3  1  4  2 -5 -3 -3    8   4   4   1   3  10   4   4   1   2   3   4   0   1   8  31  11   0   1   1  0.40 0.38
  351 V    0 -1  0  0 -2  1  0 -2 -2  0  1 -1  1 -1  1  0  1  1 -2  1    7   3   4   4   1   7   4   2   0   6  18   4   3   2   6   7  10   2   1   9  0.07 0.11
  352 V    1 -2 -1  1 -3 -1  0 -1 -2  0  0 -1  0  0  2  1  1 -4 -2  1   12   1   2   8   0   2   4   5   1   5  11   2   2   4   9   9   8   0   1  12  0.09 0.13
  353 R    0  2  2  0 -1  1  2  0 -1 -3 -2  0 -2 -4  0  2  1 -4 -2 -2    6  13   8   3   1   6  15   7   1   1   3   4   1   0   4  14   8   0   1   3  0.23 0.23
  354 T    1 -1 -1 -1 -4  1  1 -2  1 -1 -3 -2 -2 -2 -1  3  3 -5 -4 -1   12   3   2   3   0   5   9   3   3   3   2   1   1   1   3  22  22   0   0   4  0.37 0.36
  355 A    2  0 -1 -1 -3  1 -1 -1  0 -2 -2 -1  0  1  2  1  1 -2 -2 -1   16   6   3   3   0   8   3   4   3   1   4   1   2   8   9  14   8   1   1   5  0.16 0.20
  356 E   -1  0  0  2 -2  2  3 -1  1 -2 -2 -1  1 -2  1  1  0  1 -3 -2    5   5   3   9   1   9  19   3   3   2   4   2   4   2   7  11   5   2   0   3  0.22 0.24
  357 K   -2  0  3  2 -2  1  1 -1  0 -2 -3  0 -2 -1  1  1  1  1  1 -3    3   4  15  12   1   6   7   5   2   3   2   6   1   3   7   9   9   2   6   1  0.21 0.21
  358 T   -1 -1  0 -1 -4 -2 -1 -1 -1 -1 -1 -2  0 -2  4  1  3  2 -3  0    3   3   4   3   0   2   3   4   2   4   6   2   2   1  19  13  21   3   1   5  0.35 0.32
  359 P   -3  0 -3 -1 -5 -2  1 -1 -2 -3 -1 -2 -4 -1  6  0 -2 -1 -1 -2    2   6   1   4   0   2  11   6   1   2   7   2   0   3  39   6   2   1   3   4  0.74 0.49
  360 S    0 -1  1  0 -4  1  0  2  1 -2 -2 -1  1 -2  0  3  1 -4 -3 -2    6   3   6   4   0   7   5  14   4   2   4   2   4   2   4  23   7   0   0   2  0.23 0.25
  361 V   -1 -1 -1  0 -1  0  2 -1 -1  0  0 -1 -1 -2  0  1 -1 -4 -2  2    5   2   2   5   1   4  17   6   1   5  11   3   1   1   5  10   3   0   1  17  0.12 0.17
  362 T   -2 -1  2  1  0  0  1 -2  1  0 -2 -1 -1 -2  0  1  3 -4 -2 -1    3   3  10   7   2   4   9   2   3   6   3   3   1   1   4  13  21   0   1   3  0.24 0.25
  363 K   -1  2  0  1 -4  0  3 -2  2 -1 -3  1  1 -2  0  1 -1 -4 -2 -3    6  11   3   7   0   3  18   3   6   5   2  10   3   1   5  11   3   0   1   1  0.24 0.24
  364 K    1  2 -1 -2 -4  0  1 -1 -2 -2 -1  1 -1 -4  0  3 -1 -2 -4 -2   12  14   2   1   0   4  11   5   1   2   5   9   1   0   5  22   2   0   0   2  0.29 0.29
  365 I   -1  0 -1  0 -4  0  4 -2 -1  1  0 -1  1 -3  0 -1 -1  3 -2  0    4   4   3   5   0   3  26   3   2   9  10   3   5   0   5   4   3   4   1   7  0.23 0.24
  366 D   -2  1  0  5 -5  1  1 -2 -3  0 -1  0 -3 -1 -2 -1 -2 -5 -1 -1    4   8   4  32   0   6   8   2   0   6   7   7   0   2   2   4   2   0   3   4  0.41 0.32
  367 D    1 -1  0  3 -2  1  2 -1 -1 -3 -2  1 -1 -3 -1  0  0  0 -3 -2   14   3   4  20   1   6  12   5   1   1   5   7   2   1   2   5   6   1   1   3  0.24 0.23
  368 T    1  0 -1  1 -3 -1  0 -2 -3 -1 -2  0 -1 -3  0  2  2  2 -2  1   13   4   2   7   0   2   7   3   0   4   3   6   1   1   5  15  13   3   1  11  0.15 0.19
  369 I    0  2 -3 -3 -2 -2  0 -2 -2  1  2 -2  5 -1 -2 -1  0 -2 -3  1    7  10   1   1   1   1   6   4   1   8  21   1  14   3   2   4   7   1   0   8  0.26 0.26
  370 F   -3 -4 -4 -1 -3 -1 -3 -5 -2 -1  3 -5  7  3 -4 -2 -3  1 -3  0    2   1   1   3   1   3   2   1   1   3  30   0  28  13   1   4   1   2   0   5  0.94 0.57
  371 Q   -2 -1  3  2 -1  5  1 -3  0 -4 -1 -1 -3 -4 -2 -1 -1 -5 -1 -3    4   3  14  13   1  28   8   2   2   1   6   3   1   1   2   5   3   0   2   2  0.57 0.44
  372 N   -1 -2  4 -2 -2 -3 -1 -3  1 -4 -3 -4 -4 -1 -3  4  4 -5 -2 -3    5   2  17   2   1   1   4   1   4   1   2   0   0   2   1  28  26   0   2   2  0.75 0.55
  373 P    0 -2 -2 -4 -2  0 -1 -3 -3 -4 -3 -4 -5 -5  7  1 -1 -6 -6 -4    7   2   2   1   1   4   5   2   1   1   3   1   0   1  56   9   4   0   0   1  1.38 0.76
  374 M    0 -1 -1 -3 -3  0 -2 -2 -2  2  0 -2  3 -1  1 -1  0 -3 -3  3    7   3   2   1   0   4   2   3   1  12  10   1   8   2   8   5   5   0   0  25  0.25 0.23
  375 V    2 -3 -1  0 -2 -4 -3 -4 -2  0  0 -3 -2 -3 -4 -1 -1 -1  0  5   15   1   3   5   1   0   2   1   1   5   7   1   0   1   1   5   3   1   3  44  0.62 0.44
  376 Q   -3  1 -2 -1 -3  6  2 -3  0 -3 -2  3 -1 -4 -3 -2 -1 -1 -4 -4    1   6   2   3   1  37  10   2   2   1   4  20   2   1   1   2   3   1   0   1  0.87 0.58
  377 E    2 -1  2  1  0  1  2 -1 -3 -3 -4  0 -2 -3 -2  2  1 -4 -3 -3   20   3   9   8   2   5  15   4   0   1   1   5   1   1   1  13   8   0   1   2  0.30 0.28
  378 A    5 -1 -5 -5 -3 -1 -3 -3 -1 -1  0 -3 -2 -2 -4 -2 -1 -5 -3  3   43   3   0   0   0   3   1   1   2   2  10   1   1   1   0   2   3   0   1  24  0.74 0.51
  379 I    0 -5 -4 -4 -2 -2 -2 -5 -5  2  5 -3  0 -2 -5 -4 -2 -5 -4  1    8   0   1   1   1   2   3   1   0  12  53   1   2   1   0   1   2   0   0  10  0.85 0.49
  380 R    0  1  1  1 -3  2  2 -1  2 -2 -3  1 -2  0  0  0 -1 -3 -2 -2    8   8   7   7   0  12  17   3   5   2   1   8   0   4   3   7   3   0   0   2  0.20 0.18
  381 M    1  0  0 -3  2 -1 -1 -3 -3  1  0 -1  5  0 -1 -1  0 -3 -2  0   14   5   5   0   5   3   3   1   0   9   8   4  22   4   3   3   5   0   0   5  0.21 0.24
  382 G   -1  0  0 -1 -4 -2 -1  5 -3 -2 -2  0 -3  1  0 -1 -2 -3 -3 -2    4   6   5   2   0   0   4  47   0   2   3   4   0   7   5   5   0   0   0   3  0.52 0.33
  383 F    0 -3 -1 -2  0 -2 -2  0 -2  1  1 -3  0  4  0  0  0 -2  1  1    6   0   3   2   2   0   2   6   0   9  13   0   2  22   4   7   5   0   3  13  0.16 0.17
  384 N   -1 -2  1  2 -1 -1  0  1  1  1 -2 -1 -2 -1  1  2 -1 -3  0 -1    2   1   8  11   1   2   7  11   4  14   2   2   0   2   6  17   2   0   3   2  0.14 0.19
  385 F    0  2 -1 -2 -3 -1 -1 -2 -1  0  1  0 -1  0  1  1  0 -3  1  0    7  14   2   2   0   2   3   3   1   4  16   5   1   5   8  10   6   0   5   6  0.10 0.13
  386 K   -1  0  0  2 -2  1  1  1 -2 -2 -2  1 -1 -4 -2  2  1 -4 -2 -2    4   4   5  11   1   7  10   9   0   2   4   7   1   0   2  19  10   0   1   1  0.22 0.22
  387 D   -1  2  0  2 -2  2  2 -1 -2 -1  1  0 -1 -3 -2 -1  0  2 -3  0    4  10   3  11   1   9  15   5   1   2  16   4   1   0   2   2   5   3   0   7  0.16 0.19
  388 I   -2 -3 -3 -4 -4 -2  1 -4 -2  3 -1 -3 -1 -3 -2 -1 -2  4 -4  5    3   1   1   0   0   2   9   1   1  18   3   1   1   0   2   4   1   6   0  44  0.74 0.49
  389 K   -1  4 -3 -1 -2  1  2 -3  2 -2 -3  4 -2 -4 -3 -1 -1 -4 -1 -1    4  23   0   2   1   5  12   2   5   3   2  25   1   0   1   3   2   0   2   5  0.49 0.36
  390 K   -1  2  2  2 -1  3  1 -2 -2 -3 -3  2 -1 -4 -1  1 -1 -4 -2 -4    5  13   9  12   2  12   8   2   0   2   3  13   2   0   2  11   3   0   1   0  0.32 0.28
  391 T    1 -2  0 -3  1  0 -1 -3 -1  1  1 -1  0 -2  0  0  2 -4 -3  1   14   1   5   0   4   4   3   1   1  11  13   3   2   2   3   6  17   0   0  11  0.16 0.20
  392 M   -3 -2 -4 -3  0  0  0 -5 -4  3  1 -4  4  0 -3 -2  0 -1 -3  4    1   2   0   1   2   4   8   0   0  20  10   0  10   4   1   3   6   1   0  27  0.47 0.36
  393 E   -2 -1 -2  3 -1  4  4 -4 -2 -4 -2  2 -4 -4 -3 -2 -3 -5 -5 -3    3   2   1  15   1  21  29   1   1   1   5  14   0   1   1   2   1   0   0   2  0.73 0.51
  394 E   -1  3  2  2 -4  2  3 -3 -2 -2 -4  1 -3 -4  0  1 -1 -3 -3 -3    3  14  10  11   0   9  17   1   1   2   0   8   0   1   5  11   3   0   1   2  0.38 0.32
  395 K   -3  4 -3 -4 -5  1  0 -1 -1 -3 -4  5  0 -2  1 -2 -3  3 -4 -3    1  19   0   0   0   6   6   4   1   2   1  37   2   2   8   3   1   4   0   2  0.72 0.49
  396 L   -2 -3 -2  0  0 -1 -1 -4 -2  3  2 -3  3  1 -3 -2  1  5  2  0    2   1   2   5   2   2   3   1   1  18  17   1   7   6   1   2  11   7   7   4  0.29 0.25
  397 Q   -1  3 -1 -3 -3  4  2 -2  0 -2  1  0  0 -4 -3 -1 -1  1 -2 -1    5  15   2   0   1  21  14   2   2   2  14   5   2   0   0   4   3   2   1   3  0.34 0.31
  398 T    0  0 -1 -1 -3  0  3 -3  2 -1  1 -1  1 -2 -3  0  3 -2 -2 -2    8   6   2   3   0   3  18   1   5   3  13   3   3   1   0   6  21   1   1   2  0.25 0.27
  399 S    1 -2 -1 -2 -2 -1 -1 -2  3  0 -2 -1 -2 -3  1  2  4 -4 -2  0    9   1   2   1   1   2   4   2   7   5   3   3   1   1   6  19  26   0   1   6  0.35 0.33
  400 G    0 -3 -1 -2 -5  0 -2  6 -4 -5 -3 -3 -4 -5 -4 -1 -2 -1 -5 -3    9   2   3   2   0   4   2  61   0   0   3   1   0   0   0   5   3   1   0   2  1.12 0.59
  401 S   -1  0  0  1  2  1  2 -2 -1 -1 -2  1 -3 -3  0  2  2 -4 -2 -2    5   4   3   8   5   5  16   1   2   3   3   8   0   1   4  16  11   0   1   2  0.23 0.23
  402 N   -1  1  3  0  0 -1 -1  0  2 -2 -3 -1 -2  0  3  1 -1  3 -2 -3    6   9  17   6   2   2   3   6   6   2   2   2   1   4  13  11   3   5   1   1  0.29 0.26
  403 Y   -2 -2 -3 -2 -1 -1 -1 -3  1 -4 -3 -3 -3  4 -1  0 -1 -2  7 -3    2   2   1   2   1   3   4   2   3   1   2   2   0  16   3   7   4   0  42   2  1.02 0.55
  404 L    0  0 -1 -1 -2 -1 -1 -2 -3 -2  0  1 -1 -2  3  1  2  0 -3  0    6   4   3   3   1   2   4   3   0   2  12  10   1   2  13  12  16   2   0   5  0.19 0.20
  405 S   -1  0  1  0 -2 -1 -1  0 -2  0 -3 -2 -2 -4 -3  4  2 -3 -3 -1    2   4   6   4   1   2   4   7   1   5   3   1   1   0   1  39  14   0   1   4  0.46 0.38
  406 L    0 -2 -2 -1  4 -2  0 -3 -3  2  1 -1  0 -2 -2 -1 -1 -4 -3  3    9   2   2   4   8   0   7   1   0   9  16   5   2   1   2   4   2   0   0  25  0.26 0.23
  407 E    0 -2  0  1 -4  1  4 -2  0 -3 -3 -1 -2 -2 -1  2  1 -4 -3 -2    6   2   5   8   0   7  27   2   2   2   2   2   1   2   3  18   8   0   1   2  0.39 0.32
  408 V    0 -2  0  3 -4  2  3 -2 -1 -1 -3  0 -3  1 -3  0 -1 -4 -3  0   10   1   3  18   0   9  18   3   2   3   2   6   0   8   1   5   3   0   0   8  0.27 0.25
  409 L   -3 -4 -4 -4 -4 -4 -2  0 -4  2  5 -1  0 -1 -4 -1 -3 -4 -3 -2    2   1   1   1   0   1   2   7   0   9  60   5   1   2   1   4   1   0   0   2  0.80 0.46
  410 I   -1 -2 -3 -3 -1 -1 -3 -3 -4  3  2 -2 -1 -2 -1 -3 -1  0 -3  4    3   2   1   2   1   2   2   2   0  18  21   2   1   1   3   1   3   2   0  31  0.46 0.30
  411 A    1  0  1  0 -1  2  3 -2  0 -2 -2  0 -2 -1 -2  2  0 -3 -3 -1   12   4   6   5   1   8  20   2   2   2   3   6   0   3   2  14   5   0   0   4  0.22 0.21
  412 D    1 -3 -1  5 -3 -2  1 -1 -1 -3 -4 -2 -2  1 -1  0 -1 -4 -3 -3   15   1   2  38   1   1  10   5   2   2   1   2   1   6   3   5   3   0   0   2  0.59 0.39
  413 L   -1  0  0 -2 -1 -1 -2 -3 -3  3  3 -1  0 -2 -2 -2 -1 -3 -3  2    3   6   6   2   1   2   2   2   0  16  33   4   1   1   2   2   3   0   0  12  0.30 0.24
  414 V   -1 -1  1 -2 -2 -2 -2  0 -3  1  3 -1  1  1 -2  1  0 -3 -1  0    3   2   7   1   1   1   2   7   0   7  32   4   3   6   2  10   4   0   2   6  0.18 0.19
  415 S    1  1  3  1  1  2  0 -1  2 -2 -3  0 -2 -2 -1  0  0 -3 -1 -3   12   6  17   8   3  11   4   4   5   3   2   5   1   2   2   7   5   0   2   1  0.22 0.20
  416 A    3 -1 -1  0 -2  0  2 -1  1 -1 -1  0 -1 -3  0  0 -1 -3 -1  1   29   2   2   5   1   4  12   4   4   4   4   4   2   0   4   6   3   0   2  10  0.19 0.21
  417 Q   -1 -1  1  0 -2  4  4 -3  2 -3 -2  1 -3  1 -1 -1 -1 -4 -2 -2    4   2   6   5   1  20  26   1   5   1   4   6   0   6   3   5   3   0   1   3  0.44 0.34
  418 K   -1 -1 -1  2  0 -1  1 -1 -1  0  0  1 -1  0  0  0  0  3 -1  0    3   3   2  13   2   2  13   4   1   6   8  10   1   4   3   6   7   4   1   7  0.08 0.11
  419 D   -1  1  2  1 -4  1  3 -1 -1 -1 -2 -1  1  0 -1  0 -1 -4 -3 -1    4   7  12   8   0   5  22   5   1   3   4   3   4   5   2   8   3   0   0   6  0.21 0.22
  420 N   -2  0  3  1 -3  1  3 -1 -1 -1 -3  1 -1 -2 -2  2  0 -4 -3 -2    2   5  15   8   0   5  18   5   1   5   2   7   2   2   2  15   5   0   0   2  0.27 0.26
  421 S   -1  3  1  0 -2  0  1  0 -1 -2 -2  1  0 -3 -2  1  1  0 -3 -1    3  18   8   6   1   3   9   7   1   2   2   7   3   1   2  13   9   2   0   5  0.20 0.20
  422 Q    0  1  0  1  3  3  3 -3  1 -3 -2 -1 -1 -2  1  1  0 -4 -1 -1    6   7   5   6   6  15  17   1   3   1   3   3   1   2   6   9   5   0   2   4  0.25 0.25
  423 D   -1  0  1  2 -4  0  3 -1 -1 -1 -1  0 -2 -1  0  1  0 -3 -3 -2    5   5   5  10   0   3  21   4   1   4   6   4   1   3   5  14   4   0   0   3  0.19 0.20
  424 E   -1  0 -1  1 -1  2  3 -2 -1 -2 -1  1  0 -2  0  1 -1 -4 -2  0    4   4   2   7   1   8  23   3   1   1   5   8   3   2   5   9   3   0   1   9  0.21 0.23
  425 S   -1  0  0  0  0  2  1 -2 -1 -2 -2  1 -1 -1  2  2  0 -4 -2 -1    3   4   4   6   2  11  10   3   1   2   3   9   1   3   9  18   6   0   1   4  0.19 0.22
  426 S    0 -1  1  0 -2  3  2 -2 -2 -1 -2  0 -2 -1 -1  2  1 -4 -2 -1    5   2   6   4   1  12  16   3   1   4   3   4   1   4   3  17   9   0   1   4  0.22 0.25
  427 Q   -1  2  1  1 -2  2  2 -1 -3 -3 -3  1 -1  1  0  0  0 -4 -1 -3    4  12   6   7   1   8  17   4   0   2   2   8   2   6   5   8   5   0   2   2  0.23 0.24
  428 T    0  0  1  0 -1  2  1 -2  0  1 -2 -1 -1 -2  0  1  2 -4 -3 -1    8   5   6   4   1  10  10   3   2   9   2   2   2   2   4  10  16   0   0   3  0.18 0.23
  429 S    1 -2 -1 -1 -1  0  1 -3 -1 -3 -2  0 -2 -2  3  2  1 -5 -2 -2   11   1   3   4   1   5  10   2   1   1   4   6   1   2  15  18  10   0   1   3  0.29 0.30
  430 L   -1 -1  0  2  2  1  2 -2 -1 -1  0 -1  0 -1  1  0 -2 -1 -2  0    6   2   4  14   5   5  17   2   2   2   9   3   2   2   7   7   2   1   1   7  0.17 0.20
  431 Q   -1 -1  1  0 -4  1  4 -1  0 -2 -2  0  0 -2  0 -1  0 -4 -1 -1    4   2   7   5   0   7  28   6   2   3   3   5   3   2   4   4   5   0   2   4  0.23 0.29
  432 K    0  0  0  1 -3  1  1 -1  1 -1 -2  1  1 -1  1  1  0 -3  0 -1    5   5   4   9   0   6   8   4   4   3   4   8   4   3   6  13   5   0   3   5  0.07 0.13
  433 D    1  0  1  1 -3  1  1 -1  1 -1 -1 -1  0  0  1  0  0  2  2 -1   11   5   6   8   0   6   8   4   3   4   5   3   3   3   6   8   4   3   8   3  0.08 0.11
  434 I    0 -1 -1 -1 -3 -1 -1 -2 -3  1  2 -1  3 -1  0  1 -1  1 -1  0    6   3   2   3   0   3   5   2   0   6  23   3  10   2   5  14   4   2   2   5  0.15 0.21
  435 S    0 -1 -1  4  0  0  0 -1 -3 -2 -3 -2  0 -2  0  4  0 -5 -4 -1    7   3   3  22   2   3   5   3   0   2   2   2   2   2   5  29   4   0   0   4  0.41 0.38
  436 T   -1 -2 -1  2  0  0 -1 -2 -3  0  2 -1  1 -3  2  0  2 -4 -4 -2    4   1   2  13   2   3   3   2   0   5  19   4   4   0  10   7  17   0   0   1  0.24 0.27
  437 E   -1 -1  0  0 -5  0  5 -2  0 -1  1 -1  0 -4 -1 -1  0 -5 -4 -2    4   3   4   4   0   4  39   2   2   4  15   2   2   0   3   3   5   0   0   2  0.46 0.40
  438 E   -1 -1 -1  0 -1  0  6 -3 -1 -5 -3 -1 -1 -5 -2  1 -1 -5 -3 -3    5   2   3   5   2   2  50   2   1   0   3   3   1   0   2  12   3   0   1   2  0.81 0.57
  439 Q   -3  0  0  0  1  3  3 -2 -3 -3  1  2 -3 -1 -2 -2 -2 -4 -1 -2    1   5   5   6   3  16  23   3   0   0  16  11   0   3   2   1   2   0   2   2  0.36 0.34
  440 L   -1 -1  3 -4  1 -1 -4 -4 -4  2  4 -1 -2 -3 -4 -2 -1 -4 -4 -1    4   4  17   0   3   2   0   1   0  13  41   4   0   0   0   2   3   0   0   3  0.55 0.40
  441 R   -3  6  0 -2  0  1  0 -4 -2 -3 -1  1  0 -5 -2  0 -2 -2 -4 -3    2  46   4   2   2   5   7   0   1   2   6   8   2   0   2   6   1   1   0   1  0.76 0.49
  442 R   -2  5  1 -2 -2  2  0 -4 -1 -3 -1  4  0 -4 -2 -1 -2 -5 -4 -4    3  29   6   2   1   9   4   1   1   2   7  25   3   0   2   3   2   0   0   0  0.62 0.42
  443 L   -3 -4 -1 -5  0 -1 -2 -5  0  1  5 -4  1 -3 -5 -3 -4 -4 -1 -1    2   0   4   0   2   2   3   1   3   6  66   0   3   0   0   2   0   0   2   3  1.00 0.55
  444 Q   -4  0 -3  0 -5  6  1 -4 -3 -5 -3  4 -1 -2 -1  0 -3 -5 -4 -5    1   4   0   4   0  38   6   1   0   0   3  29   2   2   3   6   0   0   0   0  1.00 0.59
  445 E   -3  1 -2  3 -5  0  6 -4 -3 -5 -5 -1  1 -5 -4 -3 -4 -5 -5 -5    2   7   2  18   0   3  58   1   0   0   1   3   3   0   0   1   1   0   0   1  1.30 0.64
  446 E    1  0  1  0  1  2  5 -2  0 -4 -3 -2 -3 -4 -3 -1 -1 -4 -3 -2   14   5   5   3   3   8  43   3   3   1   2   1   0   0   1   4   3   0   0   2  0.61 0.33
  447 K   -3  6 -3 -4 -5  0 -2 -4 -3 -4  0  4  0 -4 -4 -3 -1 -4 -4 -4    1  50   0   1   0   3   1   1   0   1   9  24   3   0   1   1   4   0   0   1  1.11 0.47
  448 L   -3  0 -3 -4 -2  0 -3 -4 -4  1  4 -1  4 -3 -4 -3  3 -4 -3 -1    1   5   0   0   1   5   1   1   0   6  41   3  10   0   0   1  23   0   0   2  0.62 0.35
  449 C   -5 -7 -6 -7 11 -6 -3 -6 -7 -5 -3 -7 -5 -6 -6 -2 -5 -6 -6 -5    0   0   0   0  89   0   2   0   0   0   2   0   0   0   0   4   0   0   0   0  3.66 1.05
  450 K   -3  1 -4 -4 -5 -2 -3 -5 -4 -3 -5  7 -4 -5 -1 -2 -4 -6 -5 -1    2   5   0   0   0   0   0   0   0   2   1  77   0   0   3   3   0   0   0   5  1.63 0.65
  451 I   -3 -5 -5 -5 -4 -5 -5 -5 -5  6 -2 -3  1 -3 -5 -2 -2 -5 -4  5    2   0   0   0   0   0   0   0   0  46   1   2   3   0   0   3   1   0   0  39  1.27 0.51
  452 C   -1 -6 -6 -6 11 -6 -6 -5 -6 -5 -5 -6 -5 -5 -4 -4 -4 -5 -3 -4    4   0   0   0  91   0   0   0   0   0   0   0   0   0   1   0   0   0   1   0  3.41 0.83
  453 M   -3 -3 -4 -4 -4 -3 -2 -4 -3 -1  2 -2  9  1 -4 -2 -3 -1  0 -1    1   1   0   1   0   0   3   1   0   1  14   2  62   6   1   3   1   1   3   2  1.43 0.50
  454 D   -1 -3  1  7 -4 -1  0 -2 -3 -4 -4 -2 -4 -4 -3  0  0 -5 -3 -2    6   0   5  63   0   2   4   2   0   0   1   0   0   0   0   6   5   0   1   3  1.08 0.39
  455 R   -1  4 -1 -2 -2  1  2 -2  1 -4 -4  4 -3 -4 -3 -1 -2 -4 -2 -4    5  30   2   1   1   6  16   3   3   0   1  26   0   0   0   3   0   0   1   0  0.61 0.27
  456 N   -2 -2  2  4 -5 -1  5 -3  1 -4 -2 -1 -2 -4 -3 -2 -2 -4 -3 -3    1   1   9  22   0   1  48   1   4   0   5   1   1   0   1   1   1   0   0   1  0.84 0.35
  457 I    0 -1 -4 -4 -2 -3 -3 -4 -4  3  1 -2  0 -1 -3 -2 -2 -4 -3  5    7   5   0   0   0   0   1   1   0  21  11   1   1   1   0   2   1   0   0  45  0.58 0.27
  458 A    2 -1  0 -1  2 -1 -1  1 -1 -3 -3 -2 -3 -4 -2  4  0 -4 -3 -2   20   2   3   2   5   2   2  11   1   0   1   0   0   0   1  42   3   0   0   3  0.47 0.26
  459 I   -2 -4 -4 -4 -3 -2 -4 -4 -4  5 -1 -4  2  0 -4 -1 -2 -4 -3  5    2   0   0   0   0   2   1   1   0  33   1   0   5   3   0   4   1   0   0  44  0.78 0.32
  460 V   -1 -2 -4 -4 -3 -4 -4 -3 -4  0  0 -4 -1 -3 -4 -3  0 -4 -3  6    5   3   0   0   0   0   1   2   0   1   7   0   0   0   0   1   4   0   0  73  1.03 0.41
  461 F   -4 -4 -4 -5 -4 -5 -5 -5 -4 -3  0 -5 -2  8 -5  0 -4 -2  1 -3    1   0   0   0   0   0   1   1   0   0   7   0   0  79   0   7   0   0   1   1  1.83 0.54
  462 V   -3 -4 -4 -4 -3 -3 -3 -4 -4  5  3 -4  0 -1 -4 -3 -1 -4 -3  2    1   0   0   0   0   1   1   1   0  43  32   0   1   1   0   1   3   0   0  14  0.75 0.30
  463 P   -3 -4 -4 -4 -5 -4 -4 -4 -4 -5 -4 -4 -2 -5  8 -2 -1 -5 -5 -4    1   0   0   0   0   0   1   1   0   0   1   0   1   0  87   2   4   0   0   1  2.49 0.65
  464 C   -3 -5 -5 -5 11 -5 -5 -5 -5 -4 -4 -5 -4 -5 -1 -4 -4 -5 -2 -4    1   0   0   0  88   0   1   1   0   0   1   0   0   0   3   1   0   0   1   1  3.14 0.75
  465 G    0 -2 -3 -3 -4 -4 -4  7 -4 -5 -5 -3 -4 -5 -4 -2 -3 -4 -5 -5    6   2   0   0   0   0   1  84   0   0   1   0   0   0   0   2   0   0   0   1  1.70 0.49
  466 H   -4 -3 -2 -4 -5 -3 -1 -5 11 -5 -5 -3 -4 -4 -4 -4 -4 -5 -1 -5    1   0   0   0   0   0   4   1  88   0   1   0   0   0   0   1   0   0   1   1  2.86 0.73
  467 L   -3 -2 -4 -5 -3 -4 -4 -5 -4  1  6 -4  1  0  0 -4 -3 -3 -3 -1    1   2   0   0   0   0   1   1   0   5  76   1   2   2   4   1   1   0   0   2  1.01 0.38
  468 V    1 -4 -4 -4  2 -3 -4 -3 -4  1  0 -3 -1 -3 -3 -1 -1 -4 -3  5   10   0   0   0   5   0   1   1   0   5   8   0   0   0   0   4   3   0   0  60  0.74 0.33
  469 T    2 -3 -3 -3  4 -2 -1 -3 -3 -1 -2 -3 -2 -3 -3  0  4 -4 -3  3   22   0   0   1   9   0   4   1   0   0   1   1   0   0   0   5  29   0   0  25  0.51 0.28
  470 C   -3 -2 -5 -5 11 -5 -2 -5  0 -4 -4 -5 -4 -5 -5 -4 -4 -5 -5 -4    1   2   0   0  85   0   4   1   2   0   1   0   0   0   0   1   0   0   0   1  2.94 0.72
  471 K    0  0  2 -2 -3  1  0  0 -2 -1 -3  4 -2 -3 -1  0  0 -4 -3  1   10   2  10   1   0   6   6   5   0   3   1  32   0   0   3   4   4   0   0  13  0.27 0.19
  472 Q   -1 -1  1  3 -4  4  3 -2  1 -4 -3  0 -2 -1 -1  0 -1 -4 -1 -3    4   1   6  16   0  20  25   2   3   0   1   4   0   4   2   5   3   0   1   2  0.43 0.22
  473 C   -3 -1 -5 -5 11 -5 -5 -5 -5 -4 -4 -5 -4 -5 -5 -4 -4 -5 -5 -4    1   4   0   0  89   0   0   1   0   0   1   0   0   0   0   1   0   0   0   0  3.18 0.74
  474 A    6 -3 -3 -4 -3 -3 -3 -1 -4 -3 -2 -2 -3 -4 -3  1 -2 -4 -4 -2   80   0   0   0   0   0   0   2   0   1   5   1   0   0   0   7   0   0   0   1  1.17 0.46
  475 E    0 -2 -1  1 -4  0  2 -3 -1 -3 -2  1 -2 -4  6  0 -2 -4 -3 -2    7   1   1   7   0   4  15   1   1   0   5   7   1   0  38   8   1   0   0   3  0.70 0.26
  476 A    3 -2  2 -2  0 -2  0 -1 -2 -2 -3 -1 -1 -3 -1  4  0 -4 -3  0   24   0  12   0   2   0   4   3   0   2   2   1   2   0   3  35   2   0   0   7  0.39 0.24
  477 V   -3 -3 -4 -4 -3  0 -2 -4 -4  1  5 -3  3 -1 -4 -3 -2 -3 -3  2    1   0   0   0   0   4   2   1   0   3  58   0   8   2   0   1   0   0   0  18  0.74 0.30
  478 D   -1  5  1  3 -4  0  0 -3 -1 -3 -3  1 -3 -4 -3  0  2 -4 -3 -3    4  37   5  16   0   2   3   1   1   1   1   9   0   0   0   5  13   0   0   1  0.54 0.25
  479 K   -2  2  2 -1 -3  0  1 -3  2 -1 -1  4 -2 -3 -3 -1  0 -3 -1 -2    2   8  10   2   1   3   6   1   6   5   6  36   0   1   0   2   8   0   2   2  0.34 0.20
  480 C   -3 -6 -5 -6 11 -5 -6 -5 -5 -4 -4 -5 -4 -5 -5 -4 -4 -5 -5 -4    1   0   0   0  93   0   0   1   0   0   1   0   0   0   0   1   0   0   0   0  3.42 0.77
  481 P   -1 -4 -4 -4 -5 -3 -3 -2 -2 -2 -2 -1 -4 -5  8 -3 -3 -5 -5 -2    5   0   0   0   0   1   0   3   1   2   4   4   0   0  75   0   0   0   0   2  1.90 0.52
  482 M   -3 -2 -4 -4 -3 -3 -4 -5 -4  6  1 -1  5 -2 -4 -3 -2 -1 -3  2    0   1   0   0   0   0   0   0   0  50  11   5  16   0   0   2   0   1   0  10  0.84 0.33
  483 C   -4 -6 -5 -6 11 -6 -6 -5 -6 -4 -4 -6 -4 -5 -5 -4 -4  3 -5 -4    0   0   0   0  91   0   0   0   0   0   0   0   0   0   0   0   0   4   0   0  3.38 0.78
  484 C   -4  7 -3 -5  5 -2 -3 -4 -3 -5 -4 -1 -4 -4 -5 -2 -4 -5  3 -5    0  73   0   0  12   0   1   1   0   0   0   1   0   0   0   3   0   0   9   0  1.68 0.56
  485 T    3 -2 -2 -3 -2  1 -1  2 -2 -3 -3  1 -2 -3 -3  1  2 -4 -3 -2   32   0   1   0   1   8   3  16   0   1   1  12   0   1   0   7  16   0   0   1  0.39 0.24
  486 V    1  0  0  0 -3 -1  0 -2 -2  1 -1  1 -1 -2  1 -1  1 -4 -3  2   12   4   5   6   0   0   4   1   1   8   3  11   1   1   7   2  12   0   0  24  0.14 0.13
  487 I   -4 -6 -6 -6 -4 -6 -6 -7 -4  8 -1 -6 -2 -1 -6 -5 -2 -6 -4  2    0   0   0   0   0   0   0   0   0  86   0   0   0   2   0   0   2   0   0  10  1.82 0.57
  488 T   -1  4 -2 -2 -4  1  1 -3  0 -3 -2  3  1 -4 -3 -1  2 -4 -3 -2    5  24   0   1   0   6   9   1   2   1   2  23   4   0   0   1  18   0   0   2  0.49 0.27
  489 F    1  1 -1 -2 -3  1 -1  4 -1 -2 -3  1  0  2 -3 -1 -2 -4 -2 -3   11   7   1   1   0   7   2  39   2   2   1  11   2  10   0   3   1   0   0   0  0.44 0.23
  490 K   -1  2 -1 -3 -1 -1 -2 -3 -3 -2 -2  3 -2 -2 -3  2  4 -4 -1 -2    2  11   1   0   1   2   0   0   0   2   2  19   1   2   0  17  35   0   3   2  0.51 0.30
  491 Q   -3 -4 -4 -5 -4  4 -3 -6 -5  2 -2 -4  1 -3 -5 -4 -2 -5 -4  6    0   0   0   0   0  22   0   0   0  10   0   0   3   1   0   0   1   0   0  63  1.20 0.48
  492 K   -4  7 -1 -3 -6  0  0 -5 -1 -6 -5  4 -4 -6 -4 -3 -4 -6 -4 -5    0  60   2   1   0   2   5   0   1   0   0  29   0   0   0   0   0   0   0   0  1.49 0.50
  493 I    1 -4  0 -4 -3 -3 -4 -4 -4  3 -3 -3 -2 -4 -4 -1  6 -5 -4  1   13   0   4   0   0   0   0   0   0  20   0   0   0   0   0   2  52   0   0   8  0.89 0.41
  494 F   -5 -6 -6 -7 -6 -6 -6 -6 -4 -1 -2 -6 -3  8 -7 -5 -5 -2  5 -4    0   0   0   0   0   0   0   0   0   3   1   0   0  78   0   0   0   0  18   0  2.25 0.61
  495 M   -4 -4 -5 -6 -4 -4 -5 -6 -5  2  4 -5  7  2 -5 -4 -3 -4 -1 -1    0   0   0   0   0   0   0   0   0   9  42   0  38   9   0   0   0   0   1   0  1.24 0.44
  496 S    1 -3 -2 -3 -3 -3 -3 -3 -4 -5 -5 -3 -4 -5 -3  7  0 -6 -4 -4   12   0   0   0   0   0   0   0   0   0   0   0   0   0   0  84   4   0   0   0  1.46 0.51

                      K         Lambda
Standard Ungapped    0.1331     0.3187
Standard Gapped      0.0454     0.2670
PSI Ungapped         0.1473     0.3126
PSI Gapped           0.0454     0.2670
