
Last position-specific scoring matrix computed, weighted observed percentages rounded down, information per position, and relative weight of gapless real matches to pseudocounts
           A  R  N  D  C  Q  E  G  H  I  L  K  M  F  P  S  T  W  Y  V   A   R   N   D   C   Q   E   G   H   I   L   K   M   F   P   S   T   W   Y   V
    1 M   -5 -6 -7 -8 -6 -5 -7 -7 -6 -3 -1 -6 11 -4 -7 -6 -5 -6 -5 -4    0   0   0   0   0   0   0   0   0   0   2   0  98   0   0   0   0   0   0   0  3.56 1.15
    2 A    6 -1 -5 -5 -4 -1 -2 -3 -5 -4 -1 -2 -1 -5 -4 -2 -2 -6 -5 -3   82   3   0   0   0   3   3   0   0   0   6   1   1   0   0   0   1   0   0   0  1.41 0.67
    3 D   -2 -2 -2  6 -3  0  5  0 -4 -6 -6 -3 -5 -6 -2 -3 -4 -6 -6 -6    4   2   0  43   1   2  39   7   0   0   0   0   0   0   2   1   0   0   0   0  1.29 0.59
    4 K   -3  2  1  2 -5  2  1 -1  0 -5 -5  5 -1 -5 -4 -2 -2 -5 -4 -4    1  10   5  13   0  11   8   4   2   0   0  40   1   0   0   1   2   0   0   1  0.74 0.42
    5 V   -2  2  1  1 -4  0  1 -3  1  0 -1  2 -1 -3  0  0 -1 -4 -3  1    1  15   8   9   0   3  10   1   5   5   5  13   1   0   4   5   3   0   0  12  0.19 0.17
    6 L   -3  1 -3 -4 -1  1 -3 -2  3 -1  4 -1  0 -2 -1 -1 -3 -2 -2 -2    1   8   0   0   1   8   1   3   9   1  50   3   1   1   3   6   1   0   1   0  0.53 0.38
    7 R   -2  2  0 -1 -5  2  1 -3 -3 -3 -1  5 -2 -2 -1  0 -1 -5 -3 -4    2  10   5   2   0   7   7   1   0   2   8  43   1   2   2   5   3   0   1   0  0.56 0.37
    8 A    0  2  1  0 -5  1  3 -1 -3 -3 -3  4 -4 -4 -4 -1 -2 -5 -3 -4    7  12   7   5   0   4  18   3   0   1   2  34   0   1   0   3   1   0   1   0  0.57 0.37
    9 K   -2 -1  3  2 -4 -1  0 -3 -3 -1  0  3 -1 -4 -2 -2 -2 -5 -2  2    1   1  17  13   0   1   4   1   0   2  10  25   1   0   1   2   1   0   1  18  0.41 0.33
   10 R   -4  7 -4 -3 -7 -1 -3 -5 -4 -3 -3 -1 -5 -4  5 -2 -2 -2 -5 -6    1  58   0   1   0   2   1   0   0   2   3   1   0   1  26   2   2   1   0   0  1.53 0.71
   11 K   -1  2 -3 -3 -1 -1 -2 -3 -3  0  2  2  0  0 -2 -1  0 -1 -2  2    3  14   0   0   1   1   1   2   0   5  19  16   2   4   2   5   7   1   0  18  0.21 0.21
   12 Q   -1  1  3  1 -1  1  0 -3  0 -2  0  3 -1 -3 -3 -1 -1 -4 -1 -2    5   6  16   7   2   7   4   1   2   1  12  27   2   0   1   2   3   0   2   3  0.29 0.24
   13 F   -2 -1  0 -3 -4 -3 -2 -4 -3  1  1 -1  4  5 -4  0 -1 -3 -1  1    2   4   5   1   0   0   2   0   0   9  12   5  11  31   0   8   3   0   0   8  0.47 0.31
   14 I    0 -5 -5 -4 -4 -5 -5 -5 -5  3  3 -5 -1  0 -5 -4 -3 -2 -2  5    9   0   0   1   0   0   0   0   0  19  25   0   1   4   0   0   0   1   1  39  0.84 0.44
   15 N   -1  1  0  1 -4  0  5 -4  0 -3 -5  4  1 -3 -3 -1 -2 -5 -3 -2    4   5   3   5   0   2  36   1   2   2   0  25   4   1   1   4   1   0   0   2  0.66 0.42
   16 S    0  1  0 -2 -3  1 -2  0 -1 -2  1  1  0 -2 -3  3 -1 -4  0 -1    6   9   3   2   0   5   0   5   1   1  20   9   2   1   0  27   1   0   3   4  0.20 0.24
   17 V    0 -3 -5 -5  3 -4 -4 -4 -5  2  3 -2  3 -1 -5 -3 -2 -3 -3  4    8   1   0   0   6   0   1   0   0  11  25   2   8   2   0   1   1   0   0  32  0.60 0.36
   18 S    1 -1  1 -1 -2 -2 -2  3 -3 -3 -2  1 -3  0 -3  3  0 -4 -3 -1   12   4   5   3   0   1   1  24   0   1   3   9   0   4   0  24   4   0   0   4  0.32 0.26
   19 V   -2  1 -3 -1 -5  2  2 -2  0 -3 -2  5 -1 -5 -1 -1  0 -5 -4 -4    2   7   0   2   0   7  12   2   2   1   4  45   1   0   2   4   6   0   0   1  0.66 0.41
   20 G    0  0  2  2 -3  0  1  2 -1 -2  0 -1  0 -3  1  0  0  0 -3 -2    8   4  11  11   0   3  11  16   1   2  10   2   3   0   6   4   5   1   0   2  0.16 0.15
   21 T   -1 -4 -1 -1 -3 -3 -2 -4 -4  2  1 -3  4  1 -3 -3  2 -4 -1  4    3   0   3   3   0   0   3   0   0   9  10   1  13   6   1   0  14   0   1  33  0.48 0.34
   22 I   -3 -5 -6 -6 -2 -3 -6 -5 -6  5  4 -5  0  0 -6 -5 -4 -5 -4  2    2   0   0   0   0   1   0   1   0  34  44   0   1   4   0   0   0   0   0  13  1.09 0.52
   23 N   -2 -1  4  3 -5  0  0 -1  1 -4 -3  2 -4 -5 -3  1  2 -5 -3 -3    1   2  20  21   0   3   5   4   4   0   3  12   0   0   0  10  14   0   1   2  0.49 0.34
   24 G   -2 -3  0  1 -3  3  3  4 -3 -5 -4 -1 -3 -6 -3  0 -2 -5 -5 -4    1   1   3   8   0  12  20  38   0   0   1   3   0   0   1   7   2   0   0   1  0.73 0.43
   25 L   -3 -5 -5 -6 -4 -4 -5 -3 -2  3  4 -5  0  3 -5 -4 -2 -4 -1  2    1   0   0   0   0   1   0   2   1  15  50   0   1  12   0   1   2   0   1  12  0.82 0.43
   26 L   -3 -5 -6 -6  1 -5 -6 -6 -5  0  5 -5  3  4 -5 -3 -3 -1 -3  0    1   0   0   0   2   0   0   0   0   3  62   0   7  14   1   2   1   1   0   5  1.14 0.55
   27 D   -4 -4  0  7 -6  1  3 -4 -1 -3 -5 -4 -6 -6 -2 -1 -4 -7 -6 -4    1   0   3  61   0   5  18   1   1   2   1   0   0   0   2   4   0   0   0   1  1.48 0.69
   28 E   -2 -3  3  6 -2 -1  2 -2  4 -6 -5  0 -3 -4 -5 -1 -4 -6  0 -6    2   1  12  41   1   1  14   3  10   0   1   5   1   1   0   4   0   0   4   0  0.94 0.51
   29 L   -5 -6 -7 -7 -3 -6 -6 -7 -6  0  6 -6  3  2 -4 -6 -5  0 -4  0    0   0   0   0   0   0   0   0   0   3  72   0   6   9   1   0   0   1   0   6  1.40 0.66
   30 L   -2 -2 -3 -5 -4  0 -4 -5 -3  2  4 -2  4  0 -5 -4 -2 -4 -3  3    3   2   1   0   0   5   0   0   1   9  41   3  10   3   0   0   2   0   0  21  0.69 0.40
   31 E    0 -2 -3  1 -3  3  6 -2 -1 -6 -5  1 -2 -6 -4  0 -3 -6 -5 -4    9   1   0   5   1  10  50   3   1   0   1   8   1   0   0   7   1   0   0   1  0.95 0.56
   32 K   -3  1  2  2 -2  2  0 -4  1 -5 -4  5 -3 -5 -4 -1 -2 -6 -4 -4    1   6  10  13   1   8   4   1   3   0   2  43   1   0   0   4   2   0   0   1  0.82 0.48
   33 R   -3  2  4  4 -2 -1  0  1 -2 -4 -4  2 -3 -5 -4 -1 -3 -6 -5 -5    1  13  22  23   1   2   5  11   1   1   1  14   0   0   0   3   0   0   0   0  0.70 0.42
   34 V   -4 -5 -5 -3 -4 -5 -3 -6 -5  4 -1 -3 -1 -4 -5 -3 -3 -5 -2  6    0   0   0   2   0   0   2   0   0  20   4   2   1   0   0   2   0   0   2  63  1.34 0.63
   35 L   -4 -5 -6 -6 -4 -3 -5 -6 -5  3  5 -5  0  1 -4 -5 -4 -4 -1  1    0   0   0   0   0   1   0   0   0  16  61   0   2   6   1   0   0   0   2   7  1.13 0.55
   36 N   -4 -2  6  0 -5 -3 -3 -3 -1 -3 -6  3 -5 -6 -5  1  4 -6 -5 -4    0   1  41   4   0   0   1   1   1   1   0  15   0   0   0   8  23   0   0   1  1.13 0.65
   37 Q   -2  1 -2  2 -4  2  2 -1 -2 -2  2  0 -1 -3 -1 -2 -1  1 -2 -2    1   9   2  12   0  11  12   4   0   1  27   6   1   1   3   2   4   2   1   1  0.26 0.27
   38 E   -2 -1  1  2 -5  0  5  0 -1 -4 -4  2 -1 -5 -3  0 -2 -5 -3 -5    3   3   7  12   0   2  38   8   1   1   1  12   2   0   1   6   1   0   1   0  0.66 0.44
   39 E   -3 -4 -2  0 -6  0  7 -4 -4 -4 -5 -2  6 -6 -5 -4 -5 -6 -2 -4    1   0   1   5   0   4  62   1   0   1   0   2  18   0   0   0   0   0   2   1  1.55 0.82
   40 M    1  1 -3 -2 -3 -1  1 -2  0  1  1  0  4 -2 -3 -2 -1 -4 -2  2   11  10   0   1   0   2  11   2   2   6  17   4  12   1   1   2   3   0   1  15  0.22 0.24
   41 D   -3  1  0  3 -6  2  6 -5  0 -6 -4  0 -5 -6 -3 -2 -4 -6 -1 -4    2   6   4  13   0   7  53   0   2   0   2   4   0   0   1   2   0   0   3   1  1.07 0.63
   42 T   -1  2  0 -2 -4  0  1 -3  1  0 -1  4  0 -2 -4  1  0 -5 -2 -3    4  11   3   1   0   3   8   1   3   6   5  28   3   2   0  13   7   0   1   1  0.33 0.30
   43 I   -3 -2 -5 -5 -4 -2 -1 -5 -5  5  1  1  0 -3 -2 -4 -3 -5 -4  3    2   2   0   0   0   2   5   0   0  36  14  11   2   0   2   0   0   0   0  23  0.75 0.45
   44 K   -2  2 -1 -2 -1  4  0  2 -1 -2 -1  4  1 -4 -2 -3 -2 -5 -4 -3    2  11   3   1   1  17   4  16   1   2   7  24   4   0   1   0   3   0   0   1  0.47 0.37
   45 L    2  1 -1  1  0 -1  3 -2  0 -1 -2  1 -1  2 -3 -1 -1  0  1 -2   17   7   2   6   2   1  19   2   2   3   3  11   2  10   0   2   3   1   4   2  0.19 0.23
   46 A    0  1  0  1  1  0  3  1  0 -3 -4  2 -2 -3 -4  0 -1 -4  2 -3    6   8   4   7   4   2  20  14   3   1   0  13   1   1   0   5   3   0   8   1  0.30 0.27
   47 N   -2 -1  4  2 -1  0  0 -1  1  0 -2  0  0 -2 -3  0 -2 -4  0  1    2   3  24  11   1   5   4   5   4   5   4   4   2   2   0   7   0   0   4  14  0.25 0.24
   48 I    2 -2  2  0  0 -1 -2  1 -1 -1 -2 -1 -1 -2  1  1  0 -4 -2  0   21   2  11   4   2   1   0  11   1   4   4   3   1   2   6  11   6   0   1   6  0.16 0.18
   49 T   -1  0  0 -1 -1 -1  1  0 -1 -1  0  1  0  0 -2  1  2 -3 -1  0    4   4   4   3   1   1   9   7   1   3   9  11   3   4   1   9  21   0   2   5  0.10 0.15
   50 V   -1  2 -1 -2 -3 -2 -3 -2 -3  3 -1  0  1  1 -1  1  0  0 -1  1    3  12   2   2   0   0   0   2   0  21   4   5   4   8   3  11   7   1   2  10  0.18 0.21
   51 M    0  0 -2 -1 -2  1  0  0  1  0  0  0  2  1 -1  0  0 -3 -1  2    9   4   0   2   0   7   5   6   4   4   7   5   8   7   2   7   4   0   0  19  0.05 0.11
   52 E    0  0  2  4 -4  1  0 -1  2 -4 -4  2 -3 -4 -3  0 -2 -4 -3 -2   10   4  13  26   0   8   5   4   5   0   1  13   0   0   0   7   0   0   0   3  0.41 0.28
   53 K   -1  2  2  0 -4  2  0 -2 -2 -3 -2  4  0 -1 -3 -1 -1 -4 -1 -2    3  11  10   5   0  12   3   3   0   0   3  32   3   2   0   4   3   0   3   3  0.38 0.28
   54 A    4 -2 -1 -3  0 -3 -3 -2 -4 -2 -1 -1 -3 -2 -1  0  2 -4 -2  1   44   2   3   1   2   0   0   1   0   1   5   4   0   1   3   7  12   0   1  12  0.50 0.38
   55 R   -3  6 -3 -3 -5  1  3 -2  0 -4 -2 -1 -4 -3 -4 -2 -2  5 -3 -2    2  41   0   0   0   5  21   3   2   1   4   2   0   1   0   2   2   8   0   3  0.88 0.50
   56 D    1  0  1  1  3 -1 -1 -1  0  0 -2 -1 -1 -2 -2  0  0 -3 -1  2   13   5   9   8   7   2   4   3   2   6   2   3   1   1   1   5   4   0   2  21  0.12 0.15
   57 L   -2 -3 -5 -6 -4 -4 -5 -5 -5 -1  5 -3  1  2 -5 -5 -4  0 -3  1    3   2   0   0   0   0   0   0   0   2  67   2   3   9   0   0   0   1   0   8  1.10 0.53
   58 C   -1 -4 -4 -4 -1 -3  0 -3 -4  4  2 -2  1  0 -4 -3 -2 -4 -3  3    4   0   0   0   1   1   6   1   0  24  24   2   4   4   0   1   2   0   0  25  0.53 0.32
   59 D   -3 -2  3  6 -5 -2  1 -3 -2 -4 -3  0 -5 -4 -4 -2 -2 -6 -3 -3    2   2  13  53   0   1   8   2   1   1   3   5   0   1   0   3   3   0   1   2  1.07 0.53
   60 H    0 -2  0  1  0 -1 -1 -1  1  0  0 -2  0  0 -3  3  1 -2 -1 -1    5   1   4   9   2   2   2   4   4   5  11   1   2   5   1  28   9   1   2   2  0.20 0.23
   61 V   -2 -4 -5 -5 -3 -4 -5 -5 -5  3  3 -4  3  1 -5 -4 -3 -4 -3  5    2   0   0   0   0   0   0   1   0  16  27   0   6   7   0   0   0   0   0  37  0.87 0.44
   62 T   -2  3 -2 -2 -2  0  0 -3 -2  2 -1  2 -1 -2  3 -2  1 -4 -3 -1    3  21   1   2   1   3   5   1   1  16   4  11   1   2  13   1  10   0   0   4  0.32 0.27
   63 K   -2  3  0 -1 -2  3  3 -2  1 -4 -1  4 -1 -4 -1 -1 -2 -4 -3 -4    1  16   4   3   1  12  17   2   3   0   7  24   1   0   3   3   1   0   0   0  0.49 0.33
   64 K   -4  3  0 -4 -1  0 -2 -5  1 -3 -3  6 -4 -1 -4 -3 -2  1 -2 -5    0  15   4   0   2   3   1   0   3   2   2  58   0   3   0   0   2   2   2   0  1.17 0.63
   65 G   -1 -2  0 -2  0 -1 -2  5  1 -5 -5 -2 -2 -2  1 -1  1 -1 -2 -4    3   3   4   1   2   3   2  50   3   0   1   2   1   2   7   5   9   1   2   0  0.75 0.45
   66 P   -1  1 -1  1 -2  2  1 -2  3 -3 -2 -1 -3 -4  4  1 -2 -4 -1 -2    5   7   2   8   1  12   9   2   7   1   4   3   0   0  21  12   2   0   2   2  0.39 0.29
   67 R   -1  2  0  0 -1  2  2 -1  1 -2 -2  2  1 -3  0 -1 -1  2 -1 -1    5  12   5   5   1   8  12   3   4   3   2  16   6   0   5   2   2   4   2   5  0.19 0.19
   68 A    6 -4 -2 -2 -3 -1 -2 -1 -4 -1 -3 -3 -3 -5 -1 -1  0 -5 -4 -1   65   0   2   2   0   3   2   4   0   3   2   0   0   0   3   3   4   0   0   4  0.91 0.57
   69 S   -1 -2  0 -1  4 -3 -3  2  0 -3 -2 -3 -3  4 -2  3  0 -3  0 -2    3   2   4   4  10   0   0  15   3   0   2   0   0  19   2  25   5   0   2   3  0.42 0.35
   70 Q   -2  0  0  0 -5  5  1 -3  0 -2 -2  2 -3 -5  0  1 -2  0 -4 -4    2   4   4   5   0  34   8   2   2   3   5  13   0   0   5  10   2   1   0   0  0.55 0.41
   71 M    1 -1 -1 -3  0 -2 -2 -2 -1  3  0  1  2  0 -3  0  0 -3 -1  2   12   3   3   0   2   0   2   2   2  24   4  12   6   3   0   7   5   0   1  12  0.19 0.21
   72 F   -2 -5 -6 -6  5 -5 -4 -6 -5 -1  2 -3  3  7 -4 -4 -3  0 -2 -2    4   0   0   0  10   0   1   0   0   2  21   1   6  44   1   1   1   1   0   3  1.21 0.59
   73 I   -1 -2 -5 -6  5 -2 -4 -6 -5  5  1 -2  3 -1 -5 -3 -1 -1 -1  1    4   2   0   0  13   1   1   0   0  39  10   3   7   2   0   1   4   1   2   9  0.81 0.46
   74 T    1 -1  2  3 -1  3  2 -1 -1 -3 -3  0 -1 -4 -2  1  0 -5 -4 -2   10   3   8  17   1  16  14   3   1   1   1   5   1   1   2   9   5   0   0   2  0.37 0.30
   75 Y    2  1 -1 -4  1 -1 -3 -2  6 -3 -3 -2 -2 -2 -3  1  2 -4  3 -1   16   9   2   0   3   2   0   2  22   1   1   2   1   2   1  11  12   0   9   5  0.54 0.39
   76 I   -5 -5 -6 -6 -5 -5 -6 -6 -6  4  4 -6  1  4 -2 -5 -4 -4 -3  0    0   0   0   0   0   0   0   0   0  23  46   0   3  17   2   0   0   0   0   6  1.14 0.56
   77 C   -3  3 -4 -4  6  1 -1 -3  0 -1  2  0 -3  2 -5 -2 -2  1 -2  0    2  20   0   0  17   6   4   1   2   3  18   6   0   8   0   2   1   2   1   6  0.54 0.39
   78 N   -2  0  4 -1 -1 -1  4 -2 -1 -3 -6  2 -5 -3 -5  0  0 -6 -2 -4    2   5  23   3   1   3  27   3   1   1   0  14   0   1   0   6   6   0   2   1  0.67 0.47
   79 E   -2  4 -1  0 -1 -1  1 -3  1  0 -3  0  2 -2  0 -1  3  0 -2 -2    2  23   2   4   1   3  11   2   3   6   2   4   5   1   4   4  18   1   1   2  0.37 0.32
   80 D   -3 -2  1  7 -7  0  0 -2  1 -6 -7  2 -6 -7 -2 -2 -3 -7 -6 -4    2   2   5  51   0   4   5   4   3   0   0  14   0   0   2   3   2   0   0   2  1.20 0.66
   81 C   -2  0 -1 -4  4  4  0  0  0 -3 -3  2 -4 -3  1  0 -2 -5 -2 -1    3   5   3   0   8  23   5   8   2   2   2  14   0   1   8   8   2   0   1   4  0.44 0.36
   82 Y   -2  1  3 -2  1  2  0 -1  3 -1 -2  1  1  0 -2  0  0  2  0 -2    4   6  11   3   2   8   7   6   7   5   4   7   3   5   3   7   5   2   4   3  0.17 0.14
   83 L    0 -1  1  0 -2  1  0  0  2  0  0  0  1  0  1  0  0 -3 -1  0    6   0   6   6   0   6   6   6   6   6   6   6   6   6   6   6   6   0   0   6  0.05 0.08
   84 A    2 -1  0 -1  1 -1  0 -2  0 -1  1 -1  0 -2  0  0  1 -3  0 -1   23   2   4   2   3   1   5   2   3   2  16   3   2   1   5   7  11   0   4   4  0.13 0.19
   85 E   -1 -1  0  1  1 -1  3  0  0 -4 -1 -1 -1 -4  0  2 -1  1 -1 -2    4   2   4   8   3   2  24   6   2   0   7   3   1   0   4  17   3   2   2   3  0.27 0.28
   86 I   -1 -1  0  1 -3  1  1 -2  0  1  0  1  1 -1 -1 -1  0 -3 -1  1    5   2   3   7   0   7  10   2   3   7   8  10   5   2   2   4   5   0   2  13  0.06 0.12
   87 L   -3 -2 -2 -1 -4 -1 -2 -3 -1  0  4  0  3  1  0 -2 -1 -3 -1 -1    1   2   2   4   0   2   2   2   2   5  44   7   7   6   5   3   3   0   2   3  0.42 0.33
   88 E   -1 -1  0 -1 -3  1  2  3  1  0 -1  1 -2 -3  1  0 -1 -1 -3 -2    4   3   5   2   0   7  15  20   3   6   6   8   0   0   6   6   3   1   0   3  0.18 0.20
   89 L   -1 -1 -1 -1  1 -1 -1 -2  1  0  3  0  1  1 -4 -1  1  2  0 -1    4   3   3   3   3   3   3   3   4   4  29   6   3   5   0   5  10   3   4   3  0.16 0.19
   90 Q    0  0  0  0  2  0  0  0  1  0 -1  0  1  0  1  0  0 -3 -1  0    6   6   5   6   5   5   6   6   5   6   6   6   5   5   6   6   6   0   0   6  0.03 0.07
   91 S    1 -1 -1  1  4 -1  0 -2  1 -2 -2 -1 -1 -2  0  3  2 -4 -3 -2   11   4   3   7   9   3   5   3   3   2   4   3   1   2   5  21  13   0   0   2  0.27 0.27
   92 G    0 -1  0  1 -1  0  2  2  0 -1 -1 -1 -1 -2  1  0  0 -3 -2 -2    5   2   5   9   1   3  14  17   2   4   6   3   1   2   6   8   5   0   1   3  0.14 0.15
   93 P   -1 -2 -1  0 -1  2  0 -3  0 -2  0 -2 -2 -1  4  2 -1 -4  1 -3    4   2   3   5   1   8   6   2   2   2  11   2   1   2  21  15   4   0   4   1  0.31 0.31
   94 S   -1  0  0  2 -1  2  2  0  0 -3 -2 -1 -1 -4  2  1  0  1 -3 -3    4   5   5  10   2  10  11   7   2   2   3   4   1   0  10  13   5   2   0   1  0.21 0.24
   95 A    1  0  0  1 -3  0  1 -1  2 -2 -1 -1 -1 -1  1  2  0 -2 -2 -1   12   4   5   7   0   3   8   5   6   2   7   3   1   2   7  14   6   1   1   3  0.11 0.15
   96 E    0 -1  0  0 -2  2  1  2 -1 -3 -2  1 -1 -3  1  1 -1 -4 -2 -2    6   4   4   4   1   9  11  19   1   1   5   7   1   1   7  12   2   0   1   3  0.21 0.22
   97 T   -1 -1  2  0 -1  0  0 -1  1  0  0 -1 -1 -2  1  0  0 -3 -1 -1    5   3  14   5   1   4   8   5   4   6  13   3   2   2   7   8   6   0   2   3  0.09 0.13
   98 V    2 -1  0  0 -1 -1  0 -1  0 -1 -1 -1 -1  0  1  0  0 -3  1  0   18   3   4   6   1   2   6   5   3   4   6   2   1   4   6   8   5   0   6   7  0.05 0.10
   99 F   -1  1  0 -1 -1  1  0 -2  0 -1  0  0  1  1  2  1  0 -3 -1 -1    5   8   4   2   1   5   7   2   3   3  10   6   4   7  10  10   4   0   2   4  0.08 0.11
  100 V    0  1  1  0  0  0 -1 -2  0 -1  0 -1 -2 -1  2  0  0 -3 -1  1   10   7   6   4   2   4   3   2   3   3  12   3   0   3  12   7   6   0   2  10  0.09 0.13
  101 T   -1 -2  0 -1 -1  1  2 -2 -1 -2 -2  0  1 -2  2  1  2  0 -2  0    5   2   5   2   2   6  15   3   2   1   4   5   4   2  10  10  12   1   1   6  0.17 0.23
  102 E   -1  0 -1  0  2  2  2 -2  2 -1 -1  0 -1 -2  1  1  0 -4 -3 -1    4   4   2   6   5  10  16   3   4   3   5   5   2   2   8  12   5   0   0   3  0.18 0.24
  103 D   -1 -1  0  2  4  1  2 -2  0 -2 -3 -1  1 -1  1  1 -1 -4 -1 -2    4   3   5  13   8   6  17   3   2   2   2   2   4   3   8   9   3   0   2   2  0.24 0.28
  104 S    1 -1  0 -1  3 -1  0 -2  0  0 -2 -1  0 -1  0  2  0 -3  2 -1   10   2   4   3   6   3   6   3   3   6   4   3   2   3   5  20   6   0   8   3  0.15 0.21
  105 K    0  0  1  0  2  3  1  0 -2 -2 -2  0  0 -2  2  0  0  0 -1 -2    7   5   6   5   5  13  11   6   0   2   3   5   2   2   9   7   6   2   2   3  0.15 0.19
  106 G    1 -1 -1 -1 -1 -2  0  0 -2 -1  0 -1 -1 -3  2  2  1 -3 -1  1   13   3   2   3   1   1   6   7   1   2   8   3   1   1  11  19   7   0   2   9  0.16 0.14
  107 G    0  0  0 -1 -3 -1  1  2  0 -1 -2  0 -2 -3  2  1  0 -1 -3  0    8   4   4   3   0   2   8  16   3   3   3   7   1   1   9  13   4   1   1  10  0.14 0.12
  108 H   -1  0 -1 -1 -1  0  0 -1  3 -1  1  0 -1 -1  3  0 -1 -3 -1 -1    5   5   3   2   1   4   6   5   9   2  19   4   1   3  13   9   4   0   2   4  0.14 0.13
  109 P    0 -3 -1  1 -1 -1 -2 -2  1  0 -2  1 -3 -3  6  1 -2 -4 -3 -2    6   1   2   7   1   3   2   2   4   6   3   8   1   1  37  11   2   0   1   3  0.67 0.34
  110 F    0  1 -2 -1 -1  1  1 -1 -1  0  0  0  0  3 -1  1  0  0  0  0    6   7   1   2   1   7  11   4   1   4   7   4   3  14   2  12   6   1   2   6  0.09 0.11
  111 S    0 -1 -1 -1 -2  1 -1 -2 -2 -2  0 -1  0  0  4  3  0  2 -3 -2    6   3   2   2   1   7   3   3   1   2   8   2   2   5  18  25   4   3   0   2  0.32 0.25
  112 S    2  0 -2 -1 -2  0  0 -2 -2  0 -1  0 -1 -2  2  1  0 -2 -2  1   18   6   1   3   0   4   7   2   0   6   4   6   1   1  10  11   5   0   1  12  0.15 0.14
  113 E    1 -1 -1  0  1  1  3 -2 -1 -2 -1 -1 -1 -2  2  1 -1 -4 -2 -1   11   3   1   5   3   8  22   1   1   2   7   2   1   2   9  12   4   0   1   4  0.22 0.19
  114 T   -1 -1 -1 -1 -1  1  1 -1 -2 -2 -1 -1 -2  0  3  1  2  1 -2 -2    4   3   2   2   1   7  11   4   1   2   8   2   0   4  16  13  14   2   1   3  0.23 0.19
  115 K    1  0  0  0 -2  2  1 -1  0 -1 -1  0  0  0  1  1  0 -2 -1 -1   12   4   3   6   1  11   9   2   2   3   5   5   3   4   6  10   7   1   1   5  0.10 0.09
  116 E    0  0 -1  1  1  2  3 -2  0 -2 -1  0  1 -2  1  1 -1 -3 -2  0    7   5   2   6   4   8  23   2   2   2   4   3   5   2   6   9   4   0   1   6  0.20 0.16
  117 K    0  0  1  0 -1  2  1 -1  1 -2 -1  0 -2 -2  2  1  0  1 -1 -1    7   4   6   4   1  10  10   3   4   2   4   6   1   1   9  11   7   3   1   5  0.13 0.10
  118 L    0 -1 -1  1  0  1  0 -1 -1  1  0 -1  2 -1  0  0  0 -1 -1  0    7   3   2   9   2   7   4   5   1   9  10   1   7   2   5   9   7   1   1   7  0.04 0.06
  119 N    0  0  3  0 -3  1  2 -2  1 -2 -1  0 -1 -1  0  0  0  0 -2 -1    6   4  15   4   0   8  16   2   3   2   6   6   1   2   4   8   4   2   1   6  0.16 0.12
  120 K    0  1  0  1 -1  1  0 -1  2 -1 -1  1  0 -1  2  1  0  0 -1 -1    6   7   3   7   1   7   7   4   6   3   5   9   2   3  12  10   3   2   2   3  0.12 0.08
  121 E    1  0  1  1  0  1  1  0 -1 -1 -2  0 -1 -2  0  2  0 -1 -2 -1    9   3   5   9   2   8   7   6   1   3   3   4   2   2   4  19   6   1   1   4  0.12 0.09
  122 G    0  0  0  0 -1  0  0  1 -1 -1  1  0  1 -1  1  0  0 -1 -1 -1    9   5   5   5   1   3   7  10   2   3  15   6   6   2   7   5   4   1   1   4  0.04 0.04
  123 G    0 -1  0  2  0  0  0  0 -1 -1 -1 -1 -1 -1  2  0  0 -1 -2 -1    7   3   3  18   2   4   7   9   1   5   8   2   2   2   9   8   6   1   1   4  0.11 0.07
  124 A    1 -1  1  0 -1  1  0  0  0  0 -1  0  0 -2  0  1  1 -2 -1 -1   17   3   6   6   1   7   5   5   3   5   6   4   2   1   4   8  10   0   2   4  0.07 0.06
  125 F    0 -1  0  0  0 -1  0  1 -1 -1 -1 -1  0  0  2  2  0 -1 -1 -1    8   3   3   5   3   3   4  11   2   2   7   2   3   4  12  18   3   1   1   4  0.12 0.09
  126 P    1 -2 -1  2 -1 -1 -1 -1 -2 -1 -1 -1 -1 -2  4  1  1 -3 -2 -1   10   2   2  11   1   2   4   3   1   4   6   2   2   2  24  13   8   0   1   3  0.33 0.16
  127 G    0 -1  0  1 -2  1  2  3 -1 -1 -2 -1 -2 -2  0  0 -1 -2 -2 -1    5   2   3   9   1   6  16  22   1   5   4   3   1   1   5   6   4   0   1   4  0.18 0.11
  128 P   -1 -1 -2 -1 -3 -1 -1 -1 -2 -1 -1  0 -2 -1  5  1  0  0 -2 -1    5   3   1   3   1   2   4   5   1   4   6   4   1   2  32  14   5   1   1   4  0.46 0.20
  129 S    0 -1  0  0  3  0  0  0  0  0 -1  0 -1 -1  2  1  2 -3 -2 -1    5   4   4   4   7   3   6   6   2   6   4   5   1   3   9   9  17   0   1   3  0.11 0.09
  130 G   -1 -2  1  3 -3  0 -1  2 -1 -2  0 -2 -1 -2  0  0  0  3 -2 -2    4   1   7  18   0   4   2  20   2   1  13   1   1   2   5   7   6   4   1   2  0.21 0.14
  131 S   -1 -1  0 -2 -3  2  0 -1 -1  0 -2  0 -1 -2  2  1  3  3 -2 -1    4   3   5   1   0  10   5   3   1   6   3   6   1   2   9  12  20   5   1   3  0.22 0.17
  132 L   -2 -3 -2 -2 -3 -2 -3 -4 -4  2  4 -3  0 -1 -3 -2 -2 -3 -3  3    3   1   2   2   0   2   1   1   0  13  40   1   1   2   1   2   2   0   0  25  0.55 0.27
  133 K   -2  1 -2 -1 -3  1  0 -2 -2  0 -1  6 -2 -4 -3 -2 -1 -4 -3 -3    2   6   1   3   1   5   5   2   1   6   5  52   1   1   1   2   3   0   1   2  0.72 0.35
  134 F   -2 -2 -2 -3 -2  0 -3 -4  0  0  4 -2  0 -1  3 -2 -2 -3  0  0    2   2   2   1   1   4   1   1   3   5  45   2   1   2  17   2   2   0   3   4  0.50 0.27
  135 C   -2 -5 -4 -3 11 -4 -5 -4 -5 -2 -4 -5 -3 -4 -4 -1 -2 -4 -2 -3    3   1   1   2  75   1   1   1   0   2   1   1   1   1   1   4   2   0   1   1  2.66 0.75
  136 P   -2 -2  0 -2 -2 -2 -3 -3 -3 -3 -2 -1 -3 -4  6  3  3 -4 -4 -2    2   2   4   2   1   1   1   1   0   1   3   3   0   1  35  23  18   0   0   2  0.86 0.40
  137 L   -1  0 -2 -3  0  0 -2 -3  4 -1  1 -1 -2 -1  5 -1 -1 -4 -1 -1    5   5   1   1   3   5   2   2  13   3  17   3   1   2  27   3   3   0   1   4  0.48 0.26
  138 E   -2 -3 -1  3 -4  0  5 -3 -2 -4 -4  0 -3 -4 -2  1 -1 -4 -3 -4    3   1   2  19   0   2  48   2   1   1   1   4   1   0   2   9   4   0   1   1  0.86 0.40
  139 I   -2 -2 -1  1 -1  0  3 -3  3 -2 -2  1 -1  4 -2 -1  1 -1 -1 -1    1   1   2   6   1   3  22   1   7   2   2   9   2  21   2   4   9   1   1   4  0.34 0.23
  140 A    1 -1 -3 -4 -3 -2 -3 -3 -2 -1 -2  0 -2  6 -2 -1 -1 -2  5 -1   14   3   1   1   1   2   2   1   0   4   2   6   0  33   2   4   3   0  19   4  0.66 0.32
  141 Q   -2  0 -1 -1 -1  4  0 -3  2 -2  2  1  1 -2 -3 -2 -2  2 -1 -2    3   3   2   4   1  26   6   1   6   1  24   7   3   1   1   2   2   3   2   2  0.36 0.25
  142 K   -2  4  0  1 -1  0  1 -2  1 -3 -3  3 -1 -3 -2  0 -1 -1 -2 -2    2  25   3   8   2   2  10   3   4   1   2  21   1   1   2   5   4   1   1   2  0.39 0.20
  143 L   -2 -1 -3 -3 -2 -1 -2 -3 -1  3  3 -2  2  2 -2 -2  0 -2 -1  0    2   4   1   1   0   3   3   2   1  23  29   2   5  12   2   2   5   0   1   3  0.32 0.18
  144 W   -2  1 -1 -2  5  0 -1 -3  0 -1 -1  2 -1 -1 -2 -1 -2  6  3 -2    2   7   4   3  16   4   2   1   2   4   6  13   2   2   2   4   1  11  11   2  0.43 0.21
  145 K   -1  1  0  1 -3  1  1 -2  1 -1 -2  4  0 -2 -2  0  1 -3 -2 -2    3   7   5   8   0   6   8   1   3   4   4  31   2   1   1   4   8   0   1   1  0.30 0.18
  146 E    0  0  0  0 -3  1  4 -2 -2 -2 -3  0  1 -1 -2  1  2 -3  0 -1    7   3   3   4   0   4  29   2   0   2   1   6   4   2   2  11  14   0   4   3  0.29 0.20
  147 N   -2  3  2  1 -4  0  2 -3  5 -4 -4  4  0 -4 -3 -1 -1 -4 -3 -4    2  13   9   8   0   3  11   1  15   0   1  28   2   0   0   2   2   0   0   1  0.62 0.30
  148 H    2  0 -1  1  1  1  0  1  2 -2 -1  0 -1 -2 -1  1 -1 -2  0 -1   19   6   2   8   4   6   3  10   5   1   6   5   1   2   3  11   3   0   4   3  0.10 0.09
  149 S    0 -1  1  2  0  2  1  1  2 -1 -2  1 -2 -3  0  0  0 -3 -2 -2    8   2   5  15   2  12   7  13   6   4   2   7   0   0   4   7   4   0   0   1  0.19 0.13
  150 E   -2  0 -1  1 -3  3  5 -2 -2 -3  1  1 -1 -4 -3 -1 -2 -3 -3 -3    3   3   2   7   0  14  37   2   0   1  14   7   1   0   1   3   2   0   1   1  0.51 0.28
  151 I    2 -1 -3 -4 -3 -4 -3 -3 -4  6 -1 -3  1 -3 -4 -1 -2 -4 -3  1   15   4   1   0   0   0   1   1   0  53   3   1   3   0   0   6   1   0   0   8  0.77 0.36
  152 Y   -2 -4 -5 -5 -5 -4 -5 -4  0 -4 -4 -3 -4 -1 -5 -2 -4 -2 10 -4    3   1   0   0   0   0   1   1   1   0   1   2   0   0   0   3   1   0  84   1  2.55 0.78
  153 P   -1  1 -4 -1 -2 -2 -2 -3 -3 -4 -3  1 -2 -5  7 -2 -1 -5 -1 -3    4   8   0   4   1   1   1   1   1   1   3   8   1   0  55   2   3   0   3   2  1.25 0.45
  154 I   -3 -3  0 -4 -3 -4 -4 -3 -4  5  1 -3  3 -2 -1 -3 -2 -4 -3  3    1   1   5   0   0   0   1   2   0  36  14   1   9   0   3   1   1   0   0  24  0.69 0.31
  155 M   -2  2  0 -3 -3  1 -2 -3 -2 -1  0  2  5  0 -3 -1  1 -3 -2 -2    2  10   5   1   0   6   1   2   1   4   8  17  21   4   0   4  12   0   1   2  0.35 0.24
  156 K   -2 -1 -1  2 -4  0  4 -2 -3 -4 -4  1 -4 -4  0  3 -1 -4 -4 -3    2   2   2   9   0   2  32   2   0   0   1   8   0   0   5  30   2   0   0   2  0.61 0.33
  157 T   -1  3  0 -1 -2  0  1 -3 -2 -3 -3  4 -2 -4 -2  1  0  0 -1 -3    3  18   3   3   1   3   6   1   0   2   1  35   1   0   1   9   7   2   2   2  0.49 0.26
  158 P   -1 -1  0 -1 -4 -1  2  0 -3 -4 -3  1 -3 -3  5  2 -1 -4 -4 -3    3   3   4   2   0   1  16   6   0   0   2   8   0   1  28  20   2   0   0   1  0.57 0.27
  159 T   -2  4  0  1 -2  0  0  2 -2 -1 -2  0 -1 -2 -2  0  1 -2 -1 -2    1  25   4   9   1   2   5  15   0   5   3   5   2   2   1   6   9   0   2   3  0.21 0.15
  160 R   -3  6 -2 -3  0 -1 -2  3 -1 -5 -4  0 -4 -5 -4  0 -3 -2 -4 -4    1  50   1   0   2   2   2  26   2   0   1   3   0   0   0   5   1   1   0   1  1.05 0.43
  161 T   -1 -1  1 -2 -2 -1 -2 -1  1 -1 -1  1 -1 -2 -2  1  5 -3 -2 -1    2   3   8   2   1   2   2   4   3   2   6  10   1   1   2   7  41   0   1   2  0.41 0.20
  162 R   -2  6 -2 -2  1 -1 -2 -1  2 -1 -2  0 -1 -2 -2 -2 -1 -3 -2 -1    2  54   1   2   3   2   2   4   5   3   3   2   1   2   2   2   3   0   1   6  0.76 0.26
  163 L   -3 -1 -4 -4 -3 -1 -4 -4 -4  0  5 -3  0  0 -3 -3 -2 -3  0  2    1   4   0   1   0   4   1   1   0   3  62   1   1   2   1   2   1   0   3  11  0.74 0.32
  164 A    6 -4 -4 -4  2 -3 -3 -1 -4  0 -2 -3 -3 -4 -3 -1 -2 -5 -4 -1   75   0   0   0   4   0   1   4   0   5   3   0   0   0   0   1   1   0   0   3  1.19 0.48
  165 L   -4 -4 -5 -5 -4 -4 -5 -5 -5  1  6 -5  0 -2 -5 -4 -4 -4 -4  0    1   0   0   0   0   0   1   1   0   5  84   1   1   0   0   1   1   0   0   4  1.46 0.50
  166 I   -3 -4 -2 -5 -3 -4 -4 -5 -5  6  2 -4  0 -2 -4 -4 -1 -4 -3  2    1   0   2   0   0   0   1   1   0  53  21   1   2   0   0   1   4   0   0  13  1.01 0.37
  167 I   -4 -5 -1 -5 -4 -5 -5 -5 -5  7  1 -5  0 -1 -5 -4 -3 -4 -4  0    1   0   4   0   0   0   1   1   0  72  13   1   1   2   0   1   1   0   0   2  1.45 0.49
  168 C   -3 -4  3 -3  9 -4 -4 -4 -1 -1 -4 -4 -4 -3 -4  2  1  0 -4 -3    1   0  16   0  41   0   1   1   1   4   1   1   0   1   0  19  10   1   0   1  1.31 0.47
  169 S   -4 -4  8 -2 -5 -3 -4 -4 -3 -2 -5 -3 -5 -5 -5 -2 -3 -5  0 -5    1   0  84   0   0   0   1   1   0   3   1   1   0   0   0   2   1   0   3   1  2.20 0.68
  170 T   -2  1 -3 -3 -3 -2  0 -4 -3  3 -1  1  1 -1 -3 -2  2 -3  0  3    2   8   0   0   0   1   8   1   0  19   1  12   4   2   0   1  16   0   3  21  0.32 0.21
  171 D   -3  0  1  1 -3  0  5 -3  4 -3 -3  2 -2 -4 -3 -2  0 -4 -2 -3    1   3   7   5   0   2  37   1  12   1   3  13   1   0   0   1   7   0   1   1  0.62 0.30
  172 F   -5 -5 -5 -5 -1 -5 -5 -5 -4 -3 -1 -5 -3  9 -5 -5 -5 -2  0 -2    1   0   0   0   1   0   1   1   0   0   5   1   0  83   0   1   1   0   2   2  2.30 0.65
  173 Q   -1 -1  1  5 -4 -1  2 -2 -1 -3 -3  2 -3 -3 -3  1 -1 -4 -1 -3    4   2   7  34   0   2  16   2   1   1   2  13   0   1   0  10   3   0   2   1  0.57 0.26
  174 H   -3 -2  1  4 -1 -2 -1 -1  6 -4 -4 -1 -3 -2 -3  1 -1 -3  4 -3    1   2   7  23   2   1   3   5  23   1   1   3   0   1   0  10   4   0  14   1  0.66 0.30
  175 L   -2 -4 -3 -3 -4 -1  0 -4 -1 -1  5 -2  2 -1  0 -2 -3 -4 -1 -1    2   0   1   1   0   2   8   1   1   1  63   2   4   2   4   2   1   0   2   1  0.71 0.34
  176 S   -1 -1  0  1  0  0  2 -3  0 -3 -3  1 -3 -2  4  3 -1 -4 -3 -3    3   3   4   8   2   2  12   1   2   1   3  10   0   2  18  26   2   0   0   1  0.43 0.24
  177 R   -2  3  2  0 -3  0  0 -3  0 -2 -2  1 -1  1  2 -1  1  0  1 -2    1  16  14   6   0   2   6   1   2   2   3   7   2   8  10   2   9   1   5   2  0.22 0.15
  178 R   -4  8 -4 -5 -3 -1 -3 -5 -4 -4 -4 -1 -4 -5 -5 -4 -4 -5 -5 -5    1  87   0   0   1   2   1   1   0   1   1   1   0   0   0   1   0   0   0   0  2.24 0.70
  179 V   -1  0  3  1 -1  0  0 -2  3 -2 -1  1 -2 -3 -2  1  0 -1  0 -1    5   5  15  10   1   3   3   1  11   2   5   9   0   0   1  12   7   1   4   4  0.20 0.14
  180 G   -3 -3 -3 -3 -5 -4 -3  7 -5 -6 -6 -2 -5 -5 -5 -1 -4 -5 -5 -5    1   2   1   1   0   0   1  84   0   0   1   2   0   0   0   4   0   0   0   0  1.86 0.57
  181 A    6 -5 -4 -5 -1 -4 -4  2 -5 -5 -5 -4 -4 -4 -4  2 -1 -6 -5 -4   64   0   0   0   1   0   0  16   0   0   0   0   0   1   0  15   4   0   0   0  1.22 0.53
  182 D   -3 -3  0  4 -7  0  6 -4 -1 -5 -6  0 -5 -6 -4 -2 -3 -6 -4 -5    2   0   4  25   0   2  55   1   1   0   0   6   0   0   0   3   0   0   0   0  1.30 0.52
  183 V   -2 -2 -2 -3 -2 -2  1 -3  3  1  0  2 -1  0 -4 -3 -2 -4 -1  4    2   1   1   1   1   1   9   1   9   8   6  14   1   3   0   0   1   0   2  39  0.45 0.29
  184 D   -6 -6 -1  9 -8 -5 -3 -6 -5 -8 -8 -5 -7 -8 -6 -4 -5 -9 -7 -8    0   0   2  98   0   0   0   0   0   0   0   0   0   0   0   0   0   0   0   0  2.92 0.88
  185 L   -1 -3  0 -1  3 -1  2 -4  2  4  0 -2 -1 -3 -3 -3 -1 -4 -2  2    3   1   4   4   6   1  18   1   6  28  10   1   1   0   0   1   3   0   1  12  0.34 0.22
  186 R    0  1  0 -1 -3  0  2 -2 -2  0  0  1 -1 -2 -2  0  1  2 -1 -1    9   7   5   2   0   3  19   1   0   8  10   7   1   0   0   7  11   3   2   2  0.14 0.13
  187 E    0 -1  4  0 -4 -1  0  4 -2 -4 -4 -1 -3 -4 -3  0  0 -4 -4 -1    5   3  19   4   0   3   5  36   1   0   1   3   0   0   0   7   6   0   0   5  0.54 0.26
  188 M   -3 -4 -5 -6 -4 -4 -5 -5 -5 -1  3 -4  9 -2 -5 -4 -3 -4 -4 -1    1   0   0   0   0   0   0   1   0   2  30   0  57   1   0   1   1   0   0   4  1.79 0.60
  189 K   -2  1 -1 -1 -4  3  3 -3  0 -3 -2  4  0 -3 -3 -2  1 -2 -3  0    1   7   2   2   0  15  17   1   2   1   3  28   2   1   0   1   8   1   0   7  0.45 0.26
  190 L   -2  1  1  2 -1  0  0  0 -2 -2 -2  3  3 -3 -3  0  1  1 -3 -2    2   7   8  11   2   2   6   8   0   1   4  21   9   1   0   5  10   2   0   2  0.22 0.17
  191 L   -4 -3 -5 -6 -4 -5 -5 -6 -5 -1  6 -5  1 -3 -5 -5 -3 -4 -4  0    1   1   0   0   0   0   0   1   0   1  85   0   2   0   0   1   1   0   0   4  1.50 0.52
  192 L   -4 -5 -5 -6 -4 -5 -5 -5 -5 -2  5 -5 -1  5 -5 -5 -4 -3 -2 -2    1   0   0   0   0   0   0   1   0   0  66   0   0  27   0   1   0   0   0   0  1.43 0.50
  193 Q   -2  1 -1 -2 -4  3  5 -3  0 -4 -4  3 -3 -4 -3 -1  1 -4 -2 -3    2   7   1   0   0  11  39   2   2   1   1  17   0   0   0   4   8   0   1   2  0.68 0.33
  194 D   -1 -2  3  3 -3  0  1  2  1 -3 -1 -1 -3 -3 -3  1 -1 -2 -2 -3    3   1  15  16   1   4  10  17   4   1   7   4   0   0   0  11   2   1   1   1  0.30 0.18
  195 L   -4 -3 -4 -6 -4 -5 -5 -6 -5 -1  6 -5  2 -1 -5 -5 -4 -4 -4 -2    1   1   1   0   0   0   0   1   0   1  86   0   4   2   0   1   0   0   0   0  1.56 0.53
  196 G   -3 -4 -1  2 -5 -2 -3  6 -1 -6 -6 -3 -5 -5 -4 -3 -4 -5 -5 -5    1   1   3  14   0   1   2  72   2   0   1   1   0   0   0   1   0   0   0   0  1.52 0.50
  197 Y   -6 -6 -6 -7 -6 -5 -6 -7 -2 -5 -5 -6 -5  3 -7 -5 -5 -2 10 -5    0   0   0   0   0   0   0   0   0   0   0   0   0   7   0   0   0   0  90   0  3.03 0.86
  198 T   -1  1  0  1 -2  2  1 -3 -1 -2 -3  1 -1 -4 -3  3  2 -4 -1 -1    2   8   4   6   1   8  11   0   1   2   1   8   2   0   0  27  12   0   2   5  0.30 0.21
  199 V   -3 -6 -6 -6 -4 -5 -6 -6 -6 -1 -2 -5 -2 -4 -3 -5 -3 -6 -5  7    1   0   0   0   0   0   0   0   0   1   1   0   0   0   1   0   0   0   0  94  2.06 0.68
  200 K   -2 -2 -1  3 -4 -1  1 -3  3  1 -2 -1 -2 -3 -4 -1  0 -5 -3  3    1   1   1  22   0   2  10   1   9   8   1   2   0   0   0   4   7   0   0  29  0.42 0.26
  201 V   -3 -1 -4 -3 -1 -3 -2 -5 -4  2 -1  2 -1 -2 -4 -3 -1 -5 -2  6    0   3   0   1   1   1   2   0   0  10   4  13   0   1   0   1   4   0   1  57  0.80 0.37
  202 K   -3  1 -3 -3  0 -1  1 -4  6 -4  0  4 -2  0 -4 -2 -3 -3  3 -3    1   6   0   0   2   2  10   1  20   0  11  30   0   3   0   1   0   0  11   1  0.64 0.32
  203 E   -3  3  0 -2  2  1  4 -3  3 -4 -1  2 -3 -4 -3 -2  0 -2 -2 -3    0  21   5   1   4   4  29   2   7   0   6  10   0   0   1   1   6   0   1   1  0.49 0.27
  204 N   -4 -3  7  5 -6 -2 -2 -3 -3 -6 -6  1 -5 -6 -5 -2 -3 -6 -5 -6    0   1  56  31   0   1   1   1   0   0   0   7   0   0   0   1   0   0   0   0  1.61 0.56
  205 L   -4 -4 -5 -5 -3  3 -4 -6 -4 -1  6 -2 -1 -3 -2 -5 -4 -4 -4 -2    0   0   0   0   0  12   0   0   0   2  79   2   0   0   2   0   0   0   0   1  1.31 0.51
  206 T   -3 -4 -1 -4  0 -4 -4 -5 -5 -4 -5 -3 -3 -5 -2  1  7 -6 -5 -4    1   0   2   0   2   0   0   0   0   1   0   1   0   0   1   8  82   0   0   0  1.79 0.66
  207 A    6 -4 -4 -4  0 -4 -4  1 -5 -4 -5 -3 -3 -5 -4  2 -2 -5 -5 -1   70   0   0   0   2   0   0  10   0   0   0   1   0   0   0  12   0   0   0   3  1.20 0.50
  208 L   -3  3 -2 -3 -5  5  1 -4 -3 -4 -1  3 -2 -5 -3  0  0 -3 -4 -3    1  13   0   0   0  35   6   0   0   0   8  21   1   0   1   8   4   0   0   1  0.74 0.37
  209 E    1 -2 -1  2 -5  1  5  1 -3 -4 -4 -1 -1 -5 -4 -2 -3 -5 -4  0   15   1   1  12   0   4  42  12   0   0   0   3   2   0   0   1   0   0   0   6  0.66 0.34
  210 M   -5  0 -6 -7 -5 -4 -4 -6 -5  3 -1 -5 10 -4 -6 -5 -3 -5 -5 -2    0   6   0   0   0   0   1   0   0  15   3   0  72   0   0   0   1   0   0   1  2.23 0.73
  211 T    1  1  0  2 -3  2  3 -2 -1 -2 -1  1 -2 -3 -2 -1  1 -4 -3 -1   12   8   3  13   0   9  24   2   1   2   5   7   1   0   0   2   8   0   0   4  0.28 0.17
  212 K    0  0  1  0 -2  0  2 -2 -2 -2 -1  1  0 -3 -2  2  3 -4 -3 -2    6   4   5   5   0   3  16   2   0   2   4   8   2   0   0  15  23   0   0   2  0.27 0.18
  213 E    3 -2 -1 -2  3 -1  2 -3 -2 -1 -1  0 -1 -3 -1 -1 -1 -4 -3  2   29   2   2   0   6   1  18   1   1   2   3   6   1   0   2   2   3   0   0  19  0.31 0.22
  214 L   -3 -4 -5 -5 -3 -4 -4 -5 -4  2  5 -4  4 -2 -4 -4 -3 -4 -3  2    1   0   0   0   0   0   0   1   0   7  63   0  13   1   0   1   0   0   0  11  1.06 0.39
  215 K   -2  3 -2 -2 -2  2  2 -3 -1  0 -2  4 -1 -4 -3 -1 -2  1 -3 -2    1  18   1   0   1   8  15   1   1   7   3  30   2   0   0   4   2   2   0   2  0.48 0.25
  216 E    1  1  1  3 -3  2  2 -2 -1 -3 -3  1 -2 -3 -2  0  0 -2 -3 -2   17   9   7  15   0  10  16   1   1   1   2   6   0   0   0   6   5   0   0   2  0.30 0.17
  217 F   -5 -5 -5 -5 -5 -5 -3 -5 -4 -3 -1 -5 -3  9 -4 -4 -5 -2  1 -4    1   0   0   0   0   0   2   1   0   0   3   0   0  86   1   1   0   0   2   0  2.33 0.65
  218 A    6 -3 -4 -4  0 -3 -4 -3 -4 -2 -4 -3 -4 -5 -4  4 -1 -6 -5 -2   62   1   0   0   1   0   0   0   0   2   0   0   0   0   0  29   2   0   0   2  1.16 0.50
  219 A    2  1 -1  1 -3  2  0 -1  0 -4 -3  3 -3 -4  1  0 -1 -4 -3 -3   24   7   2  10   0   9   4   2   2   0   3  22   0   0   6   5   3   0   0   0  0.34 0.22
  220 C   -4  5  0 -1  1  0 -3 -3  7 -4  0 -1 -3 -4 -5 -2 -2 -3 -2 -4    0  40   5   3   4   2   0   2  26   0  11   2   0   0   0   2   1   0   0   0  0.98 0.42
  221 P   -3 -1 -3 -1 -4  1  1 -4 -2 -6 -5  1 -5 -6  7 -1 -3 -6 -4 -5    1   3   0   3   0   8   9   1   1   0   0  10   0   0  58   4   1   0   0   0  1.45 0.49
  222 E   -1 -2 -3  2 -6  0  6 -4 -2 -5 -5  2 -4 -4  1 -2 -2 -6 -5 -3    5   0   0  11   0   3  53   0   1   0   0  15   0   1   6   1   2   0   0   2  0.96 0.42
  223 H   -5 -4 -3 -3 -6  1 -4 -6 10 -5  1 -4 -4 -5 -5 -5 -5 -6 -2 -6    0   0   0   1   0   7   0   0  75   0  16   0   0   0   0   0   0   0   0   0  2.49 0.75
  224 K   -1  3 -1 -2 -2  3  0 -2 -1 -3 -2  3 -2 -3 -2 -1  0  1  0 -2    5  20   2   0   1  15   3   2   1   0   5  25   0   1   1   3   7   2   4   1  0.40 0.24
  225 T    0 -1  0  1 -3  0  0 -3  3 -2 -1 -1 -1 -1 -3  2  3 -4 -2  0    5   2   4   9   0   3   4   0   9   0   5   3   1   2   0  17  27   0   0   6  0.30 0.21
  226 S    0 -4 -2 -3 -2 -3 -3 -3 -1 -3 -2 -3 -2 -4 -4  5  4 -5 -2  1    4   0   0   0   0   0   0   0   1   0   3   0   1   0   0  52  25   0   1  12  0.89 0.44
  227 D   -5 -5 -2  8 -7 -4 -2 -5 -1 -6 -7 -4 -6 -6 -5 -2 -4 -6  2 -6    0   0   1  88   0   0   0   0   1   0   0   0   0   0   0   3   0   0   6   0  2.25 0.69
  228 S   -2 -4 -3 -4  2 -4 -4 -3 -4 -6 -6 -4 -5 -6 -4  7 -1 -6 -5 -5    1   0   0   0   4   0   0   1   0   0   0   0   0   0   0  91   1   0   0   0  1.89 0.70
  229 T   -1 -4 -2 -4  6 -4 -4 -2 -5 -2 -3 -4 -1  0 -4 -1  6 -5 -4  2    3   0   1   0  18   0   0   3   0   1   0   0   1   4   0   2  51   0   0  16  1.07 0.46
  230 F   -3 -5 -5 -5 -4 -5 -5 -2 -4  2 -1 -5 -2  8 -5 -4 -4 -2  0  2    1   0   0   0   0   0   0   3   0  12   2   0   0  61   0   1   0   0   0  15  1.37 0.45
  231 L   -3 -4 -5 -5  0 -4 -4 -5 -5  0  4 -4 -1 -2 -4 -4 -3 -4 -3  5    1   0   0   0   2   0   0   1   0   2  45   0   0   1   0   1   0   0   0  44  0.97 0.37
  232 V    1 -4 -4 -5  4 -4 -4 -4 -5  1 -2 -4 -2 -3 -4 -3 -1 -5 -3  6    9   0   0   0   8   0   0   1   0   6   1   0   0   0   0   1   3   0   0  67  1.11 0.42
  233 F   -3 -4 -5 -5 -2 -4 -4 -5 -4  4  3 -4  0  6 -4 -4 -3 -3 -1  1    1   0   0   0   1   0   0   1   0  23  30   0   1  33   0   1   0   0   0   7  0.88 0.32
  234 M   -4 -4 -5 -5 -4 -4 -5 -5 -5 -1  3 -4 10 -3 -5 -4 -2 -4 -4 -2    1   0   0   0   0   0   0   0   0   1  24   0  66   0   0   0   2   0   0   0  1.97 0.63
  235 S   -2 -4 -2 -3  0 -3 -3 -3 -4 -5 -5 -3 -4 -4 -4  7  0 -5 -4 -4    0   0   0   0   2   0   0   0   0   0   1   0   0   1   0  89   4   0   0   0  1.73 0.63
  236 H   -5 -3 -3 -4 -6 -3 -4 -5 11 -6 -6 -4 -5 -4 -5 -4 -5 -5  0 -6    0   1   0   0   0   0   0   0  91   0   1   0   0   0   0   0   0   0   3   0  3.21 0.82
  237 G   -3 -3 -3 -3 -5 -4 -5  7 -5 -6 -6 -4 -5 -5 -5 -3 -4 -5 -5 -5    0   1   0   1   0   0   0  92   0   0   1   0   0   0   0   1   0   0   0   1  2.10 0.60
  238 L   -1 -2 -1  0 -1 -1  0 -3 -2  3  0  1  0 -1 -3 -2  0 -4 -2  3    2   1   2   5   1   1   6   2   1  25   5  11   2   1   0   1   6   0   0  27  0.26 0.18
  239 Q   -2  3 -2 -1 -4  2  2 -2  1 -2  2 -1  1 -2 -1 -2 -2 -2 -3 -2    1  22   1   2   0  11  17   3   3   0  28   2   3   1   2   2   1   0   0   1  0.36 0.23
  240 E    0 -3  0  4 -4 -1  2  4 -1 -4 -3 -2 -4 -4 -2 -1 -1 -4 -4 -4    9   1   3  24   0   1  15  34   2   0   2   1   0   0   1   3   3   0   0   1  0.62 0.26
  241 G    1 -2 -2 -3 -2 -1 -1  5  2 -2 -4 -1 -4 -3 -4  0 -2 -4 -1 -2   13   2   0   0   1   2   3  54   6   2   0   3   0   1   0   5   2   0   3   2  0.79 0.33
  242 I   -3 -5 -6 -6 -4 -5 -6 -6 -6  7  2 -5  0 -2 -5 -5 -3 -5 -4  3    0   0   0   0   0   0   0   0   0  62  14   0   1   0   0   0   0   0   0  21  1.37 0.47
  243 C   -3 -4 -6 -6  9 -3 -6 -6 -4 -2  2 -5 -1 -1 -6 -3 -4 -4  5 -3    1   1   0   0  53   1   0   0   0   2  17   0   1   2   0   1   0   0  20   1  1.84 0.57
  244 G   -3 -3 -3 -4 -5 -4 -3  7 -5 -6 -6 -4 -5 -6  1 -3 -4 -5 -6 -6    0   1   0   0   0   0   1  88   0   0   0   0   0   0   7   0   0   0   0   0  1.98 0.59
  245 I   -2 -2 -3 -4 -3 -3 -3 -4 -4  2  0  2 -2 -3 -3  0  5 -4 -3  3    1   1   0   0   0   0   0   0   0  10   7  13   0   0   0   5  38   0   0  23  0.58 0.32
  246 T   -2 -1  1  4 -4 -1  1 -2  1 -4 -3  3  0 -3 -3 -1  1 -5 -3 -3    2   2   6  32   0   2   6   2   4   0   2  26   3   1   0   3   9   0   0   1  0.55 0.27
  247 Y   -2 -1 -1 -1  0 -2 -2 -1  6 -3 -2 -2 -1  1 -2  1  1  2  4 -2    2   3   1   3   2   1   1   4  27   1   3   1   2   5   1  12   9   3  16   2  0.54 0.22
  248 S   -1  2  1  0 -1  0 -1 -1  0 -2 -2  2 -2 -3  1  3  0 -1 -2 -2    2  14   7   4   1   4   2   3   2   2   3  12   1   1   7  27   5   1   1   1  0.26 0.15
  249 N   -1 -1  1  3 -2  1  2  0 -2 -3 -3  1 -2 -3  1  0  1 -3 -3 -2    4   2   7  19   1   4  19   7   0   1   2   7   1   1   5   6  12   0   1   2  0.28 0.14
  250 E    0  0  0  1 -1  2  3  0 -1  0 -2  2 -2 -3 -1  0 -1 -3 -2 -2    6   2   3   7   2  10  27   7   1   8   3  12   1   1   3   4   4   0   1   2  0.24 0.13
  251 V   -1 -1  2  2 -2  0  1 -1  0 -1 -2  1 -1 -2  2  0  1 -2 -2  0    3   2  12  12   0   4  10   4   2   4   2   9   1   2   9   5   9   0   1   9  0.15 0.08
  252 A   -1  1 -2 -1 -2 -1 -1  2 -3 -4 -4 -2 -3 -4  5  0  2 -3 -2 -3    3   7   2   2   1   3   4  18   0   0   1   1   0   0  35   7  13   0   1   1  0.70 0.28
  253 D   -4 -2  2  7 -5  0  0 -4 -3 -5 -5  2 -5 -4 -4 -3 -3 -5 -4 -5    0   1   9  62   0   5   3   0   0   0   1  15   0   1   0   0   0   0   0   0  1.34 0.46
  254 I   -2 -4 -4 -4 -3 -3  0 -4 -4  4  2 -2  0 -2 -4 -3 -2  4 -2  4    1   0   0   1   0   1   7   1   0  23  23   2   1   1   0   1   1   6   1  31  0.59 0.26
  255 L   -4 -5 -6 -6 -2 -5 -5 -6 -5  2  5 -5  0  4 -5 -4 -4 -3  0  0    0   0   0   0   1   0   0   0   0   9  62   0   0  21   0   1   0   0   2   3  1.11 0.41
  256 K   -1 -1 -2 -1 -3  3  1 -3  2 -4 -2  1 -3 -1  4  2 -1 -4 -3 -4    4   2   1   1   0  18   9   1   5   0   5  11   0   3  22  16   3   0   0   0  0.49 0.26
  257 V   -2 -4 -2  0  3 -3 -3 -4 -2  2  3 -3 -1  0 -3 -3 -1 -3  3  2    1   0   1   7   8   0   0   0   0  14  27   1   0   2   1   0   4   0  14  19  0.43 0.23
  258 D   -3 -3  4  6 -5  2  1 -3 -2 -5 -4 -2 -4 -4 -2 -2 -2 -5 -2 -5    1   0  18  54   0  10   5   1   0   0   1   2   0   1   1   2   2   0   2   0  1.15 0.42
  259 T   -1 -1  1  1 -4  0  2 -3 -3 -2 -3  0 -3 -4 -1 -1  4  3 -3  0    4   2   8   7   0   2  17   0   0   1   0   5   0   0   2   2  36   5   0   8  0.48 0.29
  260 I   -2 -5 -5 -6 -4 -5 -5 -6 -5  7 -1 -5 -1  2 -5 -4 -2 -5 -3  3    3   0   0   0   0   0   0   0   0  68   1   0   0   8   0   0   2   0   0  15  1.36 0.47
  261 F   -4 -5 -5 -5 -1 -5 -5 -4 -2 -2  0 -5 -3  8 -5  0 -2 -2  5 -2    0   0   0   0   1   0   0   1   0   1   7   0   0  59   0   7   3   0  18   2  1.48 0.49
  262 Q   -2  3  0 -1 -4  5  3 -3 -1 -5 -4  2 -3 -5 -2  1  0 -5 -4 -4    1  14   3   2   0  28  23   0   0   0   1  11   0   0   1   9   5   0   0   1  0.68 0.32
  263 M    0 -1 -2 -3  1 -2 -3 -3  3  3  1  0  2  1 -1 -2  0 -3  1  0    8   3   2   1   3   1   0   0   9  26  12   6   7   7   2   2   6   0   4   1  0.20 0.17
  264 M   -5 -5 -6 -6 -5 -5 -6 -6 -5 -2  4 -5  0  7 -6 -5 -4 -3 -1 -3    0   0   0   0   0   0   0   0   0   0  40   0   2  56   0   0   0   0   0   0  1.64 0.53
  265 N   -4 -4  7  3 -5 -3 -3  0 -3 -5 -1 -3 -4 -5 -5 -2 -1 -6 -5 -5    0   0  63  17   0   0   0   6   0   0   7   0   0   0   0   2   4   0   0   0  1.42 0.51
  266 T    0 -3  6 -2 -4 -3 -3 -1 -3 -5 -5 -3 -4 -5  0  2  3 -5 -2 -4    6   0  47   1   0   0   0   4   0   0   0   0   0   0   4  17  19   0   1   0  1.01 0.43
  267 L    1  3 -1 -1  1  1  1 -2 -1 -2 -2  3 -2 -4 -1  1 -1 -2 -3 -2   16  20   2   2   3   5   6   1   1   3   2  22   0   0   2  11   1   1   0   2  0.32 0.20
  268 K   -3 -1  7 -2 -3 -2 -2 -2  5 -4 -6  2 -4 -5 -4  0 -3 -4 -3 -5    1   2  59   0   1   0   1   2  13   1   0  12   0   0   0   6   0   0   0   0  1.37 0.50
  269 C   -3 -6  1 -6 11 -6 -6 -6 -6 -5 -5 -6 -5 -1 -6 -3 -4 -6 -3 -4    2   0   6   0  84   0   0   0   0   0   0   0   0   3   0   1   0   0   1   0  3.15 0.80
  270 P   -2  0 -4 -4 -1  2 -3 -5 -2 -4 -2 -1 -4 -4  7  0 -3 -1 -5 -4    2   5   0   0   2  10   1   0   1   0   5   3   0   1  60   8   1   1   0   1  1.44 0.49
  271 S    3 -2  2 -2 -3  0 -2  0  1 -3 -1 -1 -2 -2 -1  3 -1 -4 -2 -2   31   1  10   1   0   3   1   5   4   1   7   2   0   1   2  27   2   0   1   1  0.36 0.23
  272 L   -3 -4 -5 -5 -3 -4 -4 -5 -4 -1  6 -4  1 -2 -4 -4 -3 -4 -3 -2    1   1   0   1   0   0   1   1   0   1  87   1   2   0   1   1   1   0   0   1  1.42 0.47
  273 K    0  2 -2 -3 -3  3 -1 -2 -1  1  0  4  1 -3 -3 -1 -2 -2 -2 -1    9  13   0   0   0  15   1   2   1   8  10  28   4   0   0   2   1   0   0   4  0.34 0.21
  274 D   -3 -3  5  6 -5 -2 -1  2  0 -5 -5 -3 -5 -5 -4 -2 -3 -5 -3 -5    0   1  27  44   0   1   2  17   2   0   1   0   0   0   0   1   0   0   1   0  1.14 0.41
  275 K   -4 -1 -1 -4 -5 -2 -2 -4 -4 -5 -5  8 -4 -5 -1 -3 -4 -5 -5 -5    0   0   3   0   0   0   0   0   0   0   1  88   0   0   3   0   0   0   0   0  1.91 0.62
  276 P   -4 -4 -5 -4 -5 -3 -4 -5 -5 -2 -5 -2 -5 -6  8 -2 -4 -6 -5 -5    0   1   0   0   0   1   0   0   0   3   1   2   0   0  86   2   0   0   0   0  2.55 0.69
  277 K   -4  0 -3 -4 -6 -2 -2 -4 -4 -5 -5  8 -4 -6 -4 -3 -4 -5 -5 -5    0   2   0   0   0   0   0   0   0   0   1  92   0   0   0   0   0   0   0   0  2.07 0.65
  278 V   -2 -4 -4 -5 -3 -4 -4 -5 -5  4  0 -4  5 -1 -4 -2 -2 -4 -3  5    1   0   0   0   0   0   0   0   0  19   7   0  15   2   0   2   0   0   0  50  0.95 0.37
  279 I   -4 -5 -5 -5 -4 -5 -5 -5 -5  6  0 -5 -2  4 -5 -4 -3 -4 -2  2    0   0   0   0   0   0   0   0   0  61   4   0   0  21   0   0   0   0   0   9  1.29 0.44
  280 I   -4 -5 -5 -5 -4 -5 -5 -5 -5  6  1 -5 -1  5 -5 -3 -3 -3 -2  0    0   0   0   0   0   0   0   0   0  60   9   0   0  22   0   2   0   0   0   2  1.23 0.43
  281 I   -4 -5 -6 -6 -4 -5 -6 -6 -6  7  0 -3  2  1 -5 -5 -2 -5 -4  3    0   0   0   0   0   0   0   0   0  69   3   1   5   4   0   0   1   0   0  15  1.38 0.47
  282 Q    0 -3 -4 -4 -6  9 -1 -5  1 -6 -6 -1 -4 -7 -5 -4 -4 -6 -5 -6    6   0   0   0   0  89   1   0   3   0   0   1   0   0   0   0   0   0   0   0  2.31 0.76
  283 A    7 -4 -4 -5 -1 -4 -3 -3 -5 -4 -3 -2 -4 -5 -4  1 -3 -6 -5 -3   89   0   0   0   1   0   1   0   0   0   1   1   0   0   0   7   0   0   0   0  1.60 0.58
  284 C   -4 -7 -6 -7 11 -7 -7 -6 -7 -5 -5 -7 -5 -6 -7  0 -4  0 -6 -5    0   0   0   0  91   0   0   0   0   0   0   0   0   0   0   8   0   1   0   0  3.54 0.86
  285 R   -4  8 -3 -5  0  0 -3 -4  1 -6 -5 -1 -4 -6 -5  0 -3 -6 -5 -6    0  81   0   0   2   4   0   1   3   0   1   0   0   0   0   6   1   0   0   0  1.84 0.61
  286 G   -3 -5 -3 -4 -5 -5 -5  7 -2 -6 -7 -5 -6 -6 -5  0 -4 -6 -6 -3    0   0   0   0   0   0   0  88   1   0   0   0   0   0   0   8   0   0   0   2  2.00 0.59
  287 E    0  0 -1  3 -4  2  4  2 -2 -4 -4  0 -4 -5 -3 -1 -2 -5 -4 -2    7   4   2  17   0   8  30  20   0   0   0   5   0   0   0   1   2   0   0   3  0.55 0.26
  288 K   -1  0  5 -1 -4  1  3  1  1 -3 -4  1 -3 -4 -3  1 -2 -4 -2 -3    2   5  30   1   0   5  20  10   2   1   1   9   0   0   0  10   1   0   1   2  0.50 0.25
  289 Q    0  2  0  2 -2  1  0 -1  1 -1 -2  1  0 -3  2  0  0 -3 -1 -1    5  15   2  12   0   6   6   5   5   3   2   6   3   0   9   6   6   0   2   4  0.16 0.10
  290 G   -2  0 -2  2 -5 -2  1  6 -4 -5 -5 -3 -5 -5 -4 -2 -4 -2 -5 -5    1   6   1  10   0   1   9  66   0   0   0   0   0   0   0   2   0   1   0   0  1.22 0.42
  291 V    0  0  1 -1  1  0  1  1  0  0 -2 -1  0 -1 -2  2  0 -2  0  1    4   6   7   1   3   2  11  10   2   5   1   1   3   3   1  18   6   0   3  13  0.08 0.11
  292 V    0 -3 -3 -4 -2 -2 -2  1 -2  1  0 -3  0 -2 -3 -2  0 -4 -3  5    6   1   0   1   0   1   2  10   1   6   7   1   2   2   1   1   4   0   0  54  0.57 0.28
  293 L   -2 -3 -3  1 -2 -2 -2 -3  0  0  1 -3  2  0 -3 -3 -2  9  1  1    3   0   0  11   1   1   2   1   3   4  14   1   7   4   1   1   2  29   4  10  0.80 0.30
  294 L   -1 -3 -3 -1 -1  1  0 -2 -2  1  1 -3  0  0 -3 -1 -1  2 -2  5    3   0   0   3   1   7   5   3   1   3  10   1   2   3   0   3   2   3   0  48  0.44 0.25
  295 K    0  1  0 -1  0  1 -1 -1 -1 -3 -2  2 -1 -3  1  3  1 -3 -3 -2    4  10   3   2   2   8   2   4   2   0   4  12   1   0   7  26  10   0   0   2  0.26 0.17
  296 D   -2 -3  0  7 -5 -1 -1 -2 -1 -2 -4 -1 -4 -5 -3 -2  0 -5 -3 -4    4   0   2  67   0   2   2   2   1   3   1   3   0   0   1   2   6   0   1   1  1.27 0.44
  297 S    0 -1  0  2  1  0 -1  1 -3 -2 -3 -2  0 -3 -1  4  0 -4 -4 -3    5   3   3  11   3   3   2  10   0   2   2   1   3   1   3  43   4   0   0   1  0.49 0.30
  298 V    2 -1 -2 -1 -3 -2 -2  1 -1 -1 -2  1  0 -2  3  0  0 -4 -2  1   18   4   1   3   0   1   1  11   2   2   3   8   2   1  18   5   4   0   1  15  0.25 0.16
  299 G    1  0  0  1 -3  0  2  2 -2 -3 -3  0 -3 -4  3  0 -2 -4 -4 -2   16   4   4   7   0   3  15  18   0   1   1   6   0   1  16   4   1   0   0   2  0.37 0.21
  300 N    1  0  0  1  1  0  0 -1  0 -1 -2 -1 -1 -2  2  1  0 -2 -2  0   16   4   3   8   3   4   4   4   3   3   3   2   1   1   9  14   6   0   1  10  0.12 0.10
  301 S    3 -2 -1  0  1 -2  0 -2  0 -3 -1 -2 -1 -3  2  3  1 -4 -3 -1   23   1   1   4   3   1   7   1   2   1   5   1   1   1   9  29   6   0   0   3  0.37 0.25
  302 E    2 -1 -1  2 -2  0  1  1 -2 -2 -2 -1  0 -2  2  1  0 -4 -3 -1   21   3   2  11   1   2  11   9   1   2   2   3   3   1   9  10   4   0   0   4  0.20 0.14
  303 E    0 -1  2  2  0  0  0  0  0 -3 -3 -1 -1 -3  1  3  0 -1 -1 -3    6   3  10  14   2   3   7   5   3   1   1   2   2   0   8  26   4   1   2   1  0.29 0.19
  304 G    0  0  0  0  4 -1 -1 -1 -2 -2 -3  0 -2 -3  2  3  1  1 -2 -2    6   6   3   5   8   2   2   5   1   3   2   4   0   1   8  30  10   2   1   1  0.30 0.21
  305 F   -1 -1 -1 -1  0  0  1 -1  2 -1  0 -1  0  1 -1  3  0 -3  0 -1    4   2   1   3   2   3  10   4   6   3   9   1   2   7   3  27   5   0   3   4  0.14 0.14
  306 L   -1  1 -1  0  1  3  2 -3  0 -2  0 -1 -1 -1  1  0  1  0 -1 -1    3   6   2   5   3  15  14   1   3   2  12   3   1   3   6   8  10   2   1   3  0.16 0.14
  307 T    0 -1  0 -1 -2  0 -1 -1 -1 -1  0 -2 -2 -2  1  4  1 -4 -1 -2    5   3   4   2   0   5   3   4   1   3   9   1   0   1   7  37   9   0   2   3  0.31 0.23
  308 D   -2 -1 -1  4 -3  1  0 -2 -2 -4 -2 -2 -3 -3  6  0  0 -5 -4 -3    2   3   2  22   1   7   6   3   1   1   4   1   1   1  35   5   5   0   0   2  0.77 0.33
  309 A    2 -1 -2  0  2 -1  3  1 -1 -4 -3  0 -2 -4  0  1 -1 -4 -3 -2   23   3   1   4   5   2  26   9   1   0   2   5   1   0   4   8   3   0   1   1  0.35 0.23
  310 I   -2 -2  4  3  1 -2 -1  2 -3 -3 -3 -2 -1 -3 -1  0 -2 -2  0 -1    1   1  26  18   4   1   4  17   0   1   3   1   2   1   2   7   1   1   4   6  0.46 0.27
  311 F   -2  0 -1 -1 -3 -2 -2 -4 -3  2  3  1  0  3 -3 -3 -2 -3  0  0    2   5   3   5   0   2   2   1   0  13  32   9   2  13   1   1   2   0   2   5  0.30 0.20
  312 E   -3 -1 -2 -1 -1  2  6 -2 -1 -4 -5  0 -2 -3 -2 -2 -3  5 -4 -3    1   3   1   3   2   9  56   3   1   1   1   4   1   1   2   2   1   7   0   2  1.08 0.49
  313 D   -1 -1  1  4 -2 -1  3 -2  0 -2 -4  0 -2 -2 -1  1  0 -4 -2 -3    5   2   7  26   1   1  25   2   2   2   1   4   1   2   2   9   6   0   1   2  0.47 0.26
  314 D   -3 -3  1  7 -5 -2  0 -2 -2 -3 -2 -3 -3 -5 -2 -2 -2 -6 -4 -5    1   1   7  63   0   1   6   2   1   2   5   1   1   0   2   3   2   0   1   0  1.31 0.51
  315 G    4 -1 -2 -2 -3 -1 -2  0 -4 -3  0 -1 -2 -4 -1  1  0 -4 -4 -1   46   3   1   1   0   2   2   8   0   0   9   4   1   0   3  10   5   0   0   3  0.48 0.30
  316 I   -2 -1 -4 -3 -3 -3 -3 -2 -4  4  1  1 -1 -1 -4 -3  0  0 -3  4    3   3   0   2   0   0   1   3   0  26   9  10   0   2   0   1   6   1   1  30  0.48 0.27
  317 K   -2  3  1 -2  3  1 -1 -2  3 -3 -1  2  1 -2 -3 -1  1 -3  1 -3    3  20   6   2   8   5   3   2   8   1   5  14   3   1   0   3  11   0   5   1  0.32 0.22
  318 K   -3  3 -2 -3  0  0  1 -4 -2 -1 -3  5  0 -2 -3 -1 -1 -1 -1 -3    0  17   1   0   3   3   8   1   1   5   3  43   2   2   1   3   3   1   2   1  0.69 0.36
  319 A    2 -4 -3 -3 -3 -3  0 -3 -4  1  2 -3 -2 -3 -4 -1  2 -4 -4  3   20   0   1   1   0   1   6   1   0   5  19   1   0   0   0   4  14   0   0  27  0.43 0.29
  320 H   -6 -3 -4 -6 -7 -2 -4 -6 10 -7 -6 -5 -3 -6  5 -5 -6 -7 -1 -7    0   2   0   0   0   2   1   0  69   0   1   0   1   0  24   0   0   0   2   0  2.79 0.92
  321 I   -3 -1 -1 -4 -4  0 -3 -5 -4  2  0  2  0 -3 -3 -2  2 -5 -2  4    1   4   3   0   0   5   0   0   0  12   9  13   2   0   1   1  13   0   1  33  0.46 0.30
  322 E   -5  2 -4 -1  2 -2  7 -6 -1 -6 -6 -1  1 -6 -4 -4 -4 -6 -2 -6    0   9   0   2   4   1  73   0   1   0   0   2   4   0   1   0   1   0   1   0  1.71 0.71
  323 K   -1 -1 -1 -4 -5 -3 -3 -4 -4 -6 -5  6 -5 -6 -4  4 -2 -6 -5 -5    4   2   2   0   0   0   0   0   0   0   0  57   0   0   0  32   1   0   0   0  1.41 0.60
  324 D   -6 -6 -2  8 -7 -4 -2 -5 -5 -7 -7 -3 -7 -7 -6 -4 -5 -8 -7 -7    0   0   1  94   0   0   1   1   0   0   0   2   0   0   0   1   0   0   0   0  2.74 0.88
  325 F   -5 -6 -6 -7 -2 -6 -6 -6 -5 -1 -2 -4  5  8 -6 -4 -5 -3  1 -3    1   0   0   0   1   0   0   0   0   3   1   1  15  70   0   1   0   0   3   1  2.13 0.71
  326 I    0 -6 -6 -4  0 -5 -6 -5 -6  7  1 -5 -2 -2 -6 -5 -4 -5 -4  1    7   0   0   1   2   0   0   1   0  70   8   0   0   1   0   0   0   0   0   8  1.50 0.56
  327 A    4 -4 -4 -5  7 -4 -4 -2 -5  0 -3 -3 -3 -3 -4  1  1 -2 -3  0   35   0   0   0  23   0   0   2   0   7   2   1   0   1   0  11  10   0   1   6  0.86 0.41
  328 F   -1 -5 -5 -6 -5 -5 -5  2 -5 -2  2 -5 -1  7 -6 -1 -4 -3 -1 -2    6   0   0   0   0   0   0  13   0   1  23   0   1  49   0   5   0   0   0   1  1.19 0.49
  329 C   -4 -1 -4 -5  8 -1 -4 -5  5 -4  0  1  1  1 -5 -4 -3 -2  5 -4    0   3   0   0  28   2   0   0  12   0  10  10   3   6   0   0   1   0  22   0  1.15 0.48
  330 S    3 -5 -3 -3 -1 -4 -4 -4 -5 -6 -6 -4 -5 -6 -4  7 -2 -6 -5 -5   22   0   0   1   1   0   0   0   0   0   0   0   0   0   0  73   1   0   0   0  1.65 0.70
  331 S   -2 -5 -4 -3  6 -4 -4 -4 -5 -2 -4 -4 -5 -6 -5  6  3 -6 -5 -4    1   0   0   1  19   0   0   0   0   2   1   0   0   0   0  55  19   0   0   0  1.45 0.63
  332 T   -2 -5 -4 -5 -4 -4 -5 -5 -5 -2  2 -3 -1 -3 -2 -2  7 -6 -5 -2    2   0   0   0   0   0   0   0   0   2  18   1   1   1   2   2  68   0   0   2  1.44 0.63
  333 P   -5 -2 -5 -5 -6 -4 -2 -6 -6 -6 -4  2 -6 -7  8 -2 -3 -7 -6 -6    0   2   0   0   0   0   2   0   0   0   2  12   0   0  76   3   1   0   0   0  2.27 0.77
  334 D   -3 -3  0  5  0 -3 -1  3  7 -6 -5 -4 -5 -5 -5 -3 -3 -5  0 -6    2   1   4  34   2   0   3  21  26   0   1   0   0   0   0   0   1   0   3   0  1.17 0.48
  335 N   -3 -4  6 -1 -5 -4 -4 -4  0 -3 -5 -4 -1  0 -5 -2  5 -5  2 -3    1   0  36   4   0   0   0   0   2   1   0   0   1   4   0   1  40   0   7   1  1.18 0.54
  336 V    2 -3 -5 -5 -4 -4 -4 -3 -5  2 -1 -1  0 -2 -5 -2 -2 -5 -1  6   16   1   0   0   0   0   0   1   0   9   4   4   2   1   0   2   1   0   2  56  0.91 0.43
  337 S    3 -4 -4 -4 -1 -4 -4 -4 -5 -6 -6 -4 -5 -2 -5  7 -2 -6 -5 -5   20   0   0   0   1   0   0   0   0   0   0   0   0   2   0  75   1   0   0   0  1.66 0.72
  338 W   -6 -2 -7 -8 -6 -4 -6 -7 -5 -3 -2 -6  5  0 -6 -6 -6 11  6 -6    0   2   0   0   0   1   0   0   0   1   3   0  13   2   0   0   0  54  22   0  2.82 0.87
  339 R   -5  8 -5 -6 -7 -2 -2 -6 -4 -3 -5 -1 -5 -7 -6 -4 -3 -7 -6 -5    0  89   0   0   0   1   2   0   0   2   1   2   0   0   0   0   2   0   0   1  2.43 0.83
  340 H   -3 -1  5  4 -1  0 -1 -3  6 -4 -2 -2 -1 -4 -3  1 -2 -5 -2 -3    1   2  25  20   1   3   2   1  21   1   5   1   1   0   1  10   1   0   1   2  0.77 0.38
  341 P   -2  0  0  0 -3 -2  1 -2 -3 -2 -4  0 -4 -5  5  1  3 -5 -3  0    1   5   4   5   0   0  12   2   0   2   1   5   0   0  26  10  19   0   0   6  0.54 0.30
  342 V    0 -1 -2  0 -4  0  1 -3 -2 -1 -2  3  0 -3 -3  0  4 -4 -3  0    7   1   1   4   0   4   8   1   0   4   3  25   3   0   0   4  27   0   0   8  0.40 0.27
  343 R   -2  4  2 -1 -4 -1  0 -3 -2 -4 -1  3 -1 -3 -3  0  1 -1  1 -2    2  24  10   2   0   2   4   1   1   0   5  22   2   0   0   6  11   1   6   2  0.44 0.27
  344 G   -4 -6 -4 -5 -2 -6 -4  8 -6 -7 -7 -5 -6 -7 -6 -4 -5 -6 -7 -4    0   0   0   0   1   0   1  95   0   0   0   0   0   0   0   0   0   0   0   1  2.46 0.79
  345 S   -3 -5 -3 -4 -2 -3 -4 -4 -5 -6 -6 -4 -5 -6 -5  7  1 -6 -5 -5    1   0   0   0   1   1   0   0   0   0   0   0   0   0   0  89   6   0   0   0  2.02 0.80
  346 L   -3 -4 -4 -4 -4 -4 -5 -5 -2  1  3 -5  0  3 -2 -5 -4  8  1  2    1   1   1   1   0   0   0   0   1   8  30   0   2  12   2   0   0  24   4  13  1.02 0.40
  347 F   -6 -6 -6 -7 -6 -6 -6 -7 -4 -4  0 -5 -4  9 -7 -6 -6 -3  4 -4    0   0   0   0   0   0   0   0   0   0  10   1   0  75   0   0   0   0  12   0  2.31 0.73
  348 I   -3 -6 -6 -6 -5 -6 -6 -7 -6  8 -2 -6 -3 -2 -6 -5 -4 -6 -5  2    1   0   0   0   0   0   0   0   0  84   1   0   0   1   0   0   1   0   0  10  2.08 0.69
  349 E   -2 -2 -1 -3 -4  6  2 -3 -1  0 -3 -2  2 -5 -4  1  3 -5 -2 -2    1   0   3   0   0  36  13   1   1   7   1   1   5   0   0  11  16   0   1   2  0.71 0.41
  350 S    1  2  0 -1 -2  3  1 -3  1 -2 -2  1 -2  0 -3  0  0 -3  2 -2   11  12   3   2   1  18   9   1   4   2   3   9   0   3   0   6   4   0   9   2  0.26 0.21
  351 L   -4 -5 -6 -6 -4 -5 -6 -6 -6  4  6 -5 -1 -1 -6 -5 -3 -5 -4  0    0   0   0   0   0   0   0   0   0  19  72   0   1   1   0   0   1   0   0   3  1.42 0.54
  352 I   -1 -3 -1 -3  3 -4 -4 -5 -5  6 -1 -2 -1 -2 -5 -3  2 -5 -4  3    5   1   4   1   7   0   0   0   0  45   2   2   1   1   0   1  11   0   0  18  0.80 0.38
  353 K   -2 -1  1  2 -5  1  4 -2 -1 -4 -4  1 -3 -3 -3  1  1 -4  2 -4    3   2   5  12   0   5  32   2   1   0   1   8   1   1   0  10  11   0   7   0  0.51 0.30
  354 H   -1 -4 -1 -4  6  1 -3 -4  3  1 -3 -2 -1 -1 -4 -3  0 -4  2  4    6   0   3   0  18   9   1   1   7   7   0   3   1   2   0   0   5   0   8  29  0.57 0.33
  355 M   -5 -6 -6 -4 -5 -6 -6 -6 -5  1  1 -6  3  8 -6 -5 -5 -3 -1 -1    0   0   0   1   0   0   0   0   0   8  14   0   7  65   0   0   0   0   0   4  1.75 0.61
  356 K    0  3  2 -3  1  5 -1 -2 -2 -4 -4  2 -1 -4 -3  0 -2 -5 -4 -3    8  18  11   0   3  28   2   2   0   0   1  13   1   1   1   7   1   0   0   1  0.60 0.35
  357 E   -2 -1  2 -2 -5  2  4 -4 -3 -4 -3  4 -2 -5 -2 -1  2 -5 -4 -4    3   2   8   1   0   7  32   0   0   0   3  27   1   0   1   3  11   0   0   0  0.71 0.38
  358 Y   -4  1 -2  0  1 -4 -3 -2  6 -3 -4 -2 -4  1 -5 -1 -4  1  7 -5    0   8   2   6   3   0   1   3  19   1   1   2   0   4   0   6   0   2  43   0  1.23 0.51
  359 A    5 -4 -2 -4  3 -4 -4 -3 -5 -5 -5 -4 -4 -5 -4  4 -1 -6 -5 -4   54   0   1   0   6   0   0   0   0   0   0   0   0   0   0  34   2   0   0   0  1.27 0.57
  360 W   -5  2 -4 -3  7 -3 -4 -5  5 -5 -3 -2 -3 -2 -6 -2 -5 10  2 -3    0  11   0   2  20   1   1   0  14   0   2   3   0   1   0   3   0  35   5   1  1.77 0.63
  361 S   -3  1  2  3  7  1  0 -2 -2 -4 -5  0 -4 -5 -3  2 -1 -5 -3 -3    1   6  10  16  25   7   6   3   1   0   0   5   0   0   1  15   3   0   1   1  0.68 0.35
  362 C   -3 -4 -1  3  7 -2 -1 -4  3 -4 -2 -2  2 -2 -4  0  1 -2  2 -3    0   0   2  18  27   1   3   0   6   0   3   3   5   2   0   8  11   0   9   1  0.79 0.39
  363 D   -4 -4  0  5 -7 -3 -3 -5  9 -7 -7 -4 -6 -6 -1 -4 -5 -6 -2 -7    1   0   3  34   0   1   1   0  54   0   0   0   0   0   4   1   0   0   1   0  2.19 0.75
  364 L   -4 -5 -6 -6 -4 -4 -6 -6 -6  4  5 -5 -1 -3 -5 -5 -3 -5 -4  3    0   0   0   0   0   0   0   0   0  23  52   0   0   0   0   0   0   0   0  23  1.18 0.47
  365 E    1 -2 -3  1 -5  3  5 -4 -3 -2 -1 -2  1 -3 -4  0 -1 -5 -2 -3   12   1   0   6   0  16  40   1   0   2   7   1   3   1   0   5   2   0   1   1  0.63 0.37
  366 D   -3 -3 -3  4 -6  0  6 -5 -4 -6 -6 -1 -3 -6 -5 -1 -3 -6 -4 -4    2   1   0  25   0   3  59   0   0   0   0   3   1   0   0   3   1   0   0   2  1.44 0.59
  367 I   -4 -5 -6 -6 -4 -5 -6 -4 -1  6  3 -5  5 -3 -5 -5 -4 -5 -4  2    0   0   0   0   0   0   0   1   2  42  28   0  13   0   0   0   0   0   0  13  1.14 0.46
  368 F   -6 -6 -4 -7 -5 -6 -7 -7 -5 -3  3 -6 -3  8 -7 -5 -5 -3 -1 -3    0   0   1   0   0   0   0   0   0   0  22   0   0  73   0   1   0   0   0   1  2.17 0.73
  369 R   -3  6 -2 -4 -1  1 -2 -4  1 -3 -2  0 -1 -5 -4 -2  1 -2 -4  2    1  47   1   0   1   7   1   1   3   0   4   4   2   0   0   1   9   1   0  15  0.82 0.43
  370 K   -4  0 -4 -4 -5  1  1 -3 -4 -6 -4  7  2 -4 -5 -4 -2 -6 -5 -4    0   3   0   0   0   6   7   1   0   0   1  72   5   1   0   0   2   0   0   1  1.54 0.63
  371 V   -4 -7 -7 -7 -5 -6 -5 -7 -7  1 -3 -6 -3 -5 -3 -6 -4 -7 -5  8    1   0   0   0   0   0   0   0   0   4   0   0   0   0   1   0   0   0   0  94  2.26 0.80
  372 R   -3  2  4 -2 -6  7 -2 -5 -3 -4 -3 -3  4 -6 -5 -2 -3 -6 -5 -3    1   9  20   1   0  47   0   0   0   1   3   0  13   0   0   2   1   0   0   2  1.28 0.60
  373 F    0  3  0 -2 -5  4 -1 -2  3 -4  0  1 -2  1 -4 -1 -3 -4  2 -4    8  19   5   2   0  20   2   2   9   0   8   8   0   6   0   4   0   0   7   0  0.42 0.28
  374 S    0  4 -2 -4 -2  1 -1 -4  1 -5 -1 -1 -4 -5 -4  5 -1 -6 -4 -4    6  20   0   0   1   6   3   0   3   0   7   2   0   0   0  51   1   0   0   0  0.87 0.48
  375 F   -4 -7 -7 -7 -3 -7 -7 -7 -5  3 -1 -6  0  8 -7 -6 -5 -3 -1  0    1   0   0   0   1   0   0   0   0  15   4   0   2  73   0   0   0   0   0   5  2.08 0.70
  376 E   -3 -1 -3  0 -4  0  6 -1 -1 -6 -6  3 -5 -6 -4 -1 -3 -6 -5 -6    2   2   0   3   0   3  61   5   2   0   0  18   0   0   0   4   1   0   0   0  1.28 0.56
  377 Q   -2  0 -1  1 -4  2  2 -2  0 -1 -2  3 -1 -4 -3  1  3 -4 -2 -1    1   3   2   8   0  11  13   2   2   5   3  18   1   0   0   8  19   0   1   4  0.31 0.22
  378 P   -2  3 -4 -1 -5 -1 -3 -4 -4 -3 -3 -2 -4  3  6  0  0 -4 -3 -4    2  17   0   3   0   2   0   1   0   1   2   1   0  14  42   9   5   0   0   0  1.02 0.44
  379 D   -1 -1  3  3 -3 -1  3  1 -2 -4 -4 -1 -2 -5  0  1 -1 -5 -4 -4    3   3  15  19   0   1  23  10   1   0   1   3   1   0   4  13   3   0   0   0  0.52 0.28
  380 S   -1 -1 -1  0 -2 -1  0  3 -1  1 -2 -1 -1  1 -1  0  0 -3 -1  2    3   3   3   5   1   2   5  26   1   7   2   3   2   6   2   5   4   0   1  18  0.17 0.15
  381 R   -1  2 -1 -2 -1  1  0 -3  0 -1  0  3  0 -1  3 -1 -2 -2  1 -1    3  13   2   1   2   7   6   1   2   4  11  19   3   2  14   3   1   0   5   3  0.23 0.16
  382 L    2  2 -2 -2  0  0 -1 -2 -2 -1 -1  1  0  0 -2 -1  1  1 -1  0   26  13   1   1   2   5   2   1   0   3   6   9   2   5   1   3  10   2   2   7  0.16 0.15
  383 Q   -5 -2 -4 -5 -7  8 -2 -6 -3 -6 -2  0 -4 -5 -2 -4 -5 -5  4 -6    0   1   0   0   0  74   0   0   0   0   4   5   0   0   3   0   0   0  12   0  2.02 0.80
  384 M    1 -5 -6 -6  0  0 -5 -4 -5 -2  1 -5 10 -4 -6 -5 -2 -5 -5 -2   12   0   0   0   2   4   0   1   0   1  10   0  66   0   0   0   2   0   0   1  1.98 0.75
  385 P   -4 -6 -6 -6 -7 -6 -5 -6 -6 -1 -4 -5 -6 -7  9 -2 -3 -8 -7 -4    1   0   0   0   0   0   0   0   0   3   2   0   0   0  88   3   1   0   0   1  2.79 0.90
  386 T   -1 -4 -3 -4  2 -3 -4  2 -1 -3 -5 -4 -4 -5 -1  2  6 -5 -5 -2    4   0   0   0   5   1   0  14   2   1   0   0   0   0   3  15  53   0   0   2  1.03 0.51
  387 T   -2 -2 -3 -2 -4  2 -1 -5 -2  4 -1  2  0 -2 -4 -3  3 -5 -4  0    1   1   0   2   0  11   3   0   1  31   2  16   1   1   0   0  23   0   0   5  0.56 0.35
  388 E   -5 -4 -3  3 -7  1  7 -4  1 -5 -6 -2 -5 -7 -5 -4 -4 -1 -5 -6    0   0   0  16   0   5  71   1   3   1   0   1   0   0   0   0   0   1   0   0  1.71 0.68
  389 R   -5  8 -4 -5 -7 -1 -4 -6 -4 -6 -3 -2 -5  4 -6 -2 -5 -1 -4 -6    0  74   0   0   0   3   0   0   0   0   3   0   0  16   0   3   0   1   0   0  1.93 0.71
  390 V   -1 -3 -1 -2  4  0 -3 -2  1 -1  1 -2  1 -3 -4  2  2 -4 -1  2    4   0   2   2  10   5   0   2   5   1  15   1   4   0   0  15  16   0   2  18  0.31 0.25
  391 T   -3 -2 -3 -4 -5 -4 -4 -3 -5 -5 -5 -2 -2 -3 -5  4  7 -6 -5 -4    0   2   0   0   0   0   0   1   0   0   0   2   1   1   0  31  62   0   0   0  1.59 0.69
  392 L   -4 -5 -6 -7 -5 -5 -6 -7 -6 -1  5 -6  7 -1 -6 -5 -4 -5 -4 -1    1   0   0   0   0   0   0   0   0   2  62   0  31   2   0   1   0   0   0   2  1.67 0.63
  393 T   -3  0 -1 -5  6 -4 -4 -4 -5 -1  0 -4 -3 -2 -2  0  6 -5 -5 -2    0   5   2   0  16   0   0   1   0   3  11   0   0   2   2   4  52   0   0   1  1.06 0.51
  394 K   -5  7 -4 -5 -7 -1 -3 -6 -3 -5 -6  6 -5 -7 -5 -4 -5 -7 -6 -6    0  54   0   0   0   2   0   0   0   1   0  44   0   0   0   0   0   0   0   0  1.95 0.72
  395 R   -2  2 -1  2  3 -1 -3 -5  5 -5 -2  3 -4 -2  0 -2 -4 -3  5 -4    2  10   3  11   8   2   0   0  13   0   3  19   0   0   4   2   0   0  22   0  0.66 0.36
  396 F   -6 -7 -7 -8 -1 -7 -7 -7 -6 -2  2 -7 -3  9 -8 -6 -6 -3 -1 -4    0   0   0   0   1   0   0   0   0   1  18   0   0  80   0   0   0   0   0   0  2.44 0.78
  397 Y   -6 -6 -7 -8 -7 -6 -7 -8 -3 -5 -6 -7 -6  1 -8 -6 -6 -2 10 -6    0   0   0   0   0   0   0   0   0   0   0   0   0   3   0   0   0   0  96   0  3.43 1.03
  398 L   -5 -6 -7 -7 -5 -6 -7 -7 -6 -2  6 -6  0  3 -4 -6 -5 -5 -4 -2    0   0   0   0   0   0   0   0   0   0  86   0   1  11   1   0   0   0   0   1  1.75 0.64
  399 F   -6 -7 -3 -8 -7 -7 -7 -7 -5 -4 -1 -7 -4  9 -8 -6 -6 -3  1 -5    0   0   2   0   0   0   0   0   0   0   4   0   0  92   0   0   0   0   3   0  2.84 0.84
  400 P   -5 -6 -6 -6 -7 -3 -5 -7 -7 -7 -4 -5 -7 -8  9 -5 -4 -8 -7 -7    0   0   0   0   0   1   0   0   0   0   2   0   0   0  96   0   1   0   0   0  3.16 0.93
  401 G   -4 -6 -4 -5 -7 -6 -6  8 -6 -8 -8 -4 -7 -7 -6 -4 -6 -7 -7 -7    0   0   0   0   0   0   0  99   0   0   0   1   0   0   0   0   0   0   0   0  2.60 0.77
  402 H   -5 -3  6 -3 -6 -3 -3 -4  8 -6 -6 -3 -5 -3 -5 -3 -4 -4  4 -6    0   0  43   0   0   0   0   0  42   0   0   0   0   0   0   0   0   0  15   0  1.88 0.55

                      K         Lambda
Standard Ungapped    0.1353     0.3194
Standard Gapped      0.0472     0.2670
PSI Ungapped         0.1533     0.3121
PSI Gapped           0.0472     0.2670
