
Last position-specific scoring matrix computed, weighted observed percentages rounded down, information per position, and relative weight of gapless real matches to pseudocounts
           A  R  N  D  C  Q  E  G  H  I  L  K  M  F  P  S  T  W  Y  V   A   R   N   D   C   Q   E   G   H   I   L   K   M   F   P   S   T   W   Y   V
    1 M   -4 -4 -5 -6 -4 -3 -5 -5 -4  0  0 -4 10 -2 -5 -4 -3 -4 -4 -2    0   0   0   0   0   0   0   0   0   2   1   0  96   0   0   0   0   0   0   0  2.40 0.57
    2 T   -2 -4 -3 -4 -3 -3 -3 -4 -4 -3 -3 -3  3 -4  0  2  7 -5 -4 -2    2   0   0   0   0   0   0   0   0   0   0   0   8   0   4  12  73   0   0   1  1.30 0.48
    3 F   -2 -5 -5 -5  9 -4 -3 -3 -3 -3 -1 -5 -2  5 -2 -2 -1 -4 -2 -3    2   0   0   0  50   1   2   2   1   0   6   0   1  28   3   2   4   0   0   0  1.55 0.47
    4 N   -4 -3  7  3 -6 -1 -2 -4 -1 -6 -5 -1 -5 -6  0  0 -2 -7 -5 -6    0   1  65  14   0   2   1   0   1   0   1   2   0   0   5   6   2   0   0   0  1.50 0.54
    5 S    0 -2  0 -1  1 -1 -3  2 -2  0 -2 -3 -1  2 -2  3  0 -4 -2  1    4   1   5   2   4   2   0  16   1   7   1   0   1  10   1  31   4   0   0  10  0.28 0.22
    6 F   -2 -1 -2 -3 -3 -1 -3 -3 -2  0 -2 -3  2  3  5 -2  0 -4 -1  2    1   3   2   1   0   3   1   2   1   4   1   0   5  14  31   2   6   0   1  20  0.62 0.30
    7 E   -2 -1  0  3 -5  1  5 -1  1 -1 -4 -1 -1 -3  1 -2  0 -5 -3 -3    3   2   4  16   0   7  36   5   4   3   1   2   2   1   6   2   5   0   0   1  0.56 0.34
    8 G   -1 -3  6  0 -3 -1  0  4 -3 -5 -3 -3 -1 -5 -3  0 -2 -5  0 -4    5   1  36   3   1   2   6  26   0   0   2   1   2   0   1   8   1   0   3   1  0.78 0.42
    9 T    0 -2  1 -2 -1  3 -1 -2 -3 -5 -2 -3 -2 -4  0  5  1 -2 -1 -4    5   2   5   2   1  13   3   2   0   0   3   0   1   1   4  45   8   1   3   1  0.66 0.44
   10 R   -2  2 -1  1 -5 -1  4 -2 -1 -3 -3  2 -4 -3 -2  1  1  0 -4 -3    1  13   2   7   0   1  30   3   1   2   2  15   0   1   2   9   9   1   0   1  0.48 0.32
   11 T    1 -1  0 -2 -2 -1  1 -2 -1 -2  0 -2 -2  0 -1  2  3 -4 -3 -1   14   3   3   2   1   3  10   2   1   2  12   0   1   4   2  20  18   0   0   2  0.23 0.23
   12 F   -1 -1 -1 -1  6 -2 -1  0 -3 -2 -1 -1 -1 -1  2  2  1 -4  1 -1    4   3   3   4  18   2   3   6   0   2   5   3   1   3   9  15  10   0   4   5  0.29 0.21
   13 V    3 -3 -1 -1 -2 -1 -1 -2 -4  2  0 -2 -1 -3  1  0 -1 -4 -1  1   29   0   2   3   0   3   3   2   0  15  10   2   1   0   8   6   2   0   2  10  0.27 0.23
   14 L   -2 -4 -3 -4 -3 -1 -3 -3 -4  0  3 -3  1 -1  3  1  2  0 -2  0    3   0   1   0   0   4   1   2   0   5  29   1   4   2  16  12  12   1   1   5  0.40 0.29
   15 A    2  1 -2 -3 -1  1 -3 -3 -2 -3 -3 -2 -2 -1  4  1  2 -1 -3 -1   18   9   2   1   1   6   1   1   1   1   2   1   1   3  23   9  15   1   1   4  0.49 0.34
   16 D   -1 -2  3  4 -2 -1  2 -2  1 -4 -4 -2 -3 -2  0  2  0 -2 -2 -4    4   1  13  27   1   2  13   2   3   1   1   1   0   2   4  16   4   1   1   0  0.54 0.34
   17 T   -1  1  0 -2 -3  1  1 -3  0  2 -2  0  0 -4  0  2  3 -1 -2 -1    3   7   4   1   0   5  11   1   3  13   2   4   3   0   3  15  18   1   1   4  0.22 0.22
   18 N   -2 -3  3  4 -2 -2 -1 -2 -1 -4 -2 -4 -4 -3  5 -1 -2 -4 -5 -2    3   1  14  25   1   2   3   3   1   1   5   0   0   1  29   4   2   0   0   4  0.80 0.43
   19 K   -2  1  1 -1  0  1  2 -1  4 -4 -2  2 -2 -3  1  0 -2 -4  1 -3    3   7   8   2   3   4  16   4   9   0   3  16   1   1   6   8   2   0   5   1  0.31 0.23
   20 D   -1 -1  3  3 -1  1  1 -1  3 -4 -3  0 -3 -2 -3  1 -1 -4  1 -3    6   3  16  19   1   7   8   3   7   1   3   4   0   2   0   9   2   0   6   1  0.37 0.26
   21 E   -2 -1  0 -1 -1  2  3 -3 -2 -3 -4  0 -1 -3  5  0 -2 -4  1 -3    2   4   4   2   2  10  16   2   1   2   1   4   1   1  30   7   2   0   6   2  0.63 0.37
   22 E   -2  1  0  5 -6  0  4 -3 -1 -4 -5 -1 -3 -6 -5  1 -3 -6 -3 -5    3   8   3  36   0   3  28   2   1   1   0   3   1   0   0   9   1   0   1   0  0.94 0.48
   23 F   -4 -5 -2 -6 -2 -3 -5 -5 -3 -2  2 -5  8  4 -5 -4 -1  5  3 -3    0   0   2   0   1   1   0   1   0   0  17   0  38  16   0   0   3   8  11   1  1.26 0.51
   24 V    1  3  2 -2  1  0  0 -2  1 -3 -2  0 -3 -3 -3  3 -1 -3 -2  0    9  20  11   0   3   3   5   1   4   0   3   4   0   1   0  23   1   0   1   9  0.33 0.25
   25 E   -2 -1  0  0  4  1  1 -2 -2 -2 -1 -1 -1  1 -3  2  0 -2  2  0    1   2   5   4  12   6  13   1   0   2   6   3   2   6   0  18   5   0   8   6  0.21 0.18
   26 E   -4 -4 -4  0 -7 -2  7 -5 -3 -2 -3 -3  2 -4 -4 -4 -4 -6 -3 -3    0   0   0   3   0   0  80   0   0   2   3   0   5   1   1   0   0   0   1   2  1.76 0.70
   27 F    1 -1 -1 -1 -2  0  2 -1  1  0  1 -1 -1  0 -2  0 -1 -3 -2 -1   17   2   1   3   0   5  20   4   4   7  16   3   0   5   1   9   2   0   0   2  0.14 0.16
   28 N    1  1  3  1 -2 -1  1 -2  0 -2 -3  0  0  0 -3  0 -1 -3  4 -1   14   7  18   6   1   1  12   1   2   2   1   3   2   3   0   4   3   0  16   4  0.27 0.21
   29 R   -5  8 -4 -6  1 -3 -4 -6 -4 -7 -6 -2 -5 -7 -6 -5 -5 -7 -6 -6    0  95   0   0   3   0   0   0   0   0   0   0   0   0   0   0   0   0   0   0  2.70 0.86
   30 L   -4 -3 -6 -6 -4 -2 -5 -6 -5  1  5 -5  4  0 -5 -2 -3 -2 -2 -1    0   1   0   0   0   2   0   0   0   6  68   0  11   3   0   3   0   0   1   2  1.15 0.47
   31 K    0  4  0  0 -3  1  0  0 -1 -3 -2  2 -2 -3 -3  2 -2 -4 -3 -4    7  25   4   5   0   5   5   5   1   1   5  15   1   1   0  19   1   0   0   0  0.39 0.25
   32 T   -3 -5 -4 -5 -5 -4 -4 -5 -5 -5 -5 -4 -5 -6 -5  4  7 -6 -5 -4    0   0   0   0   0   0   0   0   0   0   0   0   0   0   0  27  72   0   0   0  1.89 0.75
   33 F   -6 -7 -7 -7 -6 -7 -7 -7 -5 -4 -2 -7 -4  9 -7 -6 -6 -3  4 -5    0   0   0   0   0   0   0   0   0   0   3   0   0  84   0   0   0   0  12   0  2.67 0.81
   34 A    2  2 -1 -1 -3  1  0  0  2 -2 -2  0 -1 -2 -3  2  0  0 -1 -1   17  12   2   3   0   8   4   6   7   1   2   5   2   1   0  18   4   2   1   6  0.19 0.17
   35 N    0  1  4  1 -3  1  1  1  2 -3 -4  0  0 -3 -3  0  1 -4 -3 -3    7   7  24   6   0   6   9  11   5   1   1   5   3   1   0   4  11   0   0   0  0.35 0.22
   36 F   -6 -7 -7 -8 -3 -1 -7 -7 -3 -5 -3 -7 -3  6 -8 -2 -6 11  0 -3    0   0   0   0   1   3   0   0   1   0   2   0   0  33   0   4   0  53   2   2  2.75 0.84
   37 P   -1 -5  0 -5 -6 -5 -5 -4 -5 -3 -5 -4 -4 -5  8 -2 -3 -7 -6 -6    4   0   5   0   0   0   0   1   0   2   1   1   0   1  80   3   1   0   0   0  2.34 0.76
   38 S    1  0 -1 -1 -1  0 -1  0 -1 -1  1 -1 -1 -2 -1  2  0 -2 -1  0   12   7   1   3   1   5   2   7   2   2  18   2   1   0   3  18   4   0   2   7  0.07 0.11
   39 S    0 -2  4  2 -1  0 -2  2  1 -2 -4 -2 -3 -4 -2  3  1 -2 -2 -3    8   2  20  10   1   3   1  14   3   3   0   0   0   0   2  22   8   1   2   1  0.39 0.25
   40 S    2 -1 -2 -2  4 -1 -2 -1 -3 -2 -2 -2 -2  0 -1  1  1  1  0  1   24   4   1   1  10   3   2   5   0   1   2   1   1   4   2  13   8   2   4  14  0.23 0.20
   41 P    0 -3 -3 -3 -5  0 -2 -3 -1 -4 -3  0 -4 -2  7 -1 -2 -5 -4 -3    8   1   1   1   0   5   2   2   2   0   2   6   0   2  59   4   2   0   0   2  1.38 0.49
   42 V   -1 -5 -5 -4 -4 -3 -5 -5 -5  1  0 -3  1  0 -5 -4 -2 -5 -3  6    5   0   0   1   0   1   0   0   0   6   9   2   3   3   0   0   1   0   0  68  1.10 0.46
   43 S   -1  0  1  1 -4  0 -2 -2  0 -5 -4 -1 -3 -5  1  5  2  2 -2 -4    2   4   7   7   0   4   1   1   2   0   1   2   0   0   7  46  12   3   1   0  0.64 0.38
   44 A    4 -4 -4 -4 -2 -3  2 -3 -4 -3 -5  0 -4 -5  5 -1 -3 -6 -3 -1   37   0   0   0   1   0  16   0   0   1   0   5   0   0  33   3   1   0   1   3  0.98 0.45
   45 S    1  4 -2 -1 -4  0  2 -2 -2 -2 -2  0 -3 -4 -2  2  1 -2 -4 -2   10  28   1   2   0   3  17   2   0   3   2   3   0   0   1  14   8   0   0   2  0.37 0.27
   46 T    0  4 -1  4 -3  1  2 -3  0 -4 -4 -1 -4 -5 -3  2  1 -5 -4 -3    6  23   1  22   1   7  12   0   2   0   1   1   0   0   0  15   8   0   0   1  0.54 0.30
   47 L   -4 -5 -6 -6 -4 -5 -6 -6 -6  1  6 -5  0  0 -6 -5 -4 -4 -4 -1    0   0   0   0   0   0   0   0   0   7  85   0   1   3   0   0   0   0   0   2  1.54 0.55
   48 A    7 -5 -5 -5 -4 -4 -4 -2 -5 -4 -4 -4 -4 -5 -3 -2 -2 -6 -5  1   86   0   0   0   0   0   0   2   0   0   0   0   0   0   1   1   1   0   0   8  1.61 0.63
   49 R    1  6 -1 -3 -5  2  0 -4 -1 -5 -4  4 -3 -5 -4 -2 -2 -5 -4 -4   11  43   2   1   0   7   5   0   1   0   1  25   0   0   0   2   1   0   0   0  0.97 0.42
   50 A    6 -4  1  1 -1 -3 -4 -3 -4 -5 -4 -4 -4 -5 -4 -1 -3 -6 -5 -3   79   0   8   7   1   0   0   1   0   0   1   0   0   0   0   3   0   0   0   0  1.38 0.58
   51 G   -3 -6 -4 -5 -6 -5 -6  8 -6 -7 -7 -5 -6 -7 -6 -3 -5 -6 -7 -7    1   0   0   0   0   0   0  97   0   0   0   0   0   0   0   1   0   0   0   0  2.46 0.75
   52 F   -5 -6 -6 -6 -5 -6 -6 -6 -4 -4 -2 -6 -3  9 -6 -5 -5  1  1 -4    0   0   0   0   0   0   0   0   0   0   3   0   0  89   0   0   0   2   3   0  2.61 0.76
   53 L   -4 -5 -5 -5 -2 -4 -5 -5  1 -2 -1 -5 -3  5 -5 -2 -4 -2  8 -1    0   0   0   0   1   0   0   0   2   2   7   0   0  27   0   3   0   0  50   5  1.56 0.54
   54 Y    0 -5 -5 -6 -5 -5 -5 -5 -1 -4 -3 -5 -4  5 -5 -2 -4 -2  9 -4    8   0   0   0   0   0   0   0   1   0   1   0   0  18   0   4   0   0  65   0  1.97 0.65
   55 T   -1 -4 -3 -1 -3 -3 -4 -4 -4  0  2 -3 -1 -4 -4 -1  6 -5 -3  1    4   0   0   3   0   1   0   0   0   4  17   1   1   0   0   3  56   0   1   8  0.89 0.43
   56 G   -3 -5 -2 -3 -5 -2 -3  7 -5 -6 -6 -4 -5 -6 -5 -2 -4 -5 -5 -6    0   0   2   1   0   2   2  87   0   0   0   1   0   0   0   3   0   0   0   0  1.95 0.61
   57 E   -2 -1  1 -1 -1  1  3 -3  1 -2 -1 -2 -2  0  3 -1 -1 -3  1  2    2   3   7   1   1   7  22   0   4   1   5   1   0   3  14   3   4   0   5  16  0.27 0.20
   58 G    0  0  1  0 -3  0 -1  5 -3 -4 -3  0 -3 -3 -2  0 -3  2 -3 -4    5   6   8   5   0   4   4  45   0   1   2   5   0   1   1   8   0   3   0   1  0.58 0.27
   59 D   -4 -4 -1  8 -4 -1  0 -4 -4 -5  0 -4 -5 -4 -4 -3 -3 -6 -5 -4    0   1   2  76   0   2   3   0   0   0  10   0   0   1   0   1   1   0   0   1  1.70 0.59
   60 T    0  3 -1 -2 -4  1  3 -4 -1  0 -4  4 -1 -4 -3 -2  0 -4 -4 -2    7  17   1   1   0   4  23   0   1   6   0  30   1   0   0   1   5   0   0   1  0.57 0.30
   61 V    0 -5 -5 -6 -2 -5 -5 -5 -6  0 -1 -5 -2 -4 -5 -4 -3 -5 -4  7    7   0   0   0   1   0   0   0   0   3   4   0   0   0   0   0   0   0   0  83  1.61 0.58
   62 Q   -1  3 -3 -3 -3  5  1 -2 -3 -1 -4  4 -3 -5 -2 -2 -2 -3 -4 -3    4  15   0   0   1  31   6   3   0   4   0  29   0   0   1   1   1   0   0   1  0.78 0.38
   63 C   -4 -1 -6 -6 11 -6 -6 -2 -6 -5 -5 -6 -5 -6 -6 -4 -5 -6 -6 -5    0   3   0   0  89   0   0   3   0   0   0   0   0   0   0   0   0   0   0   0  3.49 0.91
   64 F   -1 -5 -2 -5  1 -5 -5 -5 -1 -3 -1 -5 -3  8 -3 -4 -4 -2  1 -3    7   0   3   0   3   0   0   0   2   0   4   0   0  73   1   0   1   0   2   1  1.77 0.59
   65 S   -1 -1 -2 -3  7 -3 -1 -1  1 -3 -1 -3 -2  2 -4  3 -2  3  1 -3    2   4   1   0  22   0   4   3   4   1   5   0   1   9   0  31   1   3   6   0  0.63 0.33
   66 C   -4 -3 -6 -6 11 -6 -6 -6 -6 -5 -5 -6 -5 -5 -6 -4 -4 -5 -3 -4    1   2   0   0  91   0   0   0   0   0   1   0   0   0   0   0   0   0   1   0  3.63 0.91
   67 H   -2 -1  2  0 -4 -1 -2  5  5 -5 -4 -1 -3 -4 -1 -1 -3 -4 -2 -5    1   3   8   4   0   2   2  50  13   0   1   4   0   0   3   3   0   0   1   0  0.85 0.35
   68 A    0 -2 -2 -1 -1 -2 -1  4 -3  0  1 -1 -1 -3 -3 -1  0 -4 -3  1    7   2   0   3   1   1   5  34   0   6  15   3   1   0   0   3   7   0   0  10  0.29 0.19
   69 A    0  1 -2 -3 -1  0  0  0 -1  1 -1  1  3 -3 -3 -1  2 -4 -3  2    8   9   1   0   2   3   5   9   2   6   1   9  11   0   0   1  18   0   0  15  0.18 0.18
   70 I   -2 -4 -5 -5 -3 -4 -5 -5 -3  4  4 -4  0 -2 -4 -4 -2 -3 -3  3    3   0   0   0   0   0   0   0   1  25  47   0   1   0   0   0   2   0   0  18  0.86 0.35
   71 D   -1  2 -1  4 -1  0  2 -1 -1 -4 -4  1 -2 -3 -3  1 -1  0 -1 -4    3  15   1  26   2   2  15   3   1   1   1  10   1   1   0  12   3   2   2   0  0.42 0.24
   72 R   -2  1  4  3 -1  1  1  1  1 -4 -4  0 -3 -3 -3  0 -1 -4 -2 -3    1   9  26  17   2   6   7  10   4   0   1   5   0   1   0   5   4   0   1   1  0.44 0.22
   73 W   -5 -1 -6 -6 -5 -5 -5 -5 -5 -5 -4 -5 -5 -3 -6 -5 -5 13 -2 -5    1   4   0   0   0   0   1   1   0   0   2   1   0   0   0   1   1  87   0   1  4.04 0.98
   74 Q   -1  1  2 -1  0  3  3 -2  0 -3 -3  2 -1 -4 -3 -1 -1 -4 -2  0    5   6  12   1   2  15  19   2   1   1   2  16   1   0   0   4   3   0   1   7  0.32 0.20
   75 Y   -1  2 -2 -1 -2  2  0 -3  2 -2 -3 -1 -3  1  4 -1 -2 -3  4 -2    4  11   1   2   1   9   6   1   5   2   1   1   0   6  25   4   2   0  17   3  0.52 0.26
   76 G   -2 -3  0 -2 -5 -4 -1  7 -4 -5 -6 -3 -5 -6 -5  0 -2 -5 -5 -5    1   1   5   2   0   0   5  75   0   1   0   1   0   0   0   6   2   0   0   0  1.51 0.52
   77 D   -5 -5 -1  8 -6 -3  0 -2 -3 -4 -6 -3 -6 -6 -5 -4 -4 -7 -6 -6    0   0   1  86   0   0   4   4   1   1   0   1   0   0   0   0   0   0   0   0  2.16 0.69
   78 S   -2  1  3  3  4  2 -1 -3 -1 -4 -4 -1 -3 -4 -3  3  0 -5 -4 -2    1   9  13  16   9  12   1   1   1   0   1   1   0   1   0  26   6   0   0   3  0.50 0.29
   79 A    3 -4 -4 -4 -4 -3 -3 -4 -4 -3 -2 -3 -3 -5  7 -3 -1 -5 -4  1   27   0   0   0   0   0   2   1   0   1   4   0   0   0  48   1   3   0   0  12  1.24 0.46
   80 V    0 -2 -3 -3 -3 -1 -2 -3 -3  2  0 -2  5  1 -3 -2  1  5 -2  2    8   1   0   1   0   3   2   1   0  14   7   3  17   7   0   1   8   9   0  18  0.40 0.23
   81 G    0 -1 -1  1 -3  0  4  1 -2 -1 -2  0 -2 -2 -2  1  0 -2 -3  1    9   3   1   7   0   3  30  10   0   2   2   3   1   2   1  10   4   1   0  12  0.25 0.18
   82 R   -3  5 -2  0 -5  1  4 -3 -2 -3 -3  3 -2 -4 -1 -2 -2 -4 -4 -4    1  31   0   4   0   5  29   2   0   1   3  18   1   0   2   1   1   0   0   1  0.76 0.34
   83 H   -4  0 -3 -4 -5 -3 -3 -5 11 -5 -5 -4 -4 -4 -5 -4 -4 -5 -2 -5    1   5   0   1   0   0   1   1  86   1   1   1   0   0   1   1   1   0   0   1  2.98 0.80
   84 R    0  5 -2 -2 -4  1  0 -3 -1 -3  0  4 -1 -3 -3 -2 -2  3 -3 -3    8  30   1   1   0   7   3   1   1   1   9  26   2   0   1   2   1   5   0   1  0.58 0.28
   85 R   -2  4  1 -3 -4  3  0 -3  1 -2 -2  4 -1 -4 -3 -2 -1 -4 -3 -3    3  25   6   0   0  17   5   1   3   2   3  29   1   0   0   1   3   0   0   1  0.67 0.32
   86 I    0 -1 -3 -4 -1 -2 -3 -4  5 -1  2 -1  0  3 -4 -2 -2  5  0  1   10   3   0   0   1   1   0   1  16   2  25   3   1  12   0   3   1   8   1  10  0.40 0.23
   87 S    0 -3 -1 -2 -3 -3 -2 -3  0 -1 -3 -3 -3  5 -4  4 -2 -2  4 -3    7   1   3   2   0   1   2   1   2   3   0   0   0  28   0  33   0   0  17   0  0.79 0.39
   88 P   -2 -4 -5 -3 -5 -4 -3 -4 -5 -5 -5 -3 -5 -5  8 -3 -2 -5 -1 -5    2   1   0   1   0   0   1   1   0   0   1   1   0   0  81   1   3   0   3   0  2.32 0.70
   89 N    0 -1  4  0 -2 -1 -1  0  1 -1 -3  1 -2 -2 -3  3  1 -4 -2 -3    5   3  23   5   0   1   3   5   4   3   2   8   1   1   0  27   8   0   1   1  0.37 0.23
   90 C   -4 -6 -6 -6 12 -6 -6 -6 -6 -5 -5 -6 -5 -5 -6 -4 -4 -5 -6 -4    1   0   0   0  93   0   0   1   0   0   1   0   0   0   0   0   0   0   0   0  3.76 0.93
   91 R   -1  3 -1 -1 -2  0  1 -1 -2 -3 -2  2 -2 -1  3  2 -1 -1 -3 -3    2  17   1   2   1   2   7   4   0   1   3  17   0   4  14  20   2   1   0   0  0.36 0.22
   92 F   -4 -5 -5 -5 -5 -5 -5 -5  0 -2 -1 -5  1  8 -5 -5 -4  0  2 -2    1   0   0   0   0   0   0   1   2   1   3   0   4  76   0   1   0   1   5   3  1.95 0.59
   93 I   -1 -4 -5 -5  1 -2 -3 -5 -5  5  1 -4  1 -3 -1 -4 -3 -4 -3  4    3   0   0   0   3   2   1   0   0  37  12   0   2   0   3   0   0   0   0  34  0.81 0.34
   94 N   -3  2  2 -5  2  6 -3 -5  0 -3  1 -1 -3 -5 -5  0  1 -6 -2 -3    2  11   9   0   4  32   1   1   2   2  14   4   1   0   0   6   7   0   1   2  0.75 0.55
   95 G   -3  0  5 -1  4 -3  1  3 -1 -5 -5 -1 -5 -5 -5  2 -1 -5 -3 -5    2   5  23   4   7   1   7  24   1   1   1   4   0   0   1  13   4   0   1   1  0.72 0.48
   96 F   -1  0 -2 -4  0 -1 -2 -3 -1  0  3 -2  2  2  0  0  0  0 -2 -1    4   5   2   1   2   2   2   3   1   4  31   2   5   8   5   9   7   1   1   4  0.26 0.24
   97 Y    0 -1  2  1 -2 -1 -1 -2  3 -1  0 -2 -2 -2  2  1  1  0  1  0    8   3   9   7   1   2   3   2   8   3   8   2   1   2   9  10   7   1   5   8  0.12 0.16
   98 F   -2  0  0 -3  3 -2 -3 -2 -4 -3 -1 -2 -3  3  0  4  1 -4 -3  1    3   6   4   1   5   2   2   4   0   1   5   2   0  12   6  27   9   0   1   9  0.37 0.33
   99 E    1  0  0 -1 -2 -1  1  1 -2 -1 -1  0 -1 -3 -2  1  1  0 -3  1    9   5   5   4   1   2  10  13   1   3   4   5   1   1   1   9  11   1   1  13  0.11 0.14
  100 N   -1  0  6 -1 -1 -1 -1 -1  0 -3 -4 -3 -4 -3 -3  1  1 -5 -4 -3    5   5  40   3   1   3   4   5   2   2   2   2   0   1   2  11   8   0   0   2  0.79 0.50
  101 G   -1 -1  4  0  0 -1 -2 -1  0  0 -1 -3 -1 -1  0  1  0 -1 -2  2    4   3  18   5   2   2   2   5   2   5   7   1   1   3   5  11   5   1   1  15  0.18 0.19
  102 A    0 -1  0 -2  0  0 -3 -2 -1  0  2 -2 -3 -1  4  0 -2 -2 -4  0    8   4   5   2   2   5   2   4   2   4  24   2   0   2  18   7   2   1   0   6  0.27 0.26
  103 A    0 -1 -1 -1 -1 -1  2  2 -2  0  1 -1  0  0  0  1 -1 -3 -1 -1    7   3   3   3   1   3  13  14   1   6  13   3   2   4   5  11   3   0   2   3  0.07 0.12
  104 Q    1 -1  1 -2 -3  2 -1 -2  0 -1  1 -1 -1 -1  0  2  1 -4 -2 -1    9   2   8   2   0  10   4   3   2   4  13   3   1   3   5  15   8   0   1   4  0.13 0.18
  105 S    0 -3  1 -1  1  0 -3 -3 -3 -3 -3 -3 -2 -3  3  4  2 -2 -3  0    7   1   8   3   3   4   2   2   1   2   2   1   1   1  13  28  14   1   1   6  0.48 0.40
  106 T   -1 -1  0 -1 -2 -1 -2 -1 -2 -1 -1  0  1  0  1  3  2 -2 -2 -1    5   3   5   3   1   3   2   5   1   4   5   5   4   5   6  23  15   1   1   4  0.22 0.24
  107 N    0  0  3  1 -1  1 -2 -2  4 -2 -2 -1 -3 -1  0  2 -1 -4  0 -1    7   6  15   6   1   6   1   2  11   3   4   3   0   2   5  13   4   0   3   5  0.29 0.25
  108 P   -1 -3  0 -1 -5 -2 -3 -3 -2 -3 -2 -4 -3 -3  6  2  0 -5 -3 -2    6   2   5   3   0   2   1   2   1   2   4   1   1   1  41  16   6   0   1   3  0.93 0.59
  109 G    2 -2  0  0  0 -1 -1  0 -1 -1  0 -2 -1 -1  0  2  0 -4 -3  0   18   2   5   5   2   2   4   8   2   4  10   1   2   2   5  16   6   0   0   5  0.13 0.16
  110 I    1 -1 -2 -3 -2 -2 -2 -1 -3  2  0 -2  1  3  1  1  0  1 -2  1   12   3   1   1   1   1   3   4   0  11   9   2   4  13   6  11   5   2   1  10  0.18 0.17
  111 Q   -1 -2  1 -3 -1  4 -2 -2  0 -3 -1 -2 -1 -2  3  3  1 -3 -4 -1    5   2   7   1   1  18   2   3   2   2   6   2   2   2  13  19   7   0   0   6  0.39 0.34
  112 N   -2  1  5  0  0 -1 -1 -2 -1 -1 -3 -2 -1 -3  2  2 -1 -4 -4 -1    4   6  25   4   2   2   5   3   1   3   3   2   2   1  10  18   3   0   1   4  0.45 0.34
  113 G    0 -2  0 -1  2 -2 -2  2  1 -3 -1 -3 -2 -1  2  3 -1 -4  1 -3    7   2   5   4   5   2   3  15   4   1   7   1   1   2  11  21   4   0   5   2  0.27 0.24
  114 Q    0  1  0  0 -3  4 -1 -1  0 -2  0 -2 -1 -1  0  0  0 -4 -3  1    8   7   5   4   0  17   4   4   3   2   8   2   1   3   4   8   7   0   1  11  0.17 0.19
  115 Y    0  0  0 -1 -1 -1 -1 -2  4 -1  0 -2  0  0  1  1  1 -2  2 -2    6   4   4   3   1   3   4   3  11   4  10   2   2   4   7  11   8   1   7   3  0.14 0.15
  116 K    1  2  2  0 -2 -1  0 -1  0 -3 -1  0  1 -2  1  2  1 -2 -1 -2   11  12   9   4   1   2   6   4   3   1   5   5   3   1   6  14   8   1   2   2  0.15 0.16
  117 S    0 -1 -1 -2 -4 -1  0  0  2 -2 -1 -2 -2 -1  0  3  3  0 -3  0    6   4   3   2   0   3   6   6   5   2   7   1   1   3   5  22  16   1   0   6  0.25 0.25
  118 E   -1 -2 -1 -1 -3  0  4 -3  0 -2  0 -2 -1 -1  1  2  1 -1 -2 -2    6   2   3   3   1   3  24   2   2   2  12   2   1   3   8  13  10   1   1   3  0.28 0.27
  119 N   -2 -1  4  2 -2 -1  1 -2  3 -2  0 -2 -2 -4  2  1 -1  0 -3 -3    3   3  17   9   1   2  10   3   7   2  10   2   1   1   9  10   4   1   1   2  0.29 0.25
  120 C    0 -1  0  1  3  0 -1  0  0 -2 -2 -2 -2 -2  2  3  1 -4  0 -1    6   3   4   8   5   4   4   8   3   2   5   1   1   2   9  20   8   0   4   4  0.19 0.20
  121 V   -1 -2 -2 -3  1 -1 -1 -3 -1  0  2 -3 -1 -1  2  3 -1 -1 -2  1    5   2   2   1   3   3   3   2   1   4  21   1   1   3  10  22   4   1   1   9  0.27 0.25
  122 G    0 -2 -1 -1 -4  0  1  3 -2 -2 -2 -3 -3 -2  2  2  1 -1 -2 -2    6   2   2   3   0   4   8  22   1   2   4   1   0   1  10  18   7   1   2   4  0.31 0.26
  123 N   -1 -1  5 -1 -3  0  0 -1  2 -2  0 -2 -1 -3  0  2  0 -2 -1 -2    5   3  24   3   1   3   6   5   4   3   9   2   1   1   4  15   5   1   2   3  0.32 0.26
  124 R   -1  2 -2 -2 -1  2  2 -2 -1 -2 -1 -2 -2 -2 -1  3  0  1  0 -1    5  12   1   2   2   9  15   3   1   3   7   1   1   2   4  20   5   2   3   4  0.26 0.25
  125 N    0 -1  3  0 -4  0  1  1  2 -2 -3 -2  0 -3  1  2 -1 -4 -3 -2    8   3  16   5   0   4   8  12   5   3   3   2   2   1   6  15   3   0   1   3  0.26 0.22
  126 P   -2 -1  0 -2 -4  0 -1  0  3 -2 -1 -3  1 -2  3  3  0  1  1 -2    3   4   4   3   0   3   3   7   7   2   7   1   4   2  15  22   6   2   4   3  0.31 0.27
  127 F    0 -2 -1 -1  2 -2 -1  1  0 -1  1 -2 -2  3  0  1  0 -3  0 -1    6   2   3   3   5   2   3  11   2   3  12   2   0  15   5  12   5   0   3   4  0.16 0.16
  128 A    1 -2 -1 -2  2 -2 -2 -2  0 -2 -1 -2 -1  0  2  3  1 -3  2  0   11   2   3   2   4   2   3   3   2   2   7   2   1   3  10  21   7   0   7   7  0.21 0.21
  129 P   -1 -2 -1 -2 -1 -1  0  0 -2 -1  1 -3 -1  3  3  1 -1 -3 -1 -1    4   2   3   2   1   3   5   8   1   3  17   1   1  12  16  13   3   0   2   3  0.25 0.23
  130 D   -2 -2  2  3 -2  2  0 -1 -2 -4 -2 -2 -3 -1 -1  4 -1 -1 -2 -2    3   2   8  14   1  11   6   4   1   1   5   2   1   2   4  29   3   1   1   3  0.42 0.36
  131 R   -1  1  0  2 -2  0  1  2 -1 -3  0 -1 -2 -2 -2  1 -1 -3  1 -2    4   9   3  12   1   5   9  16   2   1   9   2   1   2   2  10   4   0   5   3  0.16 0.17
  132 P   -1 -3 -1 -1 -1  0 -1 -1 -1  0 -2 -2 -2 -2  4  4 -1 -5 -4 -2    4   1   3   3   1   4   3   5   2   6   4   3   1   2  20  31   4   0   0   3  0.54 0.41
  133 P   -1 -1 -1 -2 -1  2 -1 -1 -1 -2 -2 -3 -1  2  3  3  0 -1  2 -1    5   3   3   2   1   8   4   4   1   3   3   1   1   7  13  23   4   1   7   4  0.29 0.30
  134 E   -1  0  1  3 -1 -1  2 -1 -1 -3 -3 -2 -2  1 -1  2 -1 -5 -1 -3    6   5   7  19   1   2  14   4   1   1   3   2   1   6   3  17   4   0   2   2  0.32 0.31
  135 T   -1 -1  0  0  0  1  1 -2 -1 -1 -1 -3  0 -1  1  2  2  0 -1  0    3   3   5   5   2   6   8   2   1   3   5   0   3   2   8  19  13   1   3   6  0.18 0.24
  136 H   -1  0  0  0 -2  0  1 -1  4 -1  0 -2  0  2  1  1 -1 -3  0  0    3   5   4   4   1   4   9   4  11   2   9   1   2  10   6  11   3   0   3   9  0.13 0.18
  137 A    2 -1 -1  2 -4 -1  0 -1  0 -2 -3 -1  3 -2  3  2 -2 -5 -2 -1   18   4   3  10   0   2   5   5   2   2   2   3   7   1  12  15   2   0   2   4  0.28 0.29
  138 D   -2  0  1  4 -5  2  0  1 -1 -2 -3 -2 -2 -3  2  2 -2 -1 -4 -3    3   4   7  20   0   8   6  11   1   2   3   1   1   1  11  13   2   1   0   2  0.37 0.33
  139 Y   -1 -1  2  0  0  2  0 -2  0 -2 -3 -2  0  0 -2  1 -2  1  5  0    4   2  12   6   2   8   5   3   2   2   2   1   2   4   2  12   2   2  18   8  0.30 0.30
  140 L   -1  0  2 -3 -2  0 -1 -2 -3  0  1 -2 -1  2  3  0 -1 -4 -1 -1    5   4  11   1   1   5   4   2   0   5  17   2   1   8  18   7   3   0   1   4  0.25 0.23
  141 L   -2 -3 -1 -3 -1  0 -2 -1 -4  0  3 -2  0  1 -1  0  0 -1 -1  2    2   0   3   1   1   4   2   5   0   4  33   3   1   6   4   9   5   1   2  14  0.26 0.25
  142 R   -1  4  4 -1 -5  0 -1 -1  0 -3 -4 -2 -4 -3 -1  2  1 -5 -2 -2    4  23  17   3   0   3   4   4   3   2   2   1   0   1   2  18   9   0   1   3  0.49 0.40
  143 T    1 -1  0 -1 -1  1 -1 -1 -3 -1  0 -2 -1 -1 -1  2  2 -3 -1  0   10   3   3   2   1   6   4   4   0   4  10   0   1   3   2  21  15   0   2   8  0.15 0.21
  144 G   -1  2  1 -1 -1  1  0  1 -2 -2  1  0  0 -2  0 -1 -1 -4 -2 -1    4  16   8   3   2   5   7  12   0   0  20   4   2   1   4   4   3   0   1   4  0.14 0.18
  145 Q    1 -1  1 -3 -1  6  0  0  0 -3 -4 -1 -1 -5  1 -1  0 -4 -1 -2   13   2   6   0   2  36   6   7   2   2   1   2   1   0   6   4   6   0   2   3  0.56 0.44
  146 V   -1  1  2  1 -3  0  0  0 -1  0  0 -1 -1 -3 -1  0 -1  0 -3  2    4   9  13   8   0   3   5   9   1   3   8   2   1   0   2   8   2   1   0  20  0.12 0.17
  147 V   -1  0 -2 -1  1  0  2 -1  0  2  0 -1  1  0  0  0  0  0 -1  1    4   5   0   2   3   5  14   4   2  15   5   1   4   4   4   6   4   1   1  13  0.08 0.14
  148 D    0 -1  1  5 -4  0  1  0 -3 -4 -3 -2 -4 -4  1  1  1 -5 -4 -2    6   3   5  33   0   3  10   6   0   0   3   1   0   0   7  11   8   0   0   3  0.50 0.35
  149 I    0  0 -1 -2 -2 -1 -1 -2 -2  1  1 -1  3  1  1  1  0 -2 -1  0    6   5   3   1   1   2   5   3   1   9  18   2  11   6   6  12   4   0   1   5  0.10 0.09
  150 S    0 -1  0  0 -1 -1  2 -1  1 -2 -2 -1 -2 -2  0  4  0  0 -1 -2    5   3   3   4   1   1  17   3   4   2   3   2   1   1   4  35   5   1   2   2  0.34 0.20
  151 D   -1  0  0  3 -3  2  3 -2  2 -3 -2 -1 -1 -1  0  0 -1 -3 -1 -3    4   4   3  17   0   8  23   3   6   1   3   2   1   3   5   7   3   0   2   2  0.31 0.17
  152 T   -1  2  0 -2 -2  2  0 -2 -1 -1  0 -1  0 -2  0  2  3 -2 -2 -2    4  11   4   1   0   9   5   2   2   3  11   2   2   1   5  17  19   0   1   2  0.19 0.16
  153 I    0  1 -1 -1  0 -1 -1 -1 -1  0  0  0  1 -1  1  1  2  0 -1  0    7   8   2   2   2   2   3   4   1   8   8   5   6   2   8  10  15   1   2   5  0.07 0.08
  154 Y   -1  2  1 -2 -2  1 -1 -2  2 -2 -1 -1 -1  0 -1  0  0  0  5 -3    4  11   6   2   1   8   3   2   6   1   6   3   2   2   3   8   5   1  25   1  0.33 0.20
  155 P    0 -2 -3 -2  1 -3 -1 -3 -2 -2 -2 -1 -2 -2  7 -1 -2 -4 -4 -3    9   2   1   3   4   1   4   2   1   3   4   5   1   2  52   4   3   0   0   2  1.07 0.38
  156 R    0  2  1 -2  1  0  0 -2  2  0 -1  1  2  0 -2 -1 -1 -2  1 -1    8  11   8   1   3   5   5   2   6   5   4  12   7   5   2   3   2   0   7   5  0.09 0.10
  157 N    0 -1  4  1 -1 -1 -1 -2  3 -2 -2 -1 -3  0 -3  0 -1 -3  3 -1    8   2  28   7   2   2   2   3   9   2   2   3   0   4   1   7   2   0  12   4  0.37 0.22
  158 P   -3 -2 -3 -2  0 -1 -1 -3 -2 -3 -3 -2 -2 -2  7  0 -1 -3  1 -4    1   2   1   2   2   2   4   2   1   1   2   3   1   2  57   7   3   0   6   1  1.27 0.43
  159 A    2  1  0  1 -2  0  1 -1  3 -2 -3 -1  0 -3 -2  2 -1 -3  0 -2   19   7   2   9   1   4  11   4  10   2   2   2   2   0   1  17   2   0   3   2  0.25 0.17
  160 M   -4 -3 -3 -5 -4 -3 -5 -5 -4 -2  1 -4  9 -1 -5 -4 -1 -4  4 -1    1   1   1   0   0   1   0   0   0   0   9   1  61   2   0   0   4   0  14   4  1.75 0.62
  161 C    0  5  0 -3  4 -1 -1 -1  0 -4 -3  2 -2 -4 -3  1 -2 -2 -2 -3    8  34   4   0  10   2   3   5   2   0   3  12   1   0   0  11   1   0   2   2  0.52 0.28
  162 S   -2  0  3  1 -1 -2  0 -2 -2 -2 -3 -1 -2 -1 -3  3  3 -3  0 -3    1   6  13   9   1   0   5   2   0   2   1   3   1   3   0  29  20   0   3   1  0.40 0.27
  163 E   -3 -3 -3  1 -4 -2  7 -4 -3 -3 -4 -2  0 -2 -3 -2 -3 -4  2 -2    1   0   0   5   0   0  70   1   0   1   2   1   2   1   1   2   1   0   8   2  1.32 0.53
  164 E    2 -2 -1  1 -4  1  4 -2 -1 -1 -2  0 -3 -2 -3  0 -2 -2 -3 -2   20   1   2   6   0   6  37   2   1   4   5   4   0   2   0   8   0   0   1   1  0.46 0.28
  165 A    3  1  1  2 -3  1  1 -2  0 -2 -1 -1 -1 -3 -3  0  0 -4 -1 -1   35   7   6  11   0   6   8   1   2   2   5   3   1   0   0   3   5   0   2   4  0.27 0.21
  166 R   -5  8 -4 -5  2 -3 -4 -6 -4 -6 -6 -2 -5 -6 -6 -4 -5  4 -5 -6    0  89   0   0   4   0   0   0   0   0   0   0   0   0   0   0   0   5   0   0  2.43 0.77
  167 L   -4 -3 -6 -6 -4 -3 -5 -6 -5  2  6 -5  1  1 -5 -4 -4 -2 -3 -2    0   1   0   0   0   1   0   0   0   9  77   0   3   5   0   1   0   0   1   1  1.30 0.49
  168 K   -1  4  0  0 -2  3  0 -3 -1  0  0  2 -1 -3 -3 -1 -2 -4 -3 -2    6  24   4   4   1  13   5   1   1   6  12  16   1   0   0   3   1   0   0   2  0.33 0.21
  169 S   -3 -4 -3 -4 -4 -4 -4 -4 -5 -5 -5 -4 -4 -6 -4  5  7 -6 -5 -4    0   0   0   0   0   0   0   0   0   0   0   0   0   0   0  37  61   0   0   0  1.66 0.66
  170 F   -6 -6 -6 -7 -6 -6 -6 -7 -4 -4 -3 -6 -4  9 -7 -4 -6 -3  4 -5    0   0   0   0   0   0   0   0   0   0   1   0   0  86   0   1   0   0  11   0  2.64 0.77
  171 Q    0  1  0  0 -4  3  0  0  4 -3 -3  0 -3 -2 -3  1  0  0 -2 -1    6   6   3   5   0  16   5   7  15   1   1   6   0   1   0  14   5   2   1   6  0.29 0.20
  172 N   -1  0  5  0 -4  1 -1 -2  1 -3 -3  0  3 -4 -2  2  0 -5 -4 -4    5   6  35   4   0   7   1   2   3   1   1   5   8   0   1  14   6   0   0   0  0.54 0.30
  173 W   -7 -7 -7 -8 -7 -1 -7 -7 -3 -7 -5 -7 -6  1 -8 -7 -7 13 -2 -7    0   0   0   0   0   4   0   0   1   0   1   0   0   5   0   0   0  89   0   0  4.30 1.08
  174 P   -3 -4 -4 -4 -5 -4 -4 -5 -5 -5 -5 -4 -5 -4  8 -2 -2 -5 -5 -5    1   1   0   1   0   0   1   1   0   1   1   1   0   1  86   2   2   0   0   1  2.55 0.71
  175 D    0  1  0  1 -1  0  0  0 -1  0  0  0 -1 -2  0  1  1 -2 -1  0    8   8   2   8   1   3   3   5   1   6  13   5   1   1   3  16   9   0   1   5  0.05 0.06
  176 Y   -1 -2  3  2 -3  0 -1 -1  1  0  0 -2 -1 -2  0  1  2 -2  1 -2    3   1  16  11   0   4   1   4   4   6  12   0   1   0   4  10  15   0   7   1  0.18 0.17
  177 A    2 -1 -1 -1  1 -3 -3  0 -1 -3 -4 -3 -3 -2 -1  4  2 -4  2 -1   18   3   2   3   3   0   0   5   1   0   0   0   0   1   3  33  15   0   7   3  0.43 0.29
  178 H   -2 -4 -1 -3 -4  0 -3 -3  1  1 -3 -3 -3  3  6  1 -2  1 -2 -1    1   0   2   1   0   4   0   1   3  10   1   1   0  14  41  10   2   2   1   3  0.86 0.37
  179 L   -2 -3 -4 -3 -3  0 -4 -2 -5  2  2 -3  1 -3 -4 -4 -2 -4 -3  5    2   1   0   1   0   6   0   4   0  11  23   1   4   0   1   0   1   0   0  46  0.70 0.34
  180 T    0  1  2 -1 -4  0 -2 -3  1 -4 -3  0 -2 -1 -2  4  3 -1 -2 -3    6   9  10   3   0   4   0   0   3   0   2   6   0   4   1  33  17   1   1   0  0.44 0.29
  181 P    1 -3 -5 -5 -6 -2 -3 -4 -5 -6 -6  0 -5 -7  8 -1  0 -7 -6 -4   13   1   0   0   0   2   1   0   0   0   0   6   0   0  67   4   5   0   0   1  1.81 0.62
  182 R    1  4 -2 -1 -3  2  4 -2  0 -4 -3  1 -3 -5 -3  0 -1 -2 -4 -3   12  22   1   1   0   8  29   2   1   0   2   7   0   0   0   8   4   0   0   1  0.51 0.28
  183 E    0  0  0  5 -5  2  3  0 -3 -4 -3  0 -4 -5 -3  0 -1 -5 -4 -4    7   5   2  31   0   9  24   6   0   0   3   4   0   0   1   4   4   0   0   0  0.59 0.29
  184 L   -4  0 -6 -7 -4 -5 -6 -5 -6 -1  6 -5  0 -1 -6 -5 -4 -5 -4 -1    0   6   0   0   0   0   0   1   0   1  87   0   1   2   0   0   0   0   0   3  1.50 0.54
  185 A    6 -5 -5 -5 -4 -4 -4 -2 -5 -4 -4 -4 -4  1 -3 -2 -2 -5 -4  1   80   0   0   0   0   0   0   2   0   0   0   0   0   6   0   1   1   0   0  10  1.38 0.56
  186 S    0  4  1 -2 -5  1  2 -3 -2 -4 -3  4 -1 -5 -4 -1 -3 -5 -4 -4    9  29   8   1   0   6  14   0   0   0   2  25   2   0   0   4   0   0   0   0  0.66 0.32
  187 A    7 -5 -2 -1 -2 -3 -4 -3 -5 -5 -4 -4 -4 -6 -4 -1 -2 -6 -5 -3   88   0   2   4   0   0   0   0   0   0   1   0   0   0   0   3   1   0   0   1  1.60 0.61
  188 G   -2  0 -4 -5 -6 -5 -5  7 -5 -7 -7 -4 -6 -7 -6 -3 -5 -6 -6 -7    1   6   0   0   0   0   0  92   0   0   0   0   0   0   0   1   0   0   0   0  2.20 0.66
  189 L   -6 -6 -7 -7 -6 -7 -7 -7 -5 -3  2 -7  0  9 -7 -6 -5 -3 -1 -4    0   0   0   0   0   0   0   0   0   0  16   0   2  82   0   0   0   0   0   0  2.35 0.70
  190 Y   -5 -5 -5 -4 -3 -5 -5 -6 -1 -2 -2 -5 -4  5 -6  1 -4 -2  8 -3    0   0   0   1   0   0   0   0   1   2   2   0   0  25   0  10   0   0  56   1  1.77 0.60
  191 Y   -1 -5 -5 -4 -6 -5 -5 -6  4 -4 -4 -5 -4  5 -6 -1 -5 -2  8 -4    6   0   0   1   0   0   0   0   8   0   0   0   0  22   0   4   0   0  59   0  1.88 0.62
  192 T    0 -3 -4 -4 -3 -3 -4 -4 -4  1  3 -2  0 -2 -4  0  3 -4 -3  2    6   1   0   0   0   0   0   0   0   7  38   2   1   0   0   7  24   0   0  12  0.51 0.29
  193 G   -3 -4  0 -3 -6  2 -2  7 -2 -7 -7 -3 -4 -6 -5 -3 -4 -6 -6 -6    0   0   4   1   0  10   2  80   1   0   0   1   0   0   0   0   0   0   0   0  1.75 0.57
  194 A   -2  0 -1 -2 -1  1  2 -4  0 -1 -2 -1 -2  0  4 -1  0 -4 -1  1    1   4   3   0   1   6  17   0   2   4   2   2   1   4  26   2   7   0   2  14  0.41 0.23
  195 D    1  0 -1  1 -3  1  1  5 -3 -3 -3 -1 -4 -5 -2  0 -2 -5 -4 -4    9   6   3   8   0   8  11  42   0   1   3   2   0   0   1   6   1   0   0   0  0.57 0.27
  196 D   -5 -5 -1  8 -7 -4 -2 -3  3 -6 -7 -4 -6 -6 -5 -4 -4 -7 -6 -5    0   0   1  89   0   0   0   1   6   0   0   0   0   0   0   0   0   0   0   1  2.33 0.70
  197 Q   -2  4  0 -2 -4  2  2 -4  1 -1 -2  3  2 -4  1 -1  0 -4 -3 -3    2  23   4   0   0  10  12   0   3   5   2  18   7   0   6   2   5   0   0   0  0.42 0.24
  198 V    0 -6 -6 -6 -4 -5 -6 -6 -6  2 -1 -5 -2 -4 -5 -5 -2 -6 -4  7    6   0   0   0   0   0   0   0   0   6   3   0   0   0   0   0   2   0   0  83  1.63 0.58
  199 Q    2  2 -3 -3  0  6  2 -4 -3 -4 -5  3 -2 -5 -2 -2 -3 -1 -4 -3   16  11   0   0   2  40  10   0   0   1   0  18   1   0   1   0   0   1   0   1  0.88 0.42
  200 C   -4 -1 -5 -6 11 -6 -6 -5 -6 -5 -5 -5 -5 -5 -6 -4 -4 -5 -5 -4    0   4   0   0  90   0   0   0   0   0   1   0   0   0   0   0   0   0   0   0  3.49 0.84
  201 F    2 -5 -5 -5  2 -4 -5 -4 -4 -1 -2 -4 -3  7 -3 -4 -2  2 -1  0   17   0   0   0   4   0   0   0   0   3   1   0   0  59   2   0   2   3   0   7  1.26 0.45
  202 C    0 -3 -3 -4  7 -3 -1 -1  3 -3 -3 -4 -3  4 -4  0 -1  4  2 -3    9   1   1   0  30   0   4   4   7   1   1   0   0  17   0   7   3   6   6   1  0.82 0.33
  203 C   -4 -1 -5 -6 11 -6 -6 -5 -6 -5 -5 -5 -5 -5 -6 -4 -4 -5 -5 -4    0   4   0   0  90   0   0   0   0   0   1   0   0   0   0   0   0   0   0   0  3.48 0.84
  204 G   -3  0  0  0 -4 -1 -2  6  1 -6 -6  0 -5 -6 -5 -3 -4 -3 -4 -6    1   6   4   4   0   2   2  70   3   0   0   6   0   0   0   1   0   0   1   0  1.31 0.47
  205 G   -1 -3 -3 -1  0 -3 -3  6 -5 -2 -4 -3 -5 -6 -1  0 -3 -5 -6 -3    2   1   0   4   2   0   2  72   0   3   1   1   0   0   2   6   1   0   0   1  1.29 0.46
  206 K   -1 -1 -3 -3 -3  1  1  1 -2  2 -2  3  1 -3 -3 -2  1 -4 -3  2    2   1   0   0   0   6  13  11   1  14   1  20   4   0   0   0   9   0   0  18  0.26 0.22
  207 L   -3 -5 -6 -6 -4 -5 -5 -6 -5  2  5 -5  4 -2 -5 -5 -3 -4 -4  1    1   0   0   0   0   0   0   0   0  11  69   0  10   0   0   0   1   0   0   8  1.19 0.44
  208 E   -1  3  0  0  2  0  1  0 -1 -4 -3  2  1 -3 -3  2  0  0  0 -3    4  21   3   3   4   2   7   5   1   0   1  16   5   1   0  16   5   1   3   0  0.28 0.20
  209 N   -3  1  5  2 -1  0  1 -1  1 -5 -5  1 -1 -4 -4 -1 -1 -5 -2 -5    1   8  38  13   2   4   8   5   4   0   0   9   2   0   0   3   4   0   1   0  0.66 0.31
  210 W   -6 -1 -6 -6 -5 -5 -6 -6 -5 -5 -2 -6 -5  0 -6 -6 -5 12 -2 -6    0   4   0   0   0   0   0   0   0   0   4   0   0   4   0   0   0  83   0   0  3.77 0.90
  211 E   -1  1 -1  0 -2  0  5  0 -2 -3 -3  2 -1 -4 -3 -1 -2 -4 -4 -1    3   7   2   2   1   3  48   6   0   1   1  13   1   0   0   3   1   0   0   6  0.65 0.31
  212 P    0 -1 -2 -1 -4  0  0 -3  1 -3 -2 -1 -3 -4  7 -1 -1 -4  0 -2    7   3   2   4   0   3   5   1   4   1   4   3   0   0  50   4   3   0   4   3  0.96 0.34
  213 C   -2 -2  2 -1  2 -2 -1  5 -3 -4 -2  1 -4 -3 -4  0 -2 -4 -4 -4    0   1  10   3   5   1   4  51   0   1   4  10   0   1   0   6   1   0   0   0  0.75 0.31
  214 D   -4 -4 -1  8 -6 -3  1  0 -4 -5 -6 -3 -5 -6 -4 -3 -4 -6 -4 -5    0   0   1  79   0   0   7   6   0   0   1   1   0   0   0   1   0   0   1   0  1.84 0.57
  215 R   -3  3  3  5  3  0 -1 -3 -2 -3 -4 -1 -3 -4 -2  1 -1 -3 -4 -2    0  18  14  33   7   3   2   1   0   2   1   1   0   1   1   9   3   0   0   3  0.62 0.29
  216 A    3 -4 -4 -4  1 -4 -4 -3 -4 -1 -1 -3 -4 -5  7 -3 -3 -5 -5 -2   31   0   0   0   3   0   0   1   0   3   5   0   0   0  52   0   0   0   0   2  1.41 0.48
  217 W   -2 -3 -3  2 -4 -2 -2 -4 -4  0  1 -2  5  1 -5 -3  0  8 -2  0    3   1   1  13   0   1   2   0   0   6  11   2  17   5   0   0   6  25   0   6  0.81 0.35
  218 S    0 -1 -1  0 -2  0  1  1 -1 -2 -2 -1 -2 -3 -3  4  0 -4 -3  0    7   3   1   5   1   3  11  10   1   2   4   3   1   1   0  36   3   0   0   8  0.30 0.22
  219 E   -2 -1 -3  0 -6  1  7 -2 -3 -5 -6  0 -3 -6 -4 -3 -4 -6 -5 -1    3   2   0   3   0   5  73   4   0   0   0   4   0   0   0   1   0   0   0   5  1.41 0.55
  220 H   -5  1 -3 -5 -4 -3 -4 -4 11 -6 -6 -4 -5 -5 -6 -5 -5 -6 -2 -1    0   6   0   0   0   0   0   1  86   0   0   0   0   0   0   0   0   0   0   6  3.01 0.85
  221 R    0  5 -2 -1 -5  2 -1 -4 -2 -3  0  2 -1 -4 -4 -1 -2  3 -3 -3    9  43   0   3   0   8   3   0   0   0  12  10   1   0   0   4   1   4   0   0  0.65 0.33
  222 R   -3  7 -2 -3 -6 -1 -2 -5 -2 -2 -2  4  0 -3 -4 -2 -3 -5 -4 -4    1  58   1   1   0   1   1   0   1   3   3  24   2   1   0   2   1   0   0   0  1.27 0.48
  223 H   -4 -4 -1 -4 -5 -2 -4 -4  9 -3 -1 -3 -1  3 -5 -3 -4  5  3 -1    0   0   3   0   0   1   0   1  52   1   6   1   1  10   0   1   0   8   8   5  1.51 0.53
  224 F   -4 -4 -4 -2 -5  1 -5 -5  1 -3 -2 -5 -3  8 -6 -1 -4 -1  3 -3    1   0   1   3   0   6   0   0   3   0   2   0   0  67   0   6   0   0   9   1  1.59 0.54
  225 P   -4 -2  1 -4 -6 -4 -3 -2 -5 -5 -6 -4 -6 -7  8 -1 -4 -7 -6 -6    1   2   6   1   0   0   1   3   0   0   0   0   0   0  79   4   0   0   0   0  2.25 0.68
  226 N    0  0  4  0 -3  0 -1  0  2 -4 -3  0 -1 -2 -3  1  2 -4 -2 -3    7   5  25   4   0   5   1   7   5   0   2   7   1   2   0  11  16   0   1   0  0.34 0.22
  227 C   -4 -6 -6 -6 11 -6 -6 -2 -6 -5 -5 -6 -5 -6 -6 -4 -4 -6 -6 -4    0   0   0   0  91   0   0   4   0   0   0   0   0   0   0   0   0   0   0   0  3.56 0.86
  228 F   -1  1 -1  1 -2 -1 -1 -2 -1 -2 -1  1 -2  2  4  0 -2 -1 -1 -1    4   8   2   8   1   2   3   3   2   1   5  11   0  13  23   8   1   1   1   4  0.30 0.16
  229 F   -4 -2 -4 -4 -4 -4 -4 -4  2 -3 -2 -4 -1  8 -4 -1 -4  0  2 -3    1   2   1   1   0   0   1   1   5   1   3   1   1  69   1   4   1   1   6   1  1.56 0.48
  230 V   -1 -3 -3 -4 -3 -2 -3 -4 -3  4  2 -3  0 -1 -2 -3 -2 -3  2  4    5   1   1   1   0   2   2   1   0  23  16   1   1   1   2   1   1   0   9  34  0.50 0.23
  231 L   -2  2 -1 -2  3  1 -1 -3 -2  0  3 -1  2 -2 -2  0 -2 -2 -1 -1    2  11   4   1   8   6   4   1   0   3  38   2   5   1   1   6   1   0   2   2  0.26 0.16
  232 G   -1  1  1 -2 -4  0  0  5  3 -4 -4 -1 -2 -4 -3  0 -3 -4 -1 -4    3   7   7   1   0   5   5  48   8   1   1   3   1   0   1   6   1   0   2   1  0.68 0.28
  233 R   -2  4  0  0 -4  3  1 -2  3 -2 -1  1 -2 -2 -2 -1 -1 -1 -1 -2    1  25   3   4   0  13  11   3   9   2   9   7   0   1   1   5   2   1   1   1  0.34 0.20
  234 N   -1 -1  3  5 -3  1  1 -2 -1 -3 -2 -2  0 -3  0  0 -1 -3 -3 -3    5   3  14  31   0   8   7   2   2   1   5   2   2   1   4   7   4   0   1   2  0.44 0.23
  235 V    0  0 -2 -3  0 -2 -2 -2 -3  1  0 -1 -1 -2 -2 -2  0 -3 -2  5    7   5   2   2   2   1   3   3   0   6   8   4   1   1   1   3   6   0   1  45  0.42 0.25
  236 N   -1 -1  4  1  0  1 -1  4 -2 -4 -4 -1 -3 -4  1 -1 -2 -2 -3 -3    4   3  22   8   2   7   3  29   1   1   2   3   0   1   8   3   2   1   1   1  0.51 0.25
  237 V   -3 -2  5  0 -2 -1 -1 -1 -2  2 -1 -3  0 -3 -1 -1 -1 -4 -3  2    2   1  34   5   1   2   4   4   1  10   7   1   2   1   3   3   3   0   0  14  0.50 0.38
  238 R   -1  1 -2 -2 -1  3  0 -1 -3  1 -2 -1 -1 -2  3 -1  0 -3 -2  2    4   7   2   2   1  13   6   4   0  10   3   3   1   1  15   3   4   0   1  17  0.23 0.24
  239 S   -1 -2  0 -2 -3  0  1 -1 -1 -2  0 -2 -3 -1  4  3  0 -3 -1 -1    4   2   4   2   0   4   9   4   1   2  10   2   0   3  19  22   4   0   2   3  0.29 0.28
  240 E   -1  0 -1 -1 -3  2  3 -1  0 -1  1 -1  3  0 -2  0 -1 -3 -2 -1    5   5   2   2   0   9  20   5   2   3  16   3   8   4   1   8   3   0   1   3  0.17 0.22
  241 S    1 -1  0 -1  1  1  1  0 -1 -2  0 -1 -1  0  1  2  0 -3  0 -2   10   3   4   3   3   6   9   6   1   2   8   1   1   4   7  21   6   0   3   2  0.11 0.17
  242 G    0 -1  1  2 -3 -1 -1  2 -2 -1 -1 -2 -2 -2  1  1  0 -3 -3 -2    7   3   7  13   0   3   3  19   1   3   5   2   1   2   8  13   6   0   1   3  0.20 0.20
  243 V    0  0 -1  0 -1 -1 -1 -1 -2  1  0 -1 -1  0 -1  0  0 -3 -2  2   10   4   2   6   1   3   3   5   0  10  11   3   1   3   3   8   7   0   1  18  0.06 0.10
  244 S    0 -1  1  0 -1  1  2 -1  0 -3 -2 -1 -2 -3  1  3  1 -4 -1 -3    5   3   7   5   1   6  12   4   2   1   3   2   1   1   6  28   7   0   2   2  0.28 0.30
  245 S    0  0  0  0 -2 -1  2  0 -1 -1  0 -1  0 -2  0  2  1 -3 -3  0    7   4   4   4   1   2  16   5   1   2   9   2   2   1   4  18   8   0   0   7  0.11 0.19
  246 D   -1 -1  2  4 -4  0  3  0 -2 -4 -2 -2 -1 -3 -1  0 -1 -1 -4 -3    4   2   9  23   0   4  21   7   1   0   4   2   1   1   3   7   4   1   0   2  0.41 0.36
  247 R   -1  3  1 -1 -2  2  2  0 -1 -3 -1 -1 -1 -2  0  1  0 -4 -3 -2    3  18   7   3   1  10  12   7   1   1   6   3   1   2   4  11   6   0   0   3  0.20 0.25
  248 N   -1 -1  2  0 -1  1  1  0 -3 -2  0 -2 -1 -2  1  2  1 -4 -3 -3    4   3  10   6   1   5  11   6   0   2  12   1   1   1   6  19   7   0   0   1  0.16 0.26
  249 F   -1  0 -1  0 -1  1  1  2 -2 -1  1 -2  1  1 -2  0 -1 -3 -1 -1    4   5   2   5   1   6  10  17   1   3  16   0   4   6   1   6   2   0   2   5  0.07 0.16
  250 P   -1 -2  0  0 -4  0  0 -1 -1  1  0 -2 -2 -2  4  1  0  1 -3 -1    5   1   4   5   0   4   7   5   1   9  10   1   1   1  22  11   5   2   0   3  0.25 0.27
  251 N    0  0  4 -1 -2  3 -1  0  0 -1 -2 -2 -2 -4  1  1  1 -5 -3 -2    7   4  19   3   1  13   3   6   2   5   3   1   1   0   8   9   8   0   1   3  0.24 0.30
  252 S   -1  0  1  0 -1  0  0 -1 -1 -2  1 -1 -1 -2  2  2  1 -4 -2 -1    3   5   7   6   1   5   4   3   1   1  13   3   1   1   9  19   7   0   1   4  0.12 0.20
  253 T    1  2 -2 -3  1  0 -1 -2  4 -1 -1 -2  0 -2  1  0  3 -4 -3 -1   11  13   1   0   3   4   3   3   9   3   6   1   3   2   7   7  19   0   0   4  0.23 0.28
  254 N   -1 -1  2  0 -4  2  0  0  1 -3 -3 -1  0  1  0  1  1  1  1 -2    4   2  12   4   0  10   6   6   4   1   2   3   3   8   6  10   9   2   5   2  0.16 0.22
  255 S    1  1  1 -1 -1  2  1  0  3 -3 -2 -1 -3 -2  1  1  1 -1  0 -2   11   7   5   2   2   9   8   6   8   1   4   1   0   2   6  12   7   1   3   3  0.15 0.20
  256 P    0 -6 -1 -2 -6 -5 -3 -3 -1  0 -4 -5 -2 -6  7 -2 -3 -6 -6  2    8   0   3   2   0   0   2   2   1   5   2   0   1   0  53   4   1   0   0  13  1.35 0.78
  257 R   -1  4 -2 -3  0  0  0 -1  1 -1 -2  2 -2 -2 -4  2 -1  0 -2  0    5  22   1   0   2   5   7   4   3   3   3  12   1   1   0  19   2   1   1   7  0.34 0.33
  258 N   -3  0  6 -3 -2  1 -3 -2  5 -4 -5 -1 -5 -2 -3 -2 -2 -5  4 -3    2   5  41   1   1   5   1   3  13   1   1   4   0   1   1   2   2   0  13   2  1.09 0.69
  259 P   -1 -4 -4 -4 -5 -1 -2 -3 -2 -4  0 -3 -1 -5  7 -2 -3 -6 -5 -1    6   1   0   0   0   3   2   1   1   0  12   0   1   0  62   3   1   0   0   5  1.49 0.47
  260 A    2 -1  0  1 -1  1  2 -1  1 -2 -3  0 -3 -4 -3  3 -1 -4 -1 -3   17   3   4   6   1   5  15   3   3   2   1   6   0   0   0  29   2   0   3   1  0.34 0.21
  261 M   -4 -4 -3 -6 -2 -2 -5 -6  0 -2  1 -3  9  1 -5 -4 -2 -3  4 -1    0   1   1   0   1   1   0   0   2   0   8   2  61   5   0   0   2   0  15   3  1.65 0.53
  262 A    4 -1 -2 -2 -1  4  0 -1 -3 -2 -3 -1 -3 -4 -3  0 -1 -5 -4  1   41   3   1   2   1  21   6   4   0   1   0   2   0   0   0   5   3   0   0  11  0.50 0.28
  263 E   -1 -2  0  3  0 -1  0 -2 -2 -1 -2 -1  0 -3 -3  2  4 -5 -4 -2    2   1   4  19   2   1   6   2   1   3   3   4   2   1   0  14  34   0   0   1  0.44 0.24
  264 Y   -3 -2 -4 -3 -2 -1  3 -5  4 -2  0 -2 -2  3 -4 -2 -3 -2  6 -1    0   2   0   0   1   1  21   0   9   2   7   1   1  11   0   2   0   0  37   5  0.83 0.33
  265 E    1 -2 -1  2 -5  2  5 -1 -1 -4 -5 -1 -2 -5 -3  0 -2 -5 -4 -3   15   1   1   9   0   7  51   5   1   0   0   1   1   0   0   6   1   0   0   1  0.79 0.32
  266 A    4  0 -1 -1 -3 -2  0  0 -2 -2 -2  0  3 -3 -3  1  0 -4 -3 -1   43   5   2   3   0   0   7   5   1   1   1   5   9   0   0   7   6   0   0   4  0.37 0.22
  267 R   -5  8 -4 -5 -7 -3 -4 -6 -4 -7 -6 -1 -5 -6 -6 -4 -5  4 -5 -6    0  94   0   0   0   0   0   0   0   0   0   0   0   0   0   0   0   6   0   0  2.52 0.67
  268 I   -3 -3 -5 -6 -4 -4 -4 -6 -4  3  5 -3  1  1 -5 -4 -3 -4  0  1    0   1   0   0   0   0   0   0   0  20  59   1   3   4   0   0   0   0   4   6  0.91 0.32
  269 V    0  3 -1 -1 -3  2  0 -1 -1  2  0  2 -1 -3 -3  1  0 -4 -3 -1    6  19   2   2   0  11   4   3   1  16   7  11   0   0   0  12   3   0   0   2  0.21 0.15
  270 T   -3 -4 -3 -4 -4 -4 -4 -5 -5 -4 -2 -4 -4 -5 -4  3  7 -6 -5 -3    0   0   0   0   0   0   0   0   0   0   3   0   0   0   0  20  77   0   0   0  1.67 0.56
  271 F   -6 -6 -6 -7 -6 -6 -7 -7 -4 -4 -3 -6 -3  9 -7 -4 -2 -2  3 -4    0   0   0   0   0   0   0   0   0   0   0   0   0  89   0   1   3   0   6   0  2.55 0.64
  272 G    0  0  0 -1  1  1  0  2  1 -1 -1  0  0 -1 -3  0  0 -3 -2 -1    9   5   2   3   4   8   4  22   5   2   7   4   4   2   0   8   5   0   0   5  0.11 0.08
  273 T   -1  0  4  0 -2 -2 -2  1  1 -4 -3 -1  1 -3 -3  1  3 -4  0 -3    2   6  26   5   0   0   1  13   3   0   1   1   4   0   0  10  21   0   4   0  0.44 0.23
  274 W   -6 -2 -7 -8 -6 -6 -7 -7  1 -2 -5 -7 -5 -3 -8 -5 -6 13 -2 -2    0   2   0   0   0   0   0   0   3   2   0   0   0   0   0   1   0  87   0   4  3.95 0.85
  275 T   -3 -2 -3 -4 -5  1 -4 -5 -3  3 -4 -3 -1 -5  7 -2 -3 -3  0 -3    1   2   1   0   0   6   0   0   0  19   0   0   2   0  61   2   1   0   3   0  1.54 0.46
  276 S    0 -2 -2 -3 -2 -1 -1 -3  3 -1 -3  0 -2  0 -1  2  2 -2  5 -2    7   1   1   0   0   1   2   0   9   3   1   7   0   2   3  17  17   0  26   1  0.46 0.25
  277 S   -2 -3  1  1 -4 -1 -1 -3  0 -4 -4 -2 -2 -2  5  4 -1 -5 -4 -4    1   0   7   8   0   2   2   0   2   0   1   1   1   2  29  40   2   0   0   0  0.83 0.34
  278 V   -1 -2 -4 -5 -4  3 -3 -5 -2  3  0 -2  3 -3 -4 -4 -2 -5 -4  5    3   1   0   0   0  14   0   0   1  13   5   1   9   0   0   0   0   0   0  52  0.81 0.34
  279 N   -2  2  4  2 -3  2  0 -3  4 -4 -4  0 -3 -4 -2  0  2 -5 -2 -3    2  11  24  12   1  11   4   0  11   0   0   4   0   0   2   5  12   0   1   1  0.52 0.24
  280 K   -3 -3 -4 -4 -6 -2 -1 -5  2 -5 -6  4 -5 -6  7 -3 -3 -6 -5 -4    1   0   0   0   0   1   3   0   5   0   0  28   0   0  59   0   0   0   0   1  1.75 0.50
  281 E   -3  0 -2  1 -6  1  7 -4 -2 -5 -4  0 -3 -5 -3 -2 -3 -1 -4 -3    1   3   0   5   0   4  76   0   0   0   1   5   0   0   0   1   0   1   0   1  1.30 0.41
  282 Q   -1  2 -2  1 -4  6  2 -3 -1 -2 -3  0  2 -4 -2 -1 -2 -3 -3 -2    4  10   0   6   0  49   9   1   1   1   1   3   6   0   1   2   2   0   0   3  0.74 0.30
  283 L   -4 -2 -6 -6 -4 -4 -5 -6 -5  0  6 -5  1 -1 -5 -5 -4 -4 -3 -1    0   3   0   0   0   0   0   0   0   1  94   0   1   1   0   0   0   0   0   1  1.43 0.42
  284 A    6 -4 -4 -4 -3 -3 -3 -2 -4 -3 -2 -3 -3 -4 -3  1 -1 -5 -4 -1   86   0   0   0   0   0   0   1   0   0   3   0   0   0   1   6   1   0   0   3  1.25 0.42
  285 R   -2  5 -1  1 -4  1  2 -3 -1 -3 -2  1 -3 -4 -3  1  0 -4 -3 -3    1  42   1   6   0   6  14   1   1   2   3   6   0   0   0  13   4   0   0   0  0.59 0.24
  286 A    7 -4 -4 -4 -1 -3 -3 -2 -4 -4 -4 -3 -4 -5 -3 -1 -3 -5 -4 -2   97   0   0   0   1   0   0   0   0   0   0   0   0   0   0   2   0   0   0   1  1.63 0.50
  287 G   -2 -5 -3 -4 -5 -4 -2  7 -5 -7 -6 -4 -5 -6 -5 -3 -4 -5 -6 -6    0   0   0   0   0   0   3  97   0   0   0   0   0   0   0   0   0   0   0   0  2.14 0.50
  288 F   -5 -5 -5 -6 -5 -5 -6 -6 -4 -3  0 -5 -2  9 -6 -5 -5 -2  1 -3    0   0   0   0   0   0   0   0   0   0   6   0   0  89   0   0   0   0   2   0  2.16 0.51
  289 Y   -5 -5 -5 -6 -5 -1 -5 -6 -1 -4 -2 -5 -3  5 -6 -5 -4 -1  9 -4    0   0   0   0   0   3   0   0   0   0   1   0   0  25   0   0   0   0  70   0  2.10 0.52
  290 A    2 -3 -2 -4 -3 -3 -3 -4  1 -3 -3 -3 -3  1 -4  1 -1 -1  7 -3   20   1   1   0   0   0   0   0   3   1   0   1   0   3   0  14   3   0  54   0  1.10 0.37
  291 L   -1 -3 -1 -3 -2  0 -2 -3 -3  1  2 -2  0 -2 -3  0  4 -4 -3  2    4   0   2   1   0   4   1   1   0   8  26   1   2   0   0   4  33   0   0  13  0.36 0.20
  292 G   -2 -5 -2 -3 -5 -4 -2  7 -4 -6 -6 -2 -4 -5 -5 -2 -4 -5 -2 -6    0   0   1   1   0   0   2  92   0   0   0   2   0   0   0   1   0   0   1   0  1.88 0.46
  293 E   -2  2  1  0 -3  2  2 -3  3  0 -2  2 -1  0 -1 -1  0 -3  1  0    1  11   7   5   0   9  13   0  12   6   0  12   1   4   1   2   4   0   4   6  0.19 0.11
  294 G    0 -1  2  1 -3  1  1  4 -1 -4 -4 -1 -3 -4 -1  1 -2 -3 -3 -3    5   4  12   9   0   6   7  40   1   0   1   2   0   0   2  10   1   0   0   1  0.50 0.17
  295 D   -4 -4 -1  8 -5 -2 -1 -3 -3 -5 -5 -3 -5 -5 -3 -2 -3 -5 -5 -5    1   0   1  90   0   0   1   1   0   0   1   1   0   0   0   1   1   0   0   1  1.97 0.46
  296 K   -1  1  2  2 -3  3  0 -2  3 -2 -2  2 -1 -2 -2 -1 -1 -3 -2 -1    3   6  10  15   0  16   3   1  10   1   3  14   2   1   0   3   3   0   1   6  0.26 0.13
  297 V   -2 -4 -4 -4 -1 -4 -4 -4 -4  1 -1 -4 -1 -3 -4 -3  0 -4 -3  7    1   0   0   0   1   0   1   1   0   2   1   1   0   0   0   1   6   0   0  83  1.21 0.37
  298 K   -1  4 -1 -2 -3  0  0 -3 -2 -1  0  5 -1 -3 -3 -2 -1 -4 -3 -1    2  23   1   0   0   3   3   1   0   4   9  41   2   0   0   1   3   0   0   5  0.50 0.20
  299 C   -3 -5 -5 -5 11 -5 -5 -4 -5 -4 -4 -5 -4 -4 -5 -3 -3  0 -4 -3    1   0   0   0  90   0   1   1   0   0   1   1   0   0   0   1   1   1   0   1  3.03 0.58
  300 F   -4 -4 -4 -5 -4 -4 -4 -4 -1 -2 -2 -4 -2  8 -5 -4 -4  1  3 -3    1   0   0   0   0   0   1   1   1   0   1   1   0  81   0   1   1   1   8   1  1.85 0.43
  301 H   -2 -1 -2 -3  6 -2 -3 -3  7 -3 -3 -2 -3  2 -4  0 -2  1  4 -3    2   3   0   0  19   1   1   1  32   0   1   2   0   9   0   6   1   2  19   1  0.93 0.28
  302 C   -3 -2 -4 -5 11 -5 -5 -4 -5 -4 -4 -5 -4 -4 -5 -3 -3 -4 -4 -3    1   3   0   0  88   0   1   1   0   0   1   1   0   0   0   1   1   0   0   1  2.93 0.56
  303 G   -2 -3  2  5 -4 -2 -1  4 -3 -4 -4 -2 -4 -4 -3 -1 -3 -2 -3 -4    1   0   8  44   0   0   1  37   0   0   1   1   0   0   0   1   1   0   1   1  0.97 0.28
  304 G   -2 -4 -2 -3 -1 -3 -3  7 -4 -2 -4 -3 -2 -4 -4 -2 -3 -4 -4 -2    1   0   0   0   1   0   1  83   0   3   1   1   1   0   0   1   1   0   0   3  1.46 0.35
  305 G   -1 -2 -2 -3 -4 -3 -3  6 -3 -3 -4 -1 -2 -4 -3 -1 -2 -2 -4 -3    3   2   0   0   0   0   1  76   0   2   1   4   1   0   1   4   2   0   0   1  1.24 0.31
  306 L   -3 -3 -4 -4 -3 -3 -4 -4 -4  0  5 -4  1 -1 -4 -3 -2 -3 -3  1    1   1   0   1   0   0   1   1   0   2  78   1   3   0   1   1   1   0   0  10  0.96 0.29
  307 T   -2  5 -1 -2  1  1 -1 -2  0 -3 -3  2 -1 -3 -3 -1  0  0 -3 -3    2  47   2   0   4   7   1   3   2   0   1  13   2   1   0   2   8   1   0   1  0.61 0.23
  308 D   -2 -2  5  3  5 -1  1  0  0 -4 -3 -1 -3 -4 -3  0 -1 -4 -2 -3    2   0  35  17  15   2   7   5   2   0   1   2   0   0   0   7   1   0   2   1  0.61 0.22
  309 W   -5 -5 -5 -6 -5 -4 -5 -5 -5 -5 -4 -5 -4 -2 -5 -5 -5 13 -1 -5    1   0   0   0   0   0   1   1   0   0   1   1   0   0   0   1   1  91   0   1  3.93 0.68
  310 K   -1  0 -1  1 -4  3  5 -3 -2 -4 -3  2 -1 -4 -2  0 -2 -4 -3 -3    5   2   0   7   0  12  46   1   0   0   1  15   1   0   0   6   1   0   0   1  0.66 0.23
  311 P    0 -1 -1 -2 -3  0  1 -3 -2 -2 -1  0 -2  1  6  1 -1 -3 -2 -2    6   2   1   1   0   4   8   1   0   1   5   5   0   7  39  14   2   0   1   2  0.64 0.20
  312 S   -1 -2  2  1 -2  0  1  4 -2 -3 -3 -1 -2 -3 -2  0  0 -1 -2 -3    1   1  11   9   1   4   9  40   0   1   1   3   1   1   0   7   6   1   1   1  0.46 0.16
  313 E   -3 -3 -1  7 -5 -1  4 -3 -2 -4 -5 -2 -4 -5 -3 -2 -3 -5 -4 -4    1   0   0  66   0   0  24   1   1   0   1   2   0   0   0   1   1   0   0   1  1.40 0.36
  314 D   -3 -2  0  7 -5 -1  1 -3 -3 -4 -4 -2 -4 -5 -3 -2 -3 -5 -4 -4    2   2   2  77   0   2   7   1   0   1   2   1   0   0   0   1   1   0   0   1  1.48 0.37
  315 P   -1 -4 -4 -3 -4 -3 -3 -3 -4 -3 -4 -3 -4 -5  8 -3 -3 -5 -4 -1    5   0   0   0   0   0   1   1   0   1   1   1   0   0  80   1   1   0   0   6  2.08 0.44
  316 W   -5 -5 -5 -6 -2 -4 -5 -5 -5 -5 -4 -5 -1 -2 -5 -5 -5 12 -1 -5    1   0   0   0   1   0   1   1   0   0   1   1   1   0   0   1   1  89   0   1  3.79 0.67
  317 E   -1  1 -2  0 -3  1  3 -3  1  0 -1 -1 -1 -1 -2  0  1 -2 -2  2    1   9   0   5   0   5  25   1   4   5   2   1   1   2   0   5   9   0   0  22  0.20 0.13
  318 Q   -3 -2 -2 -1 -5  4  6 -4 -2 -4 -4 -1 -3 -5 -3 -2 -3 -4 -4 -4    1   0   0   0   0  21  70   1   0   0   1   2   0   0   0   1   1   0   0   1  1.35 0.39
  319 H   -4 -3 -2 -3 -5 -2 -3 -4 11 -5 -4 -3 -4 -4 -4 -3 -4 -4 -1 -5    1   0   0   0   0   0   1   1  90   0   2   1   0   0   0   1   1   0   0   1  2.70 0.57
  320 A    6 -2 -4 -3 -3 -3 -2 -2 -4 -3  0 -2 -3 -4 -3 -1 -2 -5 -4 -2   85   1   0   1   0   0   1   0   0   0  10   1   0   0   0   0   0   0   0   0  1.22 0.42
  321 K   -3  4 -3 -3 -5  0 -2 -4 -1 -4 -3  6 -2 -4 -4 -3 -3 -4  2 -4    0  22   0   0   0   2   0   0   1   0   1  63   1   0   0   0   0   0  10   0  1.19 0.39
  322 W   -4 -5 -4 -7 -4 -5 -5 -6  3 -6 -5 -6 -5 -1 -7 -5 -5 12  4 -6    1   0   1   0   0   0   0   0   8   0   0   0   0   1   0   0   0  75  12   0  3.28 0.67
  323 Y   -4 -4 -3 -5 -5 -4 -4 -5  1 -3 -3  1 -3  7 -5 -1 -4 -1  6 -3    0   0   1   0   0   0   0   0   3   0   0   9   0  55   0   5   0   0  26   0  1.40 0.40
  324 P   -3 -5 -3 -4 -3 -4 -2 -5 -5 -6 -6 -3 -5 -6  8  1 -3 -6 -6 -5    1   0   0   0   0   0   2   0   0   0   0   1   0   0  82  13   0   0   0   0  2.29 0.53
  325 G   -2  5  1 -1 -5  0  0  3  1 -5 -4  1 -2 -3 -4 -1 -1 -3 -3 -4    0  37   6   2   0   2   4  29   3   0   0   9   1   1   0   2   2   0   1   0  0.64 0.24
  326 C   -4 -7 -6 -5 11 -6 -7 -6 -6 -4 -4 -6 -5 -6 -6 -3 -3 -6 -6 -4    0   0   0   1  96   0   0   0   0   0   1   0   0   0   0   1   1   0   0   0  3.49 0.69
  327 K   -2  3 -1  0 -4  1  3  1 -2 -4 -3  2 -3 -1  1  0  0 -4 -1 -3    1  16   1   5   0   4  27  10   0   0   2  13   0   3   6   5   4   0   1   1  0.34 0.16
  328 Y   -5 -5 -5 -6 -3 -5 -5 -6 -1 -3 -2 -5 -3  8 -6 -4 -3  1  6 -3    0   0   0   0   1   0   0   0   1   0   2   0   0  65   0   1   1   1  27   0  1.80 0.46
  329 L   -3 -4 -5 -6 -3 -4 -5 -6 -2  1  5 -4  0 -2 -5 -4 -2 -4 -3  3    0   0   0   0   0   0   0   0   1   3  68   0   1   0   0   0   0   0   0  27  1.03 0.34
  330 L   -2  0 -1 -4 -3 -1 -3 -4 -2  3  4  0  1 -1 -4 -2 -2 -4 -3  0    2   7   4   0   0   3   0   1   1  16  54   6   2   1   0   2   0   0   0   2  0.49 0.22
  331 D   -1  2 -1 -1 -3  3  3 -2  1 -2  1  1  0 -3 -3 -2 -2 -3 -1 -2    5  15   2   1   0  17  24   2   3   0  17   5   3   0   0   1   1   0   2   2  0.32 0.18
  332 E    0 -1 -1 -1  2  1  3 -3 -1  1 -2 -1  2 -3 -3  1  0 -4 -3  1    5   2   2   1   5   6  29   0   1   8   1   1   8   0   0  12   6   0   0  12  0.27 0.17
  333 K   -3  4 -1 -3 -5  0 -2 -4 -3 -5 -4  7 -2 -3 -3 -2 -2 -5 -3 -4    1  19   2   0   0   2   0   0   0   0   0  70   1   1   0   0   2   0   0   0  1.31 0.41
  334 G   -2 -2 -2 -3 -5 -4 -4  7 -4 -6 -6 -4 -5 -5 -4 -1 -1 -5 -5 -4    0   2   1   1   0   0   0  87   0   0   0   0   0   0   0   3   3   0   0   1  1.72 0.44
  335 Q   -2  3 -1 -1 -4  6  0 -3  2 -1 -2  0 -1 -4  0 -1 -2 -2 -3 -1    1  17   2   3   0  42   4   1   4   3   5   2   1   0   5   4   1   1   0   4  0.58 0.28
  336 E    0 -2 -1  2 -5  1  6 -2 -2 -5 -4  0 -4 -3 -3 -1 -1 -4 -1 -3    6   1   1  11   0   4  57   2   1   0   0   5   0   1   1   3   2   0   2   1  0.84 0.32
  337 Y   -4 -2 -2 -5 -5 -4 -5 -5 -2 -3 -3 -4 -3  7 -5 -3 -2 -1  6 -3    0   3   2   0   0   0   0   0   0   0   0   0   0  57   0   1   2   0  32   0  1.67 0.45
  338 I   -3 -5 -5 -5 -3 -4 -5 -5 -5  5  0 -4 -1 -3 -2 -3 -2 -5 -3  5    0   0   0   0   0   0   0   0   0  44   2   0   0   0   2   1   2   0   0  48  1.11 0.37
  339 N   -2  1  5  1 -2  1  0 -1  1 -4 -4  1 -3 -2 -3  2 -1 -4 -2 -4    1   8  37   8   1   5   6   3   3   0   0   7   0   1   0  17   1   0   1   0  0.56 0.24
  340 N   -2  0  5  0 -2  2  2 -2  2 -4 -4  0 -2 -2 -3  2 -1 -3 -2 -4    1   3  35   2   1  10  13   2   6   0   1   3   1   2   0  17   1   0   1   0  0.56 0.25
  341 I    0  0 -2  0  3  1 -1 -2 -2  0  0 -1  2 -1  1  0  0 -2  1  0    8   8   0   8   7   7   0   1   0   8   8   0   7   0   8   8   8   0   7   8  0.09 0.13
  342 H   -1  0  1 -1  1  3  1 -3  3 -1 -2  1 -2  1  0  0 -1 -3  0 -1    5   4   8   3   3  14   7   0   9   4   4   7   0   7   5   7   3   0   3   6  0.15 0.17
  343 L    0 -1  1  1 -3  0  0  0  0 -1  1 -1  0  1 -1  0  0 -3  0  0    8   3   9   7   0   4   6   8   2   2  17   2   2   6   2   9   3   0   4   7  0.04 0.09
  344 T   -1  3 -1 -1 -1  2  0 -2 -3 -1 -2  1  2  0  2  0  2 -4 -1 -2    3  16   3   2   1   9   4   2   0   4   3   7   5   4  12   8  13   0   2   2  0.24 0.25
  345 H   -1  1  0  1 -2 -1  0  0  5 -3 -2 -1 -1  2  2  0  0 -3  2 -3    5   7   5   8   1   1   6   6  15   0   4   2   2   8   9   6   7   0   7   1  0.24 0.25
  346 S   -1 -2  1 -1 -1 -3 -1  0  1 -3 -1 -2 -2  0  4  3  0 -4  0 -2    4   1   6   3   1   0   4   7   4   1   8   1   1   5  18  25   4   0   3   2  0.32 0.31
  347 L    0  0  0 -2  1 -1  0 -2  0  0  2 -1  0  0  2 -1  0  0 -1  0    7   7   6   2   4   2   7   2   3   4  22   3   2   3   9   5   4   1   2   6  0.09 0.13
  348 E   -1  1  2  1 -4  1  3  0 -1 -2 -1 -1  0 -1 -2  1  0 -1 -2 -1    4   9   9   8   0   5  19   7   2   1   8   2   2   3   2  10   5   1   1   4  0.16 0.19
  349 E   -1  0  0  2 -4  3  2 -2  0 -2 -1 -1 -3 -1  2  0  0 -4 -2 -2    5   4   5  13   0  13  15   3   2   2   6   2   0   4  11   7   7   0   1   2  0.26 0.26
  350 S    1 -1 -1 -2  0  2  0 -1 -3 -2 -1 -2 -3 -3  1  4  1 -5 -2 -1    9   2   3   1   2   8   5   3   0   2   7   2   0   1   6  33   9   0   1   4  0.35 0.35
  351 L    0  0  0  0 -3  0 -1 -2 -1  0  1  0  1 -1  0  0  1  3 -1  0    8   4   3   6   0   5   2   1   1   6  18   5   3   3   5   6   9   5   1   8  0.09 0.13
  352 G    1 -1 -1  1 -1 -1  0  1 -2 -1  0 -2 -1  0  2  1  1 -4 -2  0   10   3   3   8   1   3   5  11   1   3   8   1   1   6   9  12   8   0   0   8  0.09 0.13
  353 R   -1  2  1  0 -4  1  2 -1  1 -3 -3 -1 -2 -4  0  2  2 -4 -3 -2    4  11   8   4   0   6  14   5   3   1   2   3   1   0   4  16  12   0   1   3  0.26 0.27
  354 T    1 -2  0 -2 -4  1  0 -2 -1 -2 -2 -2 -1 -3 -2  3  3 -2 -4 -1   10   2   5   2   0   5   6   3   2   2   4   2   2   1   2  27  22   1   0   4  0.40 0.38
  355 A    2  0  0  1 -2  1  0 -1  0 -2 -2 -1  0 -1  2  1  0 -4 -2 -1   20   5   3   7   1   8   4   4   3   2   4   2   3   3   9  10   6   0   1   5  0.14 0.18
  356 E   -1 -1  0  1 -3  3  4 -2  1 -3 -3 -2 -1 -3  2  1  1 -5 -5 -2    4   2   3   6   1  11  27   3   3   2   2   2   1   1   9  12   8   0   0   3  0.42 0.38
  357 K   -1  0  2  1 -4  1  1  0 -1 -3 -3  0 -2 -1  2  1  1 -2  0 -2    5   4  13   7   0   6   8   8   1   1   3   6   1   2  11  11   8   1   3   3  0.20 0.21
  358 T    0 -1  0 -1 -1 -2  0  0 -1 -2 -1 -2 -1 -3  3  1  3 -1 -2  0    6   3   5   4   1   1   7   7   2   2   6   1   2   1  13  10  23   1   1   6  0.25 0.27
  359 P   -2  0 -2 -1 -5 -1  1 -2 -2  0 -1 -2 -3  0  6  0 -3 -6 -3 -3    3   5   2   3   0   2   9   3   1   5   7   2   1   4  40   8   1   0   1   2  0.77 0.52
  360 S    0  0  0 -1 -2  1  0  2  0 -2 -1 -2  1 -2 -1  3  0 -5 -3 -3    6   5   4   3   1   5   6  18   2   2   6   1   4   1   3  26   4   0   1   1  0.29 0.30
  361 L    0 -1 -1  0 -2 -1  2 -1 -1  0  0 -1  0 -2  1  0 -1 -1 -1  2    6   3   3   6   1   2  17   4   1   5  11   2   3   1   7   8   3   1   2  14  0.12 0.16
  362 T   -1 -1  1  1 -1  1  1 -2 -1  0 -2  0 -1 -2  1  1  2 -4 -2 -1    4   3   7   6   2   6   9   3   1   6   4   5   2   1   6  12  16   0   1   4  0.15 0.18
  363 K   -1  2  0  1 -3  0  2 -1  3 -3 -3  1 -1 -2  0  1 -1  1 -2 -3    6  13   4   8   1   3  16   5   7   2   3   7   2   1   5  12   3   2   1   1  0.24 0.23
  364 K    1  2 -1 -2 -4  0  2 -1 -1 -3 -2  1 -4 -4  1  3 -1 -4 -3 -3   10  12   3   1   0   4  12   5   1   1   4   7   0   0   6  26   4   0   1   1  0.34 0.32
  365 I   -2  0 -1  0 -4  0  4 -2 -1  1  1 -1  2 -3  0 -1 -2  3 -2  0    3   4   2   4   0   3  28   3   2  10  11   3   5   1   5   3   2   3   1   5  0.29 0.27
  366 D   -1  2  0  5 -3  1  1 -2  0  0 -1 -2 -4 -2 -2 -1 -1 -5 -2 -2    4  11   5  32   1   5   9   2   2   5   6   2   0   2   2   4   3   0   1   3  0.45 0.34
  367 D    1  0  1  4 -4  1  2 -2 -1 -3 -1  0  0 -3 -2  0  0 -1 -3 -3   15   4   6  21   0   6  11   3   1   1   7   6   3   1   1   5   6   1   1   2  0.27 0.26
  368 T    1 -1 -1  1 -3 -1  0 -2 -3  0 -1  0 -1 -2  1  1  1  2 -2  1   12   4   2   7   0   2   5   3   0   5   4   5   1   2   6  14  10   4   1  13  0.12 0.17
  369 I   -2  1 -4 -4 -1 -2  0 -3 -3  1  2 -3  5 -1 -1 -2  1 -1 -4  1    3   8   1   0   1   1   7   3   1   9  22   1  17   3   3   3   8   1   0   8  0.39 0.33
  370 F   -3 -4 -5 -1  0 -1 -2 -6 -1 -2  3 -5  7  3 -4 -2 -4  3 -3 -1    2   1   0   4   2   3   3   0   2   2  27   0  27  13   1   4   1   3   0   5  0.92 0.57
  371 Q   -1 -1  3  2 -3  5  1 -3  0 -2 -1  0 -4 -4 -2  0 -2 -5 -2 -3    4   2  15  13   1  28   7   2   2   2   6   5   0   1   2   6   3   0   2   1  0.57 0.45
  372 N   -1 -2  4 -3 -2 -2 -1 -3  1 -4 -3 -4 -5  0 -2  4  4 -5  0 -3    4   2  18   1   1   1   4   2   3   1   3   0   0   4   2  28  23   0   3   1  0.70 0.55
  373 P    0 -2 -3 -3 -2  0 -2 -3  0 -3 -3 -3 -1 -4  7  1  0 -4 -6 -4    7   2   1   2   1   4   3   3   2   2   3   1   2   1  52   9   5   0   0   1  1.21 0.72
  374 M    0 -2 -3 -3 -3  0 -3 -2 -2  2  1 -2  3 -2  1 -1  0 -3 -2  3    8   2   1   1   0   5   1   3   1  11  11   2   9   1   8   4   5   0   1  26  0.32 0.27
  375 V    0 -2 -1 -1 -1 -2 -2 -4 -4  1  1 -3 -1 -1 -2  0 -1 -4 -1  4    9   2   4   4   1   2   2   0   0   5  13   0   1   3   2   8   3   0   2  39  0.34 0.31
  376 Q   -2  1 -2  1 -5  5  2 -1  0 -3 -2  2 -1 -3 -2 -2 -1  1 -4 -2    2   5   1   7   0  32  13   4   2   2   3  15   1   1   2   2   4   2   0   2  0.53 0.42
  377 E    1  0  1  2  0  1  2 -1 -2 -2 -2  0 -1 -1 -1  1  0 -4 -2 -2   15   4   6  12   3   5  18   4   0   2   3   3   1   2   3  11   6   0   1   2  0.20 0.20
  378 A    3 -1 -3 -2 -1  0 -1 -3  0  0  1 -1 -2  0 -2  0  0 -4 -1  2   33   3   0   1   1   5   4   0   2   5  12   2   0   3   1   5   5   0   1  16  0.25 0.27
  379 I    0 -3 -2 -1 -3 -2  0 -4 -4  2  4 -2  0 -1 -4 -2 -2 -4 -3  2    7   0   1   4   0   2   7   0   0  10  44   2   1   2   0   2   1   0   0  14  0.46 0.34
  380 R    0  2  2  1 -3  1  2 -1  1 -2 -3  1 -2  0 -1  0  0 -3 -2 -2   10  12   9   7   0   6  15   3   5   3   0   8   0   4   2   6   5   0   0   3  0.18 0.19
  381 M    1  0 -3 -2  3  0 -2 -3 -3  1  0 -2  6  0 -1 -1  0 -3 -3 -1   14   6   0   2   7   4   2   1   0  10   8   2  26   4   4   3   4   0   0   2  0.35 0.33
  382 G   -1  0 -1 -1 -4 -3 -2  5 -3 -2  0 -1 -3  0  0  0 -1 -4 -3 -2    3   5   3   3   0   0   2  44   0   2   9   5   0   6   4   7   3   0   0   3  0.45 0.32
  383 F    0 -1 -1 -1 -1 -1 -1 -1 -2  1  1 -2  0  4 -1 -1  0 -2  1  1    7   3   4   4   2   4   3   5   0  11  10   0   2  22   2   4   5   0   3  10  0.12 0.15
  384 S   -1 -2  0  1  0 -1  1  1  1  1 -3 -1 -2 -1  0  2  0 -3  0 -2    2   2   3  10   2   2  11   9   4  11   1   2   0   3   5  24   4   0   4   2  0.18 0.23
  385 F    0  2 -1 -2 -3 -1  0 -2 -1 -1  1  0 -1  0  2  0  0 -3  2  0    8  16   3   1   0   2   5   3   1   2  15   5   1   4   9   6   5   0   7   6  0.12 0.16
  386 K    0  1  0  2 -2  1  1  1 -2 -2 -3  1 -2 -3 -2  2  1 -4 -3 -2    5   6   4  12   1   8   7  11   0   2   2  10   1   1   2  17   7   0   1   2  0.21 0.21
  387 D   -1  1 -1  2 -2  1  2 -1 -1 -1  1  0 -1 -3 -3 -2  0  1 -3  0    4  10   2  12   1   5  16   5   1   2  18   5   1   0   1   2   6   2   0   7  0.17 0.20
  388 I   -3 -4 -3 -5  1 -1  0 -3 -3  3 -2 -3 -1 -4 -3 -2 -3  4 -4  5    1   1   1   0   3   3   7   2   1  18   1   1   1   0   2   4   1   6   0  46  0.89 0.54
  389 K   -1  4 -3 -2 -2  1  2 -3  2 -4 -4  4 -2 -3 -3 -1 -2 -5 -2 -1    5  21   0   2   1   5  11   2   5   1   2  31   1   1   1   3   2   0   1   4  0.60 0.43
  390 K   -1  3  2  1  0  2  1 -2 -1 -2 -3  2  0 -4 -2  1 -1 -4 -2 -2    4  15   9   8   2  11   7   2   1   3   2  14   2   0   1  11   4   0   1   3  0.29 0.26
  391 T    1 -3  0 -2  3 -1 -2 -3 -3  1  1 -1 -1 -2  0 -1  2 -2 -2  1   14   1   6   1   7   2   3   1   0   8  13   3   1   2   4   3  17   1   1  12  0.21 0.23
  392 M   -2 -2 -4 -3  0 -2  0 -4 -4  3  1 -4  5  0 -4 -2  0 -1 -3  4    2   2   0   1   2   2   7   1   0  19  10   0  13   4   0   2   6   1   0  26  0.53 0.38
  393 E   -3  0 -2  3  0  4  4 -3  0 -3 -2  1 -4 -3 -2 -1 -2 -5 -4 -2    2   4   1  18   2  17  26   1   2   1   5  10   0   1   2   3   2   0   0   3  0.56 0.44
  394 E   -2  3  2  2 -1  1  2 -3 -1 -2 -4  2 -2 -4  0  0 -1 -1 -2 -2    2  18   9   9   1   7  13   2   1   2   0  12   1   0   5   8   4   1   1   2  0.32 0.30
  395 K   -2  4 -2 -1 -5  1  0 -2  1 -3 -4  5 -1 -2  1 -1 -4  3 -4 -5    2  21   2   3   0   5   5   3   3   2   2  33   2   2   8   4   0   4   0   0  0.67 0.48
  396 I   -1 -2 -2  0  1 -2 -1 -4 -2  3  2 -3  3  1 -2 -2 -1  4  2  0    4   1   2   5   3   1   3   0   1  21  18   0   7   6   2   2   4   6   6   5  0.31 0.27
  397 Q    0  3 -1 -2 -1  4  1 -2  0 -2  1  1  0 -4 -4  0 -1  1 -1 -2    6  16   2   2   2  18   9   3   2   2  13   7   2   0   0   6   4   2   2   3  0.26 0.29
  398 T    1  1 -1  0 -3  0  2 -3  2 -1  0 -1  0 -2 -3  0  2 -1 -2 -1   10   7   2   4   0   4  16   1   5   4  12   3   3   1   0   7  15   1   1   4  0.16 0.22
  399 S   -1 -2 -1 -2  0 -1 -1 -2  3 -1 -3  0 -2 -2  2  2  4 -5 -2  1    4   1   2   1   2   3   3   2   6   4   2   5   1   1   9  17  26   0   1   9  0.36 0.37
  400 G    0 -2 -2 -3 -5  0 -2  6 -2 -6 -3 -3 -5 -6 -3 -1 -2  0 -5 -3    9   3   2   1   0   4   3  62   1   0   3   1   0   0   2   4   2   1   0   2  1.17 0.66
  401 S   -2  0 -1  1  2  1  3 -2  0 -2 -2  1 -3 -3  0  2  2 -4 -3 -2    2   5   3   9   5   6  18   2   2   3   4   7   0   1   4  15  11   0   1   2  0.26 0.27
  402 S    0  1  3  0  0 -1  0  0  1 -2 -3 -2 -2  0  2  1 -1  3 -2 -2    6   7  16   5   3   2   5   6   3   2   3   1   1   4  12  13   3   5   1   2  0.24 0.24
  403 Y   -3 -2 -3 -1 -1 -1 -3 -2  1 -4 -4 -3 -1  5 -1  0 -2 -3  7 -3    1   2   1   3   1   3   2   4   3   0   1   1   1  21   3   8   2   0  38   2  1.04 0.62
  404 L   -1  0 -1 -2 -2 -1 -1 -2 -3 -1  0  2 -2 -2  3  1  2  1 -3  0    5   4   2   2   1   3   4   2   0   4   9  12   1   2  15  10  17   2   0   7  0.23 0.24
  405 S   -1 -1  1 -1 -1 -1 -2  0 -2 -1 -3 -2 -3 -5 -1  5  2 -3 -3 -1    4   4   6   3   1   2   2   6   1   4   3   2   0   0   4  39  14   0   1   5  0.49 0.42
  406 L    0 -2 -2 -2  4 -3  1 -3 -4  2  1 -1  0 -3 -2 -1 -2 -4 -2  3    9   1   2   2  11   0   9   1   0  10  14   4   3   1   2   5   1   0   1  24  0.32 0.27
  407 E   -1 -2  0  1 -4  2  4 -1  1 -3 -4 -1 -1 -3 -2  3  0 -5 -3 -3    5   2   4   8   0   7  29   5   3   1   1   2   1   1   1  19   6   0   1   2  0.47 0.39
  408 V    0 -2 -1  3 -4  2  3 -2  1 -3 -3  1 -3  1 -1 -1 -1 -4 -2  0   10   2   3  17   0   8  20   2   4   1   2   7   0   6   3   4   4   0   1   6  0.29 0.27
  409 L   -4 -4 -2 -5 -4 -4 -3  0 -5  1  5 -1  0 -1 -5 -2 -2 -4 -4 -1    1   1   2   1   0   0   2   8   0   8  60   4   2   2   1   3   3   0   0   3  0.87 0.51
  410 I   -1 -2 -2 -4 -1 -2 -4 -3 -4  4  2 -2 -2 -1 -3 -1 -1  1 -3  4    4   2   3   1   1   2   1   2   0  20  17   3   0   2   2   4   3   2   0  31  0.50 0.33
  411 A    2  0  0  1 -1  1  3 -2 -1 -3 -2  0 -2 -1 -2  2  0 -4 -3 -1   15   5   4   6   1   7  20   2   1   1   3   5   1   3   1  16   4   0   0   3  0.26 0.25
  412 D    2 -4  0  6 -2 -2  1 -1  2 -3 -4 -1 -4 -2 -1  0 -2 -5 -4 -3   15   1   3  41   1   1   8   4   5   1   1   3   0   2   3   6   2   0   0   2  0.72 0.45
  413 L   -2  0  0 -2  0 -3 -2 -2 -1  1  4  0  0 -2 -2 -2 -1 -4 -3  1    3   6   4   2   2   1   2   4   2   9  39   6   1   0   2   3   4   0   0  10  0.30 0.25
  414 V   -1  0  0 -2 -2 -2 -1  0 -2  0  3 -1  1  1 -2  1 -1 -3 -2  0    3   5   5   2   1   1   3   9   1   4  32   2   3   5   2  10   4   0   1   7  0.16 0.18
  415 S    1  1  3  1  1  3  0 -1  2 -2 -3  0 -2 -3 -1  0  0 -3  0 -3   10   6  13   9   4  13   6   3   5   3   2   5   1   1   3   8   4   0   3   1  0.21 0.20
  416 A    3 -1 -2  0 -1  0  2  0  0 -1 -2 -1 -1 -3 -1  0 -1 -4 -1  0   29   2   1   4   1   4  16   6   3   4   4   4   1   0   3   5   2   0   2   8  0.23 0.24
  417 Q   -1 -1  0  1  1  3  3 -2  0 -2 -2  1 -3  2  0  0  0 -3 -1 -2    4   3   3   6   3  15  21   3   2   2   4   8   0   8   5   5   5   0   2   2  0.26 0.25
  418 K   -1  0  0  2  0  0  2 -1  0  0 -1  1 -1 -1  0  0  0  2 -2  0    5   5   3  12   2   3  13   5   2   5   6  10   1   2   4   5   5   3   1   8  0.08 0.10
  419 D   -1  0  2  2 -4  0  3 -1 -1 -1 -2 -1  1  0 -1  0 -1 -4 -2 -1    3   6  12  11   0   3  22   5   1   4   4   3   3   4   3   7   4   0   1   4  0.22 0.22
  420 N   -1  0  2  1 -2  1  2 -2 -1  0 -2  1 -1 -2 -1  2  0 -4 -3 -1    3   4  11   7   1   5  17   3   1   6   3   8   2   2   2  17   6   0   1   3  0.22 0.22
  421 T   -1  3  0  1 -2 -2  1 -1 -2 -1 -2  1  1 -3 -2  0  2  1 -3  0    4  19   4   7   1   1   7   4   1   3   2   8   4   1   1   8  14   2   0   8  0.22 0.23
  422 E   -1  1  1  0  0  4  3 -3  1 -4 -4 -1 -2 -2  0  0  0 -4 -1 -2    6   6   5   5   2  18  23   1   4   1   1   3   1   2   5   7   6   0   2   2  0.40 0.35
  423 D    0  0  1  2 -2  0  3 -1 -2 -2 -1 -1 -3 -1  1  1  0 -4 -4 -2    6   4   7  11   1   4  24   4   0   2   6   3   0   2   6  11   5   0   0   3  0.26 0.26
  424 E    0  0 -2  0 -1  1  3 -2 -1 -2 -1  1  0 -2  1  1 -1 -4 -2  0    7   5   1   4   1   6  23   2   1   2   6   9   3   2   6  10   2   0   1   7  0.21 0.23
  425 S   -1  0  0  1 -1  2  1 -2 -1 -2 -2  1  0  0  1  2  1 -4 -2 -2    5   4   3   8   1   9   8   3   1   2   3  11   2   4   7  16   9   0   1   3  0.18 0.20
  426 S   -1 -1  1  0 -2  2  3 -2 -2 -2 -2 -1 -2 -1  0  2  0 -4 -2 -2    5   3   8   3   1  11  21   3   1   3   3   3   1   3   5  19   5   0   1   2  0.31 0.31
  427 Q   -1  1  0  0  0  3  2 -1 -1 -1 -2  2 -1  0  0  0  0 -4 -2 -2    3   8   4   5   3  12  16   5   1   4   3  11   2   5   4   5   5   0   1   2  0.18 0.20
  428 T    0  0  1 -1 -3  2  1 -1 -2 -1 -3 -1 -1 -3  0  1  3 -4 -4 -1    8   6   6   3   0   9  11   5   0   5   2   3   2   1   5  12  19   0   0   4  0.22 0.25
  429 S    0  0  0  0 -2  1  0  0  1  0 -1  0  1  0  1  0  0 -2  1  0    6   6   5   6   0   5   6   6   5   6   6   6   5   5   6   6   6   0   5   6  0.03 0.06
  430 L   -1 -1  1  2  1  0  3 -2 -1 -1  0 -1  0 -1  0  0 -1 -1 -2  0    5   3   6  11   3   4  19   3   2   3  10   4   3   2   5   6   2   1   1   6  0.12 0.17
  431 Q   -2 -1  1  0 -2  2  4 -1  0 -3 -2  0 -1 -3  1  0  0 -5 -2 -2    3   3   7   5   1  10  27   5   2   1   4   6   2   1   6   8   5   0   1   3  0.34 0.34
  432 K   -1  0  0  1 -1  0  2 -2  0 -2 -2  2  1 -2  0  1  0 -4 -1  0    4   4   4   6   1   4  12   3   2   2   3  15   4   1   5  13   6   0   2   8  0.16 0.20
  433 D    1  0  2  2 -4  0  2 -1 -1 -2 -1  0 -1 -2  1  0 -1 -1  1 -2   10   5   9  13   0   5  14   4   1   2   5   4   2   2   6   7   3   1   5   2  0.18 0.20
  434 I   -1 -2 -3 -2 -4 -1  0 -3 -4  1  3 -2  4 -2  0  2  0 -5 -2 -1    5   2   1   2   0   3   6   2   0   7  29   2  10   1   6  14   6   0   1   3  0.32 0.31
  435 S    0 -1  0  4 -1  0  1 -2 -3 -2 -3 -1 -1 -2  0  2  0 -4 -3 -2    7   4   4  23   2   4   9   3   0   2   2   3   2   2   5  20   6   0   0   3  0.30 0.28
  436 T   -1 -1 -1  2  1 -1  0  0 -3  0  1 -1  1 -3  1  0  1 -4 -3 -1    4   2   2  14   3   2   5   7   0   6  19   4   5   0   6   9   9   0   0   2  0.11 0.16
  437 E   -1  0 -1  0 -4  1  4 -2  0 -1  1  0  0 -1  0 -1 -1 -4 -3 -2    5   6   2   5   0   4  32   3   2   3  14   4   3   3   5   3   4   0   0   3  0.26 0.27
  438 E   -1  0 -1  0  1  0  5 -2  0 -4 -2  0  0 -4 -1  1  0 -4 -1 -4    4   4   3   4   4   3  38   2   2   0   4   5   3   0   2  12   6   0   2   0  0.47 0.38
  439 Q   -2  0  0  1  1  2  3 -2 -2 -2  1  1 -2  1 -1 -1 -1 -3  0 -1    0   3   4   6   4  12  20   3   0   2  17   9   0   6   3   3   3   0   3   3  0.18 0.23
  440 L    0  0  2 -3  2 -3 -3 -3 -3  2  3 -2  0 -2 -3 -1 -1 -4 -3  0    8   5  14   1   4   0   1   1   0  14  37   2   1   0   0   3   3   0   0   5  0.37 0.29
  441 R   -1  5  0 -1 -4  1  0 -3  0 -3 -1  2  0 -4 -3  0 -1 -1 -3 -2    4  40   5   3   0   6   6   1   2   0   8   9   3   0   0   5   2   1   0   2  0.54 0.37
  442 R   -1  3  1 -1 -1  2  1 -3 -1 -3  0  4  1 -4 -1 -1 -2 -4 -3 -3    5  20   5   4   1  11   7   1   1   1   9  25   3   0   3   3   0   0   0   1  0.41 0.31
  443 L   -2 -4 -1 -2 -3 -1 -4 -4  1  1  5 -4  1 -2 -4 -2 -2 -4 -1 -1    3   1   3   2   0   3   1   1   4   6  64   1   2   0   1   2   2   0   2   2  0.79 0.44
  444 Q   -3  0 -2 -1 -2  5  1 -4 -2 -2 -2  4 -3 -1 -1 -1 -1 -4 -3 -4    1   4   0   3   1  33   7   1   0   2   4  30   0   3   3   3   3   0   0   1  0.72 0.44
  445 E   -2  0 -1  3 -5  1  6 -4 -3 -5 -5  0 -4 -5 -3 -1 -1 -5 -4 -4    3   5   2  15   0   6  56   1   0   0   1   4   0   0   0   3   3   0   0   1  1.04 0.51
  446 E    1  0  0  0 -3  2  5 -1  1 -3 -3 -1 -2 -3 -2  0 -1 -3 -3 -2   15   5   5   3   0   8  41   4   4   1   2   1   0   1   1   4   2   0   1   3  0.48 0.26
  447 K   -3  6 -2 -3 -4  0 -2 -3 -2 -3  0  3  0 -3 -1 -2 -1 -3 -1 -3    1  49   1   1   0   2   1   1   0   1  10  20   2   1   3   1   4   0   2   1  0.80 0.35
  448 L   -2  0 -3 -3 -1  0 -3 -4 -3  1  3 -1  3 -2 -3 -2  4 -3 -3 -1    1   5   0   0   1   5   1   1   0   6  39   3   7   0   0   1  28   0   0   2  0.48 0.30
  449 C   -4 -6 -6 -6 11 -6 -2 -6 -6 -5 -3 -6 -5 -6 -6 -2 -4 -6 -6 -4    0   0   0   0  90   0   3   0   0   0   2   0   0   0   0   3   0   0   0   0  3.38 0.95
  450 K   -2  1 -2 -4 -5 -2 -2 -4 -4 -3 -5  7 -4 -5 -1 -2 -3 -6 -4 -1    1   5   2   0   0   0   1   0   0   2   0  77   0   0   3   3   0   0   0   5  1.41 0.60
  451 I   -2 -4 -5 -5 -3 -2 -3 -5 -5  6 -1 -3  1 -3 -4 -2 -2 -5 -3  5    1   0   0   0   0   2   2   0   0  45   0   2   3   0   0   3   1   0   0  40  1.02 0.45
  452 C   -1 -6 -5 -6 11 -5 -6 -5 -5 -4 -4 -6 -4 -5 -4 -3 -4 -5 -3 -4    4   0   0   0  91   0   0   0   0   0   0   0   0   0   1   1   0   0   1   0  3.15 0.74
  453 M   -2 -3 -3 -4 -3 -2 -2 -4 -3 -1  2 -2  9  1 -3 -3 -2  0  0 -1    3   1   1   1   0   1   3   1   0   1  13   2  60   6   1   1   1   1   3   2  1.16 0.41
  454 D   -1 -3  0  7 -4 -1  0 -2 -2 -4 -4 -2 -3 -4 -3  0  0 -4 -3 -2    5   1   2  64   0   3   4   2   0   1   1   1   0   0   1   7   5   0   1   3  0.99 0.33
  455 R   -1  4  0 -1 -3  1  2 -2  1 -3 -3  3 -2 -3 -2  0 -2 -3 -2 -3    5  26   2   2   0   6  17   2   3   1   1  25   0   0   1   4   1   0   1   1  0.48 0.21
  456 N   -2 -1  1  3 -4  0  5 -3  1 -3 -2 -1 -2 -4 -2 -1 -2 -4 -3 -2    1   1   7  18   0   1  51   1   4   1   4   1   1   0   1   2   2   0   1   2  0.73 0.29
  457 I    0 -1 -3 -3 -2 -3 -3 -3 -3  3  1 -2  0 -1 -3 -2 -1 -3 -2  4    7   4   1   1   0   1   1   1   0  20   8   2   1   2   1   3   1   0   0  46  0.46 0.22
  458 A    2 -1  0 -1  1 -1 -1  1 -2 -3 -3 -2 -2 -3 -1  4  0 -3 -3 -2   19   2   3   2   4   2   2   9   1   1   1   1   0   0   1  44   3   0   0   3  0.42 0.23
  459 I   -2 -3 -3 -4 -2 -1 -3 -4 -4  4  0 -3  2  0 -3 -1 -1 -3 -2  4    2   1   0   1   0   3   1   1   0  34   1   1   4   4   1   4   1   0   0  42  0.64 0.27
  460 V   -1 -2 -4 -4 -2 -3 -3 -3 -4  1  0 -3 -1 -2 -3 -2  0 -4 -3  6    4   3   0   1   0   0   1   2   0   2   7   1   0   0   1   2   4   0   0  71  0.81 0.34
  461 F   -3 -4 -4 -4 -4 -4 -4 -4 -3 -2  0 -4 -2  8 -4  0 -3 -1  1 -3    1   1   0   1   0   0   1   1   0   1   8   1   0  75   1   7   1   0   1   1  1.51 0.45
  462 V   -2 -3 -4 -4 -2 -3 -3 -4 -4  5  3 -3  1 -1 -3 -3 -1 -3 -2  2    1   1   0   1   0   0   1   1   0  43  31   1   1   0   1   1   3   0   0  12  0.66 0.26
  463 P   -3 -4 -4 -3 -4 -3 -3 -4 -4 -4 -4 -2 -2 -5  8 -2 -1 -5 -4 -4    1   1   0   1   0   0   1   1   0   1   1   2   1   0  82   2   4   0   0   1  2.18 0.53
  464 C   -3 -5 -4 -5 11 -4 -5 -4 -4 -3 -3 -4 -4 -4 -1 -3 -3 -4 -2 -3    1   1   0   1  85   0   1   1   0   1   1   1   0   0   4   1   1   0   1   1  2.78 0.63
  465 G    0 -2 -2 -3 -4 -3 -3  7 -3 -4 -4 -3 -4 -4 -3 -1 -3 -4 -4 -4    6   2   1   1   0   1   1  80   0   1   1   1   0   0   1   2   1   0   0   1  1.43 0.40
  466 H   -3 -3 -2 -3 -4 -2 -1 -4 10 -5 -4 -3 -3 -3 -4 -3 -4 -4  0 -4    1   1   1   1   0   1   4   1  84   1   1   1   0   0   1   1   1   0   1   1  2.40 0.60
  467 L   -3 -2 -4 -4 -3 -3 -3 -4 -4  1  5 -3  1  0  0 -3 -2 -3 -2  0    1   3   1   1   0   1   1   1   0   4  74   1   2   2   5   1   1   0   0   3  0.80 0.30
  468 V    0 -3 -3 -3  2 -3 -3 -3 -3  2  0 -3 -1 -2 -3 -1 -1 -3 -2  5    9   1   1   1   5   1   1   1   0   6   8   1   0   0   1   5   3   0   0  56  0.55 0.25
  469 T    2 -2 -2 -2  4 -2 -1 -2 -3 -1 -2 -2 -1 -3 -2  0  3 -3 -2  3   18   1   1   1   9   1   4   1   0   1   2   1   0   1   1   5  27   0   0  27  0.39 0.22
  470 C   -3 -2 -4 -4 11 -4 -2 -4  0 -3 -3 -4 -3 -4 -4 -3 -3 -4 -4 -3    1   3   1   1  81   1   4   1   2   1   1   1   0   0   1   1   1   0   0   1  2.49 0.58
  471 K    0  0  1 -1 -3  1  0 -1 -2 -1 -2  3 -2 -3  0  0  0 -3 -2  1   10   2   8   1   0   7   6   4   0   4   1  32   0   0   3   4   5   0   0  13  0.22 0.15
  472 Q   -1 -1  1  3 -3  3  3 -1  1 -3 -3  0 -2 -1 -1  0 -1 -3 -1 -3    5   1   6  16   0  19  23   3   3   1   1   5   0   4   2   5   3   0   2   1  0.36 0.18
  473 C   -3 -1 -4 -5 11 -4 -5 -4 -4 -3 -3 -4 -4 -4 -4 -3 -3 -4 -4 -3    1   5   0   1  85   0   1   1   0   1   1   1   0   0   1   1   1   0   0   1  2.75 0.61
  474 A    6 -3 -3 -3 -2 -3 -3 -1 -3 -3 -1 -2 -3 -4 -3  1 -2 -4 -3 -2   75   0   0   0   0   0   0   3   0   1   5   2   0   0   0  11   0   0   0   1  0.95 0.38
  475 E    0 -2 -1  0 -3  0  2 -2 -1 -3 -2  1 -2 -4  5  0 -2 -4 -3 -2    7   1   2   4   0   4  18   1   1   0   4   8   1   0  37   8   1   0   0   3  0.67 0.23
  476 A    3 -2  2 -2  0 -2  0 -1 -2 -2 -3 -1 -1 -3 -1  4  0 -4 -3 -1   24   0  11   0   2   0   5   2   0   1   1   2   1   0   3  38   2   0   0   6  0.39 0.23
  477 V   -2 -3 -4 -4 -3  0 -2 -4 -4  1  5 -3  3  0 -4 -3 -2 -3 -2  2    1   0   0   0   0   4   2   0   0   4  60   0   6   2   0   0   0   0   0  18  0.67 0.27
  478 D   -1  5  1  2 -3  0  0 -2 -1 -3 -3  1 -3 -4 -3  0  1 -4 -3 -2    4  36   5  16   0   2   3   1   1   1   1   9   0   0   0   5  13   0   0   3  0.47 0.22
  479 K   -1  2  1 -1 -2  1  0 -3  2 -1 -1  4 -2 -3 -2 -1  0 -3 -1 -2    2   8   9   2   1   4   6   1   6   5   5  39   0   1   0   2   7   0   2   2  0.33 0.18
  480 C   -3 -5 -5 -5 11 -5 -6 -5 -5 -4 -4 -5 -4 -5 -5 -4 -4 -5 -5 -3    1   0   0   0  93   0   0   0   0   0   1   0   0   0   0   0   0   0   0   0  3.27 0.71
  481 P   -1 -4 -4 -4 -5 -3 -3 -2 -3 -2 -2 -1 -4 -5  8 -3 -3 -5 -5 -2    5   0   0   0   0   1   0   3   1   2   4   4   0   0  76   0   0   0   0   2  1.90 0.49
  482 M   -3 -2 -4 -4 -3 -3 -4 -5 -4  5  1 -1  5 -2 -4 -3 -2 -1 -3  2    0   1   0   0   0   0   0   0   0  50  11   5  17   0   0   1   0   1   0  10  0.75 0.30
  483 C   -3 -6 -5 -6 11 -5 -6 -5 -5 -4 -4 -5 -4 -5 -5 -4 -4  3 -5 -4    0   0   0   0  91   0   0   0   0   0   0   0   0   0   0   0   0   4   0   0  3.20 0.71
  484 Y   -4  7 -3 -4  5 -2 -2 -4 -3 -5 -4  0 -4 -4 -5 -2 -4 -4  3 -5    0  71   0   0  13   0   1   1   0   0   0   1   0   0   0   3   0   0  10   0  1.51 0.50
  485 T    3 -2 -1 -2 -2  1 -1  3 -2 -3 -3  1 -2 -3 -3  1  2 -4 -3 -2   28   0   1   0   1   8   3  21   0   1   1  11   0   1   0   7  17   0   0   1  0.36 0.21
  486 V    1  0  0  1 -2 -1  0 -2 -1  1 -1  1 -1 -2  1 -1  1 -4 -2  2   13   3   4   8   0   0   4   0   1   6   3  11   1   2   7   2  13   0   0  23  0.12 0.12
  487 I   -4 -6 -6 -6 -4 -4 -6 -6 -6  7 -1 -5 -1 -1 -5 -5 -2 -5 -4  2    0   0   0   0   0   0   0   0   0  87   0   0   0   2   0   0   2   0   0   9  1.67 0.52
  488 T   -1  4 -2 -2 -4  1  1 -3  0 -3 -2  3  1 -4 -3 -1  2 -4 -3 -2    5  24   0   1   0   6   7   1   2   1   2  24   4   0   0   2  19   0   0   1  0.46 0.25
  489 F    1  0 -1 -2 -2  1 -1  4 -1 -2 -3  1 -1  2 -3 -1 -2 -3 -2 -3   12   6   1   1   1   9   1  37   2   2   2  11   1  11   0   3   1   0   0   0  0.40 0.21
  490 K   -1  2 -1 -3 -2  0 -2 -3 -3 -2 -2  3 -1 -2 -3  2  4 -4 -1 -1    2   9   1   0   1   2   0   0   0   2   2  22   1   2   0  16  36   0   3   2  0.50 0.29
  491 Q   -2 -4 -4 -5 -4  4 -3 -5 -4  2 -2 -3  1 -2 -5 -4 -2 -5 -4  6    1   0   0   0   0  22   0   0   0  11   0   0   3   1   0   0   1   0   0  61  1.04 0.43
  492 K   -4  6 -1 -3 -6  0  0 -4 -1 -5 -5  5 -4 -5 -4 -3 -3 -5 -4 -5    0  56   2   1   0   2   5   0   1   0   0  33   0   0   0   0   0   0   0   0  1.36 0.45
  493 I    1 -4  0 -3 -3 -3 -3 -4 -4  3 -2 -3 -2 -4 -4  0  6 -5 -4  1   14   0   4   0   0   0   0   0   0  18   0   0   0   0   0   2  53   0   0   8  0.81 0.38
  494 F   -5 -5 -6 -6 -5 -6 -6 -6 -3  0 -2 -6 -3  8 -6 -5 -5 -1  5 -3    0   0   0   0   0   0   0   0   0   4   1   0   0  73   0   0   0   0  21   0  2.05 0.55
  495 M   -3 -4 -5 -6 -4 -4 -5 -6 -4  2  4 -4  7  2 -5 -4 -3 -3 -1 -1    0   0   0   0   0   0   0   0   0  11  44   0  36   7   0   0   0   0   1   0  1.12 0.40
  496 S    2 -4 -2 -3 -4 -3 -3 -3 -4 -5 -5 -3 -4 -5 -4  7  1 -6 -5 -4   13   0   0   0   0   0   0   0   0   0   0   0   0   0   0  82   5   0   0   0  1.49 0.54

                      K         Lambda
Standard Ungapped    0.1329     0.3181
Standard Gapped      0.0448     0.2670
PSI Ungapped         0.1454     0.3116
PSI Gapped           0.0448     0.2670
