
Last position-specific scoring matrix computed, weighted observed percentages rounded down, information per position, and relative weight of gapless real matches to pseudocounts
           A  R  N  D  C  Q  E  G  H  I  L  K  M  F  P  S  T  W  Y  V   A   R   N   D   C   Q   E   G   H   I   L   K   M   F   P   S   T   W   Y   V
    1 M   -1 -3 -3 -4 -2 -2 -3 -4 -3  2  1 -3  6 -1 -3 -2 -1 -3 -2  4    0   0   0   0   0   0   0   0   0   7   7   0  41   0   0   0   0   0   0  44  0.54 0.12
    2 E   -1  1 -1  2 -4  2  5 -3  3 -4 -4  0 -3 -4 -2  0 -2 -4 -2 -3    4   8   0   8   0   8  61   0   8   0   0   0   0   0   0   4   0   0   0   0  0.73 0.16
    3 S    0 -1 -1 -2 -3 -1  0 -2 -2 -4 -3  1 -3 -4  4  4  1 -4 -3 -3    4   2   1   0   0   0   5   1   0   0   1   9   0   0  19  52   5   0   0   0  0.66 0.23
    4 E   -2  1 -1 -2 -4  2  3 -3 -1 -3 -4  4 -3 -3 -3 -1 -2  7 -2 -4    0   7   2   0   0   9  28   0   1   2   0  28   0   0   0   3   0  20   0   0  0.81 0.24
    5 M   -2  1 -2 -2 -3  1 -1  0 -2 -2  0  1  6 -3 -1  2 -1 -1 -1 -1    0   8   0   1   0   7   3   8   0   0   5   8  30   0   2  21   1   1   2   2  0.34 0.21
    6 S   -1 -2  0  1 -3 -1 -1 -2 -3 -1 -1 -2  4 -2  4  3  1 -4 -3  0    2   1   3   8   0   1   2   1   0   1   3   0  15   2  21  28   7   0   0   7  0.40 0.19
    7 D   -2  0  2  4 -4  0  3 -1 -1 -3 -3  1 -3 -4 -3  0  0 -5 -3 -2    1   5   9  33   0   3  21   3   0   0   2  10   0   0   0   3   5   0   0   4  0.50 0.18
    8 P   -1 -2 -2 -3  0  0  0 -3 -3 -3 -1  0 -3 -4  6  2 -1 -4 -1 -3    4   1   1   0   2   4   5   0   0   1   7   4   0   0  42  23   2   0   3   0  0.82 0.25
    9 Q   -1  2 -1  1 -4  3  3  2  1 -4 -3  0 -3 -4  0  0 -2 -4 -3 -2    4  12   1   8   0  18  20  16   4   0   1   2   0   0   3   7   0   0   0   3  0.35 0.16
   10 P   -1 -1 -3 -1 -4  0  1 -2 -4  2 -2 -2 -2 -4  6 -1 -3 -5 -4 -2    5   3   0   3   0   4   9   3   0  18   1   1   1   0  47   4   0   0   0   0  0.93 0.29
   11 L   -1 -2 -1 -1 -1  0 -1  1  1  0  2 -2  0 -1 -2  2  0 -3  0  1    2   0   1   3   1   4   3  12   5   3  24   0   1   1   1  24   3   0   3  11  0.14 0.14
   12 Q   -1 -1 -2  0 -4  2  2 -3 -2 -4  0 -2 -3 -4  6  0 -2 -4 -2 -3    3   4   1   4   0   9  18   1   1   0   9   1   0   0  41   6   1   0   1   0  0.82 0.27
   13 E   -1 -1  0  3 -1  1  2 -1  0 -3 -1 -1 -1 -4 -1  2  1 -4 -3 -3    4   3   2  21   1   8  15   4   2   0   7   1   1   0   2  15  11   0   0   0  0.27 0.15
   14 E    1 -1  0  2 -3  1  2 -1  0 -3 -2 -1 -1  1 -3  0  0 -2  2 -2   12   2   4  16   0   7  18   3   2   0   4   2   1   9   0   4   7   0   9   1  0.22 0.14
   15 R    2  2 -2 -2  2  4  0 -2 -1 -3 -3  0 -2 -4 -3  1 -1 -4 -2  0   23  14   0   0   4  24   4   1   1   0   0   4   1   0   0  13   2   0   1   9  0.41 0.24
   16 Y   -6 -6 -6 -7 -6 -5 -6 -7 -2 -5 -5 -6 -5 -1 -7 -6 -5 -1 10 -5    0   0   0   0   0   0   0   0   0   0   0   0   0   0   0   0   0   0 100   0  3.28 0.81
   17 D   -3  2  2  5 -5 -1  1 -3 -3 -5 -5  3 -4 -5 -4 -1 -3 -6 -5 -3    1   9  12  42   0   1   5   1   0   0   0  24   0   0   0   2   0   0   0   2  0.91 0.34
   18 M   -4 -5 -6 -7 -5 -4 -6 -6 -5 -1  4 -5  9 -3 -6 -5 -3 -5 -4 -2    0   0   0   0   0   0   0   0   0   1  39   0  59   0   0   0   1   0   0   0  1.96 0.59
   19 S   -1 -1  2  3 -4  0 -1 -3 -1 -2 -4  1 -4 -5 -3  4 -1 -5 -4 -3    2   3  11  19   0   5   1   0   1   3   1  10   0   0   0  41   2   0   0   1  0.60 0.30
   20 G    1 -1 -2 -3 -3 -3 -3  4  1 -4 -4  0 -3  2 -4  1 -2 -3  4 -4   10   3   1   0   0   0   0  35   3   0   0   5   0   8   0  14   1   0  18   0  0.61 0.27
   21 A    2  1 -2  1  0  0  2 -2 -3 -4 -4  1 -3 -4  3  0  0 -4 -3 -2   25   9   1   9   2   4  12   1   0   0   0   7   0   0  17   4   7   0   0   1  0.40 0.20
   22 R   -3  5 -1 -3 -4 -1  2 -4 -2 -5 -4  3 -4 -5  4 -2 -2 -5 -4 -5    0  39   3   0   0   1  13   0   0   0   1  15   0   0  24   1   1   0   0   0  1.02 0.36
   23 L    1  3 -3 -4  4 -2 -3 -4 -3  0  2  0  4 -3 -4 -3 -2 -4 -3  1   14  17   0   0  10   0   1   0   0   2  20   7  15   0   0   0   0   0   0  13  0.42 0.24
   24 A    4 -5 -4 -4 -4 -4 -4  6 -5 -5 -5 -4 -5 -6 -4 -2 -4 -5 -5 -4   44   0   0   0   0   0   0  55   0   0   0   0   0   0   0   1   0   0   0   0  1.46 0.47
   25 L   -3  0 -4 -4 -2 -2 -2 -5  2  0  4  2 -1  3 -4 -4 -3 -3  0 -1    0   4   0   0   1   1   2   0   6   3  51  14   0  12   0   0   0   0   2   2  0.58 0.28
   26 T    2 -5 -4 -3  8 -4 -5 -4 -5 -1  2 -4 -1 -4 -5 -3  2 -5 -4 -1   16   0   0   2  41   0   0   0   0   2  22   0   1   0   0   0  13   0   0   3  1.16 0.39
   27 L   -2 -5 -6 -6 -4 -4 -5 -6 -5  4  5 -5  4 -2 -5 -5 -3 -4 -3  1    2   0   0   0   0   0   0   0   0  21  58   0  11   0   0   0   0   0   0   7  1.07 0.36
   28 C    1 -5 -5 -6  7 -5 -5 -3 -5  6 -1 -5 -2 -3 -5 -2 -3 -5 -4  1   14   0   0   0  26   0   0   1   0  47   2   0   0   0   0   2   0   0   0   9  1.19 0.40
   29 V   -3 -5 -4 -6 -3 -5 -4 -5 -5  5  2 -5 -1 -2 -5 -4 -2 -5 -4  5    0   0   1   0   0   0   0   0   0  35  17   0   1   1   0   0   0   0   0  44  1.08 0.37
   30 T   -3 -3  6 -2 -4 -2 -2 -3 -3  1 -2  0 -2 -4 -4  2  3 -5 -4 -2    0   0  42   0   0   1   1   1   0  10   2   5   1   0   0  13  23   0   0   1  0.82 0.36
   31 K   -4  2  7 -2 -6  2 -2 -3 -1 -6 -6  4 -4 -6 -4 -2 -1 -6 -5 -5    0   9  53   0   0   9   1   0   1   0   0  23   0   0   0   0   3   0   0   0  1.26 0.45
   32 A    1 -2  1  1  0 -2 -1  1  0 -1 -3  0 -1 -3  0  0  1 -4 -3  2   16   1   8  10   2   0   3  12   2   1   0   7   1   0   4   4  11   0   0  19  0.17 0.14
   33 R   -5  9 -4 -5 -7 -2 -4 -6 -4 -7 -6 -1 -5 -7 -6 -4 -5 -6 -5 -6    0 100   0   0   0   0   0   0   0   0   0   0   0   0   0   0   0   0   0   0  2.70 0.72
   34 E    0 -2  2 -1 -3 -2  2 -3 -1 -3 -2  0 -3 -4  4  3  1 -5 -2 -3    5   1  12   2   0   0  16   0   1   0   4   5   0   0  21  24   7   0   1   1  0.50 0.24
   35 G   -3 -6 -4 -5 -6 -5 -6  8 -6 -7 -7 -5 -6 -7 -6 -4 -5 -6 -7 -7    0   0   0   0   0   0   0 100   0   0   0   0   0   0   0   0   0   0   0   0  2.50 0.64
   36 S    3 -4 -3 -3 -2 -3 -3  2 -4 -4 -4 -3 -4 -5 -3  3  4 -5 -4 -3   28   0   0   0   1   0   0  13   0   0   0   0   0   0   0  26  33   0   0   0  0.83 0.37
   37 E   -4 -1  1  6 -6  3  3 -4  1 -6 -5  0 -5 -6 -4 -2 -3 -6 -5 -5    0   2   6  49   0  12  22   0   3   0   1   4   0   0   0   1   1   0   0   0  1.14 0.39
   38 V    1  1 -2 -3 -1  1  0 -4  4  1 -2  2 -2 -3 -3 -2 -1 -4 -2  3   13   9   1   0   1   8   4   0  11   6   0  14   0   0   0   0   1   0   0  31  0.36 0.23
   39 D   -5 -5 -2  8 -7 -4 -2 -5 -5 -7 -7 -4 -7 -7 -5 -4 -5 -8 -7 -7    0   0   0 100   0   0   0   0   0   0   0   0   0   0   0   0   0   0   0   0  2.75 0.72
   40 M    3 -3 -3 -4  5 -3 -3 -3  2  1  1 -3  1 -3 -4 -2 -2 -4 -2  2   29   1   1   0  16   0   0   1   6   8  14   0   4   0   0   1   0   0   1  19  0.52 0.26
   41 E    2  0 -1  1 -4  0  4  1 -1 -3 -3  1 -2 -4 -3  0  0 -4 -4 -2   19   4   1   9   0   1  33   9   1   0   2   7   1   0   0   7   5   0   0   2  0.40 0.22
   42 A    4 -1  2 -1 -3 -1 -1 -2 -1 -2 -1  1 -2 -4 -3  1  0 -1 -2 -1   43   3   9   3   0   1   3   1   2   1   7  11   1   0   0   9   4   1   1   2  0.35 0.22
   43 L   -3 -5 -6 -6 -4 -5 -6 -6 -6  0  6 -5  4 -2 -6 -5 -4  1 -4  0    1   0   0   0   0   0   0   0   0   2  80   0  10   0   0   0   0   2   0   4  1.41 0.46
   44 E   -2  2 -1 -1 -3  1  3  1 -2 -2 -2  1 -2  1 -3 -1 -2 -3 -1 -1    1  15   3   1   0   5  27  14   0   1   2   9   1   8   0   3   1   0   2   6  0.30 0.19
   45 R   -1  2  0  1 -3  0  2  1  1 -3 -3  3  0 -4 -3  0  0 -4 -2 -3    3  14   4   8   0   3  14   9   3   0   2  24   3   0   0   3   7   0   1   1  0.32 0.17
   46 M   -3  2 -4 -5  5 -3 -4 -5 -2 -1  3 -3  4 -2 -5 -3  1  5 -3  0    0  11   0   0  16   0   0   0   1   1  31   0  14   0   0   1  10  10   0   5  0.73 0.32
   47 F   -5 -6 -6 -7  6 -6 -7 -6 -5 -3  0 -6 -3  8 -7 -5 -5 -3  0 -4    0   0   0   0  16   0   0   0   0   0   9   0   0  75   0   0   0   0   1   0  2.19 0.60
   48 R   -3  4 -1 -1 -3  4  0 -1  0 -4 -3  4  2 -5 -4 -2 -1 -5 -4 -4    1  25   1   3   0  23   4   5   2   0   1  24   6   0   0   1   3   0   0   0  0.67 0.30
   49 Y    2 -1  2 -1 -2  3 -1 -2  3 -3 -1  0 -2 -3 -3  1  1 -4 -1 -3   20   3  12   2   1  15   1   1   8   1   7   6   0   1   0  13  10   0   2   0  0.27 0.19
   50 L   -4 -5 -6 -7  4 -5 -6 -7 -6 -1  6 -5  0 -1 -6 -5 -4 -4 -1 -2    0   0   0   0  10   0   0   0   0   1  85   0   1   1   0   0   0   0   2   0  1.55 0.50
   51 K   -3  1  0 -2 -4  1 -2  6  2 -6 -6  2 -5 -5 -4 -2 -4 -5 -4 -5    0   7   5   1   0   6   1  60   5   0   0  12   0   0   0   2   0   0   0   0  1.08 0.37
   52 F   -5 -6 -6 -7 -6 -6 -6 -6 -3 -4 -3 -6 -4  8 -7 -3 -5 -2  6 -4    0   0   0   0   0   0   0   0   0   0   0   0   0  72   0   2   0   0  27   0  2.34 0.63
   53 E   -3 -1  1  3 -5  2  5 -4 -1 -4 -5  2 -3 -5 -3 -1  0 -5 -4 -3    0   2   6  16   0  10  43   0   1   1   0  13   0   0   0   3   4   0   0   2  0.81 0.33
   54 S   -2 -3 -1 -4 -2 -2 -3 -4  1  1 -2 -4 -2 -3 -4  1  2 -5 -1  5    0   1   3   0   1   1   1   0   4   4   0   0   0   0   0  13  15   0   2  56  0.78 0.36
   55 T   -2  2 -1 -2 -3 -1  0 -4  2 -1  0  1 -2 -2 -2 -1  5 -4 -3  0    1  10   1   1   0   2   6   0   6   4   7   7   0   2   2   3  42   0   0   7  0.44 0.26
   56 M   -2 -4  0 -4 -2 -3 -2 -4 -1  2  2 -3  3 -2 -2 -1  0 -4 -1  4    1   0   7   0   0   0   2   0   2   8  19   0   8   0   1   4   7   0   2  38  0.44 0.23
   57 K   -3  4 -1 -3  4 -1 -1 -4  2 -3 -1  4 -3  1 -4 -2 -3 -2  3 -2    1  24   3   0  11   1   3   0   5   1   7  26   0   5   0   0   0   0  13   1  0.57 0.28
   58 R   -3  3  5 -2  1 -1 -2 -4  3  1 -2  0  1 -4 -3 -1  2 -5 -2 -3    0  18  30   1   3   1   0   0   7  10   2   5   4   0   0   1  16   0   1   0  0.54 0.28
   59 D   -5 -5  3  8 -7 -4 -2 -5 -4 -7 -7 -4 -6 -7 -5 -3 -4 -8 -4 -7    0   0  14  85   0   0   0   0   0   0   0   0   0   0   0   0   0   0   1   0  2.27 0.63
   60 P   -3 -1 -4 -4  3  3 -3 -5 -4 -3  3 -2 -3 -3  6 -3 -4 -5 -4 -3    0   3   0   0   6  17   0   0   0   0  29   1   0   1  42   0   0   0   0   0  1.12 0.41
   61 T   -2 -2  0  0 -2 -3 -2 -4 -4 -4 -4  1 -3 -4 -3  2  6 -5 -4 -3    0   1   4   6   1   0   1   0   0   0   0   9   0   1   1  16  60   0   0   1  1.02 0.43
   62 A    5  0 -4 -4  6 -1 -3  0 -4 -4 -4  0 -3 -5 -4 -2 -3 -5 -4 -1   52   6   0   0  21   2   1   6   0   0   1   6   0   0   0   0   0   0   0   3  0.95 0.38
   63 Q    0  0 -2  0 -5  7  3 -3 -3 -5 -4  2  1 -6 -4 -2 -3 -5 -4 -4    7   4   1   3   0  51  15   1   0   0   0  11   4   0   0   1   0   0   0   0  1.05 0.42
   64 Q    1 -1 -1  2 -5  4  5 -2 -3 -5 -5  1 -3 -5 -3 -2 -2 -5 -4 -3   13   1   2  11   0  24  38   2   0   0   0   7   0   0   0   0   1   0   0   1  0.81 0.34
   65 F   -4 -5 -6 -6 -5 -5 -6 -6 -5  3  1 -5  8  6 -6 -5 -4 -3 -2 -2    0   0   0   0   0   0   0   0   0  20   8   0  38  33   0   0   0   0   0   0  1.50 0.49
   66 L   -2  0 -3 -3 -2  5  1 -4 -2 -1  1  0  0 -1 -4 -3 -2  3 -1  1    1   5   0   0   1  39   7   0   1   3  16   6   2   3   0   0   0   4   1  12  0.55 0.30
   67 E   -2  0  1  2 -4  1  5 -2  0 -5 -4  1 -4 -5 -1  0 -2 -2 -4 -4    2   3   6   8   0   6  50   3   2   0   2   7   0   0   2   6   1   1   0   0  0.74 0.31
   68 E    0 -2 -3 -1 -4  0  4 -4 -3  0  2  2 -1 -3 -4 -2 -2 -4 -4 -1    9   0   0   1   0   3  38   0   0   4  24  13   1   0   0   0   1   0   0   3  0.50 0.28
   69 L   -4 -5 -6 -7 -4 -5 -6 -7 -6  1  6 -5  4 -2 -6 -5 -4 -5 -4 -1    0   0   0   0   0   0   0   0   0   6  82   0  11   0   0   0   0   0   0   1  1.52 0.49
   70 D    1  1 -1  1 -2  3  2 -2  0 -3 -2  2 -2 -3 -3 -1  1 -4 -1 -1   15   7   1   6   1  14  18   2   2   0   2  14   0   0   0   2   9   0   3   4  0.27 0.16
   71 E   -1  2  2 -1 -4  4  1 -3 -1 -3 -3  3 -2 -4 -3  1  0 -4 -3 -3    3  11  11   2   0  21   7   0   1   1   1  24   1   0   0  11   5   0   0   0  0.49 0.23
   72 F    0 -5 -5 -5 -4 -5 -5 -5 -4 -1  1 -5 -2  7 -5 -4 -3 -2  0  2    9   0   0   0   0   0   0   0   0   1  12   0   0  57   0   0   0   0   1  18  1.22 0.40
   73 Q    2  5 -2 -3 -3  3 -2 -3 -3 -5 -4 -1 -4 -5 -4  4 -2 -5 -4 -4   19  31   0   0   0  16   0   0   0   0   0   0   0   0   0  33   0   0   0   0  0.88 0.39
   74 Q   -3  1 -2  2 -5  5  4 -3 -1 -5 -5  3 -4 -5 -4 -2 -3 -5 -4 -5    1   7   0  13   0  25  28   1   1   0   0  23   0   0   0   0   0   0   0   0  0.90 0.35
   75 T    1  1 -2  0 -1  3  3  0 -1 -2  0  0 -2 -3 -3 -1 -1 -2 -3 -2   13  10   0   4   1  14  22   8   1   1  13   5   0   0   0   1   3   0   0   2  0.24 0.16
   76 I   -2 -3 -2  5 -4 -3 -2 -4 -4  2  2 -3  2 -3  2 -2 -3 -4 -4 -2    3   1   1  35   0   0   0   0   0  14  25   0   5   0  11   2   0   0   0   0  0.61 0.27
   77 D    0 -2  3  5 -2 -1  1 -2  5 -3 -3 -1 -2 -3 -2 -1 -1 -3 -2 -3    7   1  13  36   1   1   6   2  15   1   3   2   1   1   1   3   2   0   1   2  0.59 0.19
   78 N    1 -1  0 -1 -2  0  2  0  3 -2 -2 -1 -2 -2 -1  2  1 -2 -2 -2   15   3   4   2   0   4  13   7  11   1   2   2   1   1   2  18  12   0   1   2  0.22 0.11
   79 W   -1  3  1  0  1  0 -1 -2  3  0 -2  2 -1 -2 -2  0 -1  3 -1 -1    3  23   5   5   4   2   2   2   9   7   3  12   1   1   1   6   3   5   2   3  0.22 0.11
   80 E   -2  4 -2  0 -5 -1  1 -3  7 -5 -4  2 -4 -4 -3 -2 -2 -5 -2 -5    2  24   0   6   0   1   9   1  35   0   1  15   0   0   1   2   2   0   0   0  0.97 0.35
   81 E   -1  0  0  3 -2  0  1  2 -1 -3 -3 -1 -2 -3 -2  2  1 -3 -2 -2    3   4   3  19   1   4   9  16   1   1   2   2   0   1   1  21   8   0   1   2  0.27 0.13
   82 P    1 -2  2  1 -3  0  1 -2 -2 -2 -2 -1 -2 -1  4  0 -1 -3 -2 -1   12   1  13  10   0   5   9   2   0   1   3   1   0   3  26   4   3   0   1   4  0.41 0.16
   83 V    0 -2 -2 -3  0 -2 -3 -3 -3  2  1 -3  0 -1 -3  1  0 -3  0  4    6   1   1   1   2   1   1   1   0   9  10   1   2   2   1  11   4   0   3  43  0.36 0.18
   84 S    2 -4 -2  4 -3 -3 -2  0 -4 -5 -5 -3 -4 -5 -4  5 -2 -6 -5 -4   14   0   0  27   0   0   0   7   0   0   0   0   0   0   0  51   0   0   0   0  1.01 0.42
   85 C   -3 -6 -5 -6 11 -5 -6 -5 -6 -5 -5 -6 -5 -6 -6  3 -4 -6 -6 -4    0   0   0   0  72   0   0   0   0   0   0   0   0   0   0  27   0   0   0   1  2.77 0.71
   86 A    3 -5 -5 -6  8 -5 -5 -3 -5 -3 -3 -5 -3  6 -5 -2 -4 -4 -2 -2   27   0   0   0  35   0   0   1   0   0   1   0   0  31   0   2   0   0   0   3  1.46 0.47
   87 F    1 -4 -5 -5 -3 -4 -4 -4 -4  3  3 -4  0  3 -4 -3 -3 -3 -2  3   14   0   0   0   0   0   0   0   0  19  28   0   1  16   0   1   0   0   0  21  0.61 0.26
   88 V   -3 -6 -6 -6  8 -5 -6 -6 -6  1 -2 -6 -3 -3 -6 -4 -3 -6 -4  6    0   0   0   0  30   0   0   0   0   6   1   0   0   1   0   0   0   0   0  61  1.68 0.52
   89 V    3 -4 -4 -5 -1 -4 -4 -4 -5  3 -2 -4 -2 -3 -4 -2  1 -5 -4  4   32   0   0   0   1   0   0   0   0  18   0   0   0   0   0   1   8   0   0  39  0.80 0.35
   90 L   -4 -5 -6 -6 -4 -5 -6 -6 -6  3  6 -5  2  0 -6 -5 -4 -4 -4  0    0   0   0   0   0   0   0   0   0  14  77   0   4   2   0   0   0   0   0   3  1.34 0.44
   91 M   -4 -5 -6 -7 -4 -4 -6 -6 -5 -2  5 -5  8 -3 -6 -5 -4 -5 -4 -2    0   0   0   0   0   0   0   0   0   0  56   0  44   0   0   0   0   0   0   0  1.79 0.56
   92 A    4 -4 -3 -4 -4 -3 -3 -3 -4 -5 -5 -3 -4 -5 -4  6 -2 -6 -5 -4   34   0   0   0   0   0   0   0   0   0   0   0   0   0   0  66   0   0   0   0  1.44 0.54
   93 H   -6 -4 -3 -5 -7 -4 -4 -6 11 -7 -7 -5 -6 -5 -6 -5 -6 -7 -2 -7    0   0   0   0   0   0   0   0 100   0   0   0   0   0   0   0   0   0   0   0  3.76 0.89
   94 G   -3 -6 -4 -5 -6 -5 -6  8 -6 -7 -7 -5 -6 -7 -6 -4 -5 -6 -7 -7    0   0   0   0   0   0   0 100   0   0   0   0   0   0   0   0   0   0   0   0  2.50 0.65
   95 E   -3 -1 -2  1  3 -1  4 -3 -3 -1 -2 -2 -3 -4  3 -2 -1 -5 -1  1    0   3   1   8   8   0  37   2   0   4   4   1   0   0  15   0   3   0   2  11  0.51 0.26
   96 E   -4  0  0  0 -6  4  6 -3  0 -6 -6  0 -4 -6 -4 -2 -3 -6 -5 -5    0   4   4   4   0  21  59   1   2   0   0   4   0   0   0   1   0   0   0   0  1.27 0.45
   97 G   -3 -5  1 -2 -6 -5 -5  7 -5 -7 -7 -5 -6 -6 -5 -3 -5 -6 -6 -6    0   0   7   2   0   0   0  92   0   0   0   0   0   0   0   0   0   0   0   0  2.17 0.59
   98 L    0 -1 -3 -3 -1  3 -2  1  0  0  1 -2  0  2 -3 -1 -2 -2  0  0    9   4   0   0   1  17   0  15   2   6  18   1   2  12   0   3   1   0   2   7  0.18 0.15
   99 L   -3 -5 -5 -6 -4 -5 -5 -6 -6  6  3 -5 -1 -1 -5 -5 -3 -5 -3  3    0   0   0   0   0   0   0   0   0  49  33   0   0   2   0   0   0   0   0  16  1.14 0.38
  100 K   -4 -3 -4 -5 -5 -1 -1 -5 -1 -3  1  3 -2  2 -5 -3 -4 -2  7 -3    0   0   0   0   0   3   4   0   1   1  16  18   1   8   0   1   0   0  48   1  1.12 0.42
  101 G   -2 -5 -4 -5 -6 -5 -5  7 -5 -5 -6 -5  2 -6 -5 -3 -3 -6 -6 -6    1   0   0   0   0   0   0  91   0   1   0   0   5   0   0   0   1   0   0   0  2.10 0.58
  102 E    2 -1 -2 -3 -3 -1  2 -3 -3 -2 -3  2 -3 -3 -3  0  4 -5 -4  1   16   1   1   0   0   2  12   0   0   1   0  12   0   1   0   5  36   0   0  13  0.50 0.28
  103 D   -5 -5  2  8 -7 -4 -2 -5 -4 -7 -7 -4 -7 -7 -5 -3 -4 -8 -7 -7    0   0   7  92   0   0   0   0   0   0   0   0   0   0   0   1   0   0   0   0  2.44 0.66
  104 E   -2 -4 -2 -1 -5 -4  1  7 -4 -6 -6 -3 -5 -6 -5 -3 -4 -5 -6 -6    1   0   1   4   0   0  10  82   0   0   0   1   0   0   0   0   0   0   0   0  1.74 0.50
  105 K   -1  1  0  0  0  4  2 -2 -1 -3 -3  3 -1 -3 -1 -1 -1 -3 -1 -1    4   8   3   3   3  20  12   2   1   1   1  26   1   1   3   2   2   0   2   5  0.35 0.17
  106 M   -2  0 -3 -3 -4 -2  2 -4  0 -2  1  0  5 -1  3 -1  0 -4 -2 -2    2   5   0   0   0   0  15   0   2   1  15   4  23   2  17   3   7   0   1   2  0.43 0.25
  107 V   -2 -2 -4 -4 -3 -3 -4 -3 -4  3  2 -3  0 -2 -4 -3 -1 -4 -3  5    1   2   0   1   0   0   1   2   0  16  18   1   1   0   1   1   2   0   0  53  0.79 0.28
  108 R   -1  1  0  2 -5  4  2 -3 -2 -5 -4  1 -2 -5  4  1 -2 -5 -4 -4    5   6   3  10   0  25  13   1   0   0   0   7   1   0  20   8   1   0   0   0  0.63 0.27
  109 L   -3 -5 -4 -5 -4 -4 -5 -6 -3  4  5 -5 -1 -2  2 -3 -3 -4 -4  1    0   0   1   0   0   0   0   0   0  21  55   0   0   0  11   1   0   0   0   9  0.89 0.34
  110 E   -3 -1 -2  1 -6  4  5 -4 -3 -6 -5  4 -4 -6 -3 -2 -3 -5 -5 -5    0   1   0   7   0  17  43   0   0   0   0  29   0   0   0   1   0   0   0   0  1.12 0.43
  111 D    1  0  1  4 -4 -1  3 -2  0 -2 -3  2  1 -4 -3 -1 -1 -5 -3 -1   12   4   6  23   0   0  19   1   2   1   1  13   5   0   0   3   3   0   0   5  0.37 0.20
  112 L   -2 -5 -6 -6 -4 -5 -5 -6 -5  4  5 -5  2 -2 -5 -5 -3 -4 -4  1    3   0   0   0   0   0   0   0   0  26  58   0   3   0   0   0   0   0   0   9  1.06 0.37
  113 F   -2 -5 -4 -5 -4 -4 -4 -5 -4 -1 -2 -4  0  6 -5 -3  4 -3 -1  3    2   0   0   0   0   0   0   0   0   1   1   1   2  40   0   0  31   0   0  23  1.09 0.42
  114 E    0  2  2 -1 -1  3  3 -1 -2 -3 -3  0 -3 -4 -2  2  0 -2 -3 -2    8  13  11   0   1  17  18   4   0   1   2   2   0   0   1  15   5   0   1   2  0.35 0.21
  115 V   -1 -3 -3 -3 -1 -2  2 -4  2  0  3 -3  3  2 -2 -3 -2 -3  3  1    4   0   0   0   1   1  18   0   5   2  29   0   9   9   2   0   1   0  10   8  0.35 0.22
  116 L   -5 -6 -6 -7 -5 -6 -6 -6 -5 -2  4 -6  0  8 -6 -5 -5 -3 -1 -3    0   0   0   0   0   0   0   0   0   0  34   0   2  64   0   0   0   0   0   0  1.81 0.53
  117 N   -3  4  5  2 -5 -2 -2 -3 -2 -5 -5 -1 -4 -5 -4  2 -1 -6 -4 -5    0  28  36  13   0   0   1   1   0   0   0   2   0   0   0  16   3   0   0   0  0.96 0.37
  118 N   -2 -3  6 -2 -4 -2 -3  5 -2 -4 -4 -2 -3 -4 -3 -1 -2 -4 -4 -4    3   1  41   1   0   1   1  43   0   1   1   1   0   1   1   2   1   0   1   1  1.12 0.33
  119 K    1  0 -1  4 -1  0  0 -2 -1 -2 -3  3 -2 -3 -2  0 -1 -3 -2 -2   16   3   2  30   1   3   3   2   1   2   2  21   0   1   1   8   3   0   1   2  0.40 0.18
  120 N   -3  4  6 -2  2 -1 -2 -3  4 -5 -4  1 -1 -4 -4 -1 -2 -5  0 -4    0  22  41   0   5   2   0   1  11   0   1   7   2   0   0   3   2   0   3   1  0.90 0.36
  121 C   -3 -7 -7 -8 12 -7 -8 -7 -7 -5 -5 -7 -5 -6 -7 -4 -5 -6 -7 -5    2   0   0   0  97   0   0   0   0   0   0   0   0   0   0   1   0   0   0   0  3.92 0.87
  122 K   -2  4 -3 -4 -5  2 -2 -2 -3 -5 -4  3 -4 -6  6 -2 -3 -3 -5 -5    2  25   0   0   0  10   1   3   0   0   1  18   0   0  37   1   0   0   0   0  1.10 0.39
  123 A    4 -3  1 -2 -3 -2 -3 -2 -3 -3 -4 -1 -3 -4 -1  4  2 -5 -4 -1   34   0   7   1   0   1   0   1   0   0   0   3   0   0   2  33  14   0   0   4  0.64 0.32
  124 L   -5 -5 -7 -7  0 -5 -6 -7 -6 -1  7 -6 -1 -3 -6 -6 -4 -5 -4 -2    0   0   0   0   2   0   0   0   0   0  98   0   0   0   0   0   0   0   0   0  1.86 0.57
  125 R    0  5 -2 -3 -1  5 -2 -2 -1 -1  0 -1 -2 -4 -4 -2  0 -1 -3  0    9  32   1   0   1  28   0   2   1   4   8   1   0   0   0   0   5   1   0   7  0.58 0.30
  126 G    0 -4  3 -2 -5 -3  2  6 -4 -6 -6 -3 -5 -6 -2 -2 -4 -5 -5 -5    8   0  13   0   0   0  16  60   0   0   0   0   0   0   2   1   0   0   0   0  1.19 0.41
  127 K   -4  2 -3 -4  3 -2 -3 -5  0 -6 -6  7 -5 -6 -4 -2 -4 -6 -5 -5    0   7   0   0   7   0   0   0   2   0   0  82   0   0   0   2   0   0   0   0  1.78 0.57
  128 P   -3 -3 -6 -5 -7 -5 -5 -6 -6 -7 -7 -5 -6 -7  9 -4 -5 -8 -7 -6    1   2   0   0   0   0   0   0   0   0   0   0   0   0  97   0   0   0   0   0  3.12 0.77
  129 K   -4 -1 -4 -4 -7 -2 -3 -5 -4 -6 -6  8 -5 -7 -5 -4 -4 -7 -5 -6    0   0   0   0   0   0   0   0   0   0   0 100   0   0   0   0   0   0   0   0  2.42 0.71
  130 V   -3 -5 -5 -6 -3 -4 -5 -6 -5  4  4 -5  4 -2 -5 -4 -3 -4 -3  3    0   0   0   0   0   0   0   0   0  27  42   0  13   0   0   0   0   0   0  19  1.00 0.35
  131 Y   -6 -6 -6 -7 -6 -6 -7 -7 -4 -3 -3 -6 -3  9 -7 -6 -6 -2  4 -3    0   0   0   0   0   0   0   0   0   1   0   0   0  87   0   0   0   0  11   1  2.58 0.66
  132 I   -4 -5 -6 -6 -4 -6 -6 -6 -5  5  2 -6 -1  7 -6 -5 -4 -3 -1  0    0   0   0   0   0   0   0   0   0  31  17   0   0  48   0   0   0   0   0   3  1.37 0.43
  133 I   -4 -6 -6 -6 -4 -5 -6 -7 -4  7  2 -5 -1 -1 -6 -5 -3 -5 -4  2    0   0   0   0   0   0   0   0   0  70  16   0   0   2   0   0   0   0   0  11  1.46 0.46
  134 Q   -5 -3 -4 -4 -7  9 -2 -6 -3 -7 -6 -2 -4 -7 -5 -4 -5 -6 -5 -6    0   0   0   0   0 100   0   0   0   0   0   0   0   0   0   0   0   0   0   0  2.87 0.83
  135 A    7 -5 -5 -5 -4 -4 -4 -2 -5 -5 -5 -4 -4 -6 -4 -2 -3 -6 -5 -3   98   0   0   0   0   0   0   1   0   0   0   0   0   0   0   1   0   0   0   0  1.96 0.63
  136 C   -4 -8 -7 -8 12 -7 -8 -7 -7 -5 -5 -7 -6 -7 -7 -4 -5 -6 -7 -5    0   0   0   0 100   0   0   0   0   0   0   0   0   0   0   0   0   0   0   0  4.08 0.90
  137 R   -5  8 -4 -5 -7 -1 -4  1 -4 -6 -6 -1 -5 -6 -6 -4 -5 -6 -5 -6    0  88   0   0   0   1   0  10   0   0   0   0   0   0   0   0   0   0   0   0  2.19 0.64
  138 G   -3 -6 -4 -5 -6 -5 -6  8 -6 -7 -7 -5 -6 -7 -6 -4 -5 -6 -7 -7    0   0   0   0   0   0   0 100   0   0   0   0   0   0   0   0   0   0   0   0  2.50 0.65
  139 E   -3 -3 -2  3 -3 -2  4  3 -3 -5 -5 -2 -4 -5 -4  0  3 -5 -5 -4    0   1   0  19   0   0  31  20   0   0   0   0   0   0   0   7  21   0   0   0  0.74 0.33
  140 H   -3  1  2  0 -6  3  5 -4  4 -5 -5  2 -4 -5 -4 -2 -3 -5 -3 -5    0   8   9   4   0  16  39   0  12   0   0  11   0   0   0   0   0   0   0   0  0.90 0.35
  141 R   -3  5 -3 -4 -4 -1 -2 -5 -3 -3  2  1 -2  2 -4 -3  1 -4 -3 -2    1  40   0   0   0   1   2   0   0   0  24   9   0  10   0   0  12   0   0   1  0.69 0.32
  142 D   -4 -5 -2  8 -7 -4 -2 -5 -5 -7 -7 -4 -7 -7 -5 -4 -5 -8 -7 -7    1   0   0  98   0   0   0   0   0   0   0   0   0   0   0   0   0   0   0   0  2.64 0.70
  143 P    1  2 -1  2  3 -1  0 -1  1 -2 -1 -1 -2 -4  3  1 -1 -4 -3 -3   12  16   2  12   8   2   4   3   4   1   5   2   1   0  16  10   2   0   0   0  0.30 0.17
  144 G   -3 -6 -4 -5 -6 -5 -5  7 -5 -7 -7 -5 -6 -6 -5 -4 -5 -6 -6 -6    0   0   0   0   0   0   0  99   0   0   0   0   0   0   0   0   0   0   0   0  2.45 0.63
  145 E   -2 -3 -4 -4 -3 -3  1 -4 -2  4 -1 -3  1  2 -3 -3 -2 -4 -2  4    1   1   0   0   0   0  10   0   1  24   2   1   4  11   1   0   0   0   0  41  0.64 0.28
  146 E   -2 -1 -2  2 -4  3  4  0 -2 -2 -3 -1 -3 -3 -2 -2  0  2 -3  0    2   3   0  14   0  14  34   9   0   2   2   0   0   0   2   0   6   3   0   8  0.47 0.24
  147 L    1 -2 -2 -3 -3  3 -1 -3 -3 -1 -1 -2 -2 -3  2 -1  3 -1 -3  2   12   1   0   0   0  15   2   1   0   1   5   0   0   0  11   2  26   1   0  21  0.41 0.23
  148 R   -1  2 -1  5 -4  1  0  0 -1 -2 -3  0 -3 -3 -1 -1  0 -4 -3 -3    5  15   0  40   0   6   2   6   1   3   1   4   0   1   3   4   6   0   0   1  0.53 0.23
  149 G    2 -2 -1  3  0 -2 -1  1 -2 -3 -3 -2 -3 -3  0  3 -1 -3 -3 -2   16   2   1  21   2   1   2  10   1   1   2   1   0   1   5  31   1   0   1   2  0.41 0.19
  150 N    0 -2  0  2 -3 -1 -1  4 -1 -2  0 -2 -2 -2  0  0 -1 -3 -2 -2    5   1   3  14   0   2   3  34   1   1  12   1   0   2   5   6   3   0   1   3  0.31 0.13
  151 E   -1 -1 -1 -1 -2 -1  2 -2 -2 -2 -2  2 -2 -2  4  1 -1 -3 -2 -1    4   2   2   2   1   1  17   2   0   2   2  13   0   2  25  14   3   0   1   4  0.43 0.16
  152 E    1 -1  0  1 -1  0  2 -1 -1  0 -2 -1 -2 -1  1  0 -1  6 -1 -1   12   2   3  10   1   2  14   4   1   7   3   3   1   2   8   7   2  12   1   4  0.23 0.10
  153 L    0  0  0  0  0  0  1  0  1 -1 -1  0 -1 -1  2  0  0  2  0 -1   11   7   5   3   2   4  10   6   4   3   5   3   2   3  10   7   5   3   3   5  0.08 0.03
  154 G    0 -1  0  2 -2  0  0  1 -1 -2 -2 -1 -1 -2  3  1  0  0 -2 -2    8   4   2  12   1   2   6  14   1   2   3   3   2   1  18  11   4   1   1   3  0.25 0.08
  155 G    0  0  0  0 -1 -1 -1  1 -1 -1 -1 -1  0 -2  2  1  1 -2 -2 -1    8   4   3   6   1   2   3  14   1   2   5   2   4   2  11  13  12   0   1   5  0.12 0.05
  156 D    0 -2 -1  4  3 -1 -1 -1  0 -2 -2 -1 -2 -2 -1  2  1  1 -2 -2    8   1   2  25   7   2   2   3   3   1   3   2   1   2   3  22   8   2   1   3  0.29 0.13
  157 E    0 -1 -1  0 -1  0  2 -1 -1  0  0 -1 -1 -2  3  0  0 -2 -1 -1    8   3   2   6   1   2  19   4   1   6  12   2   1   1  14   6   6   0   2   3  0.15 0.06
  158 E   -1 -1  0  1 -2  0  2  1  0 -2 -2 -1 -1 -2  4  0  0 -2 -1 -2    5   2   4   7   1   4  15  15   2   2   3   2   1   1  20   5   6   0   2   2  0.27 0.08
  159 L    0 -1 -1 -1  4 -1 -1 -1 -2  0  0 -1  3 -1  0  2  0 -2 -1  0    5   2   2   3  10   1   2   4   1   3   6   2  12   3   5  23   5   0   2   7  0.16 0.10
  160 G    0 -1  0  3 -2  1  2  1  2 -2 -1 -1 -1 -2 -1  0 -1 -2 -2 -2    6   2   2  21   1   7  16  11   8   2   5   2   1   1   2   5   2   0   1   2  0.22 0.09
  161 G    2 -1  1  0  1  1  1  1 -1 -2 -1 -1 -1 -2  0  1  0 -2 -2 -1   24   2   6   4   4   6  12  10   1   2   5   2   1   2   3   9   5   0   1   2  0.14 0.08
  162 D   -1 -1  0  5 -2  0  1 -1 -1 -1 -2 -1 -2 -3 -1  1  1 -3 -2 -2    2   3   3  39   1   2   6   4   1   4   3   2   1   1   3  14   7   0   1   2  0.44 0.16
  163 E   -1 -2  0  3 -2  0  0 -2 -1  1 -1 -1 -1 -2  1  0  0 -2 -1  1    5   1   2  25   0   3   6   2   1  10   4   3   2   1   8   6   7   0   3  11  0.17 0.09
  164 V    1 -2 -1 -1 -2 -1 -1 -2 -2  1  2 -1  2  1 -1 -1 -1 -2 -1  2   14   2   2   4   0   1   4   2   1   8  20   2   7   6   2   3   2   0   1  16  0.09 0.07
  165 A    1  0  1 -1 -1  3  1  0 -1 -2 -1 -1  2 -2 -1  1  0 -2 -2 -1   13   6   7   2   1  15  12   7   1   1   3   2   9   2   3   9   3   0   1   2  0.15 0.10
  166 V    0  0 -1 -1  2 -1 -1 -1 -1  2  0  1  1 -1 -1  0  1 -2 -1  1    5   4   2   3   5   1   3   3   1  14   6  10   4   2   3   5  12   0   1  14  0.05 0.05
  167 L    0 -1 -1  1  0  0  1 -1  0  0 -1  0 -1  0  1  0  0  1  2 -1    7   3   2  10   2   5  12   3   3   7   7   3   1   2   8   5   7   2   9   3  0.07 0.04
  168 K    2  0 -1 -1 -2  0  2  0 -1 -2 -1  1 -2 -2  1  0  0 -2 -2 -1   24   3   1   2   1   3  15   8   1   1   4  11   1   1   8   7   4   0   1   4  0.17 0.09
  169 N   -2 -1  3  4 -3 -1  0 -1 -1 -2 -1 -1 -1 -2 -2  1 -1  0 -1 -2    2   3  20  31   0   2   5   4   1   2   6   3   1   1   2  11   2   1   2   2  0.41 0.16
  170 N    1 -1  1 -1 -2  0  1 -1 -1 -1  0 -1 -1 -2  3  1  0 -3 -1 -1   17   3   6   1   0   2   9   3   1   2   9   3   1   1  16  14   4   0   2   4  0.20 0.10
  171 P   -1  3 -2 -2  0  1 -1 -2 -1 -1 -2  3  0 -2  4 -1 -1 -3 -2  0    2  19   1   1   3   5   1   2   1   2   3  19   2   2  19   5   3   0   1   9  0.34 0.16
  172 Q    0  1 -2 -1 -2  4  0 -1  3 -3 -1  1  0 -2  1  0 -1 -3  2 -2    6   7   0   2   1  22   2   5   8   0   7   7   3   1   8   6   2   0   7   2  0.23 0.16
  173 S   -2  5 -2 -3 -2 -2 -2  0 -3 -4 -3  4 -3 -5 -4  1  2 -5 -4 -4    1  31   0   0   1   0   0   6   0   0   1  30   0   0   0  13  16   0   0   0  0.76 0.33
  174 I   -3 -5 -3 -4 -2 -4 -5 -4 -4  5  4 -4  0 -2 -4 -2 -1 -4 -3  0    1   0   1   1   0   0   0   1   0  45  40   0   1   0   0   4   2   0   0   2  0.89 0.34
  175 P   -4 -5 -5 -5 -6 -5 -5 -6  0 -6 -6 -4 -6 -7  9 -2 -4 -7 -6 -6    1   0   0   0   0   0   0   0   2   0   1   0   0   0  93   2   0   0   0   0  2.92 0.72
  176 T   -2 -4 -1  1 -4 -4 -4 -3 -5 -2 -3 -4 -3 -3 -4  0  6 -5 -4  4    1   0   2   7   0   0   0   1   0   1   0   0   0   1   0   4  54   0   0  28  1.01 0.43
  177 Y   -2  0 -3 -2  3  3  4 -4  2 -4 -4 -2 -3  1  2 -2 -2 -3  4 -4    2   6   0   0   6  16  30   0   4   0   0   0   0   7  11   2   1   0  14   0  0.64 0.31
  178 T    5 -4 -3 -4 -3 -3 -3 -2 -4 -4 -4 -3 -4 -5 -3  4  2 -5 -4 -3   47   0   0   0   0   0   0   1   0   0   0   0   0   0   0  37  14   0   0   1  1.06 0.44
  179 D   -5 -5 -2  8 -7 -4 -2 -5 -5 -7 -7 -4 -7 -7 -5 -4 -5 -8 -7 -7    0   0   0 100   0   0   0   0   0   0   0   0   0   0   0   0   0   0   0   0  2.75 0.72
  180 T    0 -5 -5 -5 -4 -4 -5 -5 -3  4 -1 -4  5  5 -5 -2 -1 -2  3  0    7   0   0   0   0   0   0   0   0  25   0   0  15  32   0   2   4   0  11   5  0.86 0.34
  181 L   -4 -5 -6 -6 -4 -5 -6 -6 -5  3  6 -5  0  2 -6 -5 -4 -4  0 -1    0   0   0   0   0   0   0   0   0  13  74   0   0   8   0   0   0   0   3   1  1.26 0.42
  182 H   -3 -2 -3 -4  5 -2 -4 -5  5  2 -1 -4  1  3 -4 -3  1 -2  4  1    0   2   0   0  13   2   0   0  15  12   2   0   4  12   0   0   9   0  17  12  0.60 0.27
  183 I    3 -4 -4 -4 -1 -3 -4  1 -4  2 -2 -3 -2 -4 -4  1 -2 -5 -4  4   33   0   0   0   1   0   0  12   0  14   0   0   0   0   0  10   0   0   0  29  0.59 0.30
  184 Y   -6 -6 -6 -7 -2 -5 -6 -7  0 -5 -5 -6 -5  1 -7 -6 -5 -1 10 -5    0   0   0   0   1   0   0   0   1   0   0   0   0   4   0   0   0   0  94   0  3.04 0.78
  185 S    4 -4 -3 -4 -4 -3 -3 -3 -4 -5 -5 -3 -4 -5  1  6 -1 -6 -5 -3   29   0   0   0   0   0   0   0   0   0   0   0   0   0   7  62   1   0   0   1  1.21 0.48
  186 T    2 -4 -3 -2  5 -4 -4 -4 -5 -4 -4 -4 -4 -5 -2 -1  7 -6 -5 -3   15   0   0   2  13   0   0   0   0   0   0   0   0   0   2   1  66   0   0   1  1.38 0.51
  187 V    3 -3 -4 -4 -3  2 -3 -4 -3 -1  1 -3  0  2 -3 -2 -1 -4 -2  4   30   1   0   0   0  10   0   0   0   0  13   0   2  10   0   0   2   0   0  31  0.49 0.28
  188 E   -1 -1 -4 -2 -6  0  4 -4 -4 -6 -5  2 -5 -6  6 -3 -4 -6 -5 -5    6   3   0   1   0   3  27   0   0   0   0  13   0   0  47   0   0   0   0   0  1.33 0.44
  189 G   -3 -6 -3  1 -6 -5 -5  7 -5 -7 -7 -5 -6 -6 -5 -3 -5 -6 -6 -6    1   0   0   8   0   0   0  91   0   0   0   0   0   0   0   0   0   0   0   0  2.16 0.59
  190 Y   -4 -5 -4 -6  5 -4 -5 -6  4 -4 -4 -5 -4  4 -6 -4  2 -2  8 -4    0   0   0   0  12   0   0   0  11   0   0   0   0  14   0   0  13   0  51   0  1.61 0.51
  191 L    1 -5 -5 -5 -4 -4 -5 -4 -2  2 -1 -4 -2  0 -5 -4 -2 -3  6  5   11   0   0   0   0   0   0   1   0  10   3   0   0   2   0   0   2   0  28  42  0.90 0.37
  192 S    5 -4 -3 -4 -4 -3 -3 -3 -4 -5 -5 -3 -4 -5 -4  6 -2 -6 -5 -4   43   0   0   0   0   0   0   0   0   0   0   0   0   0   0  56   0   0   0   0  1.35 0.52
  193 Y   -5 -5 -6 -7 -5 -5 -6 -6 -4 -4  0 -6  4 -1 -7 -6 -5 10  7 -4    0   0   0   0   0   0   0   0   0   0  10   0  11   1   0   0   0  43  33   1  2.31 0.62
  194 R   -5  8 -4 -5 -7 -3 -4 -6 -4 -7 -6 -1 -5 -7 -6 -4 -5 -6 -5 -6    0  99   0   0   0   0   0   0   0   0   0   0   0   0   0   0   0   0   0   0  2.67 0.73
  195 H   -3 -2  6  2 -4 -2  0 -2  6 -4 -4 -2 -4 -4 -3 -1 -2 -4 -3 -4    1   1  47  11   0   1   7   1  21   1   1   1   0   0   1   4   1   0   0   1  1.10 0.35
  196 D   -1 -2 -2  4 -4 -2  0 -3 -3 -2 -4 -2 -4 -5  4  2  3 -5 -4 -2    3   2   0  27   0   0   5   0   0   2   0   2   0   0  22  14  20   0   0   2  0.71 0.30
  197 E   -1  1 -2 -1 -4  2  3  2  0 -3 -3  3 -1 -4 -3  0 -2 -4 -3 -3    3   8   0   2   0   8  23  14   2   1   3  26   2   0   0   7   1   0   0   1  0.45 0.23
  198 K   -2  4  1  2 -3 -1  1 -3 -1 -4 -4  3 -1 -5 -3  1  1 -5 -3 -4    2  25   6  13   0   1   8   0   1   1   0  22   2   0   0  11   8   0   0   0  0.52 0.25
  199 G   -3 -6 -4 -5 -6 -5 -6  8 -6 -7 -7 -5 -6 -7 -6 -4 -5 -6 -7 -7    0   0   0   0   0   0   0 100   0   0   0   0   0   0   0   0   0   0   0   0  2.50 0.65
  200 S   -2 -4 -3 -4 -4 -4 -4 -4 -4 -6 -6 -4 -5 -6 -4  7 -1 -6 -5 -5    0   0   0   0   0   0   0   0   0   0   0   0   0   0   0  99   1   0   0   0  2.12 0.70
  201 G   -5 -2 -5  3  4 -5 -5 -3 -5 -5 -5 -5 -5 -1 -6 -4 -5 11 -1  0    0   3   0  17   8   0   0   2   0   0   0   0   0   1   0   1   0  57   1   8  2.38 0.63
  202 F   -5 -6 -6 -7 -5 -6 -6 -6 -3 -3 -2 -6  4  8 -7 -5 -5 -2  6 -4    0   0   0   0   0   0   0   0   0   0   2   0  11  65   0   0   0   0  23   0  2.05 0.57
  203 I   -4 -6 -6 -6 -4 -6 -6 -7 -6  7 -1 -6 -1 -3 -6 -5 -3 -6 -4  4    0   0   0   0   0   0   0   0   0  70   0   0   0   0   0   0   0   0   0  29  1.72 0.52
  204 Q   -4 -2 -3 -3 -7  8  4 -5 -3 -6 -6 -1 -4 -7 -5 -3 -4 -6 -5 -6    0   1   0   0   0  68  29   0   0   0   0   1   0   0   0   0   0   0   0   0  1.97 0.64
  205 T    4 -4 -3 -3 -3 -3 -3 -3 -4 -3 -4 -3  0 -5 -4  2  5 -5 -4 -3   40   0   0   1   0   0   1   0   0   1   0   0   3   0   0  16  39   0   0   0  0.97 0.41
  206 L   -4 -5 -6 -7 -4 -5 -6 -7 -6  0  6 -5  4 -2 -6 -5 -4 -5 -4 -1    0   0   0   0   0   0   0   0   0   2  86   0  10   0   0   0   0   0   0   2  1.60 0.50
  207 T   -1 -4 -2  2  7 -4 -4 -4 -5 -2 -3 -4 -3 -4 -4 -1  3 -5 -4  4    4   0   1  13  29   0   0   0   0   0   0   0   0   0   0   4  18   0   0  30  0.97 0.38
  208 D    0  0  1  3 -3  1  4 -2 -2 -4 -4  0 -4 -5 -3  3 -1 -5 -3 -4    7   4   6  16   0   5  30   2   0   0   0   3   0   0   0  24   1   0   0   0  0.58 0.26
  209 V   -2 -5 -6 -6 -2 -5 -5 -6 -6  2 -1 -5  4 -4 -5 -4 -1 -6 -4  7    1   0   0   0   0   0   0   0   0   8   1   0   9   0   0   0   2   0   0  77  1.49 0.50
  210 F   -4 -5 -6 -6 -4 -5 -6 -6 -5  0  4 -5  1  6 -6 -5 -4 -3 -1 -1    0   0   0   0   0   0   0   0   0   4  48   0   3  43   0   0   0   0   0   1  1.35 0.43
  211 I    2  1  0 -1 -1  0  0 -1 -1 -1 -1  1 -1 -2 -1  1  2 -2 -2 -1   19  11   3   2   1   3   5   2   1   4   7   9   2   1   1  11  14   0   1   2  0.13 0.08
  212 H    0 -1  3  2 -5  3  4 -3  0 -5 -5  2 -4 -5 -3 -1 -2 -5 -4 -4    7   2  17   9   0  13  34   0   1   0   0  13   0   0   0   1   0   0   0   0  0.71 0.30
  213 K   -3  3  2  0 -3  3  2 -3  2 -4 -3  2 -2 -4  2 -1 -2 -1 -2 -4    0  20   9   4   1  14  13   0   6   0   3  12   1   0  12   2   0   1   1   0  0.49 0.23
  214 K    0  1  0  0 -3  0 -1 -1  4 -4 -4  3 -3 -1  0 -2 -2 -1  4 -3    9   6   4   7   0   3   1   5  12   0   0  24   0   2   5   1   1   1  17   0  0.40 0.22
  215 G    2 -2 -3 -4  2 -2 -2  5 -1 -4 -3 -2 -1 -4 -3 -2  0  6 -3 -3   20   2   0   0   5   1   2  44   1   0   2   2   1   0   0   1   7  11   0   0  0.81 0.32
  216 S   -3 -1 -1  4 -5 -1 -1 -4  8 -6 -5  2 -4 -5  2  0 -3 -6 -2 -5    1   3   1  22   0   1   3   0  36   0   0  15   0   0  10   6   1   0   0   0  1.05 0.39
  217 I   -2 -2 -2 -1 -3  0 -1 -4 -1  4  2  1 -1 -2 -3  0 -1 -4 -3  2    0   0   1   3   0   4   5   0   1  27  22  11   0   0   0   7   3   0   0  16  0.30 0.19
  218 L    2 -4 -4 -3 -1 -2 -1 -2 -4  0  5 -4  1 -2 -4 -3 -2 -4 -3 -1   20   0   0   1   1   1   5   3   0   2  59   0   2   0   0   0   2   0   0   2  0.66 0.31
  219 E   -4 -3 -2  5 -6  1  6 -5 -2 -6 -6 -2 -3 -6 -4 -1 -4 -6 -5 -6    0   0   0  34   0   4  57   0   1   0   0   1   1   0   0   3   0   0   0   0  1.51 0.50
  220 L   -4 -5 -5 -3 -4 -3 -5 -6 -5  3  5 -5  5  3 -4 -5 -3 -4 -3 -1    0   0   0   2   0   1   0   0   0  15  54   0  15  11   0   0   0   0   0   1  0.99 0.36
  221 T   -4 -5 -6 -6 -4 -4 -5 -6 -5 -1  5 -5  7  3 -5 -5 -3 -4 -3 -1    0   0   0   0   0   0   0   0   0   1  53   0  31  11   0   0   0   0   0   3  1.29 0.44
  222 E   -3 -3 -1 -3 -4  4 -1 -4  3 -3 -4 -2 -3 -5 -4 -1  6 -5 -4  2    1   0   3   0   0  19   2   1   8   0   0   1   0   0   0   2  51   0   0  13  0.94 0.42
  223 E   -3  0 -3 -2 -5 -1  4 -5 -3  4 -1  3  3 -4 -4 -3 -2 -5 -4 -2    0   5   0   1   0   1  35   0   0  26   3  19   8   0   0   0   1   0   0   0  0.68 0.33
  224 I   -3 -5 -6 -6 -4 -5 -5 -6 -6  1  3 -5  1 -2 -5 -5 -3 -5 -4  6    0   0   0   0   0   0   0   0   0   3  32   0   2   0   0   0   0   0   0  62  1.24 0.43
  225 T   -3 -3  6 -2 -2 -3 -3 -4 -3 -2 -1 -3 -4 -5 -4 -1  5 -5 -4 -2    0   0  48   0   1   0   0   0   0   2   6   0   0   0   0   1  39   0   0   2  1.27 0.47
  226 R   -1  7  2 -2 -5 -1 -3 -3 -2 -5 -3  0 -4 -5 -4 -3 -3 -5 -2 -5    6  71  11   2   0   1   0   1   0   0   2   1   0   0   0   1   0   0   2   0  1.44 0.47
  227 L   -3  5 -2 -4 -4  2 -2 -5 -3 -2  1  1  1 -4 -4 -3 -3 -5 -4  3    0  39   2   0   0  10   1   0   0   0  11   5   3   0   0   0   0   0   0  28  0.72 0.33
  228 M   -2 -3  2 -3 -3 -3 -3 -4 -3  3  0 -3  5 -2 -4 -3 -2 -3 -3  5    1   1  11   1   0   0   1   1   0  14   6   1  18   0   1   1   1   0   0  43  0.72 0.29
  229 A    3  0 -3 -3  6 -2 -2 -2  0 -2 -3  2 -1 -3 -3 -1 -2 -2 -2  1   34   5   0   1  18   1   1   2   3   1   1  14   1   0   1   2   1   1   1  14  0.51 0.24
  230 N    0  2  2  0 -5  2  4 -3  4 -4 -3  1 -2 -4 -3 -1  0 -5 -2 -4    7   9  12   3   0   8  32   0  10   0   2   8   1   0   0   1   5   0   1   0  0.55 0.26
  231 T    1  3  1 -2 -3  0 -1 -3  2 -2  0  0  0 -2 -3 -1  1 -3 -1  1   13  21   9   1   0   4   4   1   7   0  12   2   2   0   0   3   8   0   2  11  0.18 0.15
  232 E    1 -3 -2  3 -4 -1  5 -3 -3 -4 -4  0 -3  3 -3 -1 -1 -4 -1 -3   16   0   0  19   0   0  38   1   0   0   0   5   0  13   0   2   2   0   2   1  0.68 0.31
  233 V   -2 -3 -4 -3 -3 -2  2  1 -3  0  0 -3 -1  3 -4 -2 -1 -4 -1  4    0   1   0   0   0   0  17  12   0   2   9   0   1  13   0   1   3   0   1  37  0.41 0.26
  234 M    0 -1  0 -2 -3 -1 -1 -3  2 -1  1 -2  0  0 -3  3 -1 -3  3 -1    6   3   4   2   0   2   3   0   6   3  19   0   2   2   0  29   0   0  14   5  0.27 0.21
  235 Q    2 -1 -2 -2 -3  4 -1  2 -2 -2 -1 -2 -1  1 -3  0  0  1 -1 -2   19   2   0   1   0  25   2  19   1   2   6   0   1   6   0   4   5   2   2   2  0.31 0.22
  236 E   -3  0  0  0 -2  0  3 -2  0 -5 -5  1 -4 -4  5  1 -2 -5 -3 -4    0   5   4   5   1   2  25   2   2   0   0  10   0   1  30  13   1   0   0   0  0.74 0.31
  237 G   -2 -2 -1  4 -5 -2  1  4 -3 -3 -5 -2 -4  2 -4  1 -3 -4 -3 -4    1   2   2  25   0   1   7  40   0   1   0   1   0  10   0   9   0   0   1   0  0.74 0.31
  238 K   -2  1  1  2  1  0  3 -2  2 -2 -4  2 -2 -4 -3 -1  2 -5 -2 -3    2   8   6  13   3   2  25   2   6   2   0  13   1   0   0   1  14   0   1   1  0.42 0.22
  239 P    2  0 -2 -2 -4 -2  2 -2 -1 -2 -1 -1 -2 -3  5 -2 -2 -4  2 -3   18   6   2   1   0   0  15   3   1   3   5   3   1   0  31   1   1   0   9   1  0.57 0.26
  240 R   -2  5 -1 -3 -3 -1 -2 -3 -1  0 -3  4 -2  3 -3 -2 -3 -3  0  0    2  37   2   1   0   0   1   1   1   5   1  25   0  13   1   1   1   0   3   6  0.67 0.28
  241 K   -4 -1 -4 -4 -7 -2 -3 -5 -4 -6 -6  8 -5 -7 -5 -4 -3 -7 -5 -6    0   0   0   0   0   0   0   0   0   0   0  98   0   0   0   0   1   0   0   0  2.34 0.71
  242 V    2 -3 -3 -3 -4  6  2 -4 -3 -2 -4 -2  0 -5 -4 -3 -2 -5 -4  3   16   0   0   0   0  44  14   0   0   1   0   0   2   0   0   0   1   0   0  22  0.95 0.43
  243 N   -3 -4  3 -4  5 -4 -4 -5 -4  5 -2 -4  5 -3 -5  0  0 -5 -4  0    0   0  15   0  15   0   0   0   0  35   0   0  19   0   0   8   4   0   0   4  0.87 0.37
  244 P   -4 -5 -5 -5 -5 -4 -4 -5 -5 -2  2 -4 -3 -5  7  1 -4 -6 -5 -3    0   0   0   0   0   0   0   0   0   2  25   0   0   0  60  12   0   0   0   1  1.65 0.51
  245 E   -2 -4 -4 -3  8 -2  5  1 -4 -4 -4 -3 -4 -5 -5 -3 -4 -5 -5  1    2   0   0   0  31   0  44  11   0   0   0   0   0   0   0   1   0   0   0  12  1.27 0.46
  246 V   -3 -5 -5 -5  4 -4 -5 -6 -4  5 -1 -5  4 -1 -2 -2 -3 -4  3  3    0   0   0   0   9   0   0   0   0  43   1   0  11   2   2   2   0   0  12  17  0.90 0.35
  247 Q   -3  2 -3 -3  5  3  1 -5 -2 -1 -1 -2  0  2 -4 -3 -2 -4 -2  3    0  14   0   0  12  14  10   0   1   0   2   0   3  11   0   1   2   0   0  29  0.49 0.28
  248 S   -2 -4  3 -3 -4 -3 -3 -4 -4 -6 -6 -3 -5 -6 -4  7  0 -6 -5 -5    0   0  11   0   0   0   0   0   0   0   0   0   0   0   0  86   3   0   0   0  1.73 0.60
  249 T   -3 -3 -3 -4 -4 -3 -4 -5 -4 -3 -2 -4  7  3 -4  2  5 -4 -3 -3    0   0   0   0   0   0   0   0   0   0   0   0  32  11   0  19  38   0   0   0  1.17 0.47
  250 L   -5 -5 -7 -7 -4 -5 -6 -7 -6 -1  7 -6  1 -3 -6 -6 -4 -5 -4 -2    0   0   0   0   0   0   0   0   0   0  98   0   2   0   0   0   0   0   0   0  1.85 0.56
  251 R   -3  6 -3 -4  5 -1 -3 -5 -4 -5 -5 -2 -4 -5 -5 -2  5 -3 -5 -4    0  42   0   0  12   2   0   0   0   0   0   0   0   0   0   0  43   0   0   0  1.38 0.50
  252 K   -4  4 -3 -4 -4  0 -2 -4  0 -6 -5  7 -4 -6 -4 -3 -4 -6 -5 -5    0  25   0   0   0   2   0   1   2   0   0  70   0   0   0   0   0   0   0   0  1.65 0.53
  253 K   -1  3 -2  2 -5  1  3 -3  2 -4 -2  2 -3  0 -3 -1 -2 -4 -3 -4    5  21   0  11   0   5  25   1   5   0   5  13   0   4   0   3   0   0   0   0  0.48 0.23
  254 L   -4 -5 -6 -6 -4 -5 -6 -6 -5  0  6 -5  0  3 -6 -5 -4 -4 -3  2    0   0   0   0   0   0   0   0   0   1  76   0   1  11   0   0   0   0   0  12  1.28 0.42
  255 Y   -5 -4 -6 -7  6 -5 -6 -6 -1 -4 -4 -5 -4  3 -6 -4 -5 -2  9 -4    0   0   0   0  14   0   0   0   1   0   0   0   0  10   0   1   0   0  73   0  2.36 0.64
  256 L   -5 -5 -6 -7 -5 -6 -6 -6 -5 -2  4 -6 -2  7 -6 -5 -4 -3 -1 -2    0   0   0   0   0   0   0   0   0   0  47   0   0  51   0   0   0   0   0   2  1.59 0.49
  257 Q   -3  4 -2 -2 -5  6  0 -4  2 -5 -4  3 -3 -5 -3 -2 -3 -4 -3 -4    0  21   0   0   0  55   0   0   6   0   0  18   0   0   0   0   0   0   0   0  1.13 0.32

                      K         Lambda
Standard Ungapped    0.1333     0.3140
Standard Gapped      0.0563     0.2670
PSI Ungapped         0.1835     0.3110
PSI Gapped           0.0563     0.2670
