
Last position-specific scoring matrix computed, weighted observed percentages rounded down, information per position, and relative weight of gapless real matches to pseudocounts
           A  R  N  D  C  Q  E  G  H  I  L  K  M  F  P  S  T  W  Y  V   A   R   N   D   C   Q   E   G   H   I   L   K   M   F   P   S   T   W   Y   V
    1 M   -1 -2 -3 -4 -2 -1 -3 -3 -2  1  2 -2  6  0 -3 -2 -1 -2 -1  2    0   0   0   0   0   0   0   0   0   0  15   0  62   0   0   0   0   0   0  23  0.44 0.06
    2 A    3 -2 -1 -2 -2 -1  0  4 -2 -3 -3 -1 -2 -3 -2  2 -1 -3 -3 -2   35   0   0   0   0   0   5  39   0   0   0   0   0   0   0  21   0   0   0   0  0.52 0.09
    3 S   -1 -3 -2 -2 -3 -2 -2 -2 -3 -3 -3 -2 -3 -4  6  4 -1 -4 -3  0    0   0   0   0   0   0   0   0   0   0   0   0   0   0  42  48   0   0   0   9  1.02 0.22
    4 S   -1 -2 -1 -1 -3 -2 -2  4  1 -4 -4 -2 -3 -4 -3  4  0 -4 -3 -2    0   1   1   1   0   0   1  34   4   0   0   0   0   0   0  54   3   0   0   2  0.70 0.23
    5 S    1 -3 -1 -2 -2 -1 -2 -2 -3  1 -2 -2 -2 -2 -2  5  0 -4 -3 -2    9   0   0   0   0   1   0   0   0  11   3   0   0   1   1  74   0   0   0   0  0.76 0.29
    6 A    3 -2 -2 -2 -2 -2 -2 -1 -2 -2 -1 -2  1  1 -2  4  2 -3 -2 -2   26   0   0   0   0   0   0   1   0   1   6   0   6   8   0  41  11   0   0   0  0.40 0.20
    7 P   -3 -3 -4 -3 -1 -3 -1 -4 -4 -5 -5  1 -4 -6  8 -3 -3 -6 -5 -4    0   0   0   0   2   0   4   0   0   0   0  11   0   0  83   0   0   0   0   0  2.17 0.41
    8 D   -3  2 -1  7 -5 -2 -1  0 -1 -5 -5 -2 -5 -5 -4 -2 -3 -6 -5 -5    0  14   0  76   0   0   0   9   1   0   0   0   0   0   0   0   0   0   0   0  1.41 0.38
    9 E   -3  1 -3 -1 -6 -1  7 -5 -3 -5 -5  1 -4  1 -4 -3 -3 -5 -4 -5    0   7   0   0   0   0  76   0   0   0   0   9   0   7   0   0   1   0   0   0  1.36 0.48
   10 N   -3  4  6 -1 -5 -1  0  0  3 -5 -5 -1 -4 -5 -4 -1 -3 -5 -4 -4    0  23  50   1   0   1   7   8   7   0   0   0   0   0   0   2   0   0   0   1  1.02 0.39
   11 E   -4 -2 -2  2 -6  1  5 -4  7 -6 -5  0 -4 -5 -4 -2 -3 -5 -3 -5    0   0   1  12   0   5  49   0  27   0   0   4   0   0   0   1   1   0   0   0  1.25 0.45
   12 F   -2 -4 -4 -5  6 -4 -4 -5  5 -2  1 -4 -1  6 -5  0 -2 -3  2 -2    3   0   0   0  19   0   0   0  15   0  13   0   1  34   0   7   2   0   5   2  0.89 0.37
   13 Q   -4 -3 -3 -2 -6  5  5 -4 -3 -6 -5 -2 -4 -6  5 -3 -4 -6 -5 -5    0   0   0   0   0  24  45   0   0   0   0   0   0   0  31   0   0   0   0   0  1.47 0.55
   14 F   -2  0 -1 -4 -4 -1 -3 -1  3 -2  0 -2 -2  6 -4  1 -2 -3  0  1    1   7   2   0   0   3   0   4   8   0   7   1   0  37   0  16   2   0   0  11  0.51 0.30
   15 G   -2 -3 -3 -3 -4  0  3  4 -2 -4  0 -3 -3 -4  4 -1 -2 -5 -4 -3    1   0   0   0   0   4  19  36   1   0  11   0   0   0  22   3   1   0   0   1  0.72 0.33
   16 C   -4 -3 -6 -7 11 -6 -6 -6 -2 -5 -4 -6 -5 -1 -6 -4 -4 -2  3 -3    1   1   0   0  82   0   0   0   1   0   1   0   0   2   0   0   0   0  10   1  2.99 0.78
   17 P   -3 -4 -5 -4 -6 -3  2 -5 -5 -5 -5 -1 -5 -6  8 -4 -4 -6 -5  0    1   1   0   0   0   0  15   0   0   0   0   3   0   0  72   0   0   0   0   7  1.98 0.61
   18 P   -1  2  0 -2 -4  0  2 -2 -2 -3  0  0 -2 -2  3 -1  1 -3  3 -2    3  12   5   0   0   2  17   3   0   0  11   3   0   1  15   4   9   0  13   1  0.29 0.21
   19 A    3  1  1 -1 -1  0 -2  1 -1 -3 -2 -2 -1 -3 -2  1  2 -3 -3 -1   32   8   9   2   1   3   1  11   1   1   2   1   1   0   1  11  12   0   0   2  0.30 0.20
   20 P    0 -1 -2  1 -2 -1 -1 -1  1  1 -2  1 -2 -2  3  0 -1 -3  2  1    6   2   1   9   1   1   3   4   4  12   1  12   0   0  14   9   2   0   8  10  0.16 0.13
   21 C   -3 -5 -5 -6 11 -5 -6 -5 -5 -3 -1 -5 -4 -4 -5 -3 -1 -5 -3 -4    1   0   0   0  78   0   1   1   0   1   7   0   0   1   0   2   4   0   1   1  2.76 0.78
   22 Q   -2  0  0 -1 -5  4  3 -3  4 -4 -4  3 -2 -5 -2 -1 -2 -4 -3 -4    2   3   5   2   0  23  23   1  10   0   1  18   1   0   2   4   2   0   0   1  0.66 0.35
   23 D   -1  1 -1  3  3 -1  4 -3 -3 -2 -3 -1 -3  2 -3 -2  0 -2  1 -3    4   7   3  15   7   1  29   1   0   2   2   2   0  12   0   2   7   0   5   0  0.43 0.28
   24 P   -1  4 -3 -2  0  1  2  1 -2 -3 -3  2 -2 -4  2 -2 -2 -4 -4 -1    4  28   0   1   2   5  13  13   0   1   2  12   1   0  11   1   1   0   0   5  0.46 0.28
   25 S   -2 -3 -3 -3  9 -1  2 -4  2 -3 -2 -2 -4 -5  2  0 -3 -5 -4 -4    2   1   1   1  44   2  14   1   5   1   4   2   0   0  11   8   1   0   0   0  1.31 0.52
   26 E   -1 -3 -2  0  6 -2  4  1 -2 -1 -3  2 -3 -4  0 -2 -2 -4 -3 -2    4   0   1   6  18   0  28  13   1   4   2  12   0   0   5   2   1   0   1   2  0.55 0.32
   27 P    0 -2 -1 -2 -4  1  0 -3  5 -3 -2  1  1 -2  4 -2 -2 -2  3 -2    7   1   2   1   0   8   7   1  16   1   4  10   3   1  22   2   1   1  10   2  0.52 0.28
   28 R   -4  7 -2 -5  6 -2 -4 -3 -4 -5 -4  1  2 -2 -5 -3 -4 -5 -4 -2    1  56   2   0  17   1   0   2   0   0   1   7   6   2   0   2   0   0   0   2  1.42 0.58
   29 V    1 -2 -1 -1 -3  0  2 -3  0 -1  0 -1  0 -2  0  0  1 -3  2  1   12   1   3   2   0   2  14   1   2   3  10   2   2   1   5   8  12   0   9  11  0.12 0.15
   30 L   -1 -3 -3 -3 -3 -2 -3 -2 -1  0  3 -3  2  0  0 -1  1 -1  2  1    5   0   0   1   0   1   1   3   2   3  39   1   4   3   4   3  11   1   9   8  0.33 0.23
   31 C   -2  1  3 -3  8 -2 -3 -2 -2 -3 -4 -1 -4 -4 -2  0  3 -4 -4 -3    1   9  15   0  34   2   1   3   1   2   1   4   0   0   2   5  19   0   0   1  1.00 0.43
   32 C   -4 -4 -5 -5 11 -4 -5 -3 -5 -5 -4  3 -5 -5 -5 -2 -4 -5 -5 -4    1   1   0   0  69   1   0   2   0   0   2  18   0   0   0   2   1   0   0   0  2.61 0.81
   33 T    0  1 -1 -1 -4  2  2 -1 -3 -4 -3  4 -3 -4 -1  1  1 -1 -4 -4    7   6   2   2   0  10  11   4   0   0   1  32   0   0   3  13   8   1   0   0  0.46 0.29
   34 A    2 -2 -2  0 -2 -3 -1 -2  3 -3 -2 -2 -3  2 -3 -2 -1  4  5 -1   21   2   1   7   1   0   4   2   9   0   3   2   0   9   1   2   3   5  25   3  0.53 0.30
   35 C   -3 -5 -4 -4 10 -5 -5 -5 -3 -1 -3 -2  0 -5 -5 -4 -3 -5 -5  3    1   0   1   1  63   0   1   1   1   3   2   3   2   0   1   1   1   0   0  18  2.20 0.69
   36 L   -1  0 -1 -3 -2  0 -2 -1  0 -1  2  2  3 -1 -2 -1 -2 -3 -2  2    3   3   3   0   1   3   0   4   3   2  26  19   9   2   2   4   1   0   0  14  0.23 0.21
   37 S    0  2 -1 -3 -2  0 -1 -2  1 -2 -2 -1 -2 -2  2  3  2 -3 -1  1    8  11   2   0   0   3   2   3   4   0   3   2   0   1   9  24  13   0   2  12  0.25 0.22
   38 E   -1  1 -1  0 -4  1  2 -3 -2  0 -2  2 -1  3 -1  0 -1  4  0 -2    3   6   2   4   0   8  14   1   0   8   3  15   1  15   2   7   3   5   2   1  0.22 0.19
   39 N   -2 -2  4  2 -2 -1  2 -3  3  1 -3  2  0 -1 -1 -1  0 -5 -1 -2    3   0  22  10   1   2  12   0   9  10   0  13   3   2   2   3   4   0   2   2  0.36 0.26
   40 L   -2 -4 -3 -2 -2 -2  0 -5 -2  0  4 -4  1  3 -3 -2 -3 -3  0  1    3   0   1   2   1   1   8   0   1   4  49   0   3  12   1   2   0   0   3   8  0.56 0.32
   41 R   -1  3 -2 -3  1  5  1 -4 -3 -1 -3  3 -3 -2 -1  0 -3 -4  0 -3    5  18   1   0   3  26   6   0   0   4   1  19   0   2   2   5   1   0   4   1  0.57 0.36
   42 D    0 -1  4  3 -5 -1  1 -4 -2 -3 -5  4 -4 -5 -2  0 -2 -6 -5 -3    8   2  23  16   0   1  10   0   1   1   0  28   0   0   2   5   1   0   0   1  0.68 0.38
   43 D    2 -4  3 -2 -2 -3 -2  0  9 -4 -5 -4  0 -4 -5 -1 -4 -6 -2 -5   20   0  12   2   1   0   2   7  48   1   0   0   2   0   0   3   0   0   1   0  1.43 0.61
   44 E   -3 -3  1 -3 -1  1  4 -5  7 -5 -1  2 -4 -5  0 -3 -3 -5 -3 -3    1   0   7   0   1   4  26   0  31   0   7  15   0   0   4   0   0   0   0   1  0.99 0.47
   45 D   -3 -2  1  5 -4  1  4 -3 -1 -4 -4 -1  0 -5 -3 -2 -1 -3 -3 -2    1   1   7  37   0   5  28   1   1   0   1   2   3   0   1   1   3   0   1   4  0.84 0.41
   46 R    0  1  3  0 -4  1  3 -2  2 -4 -3  0 -3 -2 -1 -1  2  0 -3 -3    6   7  15   3   0   7  21   2   6   0   2   3   0   1   2   3  16   2   0   1  0.36 0.24
   47 I   -2 -4 -3  0 -3 -3  1 -3 -4  4  0 -2  1 -3 -4 -1  0 -4 -3  4    2   0   0   5   0   0  11   2   0  26   8   2   3   0   0   4   5   0   0  30  0.48 0.28
   48 C   -5 -9 -8 -9 12 -8 -9 -8 -8 -6 -6 -8 -7 -8 -8 -6 -6 -7 -8 -6    0   0   0   0 100   0   0   0   0   0   0   0   0   0   0   0   0   0   0   0  4.49 1.26
   49 P   -1 -4 -3 -2 -6  3 -2 -4 -3 -6 -3 -3 -5 -6  8 -3 -4 -6 -3 -3    5   1   1   2   0  14   2   1   1   0   3   1   0   0  64   2   1   0   1   1  1.73 0.67
   50 K    1 -1  0 -3  3  0  2 -3 -1 -5 -4  5  0 -5 -4  0 -3 -5 -4 -4   11   1   5   0   6   4  13   1   1   0   1  46   2   0   0   7   0   0   0   1  0.78 0.43
   51 C   -2  0 -3 -6  7 -5 -5 -6 -3 -2 -3 -5 -2  5 -6 -2 -3 -3  4  1    3   5   2   0  27   0   0   0   0   2   1   0   1  27   0   3   1   0  16  12  1.17 0.50
   52 R   -2  1 -3 -4 -5  0 -2 -3 -3 -4 -3  2  0 -6  7 -1 -2 -6 -5  0    3   7   1   0   0   4   2   1   0   1   2  12   2   0  52   5   2   0   0   7  1.21 0.52
   53 A   -1 -1 -3 -3 -1 -2  0  0  0  0  2 -3  3 -3 -3 -1 -1 -4 -2  3    4   4   1   1   1   1   8   7   3   4  22   0   8   0   1   4   3   0   1  27  0.25 0.22
   54 D   -1 -1  0  1 -1  1  2 -3 -1  0 -3  1 -2 -3  0  3  3 -5 -3 -2    3   2   3   7   1   8  12   0   1   6   1   7   1   1   5  24  17   0   1   1  0.32 0.26
   55 N   -4 -5 -1  2 10 -1 -2 -2 -5 -6 -3 -3 -5 -5 -6 -2 -2 -7 -4 -5    0   0   3  12  67   3   2   4   0   0   2   1   0   1   0   2   2   0   0   0  2.31 0.79
   56 L   -2 -1 -2  2  0  1  1 -3  0 -1 -2  2 -3 -4  6 -1 -2 -4 -3 -2    2   2   1  11   2   5   7   2   3   4   5  12   0   0  36   3   2   0   0   2  0.67 0.30
   57 H   -1 -1  4  1 -3  2 -1 -2  5 -3 -3  0 -2  1 -2  1 -2  2  1 -3    3   1  20   7   1   9   2   2  16   1   2   4   1   6   2   9   2   3   6   1  0.40 0.21
   58 P   -2 -1 -2 -2  6  0  2 -3  3 -2 -3  3 -2 -3  0  1  0 -3 -3 -3    1   1   1   1  17   2  17   1   7   2   2  20   1   1   4  13   7   0   0   2  0.49 0.28
   59 V   -2 -2 -1 -3  8 -2 -1  4  0 -2 -1 -2 -2 -2 -3 -2 -2 -2 -4  0    1   2   2   1  30   2   4  28   3   2   7   3   1   1   1   3   2   1   0   7  0.77 0.35
   60 S   -1 -2  0 -1  7 -1  0 -1 -2 -3 -1  1 -3 -4 -4  3  0 -5 -2 -3    3   1   4   2  23   3   7   5   1   1   7  12   0   0   0  25   5   0   1   1  0.53 0.33
   61 P    0 -1 -2  0  2  2  1  2 -2 -2 -2  1 -2  0  2  0 -1 -2 -2  0    7   2   0   4   6  10   7  16   1   1   2  11   0   4  11   6   3   0   0   7  0.19 0.16
   62 G   -2  0  0 -2 -1  1  0  3 -3  0 -4  4 -3 -3 -2  1  0 -5 -4 -3    0   3   5   1   1   6   5  21   0   6   0  33   0   1   2   9   4   0   0   1  0.46 0.30
   63 S   -1 -1 -1 -3 -3 -1 -1 -3 -3  3 -1  3 -1 -2 -2  3  1 -5 -3 -1    3   2   2   0   0   2   2   1   0  19   6  24   1   2   1  23   8   0   0   3  0.35 0.28
   64 P   -1 -1 -3 -2  0 -1 -2 -4 -2 -1  2  3 -2 -2  4 -1 -1 -5 -2 -2    5   2   0   2   2   3   2   0   0   3  22  25   0   2  22   4   3   0   1   1  0.47 0.30
   65 L   -3  4 -4 -3 -2 -2 -4 -4 -4  4  3  0  0  0 -2 -2 -2 -3 -3 -1    1  25   0   1   1   1   0   1   0  24  28   5   1   4   2   2   1   0   0   2  0.56 0.33
   66 T    1  2 -2 -2 -4 -2  0 -2 -3 -3 -3  0 -3 -4  4  2  2 -5 -4 -3   12  13   1   2   0   0   5   3   0   1   3   5   0   1  25  15  14   0   0   0  0.53 0.31
   67 Q   -3  5 -2  1 -5  4  3 -4 -3 -5 -3  2 -4 -5 -3  1 -2 -4 -4 -5    0  29   1   6   0  16  21   1   0   0   2   9   0   0   1  13   1   0   0   0  0.78 0.41
   68 E   -4 -3 -1 -1 -6 -1  6 -4  0 -2  0  0 -3  0 -4 -3 -4 -5 -2  1    0   1   3   2   0   1  56   1   2   1  12   6   0   5   0   0   0   0   1  10  0.90 0.48
   69 K   -1  1  2  0 -5  2  0 -4 -2 -4 -4  5 -4 -5 -2  1 -1 -5 -4 -4    4   5  11   5   0  10   4   0   1   1   1  45   0   0   1   9   3   0   0   0  0.76 0.40
   70 V    1 -1  1  1 -3  0  2 -2  2  0 -1 -1 -1  3 -3 -1 -2 -2  2 -1   12   2   6   8   0   4  14   1   7   5   4   2   1  18   0   4   1   0   6   4  0.20 0.18
   71 H   -3  1  1 -4 -4  4 -2 -4  9 -5 -2 -2 -4 -4 -1 -2 -3 -5 -2 -1    1   8   6   0   0  21   1   1  44   0   4   1   0   0   4   2   1   0   0   5  1.33 0.56
   72 S   -2  0 -2  4 -3  1 -1 -1  3 -4  0  1 -3 -2  2  2 -1 -5 -3 -3    0   4   0  25   0   8   2   3   7   0  12   8   0   1   8  15   4   0   0   0  0.36 0.27
   73 D    1 -2 -1  3 -5 -1  3 -2  7 -5 -5 -2 -4 -5 -3 -1  1 -5 -3 -4   10   1   2  14   0   1  23   2  29   0   0   2   0   0   1   4   9   0   0   1  0.85 0.42
   74 V   -3 -6 -4 -6 11 -6 -6 -3 -6 -1 -4 -4 -3 -6 -1 -2 -2 -6 -6  1    2   0   1   0  69   0   0   2   0   3   1   1   1   0   4   3   2   0   0  10  2.42 0.77
   75 A    1 -2 -2 -3 -4 -3 -1  2 -4 -2 -2 -2 -3 -3  5  2 -1 -5 -4  0   12   2   1   0   0   0   4  18   0   2   4   1   0   1  26  20   3   0   0   7  0.55 0.31
   76 E   -3  2  3 -2 -5 -1  3 -4 -3 -2 -5  5 -2 -5 -4  0 -2 -5 -4 -2    1  10  12   0   0   0  21   1   0   2   0  42   1   0   0   5   1   0   0   2  0.86 0.43
   77 A    3 -2  0 -1  5 -3 -3 -2 -3 -2  0  0  1  1 -3  1 -1 -4 -1 -1   31   2   5   4  13   0   0   2   0   1   7   7   4   7   0  12   1   0   2   2  0.36 0.26
   78 E   -3  3 -3 -3 -5  2  2 -1 -3 -3 -3  5 -1 -5  3 -3 -3 -5 -4 -3    0  15   0   0   0   8  15   4   0   2   2  37   2   0  12   0   0   0   0   1  0.79 0.41
   79 I    1 -1 -3  2 -3  2  0 -3 -4  0 -1 -3  0 -4 -4  1  0 -2 -4  4   10   3   0  11   0  10   5   1   0   3   3   0   2   0   0  12   4   1   0  35  0.36 0.28
   80 M    1 -3 -1  1 -2 -3 -1  2  1 -2 -3 -2 -2 -4  5  0  2 -5 -2 -2   10   1   2  10   1   0   2  14   4   2   2   1   1   0  28   7  12   0   1   3  0.52 0.28
   81 C   -5 -8 -7 -8 12 -7 -8 -7 -8 -6 -6 -8 -6 -7 -7 -6 -6 -7 -7 -5    0   0   0   0  98   0   0   0   0   0   0   0   0   0   0   0   0   0   0   0  4.32 1.17
   82 P   -3  5 -2 -2  0  0 -1 -4  0 -2 -3 -1 -4 -5  5  1 -3 -3 -4 -1    0  30   1   2   2   4   4   1   2   3   2   2   0   0  29  13   0   0   0   4  0.78 0.39
   83 F   -5 -5 -5 -6 -3 -5 -5 -5 -4 -4 -3 -5 -3  9 -6 -5 -5  1  1 -4    1   0   1   0   1   0   1   1   0   0   1   1   0  87   0   1   1   2   2   1  2.56 0.76
   84 A    1 -1 -2 -3  0  1  1 -3  5 -3 -4  3 -2 -3 -3  3 -1 -4 -3 -2   13   2   1   0   2   6   9   1  16   2   1  18   1   1   0  25   2   0   0   2  0.50 0.31
   85 G    1  2 -2  0 -3  0  2  1  3 -2 -3  0 -3 -4  0  0  0 -4 -2  1   11  15   1   5   0   2  17   9   8   2   0   4   0   0   4   6   4   0   1  12  0.22 0.18
   86 V   -3 -5 -5 -3 -4 -4 -3 -5  0  2 -1 -5 -1  0 -4 -4 -3 -3  5  5    0   0   0   2   0   0   2   0   2  12   3   0   1   3   1   0   0   0  23  50  1.09 0.48
   87 G   -4 -6 -4 -5 -6 -6 -6  8 -6 -7 -7 -5 -6 -7 -6 -3 -5 -6 -7 -5    0   0   0   0   0   0   0  97   0   0   0   0   0   0   0   1   0   0   0   1  2.54 0.82
   88 C   -5 -8 -7 -8 12 -7 -8 -7 -8 -6 -6 -8 -2 -7 -7 -6 -6 -7 -7 -5    0   0   0   0  97   0   0   0   0   0   0   0   1   0   0   0   0   0   0   0  4.25 1.15
   89 S    0 -1  0  1 -3 -1 -1 -3 -1 -3 -2  0 -2 -4  3  3  3 -5 -4 -1    8   3   5   7   0   2   2   1   1   0   3   6   0   0  13  21  23   0   0   5  0.38 0.27
   90 F   -1 -3 -4 -2 -5 -2  3 -5 -1 -1 -3 -3  1  6 -5 -2 -1  4  1  1    5   1   0   2   0   1  21   0   1   2   0   1   3  37   0   3   3   5   4  11  0.75 0.40
   91 K   -3  2 -3 -4 -5  2 -2 -4 -4 -3 -1  5  4 -5 -4  0  0 -5 -4  1    0   8   0   0   0   9   0   1   0   1   6  43  11   0   0   6   5   0   0  10  0.73 0.42
   92 G   -2 -5 -4 -1 -5 -5 -3  5 -5  0 -2 -5  1 -5 -5 -4 -4 -6 -3  4    1   0   0   5   0   0   1  51   0   4   4   0   3   0   0   0   0   0   1  29  1.05 0.49
   93 S   -3 -2  0  1 -5 -2  4 -2 -3 -2 -1  1 -4 -5 -2  2  2 -5 -4 -4    0   1   4   5   0   0  34   2   0   3   7  10   0   0   1  19  14   0   0   0  0.57 0.37
   94 P   -2  3  5 -2 -5 -1 -2 -2 -1 -3 -3  3  1 -5  1 -1 -1 -5 -4 -3    3  16  31   0   0   1   1   3   1   1   2  20   4   0   8   4   3   0   0   2  0.63 0.35
   95 Q   -3  0 -1  0 -4  4  5  2 -3 -6 -5  1 -4 -6 -3 -2 -3 -5 -5 -5    0   4   2   3   0  19  43  17   0   0   1   7   0   0   1   2   0   0   0   0  0.93 0.45
   96 S   -2  0  2  0 -5  3  1 -2 -2 -5 -2  5 -3 -3 -4  1 -2 -4 -4 -4    2   3   9   4   0  14   6   2   0   0   4  43   0   1   0   8   1   0   0   1  0.70 0.38
   97 M   -4 -3 -5 -5 -2  2 -2 -6  0  4  3 -4  4  0 -5 -4 -1 -4 -3  1    0   1   0   0   1  12   2   0   2  21  34   0  13   3   0   0   3   0   0   8  0.67 0.36
   98 Q   -2  2 -2 -3 -2  5  0 -2  3 -5 -2  4 -2 -5  1  0 -3 -5 -4 -4    3   9   1   0   1  27   4   3   6   0   3  28   1   0   7   5   1   0   0   0  0.69 0.39
   99 E    0 -4 -3  3 -6  2  6 -3 -4 -4 -6 -3 -2 -6 -3 -2 -4 -6 -5 -2    9   0   0  17   0   8  57   1   0   1   0   0   1   0   1   1   0   0   0   3  1.23 0.56
  100 H   -6 -5 -4 -6 -8 -2 -5 -7 11 -8 -7 -5 -6 -6 -7 -6 -6 -7  0 -8    0   0   0   0   0   1   0   0  95   0   0   0   0   0   0   0   0   0   3   0  3.84 1.13
  101 E   -4 -4  0  0 -7  1  7 -5 -1 -4 -4 -3  0 -7 -5 -3 -5 -6 -6 -6    0   0   4   3   0   4  79   0   2   1   2   0   2   0   0   1   0   0   0   0  1.80 0.73
  102 A    2  1  0 -3 -3  1  0 -2  3 -3 -3  2 -3 -4 -3  2 -1 -5 -3  0   19   7   5   0   0   8   4   2   8   0   2  14   0   0   0  20   2   0   0   8  0.34 0.26
  103 T    0 -2  0 -2  2  3 -1 -3 -2 -3 -2  1 -3 -5 -4  4  3 -5 -4 -3    8   1   3   1   4  14   4   1   1   1   3  10   0   0   0  30  19   0   0   0  0.52 0.35
  104 S    2 -1 -2 -4  5 -2 -1 -3  1 -4 -3 -2 -4  1 -4  4 -1  3  0 -3   18   4   1   0  13   1   3   1   4   0   2   1   0   6   0  37   3   4   3   0  0.63 0.38
  105 Q    2 -3 -4 -4 -3  1 -1 -4  2  1  3 -3  1 -3 -4 -1  0 -4 -3  2   20   0   0   0   0   8   4   0   5   6  27   0   4   0   0   3   5   0   0  16  0.35 0.26
  106 S    2  3 -2 -3 -2  1 -2  2  0 -2 -3 -2  1 -3 -3 -1  0 -4  1  2   17  16   1   0   1   6   1  16   2   1   1   0   5   0   1   4   5   0   6  18  0.27 0.24
  107 S    1 -3 -1  2 -5  2  5 -2  3 -5 -4 -2 -1 -4 -2  0  0 -5 -4 -2   11   0   2  10   0  10  39   3   6   0   1   1   2   1   1   5   5   0   0   2  0.63 0.36
  108 H   -6 -5 -4 -6  1 -4 -5 -7 11 -8 -7 -4 -6 -6 -7 -6 -6 -7 -3 -8    0   0   0   0   3   0   0   0  95   0   0   1   0   0   0   0   0   0   0   0  3.83 1.13
  109 L   -3 -5 -6 -6 -4 -3 -5 -6 -5 -1  5 -5  6 -1 -1 -5 -4 -5 -4  1    1   0   0   0   0   1   0   0   0   2  61   0  20   1   3   0   0   0   0   9  1.27 0.52
  110 Y    0  2  4 -1 -2  1 -1 -1  2 -3  1 -1 -2 -1 -4 -1 -2 -4  2 -2    7  13  24   3   1   8   2   3   5   0  19   2   0   3   0   3   0   0   7   1  0.31 0.25
  111 L   -5 -4 -6 -6 -5 -4 -4 -5 -3 -2  6 -4  7 -2 -6 -4 -4 -5 -4 -3    0   1   0   0   0   1   1   1   1   0  67   1  25   1   0   1   0   0   0   0  1.54 0.61
  112 L   -4 -3 -6 -6 -4 -5 -6 -6 -6  0  6 -5  4 -3 -6 -5 -3 -5 -4  3    0   1   0   0   0   0   0   0   0   2  67   0  11   0   0   0   1   0   0  17  1.32 0.53
  113 L   -1  0 -4 -4 -3 -3 -3 -4 -2 -1  5 -2 -1 -1 -4 -3 -2 -1 -3  0    5   5   1   1   0   1   1   1   1   1  70   2   0   1   1   1   3   1   0   4  0.92 0.39
  114 A    0  0  0  1 -2  3  1  1  2 -3 -2  0 -1 -3 -1  1  0 -3 -2 -2    9   4   4   6   0  18   6  13   6   1   3   4   2   1   2  13   5   0   1   2  0.21 0.13
  115 V    0 -1 -1 -2  1 -1 -2 -2  3 -1 -1  1  1  3 -2  0  0 -2  2  0    7   3   2   1   3   2   2   3  10   2   5  13   3  18   1   8   4   0   6   7  0.17 0.13
  116 L    0 -2 -2 -3 -1 -2 -2 -3 -3  3  1 -2  3 -1 -2 -2  0 -2 -2  3    6   1   2   1   1   1   3   2   1  20  14   1   8   2   1   2   5   0   1  26  0.31 0.16
  117 K   -2  1 -2 -1 -1 -1  1 -3 -1 -1  2  3  2 -2 -3  0  0 -3 -2 -2    1   8   1   4   1   2   9   1   2   3  25  23   6   1   1   5   7   0   1   2  0.24 0.18
  118 E   -1 -2  0  2 -4  4  4  0  0 -4 -4 -1 -3 -5 -1  1 -1 -4 -4 -4    3   1   3   9   0  23  29   6   2   0   2   3   0   0   3   9   4   0   0   0  0.61 0.33
  119 W    0 -2 -2 -4  0 -2 -3 -2 -2  1  3  1  1 -1 -4 -2 -1  7 -1  1    7   1   1   0   2   1   0   3   1   6  29   9   3   1   0   3   4  15   1  11  0.44 0.25
  120 K   -2  1  2 -1 -4  1  0 -2  0 -4 -3  5 -1 -4 -1  1 -2 -4 -4 -3    3   5  10   2   0   6   3   2   2   0   3  45   2   0   3  11   1   0   0   2  0.65 0.34
  121 S    2 -1  1 -1 -2 -1 -1  0  0 -1 -1 -2 -1  1  0  1  0 -3 -2  1   26   3  10   2   0   2   4   6   3   2   4   1   1   7   4   9   6   0   0  10  0.13 0.14
  122 S   -1 -1  1  0  1  3  1  0 -1 -3 -1  0 -1 -3  0  2  0 -2 -2 -2    3   2   6   5   4  15  11   7   1   1   8   4   1   1   3  21   4   0   1   2  0.20 0.17
  123 P   -1 -1 -3 -4  0 -1 -2 -4 -2  0  4 -1  0 -2  0  0 -2 -1 -2  0    4   3   0   1   2   3   3   1   1   2  52   3   1   1   5   9   1   1   1   5  0.46 0.27
  124 G   -2 -2  0 -2  4  0  4  3 -1 -3 -2 -1  1 -3 -3  0 -2 -4 -4 -1    1   2   4   1  10   4  28  24   1   0   4   2   4   1   1   5   1   0   0   5  0.45 0.27
  125 S    0  0  0  2 -1  1  3 -1 -2 -2 -2  0 -2 -4  1  2  0 -4 -3 -2    8   3   4  13   1   4  19   3   0   1   3   6   1   0   7  18   6   0   0   3  0.26 0.17
  126 N    0  2  1 -1 -3  3 -1  1  0 -2  0  2 -2 -3 -1  0 -1 -3 -2 -2   10  12   6   3   0  16   2  11   2   1  10  12   0   1   2   7   1   0   1   2  0.19 0.15
  127 L    1 -1 -1 -2  0 -1 -1 -1 -1  1  1  0  1 -1 -1  0  0 -2  1  1   12   2   3   1   2   3   4   5   2  12  14   5   4   2   2   5   5   0   5  13  0.04 0.06
  128 G    0  0  0 -1 -3  0  0  2  1 -3 -3  2 -3 -3  0  2 -1 -2 -2 -3    5   5   3   3   0   4   6  19   4   2   2  16   0   1   4  21   2   1   1   1  0.26 0.18
  129 S    1  0 -1  1 -1  0  1 -1  1 -1  0 -1  0 -1 -1  1 -1 -3 -1  0   12   6   2  11   1   3   9   5   4   1  11   1   3   2   3  12   2   0   1  10  0.06 0.08
  130 A    1 -1 -1 -2  0  0 -2  1 -1 -1  2  0 -1 -1  0 -1 -1 -3 -2 -1   14   2   2   1   2   4   2  13   1   2  31   8   1   2   4   3   3   0   1   4  0.14 0.14
  131 P   -1 -1  0 -2 -3  2 -1 -1  2 -1  0 -1  0 -2  4 -1 -1 -3  2 -1    6   2   5   2   1  12   4   4   5   4   8   2   2   0  25   4   4   0   8   4  0.35 0.20
  132 M   -1  0  0 -1 -3  2  2  0  1 -1  0  1  2 -1  1  0  0 -2 -2 -1    3   3   4   1   0   9  15   7   4   2  10  12   7   2   7   6   4   0   1   3  0.12 0.10
  133 A    2 -1 -1 -1  0  0  1  0  2 -2 -1 -1 -2 -1 -1  3 -1 -3 -2  0   15   4   1   2   2   3  11   6   5   2   6   1   0   3   2  27   2   0   1   6  0.18 0.16
  134 L   -1 -3 -4 -4  1  0 -3 -4  0  1  5 -3  0 -2 -3 -1 -2 -2 -3  1    4   1   1   1   2   4   1   1   2   6  55   1   1   0   1   6   2   1   0   9  0.58 0.29
  135 E   -2  0 -1 -1 -4  2  5 -1  1 -2 -3 -1 -1 -4  1  2 -2 -3 -3 -3    2   4   2   2   0   8  37   4   4   2   2   2   2   0   8  18   1   0   0   2  0.52 0.29
  136 R   -1  3 -1  0 -4  4  1 -1  1 -3 -3  3 -1 -4 -1  1 -1 -2 -3 -2    4  18   2   4   0  20   6   3   3   1   2  17   2   0   2  10   2   1   0   2  0.38 0.22
  137 N    0  2  3 -1 -2  0  0 -2  0 -3 -3  3 -2 -2 -2  1  0 -3 -2 -3    6  13  20   2   1   4   4   2   2   1   2  17   0   2   2  14   6   0   0   1  0.32 0.19
  138 L   -2  0 -1 -2  0 -2  1 -3 -2  1  3  1  0 -2 -2 -1 -1 -3 -2  1    1   5   4   1   3   1  11   2   1   8  36  10   2   1   1   4   2   0   0   8  0.22 0.17
  139 S    0  0  0 -2 -2  0 -1 -2 -1 -3 -2  0 -2 -3  1  5  0 -4 -3 -3    6   6   3   1   1   4   3   2   1   1   3   4   1   1   6  50   5   0   0   2  0.57 0.32
  140 E   -2  1 -1  3 -1  0  3  0 -1 -2 -2  2 -2 -3  1  1 -1 -3 -2 -2    2   6   2  19   1   2  18   6   1   2   4  14   1   1   7  10   2   0   1   3  0.28 0.15
  141 L   -1 -1 -2 -3 -1 -2 -2 -2 -2  2  4 -2  1 -2 -1  0 -1 -2 -2  0    3   3   2   1   1   1   2   3   1  14  45   3   2   1   2   7   3   1   1   4  0.34 0.19
  142 Q   -2  1 -2  0 -2  6  3 -2  0 -3 -1  0 -2 -3 -1 -1 -2 -3 -3 -3    2   6   1   4   1  39  18   3   2   1   5   4   0   1   3   4   1   0   1   1  0.66 0.31
  143 L    0 -2  0 -2 -1  2 -1 -2 -2  2  2 -1  0 -2 -2  0  0 -3 -2  0    9   1   6   2   1  13   2   2   1  18  20   4   1   1   1   7   7   0   1   3  0.14 0.14
  144 Q   -2  1 -1 -2 -1  5  0 -2  2 -3  1  0 -2 -2  2  0 -1 -3 -3 -2    2   6   2   2   1  33   4   3   5   1  13   4   0   1  10   6   3   0   0   2  0.42 0.25
  145 A    2 -1  1 -2  0 -1  0  2 -1 -2 -1 -2 -1 -2 -2  1  0  0  0 -1   24   2   6   1   2   3   6  18   1   1   6   1   1   1   1  10   5   2   3   5  0.18 0.14
  146 A    2 -1 -1  1 -3  0  2  0 -2 -2  1 -1 -2 -3  0  1 -1 -3 -3 -1   19   3   2   7   0   2  15   8   1   2  16   2   0   0   5  12   2   0   0   2  0.16 0.14
  147 V   -1 -2 -2 -1  0  1  1  0  3 -1  1  0  0 -2 -2 -1  2 -2 -2  1    3   1   1   3   2   6  12   6  10   2  15   6   3   1   1   3  13   1   0  12  0.12 0.13
  148 E   -1 -1  1 -1  1  1  3 -1 -2 -1  1 -1  1 -3 -1  0 -1 -3 -3  1    2   4   8   1   3   6  24   4   0   3  15   1   3   0   3   7   3   0   0  11  0.17 0.15
  149 A    0  2 -1 -2  0  2  0 -1 -1  0  0  2 -1 -1 -1  0 -1  3 -2  1    6  11   2   1   3  10   4   4   1   4   7  13   0   2   2   8   3   5   0  12  0.11 0.10
  150 T    1  0  1 -1 -2  1  1 -1  0  0 -1  1 -1 -2  0  0  1 -3 -2 -1   12   5   8   2   0   7  11   4   2   8   6  10   2   1   4   5   9   0   0   3  0.09 0.08
  151 G   -1 -1 -1 -2  4 -1  0  3 -1 -2 -1  2 -1  2 -2  0 -1 -3 -2 -2    5   3   3   2  10   1   7  25   1   2   4  15   2   9   1   5   4   0   0   2  0.24 0.16
  152 D   -1 -1  2  4 -1  0  3 -1 -2 -3 -3 -2 -1 -4 -1  2  0 -3 -2 -3    4   2   9  27   1   3  17   4   0   1   3   1   1   1   2  17   4   0   1   1  0.43 0.23
  153 L   -2  1 -2 -2 -2  0 -1 -2 -1  0  2  1  0  1 -1  0 -1  0 -1  0    1   8   1   2   1   3   4   3   2   2  28  13   2   9   3   9   3   1   1   5  0.11 0.12
  154 E   -2 -2 -1  0 -2  3  5  1  0 -3 -3 -1 -3 -3 -2 -1 -1 -4 -3 -3    2   2   2   3   1  14  48  11   2   1   2   1   0   1   2   3   3   0   1   2  0.73 0.33
  155 V    0 -1 -1 -2 -1 -1 -1 -2 -2  2  1 -1  1  2 -1 -1  0 -2 -1  2    9   3   3   2   1   2   5   2   0  12  15   2   4  11   2   4   5   0   1  18  0.10 0.08
  156 D   -1  0 -1  4 -3  0  3  0 -1 -3 -1  2 -2 -3 -1 -1 -1 -2 -3 -2    3   4   2  23   0   3  20   9   1   1   6  13   0   1   2   4   2   1   1   3  0.34 0.18
  157 C   -1 -2 -2 -2  6  3  0  0 -2  1  0 -2 -2 -2 -1  0  0 -3 -2 -1    3   1   1   1  18  18   4   9   1   8  10   1   0   2   3   8   5   0   1   4  0.32 0.20
  158 Y   -1 -2 -1 -1 -1 -1  1  0  0 -2 -1  1 -1  4 -2  0 -1  0  4 -2    5   1   2   3   1   1  12   6   2   2   4   9   1  18   1   6   4   1  17   2  0.26 0.17
  159 R   -1  4 -1 -1 -1  0 -1 -1  0 -2  0  1 -1 -2  2 -1  0 -3 -2 -2    3  30   3   3   2   3   3   6   2   1   9  10   2   2  10   3   5   0   1   2  0.29 0.17
  160 A    3 -1  2 -1 -2  2 -1  2 -1 -3 -2 -2  0 -3 -1  0 -1 -3 -3 -1   30   2  11   2   1  12   3  14   1   1   3   1   2   1   3   5   3   0   0   5  0.29 0.20
  161 P    0 -1 -1 -1 -3 -1 -1  2 -1 -2  0  2  0 -3  4  0 -1 -3 -2 -2    6   2   2   3   0   2   3  16   1   1  10  15   2   1  23   5   3   0   1   2  0.34 0.16
  162 C    0 -1  0 -1  5  0  2 -1 -1 -3 -1 -1 -1 -3  0  2 -1  0 -1 -2    5   3   4   3  12   5  17   4   1   1   5   2   2   1   5  22   3   1   2   3  0.25 0.17
  163 C    0 -1 -2 -2  2 -1  0  0 -1 -1  0 -1  2  2  0  2  0 -1 -2 -1    6   4   1   2   5   2   5   7   1   2  10   2   8   9   4  24   3   1   1   4  0.12 0.13
  164 E   -1 -1  0  0 -2  0  2  0  0 -1  2 -1  0 -1  0  0 -1 -3 -2  0    5   4   5   6   0   2  18   7   2   2  24   2   1   3   5   5   2   0   1   7  0.09 0.10
  165 S    1  1  0 -2  1 -1 -1  0 -2 -2 -2 -1 -2 -3  1  4  1 -3 -1 -1   12  10   3   1   3   3   3   7   0   1   4   1   0   0   6  33   7   0   2   3  0.29 0.21
  166 Q   -1 -1  4  1 -3  2  2 -1 -1 -2 -2 -1  3 -3 -1  0 -1 -4 -3 -2    5   3  20   7   0  12  16   4   1   2   3   2   9   0   3   6   3   0   0   2  0.30 0.20
  167 E    0  0  1  2 -2  2  2  0 -2  1 -1  0  0 -3  0  0 -1 -3 -3  0    8   3   9  13   1  10  12   6   0  10   4   6   3   0   4   5   1   0   0   5  0.12 0.10
  168 E    1  0 -1 -1 -4  3  4 -1 -2 -3 -2  2 -1 -3 -1  0 -1 -4 -3 -2   10   3   2   1   0  15  32   5   0   1   3  11   1   1   2   8   2   0   0   2  0.43 0.25
  169 L    1  0 -1 -2 -1  0 -1 -2  1 -1  2  0  1 -1 -1  2  0 -3 -2  0   15   6   2   1   1   3   2   2   3   2  21   5   3   2   2  17   4   0   0   9  0.11 0.12
  170 A    1 -1 -2 -2 -1 -1 -1 -1  1 -1  1  1  2 -2  0  2  0 -3 -2  0   13   3   1   1   1   1   4   5   4   1  13  11   8   1   3  16   7   0   0   6  0.10 0.12
  171 L    1 -2 -1 -2 -2 -1 -1 -2  0  1  2 -1 -1 -2 -2  1  0 -1 -2  0   15   1   3   1   0   2   5   3   3  10  27   3   0   0   1  14   5   1   1   5  0.14 0.14
  172 Q    0 -1 -1 -2 -3  4  1 -2  2 -1  0  0 -1 -3 -2  2 -1 -2 -3 -1    9   3   2   1   0  24   8   3   5   3  11   5   1   0   2  18   2   1   0   3  0.27 0.21
  173 H    0  0 -1  0 -4  2  0 -2  7 -1 -1 -1  0 -3 -3 -1 -2 -4 -2 -1    7   6   1   5   0  10   5   3  34   3   8   2   3   1   1   4   2   0   0   5  0.58 0.28
  174 L   -1 -2 -2  0  1 -1  0 -2 -3  1  3 -2  0  1 -3  1  0 -3 -2  0    4   1   1   6   3   3   5   3   0  11  33   1   2   7   1  12   4   0   0   3  0.18 0.15
  175 V   -1  0 -1  2 -3  2  2  0 -1 -1  0 -1  2 -2  0 -1 -1 -3 -2  0    4   4   2  13   0  13  17   7   1   3   8   1   8   2   4   2   3   0   0   8  0.18 0.15
  176 K   -1  3 -1 -1 -1  0 -1 -1 -2 -2 -1  4  0 -3 -2 -1 -2 -3 -2 -1    4  20   2   2   1   3   2   4   0   2   6  36   3   1   1   5   1   0   1   4  0.44 0.24
  177 E    1  0 -2  0 -3  1  4 -1 -1 -2  0 -1 -2 -1 -2  2  0 -3 -2 -2   11   3   1   3   0   6  29   3   1   1  11   2   0   3   1  16   4   0   1   1  0.28 0.18
  178 K   -1  2 -1 -1 -2  2  1 -1 -1 -2  0  3  0 -2  0 -1 -1 -2 -2 -2    4  10   2   2   1   8  10   4   1   1  10  29   3   1   4   4   3   1   1   2  0.21 0.10
  179 L   -1  1 -1 -1 -2  1  1 -1 -1  0  0  2  1 -1  0 -1  0 -1 -1  1    3   9   1   1   0   9  10   3   1   2  12  15   4   1   4   4   4   1   2  14  0.08 0.07
  180 L   -1 -3 -3 -3  5 -2 -2 -2 -2  2  2 -3  1 -1 -2 -2  0  1 -1  1    5   1   1   1  17   1   2   2   1  16  29   1   2   1   1   2   7   2   2   7  0.33 0.15
  181 A    2 -1 -1  1  0  1  3 -2 -2 -3 -2  1 -2 -3 -1  1  0 -4 -3 -1   23   2   2   6   2   7  24   1   0   0   2   9   0   0   2  11   5   0   0   4  0.28 0.17
  182 Q    1 -2 -1  1 -3  1  3 -1 -2 -2 -1 -1  0 -3 -3  0  0  6 -2 -2   14   1   1   6   0   4  30   4   0   1   7   3   3   0   0   7   5  11   0   2  0.37 0.21
  183 L   -3 -3 -3 -4 -3 -1  0 -3 -4 -1  5 -4  1 -2 -4 -3 -2  0 -3 -1    0   0   1   0   0   4   8   2   0   1  74   0   2   0   0   0   2   1   0   3  0.83 0.35
  184 E   -1 -2 -1  3  0  2  6 -4 -1 -4 -1 -1 -3 -5 -3 -2 -3 -5 -4 -3    3   0   2  13   2  10  58   0   1   0   7   1   0   0   0   0   0   0   0   2  0.91 0.37
  185 E    1  3  1 -1 -3  2  1  0 -1 -3 -2  2 -2 -4 -1  0 -1 -4 -3 -2   11  20   9   1   0  10  11   6   1   0   3  17   0   0   1   5   3   0   0   2  0.30 0.16
  186 K   -2  2 -1 -2 -5  3  1 -3 -3 -5 -5  6 -3 -5 -3  0 -2 -5 -4 -4    0   6   1   1   0  15   7   0   0   0   0  59   0   0   1   7   1   0   0   0  1.01 0.40
  187 L   -2 -3 -3 -4 -3 -3 -4 -4 -4  2  3 -2  1 -1 -4 -2  2 -4 -3  4    1   0   1   0   0   0   0   0   0  11  33   2   2   1   0   1  14   0   0  33  0.53 0.25
  188 R    1  4  0 -2  1  1 -1 -1  4 -3 -3  1 -2 -3 -3 -1  0 -4 -2 -1   11  33   4   1   4   7   1   5  11   1   1   5   0   0   0   3   5   0   1   5  0.36 0.20
  189 V    0 -2 -3 -2 -3  2 -2 -3 -2  1 -2 -2 -1 -3  2 -1  4 -4 -3  3    6   1   0   1   0  12   1   1   0   7   1   0   1   0   9   1  33   0   0  26  0.46 0.27
  190 F   -3 -4 -5 -5 -2 -3 -3 -5 -3 -1  2 -4  0  7 -5 -2 -3 -2  2 -1    1   0   0   0   1   1   2   0   0   2  24   0   2  55   0   2   0   0   6   2  1.08 0.37
  191 A   -2  3 -3 -1 -5  1  6 -4 -2 -4  0 -1 -3 -4 -3 -2 -3 -5 -4 -4    1  15   0   1   0   3  65   0   0   0  10   0   0   1   0   1   0   0   0   0  1.07 0.42
  192 N   -2 -2  6  1 -5  4  0  1 -2 -5 -5 -1 -4 -5 -4 -1 -2 -5 -4 -5    2   1  53   4   0  20   6  11   0   0   0   2   0   0   0   1   0   0   0   0  1.05 0.40
  193 I   -3 -4 -4 -4 -3 -2  1 -5 -4  6  0 -4  3 -2 -4 -3 -1 -4 -3  2    0   0   0   0   0   1  11   0   0  62   3   0   9   0   0   1   3   0   0   9  0.92 0.37
  194 V   -1 -4 -4 -4 -3 -3  0 -3 -2  2 -1 -4  0 -3 -4 -3 -2 -5 -3  6    5   0   0   0   0   1   7   2   1   7   1   0   1   0   0   0   0   0   0  74  1.01 0.40
  195 A    3 -2  2 -1  7 -2  0 -1 -3 -3 -3 -2 -3 -3 -3  2  0 -4 -3 -3   26   2  10   2  25   1   8   2   0   0   1   1   0   1   0  16   4   0   0   0  0.57 0.26
  196 V   -1 -3 -1 -4 -3  2 -3 -3 -4  0  1 -2 -1 -3 -4 -2  0 -4 -3  5    3   0   4   0   0  10   0   1   0   1   9   1   0   0   0   2   5   0   0  61  0.67 0.32
  197 L   -2 -3 -4 -3 -3  3 -3 -5 -4 -1  5 -3  0 -2 -4 -4 -3 -4 -3 -1    2   0   0   1   0  15   0   0   0   0  76   0   1   0   1   0   0   0   0   1  0.99 0.39
  198 N   -3  2  7 -1 -5  2 -2 -3 -1 -5 -5 -1 -4 -5 -4  0 -2 -5 -4 -5    0  12  67   0   0  10   0   0   1   0   0   2   0   0   0   6   0   0   0   0  1.36 0.46
  199 K   -3  6  1 -3 -4  0 -2  0 -1 -3 -4  3 -3 -4 -3  0 -1 -1 -3 -4    0  45   7   0   0   3   0   7   1   1   0  23   0   0   0   6   2   1   0   0  0.78 0.31
  200 E   -2 -1 -1 -1 -5  1  6 -3 -2 -4 -3  1 -3 -5 -3 -1  0 -5 -4  0    2   1   1   0   0   5  64   1   0   0   1   7   0   0   0   3   6   0   0   7  0.94 0.38
  201 V   -2 -4 -3 -3 -3 -3 -4 -5 -4  2  1 -4  1  0 -4 -3  1 -4 -3  6    2   0   1   1   0   1   0   0   0   5  10   0   4   5   0   0   7   0   0  62  0.77 0.33
  202 E   -3 -2 -2  3 -6  0  7 -4 -3 -6 -5 -1 -4 -6 -4 -3 -3 -5 -5 -5    0   1   1  13   0   3  79   0   0   0   0   1   0   0   0   0   0   0   0   0  1.58 0.52
  203 A    1  4  0 -2 -1  0 -1 -2 -2 -2  0  2 -1 -2 -3  1  1 -3 -3 -2   14  28   4   0   1   2   1   2   0   2  11  14   1   2   0   8   9   0   0   0  0.27 0.17
  204 S   -1  0  0  0  1 -1  0 -2 -2 -1 -2 -1 -1 -2 -3  3  1 -4 -3  2    2   7   3   4   4   2   7   1   0   2   1   1   1   2   0  33  10   0   0  20  0.24 0.19
  205 H    1  1  1  0  0  2 -1 -1  4 -3 -2 -1 -2 -3  0  2 -1 -4 -2 -2   17   9   9   5   2   9   0   2  12   0   4   2   1   0   3  22   2   0   0   1  0.26 0.18
  206 L   -1 -1 -1 -2 -1 -1 -2 -3 -1  0  3 -2  3 -2 -3 -1  1 -3 -2  1    4   4   2   2   1   3   2   1   1   3  41   1   9   0   0   4  10   0   0  11  0.26 0.17
  207 A    1  1 -1  1 -3  0  2 -2 -2 -3 -3  0 -2 -4 -2  1  4 -4 -3 -2   15   8   1   7   0   3  14   1   0   0   0   5   0   0   1   8  34   0   0   1  0.40 0.23
  208 L    1 -3 -4 -4 -2 -2 -3 -4 -4  2  3 -1  3 -2 -2 -2 -2 -3 -3  2   16   0   0   0   0   1   0   0   0  15  34   5  11   0   1   1   1   0   0  14  0.41 0.21
  209 A    2 -1  0 -1 -3  0  4 -2 -1 -2 -2  2 -1 -4 -2  1  1 -4 -3 -1   19   1   3   1   0   1  33   2   1   1   2  12   2   0   0   8   8   0   0   5  0.34 0.20
  210 A    5 -3 -2 -2 -3  1  1 -2 -3 -3 -3 -2 -2 -3 -3  1  0 -4 -2 -2   63   0   1   1   0   8   7   1   0   1   1   0   1   1   0   9   4   0   1   1  0.71 0.34
  211 S    0 -1 -2 -2  3 -2 -2  0 -1  0  0  0  0  3 -3  1 -1 -2  3  0    5   3   0   1   8   1   1   8   1   3  11   6   3  15   0  13   1   0  12   8  0.15 0.13
  212 I    0  2  1  0 -3  1  2 -1 -2  2 -2  0 -2 -3 -2  1 -1 -4 -3  0    7  11   6   4   0   6  18   5   0  20   1   2   0   0   1  13   1   0   0   5  0.16 0.15
  213 H   -1  5 -2  0 -4  1 -1 -1  5 -4 -3  0 -1 -4 -2 -2  0 -4 -3 -3    5  45   0   4   0   5   3   5  16   0   2   3   1   0   1   0   8   0   0   1  0.68 0.31
  214 Q   -1 -2 -1 -1 -5  7  0  0 -1 -4 -1 -1 -3 -5 -4  0 -1 -4 -4 -3    5   0   1   2   0  61   4   8   1   0   6   1   0   0   0   5   3   0   0   1  0.98 0.42
  215 S   -2  2  1 -2 -3 -1 -2  0  6 -3  0 -1 -1 -3 -2  2 -1 -4 -2 -1    1  14   6   0   0   2   1   7  26   0  11   1   1   0   1  22   2   0   0   6  0.42 0.25
  216 Q   -2  4  0 -1 -1  3  3  0 -1 -4 -4  2 -3 -2 -2 -1 -2 -4 -2 -4    2  30   4   2   2  16  19   6   1   0   0  11   0   2   1   4   0   0   1   0  0.54 0.25
  217 L   -1 -1  0 -3 -3  2 -2 -2 -3 -1  4 -2 -1 -1 -3  0  1 -4 -3 -2    3   4   4   0   0  14   0   3   0   0  51   1   0   1   0   9  10   0   0   0  0.41 0.27
  218 D   -1 -3  2  6 -4 -2  0  1 -3 -4 -3 -1 -4 -3 -3  0 -1 -5 -3 -3    4   1   9  53   0   0   3  10   0   1   2   4   0   1   0   8   2   0   1   2  0.79 0.31
  219 R   -1  3 -1  2 -2  6  0 -3  0 -2 -3  0 -3 -4 -3 -1  0 -4 -3 -2    4  15   1  10   1  43   4   0   2   3   1   3   0   0   0   4   7   0   0   3  0.64 0.31
  220 E   -2  0  2  3 -4  2  4 -2  2 -3 -3 -1 -3 -4  0 -1 -1 -4 -2 -4    2   5  10  20   0  10  32   1   7   1   1   1   0   0   3   2   3   0   1   0  0.54 0.24
  221 H   -1  3  1 -2 -3  0 -1 -2  2  1  0  3  1 -3 -3 -1  1 -4 -2 -1    4  20   7   0   0   3   1   1   7  14   7  22   5   0   0   0   9   0   0   1  0.28 0.19
  222 I   -3 -1 -5 -5 -3 -4 -5 -5 -5  6  2 -4  0 -2 -3 -3  0 -4 -3  1    0   3   0   0   0   0   0   0   0  59  23   0   0   0   1   1   6   0   0   5  0.91 0.35
  223 L    0  2 -1  0 -4  1  4  0  0 -2  0  0 -1 -3 -1 -1 -1 -4 -1  0    7  12   3   2   0   3  36   7   3   0  10   2   1   0   3   2   1   0   1   8  0.27 0.19
  224 S    2 -1  1 -2 -2 -2 -2  1  2  0 -1 -2 -1 -2 -2  2  1 -4 -2  0   20   3   9   1   0   0   0  10   6   5   6   0   0   1   1  21   9   0   0   9  0.18 0.15
  225 L   -4 -4 -3 -6 -4 -3 -5 -6 -2  0  6 -5  0 -2 -1 -3 -4 -4 -4 -2    0   0   2   0   0   1   0   0   1   1  90   0   1   0   3   1   0   0   0   0  1.31 0.47
  226 E   -2 -3 -1  1 -5 -1  6 -3 -2 -5 -5 -2 -4 -6 -4  3 -2 -5 -4 -4    1   0   2   5   0   0  68   1   1   0   0   0   0   0   0  20   1   0   0   1  1.24 0.47
  227 Q   -1  1  4 -2 -3  3 -1  0 -1 -2  0 -1 -2 -3 -2  2  1 -4 -2 -2    4   9  22   0   0  16   1   8   0   2  10   0   0   0   1  15  11   0   1   0  0.29 0.21
  228 R   -3  3 -1 -3 -5  4  1 -2 -2 -5 -4  6 -3 -5 -3 -2 -2 -5 -4 -5    0  13   1   0   0  23   8   2   0   0   1  51   0   0   0   0   1   0   0   0  1.03 0.40
  229 V   -1 -4 -4 -5  1 -4 -4 -5 -5  3  2 -4  1 -2 -4 -3  1 -4 -3  5    2   0   0   0   3   0   0   0   0  17  20   0   2   0   0   0   8   0   0  47  0.72 0.30
  230 V    1  3  2 -2 -2  2 -1 -1 -1 -2 -2  1 -1 -4 -1  2  0 -4 -3  0   15  18  12   0   0  10   0   2   1   0   1   9   1   0   2  15   4   0   0   9  0.26 0.18
  231 E   -1  3 -2  0 -4  5  3 -3 -2 -4 -4  1 -3 -4 -3  0 -1  2 -3 -2    4  17   0   3   0  28  22   1   0   0   0   8   0   0   0   8   2   3   0   4  0.58 0.28
  232 L   -4 -3 -3 -4 -4  2 -1 -3  7 -1  4 -3 -1 -3 -5 -4 -3 -4 -2 -2    0   0   0   0   0  13   3   2  27   1  54   0   0   0   0   0   0   0   0   0  0.97 0.41
  233 Q   -3 -3 -2  5 -6  3  5 -3  4 -5 -5 -2 -4 -5 -1 -2 -3 -5 -4 -5    0   0   0  35   0  14  38   1  10   0   0   0   0   0   3   0   0   0   0   0  1.12 0.41
  234 Q    0  6 -1  0 -4  4 -1 -1  0 -5 -4 -1 -3 -5 -4 -2 -2 -5 -4 -4    7  55   1   6   0  20   1   4   2   0   0   0   0   0   0   1   1   0   0   0  1.01 0.40
  235 T   -1  0 -1 -3  4 -1 -1 -3  3  1 -1 -2  4 -3 -1  2  2 -4 -3 -1    2   5   1   0  10   2   4   0   8   9   4   1  16   0   3  18  17   0   0   1  0.30 0.22
  236 L   -3 -4 -5 -5  1 -4 -5 -5 -5  5  4 -4  1 -1 -2 -4 -1 -4 -3  1    1   0   0   0   3   0   0   0   0  35  47   0   2   1   2   0   4   0   0   5  0.80 0.31
  237 A    3 -3  2 -2 -3 -2 -2  3 -3 -3 -3 -2 -2 -4 -3  3  2 -4 -4 -2   31   0  10   0   0   0   0  21   0   0   0   0   1   0   0  22  13   0   0   2  0.55 0.28
  238 Q   -2  0 -3 -4 -3  3 -2 -4 -3  2  3 -1  3 -2 -1 -3 -2 -4 -3  3    0   4   0   0   0  19   0   0   0   9  30   4   8   0   2   0   1   0   0  22  0.44 0.25
  239 K   -3  2 -2 -3 -6 -1 -2 -1  7 -6 -5  6 -4 -5 -4 -3 -4 -5 -3 -5    0   7   0   0   0   0   0   5  32   0   0  56   0   0   0   0   0   0   0   0  1.44 0.50
  240 D   -4 -3 -1  7 -6 -2  1 -4 -4 -6 -6  1 -5 -6 -4 -1 -2 -7 -5 -6    0   0   0  77   0   0   8   0   0   0   0   8   0   0   0   4   2   0   0   0  1.66 0.52
  241 Q    2 -3 -4 -4 -2  0 -2 -1 -4  3  3 -3  0 -2 -3 -2 -1 -4 -3  2   21   0   0   0   0   7   3   3   0  18  30   0   0   0   0   0   3   0   0  15  0.34 0.21
  242 V    3  3 -2 -3 -3  3 -2  1 -1 -3 -2 -1 -2 -4 -3  0  0 -4 -3  0   30  22   0   0   0  17   0   9   1   0   4   1   0   0   0   6   5   0   0   6  0.38 0.24
  243 L   -3  0 -5 -6 -3 -4 -5 -6 -5  2  5 -4  5 -2 -5 -4 -3 -4 -3  0    1   5   0   0   0   0   0   0   0   9  66   0  16   0   0   0   0   0   0   4  1.02 0.38
  244 G    5 -3  3 -3 -2 -3 -3  1 -2 -4 -4 -3 -3 -4 -3  2 -1 -5 -4 -1   53   0  13   0   0   0   0  10   0   0   0   0   0   0   0  19   2   0   0   3  0.73 0.35
  245 K   -2  0 -1  4 -5 -1  4 -3 -1 -5 -5  3 -4 -5 -1  1 -2 -5 -4 -4    1   3   0  29   0   0  30   0   1   0   0  21   0   0   3  12   0   0   0   0  0.78 0.33
  246 L   -1 -3  2 -4 -3  1 -3 -4 -2 -1  3 -3  6 -2 -4 -2  0 -4 -3 -2    6   0  12   0   0   9   0   0   1   0  35   0  31   0   0   1   4   0   0   0  0.70 0.35
  247 E   -3 -1 -1  5 -6  1  5 -4  4 -6 -5 -1 -4 -5 -4 -2 -3 -5 -4 -5    0   2   1  32   0   6  47   0  10   0   0   2   0   0   0   0   0   0   0   0  1.16 0.42
  248 H   -3 -1 -2 -2 -4  5  2  0 -1 -2  3  1 -1 -3 -4 -2 -2 -4 -3 -2    0   0   0   0   0  32  17   6   1   0  30   9   1   0   0   0   1   0   0   1  0.53 0.32
  249 S   -2  5 -2 -3  0  0 -2 -3 -2 -4 -3  3 -1 -5 -1  2 -1 -5 -4 -4    0  43   1   0   2   1   0   0   1   0   2  21   2   0   3  19   2   0   0   0  0.77 0.35
  250 L   -2 -4 -5 -5 -3 -4 -5 -5 -4  3  3 -4  1  5 -5 -4 -3 -2 -1  2    3   0   0   0   0   0   0   0   0  19  29   0   3  31   0   0   0   0   0  13  0.73 0.30
  251 R   -3  4 -2 -3 -4  5 -1 -4  2 -3  0  2 -2 -4 -4  0 -1 -4 -3 -3    0  25   0   0   0  33   0   0   5   0  13  12   0   0   0   5   3   0   0   1  0.65 0.33
  252 L    0 -3 -1 -1 -1 -2  2 -3 -2  0  2 -2 -1  1 -1  0 -1  2 -2  2   10   0   4   1   1   0  19   0   0   2  21   0   0   8   2   5   2   3   0  18  0.15 0.16
  253 M   -2 -4 -4 -5 -3 -1 -4 -5  0 -1  4 -4  6  0 -4  0 -3 -4 -3 -1    3   0   0   0   0   3   0   0   2   0  53   0  22   3   0  10   0   0   0   1  0.75 0.35
  254 E   -3 -3 -3 -1 -6  3  7 -5 -3 -6 -4 -2 -4 -6 -4 -1 -2 -5 -5 -5    0   0   0   0   0  13  78   0   0   0   1   0   0   0   0   3   1   0   0   0  1.54 0.55
  255 E    2 -1 -1 -1 -3  2  1  1 -2 -3 -2 -1  2 -1 -3  0  2 -3 -1 -2   20   3   2   2   0  10  13  12   0   0   3   0   7   2   0   2  19   0   1   0  0.21 0.19
  256 A    5 -3 -3 -4  3 -1 -3 -2 -4 -3 -3 -3 -3 -4 -1  2  2 -5 -4  0   57   0   0   0   6   2   0   0   0   0   0   0   0   0   3  13  11   0   0   6  0.71 0.35
  257 S   -2 -4 -2 -3  5 -3 -3 -3  0 -3 -4 -3 -4 -5 -4  5  4 -5 -4 -3    0   0   0   0  15   0   0   0   3   0   0   0   0   0   0  54  25   0   0   0  1.08 0.47
  258 F   -5 -5 -5 -6 -5 -4 -2 -3  1 -4 -4 -5 -4  5 -6 -5 -5 -1  9 -4    0   0   0   0   0   0   3   2   2   0   0   0   0  20   0   0   0   0  73   0  2.12 0.61
  259 D   -4 -4  5  7 -6 -3 -1 -4  0 -6 -6 -3 -5 -6 -4  0 -3 -7 -5 -6    0   0  28  65   0   0   0   0   2   0   0   0   0   0   0   4   0   0   0   0  1.63 0.51
  260 G   -2 -2 -3 -4 -5 -4 -5  7  0 -7 -6 -4 -5 -6 -5 -3 -4 -5 -6 -6    1   2   0   0   0   0   0  94   3   0   0   0   0   0   0   0   0   0   0   0  2.06 0.57
  261 T   -2 -3 -3 -4 -3 -3 -3 -4 -4  3 -2  2 -1 -3 -4 -1  3 -4 -1  4    0   0   0   0   0   0   0   0   0  14   0  13   1   0   0   3  24   0   2  43  0.64 0.33
  262 F   -4 -5 -6 -6  0 -5 -6 -6 -4 -2  4 -5  0  7 -6 -5 -4 -2  0 -2    0   0   0   0   2   0   0   0   0   0  45   0   1  51   0   0   0   0   1   0  1.38 0.45
  263 L   -3 -5 -5 -5 -3 -4 -5 -5 -5  6  3 -4  0 -2 -5 -2 -1 -4 -2  3    0   0   0   0   0   0   0   0   0  50  25   0   1   0   0   2   2   0   1  19  0.92 0.34
  264 W   -6 -7 -8 -8 -6 -6 -7 -6 -6 -6 -5 -7 -5  0 -8 -7 -6 13 -1 -7    0   0   0   0   0   0   0   0   0   0   0   0   0   2   0   0   0  98   0   0  4.60 0.97
  265 K   -4  2 -3 -4  0 -1 -2 -4  0 -6 -5  7 -4 -6 -4 -3 -3 -6 -4 -5    0   6   0   0   2   0   0   0   3   0   0  89   0   0   0   0   0   0   0   0  1.78 0.58
  266 I   -4 -5 -6 -6 -4 -5 -6 -6 -6  7  0 -5 -1 -3 -5 -5 -3 -5 -4  3    0   0   0   0   0   0   0   0   0  78   5   0   0   0   0   0   0   0   0  17  1.55 0.49
  267 T    0  3 -1 -3  1 -1 -2 -3 -2 -3 -4 -1 -1 -4 -1  2  5 -5 -4 -3    6  20   1   0   3   1   0   0   0   0   0   2   1   0   2  19  44   0   0   0  0.72 0.35
  268 N   -4 -4  3  7 -6 -3  1 -3 -3 -6 -6 -3 -6 -6 -4 -1 -3 -7 -6 -6    0   0  11  78   0   0   8   1   0   0   0   0   0   0   0   2   0   0   0   0  1.79 0.53
  269 V   -4 -5 -5 -6 -4 -4 -5 -5 -2  0 -1 -5 -2  6 -5 -4 -3 -1  6  3    0   0   0   0   0   0   0   0   0   3   4   0   0  36   0   1   0   0  34  20  1.23 0.42
  270 T    2  0  0 -2 -3 -1 -2  0 -2 -3 -2  3 -3 -4 -3  1  3 -4 -3 -3   20   3   5   0   0   0   0   8   1   0   2  28   0   0   0  12  20   0   0   0  0.41 0.24
  271 K   -2  7 -2 -4 -5  1 -2 -5 -1 -4 -3  1  2 -1 -4 -2 -3 -5 -4 -2    2  70   1   0   0   4   0   0   1   0   2   6   6   3   0   1   1   0   0   3  1.28 0.45
  272 R   -4  6 -3 -4 -6 -1 -2 -4 -3 -5 -5  6 -4 -6 -4 -3 -3 -5 -4 -5    0  40   0   0   0   0   0   0   0   0   0  60   0   0   0   0   0   0   0   0  1.58 0.52
  273 C   -3  5 -3 -4  5  0 -2 -4 -2 -3  0  4  1 -4 -4 -3 -3 -5 -3 -3    0  34   0   0  12   2   0   0   1   0  13  34   3   0   0   0   0   0   1   0  0.86 0.36
  274 H   -3  3 -2 -3 -1  7 -1 -5  5 -6 -5  1 -3 -5 -4 -3 -3 -5 -2 -5    1  15   0   0   1  60   0   0  17   0   0   5   0   0   0   0   0   0   1   0  1.45 0.52
  275 E   -4 -3 -2  5 -6 -1  6 -5 -3 -6 -6 -1 -5 -6 -4 -3 -4 -6 -5 -5    0   0   0  31   0   0  68   0   0   0   0   1   0   0   0   0   0   0   0   0  1.63 0.54
  276 S    6 -4 -3 -4 -3 -3 -3 -2 -4 -4 -4 -3 -4 -5 -3  3 -2 -5 -4 -3   79   0   0   0   0   0   0   0   0   0   0   0   0   0   0  21   0   0   0   0  1.35 0.51
  277 V    1 -5 -5 -5 -3 -4 -4 -5 -5  3  0 -4  1 -3 -4 -3 -2 -5 -3  6   13   0   0   0   0   0   0   0   0  16   5   0   3   0   0   0   0   0   0  63  0.98 0.38
  278 C    3 -3 -1  1  4 -2 -1 -2 -3 -3 -2 -2  3 -4 -3  2  3 -4 -3 -2   30   0   2   9  10   0   4   0   0   0   1   0  10   0   0  14  19   0   0   1  0.46 0.27
  279 G   -1 -5 -3 -4 -5 -2 -5  7 -5 -6 -6 -4 -5 -6 -5  0 -4 -5 -6 -5    2   0   0   0   0   1   0  91   0   0   0   0   0   0   0   5   0   0   0   1  1.92 0.54
  280 R   -4  7 -2 -4 -4  0 -2 -5  5 -6 -5  4 -4 -5 -4 -3 -3 -5 -3 -5    0  58   1   0   0   2   0   0  15   0   0  25   0   0   0   0   0   0   0   0  1.44 0.48
  281 T    1 -1 -2 -3 -1 -3 -3 -4 -4 -1 -3 -1 -1 -4 -3  1  6 -5 -4  0   11   4   1   0   1   0   1   0   0   3   0   2   1   0   0   6  65   0   0   4  0.94 0.41
  282 V   -1 -4 -3 -4 -2 -3 -4 -4 -4  1  2 -3 -1 -3  5 -2  0 -5 -3  3    3   0   1   0   1   0   0   0   0   6  24   0   0   0  31   1   7   0   0  27  0.72 0.30
  283 S    3 -3  0 -3 -3 -3 -3 -2 -3 -5 -5 -3 -4 -3 -3  6 -1 -5 -4 -4   27   0   3   0   0   0   0   1   0   0   0   0   0   1   0  67   1   0   0   0  1.16 0.48
  284 L   -3 -4 -5 -5 -3 -2 -5 -6 -3  4  4 -4  4  0 -5 -4 -3 -4 -3  1    0   0   0   0   0   2   0   0   1  33  48   0  10   2   0   0   0   0   0   5  0.90 0.34
  285 F   -5 -5 -5 -6 -4 -4 -5 -6 -1 -3 -2 -5 -3  7 -6 -5 -5 -1  7 -4    0   0   0   0   0   1   0   0   1   0   1   0   0  50   0   0   0   0  47   0  2.02 0.58
  286 S   -2 -4 -2 -3 -4 -3 -3 -3 -4 -4 -6 -3 -5 -5 -4  7 -1 -6 -5 -5    0   0   0   0   0   0   0   0   0   1   0   0   0   0   0  99   0   0   0   0  1.91 0.67
  287 P   -4 -3 -2 -4 -6  5 -2 -5 -2 -6 -6 -3 -4 -6  7 -2 -4 -6 -5 -5    0   0   1   0   0  34   0   0   0   0   0   0   0   0  63   1   0   0   0   0  2.05 0.60
  288 A    5 -4 -3 -4  2 -3 -3 -1 -2 -4 -4 -3 -3 -4  5 -1 -2 -4 -1 -2   59   0   0   0   5   0   0   3   1   0   0   0   0   0  27   2   0   0   3   0  1.00 0.31
  289 F   -5 -5 -6 -6 -5 -6 -6 -6 -4 -3 -2 -6 -3  9 -6 -5 -5 -1  2 -3    0   0   0   0   0   0   0   0   0   0   0   0   0  97   0   0   0   0   3   0  2.42 0.51
  290 Y   -4 -5 -5 -6  1 -4 -5 -6 -1 -4 -4 -5 -4  3 -6 -4 -4  0  9 -4    0   0   0   0   3   0   0   0   0   0   0   0   0   8   0   0   0   0  89   0  2.40 0.52
  291 T   -2 -4 -2 -3 -3 -3 -3 -4 -4 -3 -4 -3 -3 -5 -4  1  7 -5 -4 -3    0   0   0   0   0   0   0   0   0   0   0   0   0   0   0   6  94   0   0   0  1.74 0.47
  292 A    3 -3 -1 -2 -3 -1 -2  3 -3 -4 -4 -2 -3 -4 -3  5 -1 -4 -4 -3   26   0   1   0   0   3   0  21   0   0   0   0   0   0   0  49   0   0   0   0  0.76 0.28
  293 K   -3  5 -2 -3 -5  0 -2 -4  0 -2 -4  5 -3 -3 -1 -2 -3 -3  4 -4    0  38   0   0   0   1   0   0   1   3   0  39   0   0   2   0   0   0  16   0  0.94 0.30
  294 Y   -4 -4 -4 -5  4 -4 -4 -5  4 -3 -3 -4 -3  4 -5 -4 -2 -1  8 -3    0   0   0   0  11   0   0   0   9   0   0   0   0  17   0   0   3   0  60   0  1.57 0.39
  295 G   -2 -5 -3 -4 -5 -4 -5  7 -5 -6 -6 -4 -5 -6 -5 -3 -4 -5 -6 -6    0   0   0   0   0   0   0 100   0   0   0   0   0   0   0   0   0   0   0   0  2.14 0.45
  296 Y   -5 -4 -5 -6 -5 -4 -5 -6  2 -4 -4 -5 -4  2 -6 -4 -4  0  9 -4    0   0   0   0   0   0   0   0   3   0   0   0   0   5   0   0   0   0  93   0  2.51 0.54
  297 K   -3  3 -2 -3 -6 -1 -2 -2 -3 -5 -5  7 -4 -5 -3 -2 -3 -5 -4 -5    0  11   0   0   0   0   0   3   0   0   0  86   0   0   0   0   0   0   0   0  1.55 0.42
  298 L   -3 -4 -5 -5 -3 -3 -4 -5 -4  1  3 -4  8 -2 -5 -4 -3 -4 -3  2    0   0   0   0   0   0   0   0   0   3  28   0  51   0   0   0   0   0   0  17  1.21 0.36
  299 C   -3 -4 -6 -7 11 -6 -7 -6 -6 -4 -4 -6 -4 -5 -6 -4 -4 -5 -5 -4    0   1   0   0  99   0   0   0   0   0   0   0   0   0   0   0   0   0   0   0  3.49 0.62
  300 L    3 -3 -4 -4  0 -3 -4 -3 -4 -1  4 -3  3 -2 -4 -1 -2 -4 -3 -1   36   0   0   0   2   0   0   0   0   0  52   0   7   0   0   3   0   0   0   0  0.67 0.26
  301 R   -4  8 -3 -4 -6 -1 -3 -2 -3 -6 -5  0 -4 -5 -5 -3 -4 -5 -4 -5    0  97   0   0   0   0   0   3   0   0   0   0   0   0   0   0   0   0   0   0  2.10 0.49
  302 L    1 -4 -4 -5 -1 -4 -4 -4 -4  4  3 -4  0 -2 -4 -3 -2 -4 -3  4   14   0   0   0   1   0   0   0   0  24  26   0   0   0   0   0   0   0   0  36  0.60 0.21
  303 Y   -5 -5 -5 -6 -5 -4 -5 -6 -1 -4 -2 -5 -4  0 -6 -5 -4  0 10 -4    0   0   0   0   0   0   0   0   0   0   3   0   0   0   0   0   0   0  97   0  2.65 0.57
  304 L   -3 -4 -5 -6 -3 -4 -5 -6 -5  0  6 -5  0 -1 -5 -2 -3 -4 -3 -1    0   0   0   0   0   0   0   0   0   1  95   0   0   1   0   3   0   0   0   0  1.36 0.37
  305 N   -4 -1  8 -1 -5 -2 -3 -3 -2 -6 -6 -3 -5 -6 -5 -1 -3 -6 -5 -6    0   3  96   1   0   0   0   0   0   0   0   0   0   0   0   1   0   0   0   0  2.15 0.50
  306 G   -2 -5 -3 -4 -5 -4 -5  7 -5 -6 -6 -4 -5 -6 -5 -3 -4 -5 -6 -6    0   0   0   0   0   0   0 100   0   0   0   0   0   0   0   0   0   0   0   0  2.14 0.45
  307 D   -4 -4 -1  8 -6 -3  0 -3 -4 -6 -6 -3 -6 -6 -4 -3 -4 -7 -6 -6    0   0   0  97   0   0   2   1   0   0   0   0   0   0   0   0   0   0   0   0  2.20 0.48
  308 G   -2 -5 -3 -4 -5 -4 -5  7 -5 -6 -6 -4 -5 -6 -5 -3 -4 -5 -6 -6    0   0   0   0   0   0   0 100   0   0   0   0   0   0   0   0   0   0   0   0  2.14 0.45
  309 S   -1 -2 -2 -3 -3 -2 -3 -4 -4 -2 -2 -3  6 -3 -3  2  5 -4 -3  0    3   2   0   0   0   0   0   0   0   0   1   0  29   0   0  13  49   0   0   4  0.91 0.33
  310 G   -2 -3 -3 -4 -5 -4 -5  7 -4 -6 -6 -4 -5 -6 -5 -3 -4 -5 -6 -6    0   1   0   0   0   0   0  99   0   0   0   0   0   0   0   0   0   0   0   0  2.09 0.44
  311 K   -3  5 -2 -3 -5 -1 -2 -4 -3 -5 -5  6 -4 -5 -4 -2 -3 -5 -4 -5    0  31   0   0   0   0   0   0   0   0   0  69   0   0   0   0   0   0   0   0  1.44 0.39
  312 K   -2  1 -2 -3 -5 -3 -4  7 -4 -6 -6 -2 -5 -5 -4 -2 -4 -5 -5 -5    1  10   1   0   0   0   0  87   0   0   0   1   0   0   0   0   0   0   0   0  1.67 0.38
  313 T   -2 -3  1 -3 -3 -3 -3 -4 -4 -3 -4 -3 -3 -5 -3  1  7 -5 -4 -3    0   0   5   0   0   0   0   0   0   0   0   0   0   0   0   7  88   0   0   0  1.55 0.44
  314 H   -5 -3 -2 -4 -6 -2 -3 -5 11 -6 -6 -4 -5 -4 -5 -4 -5 -5 -1 -6    0   0   0   0   0   0   0   0 100   0   0   0   0   0   0   0   0   0   0   0  3.17 0.62
  315 L   -3 -4 -5 -5 -3 -4 -5 -5 -5  2  5 -4  2 -1 -5 -4 -3 -4 -3  2    0   0   0   0   0   0   0   0   0   9  70   0   5   0   0   0   0   0   0  16  0.95 0.28
  316 S   -1 -3 -2 -3 -3 -3 -3 -3 -3 -5 -5 -3 -4 -5 -3  7 -1 -5 -4 -4    0   0   0   0   0   0   0   0   0   0   0   0   0   0   1  99   0   0   0   0  1.70 0.49
  317 L   -4 -4 -6 -6 -3 -4 -5 -6 -5  0  6 -5  0 -2 -5 -5 -3 -4 -3 -1    0   0   0   0   0   0   0   0   0   0  98   0   0   0   0   0   0   0   0   2  1.48 0.39
  318 F   -5 -5 -6 -6 -5 -6 -6 -6 -3 -3 -2 -6 -2  9 -6 -5 -5 -1  4 -3    0   0   0   0   0   0   0   0   0   0   0   0   0  89   0   0   0   0  11   0  2.21 0.47
  319 I   -5 -5 -6 -6 -5 -6 -6 -6 -4  2 -1 -6 -2  8 -6 -5 -4 -2  1 -2    0   0   0   0   0   0   0   0   0  14   2   0   0  85   0   0   0   0   0   0  1.93 0.44
  320 V   -3 -5 -5 -6 -3 -5 -5 -6 -6  0 -1 -5 -2 -3 -5 -4 -2 -5 -4  7    0   0   0   0   0   0   0   0   0   0   0   0   0   0   0   0   0   0   0 100  1.70 0.45
  321 I   -2 -5 -5 -5 -3 -4 -5 -5 -5  4  1 -4  0 -2 -4 -4 -2 -5 -3  6    0   0   0   0   0   0   0   0   0  26   6   0   1   0   0   0   0   0   0  66  1.06 0.32
  322 M   -4 -4 -5 -6 -4 -3 -5 -6 -5 -2  0 -4 10 -3 -6 -4 -4 -4 -4 -2    0   0   0   0   0   0   0   0   0   0   3   0  97   0   0   0   0   0   0   0  2.62 0.60
  323 R   -3  6 -2 -3 -5 -1 -2 -4 -2 -5 -4  5 -3 -5 -4 -3 -3 -5 -4 -5    0  56   0   0   0   0   0   0   0   0   0  43   0   0   0   0   0   0   0   0  1.44 0.37
  324 G   -2 -5 -3 -4 -5 -4 -4  7 -4 -6 -6 -4 -5 -5 -4 -2 -4 -5 -5 -5    0   0   0   0   0   0   0  98   0   0   0   0   0   0   0   1   0   0   0   0  2.07 0.43
  325 E   -2 -2 -1  2 -5  0  5 -4  3 -5 -4  0 -3 -5  4 -2 -2 -5 -2 -4    1   1   2  10   0   0  50   0   7   0   1   6   0   0  20   0   2   0   1   0  0.87 0.27
  326 Y   -3 -3  3 -4  1 -3 -4 -4  2 -3 -3 -3 -3  4 -5 -1 -3 -1  8 -3    0   0  17   0   3   0   0   0   3   0   0   0   0  15   0   5   0   0  56   0  1.28 0.35
  327 D   -4 -4  0  8 -6 -3 -1 -4 -4 -6 -6 -3 -6 -6 -4 -3 -3 -7 -6 -6    0   0   2  97   0   0   0   0   0   0   0   0   0   0   0   0   0   0   0   0  2.20 0.48
  328 A    6 -3 -3 -3 -2 -3 -3  0 -3 -3 -3 -3 -3 -4 -1  2 -1 -4 -4 -2   76   1   0   0   0   0   0   5   0   0   1   0   0   0   2  12   2   0   0   1  0.95 0.32
  329 L   -4 -4 -5 -6 -3 -4 -5 -6 -5  1  6 -5  0 -2 -5 -5 -3 -4 -3 -1    0   0   0   0   0   0   0   0   0   5  94   0   0   0   0   0   0   0   0   0  1.37 0.36
  330 L   -4 -4 -6 -6 -4 -4 -5 -6 -5  0  6 -5  0 -2 -5 -5 -3 -4 -3 -1    0   0   0   0   0   0   0   0   0   0 100   0   0   0   0   0   0   0   0   0  1.53 0.40
  331 P   -2  4 -2 -3 -5  3 -1 -4 -2 -5 -4  2 -3 -5  6  0 -2 -5 -4 -4    0  26   0   0   0  14   2   0   0   0   0  13   0   0  37   5   1   0   0   0  0.99 0.28
  332 W   -4 -6 -7 -8 -6 -5 -6 -6 -6 -6 -5 -6 -5 -2 -7 -6 -6 13 -1 -6    2   0   0   0   0   0   0   0   0   0   0   0   0   0   0   0   0  98   0   0  4.39 0.72
  333 P   -4 -5 -5 -4 -6 -4 -4 -5 -5 -6 -6 -4 -5 -7  9 -4 -4 -7 -6 -5    0   0   0   0   0   0   0   0   0   0   0   0   0   0 100   0   0   0   0   0  3.03 0.56
  334 F   -5 -6 -6 -6 -5 -6 -6 -6 -4 -3 -2 -6 -3  9 -6 -5 -3 -2  1 -3    0   0   0   0   0   0   0   0   0   0   0   0   0  98   0   0   2   0   0   0  2.43 0.51
  335 R   -3  6  4 -2 -5 -1 -2 -3 -2 -5 -4  3 -3 -5 -4  0 -2 -5 -4 -3    0  45  24   0   0   0   0   0   0   0   0  23   0   0   0   7   0   0   0   2  0.96 0.30
  336 N   -3 -2  3 -2 -5  7 -1 -4  5 -5 -3 -1 -3 -5 -4 -2 -3 -5 -3 -5    0   0  12   0   0  68   0   0  17   0   2   0   0   0   0   0   0   0   0   0  1.51 0.43
  337 K   -3  3 -2 -3 -6  0 -1 -4 -3 -5 -5  7 -4 -6 -3 -3 -3 -5 -4 -5    0  11   0   0   0   2   0   0   0   0   0  87   0   0   0   0   0   0   0   0  1.61 0.42
  338 V   -2 -4 -5 -5 -3 -4 -4 -5 -5  1 -1 -4 -1 -3 -4 -4 -2 -5 -3  7    0   0   0   0   0   0   0   0   0   2   0   0   0   0   0   0   0   0   0  95  1.41 0.37
  339 T   -2 -3 -2 -3 -3 -3 -3 -4 -4 -3 -3 -3 -3 -4 -3  0  7 -4 -4 -2    0   0   0   0   0   0   0   0   0   0   0   0   0   0   0   2  96   0   0   0  1.65 0.43
  340 F   -3 -2 -5 -5 -3 -4 -4 -5 -4 -1  5 -4  0  5 -4 -4 -3 -2  0 -1    0   2   0   0   0   0   0   0   0   0  60   0   1  35   0   0   0   0   0   0  0.97 0.27
  341 M   -3 -2 -4 -5 -4 -3 -4 -5 -4 -1  0 -4 10  1 -5 -4 -3 -4 -3 -2    0   2   0   0   0   0   0   0   0   0   1   0  89   4   0   0   1   0   0   0  2.11 0.49
  342 L   -3 -4 -5 -5 -3 -4 -4 -5 -4  0  6 -4  1 -1 -4 -4 -3  3 -2  0    0   0   0   0   0   0   0   0   0   0  89   0   1   1   0   0   0   5   0   2  1.16 0.31
  343 L   -3 -4 -5 -5 -3 -3 -4 -5 -4  0  5 -4  4 -1 -4 -3 -3 -3 -3 -1    0   0   0   0   0   0   0   0   0   2  78   0  14   1   0   2   0   0   0   1  1.02 0.28
  344 D   -4 -2 -1  8 -5 -2 -1 -3 -3 -5 -6 -3 -5 -5 -4 -2 -3 -6 -5 -5    0   2   0  95   0   0   0   0   0   0   0   0   0   0   0   0   0   0   0   0  2.00 0.42
  345 Q   -3 -1 -2 -3 -5  8  0 -4 -1 -5 -3 -1 -3 -5 -3 -2 -3 -4 -4 -4    0   0   0   0   0  94   0   0   1   0   2   0   0   0   0   0   0   0   0   0  1.95 0.48
  346 N   -2 -2  7  0 -4 -2 -2  1 -2 -5 -5 -2 -4 -5 -3  3 -1 -5 -4 -4    1   0  65   1   0   0   0   8   0   0   0   0   0   0   0  21   2   0   0   0  1.16 0.32
  347 N   -2 -2  7 -1 -4  1 -2  1  2 -4 -5 -2 -3 -4 -2  1  0 -5 -3 -4    2   0  61   0   0   5   0  11   4   1   0   0   0   0   1  11   3   0   0   0  0.95 0.28
  348 R   -3  7 -2 -3 -5 -1 -2 -2 -2 -5 -4  3 -3 -5 -4 -3 -3 -5 -4 -4    0  82   0   0   0   1   0   2   0   0   0  14   0   0   0   0   0   0   0   0  1.57 0.37
  349 E   -3  2 -1  0 -5  0  6 -4 -2 -5 -4  3 -4 -5 -3 -2 -2 -5 -4 -4    0  11   1   3   0   0  66   0   0   0   0  17   0   0   0   1   0   0   0   0  1.06 0.30
  350 H   -4 -1  0 -4 -5 -2 -3 -4 11 -6 -5 -3 -4 -4 -5 -3 -4 -5 -1 -6    0   2   2   0   0   0   0   0  94   0   0   0   0   0   0   0   0   0   0   0  2.70 0.52
  351 A    1 -4 -4 -4 -2 -3 -4 -4 -4  4  2 -3  0 -2 -4 -3 -2 -4 -3  4   12   0   0   0   0   0   0   0   0  34  18   0   0   0   0   0   0   0   0  33  0.59 0.19
  352 I   -2 -4 -4 -4 -3 -3 -4  1 -4  6  0 -4  3 -2 -4 -2 -1 -4 -3  1    1   0   0   0   0   1   0  15   0  64   1   0   9   0   0   1   2   0   0   3  0.75 0.26
  353 D   -4 -3  0  7 -5 -2  2 -3 -1 -5 -5 -2 -5 -5 -3 -2 -3 -6 -5 -5    0   0   2  83   0   0  11   0   2   0   0   0   0   0   0   0   0   0   0   0  1.67 0.37
  354 A    6 -3 -3 -3 -2 -3 -3 -2 -3 -3 -3 -2 -3 -4 -3  0  2 -4 -4 -1   80   0   0   0   0   0   0   0   0   0   0   0   0   0   0   2  14   0   0   2  1.02 0.32
  355 F   -4 -5 -5 -6 -5 -5 -5 -5 -3 -2 -2 -5 -2  9 -3 -5 -4 -1  1 -3    0   0   0   0   0   0   0   0   0   0   0   0   0  96   2   0   0   0   0   0  2.19 0.45
  356 R   -3  7 -2 -3 -5 -1 -2 -4  0 -5 -4  4 -3 -4 -4 -2 -2 -4 -1 -4    0  68   0   0   0   0   0   0   2   0   0  25   0   0   0   0   2   0   2   0  1.30 0.33
  357 P    1 -4 -4 -4 -5 -3 -3 -4 -4 -5 -5 -3 -4 -6  8 -3 -2 -6 -5 -4   10   0   0   0   0   0   0   0   0   0   0   0   0   0  86   0   2   0   0   0  2.31 0.42
  358 D   -3 -4  0  8 -6 -2 -1 -3 -3 -5 -6 -3 -5 -6 -4 -2 -3 -6 -5 -5    2   0   1  95   0   0   0   0   0   0   0   0   0   0   0   0   0   0   0   0  2.01 0.42
  359 L   -2 -4 -4 -4 -3 -3 -3 -4 -4  1  3 -3 -1 -3  6 -3 -2 -4 -3  3    0   0   0   0   0   0   0   0   0   5  29   0   0   0  41   0   1   0   0  23  0.93 0.24
  360 S   -1 -2  4 -2 -3 -2 -2 -2 -1 -3 -3 -2 -2 -4 -3  3  5 -4 -3 -2    2   0  28   0   0   0   0   0   1   0   0   0   0   0   0  22  44   0   0   1  0.80 0.27
  361 S    0 -3 -1 -2 -3 -2 -2 -2 -3 -4 -4 -2 -4 -4 -3  7 -1 -5 -4 -4    3   0   0   0   0   0   0   0   0   0   0   0   0   0   0  95   0   0   0   0  1.43 0.40
  362 A    3 -2  0 -1 -2 -2 -2 -1 -3 -3 -4 -2 -2 -4 -2  5  1 -4 -3 -2   24   0   4   1   0   0   0   1   0   0   0   0   1   0   0  62   5   0   0   1  0.77 0.27
  363 S   -1 -3 -1 -2 -3 -2 -2 -2 -3 -4 -5 -2 -4 -4 -3  7 -1 -5 -4 -4    0   0   0   0   0   0   0   0   0   0   0   0   0   0   0  97   0   0   0   0  1.49 0.42
  364 F   -4 -5 -5 -5 -4 -5 -5 -5 -3 -2 -2 -5 -2  9 -5 -3 -4 -1  1 -3    0   0   0   0   0   0   0   0   0   0   0   0   0  95   0   3   0   0   0   0  2.09 0.43
  365 Q   -3  2 -2 -2 -5  7  0 -3  0 -4 -4  4 -2 -5 -3 -2 -2 -4 -3 -4    0   9   0   0   0  64   0   0   1   0   0  24   0   0   0   0   0   0   0   0  1.20 0.32
  366 R   -3  8 -2 -4 -6  0 -2 -4 -2 -5 -4  2 -3 -5 -4 -3 -3 -5 -4 -5    0  87   0   0   0   1   0   0   0   0   0  11   0   0   0   0   0   0   0   0  1.69 0.37
  367 P   -3 -5 -4 -4 -5 -4 -3 -5 -5 -5 -5 -3 -5 -6  9 -3 -3 -6 -5 -5    0   0   0   0   0   0   0   0   0   0   0   0   0   0 100   0   0   0   0   0  2.91 0.47
  368 Q   -1 -2 -2  1 -2  2 -2 -4 -3  2 -1 -2 -1 -3 -3 -1  3 -4 -3  4    2   0   0  10   0  12   0   0   0   8   0   1   0   0   0   2  20   0   0  43  0.40 0.19
  369 S    0 -2  3 -2 -3 -1 -2  3 -1 -4 -4 -2 -3 -4 -3  4  2 -4 -3 -3    5   1  14   0   0   1   0  27   1   0   0   0   0   0   0  38  12   0   0   1  0.57 0.19
  370 E   -3 -2 -1  5 -6 -1  6 -4 -2 -5 -5 -1 -4 -5 -3 -2 -3 -5 -4 -5    0   0   0  43   0   0  57   0   0   0   0   0   0   0   0   0   0   0   0   0  1.35 0.32
  371 T   -3 -4 -4 -5 -4 -3 -4 -5 -4 -1  0 -4 10 -2 -5 -2  1 -4 -3 -2    0   0   0   0   0   0   0   0   0   0   0   0  87   0   0   2  10   0   0   0  1.92 0.46
  372 N   -4 -3  8 -1 -5 -2 -2 -3 -2 -6 -6 -2 -4 -5 -4 -2 -2 -6 -4 -5    0   0  99   0   0   0   0   0   0   0   0   0   0   0   0   0   0   0   0   0  2.08 0.44
  373 V   -2 -4 -5 -5 -3 -4 -3 -5 -5  6  0 -4 -1 -2 -4 -4 -1 -4 -3  4    0   0   0   0   0   0   2   0   0  68   0   0   0   0   0   0   1   0   0  28  1.03 0.28
  374 A    6 -3 -3 -4 -2 -3 -3 -2 -4 -3 -3 -3 -3 -4 -3 -1 -2 -5 -4 -2   99   0   0   0   0   0   0   0   0   0   0   0   0   0   0   0   0   0   0   0  1.39 0.37
  375 S   -1 -3 -1 -2 -2 -2 -2 -2 -3 -3 -4 -2 -3 -4 -3  7  0 -5 -4 -4    0   0   0   0   1   0   0   0   0   1   0   0   0   0   0  97   1   0   0   0  1.41 0.39
  376 G   -2 -4 -2 -3 -5 -4 -4  7 -4 -6 -6 -3 -5 -5 -4 -2 -4 -4 -5 -5    0   0   0   0   0   0   0  99   0   0   0   0   0   0   0   0   0   0   0   0  1.94 0.37
  377 C   -3 -3 -5 -6 11 -5 -6 -5 -6 -4 -2 -5 -4 -5 -5 -3 -3 -5 -5 -3    0   2   0   0  96   0   0   0   0   0   2   0   0   0   0   0   0   0   0   0  3.02 0.51
  378 P   -3 -5 -4 -4 -5 -4 -3 -5 -5 -5 -5 -3 -5 -6  9 -3 -3 -6 -5 -5    0   0   0   0   0   0   0   0   0   0   0   0   0   0 100   0   0   0   0   0  2.91 0.47
  379 L   -3  2 -4 -5 -3 -3 -4 -5 -4  0  5 -2  4 -1 -4 -3 -2 -3 -3  1    0  14   0   0   0   0   0   0   0   0  63   0  13   0   0   0   2   0   0   8  0.70 0.22
  380 F   -5 -5 -5 -6 -5 -6 -6 -6 -4 -2 -2 -6 -2  9 -6 -5 -4 -1  1 -3    0   0   0   0   0   0   0   0   0   0   0   0   0 100   0   0   0   0   0   0  2.29 0.44
  381 F   -2 -4 -4 -5  7 -4 -4 -5 -4  0  1 -4  2  3 -4 -3 -2 -3 -1  3    0   0   0   0  29   0   0   0   0   0  15   0   7  18   0   0   0   0   0  31  0.80 0.23
  382 P    2 -4 -3 -3 -4 -2 -3 -3 -2 -4 -4 -3 -4 -5  7  1 -2 -5 -4 -4   22   0   0   0   0   1   0   0   1   0   0   0   0   0  67  10   0   0   0   0  1.66 0.32
  383 L   -2 -2 -3 -4 -3  3 -2 -4  4  0  4 -3  0 -2 -4 -3 -2 -3 -2  2    0   0   0   0   0  17   0   0  12   1  53   0   0   0   0   0   0   0   0  17  0.57 0.21
  384 S    1 -2  2 -2  0 -2 -2 -1 -2 -4 -4 -1 -3 -3 -1  5  2 -4 -3 -3   11   0   9   0   2   0   0   2   0   0   0   1   0   0   2  59  14   0   0   0  0.68 0.24
  385 K   -2  2 -2 -2 -3  1 -1 -3 -2 -1 -1  5 -1 -3 -3 -2  1 -4 -3  2    1   8   0   1   0   6   0   0   0   1   3  48   1   0   0   0   9   0   0  22  0.49 0.20
  386 L   -2 -4 -5 -5 -3 -3 -4 -5 -4  1  5 -4  5 -1 -5 -4 -3 -3 -3 -1    1   0   0   0   0   0   0   0   0   3  78   0  18   0   0   0   0   0   0   0  1.06 0.28
  387 Q   -2  0 -1  2 -4  5  5 -3  1 -4 -4  0 -3 -4 -3 -1 -2 -4 -3 -4    1   3   1  10   0  29  50   0   3   0   0   1   0   0   0   1   0   0   0   0  0.91 0.24
  388 S    2 -1  3 -2 -2 -2 -2 -2 -1 -4 -4 -1 -3 -4 -2  4  0 -4 -3 -3   23   1  19   0   0   0   0   0   1   0   0   1   0   0   0  50   4   0   0   0  0.65 0.23
  389 P    1 -1 -1 -1 -2 -1 -1  1 -1 -2 -2 -1  0 -2  5  0  0 -2 -2 -1   11   3   2   2   1   2   2  10   1   2   3   3   3   1  36   8   5   1   1   3  0.50 0.08
  390 K   -2  2 -1 -2 -3  0 -1 -2 -2 -3 -3  6 -2 -3 -2 -1 -2 -3 -3 -3    1   8   1   1   0   2   1   3   0   1   2  71   0   1   1   3   1   0   1   1  0.84 0.21
  391 H   -2 -2  5 -2 -1 -1 -2  2  6 -4 -4 -2 -3 -2 -3  0 -1 -3  3 -4    0   0  34   0   1   1   0  16  30   0   0   0   0   0   0   6   2   0  10   0  0.82 0.24
  392 A    4 -2 -2 -2 -2 -2 -1 -1 -2 -2 -3 -2 -2 -4  0  3  3 -4 -3 -2   38   0   0   0   0   0   2   1   1   1   0   0   0   0   3  28  26   0   0   0  0.57 0.21
  393 Y   -4 -4 -5 -6 -5 -4 -5 -6 -1 -4 -3 -4 -3  1 -6 -4 -4  0 10 -4    0   0   0   0   0   0   0   0   0   0   0   0   0   0   0   0   0   0 100   0  2.55 0.49
  394 V   -2 -4 -4 -5  2 -4 -4 -5 -5  4  1 -4  0 -2 -4 -3 -2 -4 -3  5    0   0   0   0   4   0   0   0   0  29  10   0   1   0   0   1   0   0   0  56  0.79 0.23
  395 K   -3  5 -1 -2 -5  0 -1 -4 -2 -5 -4  6 -3 -5 -3 -2 -3 -5 -4 -4    0  30   1   1   0   0   0   0   0   0   0  67   0   0   0   0   0   0   0   0  1.23 0.31
  396 D   -3 -3  0  7 -6 -2  3 -3 -3 -5 -6 -2 -5 -5 -3 -2 -3 -6 -5 -5    0   0   2  82   0   0  16   1   0   0   0   0   0   0   0   0   0   0   0   0  1.61 0.34
  397 D   -4 -4  0  8 -6 -2  0 -2 -3 -5 -6 -3 -5 -6 -4 -2 -3 -6 -5 -5    0   0   2  95   0   0   1   2   0   0   0   0   0   0   0   0   0   0   0   0  1.93 0.39
  398 T    2 -3 -2 -3 -3 -2 -2 -3 -4 -2 -3 -2 -2 -4 -3  0  6 -4 -3 -1   19   0   0   0   0   0   0   0   0   1   0   0   0   0   0   1  76   0   0   2  1.08 0.32
  399 M   -1 -4 -4 -5 -3 -3 -4 -5 -4  5  3 -4  4 -1 -4 -3 -2 -4 -3  1    5   0   0   0   0   0   0   0   0  51  29   0  14   0   0   0   0   0   0   2  0.76 0.22
  400 F   -4 -5 -5 -6 -5 -5 -5 -5 -3 -2 -1 -5 -2  9 -6 -5 -4 -1  2 -3    0   0   0   0   0   0   0   0   0   0   0   0   0  96   0   0   0   0   4   0  2.11 0.41
  401 L   -3 -4 -5 -5 -3 -4 -5 -5 -5  6  4 -4  0 -1 -4 -4 -2 -4 -3  1    0   0   0   0   0   0   0   0   0  58  39   0   0   1   0   0   0   0   0   2  0.94 0.25
  402 K   -3  1 -2 -3 -5 -1 -1 -4 -3 -5 -5  7 -3 -5 -3 -2 -3 -5 -4 -4    0   4   0   0   0   0   0   0   0   0   0  96   0   0   0   0   0   0   0   0  1.59 0.38
  403 C    3 -4 -4 -4  7 -3 -4 -3 -4  1 -2 -4 -2 -3 -4 -2 -2 -4 -3  3   28   0   0   0  34   0   0   0   0   6   0   0   0   0   0   0   0   0   0  32  0.88 0.24
  404 I    0 -4 -4 -4 -3 -4 -4 -4 -4  6  0 -4  0 -1 -4 -3  0 -4 -3  2   10   0   0   0   0   0   0   0   0  72   1   0   0   1   0   0   7   0   0   9  0.86 0.25
  405 V   -1 -4 -5 -5 -3 -4 -4 -5 -5  3 -1 -4 -1 -2 -4 -3 -2 -5 -3  6    2   0   0   0   0   0   0   0   0  14   0   0   0   0   0   0   0   0   0  84  1.14 0.30
  406 D   -3 -3 -1  7 -5 -1  4 -3 -3 -5 -5 -2 -5 -5 -3 -2 -3 -6 -5 -5    0   0   0  75   0   0  25   0   0   0   0   0   0   0   0   0   0   0   0   0  1.53 0.32
  407 T   -2 -3 -2 -3  0 -3 -3 -4 -4  0  3 -3 -1 -2 -1 -1  5 -4 -3 -1    0   0   1   0   2   0   0   0   0   1  40   0   0   0   3   0  51   0   0   1  0.65 0.23
  408 S   -1 -2  3 -2 -3 -2 -2 -2 -2 -3 -3 -2 -3 -4 -3  4  5 -4 -3 -2    0   0  16   0   0   0   0   1   0   0   0   0   0   0   0  37  46   0   0   0  0.78 0.24
  409 A    2 -2 -1 -2 -2 -2 -2  5 -2 -4 -4 -2 -3 -4 -2  2 -1 -3 -3 -3   17   0   0   0   0   0   0  60   0   0   0   0   0   0   0  23   0   0   0   0  0.75 0.10

                      K         Lambda
Standard Ungapped    0.1319     0.3183
Standard Gapped      0.0490     0.2670
PSI Ungapped         0.1606     0.3147
PSI Gapped           0.0490     0.2670
