
Last position-specific scoring matrix computed, weighted observed percentages rounded down, information per position, and relative weight of gapless real matches to pseudocounts
           A  R  N  D  C  Q  E  G  H  I  L  K  M  F  P  S  T  W  Y  V   A   R   N   D   C   Q   E   G   H   I   L   K   M   F   P   S   T   W   Y   V
    1 M   -4 -4 -5 -6 -4 -3 -5 -6 -4  0  0 -4 10 -3 -5 -4 -3 -4 -4 -2    0   0   0   0   0   0   0   0   0   3   3   0  94   0   0   0   0   0   0   0  2.49 0.67
    2 S    0 -3  2 -2 -3 -1  0 -3 -3 -5 -5 -2 -4 -5 -1  6  0 -5 -3 -4    5   0  11   0   0   1   7   0   0   0   0   0   0   0   2  69   3   0   1   0  0.99 0.43
    3 Q   -3 -1 -1 -1 -1  4  0 -2  2 -3 -3 -2 -2  1 -4  0 -2 -1  7 -2    0   2   1   3   2  22   4   3   5   1   1   0   0   2   0   7   0   0  44   3  0.74 0.28
    4 S   -1  0  2  4  2 -1  0 -1 -2 -3 -3 -1 -3 -3 -2  3  0 -3  0 -2    1   5   8  26   5   0   5   2   0   0   1   0   0   0   0  36   2   0   5   1  0.45 0.19
    5 N   -3 -3  7  0 -4 -2 -2 -2  0 -5 -5 -2 -4 -4 -4  3 -1 -5  0 -5    0   0  68   1   0   0   0   0   1   0   0   0   0   0   0  25   1   0   3   0  1.34 0.39
    6 R   -4  8 -3 -4 -6 -1 -2 -2 -3 -5 -3  0 -4 -5 -4 -3 -3  1 -4 -5    0  90   0   0   0   1   0   4   0   0   2   1   0   0   0   0   0   2   0   0  1.77 0.47
    7 E    0 -2  1  2 -1  0  5 -2 -2 -4 -2 -1 -3 -1 -3 -1 -1 -4 -1 -2    9   0   5  13   1   2  52   2   0   0   4   1   0   3   0   3   2   0   2   1  0.61 0.25
    8 L   -3 -4 -5 -5 -3 -1 -4 -5 -4  5  4 -4  0 -1 -4 -4 -2 -4 -3  1    0   0   0   0   0   3   0   0   0  37  55   0   0   0   0   0   0   0   0   5  0.88 0.28
    9 V   -1 -5 -5 -5 -3 -4 -4 -2 -5  1 -1 -4 -1 -3 -4 -3 -1 -5 -3  7    2   0   0   0   0   0   0   3   0   3   0   0   0   0   0   0   3   0   0  89  1.27 0.39
   10 V    0 -1 -2 -1 -3  0  4 -3 -2  1  0 -1  2 -1 -3 -2 -1 -4 -2  2    7   3   0   2   0   1  36   0   0   7   7   1   9   3   0   0   1   0   0  21  0.31 0.19
   11 D   -3 -1  1  5 -4 -1 -1  0  1 -4 -3  3 -3  3 -3 -1 -2 -3  1 -3    0   1   7  37   0   0   0   6   3   0   0  23   0  15   0   1   0   0   4   1  0.52 0.23
   12 F   -4 -4 -4 -5 -5 -4 -5 -5  1 -2 -2 -4 -3  6 -5 -4 -4  0  8 -3    0   0   0   0   0   0   0   0   2   1   2   0   0  36   0   0   0   0  57   0  1.70 0.43
   13 L   -3 -4 -5 -5 -3 -4 -5 -5 -5  6  3 -4  0 -2 -5 -4 -2 -4 -3  3    0   0   0   0   0   0   0   0   0  52  31   0   0   0   0   0   0   0   0  17  0.97 0.31
   14 S   -1  1  1 -2  3 -1 -2 -1  5 -3 -3  1 -3 -1 -3  3  0 -3  1 -3    3  10   8   0   7   1   0   4  18   1   0   8   0   3   0  27   5   0   6   0  0.37 0.21
   15 Y   -4 -3 -2 -1  1 -1 -3 -5  4 -3 -4 -1 -3  1 -5 -4 -4 -1  8 -4    0   0   1   4   3   3   0   0  11   1   0   4   0   2   0   0   0   0  72   0  1.65 0.48
   16 K   -3  4 -2 -3 -5 -1 -1 -4 -3 -5 -5  7 -4 -5 -3 -2 -3 -5 -4 -5    0  17   0   0   0   0   0   0   0   0   0  83   0   0   0   0   0   0   0   0  1.58 0.48
   17 L   -3 -4 -5 -2 -3 -4 -5 -6 -5  0  6 -4  2  0 -5 -4 -3 -4 -3  0    0   0   0   3   0   0   0   0   0   0  85   0   5   3   0   0   0   0   0   3  1.15 0.42
   18 S    0  0  0 -2  2  0 -2 -2 -3 -3  1 -2  0 -2 -3  5 -1  0 -3 -3    4   7   3   0   4   4   0   2   0   0  14   0   2   2   0  56   0   1   0   0  0.52 0.34
   19 Q   -3  0  0  0  1  7  0 -2  1 -2 -3  2 -3 -5 -3 -1 -3 -4 -3 -4    0   3   5   4   3  58   2   2   3   3   2  14   0   0   0   3   0   0   0   0  0.97 0.46
   20 K   -2  5  0 -2 -4  0 -1 -2  2 -2 -3  3 -1 -4 -3  0 -1 -4 -3 -2    2  43   4   0   0   2   0   3   5   2   1  25   2   0   0   5   4   0   0   2  0.68 0.32
   21 G   -2 -3  5  1 -4 -2  0  5 -2 -5 -5 -2 -4 -4 -3 -2 -3 -4 -4 -4    1   0  33   7   0   0   6  48   0   0   1   0   0   0   0   1   0   0   0   0  1.06 0.39
   22 Y   -3 -3 -3 -2  3 -3 -2 -4  3  0 -2 -3  0  2 -4 -2 -3 -1  7 -1    1   0   0   3   8   0   3   1   7   5   3   1   3   7   0   3   1   0  51   3  1.01 0.38
   23 S    0  0  0  0  2  0  0 -3 -3 -3 -1 -2 -3 -4  5  1  0 -4 -4  0    6   4   4   5   4   4   5   0   0   0   8   0   0   0  36  12   4   0   0   6  0.59 0.32
   24 W   -3 -4 -1 -4  3  0 -1 -2 -3 -1 -1 -1  1  0 -4 -1  0 10  1 -1    1   0   4   0   6   5   4   4   0   4   5   4   3   4   0   4   6  40   3   4  1.16 0.50
   25 S    0  0  2  1  1  0  0  0  0  0 -3  0 -2 -3 -1  3  0 -4 -3 -1    7   5  10  10   3   3   5   6   3   6   1   3   0   0   3  27   5   0   0   3  0.20 0.19
   26 Q    1 -1 -1 -2  0  2  0 -2  4 -2  1 -1  0  2 -1 -1 -1  0  0 -2   15   2   2   2   2  10   7   3  12   1  18   2   2   9   2   3   2   1   2   2  0.16 0.20
   27 F   -1 -1  1 -1  0 -1 -2  2  0  1  1 -2  0  2 -2 -1 -1 -2 -1  0    2   3   7   3   2   3   2  18   2   9  19   1   3  11   1   5   1   0   1   5  0.09 0.13
   28 S   -1  1  0  2 -3  0  3  2 -2 -3 -2 -1  0 -3 -1  1 -1 -3 -3 -1    3   7   2  13   0   4  21  14   0   1   3   2   3   0   3  13   1   0   0   6  0.22 0.22
   29 D    1 -1  0  2  0 -1  1  0  0 -1  0 -1 -1 -1  2  0 -1 -3 -2 -1   12   2   3  16   2   1  10   6   2   2  11   1   1   2   9   8   3   0   0   5  0.10 0.12
   30 V    1  1  1  0 -3  0  2  0 -2 -1 -2  0 -1 -2  1  0  0 -3 -2  0   11  10   6   5   0   4  20   8   0   2   3   2   2   2   5   5   4   0   0   7  0.13 0.14
   31 E    2 -1  0  3 -3 -1  3  1  0 -3 -2 -1 -2 -3  1  0 -1 -3 -3 -2   17   2   3  15   0   1  25   9   2   1   3   2   0   1   6   5   2   0   1   2  0.30 0.24
   32 E    1  0 -1  1 -3  0  3  0  0 -2 -2 -1 -2 -2  3  0 -1 -3 -3 -2   17   4   2   6   0   4  22   7   2   3   3   2   0   1  16   6   2   0   0   1  0.31 0.23
   33 N    0 -1  2  2 -3  0  0  1 -2 -2 -1 -1 -2 -3  3  0  0 -3 -3 -1    6   4  14  16   0   5   4   9   0   2   7   1   0   1  15   6   5   0   0   3  0.26 0.19
   34 R    0  4  0  0 -1 -1  0  0 -2 -3 -2  0 -2 -3  3  0 -1 -3 -3 -2    8  29   4   7   1   1   4   8   0   1   5   3   0   1  14   7   4   0   1   2  0.33 0.23
   35 T    1  0  1 -1 -3 -2  0  2 -2 -2 -2 -2 -2 -3  2  1  3 -3 -3 -1   11   6   6   3   0   1   6  16   0   2   3   1   0   1  11   9  21   0   0   3  0.27 0.21
   36 E    1 -1  0  2 -3  0  2  1  1 -2 -2 -1 -2 -3  2  0  0 -3 -3 -1   15   3   3  15   0   2  14  12   4   2   3   1   0   0   9   5   6   0   0   5  0.21 0.18
   37 A    3 -1 -1 -1 -2 -1  0  1 -1 -2 -1 -2 -2 -1  0  1  1 -3 -2  0   30   3   2   4   0   2   6  12   1   0   7   1   0   4   4  10   7   0   0   7  0.18 0.20
   38 P    1 -2 -1 -1  0  1 -1  2 -3 -1 -2 -2 -2 -1  4  1  0 -3 -3 -1   12   2   2   3   2   6   4  18   0   3   3   1   0   3  24   9   4   0   0   3  0.37 0.25
   39 E    1  1  0  0 -3  0  2  1 -2 -2 -2 -1 -2 -1  3  0 -1 -3 -3 -1   13   8   3   6   0   3  18  11   0   2   4   3   0   3  14   8   2   0   0   3  0.23 0.19
   40 G    1  1  1 -1 -3  0  0  2 -2 -1 -2  0 -2 -1  1  0  0  1 -2 -1   13  10   8   3   0   3   7  19   0   4   3   3   0   3   8   5   4   2   0   4  0.15 0.15
   41 T    1  0  0  0 -2  0  0  1  2  0 -1 -1  0  0  0  0  1 -3  0  0   14   4   4   5   0   4   4  10   6   5   6   0   3   4   5   6  10   0   3   5  0.05 0.09
   42 E    0  0  0  1 -3  0  1  0  2 -1 -1 -1 -2  0  1  1  0 -3 -2  0    9   4   5   7   0   5  13   6   6   4   4   0   0   6   6  13   5   0   0   6  0.11 0.14
   43 S    1 -1  0  0 -3  0  1  2 -2 -2 -2 -2 -2  0  2  1 -1  0  0 -1   14   3   3   6   0   5   8  14   0   2   3   1   0   4   9  14   3   1   4   4  0.15 0.16
   44 E    2  0  0  1 -3  1  3  0 -2 -1 -3 -2 -3 -2  1  1 -1 -4 -3 -1   19   4   5   8   0   6  21   7   0   3   1   1   0   2   6   9   3   0   0   4  0.26 0.25
   45 M    1 -1 -1  1 -2  1  0  1 -2 -2 -1  0  0 -1  1  0  0 -1 -2  0   17   2   2   7   0  10   5   9   0   1   6   5   3   3   8   8   5   1   0   7  0.11 0.14
   46 E    1 -1  0  0 -3  2  2  1  1 -2 -2 -1 -2 -2  0  0  0 -3 -2 -1   13   2   4   5   0  12  18  12   4   2   2   2   0   1   5   8   5   0   1   5  0.21 0.22
   47 T    1 -1  1 -1 -2 -1  0 -1 -1  0 -1 -2  2 -1  2  1  2 -3 -2  0   15   3   8   3   0   2   7   5   2   5   3   1   6   4  10   8  14   0   0   6  0.13 0.18
   48 P    0  0  0  0 -4  0  0  1  1 -3 -3 -2 -3  0  4 -1  0 -4 -3 -3   10   7   4   5   0   4   6  13   3   1   2   0   0   5  23   4   6   0   0   1  0.31 0.29
   49 S    1 -1  0 -1 -3 -2 -1  1  0 -2 -2 -1 -2 -4  2  3  2 -4 -3 -1   13   3   3   3   0   0   4  11   3   1   2   2   1   0   9  22  13   0   0   5  0.22 0.28
   50 A    1 -1  0 -1 -2  0  0 -1  0  0 -1 -2  0 -1  1  1  1 -3  0  1   12   1   3   3   0   3   5   4   3   6   6   0   3   3   8  11   8   0   4  10  0.04 0.12
   51 I    0 -1 -1 -1 -2  0 -1  0  1  0  0 -1 -1  0  2  0  1 -3 -2  1    8   4   2   2   0   3   4   7   5   4   8   2   0   4  10   6  12   0   0  14  0.05 0.14
   52 N    1  0  3  0 -3 -1  0  0  1 -2 -2 -2 -2 -1  1  1 -1  1 -1 -1   10   7  16   5   0   2   6   8   3   2   3   0   0   3   7  12   2   2   2   4  0.11 0.20
   53 G    0  0 -1  0  0 -1 -1  3  0 -3 -2 -2 -1  0  0  1 -1 -3  1  0    8   6   3   5   2   2   2  24   2   0   2   0   2   4   5  11   3   0   5   7  0.12 0.21
   54 N    0  2  1  1  0  0 -2  0  0 -2 -1 -1 -2 -1  1  1  0 -3 -1 -1    7  13   9   7   2   3   1   8   2   0   5   0   0   3   6  13   7   0   2   5  0.08 0.18
   55 P   -1  2  0 -2 -4 -3 -2 -1  2 -2 -2 -3 -2  0  5 -1  0 -4 -1 -1    5  11   5   2   0   0   2   4   6   2   5   1   1   5  31   5   5   0   2   4  0.48 0.39
   56 S    0  1  0  0 -1  0 -1 -1 -2 -2 -1 -2 -1 -1  2  2  1 -3 -1  0    7   7   5   5   1   5   3   3   0   2   4   1   2   2  11  16  11   0   2   8  0.11 0.20
   57 W    0  2 -1 -1  0  0  0  1 -2 -2 -1 -1 -1 -1  1  0 -1  5  0 -1    8  11   3   4   2   3   7   9   0   2   7   2   2   3   7   6   4   8   4   5  0.09 0.16
   58 H    0  1  0 -1  1  0 -1 -1  4 -1 -1  0 -2 -1  0  0  0  0  0 -1    8   7   4   4   3   4   3   4  14   3   7   5   0   3   5   6   4   2   4   4  0.07 0.16
   59 L    0  2  0 -1 -3  1  0 -2  1  0  0  0  0 -1  1  0 -1  1 -2  0    7  16   5   2   0   5   4   2   5   4  12   3   3   2   6   6   3   2   0   8  0.05 0.15
   60 A    1  2  0 -1  1  1  0  0  1 -1 -1 -1  0 -3  1  0  0 -3  0 -1   15  13   3   3   3   7   4   8   4   3   4   0   3   0   7   7   4   0   3   3  0.07 0.17
   61 D    0  0  1  1  1  0  1  0  0 -3 -2  0 -2 -1  2  0  0 -3 -2 -1    9   7   7   8   4   4   9   8   3   0   4   3   0   3   9   7   7   0   0   3  0.09 0.14
   62 S    0  1 -1  0 -4  2  1 -1  2 -4 -2 -1 -3 -4  1  3  0 -4 -3 -3    6   8   2   4   0  10   8   4   6   0   3   1   0   0   7  29   4   0   0   1  0.32 0.34
   63 P    0  0 -3 -3 -4  0  1  1  2 -3 -3 -1 -4 -5  6 -1 -1 -5 -4 -4    9   5   0   0   0   5   9  10   4   2   3   2   0   0  38   3   5   0   0   0  0.74 0.50
   64 A    2  0 -1 -1 -3 -1  0  0 -1 -1  0 -2  0 -3  3  0  0  0 -3 -1   21   6   3   2   0   3   7   6   2   3   8   0   2   0  14   7   6   2   0   4  0.14 0.23
   65 V    0  0 -1 -1  0  0  1  0 -1 -1 -1 -1 -2 -1  2  0  1 -3 -1  1    8   7   2   3   3   3   9   7   1   1   5   2   0   2  10   5  11   0   2  13  0.06 0.15
   66 N    1  0  3 -1 -3  1 -1  0 -1 -2 -2 -1  0 -2  3  1  0 -4 -3 -2   11   5  15   2   0   6   4   7   2   2   4   3   2   2  16   9   4   0   0   2  0.21 0.26
   67 G    1 -1 -1 -1 -3  1  0  3  0 -2 -2 -2 -1 -3  3  0  0  1 -1 -2   12   3   2   3   0   7   5  21   2   2   4   0   2   0  14   5   6   2   2   2  0.20 0.25
   68 A    2  0 -2  0  1  0 -1  0  0 -1 -1 -2  1 -2  1  0  0  2  0  0   20   6   0   5   3   4   3   5   3   3   6   0   4   0   7   8   3   3   4   7  0.05 0.17
   69 T    0  0  0  0  2  1  0  0  1  0 -1  0  1 -2  1  0  0 -3 -2  0    6   6   5   6   5   5   6   6   5   6   6   6   5   0   6   6   6   0   0   6  0.02 0.09
   70 G    1 -1 -1  0 -3 -1 -1  2 -2 -2 -2 -2 -2 -3  4  0 -1  1 -3  0   15   3   2   6   0   3   4  17   1   1   3   1   0   1  22   8   3   2   1   7  0.35 0.20
   71 H    2  0 -1 -1 -2 -1  2 -1  5 -1  0 -1 -2 -2  0 -1  0 -3 -2 -1   21   4   2   2   1   1  14   3  18   4  11   1   0   2   4   4   4   0   1   3  0.24 0.20
   72 S    1  1  0  1 -1 -1 -1 -1 -1  0 -2 -1  0 -1  1  2  0 -3 -2 -1    9   7   4   8   1   2   2   5   1   7   3   3   3   3   7  25   5   0   1   4  0.13 0.13
   73 S    1  0  0  0  0 -1  0  0  2 -2 -2 -1 -1 -2  4  1  0  0 -1 -1   13   7   4   4   2   2   5   5   6   1   3   1   1   1  19  14   4   2   2   3  0.25 0.16
   74 S    1 -1  0  0 -1  0  1  1 -1 -2 -1 -1 -2 -1  1  2  0 -3 -2 -1   13   3   3   6   1   5  10   9   1   1   6   2   0   3   8  19   6   0   1   3  0.14 0.12
   75 L    0  0 -1 -2 -2  0 -1 -1  0  1  2 -1  1 -1  3  0  0 -1 -2  0    5   4   2   2   0   4   4   5   3   8  23   2   5   1  14   7   4   1   1   6  0.14 0.11
   76 D    0 -1 -1  3  0  1  1  0  1 -2 -1 -1 -2 -2  2  1  0 -3 -1 -1    6   3   1  20   2   7   7   6   3   1   7   1   1   1  11  13   4   0   2   3  0.20 0.14
   77 A    2  0 -1 -1  2  2  0  1 -1 -2 -1  0 -2 -2  2  0  0 -3 -2 -1   21   5   2   2   4  11   4  10   1   2   5   5   0   1  12   5   5   0   1   5  0.17 0.13
   78 R   -1  1  0  1 -1  1  2  0  2 -2  0  0 -2 -2  3  0  0 -3 -2 -2    4   8   4   8   1   5  13   6   7   1  11   3   0   2  14   4   5   0   1   2  0.16 0.11
   79 E   -1  1  0  0 -1  1  1  0 -1 -2 -1  0 -2 -3  4  0  0 -3 -3 -2    4   8   5   3   1   7  12   8   1   3   7   3   0   1  21   8   4   0   1   2  0.28 0.16
   80 V   -1  0  0  0  0 -1  0 -1 -1  0  1  0  1 -2  2  0  0 -2 -2  0    4   5   3   7   2   2   6   4   1   3  20   4   4   1  11   9   6   0   1   8  0.07 0.07
   81 I    0  0 -1  1 -1  0  0 -1 -1  0 -1  0 -1 -2  3  1  0 -3 -2  0    8   7   1   8   2   3   7   3   2   7   4   3   1   1  15  13   6   0   1   8  0.15 0.10
   82 P    0 -1 -2 -2 -3 -1 -1 -1 -3 -1 -2 -1 -1 -3  6  0  1 -3 -3 -1    7   4   1   2   0   2   3   5   0   4   3   3   1   1  43   7   9   0   1   4  0.77 0.30
   83 M    0 -2 -1 -2 -1 -1 -1  0  2  1  0 -2  3 -2  3  0  0 -3  0  0    9   1   3   2   1   2   2   6   6   9   6   1  12   1  19   6   5   0   4   8  0.21 0.15
   84 A    2 -2  1  1  0 -1  1  0 -2 -2 -2  0 -2 -3  3  2  0 -3 -3 -2   17   1   8   7   2   2  12   5   0   2   4   3   0   0  13  17   3   0   0   2  0.26 0.18
   85 A    2  2 -2  0  0  3  0 -2 -1 -3 -3  2 -2 -4  1  0  0 -4 -3 -1   22  12   0   6   2  18   4   1   1   0   1  12   0   0   7   3   4   0   0   5  0.32 0.24
   86 V   -1 -4 -3 -5 -3 -4 -4 -5 -1  2  2 -4  0 -3 -2 -2 -1 -4 -1  5    5   0   1   0   0   0   0   0   1   9  16   0   2   0   1   3   3   0   2  54  0.75 0.39
   87 K    1  0  0 -2  0  1 -1  2  5 -3 -2  2 -3 -2 -3  0 -2 -3  0 -3   10   4   3   0   2   6   2  17  20   1   3  17   0   1   0   6   1   0   2   1  0.36 0.25
   88 Q    1  3 -2 -2 -3  3  1 -2 -1 -1  0  1  0 -3 -2  0 -1 -3 -3 -1   11  20   1   1   0  16   9   1   1   2  13   6   3   1   1   7   4   0   0   3  0.25 0.20
   89 A    3  1 -2 -3  2  1 -2 -2 -1 -1 -2  0 -2 -3 -3 -1  2 -4 -3  1   29  10   1   0   5   6   1   2   2   3   2   5   0   0   0   2  18   0   0  13  0.32 0.25
   90 L   -3 -4 -5 -5 -3 -4 -4 -5 -4  0  6 -4  4 -2 -4 -4 -3 -4 -3  0    1   0   0   1   0   0   1   1   0   3  73   1  12   0   1   1   1   0   0   5  1.21 0.49
   91 R    1  7 -3 -4 -2  0 -3 -3 -3 -4 -3  1 -3 -4 -4 -2 -3  1 -4 -4   14  64   0   1   1   2   1   2   0   0   3   6   0   0   0   1   1   2   0   1  1.24 0.52
   92 E    0  1 -1  2  0  2  3 -3 -2  1 -1  1 -2 -3 -2  0 -1 -3 -3 -1    5   9   2  11   2  10  22   1   0  11   4   9   1   1   0   8   2   0   0   3  0.24 0.18
   93 A    4 -3 -3 -3 -2 -3 -3 -3 -3  3  1 -2  2 -3 -3  0  0 -4 -3  0   38   0   0   0   0   0   1   1   0  20  14   2   5   0   0   7   6   0   0   5  0.45 0.29
   94 G    2 -4 -3 -3  1 -3 -4  6 -4 -4 -4 -3 -4 -4 -4  0 -1 -4 -4 -2   16   0   0   0   3   0   1  62   0   0   1   0   0   0   0   7   3   0   0   4  1.12 0.45
   95 D   -4 -2  2  7 -3 -2  1 -3 -3 -5 -5 -1 -5 -5 -4 -1 -1 -5 -2 -5    1   2   8  65   1   0   9   2   0   0   1   2   0   0   0   3   3   0   1   1  1.34 0.52
   96 E   -3 -3 -1  4 -5  1  6 -2 -1 -5 -3  0 -4 -5 -3 -2 -3 -5 -4 -3    1   0   2  21   0   4  57   3   1   0   2   3   0   0   0   1   0   0   0   2  1.10 0.49
   97 F   -4 -4 -5 -5 -2 -4 -5 -5 -4  4  2 -4  2  6 -5 -4 -3 -3 -1 -1    1   0   0   0   1   0   1   1   0  23  22   0   4  40   0   1   1   0   0   3  1.02 0.45
   98 E   -1 -3  3  2 -4 -1  5 -2 -2 -2 -4 -2 -4 -4 -3  1 -3 -4 -1 -4    5   0  13   8   0   1  48   3   0   3   1   1   0   0   0  11   0   0   2   1  0.79 0.44
   99 L    0  5 -1  0 -3  1  1 -1 -2 -2  1  1 -1 -2 -3 -1 -1 -3 -3 -3    7  34   2   5   0   6   9   3   1   2  15   8   1   1   1   3   2   0   0   1  0.38 0.26
  100 R   -2  6 -2 -1 -1  1 -1 -4 -1 -2  0  1  0 -4 -3 -2 -2 -4 -3 -2    2  50   1   3   2   6   4   1   1   2  12   7   3   0   1   2   2   0   0   2  0.76 0.39
  101 Y   -4 -4 -1 -4  0 -3 -4 -4  2 -4 -2 -2 -3  4 -4 -4 -4  1  8 -4    1   1   4   1   2   1   1   1   5   1   3   2   0  14   1   1   1   2  61   1  1.67 0.63
  102 R   -2  3 -1  2 -2  3  0 -1  2 -2 -3  1 -3 -4  0  0  0  0 -3 -3    2  19   2  15   1  19   3   3   6   2   2   6   0   0   5   4   7   1   0   1  0.36 0.25
  103 R    0  4 -1  1 -2  3  0 -1 -1 -1 -2  0 -2 -3  0  1 -1 -2 -3 -1    7  27   2   7   1  13   6   4   1   3   4   1   0   0   5   9   4   1   0   3  0.28 0.21
  104 A    2 -2  0  3 -3  2  3 -2 -2 -2 -1 -2 -2 -2 -1  0  0 -4 -3 -1   19   1   4  19   0   9  19   1   1   1   7   0   0   2   2   6   5   0   0   3  0.31 0.24
  105 F   -3 -5 -1 -5  0 -5 -5 -3 -4 -3  1 -5  0  8 -5 -4 -4 -2 -1 -2    2   0   4   0   2   0   1   2   0   0  10   0   2  71   0   1   0   0   0   3  1.71 0.66
  106 S    2  1  1  0 -1  1  0  0  1 -1 -2  0 -1 -3 -1  2  0 -1 -2 -1   19   8   6   4   1   8   6   5   4   3   2   3   2   0   1  18   6   1   0   3  0.16 0.16
  107 D    0 -2  1  4  0  1  3  0  0 -3 -4 -1 -3 -4 -3  0  0 -4 -2 -3    9   1   6  25   2   7  23   8   2   1   1   1   0   0   0   5   5   0   1   2  0.45 0.28
  108 L   -3 -4 -4 -5 -1  0 -4 -5  0  1  3 -4  8 -2 -3 -4 -3 -4 -3 -1    2   0   0   0   1   4   1   1   3   6  28   1  47   0   1   1   1   0   0   3  1.21 0.56
  109 T    0 -2 -2 -3  5  0 -2 -2 -1 -1  1 -2 -1 -2 -2  3  1  0 -3  1    5   2   1   1  12   4   1   2   1   3  13   1   1   1   1  30   8   1   0  11  0.32 0.26
  110 S    0  1  0  0 -3  1  1  1  2 -3 -2  1 -2 -2 -2  3  0 -3 -1 -2    5   7   4   6   0   8   8   9   5   1   3   6   1   1   1  28   5   0   2   2  0.24 0.20
  111 Q   -1  1 -2 -3 -2  6  0 -3  2 -4 -3  1 -3 -4 -2  1 -1 -4  0 -3    5   8   0   1   1  46   3   1   6   1   2   7   0   0   1   9   2   0   4   2  0.78 0.44
  112 L   -3 -3 -5 -5 -3 -2 -4 -3 -4  1  6 -4  2 -2 -4 -4 -3 -4 -3  0    1   1   0   0   0   2   0   2   0   7  74   0   4   0   0   1   0   0   0   5  1.11 0.50
  113 H   -2  0  1  1 -2  3  1 -2  7 -3 -2 -2 -3 -3 -1 -2 -1 -4  1 -3    3   5   6   9   1  16   7   2  33   1   3   1   0   0   2   1   4   0   5   1  0.70 0.39
  114 I   -2 -3 -2 -4  1 -3 -4 -3 -4  3  3 -3  1  1  2 -2 -2 -3 -2  2    1   0   2   0   3   0   1   1   0  19  35   0   3   7  12   3   2   0   0  11  0.46 0.28
  115 T   -1  0  0 -2  0 -2 -2 -2 -4 -3 -3 -3 -3 -4 -1  0  6 -5 -4 -1    3   6   4   1   2   1   2   2   0   0   1   0   0   0   3   6  61   0   0   5  0.94 0.53
  116 P    0  0 -1 -2 -4  0  0 -2  0 -3 -2  0 -2 -4  6  1 -2 -1 -4 -2    6   5   2   2   0   3   4   3   3   1   3   6   1   0  44   9   2   1   0   3  0.82 0.41
  117 G    0 -1  0  2  2 -1  2  1  0 -2 -3 -1 -2  1 -1  1  0 -3 -2 -2    8   3   4  15   5   1  17  12   2   2   1   3   0   8   2  10   5   0   0   2  0.18 0.17
  118 T   -1 -3  4 -2 -3  0 -2 -1  1 -1 -3 -2 -1 -4 -2  1  5 -4 -3 -1    5   0  20   0   0   3   0   5   3   3   1   2   2   0   2   6  45   0   0   2  0.62 0.39
  119 A    5 -1 -3 -3  1 -1 -3 -1 -3  0 -2 -2 -2 -3  0  0  0 -4 -3  1   61   3   0   0   2   2   1   3   0   4   3   0   0   0   3   3   4   0   0   8  0.64 0.39
  120 Y   -3  3  0 -3  0  2 -1 -2  2 -3 -3  1 -3  0 -4 -1 -2 -2  6 -2    1  21   4   0   2   9   4   2   4   0   1   7   0   3   0   5   2   0  33   2  0.64 0.39
  121 Q   -1  1  0 -1  2  3  2  1  1 -3 -3  0 -1 -4  1  0 -1 -4 -3 -1    3   9   3   3   5  20  12  13   4   0   1   2   2   0   6   8   3   0   0   5  0.25 0.22
  122 S    0  3 -1 -3  0 -2 -2 -1  3 -3 -2  0  0 -2 -3  2  3 -3  2 -1    8  17   3   0   2   0   0   3   7   0   3   3   2   0   0  15  19   0   9   3  0.27 0.27
  123 F   -4 -1 -5 -5  1 -5 -5 -5 -4 -1 -1 -5 -3  8 -5 -4 -4 -2  2 -1    1   4   0   0   3   0   0   0   0   4   5   0   0  68   0   0   0   0   4   4  1.55 0.67
  124 E    0  0  0  0  2  0  0 -2 -2  0  0  0  1  0  1  0  0 -2  1  0    6   6   5   6   5   5   6   0   0   6   6   6   5   5   6   6   6   0   5   6  0.02 0.10
  125 Q    2  0  1  0  1  1  1  0  1 -3 -2  1 -2 -3 -3  1  1 -4 -3 -3   17   5   5   4   3   7   8   6   4   0   4  11   0   0   0   9   8   0   0   0  0.14 0.21
  126 V   -1 -4 -1 -4  2 -3 -4 -1 -4  3  0 -4 -1 -3 -4 -3  0 -4 -3  5    4   0   4   0   4   0   0   4   0  17   5   0   0   0   0   1   4   0   0  47  0.57 0.39
  127 V    2 -1 -3 -3  2 -2 -2 -1 -3  1 -1 -1  2  1 -3  0  0 -3 -2  2   26   4   0   0   5   0   0   5   0   7   4   4   6   7   0   5   5   0   0  16  0.15 0.21
  128 N   -1  0  1  0  2  1  0  0  2 -2 -1  0 -2  1  1  0  0 -2  1 -2    0   6   6   6   6   6   6   6   6   0   6   6   0   6   6   6   6   0   6   0  0.06 0.14
  129 E   -1  0 -1  0 -3  2  5  0 -1 -3 -3  0 -2 -3 -2  1 -1 -3 -2 -2    2   3   1   2   0   6  57   7   0   1   2   3   0   1   1   9   1   0   1   2  0.59 0.21
  130 L   -2 -2 -3 -3 -2 -2 -3 -1 -3  1  4 -2  2 -1 -3 -2 -1 -2 -2  1    1   1   1   1   0   1   1   6   0   8  62   1   4   1   1   1   3   0   1   6  0.43 0.16
  131 F   -3 -3 -3 -4  0  0 -3 -3 -2  0 -1 -3 -1  7 -3 -3 -3 -1  1 -1    1   1   1   1   2   6   1   1   0   4   1   1   0  74   1   1   1   0   0   3  1.14 0.32
  132 R   -1  4  0 -1 -3  2  1 -1  0 -2 -2  1 -2  0 -2  1 -1  0 -2 -1    3  34   2   3   0   9  11   3   1   1   2   5   0   5   1  10   2   1   0   6  0.28 0.13
  133 D   -1 -1  1  5 -3  1  1  0 -2 -3 -3 -1 -3 -3 -2  1 -1 -4 -3 -3    2   2   5  47   0   5   9   8   0   1   1   1   0   0   1  10   3   0   0   1  0.54 0.19
  134 G   -1 -2  1 -1 -3 -1 -1  6 -2 -4 -4 -2 -3 -3 -3 -1 -2  4 -3 -4    1   2   6   2   0   1   4  67   0   1   1   2   0   0   1   3   1   6   0   1  0.92 0.26
  135 V   -1 -2 -3 -3 -2 -2 -3  0 -3  3  1 -2  0 -1 -1 -2 -1 -3 -1  4    2   2   0   1   0   0   1   9   0  25  10   2   0   0   3   1   2   0   2  38  0.30 0.15
  136 N   -2  0  6  1 -3 -1 -1  1  2 -4 -4  0 -3 -3 -3  0  0 -4 -3 -3    1   5  54   5   0   0   1  12   5   1   1   4   0   0   1   4   5   0   0   1  0.70 0.24
  137 W   -4 -4 -4 -5  1 -3 -4 -4 -4 -4 -3 -4 -3 -1 -4 -1 -3 12  0 -4    1   1   0   1   3   0   1   1   0   1   1   1   0   0   1   7   1  82   0   1  3.03 0.56
  138 G   -1 -3 -2  0 -3 -3 -3  6 -3 -3 -4 -3 -3 -4 -3 -1 -2 -3 -4 -3    3   1   0   4   0   0   1  80   0   2   1   1   0   0   1   3   1   0   0   2  1.19 0.30
  139 R   -2  6  0 -2 -3  0 -1 -1  1 -3 -3  1 -2 -3 -2 -1  0 -3 -2 -2    1  67   4   1   0   1   1   6   4   1   1   1   0   1   1   1   7   0   0   3  0.75 0.22
  140 I   -2 -3 -2 -3 -2 -3 -3 -4 -3  5  1 -3  0  1 -3 -3 -1 -3 -2  3    1   0   2   0   0   0   1   1   0  54   5   0   0   5   0   1   1   0   0  28  0.57 0.19
  141 V   -1 -4 -3 -1 -2 -3 -3 -4 -4  3  0 -3 -1 -2 -3 -2 -1 -4 -2  6    2   0   0   3   0   0   0   0   0  10   0   0   0   0   0   3   0   0   0  78  0.75 0.27
  142 A    5 -1 -2 -2 -2 -1  0  1 -2 -2 -3 -1 -2 -3 -1  0  1 -3 -3 -1   67   3   0   0   0   0   5   9   0   0   0   0   0   0   1   2   8   0   0   2  0.53 0.21
  143 F   -2 -3 -4 -4 -3 -3 -4 -4 -3  1  3 -3  1  6 -4 -3 -2 -1  1  0    2   0   0   0   0   0   0   0   0   4  40   0   2  44   0   0   0   0   1   4  0.69 0.21
  144 F   -3 -4 -4 -5 -3 -4 -4 -5 -2  0  1 -4  1  7 -5 -4 -3 -1  4  0    0   0   0   0   0   0   0   0   0   3  16   0   3  59   0   0   0   0  13   4  1.06 0.29
  145 S    1 -2 -1 -1  1 -1  3  1 -2 -2 -2 -1 -2 -2 -2  1  0 -3  0  0   16   0   0   0   3   0  32  12   0   0   0   0   0   1   0  13   6   0   3  12  0.26 0.15
  146 F   -4 -4 -4 -5 -4 -4 -4 -5 -3 -2  0 -4 -1  8 -5 -4 -4 -1  1 -1    0   0   0   0   0   0   0   0   0   0   7   0   0  84   0   0   0   0   1   3  1.63 0.39
  147 G    1 -4 -2 -3 -4 -3 -3  6 -3 -5 -5 -3 -4 -4 -4  1 -3 -4  0 -4    8   0   0   0   0   0   0  78   0   0   0   0   0   0   0  10   0   0   4   0  1.29 0.33
  148 G    0 -3  0 -3  1 -3 -3  6 -2 -4 -4 -3 -4 -1 -4 -1 -3 -3  3 -4    6   1   5   0   3   0   0  67   0   0   0   0   0   2   0   4   0   0  12   0  0.99 0.29
  149 A    2  3  1 -2 -1 -1  0 -2 -2 -1 -2  0 -1 -3 -2  0  0 -4 -3  2   26  20  10   0   1   0   6   0   0   1   0   4   1   0   0   2   7   0   0  22  0.23 0.16
  150 L   -1 -3 -1 -4 -3 -3 -4 -4 -3  1  4 -3  6  0 -4 -3 -2 -3 -2  1    5   0   4   0   0   0   0   0   0   3  46   0  33   2   0   0   0   0   0   6  0.72 0.27
  151 C    4 -4 -3 -4  8 -3 -4 -3 -4 -3 -3 -3 -3 -4 -3  1 -2 -4 -4 -1   40   0   0   0  46   0   0   0   0   0   0   0   0   0   0  11   0   0   0   3  1.26 0.36
  152 V    1 -3 -4 -4 -2 -2 -3 -3 -1  2  1 -2  1 -2 -3 -2 -1 -4 -2  4   16   0   0   0   0   1   0   1   2   6  11   2   4   0   0   0   3   0   0  54  0.47 0.22
  153 E   -1 -1 -1  0 -4  2  5 -3  5 -4 -4  0 -3 -2 -3 -2 -1 -3  2 -4    5   1   1   2   0   7  49   0  20   0   0   5   0   1   0   0   2   0   7   0  0.76 0.27
  154 S    0 -2 -2 -3  7 -2 -1 -3 -3 -2 -3 -3 -2 -1 -3  4 -1 -4 -3  1    6   1   0   0  32   0   4   0   0   0   0   0   0   4   0  40   1   0   0  12  0.76 0.29
  155 V    0  0 -3 -3 -2 -2 -2 -3 -2  2  0 -1  1  0 -3 -1 -1  0  2  4    8   7   0   0   0   1   1   0   0   8   5   2   3   2   0   5   1   1  11  46  0.30 0.17
  156 D   -2  2  4  2  0  3  2 -2  0 -4 -4  1 -3 -4 -3  0 -2 -4 -3 -3    1  13  26  10   3  15  17   0   1   0   0  10   0   0   0   3   0   0   0   1  0.49 0.19
  157 K   -2  4  1 -2 -3  1 -1  0  1 -2 -3  4 -2 -4 -3 -1  0 -4 -3 -3    1  33   7   0   0   4   0   7   4   2   1  32   0   0   0   1   6   0   0   1  0.52 0.21
  158 E   -1 -2  2  1 -4  0  4  3 -1 -4 -4  0 -3 -4 -2 -1 -2 -4 -3 -4    1   0  14   5   0   2  42  26   1   0   0   5   0   0   0   1   0   0   0   0  0.61 0.21
  159 M   -1 -1 -2 -2 -3  0 -2 -3 -1  1  1 -2  7  0 -3 -2 -1  2 -2  0    5   3   1   2   0   3   1   1   2   5  11   1  49   2   0   1   3   3   0   5  0.66 0.28
  160 Q    0  0 -1 -1 -2  1  1 -1  0 -2 -2  0 -1 -2  3  3  2 -2 -2 -2    4   4   1   1   0   5   9   2   3   2   2   5   1   2  14  30  15   0   0   1  0.31 0.15
  161 V   -1 -2 -1  1 -3  0  2  2  1 -2 -3 -1 -2 -3  4  0 -1 -1 -1 -1    2   1   1   9   0   3  18  17   4   1   1   1   0   0  24   5   1   1   2   8  0.40 0.15
  162 L   -2 -1 -3 -3 -1  1 -2 -3  0  0  4 -2  2  3 -2 -2 -2 -2  0 -1    1   3   0   1   1  10   1   1   2   2  48   1   6  15   2   2   1   0   3   2  0.40 0.20
  163 V   -2 -4 -4 -3 -2 -3 -2 -4 -4  1  1 -3  0 -2 -3 -3 -1 -4 -3  6    1   0   0   2   0   0   2   1   0   4  14   1   2   1   0   1   2   0   0  69  0.83 0.31
  164 S   -1  1  1  4  2  0  1  1 -2 -3 -3 -1 -3 -4  0  0 -1 -4 -3 -3    4   9   5  36   6   3   6  12   0   0   1   1   0   0   4   9   1   0   1   1  0.43 0.18
  165 R   -1  3  3  0 -2  2  0 -2  1 -3 -3  1 -2 -3 -2  2  0  2 -2 -3    2  21  14   6   1  11   2   2   4   1   2   4   0   0   0  20   4   3   0   1  0.34 0.17
  166 I   -3 -4 -4 -4 -3 -4 -4 -4 -4  6  0 -4 -1 -2 -4 -3 -2 -4 -3  3    1   0   0   1   0   0   1   1   0  70   5   1   0   0   0   1   1   0   0  17  1.09 0.34
  167 A    4 -1 -2 -3 -2 -1 -2 -1 -3  1 -1 -1 -1 -3 -2 -1  1 -3 -2  2   51   3   0   0   0   3   1   2   0   7   2   2   0   0   1   1   9   0   1  15  0.42 0.22
  168 A    1  2  0  2 -1  0  2 -1  1 -2 -1  0 -2 -3 -2  1  1  0 -2 -2   11  13   4  13   1   2  17   4   4   0   8   1   0   0   0   9   8   1   1   1  0.17 0.10
  169 W   -4 -4 -5 -5  0 -3 -4 -4 -2 -4 -3 -4 -3  2 -5 -2 -4 11  3 -4    1   0   0   0   2   1   1   1   1   0   1   1   0   9   0   3   1  68   9   1  2.67 0.57
  170 M   -1 -3 -3 -4 -3 -2 -3 -4 -3  1  1 -3  7 -2 -3 -3  1 -3 -3  3    4   0   0   1   0   0   1   1   0   5  10   1  45   0   0   1   9   0   0  20  0.82 0.33
  171 A    2 -2 -2 -2  1 -2 -1  0 -1 -2 -2 -2  0 -3 -2  1  4 -3 -3  1   23   0   0   1   3   0   4   7   1   1   1   1   3   0   1   7  38   0   0   9  0.39 0.22
  172 T    0  0  0  2 -3  1  4 -2 -2 -2 -3  1 -1 -3 -2  0  2 -3 -3 -1    6   3   2  15   0   4  31   1   0   1   1   6   2   0   1   5  17   0   0   4  0.36 0.18
  173 Y   -3 -4 -4 -4 -2 -3 -4 -4 -1 -2 -3 -4 -2  5 -4 -1 -3  0  8 -3    1   0   0   1   1   1   1   1   0   2   1   1   1  22   0   4   1   0  64   1  1.60 0.45
  174 L   -2 -3 -4 -4 -1 -3 -4 -4 -4  2  5 -3  3 -1 -4 -3 -1 -3 -2  1    1   0   0   1   1   0   1   1   0  13  60   1   9   0   0   1   3   0   0   9  0.71 0.26
  175 N    0  1  4  3  1  2  1 -1  0 -3 -2 -1 -3 -4 -3  0  0 -4 -3 -3    7  10  26  18   3  11   7   2   1   0   5   0   0   0   0   3   5   0   0   0  0.39 0.21
  176 D   -2  2  3  2 -4  0  3  1  2 -4 -4  0 -2 -4 -3  1  0 -4 -3 -3    1  16  15  11   0   3  20   9   6   0   0   2   1   0   0  10   6   0   0   1  0.39 0.19
  177 H   -2  3  1 -2 -3  1 -1 -3  7 -4 -4  1 -3 -3  1 -1 -1 -4  1 -4    1  21   8   1   1   5   1   0  35   0   0   8   0   0   8   2   3   0   4   0  0.80 0.31
  178 L   -3 -4 -5 -5 -3 -4 -5 -5 -5  4  5 -4  0  1 -5 -4 -3 -3 -3  1    0   0   0   0   0   0   0   0   0  27  60   0   0   5   0   0   0   0   0   6  0.95 0.34
  179 E    2  0  2  0 -3  1  1 -1  4 -3 -1 -1 -2 -3 -3  1 -1 -4 -2 -1   20   5  12   5   0   7   7   4  16   0   6   2   0   0   0  11   1   0   0   4  0.26 0.17
  180 P   -1  3  3  0 -3  2 -1 -1  0 -3 -3  0 -3 -4  4  0  1 -4 -2 -3    3  20  15   4   0  11   2   5   1   0   2   3   0   0  19   4   9   0   1   1  0.43 0.20
  181 W   -6 -6 -7 -7 -6 -5 -6 -6 -6 -6 -5 -6 -5 -3 -7 -6 -6 13 -1 -6    0   0   0   0   0   0   0   0   0   0   0   0   0   0   0   0   0  98   0   0  4.53 0.93
  182 I   -3 -5 -5 -5 -3 -4 -5 -5 -5  7 -1 -4  1 -2 -4 -4 -3 -4 -3  1    1   0   0   0   0   0   0   1   0  87   1   0   3   0   0   1   0   0   0   3  1.59 0.47
  183 Q    0  0  1  0 -3  5  1 -2  3 -2 -1  0 -1 -3 -2  0 -1 -3 -2 -2    9   2   5   6   0  40   7   1   8   2   5   4   2   0   0   5   2   0   0   1  0.42 0.22
  184 E    0 -1  1  3 -3  2  2 -1  0 -2 -3  0 -2 -3 -2  2  0 -3 -2 -3    6   2   7  24   0  10  15   2   3   2   1   3   0   0   0  19   4   0   0   1  0.35 0.16
  185 N   -2  0  5 -1 -3  3  0 -2  5 -2 -3  1 -2 -3 -3  0 -1 -3 -2 -3    1   4  34   0   0  18   4   1  17   3   1   8   0   0   0   5   3   0   0   1  0.58 0.26
  186 G   -1  0  1 -1 -3  0 -2  5 -2 -3 -3 -1 -3 -4 -3 -1 -2 -3 -3 -1    1   5   7   3   0   4   1  62   0   1   1   3   0   0   1   3   1   0   0   8  0.76 0.26
  187 G   -1 -3  1  0 -3 -2 -2  6 -3 -4 -3 -1  2 -3 -3  0 -2 -3 -3 -3    1   1   8   4   0   0   1  65   0   1   1   3   7   0   1   6   1   0   0   1  0.89 0.29
  188 W   -3 -4 -4 -4 -3 -3 -4 -3 -3 -4 -3 -4 -3 -1 -4 -4 -3 12  0 -4    1   1   1   1   0   1   1   1   0   1   2   1   0   1   1   1   1  83   1   1  3.18 0.52
  189 D    0  0  1  0  2  1  0  0  2 -2 -1  0  1 -3  1  0  0 -3 -2 -1    6   6   6   6   6   6   6   6   6   0   6   6   6   0   6   6   6   0   0   6  0.04 0.12
  190 T    1  0 -2  0  3  0  1  1  1 -1 -1 -2 -2 -3 -2  0  1 -3 -3 -1   15   6   0   4   8   5   8  13   5   4   5   0   0   0   0   7   9   0   0   4  0.10 0.18
  191 F    1 -3 -3  0 -3 -3 -1 -1 -3 -1 -1 -3  0  6 -1 -1 -1  2  0  1   14   0   0   5   0   0   5   4   0   3   5   0   3  38   3   4   3   3   0  10  0.43 0.34
  192 V    0 -2 -1 -1  1  0 -1 -3 -3  1  1 -1  2  1 -3  0  0 -3 -2  2    9   0   3   3   4   4   2   0   0   7  17   2   8   7   0   7   7   0   0  19  0.13 0.16
  193 E    0  0  0  2 -1  1  3 -1  1 -2 -2  1 -2 -1 -1  0 -1 -3 -1 -2    7   5   3  15   1   4  27   4   3   1   4   9   0   2   2   5   2   0   2   3  0.26 0.22
  194 L   -2 -1 -2 -4  1  0 -3 -4  0  1  3 -3  0  3 -1 -1 -1 -2  1  0    3   3   2   0   3   5   0   0   3   5  42   0   2  12   3   4   4   0   4   4  0.33 0.27
  195 Y   -1  0 -3 -2 -3  0 -3 -2  1 -2 -1 -3  0  5 -4 -1 -1 -1  6 -3    5   5   1   2   0   4   1   3   3   1   5   1   2  28   1   6   3   0  31   1  0.74 0.39
  196 G   -1  0  0  0  1  0  2  4 -1 -3 -2 -1 -1 -3 -1  0 -1 -3 -3 -2    3   5   4   3   4   5  13  37   2   1   4   2   2   1   3   5   2   0   1   4  0.35 0.22
  197 N   -2  1  4  2 -1  1  0  0  0 -3 -2  0 -1 -3  1  0  0 -3 -3 -2    1   9  25  10   1   6   5   7   1   1   4   5   1   1   7   6   6   0   1   4  0.27 0.18
  198 N    0  0  2  2  0  0  0  1  1 -2 -1  0 -2 -3  1  0 -1 -3 -2 -2    5   5  11  16   2   4   5  13   5   3   6   5   0   1   8   8   3   0   1   1  0.17 0.12
  199 A    2 -1 -1  0  3 -1  0  0 -1 -1 -1 -1  1 -2  1  0  0 -3 -2 -1   23   4   2   7   7   2   6   7   2   2   7   3   5   1   7   6   6   0   1   4  0.11 0.11
  200 A    2 -1  1  0  3  0  1  0  0 -1 -1 -1 -1 -2 -2  1  0 -2 -2  0   22   3   7   3   7   4   9   5   2   5   6   3   0   1   1  11   4   0   1   5  0.11 0.11
  201 A    2  1  0 -1 -1  0  1 -1  0 -2 -1  0  0 -2  1  0  0  2 -2 -1   26   7   5   3   1   4   8   4   2   1   5   4   2   1   7   7   4   3   1   5  0.13 0.12
  202 E    0  1  1  2 -3  1  3  0  0 -2 -1  1 -1 -2 -1 -1 -1 -3 -1 -1    6   7   8  10   0   5  25   7   2   2   5   7   1   1   3   3   2   0   2   4  0.19 0.15
  203 S    1 -1  0  0  1  0  0  0 -2 -1 -1  0 -1  1 -1  2  0  0 -1  0   10   3   5   5   3   4   5   5   0   3   5   4   1   7   2  24   5   1   1   5  0.09 0.12
  204 R   -2  5 -1  2 -3  0  1 -2  0 -3 -2  1 -3 -3  0  0 -1  4 -2 -3    1  31   3  14   0   3   7   3   2   1   4   8   0   1   4   8   2   6   1   1  0.47 0.28
  205 K   -1  3  0  0  1  0  0 -1 -1 -1 -1  2  0  0  0  1  0 -2 -1 -1    3  18   3   4   3   4   3   3   1   4   5  15   2   4   4  15   3   0   2   3  0.16 0.14
  206 G   -1  1  0 -2 -2  0 -1  2 -1 -2 -1 -1 -2  0  3  2 -1  3  0 -2    3   8   4   2   1   5   3  14   1   2   6   2   1   5  13  17   3   5   3   3  0.20 0.16
  207 Q   -3  3 -2 -1 -4  4  1 -1 -2 -3 -2 -1 -3 -2  1 -2 -2  6 -2 -2    1  17   2   3   0  25   7   4   1   1   5   2   0   2   7   3   2  14   1   2  0.63 0.36
  208 E   -1 -2 -1  0 -1 -1  4 -1 -2 -2 -1 -2 -2 -1  3  1 -1 -1 -1 -1    3   1   2   4   2   1  31   4   0   2   6   2   1   3  17  10   3   1   2   5  0.39 0.27
  209 R   -1  1  0 -2 -1 -1 -1 -1  1 -1  0 -1 -1  1 -1  3  1  1 -1  1    4   9   4   1   1   1   2   4   5   1   8   3   1   6   2  25   9   2   2  12  0.15 0.17
  210 F   -3 -2 -2 -2 -3 -3 -1 -1  0  0  1 -1 -1  6 -1 -2 -2  3  1 -1    1   2   2   2   0   1   4   5   3   5  15   5   1  33   3   2   2   5   4   5  0.46 0.27
  211 N   -1  2  3  0 -1  0 -1  0  0 -2 -2  2 -2 -1 -1  0  1 -3 -2 -1    4  10  20   5   2   2   1   9   2   1   3  15   1   3   2   7   8   0   1   4  0.23 0.18
  212 R   -1  2  1 -2  1 -1 -1  0 -2 -1  0  2  0  0 -1  0  1  1 -1  0    4  13   7   1   3   1   2   8   0   3   8  18   3   5   2   5   8   2   2   6  0.11 0.13
  213 W   -2 -2 -4 -5 -2 -4 -4  0 -4 -1 -1 -4 -3  2 -2  1 -2 10  3  0    3   2   0   1   1   0   1   7   0   4   7   1   0   8   3  11   3  36   8   6  1.23 0.55
  214 F   -1 -2 -3 -4  2 -2 -4 -1 -3  0  2  0  2  3 -4 -1 -2  5  0  0    6   1   1   0   5   1   0   6   0   6  23   6   5  16   0   6   2   8   2   7  0.32 0.25
  215 L   -3 -4 -4 -5 -4 -4 -4  1 -4  1  4  0  2  1 -1  0 -1  0 -2  0    1   0   0   0   0   0   0  11   0   5  44   6   4   5   3   9   3   1   1   6  0.45 0.35
  216 T    1 -3 -3 -4  0 -3 -2 -1 -3  0  0 -3  2  1 -2  2  2 -2  2  2   10   0   0   0   2   0   2   4   0   3   7   1   6   5   1  16  14   0   9  19  0.27 0.27
  217 G    2 -1 -3 -3  1 -4 -4  4 -4  0  1 -1  1 -1 -4 -3 -3 -4 -2  0   18   3   0   1   4   0   0  36   0   6  13   4   5   2   0   0   0   0   1   7  0.48 0.34
  218 M    3 -4 -4 -5  0 -3 -4 -3 -4  0  2  0  5 -2 -4 -2  0 -4 -1  2   24   0   0   0   2   0   0   1   0   5  22   8  16   1   0   2   5   0   2  15  0.49 0.37
  219 T    2 -4 -3 -4 -1 -3 -2  2 -4  0  0 -3  0 -1 -3 -1  4 -5 -4  2   18   0   0   0   1   0   2  14   0   5  11   0   2   2   0   1  30   0   0  14  0.45 0.36
  220 V    1 -5 -5 -5  1 -4 -5  1 -5  2  2 -4  0 -2 -4 -2 -1 -5 -4  4   13   0   0   0   3   0   0  10   0  10  20   0   1   1   0   1   4   0   0  36  0.56 0.37
  221 A    2 -3 -4 -4 -2 -2 -2  0 -4  1  3 -3  0  1 -4 -2  0 -4 -3  1   24   1   0   0   1   1   2   9   0   6  30   0   1   5   0   0   7   0   0  12  0.34 0.28
  222 G    3 -5 -3 -4  0 -4 -4  5 -5 -4 -4 -4 -1 -3 -2  0  1 -5 -5 -3   26   0   0   0   2   0   0  50   0   1   1   0   2   1   2   7   8   0   0   1  0.99 0.51
  223 V    1 -3 -4 -4  2 -3 -4  2 -4  1  2 -3  1 -1 -4 -2 -2 -4 -3  3   15   1   0   0   5   0   0  20   0   6  24   0   3   2   0   1   0   0   0  22  0.40 0.28
  224 V    1 -4 -4 -5 -3 -4 -4  0 -5  2  1 -4  2  0 -4 -3 -1 -4 -3  4   15   0   0   0   0   0   0   9   0   9  15   0   4   5   0   0   2   0   0  40  0.58 0.36
  225 L    2 -4 -4 -4 -1 -4 -4 -4 -4 -1  3 -4  1 -3 -3 -2  4 -5 -4  1   22   0   0   0   1   0   0   0   0   2  26   0   4   0   1   1  34   0   0  10  0.65 0.42
  226 L   -1 -5 -6 -6 -4 -5 -5 -6 -5  3  5 -5 -1 -1 -5 -4 -3 -4 -3  3    4   0   0   0   0   0   0   0   0  17  56   0   0   1   0   0   0   0   0  22  1.02 0.47
  227 G    1 -5 -4 -4 -1 -5 -5  7 -5 -5 -2 -4 -5 -6 -5 -2 -3 -5 -6 -2    9   0   0   0   1   0   0  80   0   0   5   0   0   0   0   1   1   0   0   3  1.64 0.62
  228 S    5 -2 -2 -4 -1  1 -3 -2  2 -2 -1 -3  1 -2 -3  1  0  2 -3 -1   51   1   1   0   1   7   0   0   5   1   4   0   4   1   0  12   5   3   0   4  0.58 0.39
  229 L   -2 -4 -5 -6  3 -4 -5 -5 -3  0  4 -5  1  4 -5 -4 -3 -2  4 -1    2   0   0   0   7   0   0   0   0   5  45   0   3  20   0   0   1   0  15   3  0.86 0.40
  230 F   -2 -5 -5 -5 -3 -4 -5 -5 -4  3  3 -5  3  5 -5 -4 -3 -3 -1  3    3   0   0   0   0   0   0   0   0  18  26   0   6  26   0   0   0   0   0  21  0.79 0.36
  231 S    2 -2 -2 -3  1 -2 -3  0 -1 -1 -1 -2 -1 -3 -3  1  3 -4  0  2   25   2   0   0   3   0   0   6   1   3   3   2   1   0   0  11  24   0   4  16  0.32 0.26
  232 R   -3  4 -1 -3 -5  5 -1 -3  3 -4 -4  2 -3 -2 -3  0  0  0 -3 -2    0  30   1   0   0  28   0   1   9   0   0  13   0   2   1   6   5   1   0   4  0.76 0.40
  233 K   -4  5 -3 -4 -6 -1 -2 -5 -3 -6 -5  7 -4 -6 -4 -3 -3 -6 -5 -5    0  31   0   0   0   0   0   0   0   0   0  69   0   0   0   0   0   0   0   0  1.68 0.60

                      K         Lambda
Standard Ungapped    0.1303     0.3160
Standard Gapped      0.0409     0.2670
PSI Ungapped         0.1331     0.3133
PSI Gapped           0.0409     0.2670
