
Last position-specific scoring matrix computed, weighted observed percentages rounded down, information per position, and relative weight of gapless real matches to pseudocounts
           A  R  N  D  C  Q  E  G  H  I  L  K  M  F  P  S  T  W  Y  V   A   R   N   D   C   Q   E   G   H   I   L   K   M   F   P   S   T   W   Y   V
    1 M   -4 -5 -6 -6 -4 -5 -6 -6 -6  4  2 -5  7 -3 -6 -5 -3 -5 -4  4    0   0   0   0   0   0   0   0   0  26  13   0  35   0   0   0   0   0   0  26  1.36 0.55
    2 A    1 -2 -1  3 -3 -3 -2 -3 -4 -5 -5 -2 -5 -6 -2  5  1 -6 -5 -5   13   1   2  18   0   0   1   1   0   0   0   1   0   0   1  53   8   0   0   0  1.00 0.54
    3 E   -2 -2  1  4 -6  1  3 -4 -2 -6 -4 -1 -5 -6  5 -1 -3 -6 -4 -5    3   2   6  26   0   5  20   1   1   0   2   4   0   0  27   4   1   0   0   0  0.90 0.46
    4 Y   -6 -7 -7 -8 -7 -7 -7 -7 -2 -3 -3 -7 -4  8 -5 -6 -6 -1  7 -3    0   0   0   0   0   0   0   0   1   1   2   0   0  55   1   0   0   1  39   1  2.43 0.88
    5 G   -3  6  2 -3 -3  0 -3 -2  2 -3  1  1 -1 -4 -5 -1 -3 -5 -3 -2    1  47   9   1   0   3   0   3   4   1  13   6   1   0   0   4   0   0   1   3  0.82 0.46
    6 T    0  0  0 -2 -3  2  0 -2 -2 -1 -2  2 -2 -3 -3  2  1 -1 -1  1    7   5   5   1   0  12   5   2   0   3   2  15   0   0   0  16  10   1   2  15  0.24 0.24
    7 L   -3 -2 -5 -6  2 -2 -5 -6 -4 -1  5 -3  4  2 -6 -4 -1 -4 -3  0    1   2   0   0   4   2   0   0   0   1  58   1  11   8   0   0   4   0   0   5  0.98 0.49
    8 L   -5 -4 -7 -8 -2 -5 -7 -8 -7 -1  6 -6  3 -3 -7 -6 -5 -6 -5 -2    0   1   0   0   1   0   0   0   0   2  87   0   7   0   0   0   0   0   0   1  1.87 0.76
    9 Q   -2 -2  0 -3 -2  1 -1 -5  4 -1  2 -2  0  3 -5 -2 -3 -1  5 -1    3   1   5   1   1   7   5   0  11   2  21   1   2  13   0   2   1   0  19   4  0.46 0.31
   10 D   -2  1  1  4 -3  1  4 -3  0 -5 -4  1 -4 -4 -4  2 -2 -5 -3 -4    3   7   6  23   1   5  25   1   2   0   1   9   0   0   0  15   2   0   1   1  0.61 0.37
   11 L   -4 -3 -6 -7 -4 -6 -6 -7 -6  6  4 -6 -1  1 -6 -6 -4 -5 -4  2    0   2   0   0   0   0   0   0   0  43  39   0   1   5   0   0   0   0   0  10  1.27 0.56
   12 T    2 -4 -1  0 -1 -2 -3  1 -2 -5 -6 -4 -4 -6 -4  5  1 -6 -3 -5   16   0   2   5   1   1   0  10   1   0   0   0   0   0   0  55   7   0   1   0  0.99 0.58
   13 N   -2 -1  2  2 -3  1  5 -3  0 -5 -4  1 -2 -6 -4  1 -2 -6 -5 -4    3   3  11  12   0   5  43   1   2   0   1   6   1   0   0   9   1   0   0   0  0.78 0.45
   14 N    0 -1  5  2 -2  2  3  0  1 -5 -5  0 -3 -5 -4  0 -3 -6 -4 -5    8   3  27  10   1   7  22   5   3   0   1   5   1   0   0   7   0   0   0   0  0.63 0.39
   15 I   -4 -5 -6 -6 -2 -5 -6 -7 -6  5  5 -6  2 -1 -6 -4 -3 -5 -4  0    0   0   0   0   1   0   0   0   0  30  57   0   5   2   0   1   1   0   0   3  1.28 0.57
   16 T   -1 -2  0  2 -2 -2 -1  0 -2 -3 -2  0 -3 -5 -4  2  5 -5 -4 -1    3   1   3  12   1   1   3   9   1   1   3   5   0   0   0  16  37   0   0   4  0.54 0.39
   17 L    0  0  1  2 -4  0  2 -1 -3 -3 -2  2 -2 -4 -1  2  1 -5 -4 -2    7   5   5  13   0   3  13   3   0   1   5  12   1   0   3  20   8   0   0   2  0.28 0.24
   18 E   -1 -1 -1  4 -6  0  5 -2 -3 -6 -6  0 -4 -5 -3  0 -2 -6 -4 -4    5   3   2  23   0   3  46   3   0   0   0   4   0   0   1   6   2   0   1   1  0.97 0.53
   19 D   -4 -3  3  6 -7  0  5 -5 -4 -6 -6 -2  0 -7 -5 -3 -3 -7 -4 -6    1   0  12  39   0   3  38   0   0   0   0   2   2   0   0   1   1   0   1   0  1.40 0.66
   20 L   -4 -5 -6 -7 -2 -5 -6 -7 -6  0  6 -4  1  0 -6 -5  0 -5 -4  2    0   0   0   0   1   0   0   0   0   4  71   1   2   3   0   0   5   0   0  14  1.32 0.61
   21 E    2  1  0  1 -4  1  3 -2 -1 -3 -3  2 -2 -5 -2  1  0 -5 -4 -2   17   6   3   6   0   4  22   3   1   1   2  16   1   0   1  11   5   0   0   2  0.37 0.29
   22 Q    2 -1  1  1 -1  2  2 -1 -2 -3 -2  0 -3 -4 -3  3  0 -5 -4 -4   15   3   6   6   1  12  12   3   1   1   3   6   0   0   0  28   4   0   0   0  0.41 0.33
   23 L   -3 -6 -7 -7 -5 -5 -6 -7 -2  2  5 -6  6  1 -6 -6 -5 -5 -4  0    1   0   0   0   0   0   0   0   1   8  59   0  20   5   0   0   0   0   0   6  1.38 0.64
   24 K   -4  0 -5 -5 -7 -3 -2 -4 -5  1 -3  7 -1 -7 -5 -4 -2 -7 -6 -3    1   3   0   0   0   0   1   1   0   8   3  77   1   0   0   1   2   0   0   2  1.77 0.84
   25 S   -4 -4 -4 -4 -4 -4 -6 -7  0 -4 -2 -6 -4  8 -7  1 -4 -4  1 -4    1   1   1   1   0   1   0   0   2   0   3   0   0  73   0  11   0   0   3   1  2.07 0.87
   26 A    1 -5 -4 -6 -3 -3 -4 -6 -3  0  6 -5  1  1 -6 -4 -3 -5 -2 -2   14   0   1   0   0   1   1   0   1   3  69   0   2   4   0   1   1   0   1   1  1.16 0.60
   27 C   -2 -6 -6 -7  9 -5 -5 -6 -6 -3  3 -6  0 -3 -6  2 -3 -6 -1 -2    2   0   0   0  50   0   0   0   0   1  25   0   2   1   0  14   1   0   2   2  1.83 0.78
   28 K   -2  4 -1 -2 -4  2 -1  0 -1 -3  1  3 -1 -3 -3  0 -2 -3 -3 -3    2  24   3   1   0   8   2   6   1   1  15  24   1   0   1   6   2   0   1   1  0.43 0.32
   29 E   -3 -2  1  6 -5 -1  3  1  2 -5 -5  0 -3 -5 -4 -2 -2 -6 -5 -5    2   1   7  40   0   2  20  11   5   0   0   6   1   0   1   2   2   0   0   0  0.90 0.47
   30 D   -2  0 -1  2 -1 -1  0 -3  5 -2 -1  2 -1  1 -4 -1 -1 -1  2  0    1   4   2  14   1   2   7   1  17   2   6  12   1   5   0   4   5   1   9   7  0.31 0.25
   31 I   -3 -6 -6 -6 -5 -6 -6 -7 -6  7  2 -6 -1 -3 -6 -4 -2 -6 -5  2    1   0   0   0   0   0   0   0   0  60  20   0   1   1   0   1   2   0   0  14  1.47 0.65
   32 P   -4 -3 -5 -3 -4 -4 -5  3 -6 -4 -7 -2 -6 -7  8 -1 -2 -7 -7 -5    1   1   0   1   0   1   0  19   0   1   0   2   0   0  67   4   2   0   0   1  1.98 0.85
   33 S    0  3 -1 -2 -5  1  0 -2 -1 -3 -3  5  0 -2 -2  0 -3 -2 -1 -3    7  18   2   1   0   7   5   3   1   1   2  36   3   2   1   7   1   0   2   2  0.55 0.37
   34 E   -1  4 -1 -2  1 -1  1  3 -1 -3 -3  2  0 -4 -4  0 -1 -4 -3 -3    4  28   2   1   3   1   9  23   1   1   1  11   3   0   0   6   3   0   1   2  0.49 0.33
   35 K   -3  3 -1 -2 -6  2  1 -5  0 -2 -4  6 -2 -5 -3 -2 -2 -6 -4 -2    1  12   2   2   0   7   6   0   3   3   1  52   1   0   1   2   2   0   0   4  0.97 0.53
   36 S   -2  1 -4 -4 -2  2 -3 -4 -1 -1  4 -2  3 -3 -4  0 -1 -4 -4 -1    3   7   0   0   1   9   1   1   2   2  48   2   9   0   0   9   3   0   0   3  0.60 0.40
   37 E   -1 -2  0  0 -5  0  6 -3 -2 -4 -4 -1 -4 -5 -2 -1 -2 -1 -3 -4    6   1   4   4   0   3  63   2   1   1   2   2   0   0   1   4   2   1   1   1  1.15 0.58
   38 E    0  1  0  1 -1  1  1  0  1 -3 -3  3 -2 -3  1  1  0 -4 -3 -3   10   8   5   6   1   6  11   6   3   1   1  19   1   1   7   9   4   0   0   1  0.25 0.19
   39 I   -1 -3 -1  0 -1 -2 -3 -3 -2  5  0 -1  2 -2 -3 -2 -2 -4 -3  3    5   1   3   5   1   1   1   1   1  36   8   4   4   1   1   1   2   0   0  20  0.48 0.30
   40 T   -1  2 -1 -1 -3  3  0 -2 -1 -2 -2  3 -1 -4 -3  0  2 -2 -3 -2    5   9   3   2   0  15   5   2   1   2   3  23   1   0   0   7  16   0   1   3  0.37 0.28
   41 T   -2  1  1  2 -2 -1  0 -2 -3 -4 -5 -1 -4 -5 -4  4  4 -5 -3 -4    1   8   5  10   1   2   5   2   0   1   0   2   0   0   0  33  26   0   1   1  0.67 0.45
   42 G    2 -4 -2 -4  0 -3 -4  4 -4 -2 -2 -3 -1  2  3  1  0 -4 -2 -2   20   0   1   0   2   1   0  29   0   2   2   0   2   9  14  10   5   0   1   2  0.53 0.35
   43 S   -2  1 -2 -3 -3  0 -3 -1  2  0  4  1  0  0 -3 -2 -1 -2  0  0    1   8   1   1   0   5   1   5   5   5  42   8   2   4   1   2   3   0   3   4  0.32 0.26
   44 A    0 -2 -2  5 -5  2  3 -1  1 -4 -5 -1  1 -5 -4  0 -2 -5 -4 -3    8   2   1  34   0   8  20   5   3   1   0   3   3   0   0   6   2   0   0   1  0.68 0.40
   45 W   -4 -5 -6 -6 -4 -5 -5 -3 -5  0  4 -5  0  4 -5 -5 -4  5 -1  2    0   0   0   0   0   0   0   2   0   5  49   0   1  17   0   0   0   9   1  14  1.04 0.50
   46 F   -4 -6 -6 -6 -3 -6 -6 -6 -5 -1  1 -6  0  8 -6 -5 -5  0 -1  0    1   0   0   0   0   0   0   0   0   2  15   0   2  67   0   1   0   1   1   7  1.87 0.75
   47 S    0  0  0  0 -2  2  2 -2  0  1  0 -1  0 -3 -3  1  1 -3 -3  0    7   5   5   5   1  13  15   2   2   9   8   1   2   0   0  11   8   0   0   6  0.15 0.17
   48 F    0  0 -2 -1  1 -1  2 -3  0  1  0  0 -1  2 -3 -2 -1  2  1  1    9   4   1   3   3   2  20   1   2   8  11   6   0   9   0   1   2   3   6   9  0.15 0.17
   49 L   -5 -5 -6 -6 -2 -5 -6 -6 -6 -2  6 -5  4 -1 -6 -5 -4 -5 -4 -3    0   0   0   0   1   0   0   0   0   0  81   0  11   2   0   0   0   0   0   0  1.72 0.75
   50 E   -3 -1 -3 -3 -3  3  6 -5  0  0  0 -1  3 -4 -4 -3 -3 -5 -4 -3    1   3   1   0   1  14  48   0   2   6   9   3   7   0   0   1   1   0   0   1  0.89 0.52
   51 S   -3  1  1 -1 -6  2  5 -4  1 -5 -5  4 -4 -5 -4 -2 -2 -5 -3 -4    1   8   6   3   0   8  35   1   3   0   0  29   0   0   0   2   2   0   1   1  0.90 0.50
   52 H   -2  3  0 -2 -1  4  0 -3  3 -2  0  3  1 -4 -4 -2 -2 -4 -3 -2    3  14   4   2   2  24   4   1   7   2  12  17   4   0   0   1   1   0   0   2  0.48 0.34
   53 N   -1  1  3  4 -3  2  0  3 -2 -5 -5 -1 -3 -5 -4 -1 -2 -5 -2 -4    3   9  17  23   1  10   6  20   1   0   1   3   1   0   0   3   2   0   2   0  0.58 0.35
   54 K   -3 -1 -2 -2 -3  0  0 -4  0  0  3  4  3 -2 -3 -3 -2 -3 -2 -1    1   2   1   2   0   3   5   0   3   5  31  26   9   1   1   1   1   0   1   4  0.46 0.33
   55 L   -4 -5 -6 -6 -4 -5 -5 -6 -6  5  5 -5  1 -1 -5 -5 -4 -5 -4  1    0   0   0   0   0   0   0   0   0  36  47   0   2   1   0   0   0   0   0   9  1.25 0.56
   56 D    1  1  0  2  2  0  1  0  1 -4 -2  0 -4 -5 -4  2  1 -5 -4 -4   11   8   5  11   4   4  10   8   4   0   4   4   0   0   0  18   8   0   0   0  0.29 0.25
   57 K    0  0  0  0  2  0  0 -1  1  0 -1  0  1  0  0  0  0 -2  1  0    5   5   5   5   5   5   5   5   5   5   5   5   5   5   5   5   5   0   5   5  0.03 0.05
   58 D   -3 -3  3  6 -3  1  2  0  0 -3 -5 -3 -5 -3 -5 -1 -1 -6 -2 -4    1   1  12  41   1   6  13   7   2   1   1   1   0   1   0   4   5   0   2   1  0.86 0.47
   59 N   -4  0  7  3 -5  0 -2 -4  1 -5 -4  1 -5 -5 -4  0 -2 -5 -2 -5    1   5  49  15   0   4   2   1   3   0   2  10   0   0   0   5   2   0   1   0  1.16 0.54
   60 L   -2 -1 -2 -3 -4 -3 -4 -4 -2 -1  4 -2  0 -1 -2 -3  2 -4 -1  2    2   3   2   1   0   1   0   1   1   2  46   3   2   2   2   1  12   0   2  17  0.56 0.34
   61 S    0 -2  1  3 -4  0  2 -1 -1 -2 -2  0 -2  1 -3  2  1 -1 -2 -2    6   2   5  19   0   4  12   5   1   2   3   4   1   7   0  20   7   1   1   2  0.29 0.23
   62 Y   -2 -2 -3 -2  0 -2 -2 -3 -1  1  1 -2  0  5 -1 -2 -1  0  4 -1    3   2   1   2   2   1   3   2   1   6  17   2   2  27   4   2   4   1  14   4  0.47 0.26
   63 I   -4 -5 -5 -6 -4 -5 -5 -6 -5  1  6 -5  1  0 -5 -5 -2 -5 -4  0    1   0   0   0   0   0   1   1   0   7  72   0   3   3   0   1   3   0   0   6  1.35 0.54
   64 E   -1  1 -2 -2 -1  1  5 -1  0 -2 -2  3  0 -4 -2 -1 -1 -5 -4 -1    6   6   1   0   1   6  38   4   2   2   3  15   2   0   1   3   3   0   0   4  0.55 0.33
   65 H   -2  0  2  1 -4  2  3 -2  3 -2 -3  0 -1 -2 -3  0  1  0 -1 -3    2   4  11   9   0   8  23   3   8   3   2   6   1   1   0   6   8   2   2   1  0.34 0.23
   66 I   -2 -2 -5 -5  3 -2 -3 -3 -5  3  4 -3  4 -1 -5 -3 -1 -4 -3  1    3   2   0   0   7   2   2   2   0  16  37   2  11   2   0   2   4   0   0   9  0.61 0.32
   67 F   -2 -5 -6 -6  3 -5 -5 -6 -5  1  4 -5  1  5 -5 -5 -4 -4 -3 -1    3   0   0   0   7   0   0   0   0   8  45   0   3  26   0   0   0   0   0   4  1.12 0.47
   68 E   -1  1 -1 -1 -3  2  2 -1  0 -2 -2  3 -1  1 -3 -1 -1 -3  2 -2    6   8   3   3   1   8  15   4   2   2   3  21   2   6   0   3   2   0  10   2  0.27 0.22
   69 I    0  2  1  0 -1  1  1 -1  2  1 -2  1 -1 -3 -2  2  1 -2 -2 -1    5  10   6   6   1   6   7   3   5  10   2   7   2   1   1  17   8   0   1   2  0.15 0.16
   70 S   -1 -4 -2 -2  2 -4 -2 -5 -4  5  0 -4  1 -1 -4  0  0 -5 -3  3    3   0   2   2   5   0   2   0   0  42   8   0   2   2   0   9   6   0   0  16  0.63 0.41
   71 R   -1  2  3  1  0  1  0  1  1 -3 -3  2 -2 -3 -1  0 -1 -3 -1 -1    5  13  16   7   2   7   4   9   4   1   1  14   0   1   2   5   3   0   2   6  0.21 0.17
   72 R   -2  6 -1 -1  3  0 -2 -3  0 -2 -2  0 -3 -1 -1  0 -3 -4 -1 -1    3  48   2   3   8   3   1   1   2   2   3   5   0   3   3   6   1   0   2   4  0.71 0.41
   73 P   -2 -1 -1 -1 -4  0  1 -2  3  0  0 -1  0 -1  5 -2 -1  0 -1 -1    2   3   2   3   0   3  11   2   7   7   8   3   3   3  32   2   3   1   1   4  0.48 0.31
   74 D   -1 -3  1  6  1  0  0 -2  1 -2 -2 -1  0 -1 -4  0 -3 -5 -4 -2    4   0   7  49   3   3   4   2   3   2   3   3   3   3   0   8   0   0   0   3  0.75 0.46
   75 L   -2 -5 -5 -6 -4 -5 -5 -6 -5  0  6 -5  1 -1 -5 -5 -1 -4 -4  0    3   0   0   0   0   0   0   0   0   3  79   0   2   2   0   0   3   0   0   4  1.33 0.60
   76 L    0 -1 -1 -4 -1 -2 -2 -2 -3  1  4 -1  1  0 -4 -1 -1 -3 -2  1    7   3   4   0   1   1   2   2   0   8  42   3   3   3   0   4   4   0   1  11  0.33 0.25
   77 T    0  3  0  0 -1  1  2 -1 -1 -1 -2  2 -1 -3 -2  0  1 -4 -2 -2    9  15   3   4   1   6  13   5   1   3   4  14   1   0   1   6   9   0   1   2  0.20 0.17
   78 M   -1  2  0  0 -2  1  0 -3  1  0 -1  3  1 -2 -3 -1  0 -1 -1 -1    3  13   4   4   1   7   6   0   3   5   5  25   4   2   0   3   7   1   2   5  0.24 0.21
   79 V   -3 -3 -4 -3 -1 -2 -3 -4  1  4  2 -3  1  1 -3 -4 -2 -4  0  3    1   1   0   1   1   2   1   1   4  30  23   2   2   5   1   0   1   0   3  20  0.60 0.34
   80 V   -2  0  1  2 -3  1  2 -2 -1 -1  1  1 -1 -1 -3 -1 -1 -3 -1  0    3   4   9  10   0   7  16   3   1   2  19   7   1   2   0   2   2   0   2   9  0.15 0.18
   81 D   -1  0  2  2 -1  4  1  0  0 -3 -4  2 -3 -4 -2 -1 -2 -1 -1 -3    3   5  12  14   1  18   9   7   3   1   1  14   0   0   1   4   2   1   2   1  0.41 0.30
   82 Y   -3 -2 -3 -4 -2 -2 -3 -4  1 -1 -2 -3 -3  6 -3 -2 -1  1  7 -2    2   3   1   1   1   2   2   1   3   3   3   2   0  31   2   2   5   1  34   2  1.10 0.49
   83 R   -2  2 -1 -1 -2  2  3 -2 -1 -2 -2  3  0  0 -1 -1 -2 -3 -1 -1    3  12   2   2   1   9  20   2   1   2   4  20   2   4   3   5   2   0   2   6  0.29 0.22
   84 T    0  2  0  0 -2  0  2 -1 -1 -2 -1  0 -1 -2  0  0  2 -3 -2 -1    8  11   5   4   1   4  16   5   1   2   5   5   1   2   4   7  14   0   1   3  0.15 0.14
   85 R   -1  1  0  0 -2  3  2  1  1 -3 -2  2 -2 -3  0  0 -1 -1 -1 -2    4   7   4   5   1  14  17  10   3   1   4  11   0   1   5   6   3   1   2   2  0.24 0.19
   86 V    0  0  1  0 -1  0  0  0 -1  0 -1  0 -1 -2 -1  0  0  0 -1  1    8   6  10   6   1   4   4   9   1   4   6   7   0   1   3   8   5   1   2  14  0.05 0.07
   87 L    0  1 -1 -1  0  0  1  0 -1  0  1  0  0 -1  0 -1  0 -2 -1  0    6  11   3   2   2   4   9   7   1   3  18   4   2   3   5   4   4   0   2  10  0.04 0.07
   88 K    0  1  1  1 -1  1  1 -1  0 -2 -1  2 -1 -2  0  1  0 -3 -2 -1    7   7   5   7   1   5  11   5   2   2   6  12   2   1   3  10   5   0   1   6  0.10 0.09
   89 I    0 -1  0  0  0  0  0  0  0  1  1 -1  0 -1  0  0  0 -2 -1  0    8   3   4   6   2   4   4   8   3  13  14   3   2   1   5  10   5   0   1   5  0.03 0.06
   90 S    1 -1 -1 -2 -2 -1 -1 -1 -2 -3 -2  0  0 -1  3  3  2 -4 -2 -2   11   3   2   2   1   3   3   5   1   1   3   6   3   3  14  23  13   0   2   2  0.29 0.28
   91 E    0 -1  0  1 -3  2  4 -2 -2 -4 -4 -1 -4 -3  2  3 -1 -5 -3 -2    6   3   4   8   1   9  25   3   1   1   1   2   0   1   9  20   4   0   1   4  0.45 0.37
   92 E   -2  3  0  2 -5  2  3 -2  1 -4 -4  2 -1 -3  2 -1 -1 -1 -3 -4    3  16   4  11   0   8  17   3   3   1   1  12   2   1  10   2   4   1   1   1  0.42 0.32
   93 E   -1 -1  0  4 -5  0  5 -1 -2 -2 -3 -2  0 -5  0  0 -1 -2 -3 -3    4   2   4  19   0   3  35   5   1   2   2   1   3   0   4   8   3   1   1   2  0.58 0.43
   94 E   -2  0 -1  0 -5  4  5 -3 -2 -4 -2  1  0 -5 -2 -1 -1 -3 -3 -2    3   4   3   3   0  16  38   2   1   1   5   7   2   0   2   5   4   0   1   3  0.65 0.48
   95 L   -1  1 -3 -3 -4  2 -1 -1  1  0  1 -1  4 -3  2 -2 -1 -2 -2  0    6   7   1   1   0  10   3   4   3   5  17   2  14   0  12   2   3   1   2   8  0.29 0.28
   96 D    0 -1  1  4 -3  1  3 -2 -3  0 -3  0 -2 -5 -2 -1 -2 -3 -2 -1    9   2   7  25   0   6  20   3   0   5   3   4   1   0   2   4   2   0   1   4  0.44 0.34
   97 T   -1  2  0 -2 -2  0 -1 -1 -1 -1  0  1 -1 -1  2  0  2 -2 -2 -1    5  13   3   2   1   3   4   4   1   2  11  11   1   3   9   5  16   0   1   5  0.15 0.18
   98 K   -2  2  0  1 -4  2  4  0  1 -3 -3  1 -3 -4 -1  0 -2 -5 -1 -4    3  10   4   8   0   7  31   6   3   2   3   9   1   0   2   6   2   0   2   1  0.45 0.35
   99 L   -3  0 -1 -2 -4 -2 -1 -1 -3  2  3 -1  0 -1 -2 -1 -2 -4 -2  3    1   5   4   2   0   1   5   4   1  10  31   3   1   2   1   4   2   0   1  19  0.30 0.27
  100 T   -1  1 -1 -2 -2  3  0 -2  0  3 -1  0 -2 -3  2 -1  1 -4 -2  0    5   6   2   2   1  15   5   2   2  20   6   5   0   1   9   3   7   0   1   6  0.23 0.25
  101 R   -1  3 -2  0  5  1  0 -1  1  1 -2  0  0 -1 -2  0  0 -3 -2  0    3  17   1   5  13   5   5   6   3   9   3   6   2   3   1   8   5   0   1   6  0.22 0.21
  102 I   -1  0 -1  3 -2 -1  1 -2 -1  1 -1  0 -1 -3  3  1 -1 -4 -4  0    4   6   3  16   1   3   9   2   2   9   7   4   1   1  13  10   4   0   0   6  0.20 0.20
  103 P    0 -1  4  0 -3  1  0  2  2 -3 -4 -2 -1 -5  3  1 -2 -5 -2 -4    6   2  20   4   1   7   5  17   6   2   2   2   1   0  13  10   2   0   1   1  0.44 0.35
  104 S   -2  2 -1 -1 -4  0 -1 -2 -2 -1  0  2 -1 -1  0  2  0 -4 -3  2    2  12   3   4   0   5   3   3   0   3  10  12   1   2   4  17   5   0   0  14  0.16 0.21
  105 A    3 -3  0 -2 -4 -1 -2  4 -2  0 -3 -3 -3 -2 -1  1  0 -5 -1  0   22   1   4   2   0   3   2  29   1   5   2   0   0   2   3   8   5   0   2   8  0.40 0.32
  106 K   -2  4 -1 -2 -3  3 -1 -1 -2 -4 -5  3  0 -3  1  2 -2 -5 -4 -3    3  21   3   2   1  11   3   6   1   1   0  20   2   1   8  15   2   0   0   2  0.54 0.41
  107 K    0 -1  2  2 -2 -1  0 -2 -2  1 -2  2 -1 -2  3  0 -1 -5 -2 -1    8   3   9  14   1   2   5   3   1   8   3  13   1   1  14   8   2   0   1   3  0.25 0.23
  108 Y   -4 -6  1 -4 -6 -1 -2 -3  0 -3 -2 -5 -5  2 -5 -4 -3  9  7 -5    2   0   7   1   0   3   3   2   2   2   4   1   0   6   1   1   2  27  36   1  1.72 0.86
  109 K   -2  6 -2 -1 -3  0  0 -2 -1 -3 -4  4 -5 -6 -4 -2 -2 -6 -5 -4    3  47   1   3   1   4   5   3   1   2   2  20   0   0   1   3   2   0   0   1  1.06 0.62
  110 D   -1  2  0  0 -2  3  0 -3 -1 -2 -2  1  2 -1  1 -1 -1 -3  1  1    3  10   5   7   1  13   5   1   1   1   2  10   7   3   7   5   2   0   6  12  0.20 0.24
  111 I   -2 -4 -6 -5 -2 -1 -4 -5 -5  2  4 -5  6 -1 -4 -3 -2 -5  0  1    3   1   0   1   1   3   1   1   0   8  43   0  18   3   1   2   3   0   3  10  0.87 0.53
  112 I    0 -4 -3 -4 -4 -3 -3  1  0  2  4 -4  2 -1 -4 -2 -3 -5 -4  0    8   1   1   1   0   1   1  12   2  12  42   1   5   3   1   2   1   0   0   7  0.55 0.39
  113 R   -3  6 -2 -4 -3  0 -3 -6 -2 -6 -4 -1 -3  4  0 -3 -4 -5  4 -6    2  44   2   1   1   4   2   0   1   0   2   3   1  18   4   2   1   0  14   0  1.20 0.70
  114 Q   -3  1 -3 -1 -6  6  3 -2 -2 -6 -3  3 -5 -6 -1 -2 -2 -6 -3 -5    1   6   1   2   0  32  22   3   1   0   2  19   0   0   4   3   3   0   1   0  0.94 0.62
  115 P   -3 -2 -3  0 -2 -5 -5 -3 -6  3  4 -4 -2 -4  3 -3 -1 -6 -5 -1    1   2   2   5   1   0   0   3   0  17  44   1   0   0  17   2   3   0   0   2  0.80 0.51
  116 S    1 -2 -3 -1 -5 -1  0  3 -3 -3 -4 -1 -5 -2 -1  5 -1 -6 -4 -5    9   2   0   3   0   3   6  23   0   2   2   3   0   2   3  41   2   0   0   0  0.70 0.52
  117 E   -3 -3 -2 -2 -6  1  6 -2 -4 -1  1 -1  2 -3 -5 -2 -3 -6 -5  0    1   1   1   1   0   5  49   4   0   4  15   3   5   1   0   2   1   0   0   8  0.81 0.56
  118 E   -3 -3  0  5 -6  0  4 -3 -2 -4 -4 -2 -5 -6  0  2  0 -6 -5 -5    1   1   4  33   0   3  26   1   1   1   1   2   0   0   5  16   5   0   0   0  0.90 0.56
  119 E   -4 -1 -2  2 -6  1  6 -1 -3 -6 -4 -1 -5 -6  0  0 -1 -6 -5 -4    0   2   1  11   0   5  55   6   0   0   2   2   0   0   4   7   4   0   0   1  0.99 0.58
  120 I   -1 -3  0  1 -3 -3 -2 -3 -1  3  0 -2  1 -2 -2  0  0 -4 -3  4    4   1   4   8   0   0   2   1   2  16   6   2   3   1   1   6   4   0   0  40  0.40 0.31
  121 I   -2 -2 -3 -2 -1 -1 -3 -2 -3  4  2 -2 -1  0 -2 -1 -2  0  1  2    2   2   0   3   1   3   1   3   0  29  23   2   0   3   1   4   0   1   5  17  0.32 0.24
  122 K   -1  2 -1 -1 -4  1  2 -3  0 -4 -4  4 -1 -1 -1  1 -1 -4 -3 -3    5  10   2   3   0   5  15   0   2   0   0  35   2   3   3  14   2   0   0   0  0.47 0.29
  123 L   -1 -2 -4 -4 -1  0 -2 -4 -3  0  3 -3  4  0 -2 -2 -1 -2  0  2    5   2   0   0   1   6   2   0   0   2  43   0  13   4   2   3   2   0   3  13  0.39 0.26
  124 A    3 -1  0 -1  0  1  1 -2 -2 -2 -1  0 -2  0  0  2 -1 -4 -1 -2   37   2   4   2   2   8   7   0   0   2   5   4   0   5   4  16   1   0   1   0  0.27 0.24
  125 P   -3 -4  0  2 -5 -3 -1 -4 -3 -5 -3 -1 -4 -5  7  1 -2 -5 -1 -4    0   0   4  12   0   0   3   0   0   0   3   3   0   0  60  10   1   0   3   0  1.41 0.47
  126 P   -3 -1 -3 -3 -5 -3  0 -2 -2 -5 -5  0 -4 -5  8  0 -3 -5 -5 -4    0   3   0   0   0   0   5   3   1   0   0   7   0   0  74   7   0   0   0   0  1.82 0.48
  127 P    0 -3 -3  1 -4 -3 -2 -3 -4 -3 -1 -2  0 -4  7 -2 -2 -5 -4 -1    6   0   0  10   0   0   0   0   0   0   5   0   3   0  71   0   0   0   0   5  1.57 0.33
  128 K   -2  4  1 -2 -3  0  1 -3  2 -2  0  3  1 -2 -2 -1 -2 -3  0 -2    0  30   6   0   0   0   7   0   5   0  10  28   6   0   0   2   0   0   5   0  0.37 0.14
  129 K   -2  2  3  0 -4  1  2 -2 -1 -4 -3  4 -2 -4 -2 -1  0 -4 -3 -3    0  13  25   0   0   5  13   0   0   0   0  38   0   0   0   0   6   0   0   0  0.51 0.15
  130 A    4 -2 -1 -2 -1 -1 -1  0 -2 -2 -2 -1 -1 -3 -1  3  0 -3 -2 -1   71   0   0   0   0   0   0   0   0   0   0   0   0   0   0  29   0   0   0   0  0.46 0.08

                      K         Lambda
Standard Ungapped    0.1306     0.3113
Standard Gapped      0.0368     0.2670
PSI Ungapped         0.1187     0.3014
PSI Gapped           0.0368     0.2670
