
Last position-specific scoring matrix computed, weighted observed percentages rounded down, information per position, and relative weight of gapless real matches to pseudocounts
           A  R  N  D  C  Q  E  G  H  I  L  K  M  F  P  S  T  W  Y  V   A   R   N   D   C   Q   E   G   H   I   L   K   M   F   P   S   T   W   Y   V
    1 M   -4 -5 -6 -6 -4 -5 -6 -6 -6  4  2 -5  7 -3 -6 -5 -3 -5 -4  4    0   0   0   0   0   0   0   0   0  25  13   0  34   0   0   0   0   0   0  28  1.36 0.55
    2 A    1 -2 -1  3 -3 -3 -2 -3 -4 -5 -6 -2 -5 -6 -2  5  1 -6 -5 -5   10   1   2  19   0   0   1   1   0   0   0   1   0   0   1  54   9   0   0   0  1.02 0.55
    3 E   -2 -2  1  4 -6  1  3 -4 -2 -6 -4 -1 -5 -6  5 -1 -3 -6 -5 -5    3   2   6  24   0   5  20   1   1   0   1   3   0   0  30   5   1   0   0   0  0.95 0.48
    4 Y   -6 -7 -7 -8 -7 -7 -7 -7 -1 -3 -2 -7 -4  8 -8 -6 -6  0  7 -3    0   0   0   0   0   0   0   0   1   1   3   0   0  53   0   0   0   1  40   1  2.41 0.88
    5 G   -3  6  2 -3 -3  0 -3 -2  1 -2  1  1 -1 -4 -5 -1 -3 -6 -3 -2    1  49  10   1   0   3   1   3   3   2  12   6   1   0   0   5   0   0   1   2  0.85 0.48
    6 T    0  0  0 -2 -2  2  0 -2 -2 -1 -2  2 -2 -3 -3  2  1 -2 -1  2    7   4   4   1   1  13   5   1   1   3   2  15   0   0   0  15  10   1   2  15  0.23 0.23
    7 L   -3 -2 -5 -6  2 -2 -5 -6 -5 -1  5 -3  4  2 -6 -4 -1 -4 -3  0    1   2   0   0   4   1   0   0   0   1  59   1  12   9   0   0   4   0   0   5  1.03 0.51
    8 L   -5 -4 -7 -8 -2 -5 -7 -8 -7  0  6 -6  3 -3 -7 -6 -5 -6 -5 -2    0   1   0   0   1   0   0   0   0   3  87   0   7   0   0   0   0   0   0   1  1.86 0.77
    9 Q   -2 -2  0 -3 -2  1 -1 -5  4 -1  2 -2  0  3 -5 -2 -2 -1  5 -1    3   1   5   1   1   7   5   0  11   2  19   1   2  14   0   2   1   0  20   4  0.49 0.33
   10 D   -2  1  1  4 -3  1  4 -3  0 -5 -4  1 -4 -5 -4  2 -2 -6 -3 -5    2   6   6  23   1   5  27   2   2   0   1   7   0   0   0  15   2   0   1   0  0.64 0.39
   11 L   -4 -3 -6 -7 -4 -6 -6 -7 -6  6  4 -6 -1  1 -6 -6 -3 -5 -4  2    0   1   0   0   0   0   0   0   0  43  39   0   1   5   0   0   1   0   0  11  1.25 0.56
   12 T    2 -4  0 -1  0 -2 -4  1 -2 -5 -6 -4 -4 -6 -4  5  1 -6 -3 -5   17   0   3   4   2   1   0  11   1   0   0   0   0   0   0  54   7   0   1   0  0.99 0.59
   13 N   -1 -1  2  2 -3  1  5 -3  0 -6 -4  1 -2 -6 -4  0 -2 -6 -5 -4    3   3  11  11   0   5  44   2   2   0   1   7   1   0   0   8   1   0   0   0  0.80 0.47
   14 N    0 -1  5  2 -2  2  3 -1  1 -5 -5  0 -3 -6 -4  0 -3 -6 -4 -5    7   3  27  11   1   7  23   5   3   0   1   4   1   0   0   7   0   0   0   0  0.65 0.40
   15 I   -4 -6 -6 -7 -2 -5 -6 -7 -6  5  5 -6  3 -1 -6 -4 -3 -5 -4  0    0   0   0   0   1   0   0   0   0  32  54   0   6   2   0   1   1   0   0   3  1.29 0.58
   16 T   -1 -2  0  2 -2 -2 -1  0 -2 -3 -2  0 -4 -5 -4  2  5 -5 -4 -1    3   2   3  11   1   1   3   8   1   1   3   4   0   0   0  17  39   0   0   5  0.59 0.42
   17 L    0  0  1  2 -4  0  2 -1 -3 -3 -2  2 -2 -4 -1  2  1 -5 -4 -2    7   5   6  14   0   3  13   3   0   1   5  12   1   0   3  18   8   0   0   2  0.29 0.24
   18 E   -1 -1 -1  4 -6  0  5 -2 -3 -6 -6  0 -4 -5 -3  0 -2 -6 -3 -5    5   3   2  25   0   3  44   3   0   0   0   5   0   0   1   6   1   0   1   1  0.98 0.54
   19 D   -5 -4  3  6 -7  0  5 -5 -4 -6 -6 -2  0 -7 -5 -3 -3 -7 -4 -4    0   0  12  39   0   3  39   0   0   0   0   2   2   0   0   1   1   0   0   1  1.42 0.68
   20 L   -5 -6 -7 -7 -2 -6 -6 -7 -6  0  6 -4  1  0 -6 -5 -1 -5 -4  2    0   0   0   0   1   0   0   0   0   3  72   1   2   3   0   0   4   0   0  13  1.38 0.64
   21 E    2  1  0  1 -4  0  3 -2 -1 -4 -3  3 -2 -5 -2  1  0 -5 -4 -3   16   6   3   6   0   4  21   3   1   1   2  19   1   0   2  11   5   0   0   2  0.38 0.29
   22 Q    1 -1  1  1 -1  2  2 -2 -2 -3 -3  1 -4 -4 -4  4  0 -5 -4 -4   13   3   5   7   2  12  11   3   1   1   3   7   0   0   0  30   4   0   0   0  0.44 0.36
   23 L   -3 -6 -7 -7 -5 -5 -6 -7 -2  2  5 -6  6  1 -6 -6 -5 -5 -4  0    2   0   0   0   0   0   0   0   1   9  58   0  19   5   0   0   0   0   0   6  1.36 0.64
   24 K   -4  0 -5 -5 -7 -3 -3 -4 -5  1 -3  7 -1 -7 -6 -4 -3 -7 -6 -3    1   3   0   0   0   0   1   1   0   9   3  77   2   0   0   1   2   0   0   2  1.81 0.87
   25 S   -4 -3 -4 -3 -4 -4 -5 -7 -1 -4 -2 -6 -4  8 -7  1 -5 -4  1 -4    1   1   1   2   0   1   1   0   2   0   3   0   0  73   0  11   0   0   3   0  2.07 0.88
   26 A    1 -4 -4 -7 -3 -3 -4 -6 -4  0  6 -5  1  0 -6 -4 -3 -5 -2 -2   14   1   1   0   0   1   1   0   0   3  69   0   2   4   0   1   1   0   1   1  1.18 0.62
   27 C   -3 -6 -6 -7  9 -5 -5 -6 -6 -4  3 -6  0 -3 -7  1 -3 -6 -1 -2    2   0   0   0  49   1   0   0   0   0  27   0   2   1   0  13   1   0   2   2  1.87 0.81
   28 K   -2  4 -1 -2 -4  2 -1  0 -1 -3  1  3 -1 -4 -3  0 -1 -2 -3 -3    2  24   3   2   0   9   3   7   1   1  13  23   1   0   1   6   2   0   1   1  0.42 0.32
   29 E   -2 -2  1  5 -5  0  3  1  1 -5 -5  0 -3 -5 -3 -2 -2 -5 -3 -5    2   1   7  38   0   3  20  10   4   0   0   7   1   0   1   2   2   0   1   0  0.84 0.46
   30 D   -2  0 -2  2 -2 -1  1 -3  5 -1 -1  2 -1  0 -4 -1 -1 -1  3  0    1   5   1  13   1   2   7   2  16   3   6  13   2   4   0   4   4   1  10   7  0.30 0.25
   31 I   -3 -6 -7 -7 -5 -6 -6 -7 -7  7  3 -6 -1 -3 -6 -4 -2 -6 -5  2    1   0   0   0   0   0   0   0   0  59  21   0   1   1   0   1   2   0   0  13  1.50 0.67
   32 P   -4 -3 -5 -4 -4 -3 -5  3 -6 -5 -7 -2 -6 -7  8 -1 -2 -7 -7 -6    1   1   0   1   0   1   0  19   0   1   0   2   0   0  66   4   2   0   0   0  2.00 0.88
   33 S    0  4 -1 -2 -5  1  0 -2 -2 -3 -3  5  0 -3 -2  0 -3 -2 -1 -3    7  19   2   1   0   6   5   2   1   1   2  37   2   1   1   7   0   1   2   1  0.63 0.40
   34 E   -1  4 -2 -2  1 -1  1  3 -1 -3 -4  2  0 -5 -4  0 -1 -5 -3 -3    4  28   2   1   4   1   8  22   1   1   1  11   3   0   0   7   2   0   1   2  0.53 0.35
   35 K   -3  3 -1 -1 -6  2  1 -5  0 -2 -4  6 -2 -5 -3 -2 -2 -6 -4 -2    2  13   2   3   0   8   7   0   2   3   1  51   1   0   1   2   2   0   0   3  0.95 0.53
   36 S   -1  1 -4 -4 -2  2 -3 -4 -1  0  4 -2  3 -3 -4  0 -1 -4 -4 -1    4   7   0   0   1   9   1   1   2   3  48   2   8   0   0   8   3   0   0   2  0.60 0.40
   37 E   -1 -3  0  0 -2  0  6 -3 -2 -4 -4 -2 -4 -5 -3 -1 -2 -1 -4 -5    6   1   4   5   1   3  62   2   0   1   2   2   0   0   1   4   3   1   1   1  1.14 0.59
   38 E    0  1  0  1 -1  1  1 -1  1 -3 -3  3 -2 -3  1  1  0 -4 -3 -3    9   7   5   6   1   5  11   5   3   1   2  21   1   1   7   9   4   0   0   1  0.24 0.19
   39 I   -1 -3  0  0 -1 -2 -2 -3 -2  5  0 -1  1 -2 -3 -2 -1 -4 -3  3    5   1   4   6   1   1   2   1   1  36   7   4   4   1   1   2   2   0   0  19  0.47 0.30
   40 T    0  2 -1 -1 -3  3  0 -2 -1 -2 -2  3 -1 -4 -3  0  3 -3 -3 -2    7   9   3   2   0  15   4   2   1   2   3  22   2   0   0   6  17   0   1   3  0.37 0.29
   41 T   -2  1  1  2 -2 -1  0 -2 -2 -4 -4 -1 -4 -5 -4  4  4 -5 -3 -4    1   7   5  10   1   3   5   2   1   1   1   3   0   0   0  34  25   0   1   1  0.65 0.46
   42 G    2 -4 -2 -4  0 -3 -3  3 -4 -2 -2 -3  1  2  3  1 -1 -4 -3 -2   20   0   1   0   2   1   1  27   0   2   3   0   4   9  15   9   4   0   1   2  0.50 0.35
   43 S   -2  1 -2 -3 -3  0 -3 -1  1  0  4  0  0  1 -4 -2 -1 -2  0 -1    1   7   1   1   0   4   1   5   4   5  42   7   2   5   1   3   3   0   3   4  0.34 0.27
   44 A    0 -2 -2  5 -5  2  3 -1  1 -4 -4  0  1 -5 -4  0 -2 -5 -4 -3    8   2   1  34   0   8  20   5   3   1   1   4   3   0   0   5   2   0   0   2  0.67 0.41
   45 W   -3 -5 -5 -6 -4 -5 -5 -3 -5  0  5 -5  0  4 -5 -5 -4  5 -2  2    1   0   0   0   0   0   0   2   0   4  49   0   1  15   0   0   0   8   1  15  1.02 0.50
   46 F   -4 -6 -6 -6 -3 -6 -6 -6 -5 -1  2 -6  0  8 -6 -5 -5  1 -1  1    1   0   0   0   0   0   0   0   0   3  15   0   2  65   0   1   0   1   1   8  1.81 0.74
   47 S    0  0  1  0 -2  2  2 -2 -1  1  0 -1  0 -3 -3  1  1 -3 -3  0    6   5   6   4   1  11  15   2   2  11   8   2   2   0   0  10   8   0   0   6  0.14 0.17
   48 F    0  0 -2 -1  1 -1  3 -3 -1  1  0  0 -1  2 -3 -2 -1  2  1  0    8   4   1   3   3   2  22   1   1   8  11   5   0   9   0   2   2   3   6   8  0.16 0.18
   49 L   -5 -5 -6 -6 -2 -5 -6 -6 -6 -2  6 -6  5 -1 -6 -6 -5 -5 -4 -3    0   0   0   0   1   0   0   0   0   0  79   0  13   2   0   0   0   0   0   0  1.76 0.77
   50 E   -3 -1 -3 -3 -3  3  6 -5  0  0  0 -1  2 -4 -4 -3 -3 -5 -4 -3    1   3   1   0   1  14  50   0   2   6   9   3   6   0   0   1   1   0   0   1  0.95 0.56
   51 S   -3  1  0 -1 -6  2  5 -4  1 -5 -5  5 -4 -6 -4 -2 -3 -5 -3 -4    1   8   5   3   0   8  34   1   3   0   1  32   0   0   0   2   1   0   1   1  0.95 0.53
   52 H   -2  3  0 -2 -1  5  0 -3  3 -2  0  3  1 -4 -4 -3 -2 -4 -3 -2    3  14   4   2   2  25   4   1   6   2  12  17   4   0   0   1   1   0   0   2  0.53 0.37
   53 N   -2  1  3  4 -3  2  0  3 -2 -5 -5 -1 -3 -4 -4 -1 -2 -5 -2 -5    3   8  16  23   1   9   6  22   1   0   1   3   1   1   0   3   2   0   1   0  0.59 0.36
   54 K   -3 -1 -2 -1 -3  0  0 -4  0  1  3  4  3 -2 -3 -3 -3 -4 -2  0    1   2   1   3   0   3   5   0   3   6  31  26   9   1   1   0   1   0   1   5  0.48 0.34
   55 L   -4 -5 -6 -6 -4 -5 -6 -6 -6  5  5 -5  1 -2 -5 -5 -4 -5 -4  1    0   0   0   0   0   0   0   0   0  35  49   0   2   1   0   0   0   0   0   9  1.28 0.57
   56 D    1  1  0  1  2  0  1  0  1 -4 -2  0 -4 -5 -4  2  1 -5 -4 -4   13   8   5   8   4   4   9   8   4   0   4   4   0   0   0  19   8   0   0   0  0.28 0.25
   57 K    0  0  0  0  2  0  0 -1  1  0 -1  0  1  0  0  0  0 -2  1  0    5   5   5   5   5   5   5   5   5   5   5   5   5   5   5   5   5   0   5   5  0.03 0.05
   58 D   -3 -3  3  6 -2  1  2  0  0 -3 -5 -3 -2 -4 -5 -1  0 -6 -2 -4    1   1  12  42   1   6  13   7   2   1   1   1   1   1   0   3   5   0   2   1  0.87 0.48
   59 N   -4  0  7  3 -5  0 -2 -4  0 -5 -4  1 -2 -5 -4  0 -2 -5 -2 -5    1   5  49  14   0   5   2   1   2   0   2   9   1   0   0   5   1   0   1   1  1.15 0.55
   60 L   -2 -2 -2 -3 -4 -3 -4 -4 -2 -1  4 -2  0 -1 -2 -3  2 -4 -1  2    2   3   2   1   0   1   0   1   1   2  46   3   2   2   2   1  13   0   2  16  0.57 0.35
   61 S    0 -2  1  3 -4  0  2 -1 -1 -2 -2  0 -2  1 -3  3  1 -4 -2 -2    6   1   5  19   0   4  12   4   1   2   3   4   1   6   0  21   7   0   1   2  0.31 0.24
   62 Y   -2 -2 -2 -2  0 -2 -2 -3 -1  0  1 -2  0  5 -1 -2  0  0  4  0    3   2   1   2   2   1   3   2   1   6  15   2   2  25   4   2   6   1  15   5  0.44 0.25
   63 I   -4 -5 -5 -6 -4 -5 -5 -6 -5  1  6 -5  1  0 -5 -5 -2 -5 -4  0    1   0   0   0   0   0   1   1   0   7  72   1   3   3   0   1   3   0   0   6  1.37 0.55
   64 E   -1  1 -2 -2 -1  1  5 -1  0 -3 -2  3 -1 -4 -2 -1 -1 -5 -2 -2    5   6   1   0   1   6  37   4   2   2   3  16   2   0   1   3   3   0   1   3  0.56 0.33
   65 H   -2  0  2  1 -4  2  3 -2  3 -2 -3  1 -1 -2 -3  0  1  0 -1 -3    2   4  11   8   0   7  21   3   8   3   2   7   1   1   0   6   9   2   2   2  0.32 0.23
   66 I   -2 -2 -3 -5  3 -2 -3 -3 -4  3  3 -2  4 -1 -5 -3 -1 -4 -4  1    3   2   2   0   6   1   2   2   0  16  34   2  11   2   0   2   4   0   0   9  0.57 0.30
   67 F   -2 -5 -6 -6  4 -5 -6 -6 -5  1  4 -5  1  5 -6 -5 -4 -4 -3 -1    3   0   0   0   9   0   0   0   0   7  45   0   3  25   0   0   0   0   0   4  1.17 0.50
   68 E   -1  1 -1 -1 -3  2  2 -1  0 -2 -2  3 -1  1 -3 -1 -1 -1  2 -2    6   8   3   3   1   7  16   4   2   2   3  22   2   5   0   4   2   1   9   2  0.28 0.23
   69 I    0  1  1  0 -1  1  0 -1  1  1 -2  1 -1 -3 -2  2  1 -2 -2 -2    6  10   6   6   1   6   6   3   4  10   3   9   2   0   1  16   8   0   1   2  0.15 0.17
   70 S   -2 -5 -2 -2  2 -4 -3 -5 -5  5  1 -4  1 -1 -5  0  0 -5 -4  2    3   0   2   2   4   0   2   0   0  42   9   0   2   2   0   8   7   0   0  16  0.67 0.43
   71 R   -1  2  3  1  0  1  0  1  1 -3 -3  2 -2 -3 -1  0 -2 -3 -1 -1    5  11  17   7   2   6   4  11   4   1   1  13   0   1   2   5   1   0   2   6  0.23 0.19
   72 R   -2  6 -3 -2  4  0 -3 -4  0 -2 -1  1 -1 -1 -2  0 -3 -4 -1 -1    3  47   0   3   9   3   1   1   2   2   5   6   2   3   2   6   1   0   2   4  0.75 0.44
   73 P   -2 -1 -1 -1 -4  0  1 -2  2  1 -1 -1  0 -1  5 -2 -1  0 -1 -1    2   3   3   3   0   3  11   4   6   8   7   3   3   3  30   2   4   1   1   3  0.44 0.29
   74 D   -1 -4  1  6  1 -1  0 -3 -1 -3 -3 -1  0 -2 -2  1 -2 -5 -4 -2    4   0   6  50   3   3   4   2   2   2   3   2   3   2   1   9   2   0   0   3  0.81 0.47
   75 L   -2 -5 -6 -6 -4 -5 -5 -6 -5  0  6 -5  1  0 -5 -5 -2 -5 -4  0    3   0   0   0   0   0   0   0   0   3  79   0   2   3   0   0   3   0   0   5  1.41 0.62
   76 L    0 -1  0 -3 -1 -2 -2 -2 -3  1  3 -1  1  0 -4 -1 -1 -3 -1  1    6   4   5   0   1   2   2   3   0   7  40   3   4   3   0   4   3   0   1  11  0.29 0.23
   77 T    0  3  0  0 -1  1  2 -1 -1 -2 -2  3 -1 -3 -2  0  1 -4 -2 -2    9  15   3   4   1   6  13   5   1   2   4  17   1   1   1   5   9   0   1   2  0.24 0.19
   78 M   -2  3 -1 -1 -2  1  0 -3  1 -1 -1  4  0 -2 -3 -2  0 -1 -1  0    2  14   3   3   1   7   6   1   3   5   5  30   3   2   0   2   7   1   2   6  0.35 0.27
   79 V   -3 -3 -4 -3 -1 -3 -4 -5 -1  5  3 -3  1  0 -3 -2 -2 -4  0  3    2   1   0   1   1   1   0   1   2  32  24   2   3   4   1   2   1   0   3  19  0.65 0.36
   80 V   -2  0  2  2 -2  1  2 -2 -1 -1  1  1  0 -2 -3 -1 -1 -4 -1  0    2   5   9  12   1   7  15   3   1   3  14   8   2   1   0   3   2   0   2   9  0.16 0.17
   81 D   -1  0  2  2 -1  4  2 -1  0 -3 -4  2 -4 -4 -2  0 -1 -1 -1 -4    4   4  11  13   2  17  13   3   2   1   1  12   0   0   1   5   3   1   2   1  0.41 0.31
   82 Y   -3 -2 -4 -4 -2 -3 -2 -5  1 -2 -2 -3 -3  6 -4 -2  0  1  7 -3    2   2   1   1   1   1   3   1   3   2   2   2   0  31   1   3   5   1  36   1  1.27 0.58
   83 R   -2  2 -1 -2 -2  2  3 -3 -1 -2 -2  3  1 -1 -2  0 -2 -4 -3 -1    2  13   2   1   1   7  24   2   1   2   4  20   4   3   2   6   1   0   0   5  0.42 0.31
   84 T    0  2  0  0 -2  1  3 -1 -1 -2 -2  0 -1 -2  0  0  2 -4 -3 -2   10  10   5   4   1   5  20   5   1   2   4   5   1   2   4   6  13   0   0   3  0.20 0.18
   85 R   -1  1  0  0 -2  3  2  0  0 -4 -3  2 -1 -3  0  0 -1 -2 -1 -3    3   6   4   5   1  14  17   9   2   1   3  15   1   1   4   7   3   1   2   1  0.28 0.23
   86 V    0  0  2  0 -2  1  1  0 -1 -1 -1  1 -2 -3 -1  0  0 -1 -1  1    6   6  10   5   1   8   8   6   1   4   7   7   0   0   2   9   5   1   1  12  0.07 0.10
   87 L    0  2 -1 -2  0  0  1  0 -1 -1  1  0  1 -1  0 -1 -1 -1 -1  0    6  13   3   2   2   4   8   6   1   2  19   5   4   3   5   4   3   1   1   9  0.07 0.10
   88 K    0  1  0  0 -1  1  2 -1  1 -2 -2  1 -1 -3 -1  1  0 -4 -2 -1    6   6   4   5   1   6  18   5   3   1   4  11   2   1   3   9   6   0   1   6  0.16 0.15
   89 I    0 -1  0  0 -1  0  0  0  0  2  1 -1 -1 -2  1  1 -1 -3 -1  0    6   3   5   5   1   3   7   6   3  13  13   3   1   1   8  13   3   0   2   5  0.07 0.11
   90 S    1  0 -1 -1 -2  0 -1  0 -1 -3 -3  1  1 -1  3  3  1 -4 -2 -2   10   4   2   4   1   4   4   5   1   1   2   9   4   2  14  20   9   0   1   2  0.26 0.25
   91 E   -1 -1  0  1 -2  2  4 -2 -2 -3 -4 -2 -2 -5  2  1 -2 -1 -3 -1    6   2   4   9   1   8  31   3   1   1   1   2   1   0   9  13   2   1   1   5  0.48 0.39
   92 E   -2  3  0  2 -5  1  3 -3  0 -4 -3  1 -3 -2  3 -1 -1 -1 -4 -4    3  16   3  11   0   6  19   2   3   1   2  10   0   2  12   3   4   1   0   1  0.44 0.33
   93 D   -1 -1  0  3 -3  0  4  0 -2 -2 -2 -3  3 -4 -1  1 -1 -2 -3 -3    6   3   4  20   0   3  25   6   1   3   3   0   7   1   3   9   3   1   1   2  0.41 0.34
   94 E   -3  0  0 -1 -5  4  4 -3 -1 -3 -1  1  0 -3 -1 -1 -1 -2 -3 -2    2   6   3   3   0  18  29   2   1   1   6   9   2   1   3   5   4   1   1   3  0.50 0.40
   95 L    0  1 -2 -3 -4  2  0 -2  1  0  1 -1  2 -3  2 -2 -2 -2 -1  0    7   9   2   1   0  12   5   4   3   6  16   3   6   0  12   2   2   1   2   8  0.21 0.23
   96 D    0 -1  3  4 -3  1  3 -2 -2 -2 -2 -1 -3 -5 -3 -1 -1 -3 -2 -2    7   3  12  25   0   6  20   3   1   3   4   2   0   0   1   5   3   0   1   3  0.49 0.37
   97 T    0  0 -1 -2 -2 -1 -1 -1 -2 -1  1  1 -1 -1  2 -1  2 -4 -1  0    7   4   2   2   1   3   3   4   1   3  17   9   1   2  11   4  16   0   3   7  0.15 0.18
   98 K   -2  2  0  1 -2  3  3  0  0 -3 -3  2 -2 -5 -1  1 -2 -5 -2 -4    3   9   5   7   1  16  20   7   2   1   2  10   1   0   3   9   2   0   1   1  0.40 0.33
   99 L   -1  0 -1 -2 -3 -1 -1 -2 -4  2  2 -1  1  0 -1 -1 -2 -4 -2  2    3   6   3   2   0   2   5   4   0  15  22   3   2   3   3   6   2   0   1  17  0.19 0.19
  100 T    0  0 -1 -3 -2  1 -1 -2 -2  3  0  0 -1 -2  2  0  1 -4 -1  0    6   4   3   1   1   6   4   2   1  21   8   4   0   2  10   6  11   0   2   7  0.18 0.20
  101 R   -1  3 -2  0  5  1  1  1  1 -1 -3  0 -1 -3 -1  0 -1 -5 -3 -1    4  19   2   6  12   5   8   9   4   5   1   4   1   1   3   7   3   0   0   5  0.29 0.26
  102 I   -1  1  0  2 -2  0  1 -1 -1  1 -1  0 -2 -2  1  1 -1 -4 -3  0    5   8   3  14   1   3  10   4   2   9   7   5   1   1   6  11   3   0   0   9  0.11 0.14
  103 P    1 -2  4 -1 -3  0 -1  0  3 -3 -3 -2  0 -4  3  1 -1 -2 -2 -5   12   2  22   3   1   4   3   8   6   2   2   1   3   0  16  10   4   0   1   0  0.46 0.37
  104 S   -1 -1 -2  0 -4  1 -1 -3 -2 -1  0  1 -1 -1  1  2 -1 -4 -1  2    4   4   2   4   0   7   2   1   1   3  10   9   1   2   8  19   3   0   2  16  0.17 0.24
  105 A    1 -3  0 -2 -2 -1 -2  4 -2  0 -2 -2 -2  0 -1  1  0 -2  0  0   12   1   5   1   1   3   2  29   1   7   2   2   1   4   3  11   5   1   3   5  0.30 0.26
  106 K   -2  4 -1 -2 -2  1 -1  0 -4 -4 -4  3 -2 -4  1  2 -1 -5 -3 -2    3  21   3   2   1   7   3   6   0   1   2  18   1   1   8  17   2   0   1   3  0.48 0.38
  107 K    0  0  2  2 -2  0  0 -1 -1  0 -2  2 -1 -2  0  1 -1 -4 -3 -1   10   3  10  15   1   4   6   3   1   6   3  13   2   2   5   9   3   0   0   4  0.16 0.17
  108 Y   -2 -4  1 -4 -6  0 -2 -4  1 -2 -1 -5 -3  0 -3 -2 -2  9  6 -4    3   1   7   1   0   5   2   1   3   3   6   0   1   3   2   4   3  26  30   1  1.38 0.74
  109 K   -2  5 -2 -2 -3  2  1 -2  0 -3 -2  4 -4 -4 -1 -2 -3 -6 -5 -3    3  32   2   2   1   8   8   4   3   1   4  23   0   1   3   2   1   0   0   2  0.73 0.49
  110 D   -1  2  1  1 -3  2  1 -3 -2 -2 -2  1  3 -1  2  0 -1 -3  0  1    4  10   6   9   0  10   8   1   1   1   2   8   8   2   9   6   3   0   3  11  0.20 0.23
  111 I   -1 -5 -3 -4 -2 -1 -3 -4 -5  2  4 -5  5 -1 -3 -2 -1 -5  0  2    4   0   1   1   1   3   1   1   0   9  35   0  14   2   1   3   4   0   3  16  0.65 0.44
  112 I    0 -3 -1 -3 -4 -2 -3  1  0  3  3 -3  2  0 -3 -1 -2 -4 -3  1    8   1   4   1   0   2   1  13   3  17  28   1   5   4   1   4   2   0   0   7  0.31 0.27
  113 R   -2  6 -1 -3 -3  0 -1 -4 -4 -6 -4  0 -5  3 -1 -1 -3 -5  3 -4    3  47   3   1   1   5   3   1   0   0   1   5   0  11   4   5   1   0   9   1  1.03 0.63
  114 Q   -2  1 -2 -1 -6  5  3 -3 -4 -6 -4  3 -5 -6 -1 -1 -2 -6 -5 -4    3   7   1   3   0  31  20   2   0   0   2  20   0   0   3   3   3   0   0   1  0.88 0.58
  115 P   -2 -1 -1  0 -2 -2 -4 -2 -1  2  3 -3 -2 -4  4 -2  0 -5 -4 -1    2   3   2   7   1   1   0   3   1  15  28   1   0   0  23   3   7   0   0   2  0.50 0.38
  116 S    0 -2 -3 -1 -4  0  0  2 -4 -2 -3 -1 -2 -3  0  5 -1 -5 -5 -3    7   2   0   3   0   3   7  18   0   2   2   4   1   1   4  42   3   0   0   1  0.58 0.46
  117 E   -2 -3 -1 -2 -5  1  5  0 -3 -1  0  0  1 -1 -1 -1 -2 -5 -4 -1    1   0   2   1   0   6  41   6   0   3  12   6   5   3   3   4   2   0   0   5  0.51 0.42
  118 E   -2 -2  1  4 -5  1  4 -3 -1 -4 -4 -1 -5 -6  1  1  0 -6 -5 -5    2   2   6  28   0   4  27   2   2   1   2   3   0   0   6  13   5   0   0   0  0.71 0.47
  119 E   -3 -1 -1  1 -6  2  6 -1 -3 -6 -5 -1 -2 -6 -1  1 -1 -6 -5 -5    0   3   2   8   0   7  52   5   0   0   1   3   1   0   3  12   3   0   0   0  0.94 0.56
  120 I   -1 -3 -1  1 -3 -2 -2 -3 -4  3  0 -3  1 -3 -2  0 -1 -5 -3  4    2   1   2   9   0   2   2   2   0  19   6   1   4   0   2   8   2   0   0  39  0.46 0.34
  121 I   -2 -1 -4 -2  0 -2 -3 -2 -3  4  3 -2  1 -1 -4 -3 -2 -3  2  2    2   4   0   3   2   1   1   3   0  29  26   2   3   0   0   0   0   0   9  14  0.42 0.28
  122 K   -1  2 -1 -1 -4  1  2 -2 -2 -2 -3  4 -1 -2 -1  1 -1 -4 -3 -3    4   8   2   1   0   5  17   3   0   3   0  38   2   2   3  10   2   0   0   0  0.47 0.30
  123 L   -2 -3 -4 -4 -1  0 -2 -5 -4 -1  4 -3  4 -1 -2 -2 -1 -2  0  1    2   0   0   0   1   5   2   0   0   0  54   0  16   1   2   3   2   0   3   8  0.63 0.36
  124 A    4 -2 -1 -2 -3  1  1 -2 -2 -2 -3  1 -2  1  0  2  0 -4 -2 -2   42   0   3   0   0   8   9   0   0   2   1   7   0   8   4  15   3   0   0   0  0.38 0.29
  125 P   -2 -1  0  1 -4 -2  1 -3 -3 -4 -2 -1 -3 -4  6  2 -1 -5 -1 -4    0   3   5   7   0   0  11   0   0   0   3   3   0   0  46  17   2   0   3   0  0.94 0.35
  126 P   -2  0 -3 -3 -5 -2 -1 -4 -2 -4 -4  1  1 -5  7  0 -3 -5 -4 -4    0   6   0   0   0   0   4   0   1   0   0  10   5   0  68   6   0   0   0   0  1.62 0.44
  127 P    0 -4 -3  1 -4 -3 -2 -3 -4 -4 -1 -3  0 -4  8 -2 -2 -5 -4 -3    6   0   0   8   0   0   0   0   0   0   6   0   3   0  77   0   0   0   0   0  1.78 0.36
  128 K   -2  4 -1 -2 -4  0  1 -3  2 -2  0  3  1 -2 -3 -1 -2 -3  1 -2    0  37   0   0   0   0   7   0   5   0  10  27   6   0   0   2   0   0   5   0  0.45 0.17
  129 K   -2  3  3  0 -4  1  2 -2 -1 -3 -3  4 -2 -4 -2  0  0 -4 -2 -3    0  14  20   0   0   5  12   0   0   0   0  42   0   0   0   0   7   0   0   0  0.49 0.13
  130 A    4 -2 -1 -2 -1 -1 -1  0 -2 -2 -2 -1 -1 -3 -1  2  0 -3 -2 -1   82   0   0   0   0   0   0   0   0   0   0   0   0   0   0  18   0   0   0   0  0.45 0.06

                      K         Lambda
Standard Ungapped    0.1309     0.3116
Standard Gapped      0.0365     0.2670
PSI Ungapped         0.1197     0.3029
PSI Gapped           0.0365     0.2670
