
Last position-specific scoring matrix computed, weighted observed percentages rounded down, information per position, and relative weight of gapless real matches to pseudocounts
           A  R  N  D  C  Q  E  G  H  I  L  K  M  F  P  S  T  W  Y  V   A   R   N   D   C   Q   E   G   H   I   L   K   M   F   P   S   T   W   Y   V
    1 M   -3 -3 -4 -5 -3 -2 -4 -5 -4 -1  0 -3 10 -2 -5 -4 -3 -3 -3 -1    0   0   0   0   0   0   0   0   0   0   0   0 100   0   0   0   0   0   0   0  2.06 0.42
    2 A    1 -2  0  1 -2 -1  2 -2 -2 -1 -2  0 -1 -3 -2  2  3 -4 -3 -1   16   0   1   6   0   0  16   0   0   5   0   5   1   0   0  21  29   0   0   0  0.32 0.13
    3 E   -2 -1  0  5  4  2  2 -1 -2 -4 -4 -1 -3 -4 -2  1  1 -4 -3 -3    0   1   0  40  10   9  15   3   0   0   0   0   0   0   0  13   9   0   0   0  0.59 0.17
    4 S    1 -2 -2 -2  7 -1  0  1 -2 -3 -2 -2 -2 -2  0  2  0 -3  1 -2   10   1   0   1  31   1   5  10   1   0   3   0   1   0   4  22   4   0   6   0  0.47 0.15
    5 E   -2 -2  2  1 -4  0  6 -3 -2 -3  0 -1 -3 -4 -3 -2 -2 -4 -3 -2    0   0   9   5   0   0  72   0   0   0  10   0   0   0   0   0   0   0   0   2  0.90 0.25
    6 L   -3 -1 -4 -4 -3 -3 -2 -4 -3  0  1 -3  3  6 -4 -3 -3  4  1  1    0   4   0   0   0   0   4   0   0   4   7   0  10  52   0   0   0   6   2   9  0.72 0.20
    7 M   -1  2  0 -1  0  0  2  2  0 -3 -2  0  1 -1 -3 -1 -1  1  2 -3    2  13   5   1   3   0  24  20   2   0   3   4   8   1   0   1   2   2   9   0  0.22 0.11
    8 H   -2 -2  0  3 -3  0 -1 -3  2 -1 -2 -1 -2  1 -3 -1  0 -1  6 -2    0   0   4  22   0   3   0   0   4   4   3   3   0   3   0   3   8   0  40   0  0.55 0.20
    9 I    0 -3 -1 -3 -2 -2 -3 -3 -3  2 -2 -2 -1 -3  1  0  5 -4 -3  2    7   0   3   0   0   0   0   0   0  12   0   0   0   0   7   5  44   0   0  20  0.50 0.23
   10 H   -2  5 -1 -3 -2  1 -2 -4  4 -3  1 -1  0 -2 -4 -1 -3 -3  3 -3    2  39   2   0   1   5   0   0  14   0  18   0   2   0   0   4   0   0  12   0  0.60 0.27
   11 S    3  0 -1 -2 -1  0  1 -1 -1 -2 -2 -1  0 -1 -1  1  1 -3  2 -1   30   4   2   0   1   4  13   1   1   1   0   1   2   2   2  11  12   0   9   2  0.23 0.16
   12 L   -3 -4 -5 -5 -3 -4 -5 -6 -5  3  5 -4  0 -2 -5 -4 -2 -4 -3  1    0   0   0   0   0   0   0   0   0  20  68   0   0   0   0   0   1   0   0   9  1.05 0.36
   13 A    5 -4 -1 -4 -3 -3 -3 -1 -1  0 -2 -3 -2 -4 -3 -1  0 -5 -3  4   53   0   3   0   0   0   0   3   1   3   2   0   0   0   0   1   3   0   0  31  0.71 0.34
   14 E    0  1 -2  0  1  4  4 -1 -1 -2 -2  0  0 -4 -3 -1 -1 -4 -3 -1   10   5   0   4   3  24  29   4   1   3   2   5   3   0   0   1   2   0   0   4  0.42 0.24
   15 H   -3 -4  1  8 -1 -3  0 -4 -1 -6 -6 -1 -6 -6 -4  0 -3 -7 -5 -6    2   0   4  81   1   0   2   0   1   0   0   4   0   0   0   5   0   0   0   0  1.76 0.53
   16 Y   -2 -5 -5 -3 -5 -4 -5 -6 -2 -2 -1 -5 -3  4  0 -4 -4 -1  8 -1    4   0   0   2   0   0   0   0   0   1   4   0   0  15   6   0   0   0  66   3  1.65 0.52
   17 L   -2 -4 -5 -5 -3 -4 -5 -5 -5  5  4 -4  1 -2 -5 -2 -2 -4 -3  2    2   0   0   0   0   0   0   0   0  34  45   0   1   0   0   3   1   0   0  15  0.85 0.32
   18 Q    0  2  1  0 -2  2 -1  1  2 -4 -2  1 -3 -2 -3  2 -1  0 -2 -3    4  11   8   4   1  13   0  10   7   0   4  11   0   2   0  23   0   1   1   0  0.29 0.19
   19 Y   -4 -3 -3  0  1 -3 -4 -5  6 -4 -1 -4 -3  3 -3 -2 -2 -2  7 -3    0   1   0   6   3   0   0   0  21   0   6   0   0  10   1   4   2   0  46   1  1.21 0.44
   20 V   -1  4 -2 -4  5 -2 -3 -3 -3  0 -1  2 -2  0 -2 -2 -2 -4 -3  3    2  24   1   0  13   0   0   1   0   6   3  16   0   5   1   2   0   0   0  25  0.45 0.26
   21 L   -2 -3 -3 -4  4 -1 -3 -4 -4  0  4 -4 -1 -2 -1 -1  0 -2 -3  0    2   1   1   0  11   3   1   1   0   2  58   0   0   0   3   5   8   0   0   3  0.63 0.31
   22 Q   -1  2 -1  0 -2  4  0  2  0 -3 -3  0 -1 -4 -1  1 -1 -2 -3 -4    2  14   2   4   1  29   4  16   2   2   1   3   1   0   3  13   3   1   0   0  0.43 0.25
   23 V    0 -1 -1 -1  2  2  1 -2  1  1 -1  1 -1 -3  0  1  0 -4 -2  0    4   2   2   2   5  12   8   2   3  10   4  11   1   0   3  17   5   0   0   9  0.13 0.12
   24 P   -1  0 -1 -3  2  0  0 -2  1 -4 -4  0 -4 -5  6  2 -1 -5 -4 -3    3   5   2   0   5   5   5   3   3   0   1   6   0   0  45  15   2   0   0   1  0.93 0.33
   25 A    1  0  0 -1 -1  3  0  2  2 -4 -3 -1 -2 -4  2  0  0 -1 -3 -3   11   6   2   3   1  18   3  21   7   0   1   1   0   0  11   7   4   1   0   1  0.34 0.20
   26 F    0 -2 -2 -3  2  0 -1 -1 -2  0  1 -1 -1  0  4  0 -1 -3  1 -1    8   1   1   0   5   3   5   5   0   6  20   3   0   5  19   8   3   0   6   2  0.21 0.13
   27 E    0  2  0  1 -2  1  0  2  1 -3 -2  0 -2 -4  2  0 -1 -4 -3 -2    8  12   3   9   1   5   7  20   3   0   3   6   0   0  11   7   1   0   0   4  0.24 0.13
   28 S    1  0 -2 -2 -2 -1 -2 -1 -3 -4 -3 -1 -2 -4  5  1  1  5 -3 -3   11   5   1   2   1   3   2   4   0   0   3   3   1   0  35  12   9   9   0   0  0.71 0.30
   29 A    2 -2 -2 -1  0 -2  0  1 -3 -2 -2 -1 -3 -4  4  1  0 -3 -3  0   25   2   0   4   2   1   6  10   0   0   2   2   0   0  24   8   4   0   0  10  0.42 0.21
   30 P   -2 -3  0 -3  0  1 -2 -2  1 -2 -2 -3  1 -4  7 -1 -1 -5 -4 -2    3   1   5   0   2   7   1   2   4   2   3   0   5   0  53   4   3   0   0   3  1.11 0.38
   31 S    0 -1  2  1 -1  1  1  0  1 -3 -2 -1 -2 -4  1  3  1 -4 -3 -3    7   3  10   6   1   7   9   4   3   0   3   2   0   0   7  29   7   0   0   0  0.30 0.19
   32 Q    1  3 -2 -1 -1  1  1 -1  1 -3 -3  3 -3 -4  0  0 -2 -4 -3  0   13  22   0   3   1   5   9   3   3   0   1  23   0   0   4   5   0   0   0   8  0.35 0.21
   33 A    1 -2 -2 -3 -2 -2 -1 -3  0  1  0 -3 -1 -2 -2  0  2 -4  0  3   15   1   1   0   0   1   4   1   3   5  10   0   0   1   1   8  16   0   3  30  0.25 0.20
   34 C    2 -1 -1 -3  2 -1 -1 -2  5 -2  0  1 -2 -3 -1  2 -2 -4 -1 -2   25   2   1   0   6   2   2   1  19   1  11   9   0   0   2  16   0   0   2   0  0.36 0.24
   35 R    0  3 -1 -1 -2  2  2 -3  1 -2  1  1 -2 -2 -1  0 -1 -4 -3 -2   10  21   1   3   1  11  16   0   4   2  15   5   0   1   2   5   2   0   0   1  0.25 0.17
   36 V    3 -3 -2 -4  2 -3 -2 -3 -2  0 -1 -2 -2 -3 -3 -1  4 -4 -3  3   27   0   1   0   5   0   2   0   1   3   2   1   0   0   0   1  31   0   0  25  0.53 0.30
   37 L   -3 -4 -2 -4 -4 -4 -5 -6 -5  0  5 -5  6 -2 -5 -5 -4 -4 -4 -1    1   0   2   1   0   0   0   0   0   1  67   0  27   0   0   0   0   0   0   1  1.32 0.48
   38 Q   -4  7 -2 -4 -2  3 -2 -5 -3 -6 -4  1 -2 -6 -5 -3 -4 -5 -5 -4    0  76   1   0   1  12   1   0   0   0   1   5   1   0   0   0   0   0   0   1  1.69 0.56
   39 R   -1  4  2  2 -3  2  2 -3  0 -4 -4  1 -3 -4 -3  0 -1 -4 -2 -4    6  28  10  13   0  12  13   1   2   0   1   7   0   0   0   4   2   0   1   0  0.51 0.24
   40 V    3 -2 -3 -3 -2 -2 -3 -3 -4  1  2 -2  1 -2 -3  0  1 -4 -3  3   29   1   0   1   0   1   0   0   0   5  20   1   3   0   0   5   8   0   0  26  0.37 0.23
   41 A    4 -4 -3 -4 -2 -3 -4  5 -4 -3 -2 -3 -2 -3 -4 -1 -2 -5 -4  0   35   0   0   0   0   0   0  46   0   0   3   0   1   1   0   3   2   0   0   9  0.87 0.35
   42 F   -3 -1  1  6 -4  1  1 -2 -3 -5 -4  0 -4  2 -4  0 -2  0 -3 -4    1   2   6  47   0   7   9   1   0   0   0   6   0   9   0   8   1   1   0   0  0.76 0.32
   43 S   -2 -3 -1  3 -5  0  5  0 -3 -5 -4 -1 -4 -3 -3  2 -2 -5 -4 -3    2   0   1  15   0   1  50   8   0   0   2   2   0   2   0  17   0   0   0   1  0.83 0.37
   44 V   -2 -4 -5 -5 -1 -4 -4 -5 -4  2  2 -4  3  5 -5 -3 -1 -3 -1  3    2   0   0   0   1   0   1   0   0  10  19   0   9  32   0   1   2   0   0  21  0.69 0.29
   45 Q   -2 -2 -2  0 -5  4  5 -3 -2 -3 -1 -2  0 -5 -3  2 -2 -5 -4 -4    1   0   1   3   0  22  45   0   0   2   7   0   2   0   0  16   0   0   0   0  0.84 0.39
   46 K   -1  4  0  2 -4  1  2 -1 -2 -3  0  2 -2 -4 -3 -1  0 -4 -3 -3    5  26   4  10   0   5  15   4   0   0  11  13   0   0   0   2   4   0   0   0  0.35 0.20
   47 E   -3  5  0  0 -5  3  2 -4  0 -3 -1  2  0 -4 -4 -2 -3 -5 -3 -4    0  36   5   3   0  13  16   0   2   1   8  13   2   0   0   0   0   0   0   0  0.66 0.30
   48 V   -2 -2 -1 -5 -5 -2 -4 -5  7 -3 -3 -4 -2  2 -5 -4 -1 -2  7  2    2   2   3   0   0   1   0   0  26   0   0   0   1   6   0   0   3   0  42  14  1.26 0.46
   49 E   -1  3  0  0 -5  4  4 -3  1 -5 -3  0 -3 -5 -1 -1 -1 -4 -3 -4    4  19   3   4   0  25  28   1   3   0   3   2   0   0   2   2   3   0   0   0  0.65 0.31
   50 K    0  4 -1  0 -3  1  0 -2  0  0 -1  1 -1 -2  0  0  0 -3 -1 -1    6  27   0   6   0   8   6   2   2   7   6   9   1   1   3   5   7   0   2   2  0.20 0.14
   51 N    2  1  2  3 -3  0  0 -2 -1 -2 -1  0 -1 -2 -3  1  0 -4 -3  0   26   7   9  18   0   2   2   1   1   1   5   3   2   2   0   8   6   0   0   6  0.22 0.16
   52 L   -5 -5 -6 -6 -5 -6 -6 -6 -4 -2  3 -6  1  8 -6 -5 -5 -2  1 -3    0   0   0   0   0   0   0   0   0   0  25   0   3  70   0   0   0   0   2   1  1.79 0.54
   53 K    1  2  2  0 -2  3  0 -2  2 -4 -4  2 -3 -4 -3  2  0 -4 -3 -3   15   9  10   4   1  15   4   1   5   0   0  17   0   0   0  16   3   0   0   1  0.37 0.21
   54 S   -1 -1  1  3 -4  2  1  2  0 -4 -4 -2 -3 -5  3  1 -1 -5 -4 -4    3   2   6  19   0   9  10  18   2   0   1   0   0   0  15  12   3   0   0   0  0.46 0.22
   55 Y   -3 -4 -5 -6  3 -4 -5 -6 -4  0  3 -4  8 -1 -4 -3 -3 -1  1 -1    0   0   0   0   7   0   0   0   0   3  32   0  46   2   0   2   0   1   5   2  1.22 0.44
   56 L    1 -3 -2 -3  3 -2 -3 -3 -1  1  2 -3 -1 -1 -2  3  1 -2 -3  1   10   0   0   0   7   1   0   0   2   7  24   0   0   2   1  28   7   0   0  11  0.29 0.20
   57 D   -1  1  2  3 -4  2  0  1  1 -4 -3  0 -1 -4 -3  1 -1 -4 -2 -3    3   7  13  21   0  13   1  12   4   0   2   4   2   0   0  14   2   0   1   0  0.36 0.19
   58 D   -3  2  2  0 -5  6  0 -2 -1 -5 -4  2 -3 -5 -3  1  0 -5 -3 -4    0  11  11   4   0  40   1   1   1   0   1  15   0   0   0   9   6   0   0   0  0.74 0.34
   59 F   -4 -4 -5 -6 -2 -4 -5 -6 -5  1  5 -5  1  4 -5 -4 -3 -3 -2  0    0   0   0   0   1   0   0   0   0   4  72   0   2  16   0   0   0   0   0   3  1.11 0.39
   60 H   -2 -1  1  3 -4  1  1 -3  7 -3 -1 -1 -3 -3 -3 -1 -3 -4  0 -4    1   3   6  20   0   5   8   1  36   1   9   3   0   0   1   3   0   0   3   1  0.73 0.30
   61 V   -2 -2 -4 -4  0 -3 -4 -5 -4  4  2 -2  1  1 -2 -3 -2 -3 -1  3    1   3   0   1   2   0   0   0   0  35  23   3   2   5   2   0   1   0   2  21  0.52 0.22
   62 E    0  0  0  1 -2  1  1 -1  2 -1 -2  0 -1 -2 -2  1  3 -2 -2  0    6   4   2   8   0   6   7   3   6   2   3   6   0   1   1   7  31   0   1   6  0.20 0.11
   63 S   -2 -2  1 -1  3  0 -1 -3  0 -4 -4 -1 -3 -4  4  3  3 -5 -4 -3    0   1   7   3   8   4   2   0   3   0   0   2   0   0  24  26  20   0   0   0  0.64 0.27
   64 I   -1  0 -2 -1 -3 -1  1  2 -2  0 -1 -2 -1  1  3 -1 -1 -3 -2  1    3   5   0   2   0   2  12  16   1   6   4   0   1  10  19   3   3   0   0  11  0.23 0.13
   65 D    0 -1  2  3  0  0  2 -1  0 -2 -3  0 -2 -3  1  1  0 -3 -2 -2    9   1  10  23   3   2  12   4   1   1   2   4   0   1   7  12   4   0   1   3  0.27 0.11
   66 T    0 -2  0  3 -2 -1 -1 -2 -2 -2 -3 -2 -1 -3 -1  0  5 -4 -1 -1    6   1   3  23   0   2   2   1   1   1   1   0   2   0   2   3  47   0   2   3  0.60 0.27
   67 A    5 -3 -1 -2 -1 -3 -3 -1 -2 -1  0 -3 -2 -3  0 -1 -1 -4 -3  0   63   1   3   1   1   0   0   4   1   3  10   0   0   0   4   2   3   0   0   4  0.62 0.29
   68 R   -2  4 -2 -3  3  2  0 -4  2 -2 -3  1 -1  1 -3 -1 -1 -2  5 -2    0  26   1   0   8  10   4   0   5   2   0   8   1   4   1   4   3   0  23   1  0.50 0.23
   69 I    0  1 -1 -1 -1  2  1  2  1 -2 -3  0 -2 -3  1  2  1 -4 -3 -2    9  10   1   1   1  14   7  15   4   3   1   1   1   0   7  16   9   0   0   1  0.23 0.14
   70 I    0  2 -1 -2  0 -1 -2 -2 -2  2 -1  0 -1 -1 -3  2  2 -3 -2  1    5  17   1   0   2   0   0   1   1  14   3   3   1   2   0  20  18   0   0   9  0.21 0.16
   71 F   -4 -5 -5 -5 -1 -5 -5 -5 -4 -2  1 -5 -2  8 -5 -4 -4 -2  1 -1    0   0   0   0   1   0   0   0   0   0  15   0   0  72   0   0   0   0   2   4  1.53 0.44
   72 N    0  2  1 -1 -2  0  1 -1  0 -1 -1  1  0 -1 -2  1  1 -2 -2  0    6  12  10   1   0   4  10   2   2   1   4   7   2   4   1   9  11   0   0  12  0.09 0.09
   73 Q    2  1  1 -1 -2  4  1  0 -1 -3 -3  1 -2 -4 -2  1  0 -4 -2 -3   23   7   8   0   1  23   9   6   0   1   0   7   0   0   0   7   6   0   1   0  0.33 0.19
   74 V   -2 -5 -5 -5  0 -4 -5 -4 -5  2 -2 -4 -2 -3 -5 -3 -2 -5 -4  7    1   0   0   0   2   0   0   1   0   8   0   0   0   0   0   2   0   0   0  83  1.35 0.45
   75 M    2 -3 -4 -4  1 -3 -3 -2 -4  1  0 -3  6 -2 -3 -1 -1 -4 -3  3   21   0   0   0   3   0   0   2   0   7   6   0  31   0   1   2   3   0   0  21  0.56 0.28
   76 E   -1  0  2  4 -4  0  4 -1 -2 -4 -4  0 -3 -4 -3 -1 -1 -4 -2 -2    3   4  11  29   0   2  30   3   0   0   0   4   0   0   0   3   3   0   2   3  0.59 0.24
   77 K   -2 -2  0 -1 -5  1  6 -3  2 -5 -4  2 -2 -5 -3  0 -3 -5 -4 -4    2   1   3   0   0   3  66   1   5   0   1  10   1   0   0   5   0   0   0   1  1.07 0.38
   78 E   -3 -3 -3 -3 -3 -2  1 -5 -4  2  4 -2  4 -2 -4 -3 -2 -4 -3  2    0   0   1   0   0   0  14   0   0  11  45   2  12   0   0   0   1   0   0  13  0.55 0.25
   79 F   -4 -6 -6 -6  0 -6 -6 -6 -4 -3 -2 -6 -3  9 -6 -5 -5 -2  0  1    1   0   0   0   2   0   0   0   0   0   1   0   0  87   0   0   0   0   0   9  2.15 0.56
   80 E    0  4 -1  0 -4  2  2  1 -1 -3 -4  1 -3 -4 -3  1 -1 -4 -3 -2    6  29   1   5   0   8  15   9   0   0   0   8   0   0   0  13   3   0   0   3  0.40 0.19
   81 D   -2 -3 -1  8 -5 -3  1 -2 -3 -5 -5 -3 -5 -5 -4 -3 -2 -6 -5 -5    3   1   1  84   0   0   5   2   0   0   0   0   0   0   0   0   1   0   0   0  1.80 0.48
   82 G   -2 -4 -2 -3 -2 -1 -2  7 -4 -6 -6 -4 -5 -6 -5 -1 -4 -5 -5 -6    0   0   0   1   1   4   3  88   0   0   0   0   0   0   0   3   0   0   0   0  1.77 0.47
   83 I   -2 -2  0 -3 -3  0 -2 -1  2  3 -1 -1 -1 -3 -2 -1  0 -4 -2  4    1   1   4   0   0   5   1   4   6  17   2   4   0   0   1   3   5   0   0  42  0.34 0.21
   84 I   -1 -1 -1 -1  0 -1 -1 -2 -2  2  0 -1  0  1  0  0  2 -1  0  1    4   2   2   2   3   2   2   3   1  17   9   2   2   6   4   4  19   1   2  14  0.10 0.06
   85 N   -4 -1  8 -2 -6 -3 -3 -3 -2 -6 -6 -2 -5 -6 -5 -1 -3 -7 -5 -6    0   2  94   0   0   0   0   0   0   0   0   1   0   0   0   2   0   0   0   0  2.26 0.61
   86 W   -6 -7 -8 -8  0 -6 -7 -6 -6 -6 -5 -7 -5 -3 -8 -7 -6 13 -1 -7    0   0   0   0   2   0   0   0   0   0   0   0   0   0   0   0   0  98   0   0  4.61 0.91
   87 G   -3 -5 -3 -4 -5 -5 -5  7 -5 -6 -6 -4 -6 -6 -5 -3 -4 -5 -6 -4    0   0   0   0   0   0   0  99   0   0   0   0   0   0   0   0   0   0   0   1  2.23 0.56
   88 R   -5  8 -3 -5 -7 -2 -3 -5 -3 -6 -5 -1 -4 -6 -5 -4 -4 -6 -5 -6    0 100   0   0   0   0   0   0   0   0   0   0   0   0   0   0   0   0   0   0  2.46 0.65
   89 I   -3 -5 -4 -6 -3 -5 -5 -6 -6  7  0 -5 -1 -3 -5 -5 -3 -5 -4  4    0   0   1   0   0   0   0   0   0  69   5   0   0   0   0   0   0   0   0  25  1.37 0.42
   90 V   -1 -5 -6 -6 -3 -5 -5 -6 -6  1 -1 -5  1 -3 -5 -4 -3 -5 -4  7    2   0   0   0   0   0   0   0   0   4   3   0   2   0   0   0   0   0   0  87  1.50 0.48
   91 T    4 -3 -3 -3 -1 -3 -3  0 -4 -3 -3 -3 -1 -4 -3  2  4 -5 -4 -1   49   0   0   0   1   0   0   6   0   0   0   0   2   0   0  14  26   0   0   2  0.75 0.33
   92 I   -3 -4 -5 -5 -3 -4 -5 -5 -4  3  4 -5  1  5 -5 -4 -3 -3 -1  2    0   0   0   0   0   0   0   0   0  16  38   0   2  32   0   0   0   0   0  12  0.87 0.30
   93 F   -5 -5 -5 -6 -5 -5 -6 -6 -1  2 -2 -5 -2  8 -6 -5 -4 -2  4 -1    0   0   0   0   0   0   0   0   2  11   1   0   0  70   0   0   0   0  14   2  1.73 0.48
   94 A    3 -3 -2 -2 -2 -2  3 -1 -3 -3 -2 -2 -1 -3 -3  2  2 -4 -1  0   36   0   0   0   0   0  21   2   0   0   1   0   2   1   0  15  14   0   2   7  0.44 0.25
   95 F   -5 -6 -6 -7 -6 -6 -6 -6 -4 -3 -1 -6 -3  9 -7 -6 -5 -2  0 -4    0   0   0   0   0   0   0   0   0   0   2   0   0  98   0   0   0   0   0   0  2.64 0.64
   96 G    1 -4 -3 -3 -1 -2 -1  6 -4 -5 -5 -3 -4 -5 -4  0  0 -5 -5 -4   12   0   0   0   2   1   4  70   0   0   0   0   0   0   0   4   7   0   0   1  1.20 0.37
   97 G    2 -4 -3 -4 -1 -4 -4  7 -4 -6 -6 -4 -5 -5 -4 -1 -4 -5 -5 -5   19   1   0   0   2   0   0  77   0   0   0   0   0   0   0   2   0   0   0   0  1.56 0.44
   98 V    2  2 -3 -4  0 -2 -3 -3 -3  2 -1 -2  0  1 -3 -1  1 -3 -1  3   19  13   0   0   1   0   0   0   0  11   3   1   1   6   0   3   7   0   2  33  0.30 0.19
   99 L   -3 -4 -5 -6 -3 -4 -5 -6 -5  1  5 -4  5  0 -5 -4 -3 -4 -3  2    0   0   0   0   0   0   0   0   0   3  64   0  16   2   0   0   0   0   0  14  1.05 0.36
  100 L    4 -4 -3 -5  8 -4 -4 -3 -4  0 -2 -4 -2 -4 -4  0  0 -5 -4 -1   34   0   1   0  41   0   0   0   0   5   3   0   0   0   0   6   6   0   0   4  1.18 0.38
  101 K    0  1 -2 -3 -3  0 -2 -4 -1  0 -1  4 -1 -2 -3 -2 -1 -4 -3  4    5   9   1   0   0   4   1   0   1   2   5  30   1   1   0   1   2   0   0  38  0.44 0.25
  102 K   -3  0 -2 -1 -5  2  5 -4  5 -5 -4  3 -3 -3 -3 -2 -3 -1  2 -4    0   4   0   2   0  10  39   0  16   0   1  19   0   1   0   0   0   1   9   0  0.82 0.32
  103 L   -2 -5 -3 -5  7 -4 -5 -5 -5 -2  4 -4 -1  1 -5  3 -3 -4 -2 -2    2   0   1   0  29   0   0   0   0   1  39   0   0   5   0  23   0   0   1   0  1.01 0.42
  104 P   -1  0 -2 -2 -3  3 -1 -3 -2  0  1  0  0 -1  0 -2 -2 -3 -1  4    5   4   1   1   0  16   2   1   1   2  12   7   1   2   4   1   0   0   1  38  0.31 0.21
  105 Q   -2  2  3  2 -4  2  4 -1 -2 -4 -4 -1 -3 -4 -2  0 -2 -4 -3 -2    2  11  17   9   0   9  31   3   0   0   1   1   0   0   1   8   1   0   0   4  0.50 0.24
  106 E   -2  4  1 -2 -5  2  1 -3  2 -2 -4  4 -3 -4 -3 -1 -1 -5 -3 -3    1  22   6   1   0  10  10   1   6   3   0  34   0   0   0   2   2   0   0   1  0.65 0.29
  107 Q   -2  1  2  1 -3  3  4  1 -1 -5 -4  0 -4 -5 -1  0 -2 -5 -4 -4    0   7   9   6   0  12  38  13   1   0   0   2   0   0   2   6   1   0   0   0  0.60 0.28
  108 I   -2  0 -4 -2 -3 -2 -3 -4 -3  3  1 -2  7 -2 -1 -3 -2  0 -3  1    3   4   0   2   0   2   2   1   0  20   8   3  42   0   3   1   1   1   0   7  0.78 0.34
  109 A    1 -1  1  0 -3  1  1  0 -1 -2 -3 -1 -2 -3  3  2  0 -4 -3 -2   13   2   9   3   0   8  10   7   1   2   1   2   0   0  14  20   5   0   0   2  0.29 0.16
  110 L   -1  0 -1 -1 -2  3  1 -1  2 -2  0 -1 -2 -3  5  0 -2 -3  0 -1    2   4   3   3   1  14   9   3   5   1  11   2   0   0  27   6   1   0   3   5  0.40 0.19
  111 D   -1 -2 -2  2  1  0  1 -2 -1 -1  3 -1  1 -2 -3 -1  1 -3 -2 -1    5   0   0  14   3   4  13   3   2   0  34   2   4   0   0   2   9   0   1   2  0.22 0.17
  112 V   -1 -2 -2 -3  0 -3 -3 -1 -3  1 -1 -1  0 -1  1 -1  0 -4 -3  5    3   1   2   1   2   0   1   4   0   3   3   3   2   2   8   5   4   0   0  55  0.50 0.26
  113 C    0 -1  0  3  3 -1  1  1 -1 -1 -2 -1 -1 -2  0  0 -1 -2 -2 -1    5   2   4  22   9   2  11  13   1   3   3   3   1   1   4   6   3   0   2   6  0.19 0.08
  114 A    0 -1  1 -1  1  0  0  0  0  0 -1  0  0 -1  0  1  1 -1  0 -1    7   3   6   3   4   5   5   6   2   6   6   4   2   3   3  13  14   1   4   3  0.05 0.03
  115 Y    0 -1 -1 -1  3  0 -1 -1  0  1  0  0  0  0  0  0  0 -1  2  1    6   3   3   3  10   4   3   5   2  12   7   6   1   4   3   5   3   1   9  10  0.04 0.03
  116 K   -2  2  0  4 -4  1  3 -3 -2 -4 -3  2 -3 -4 -1  1 -2 -4 -3 -3    1  11   2  29   0   3  22   1   0   1   1  12   0   1   3   9   1   0   0   1  0.55 0.22
  117 Q   -1  3  2 -1 -3  3  2 -1  0 -4 -2  1 -2 -4  0  2  0 -4 -3 -3    3  18  12   2   0  14  11   3   2   0   4   6   0   0   5  15   5   0   0   0  0.33 0.18
  118 V   -4 -5 -6 -6 -4 -5 -6 -6 -6  6  2 -5 -1 -1 -5 -5 -3 -5 -4  3    0   0   0   0   0   0   0   0   0  62  21   0   0   1   0   0   0   0   0  16  1.30 0.45
  119 S    5 -3 -3 -4 -3 -1 -2 -1 -4  0 -3 -2 -2 -4 -2  2 -1 -5 -4  1   54   0   0   0   0   2   1   3   0   4   1   1   0   0   1  20   2   0   0  11  0.69 0.35
  120 S    0 -1 -1  2 -1  0  4 -1  1 -3 -1 -1 -2 -2 -3  0  0 -3  3 -2    6   1   1  14   1   2  30   4   4   0   9   1   0   1   0   8   5   0  12   2  0.32 0.21
  121 F   -4 -5 -5 -6 -2 -3 -3 -5 -4  0 -3 -5 -4  5 -6 -1  1 10  2 -4    1   0   0   0   1   1   2   0   0   5   1   0   0  22   0   5   9  47   5   0  1.93 0.56
  122 V   -1 -4 -5 -5 -4 -4 -4 -5 -5  4  1 -4  7 -2 -5 -4  0 -4 -3  3    4   0   0   0   0   0   1   0   0  28   7   0  35   1   0   0   5   0   0  20  1.01 0.41
  123 A    3 -4 -3 -4 -3 -3 -3  1 -2 -2 -4 -3 -3 -5 -3  0  5 -5 -4 -1   32   0   0   0   0   0   0  11   1   2   0   0   0   0   0   5  45   0   0   4  0.84 0.40
  124 E   -1  0 -1  4 -4  0  4 -3 -3 -3 -4  1  0 -5 -3  0  2 -5 -4 -2    4   3   2  24   0   2  34   0   0   1   1   7   3   0   0   4  14   0   0   3  0.59 0.29
  125 F   -3 -5 -6 -6 -6 -5 -5 -6 -2 -3 -3 -5 -4  5 -6 -5 -3 -1  9 -1    2   0   0   0   0   0   0   0   0   0   1   0   0  19   0   0   1   0  72   4  2.18 0.65
  126 I   -3 -5 -5 -6 -2 -4 -5 -6 -5  4  5 -5  1 -2 -5 -4 -1 -4 -3  2    0   0   0   0   0   0   0   0   0  23  59   0   3   0   0   0   3   0   0  12  1.01 0.38
  127 M    0 -2  4  2 -2 -2  1  1 -2  0 -2 -2  2 -3 -3 -1  1 -4 -3  1    8   2  22  12   0   0   8  11   0   5   2   0   7   0   0   2   9   0   0  11  0.25 0.19
  128 N   -2  2  3  1 -4  0  2  1  0 -4 -4  1 -3 -4 -3  2  1 -4 -3 -3    1  13  18   7   0   3  15  12   2   0   1   6   0   0   0  15   8   0   0   0  0.38 0.21
  129 N   -3  0  4  0 -5  1  1 -3  7 -5 -5  1 -4 -4  1  0  0 -5 -1 -4    0   5  21   3   0   7   7   1  30   0   0   7   0   0   7   4   6   0   2   0  0.75 0.32
  130 T   -2 -2 -3 -4 -4  0 -3 -5 -4  1  4  3  0 -3 -4 -3  1 -4 -3 -1    3   0   1   0   0   3   0   0   0   6  52  23   1   0   0   0   9   0   0   2  0.63 0.33
  131 G    0  2  0  0 -4  1  0  2  4 -2 -3  1 -3 -4 -3  1 -1 -4 -3 -3    9  12   3   4   0   8   5  20  11   3   2  10   0   0   0  11   1   0   0   0  0.30 0.18
  132 E   -2 -1  3  4 -4  0  3 -1 -1 -4 -3  0 -4 -5  3 -1  0 -5 -4 -4    2   1  14  23   0   4  19   3   1   0   2   6   0   0  15   3   7   0   0   0  0.54 0.25
  133 W   -7 -7 -8 -9 -7 -6 -7 -7 -7 -7 -6 -7 -6 -3 -8 -7 -7 13 -2 -7    0   0   0   0   0   0   0   0   0   0   0   0   0   0   0   0   0 100   0   0  4.93 1.09
  134 I   -4 -6 -6 -6 -4 -5 -6 -7 -6  7  2 -5  2 -3 -6 -5 -4 -5 -4  0    0   0   0   0   0   0   0   0   0  76  18   0   4   0   0   0   0   0   0   2  1.60 0.52
  135 R   -2  2  0  0 -4  5  0 -4  1 -1  0  1 -1 -4 -3  0 -1 -4 -3  0    2  14   3   4   0  31   5   0   4   3  13   5   1   0   0   5   2   0   0   8  0.38 0.24
  136 Q    0 -1  0  3 -5  3  4 -3 -1 -4 -5  2 -4 -5 -3  1 -2 -5 -4 -4    7   1   2  20   0  16  28   0   1   0   0  11   0   0   0  13   1   0   0   0  0.66 0.30
  137 N   -3 -3  7 -2 -6  4 -2 -4  4 -6 -6 -2 -5 -6 -5 -1 -3 -6 -4 -6    1   0  66   0   0  21   1   0   8   0   0   1   0   0   0   3   0   0   0   0  1.69 0.57
  138 G   -3  0  1 -1 -5 -3 -2  7 -4 -6 -6 -1 -5 -6 -5 -3 -4 -5 -6 -5    0   5   7   3   0   1   2  79   0   0   0   3   0   0   0   0   0   0   0   1  1.56 0.49
  139 G   -3 -5 -2 -3 -6 -5 -5  7 -5 -7 -7 -5 -3 -6 -5 -1 -4 -6 -6 -6    0   0   1   1   0   0   0  94   0   0   0   0   1   0   0   3   0   0   0   0  2.17 0.61
  140 W   -7 -7 -8 -9 -7 -6 -7 -7 -7 -7 -6 -7 -6 -3 -8 -7 -7 13 -2 -7    0   0   0   0   0   0   0   0   0   0   0   0   0   0   0   0   0 100   0   0  4.89 1.05
  141 E   -1 -1 -1  2 -2  1  5 -2 -1 -2 -2  0 -1 -2 -1 -1 -1 -2 -2  1    5   2   2  10   1   4  43   2   1   2   3   3   1   1   2   3   2   0   1  13  0.43 0.17
  142 D   -2  1  3  4  2 -1  0  1  0 -3 -3  0 -3 -3 -2  0 -1 -2 -3 -3    2   8  15  34   5   2   4  10   3   1   2   4   0   1   1   6   1   1   1   1  0.44 0.17
  143 G    3 -3 -2 -2 -2 -2 -2  5 -3 -3 -3 -2 -3  1 -2 -1  0 -3 -3 -2   26   1   1   2   0   1   1  48   0   1   2   1   0   6   1   2   5   0   0   1  0.69 0.25
  144 F   -4 -4 -6 -6  3 -6 -6 -6 -3 -2 -1 -5  0  8 -6 -4 -3  1  0 -3    0   1   0   0   6   0   0   0   0   1   4   0   2  81   0   1   1   1   0   0  1.97 0.55
  145 I    1 -4 -1 -1  2 -2 -2 -4 -4  1  0 -3  0 -3 -2 -2 -1 -4 -3  5   12   0   3   3   5   1   3   0   0   6   9   1   1   0   2   2   2   0   0  50  0.48 0.25
  146 K   -1  1 -1  2 -5  1  5 -2 -1 -4 -4  2 -3 -3 -2 -1 -1 -4 -2 -3    5   8   1  10   0   4  43   2   1   0   1  15   0   1   1   3   3   0   1   2  0.60 0.27
  147 K   -2 -2 -3 -3 -3  0 -1 -4 -1  0  2  2  0  5 -3 -1 -1 -2  1 -1    2   0   1   0   0   5   4   0   1   6  22  17   1  27   0   4   2   0   4   2  0.34 0.21
  148 F   -4 -5 -5 -6 -5 -5 -5 -4  1 -3 -2 -4 -3  7 -6 -3 -4 -1  6  0    0   0   0   0   0   0   0   1   3   0   1   1   0  55   0   1   0   0  30   7  1.61 0.49
  149 E   -2  0  0  0 -4  1  3  3  3 -4 -4  0 -3 -2  1  0 -2 -4 -3 -3    0   6   3   5   0   5  24  26   9   0   0   5   0   2   7   8   0   0   0   1  0.44 0.21
  150 P    0  2  0  1 -1  2  0 -1 -1 -2 -2  0 -2 -4  3  0 -1 -4 -2  1    7  14   3  11   2  13   5   3   1   1   2   3   0   0  16   4   2   0   1  12  0.26 0.15
  151 K   -2  2  1  3 -4  3  2 -2 -1 -4 -4  3 -3 -4 -2  1  0 -4 -3 -4    1  14   5  17   0  14  12   1   1   0   1  19   0   0   1   8   5   0   0   0  0.47 0.21
  152 S   -1  1  3  1  3 -1 -2  1 -2 -3 -3 -1  1 -2  1  3  1 -4 -3 -3    2   8  15   6   7   1   0  10   0   0   1   3   4   2   6  29   7   0   0   0  0.32 0.20
  153 G    0 -2 -1  0 -1 -1 -2  2 -2 -1 -1 -2 -1 -3  0  3  1 -3 -1  1    5   1   1   4   1   2   1  21   0   1   5   1   1   0   5  27   6   0   2  16  0.23 0.15
  154 W   -3 -4 -3 -5  0 -3 -4 -4 -2 -3  2 -4  4 -2 -1 -2 -4 11  0 -3    1   0   2   0   2   1   0   1   1   0  17   0  13   0   3   3   0  52   2   0  1.86 0.48
  155 L   -2  1 -2 -3 -3  0 -1 -3 -2  1  2  1  3 -2  2 -1 -1  1 -2 -1    1   9   0   0   0   4   3   1   0   7  28  13   9   0  12   2   4   2   0   2  0.24 0.15
  156 T    2 -2 -1 -2 -2 -2  0 -1 -2 -2 -2  0 -2 -2 -1  3  3 -3 -1 -1   17   0   2   0   0   0   5   4   1   1   2   4   1   1   2  30  26   0   2   2  0.39 0.22
  157 F   -3 -2 -2 -4 -3 -3 -3 -3 -3  1  3  0 -1  5 -4 -3 -2  1  0  0    0   2   2   0   0   1   2   2   0   7  32   7   0  36   0   0   1   1   0   6  0.57 0.24
  158 L    1 -1 -2 -2 -1 -2 -2  0 -1  0  1  1  0  2 -1  0 -1 -2 -1  1   17   1   0   1   1   0   1   6   1   4  14  14   1  11   2   7   1   0   0  15  0.09 0.10
  159 Q    2 -2  0  0 -1 -1  1  2 -2 -1 -3 -1 -2 -2 -2  0  2  0 -3 -1   21   1   3   5   1   1  13  19   0   3   1   3   0   1   0   3  20   2   0   2  0.26 0.17
  160 M    0 -4 -4 -4 -3 -2 -4 -3 -4  3  0 -3  1  3  0 -2 -1 -3 -2  4    8   0   0   0   0   2   0   2   0  15   6   0   3  13   5   1   2   0   0  42  0.48 0.24
  161 T    3 -2  0 -1  1 -2  0 -1 -2 -1  0 -1  0  1 -1  1  2 -3 -2 -1   30   1   4   2   3   0   7   2   0   1  11   4   2   7   2   9  14   0   0   1  0.16 0.14
  162 G    1 -3 -2 -1 -4 -3 -1  6 -3 -4 -4 -2 -2 -4 -2  1  0  1 -4 -4    9   1   0   3   0   0   3  59   0   0   0   1   1   0   1  12   7   2   0   0  0.90 0.31
  163 Q   -2  0 -2 -2 -1  1 -2 -1  0  1  2  2  1 -2 -3 -2 -1 -3 -1  2    0   2   0   1   1   9   0   5   2   7  21  21   3   0   0   0   2   0   1  22  0.21 0.16
  164 I   -1 -4 -3 -4  0 -3 -3  4 -4  3  1 -3  0 -1 -3 -1 -2 -4 -3  2    1   0   0   0   2   0   1  33   0  25  10   0   1   2   0   4   1   0   0  19  0.45 0.22
  165 W    2 -4 -5 -5  6 -4 -4 -3 -4  2  1 -4  2  0 -5 -3 -3  8 -2  0   17   0   0   0  16   0   0   1   0  12  14   0   5   3   0   0   0  28   0   4  1.01 0.33
  166 E    2 -2 -1 -1 -3 -1  2  2 -2 -3 -3  2 -3 -4 -1  0  1 -4 -3 -2   26   0   1   2   0   0  17  20   0   0   1  14   0   0   2   6   9   0   0   1  0.36 0.19
  167 M    1 -3 -3 -3 -3 -3 -3  3 -3  0  1 -3  4 -2 -3  0  1 -4 -3  1    9   0   0   0   0   0   0  29   0   3  16   0  15   1   0   5  10   0   0  12  0.35 0.19
  168 L    2 -4 -4 -5 -3 -4 -4 -4 -4  1  4 -4  0  2 -4 -3 -1 -1 -2  1   19   0   0   0   0   0   0   0   0   8  52   0   0  12   0   0   2   0   0   7  0.58 0.25
  169 F    1 -3 -2 -3  1 -2 -3 -1 -2 -1  1 -2  0  2 -2  2  2 -2  3  0   13   0   0   0   3   0   0   3   0   0  18   0   1   9   0  20  17   0  12   4  0.25 0.17
  170 L   -2 -3 -4 -5 -3 -3 -4 -4 -1  1  3 -4  3  5 -4 -1 -1 -2  0  1    2   1   0   0   0   0   0   0   2   3  38   0   9  27   0   5   2   0   1  10  0.56 0.23
  171 L   -3 -4 -5 -5 -3 -4 -4 -5 -4  3  5 -4  3  2 -4 -4 -3 -3 -2  0    0   0   0   0   0   0   0   0   0  22  62   0   7   9   0   0   0   0   0   0  0.84 0.26
  172 K   -2  6 -1 -2 -4  0 -1 -3 -1 -4 -3  5 -2 -4 -3 -1 -2 -4 -3 -4    0  57   0   0   0   0   0   0   0   0   0  43   0   0   0   0   0   0   0   0  0.99 0.18

                      K         Lambda
Standard Ungapped    0.1372     0.3233
Standard Gapped      0.0440     0.2670
PSI Ungapped         0.1440     0.3146
PSI Gapped           0.0440     0.2670
