
Last position-specific scoring matrix computed, weighted observed percentages rounded down, information per position, and relative weight of gapless real matches to pseudocounts
           A  R  N  D  C  Q  E  G  H  I  L  K  M  F  P  S  T  W  Y  V   A   R   N   D   C   Q   E   G   H   I   L   K   M   F   P   S   T   W   Y   V
    1 R   -2  7 -1 -3 -5  0 -1 -3 -1 -4 -3  2 -2 -4 -3 -2 -2 -4 -3 -4    0  99   0   0   0   0   0   0   0   0   0   1   0   0   0   0   0   0   0   0  1.32 0.18
    2 E   -2 -2 -1  2 -5 -1  6 -3 -3 -5 -5  0 -4 -6 -3  1 -2 -5 -4 -5    3   0   1   9   0   0  68   1   0   0   0   5   0   0   0  11   2   0   0   0  1.19 0.55
    3 I    3  0 -1 -3 -3 -2 -3 -1 -3  0  1 -2 -2 -3  0  0  3 -4 -3  0   27   5   3   0   0   0   0   3   0   6  12   1   0   0   4   6  28   0   0   4  0.33 0.29
    4 L    0  0 -3 -4 -1 -2 -2 -4 -1  1  1  0  3 -1  3 -2  1 -4 -3  2    9   4   0   0   1   0   1   0   2   8  12   7   9   3  17   0  10   0   0  17  0.29 0.24
    5 N   -2  0  4 -1  0 -1  3  0  3 -2 -3 -1 -4 -5 -2  2 -1 -5 -3 -4    1   4  28   1   2   0  24   6   9   3   2   2   0   0   2  14   3   0   0   0  0.54 0.38
    6 P   -1  1 -2  1 -3 -2  0  0 -3  0  2 -1 -1 -3  3  0  0 -4 -3  0    3   9   0   8   0   0   6   7   0   4  25   2   0   0  17   9   6   0   0   5  0.23 0.23
    7 P   -1 -3  2 -3 -2 -2 -2  1 -3 -4 -5 -1 -4 -3  4  4  1 -5 -4 -3    4   1   8   0   1   1   2   9   0   0   0   4   0   1  25  32  10   0   0   2  0.68 0.43
    8 E   -3 -1 -3 -2 -1  0  5  4 -3 -6 -6 -1 -5 -6 -2  1 -3 -5 -5 -5    0   2   0   1   1   3  46  31   0   0   0   3   0   0   2  11   0   0   0   0  1.02 0.59
    9 K    0  0 -2  0  5  1  1  0 -3 -4 -3  4 -1 -5  1 -2 -2 -5 -4 -1    8   4   1   4  12   7   8   8   0   0   1  32   1   0   7   1   1   0   0   4  0.47 0.36
   10 E    0  2 -1  0 -4  4  3  0 -2 -2 -3 -1 -2 -4 -1 -1  0 -4 -4  0    7  11   3   6   0  18  22   9   0   1   2   2   1   0   3   2   6   0   0   7  0.35 0.32
   11 T    1 -1 -3  0 -3  1  1 -2 -3 -1 -2 -1  4 -4  0  1  4 -4 -4  0   11   2   0   6   0   5   8   2   0   2   1   3  15   0   4  10  25   0   0   5  0.38 0.37
   12 Q    2 -1 -2  0 -3  3  3 -2 -1 -4 -2 -2  1 -4 -2  2  1 -5 -4 -1   18   2   0   4   0  16  20   3   1   0   3   1   5   0   1  15   7   0   0   4  0.40 0.38
   13 G    2 -1 -1  0 -4 -1  2  3 -3 -4 -3 -3  4 -4  0 -1  1 -5 -4 -2   18   3   2   6   0   2  14  23   0   0   0   0  12   0   4   3   9   0   0   2  0.40 0.37
   14 E    1  2 -1  0 -4  1  2  0 -1 -4 -3  1  0 -4 -1  2  1 -4 -2 -3   10  12   2   5   0   7  13   6   1   0   1  10   3   0   2  18   8   0   1   0  0.28 0.27
   15 G    3 -3  1  1 -4 -1  1  4  0 -4 -3 -3 -4 -5 -3  0  0 -5 -4 -2   22   1   7   7   0   2   8  32   3   0   2   1   0   0   1   5   5   0   0   3  0.51 0.38
   16 P   -3 -1 -2  1 -3  2  1 -3 -4 -3 -4  1 -4 -4  6  0 -3 -6 -5 -3    2   3   1   9   1  10   9   1   0   2   1  10   0   1  41   6   1   0   0   2  0.94 0.58
   17 S    0  0 -2  1  1  2  2  1  0 -4 -3  0  0 -4  1  2 -1 -4 -2 -3    6   4   1   8   4   8  17  10   2   0   1   4   3   0   6  21   3   0   1   1  0.31 0.31
   18 L    0  0 -1 -1  0  0  0  0 -2 -1 -1  1  1 -2  2  0  1 -3 -3  0    9   6   3   3   2   3   7   8   0   2   4   9   4   1  10   7  11   0   0  10  0.11 0.13
   19 F   -1 -1 -1  3  2  0  1  0 -2 -2 -1  0 -1 -1  1  1 -1  2  0 -2    4   2   1  18   5   4   9   9   0   2   6   4   1   3   8  13   3   3   3   2  0.17 0.19
   20 M    2 -1 -2 -1 -1  0  0  1 -2 -1 -2 -1  1 -1 -1  1  0 -3  0  0   19   3   0   3   1   4   8  13   0   4   2   2   4   2   3  13   7   0   4   7  0.13 0.18
   21 A    1 -1 -2 -1  0  1  0  2  1 -1 -3 -1 -2 -4  1  2 -1 -4 -2 -1   12   3   1   3   2   6   7  19   4   4   1   4   1   0   8  17   3   0   1   5  0.21 0.22
   22 S    0 -1  0  1  1  1  1  2 -1 -2 -3  0 -2 -4 -1  1  1 -4 -1 -1    6   3   3   9   3   5  12  17   1   1   1   4   0   0   3  13  10   0   3   5  0.20 0.21
   23 T    0 -1  0  1  0  0  2  0 -2 -4 -3 -1 -1 -4  3  1  0 -5 -2 -2    8   3   4   8   2   3  18   6   1   0   2   3   2   0  17  14   6   0   1   2  0.33 0.30
   24 K    0  2 -2  0  0  3  2  2 -3 -4 -2  2 -3 -2  0 -1 -3 -5 -4 -2    7  10   1   3   2  12  16  17   0   0   3  12   0   1   5   3   1   0   0   2  0.31 0.33
   25 T    1  0 -1 -1 -2  0  2 -1 -1 -4 -4  1  0 -5 -2  2  3 -2 -4 -1    9   4   2   3   1   3  14   4   1   0   0   7   2   0   2  18  22   1   0   4  0.32 0.37
   26 E   -2 -2 -1  3 -6  1  5 -1  0 -4 -5  0 -5 -6 -1  2 -3 -1 -5 -4    2   2   2  19   0   5  35   5   2   1   1   4   0   0   3  14   0   1   0   1  0.68 0.54
   27 A    0  1 -2  2 -4 -1  2  2 -3 -3 -2 -2 -4 -3  3  0  1 -5 -4 -3    8   9   0  10   0   1  14  16   0   1   4   1   0   1  16   5  10   0   0   1  0.35 0.35
   28 I    1  0 -2  0 -2  3  0  0 -2 -1 -1 -1 -1 -2  0  2  0 -4 -3  0   12   4   0   5   1  17   7   7   1   2   4   2   1   2   5  16   4   0   0   9  0.17 0.26
   29 A    4  0 -2 -2 -2 -1  0  0 -2 -3 -3 -1  0 -4  1  0  2 -5 -3  0   34   5   2   2   1   2   6   7   1   0   2   2   3   0   7   6  12   0   1   6  0.32 0.35
   30 P   -2 -2 -2 -3 -1 -1 -1 -1 -2 -3  1 -2 -3 -2  6  1 -1 -5 -4  0    2   2   2   1   1   3   5   5   1   1  14   2   0   2  36  12   3   0   0   6  0.64 0.48
   31 A    2 -2 -3 -3  2  0  0  0 -1 -3 -1 -2 -1 -3  2  2  2 -4 -2 -2   16   1   0   1   4   5   5   8   1   0   7   1   1   1  10  20  12   0   1   2  0.26 0.31
   32 S   -1 -1 -1  0  4  1  3  0  1 -4 -3 -2 -2 -2  2  1 -1 -4  0 -3    5   3   2   6  11   6  19   8   4   0   2   1   1   1  10  11   2   0   4   2  0.31 0.31
   33 T    0  0 -1  0 -3  0  0 -1 -3 -1 -1  1  0 -4  1  2  2 -4 -3  0    8   5   2   4   0   4   6   4   0   2   8   9   2   0   7  16  15   0   0   6  0.15 0.21
   34 M    1 -2 -3  0 -4  1  1 -1 -2 -2 -1 -2  1 -4  3  0  2  0 -2  0   12   2   0   6   0   5   9   3   1   2   7   2   3   0  16   5  16   2   1   8  0.25 0.27
   35 E   -1  1 -2 -1 -5  2  4  2 -1 -4 -3 -2 -2 -1  0 -1 -1 -4  2 -3    4   7   1   2   0  10  30  13   1   0   2   1   1   2   5   5   4   0   9   2  0.42 0.39
   36 D    1 -2 -3  1  4  0  0  0 -1 -2 -1 -1 -2 -4  2  1 -1 -4 -2  1   14   2   0   8  11   5   6   7   1   1   5   2   1   0  11  11   3   0   1  12  0.23 0.26
   37 K   -1  1  0  0 -5  2  2  0  0 -3 -2  3 -3 -2  2 -1 -1 -5 -4 -3    5   8   5   4   0  10  14   6   2   1   4  17   0   2  12   4   3   0   0   2  0.32 0.29
   38 E   -1  0 -2  1 -3  1  5  0  0 -3 -2 -1  0 -5  1 -1  0 -2 -1 -2    5   6   1   6   1   7  36   6   2   1   4   3   2   0   6   4   7   1   2   2  0.44 0.39
   39 E    1  0 -2  1 -4  2  3 -2 -2 -2  0 -1 -1 -4  1 -1 -1  0 -2 -2   15   6   0   9   0  11  19   3   1   2  11   3   2   0   6   4   4   1   1   1  0.24 0.27
   40 D   -1 -1  1  3 -2  4  2 -2  0 -2 -3 -1 -3 -1  1  0 -2 -5 -4 -1    6   3   7  18   1  18  16   2   2   2   1   3   0   3   7   5   2   0   0   5  0.38 0.34
   41 V   -1  0 -1 -1  5  1 -1 -1 -3 -1  1  1  1 -2 -1  1 -1  0 -1  0    5   4   2   3  13   8   3   4   0   3  14  10   4   1   3  11   3   2   2   5  0.16 0.20
   42 G    1  2 -1  0  0  0  0  1  3 -2  0 -1  0 -1  0  0 -1 -3 -2 -2   14  11   2   5   3   3   5  11   8   2  12   3   2   2   5   5   4   0   0   2  0.10 0.15
   43 F    1 -1 -3 -3 -1  2  0 -1  0  0  1 -1 -2  1  0 -1  0  3  0  0   14   2   0   0   1  14   5   5   3   4  14   2   0   7   5   5   5   5   4   5  0.13 0.20
   44 Q   -1  1  0 -1 -5  6  0 -1  2 -2 -3 -1 -1 -2  0  0 -1 -5 -4 -2    4   6   4   2   0  38   6   4   5   2   2   2   1   2   5   8   4   0   0   3  0.58 0.50
   45 D    1  0  0  3  0  0  0 -1 -3  0 -1 -1 -1 -3  1  0  0  0 -3  0   15   5   3  18   2   4   6   5   0   6   4   2   2   0   6   7   7   2   0   6  0.15 0.18
   46 N    0  1  1  0  3  1  0 -1  2 -3 -1  1 -2 -3  0  0  0  1 -1 -2    9   7   7   5   8   7   6   5   6   0   5   9   0   0   4   6   7   3   3   3  0.14 0.17
   47 L    0 -1 -1 -1  2  1  1 -1  1 -2  1 -1  0  0  1  0  0 -3  1 -1    8   2   2   2   5   7  11   4   4   0  16   3   3   4   7   7   5   0   5   4  0.09 0.15
   48 F   -1 -1 -1  0  3  0 -1 -2  2  0  1 -2  1  4 -1 -1 -1 -2  3 -1    4   3   2   6   6   4   3   2   5   6  14   2   3  19   3   3   3   0   9   4  0.22 0.22
   49 L   -1  0  2 -1 -2  1  0  0 -1  0  2 -1  0 -2 -1  0  0  0 -1  0    3   6  11   1   0   8   8   6   1   2  28   2   2   0   3   6   4   1   3   5  0.08 0.09
   50 E    1  0  0  2 -2  2  3 -1 -1 -3 -1  0 -1 -3  0  0 -1 -4 -3 -2   12   3   2  13   1  13  27   3   1   0   7   3   1   0   3   8   1   0   0   1  0.31 0.17
   51 K   -1  4 -1 -2 -4  1  0 -2  0 -3 -2  3 -2 -2  0  0  1  4 -1 -1    3  26   2   1   0   5   3   1   2   1   3  19   0   1   5   5  12   6   2   5  0.35 0.19
   52 A    4 -3 -4 -4 -3 -2 -3 -2 -4 -1  2 -2  3 -2  1 -1 -1 -4 -3  1   47   0   0   0   0   1   0   1   0   1  23   1   8   1   7   1   2   0   0   7  0.52 0.28
   53 L   -1 -2 -3 -2 -3 -2 -2 -1 -3 -1  3 -2  4  3 -2  0  0  2 -1  1    2   2   0   2   0   0   2   6   0   0  28   1  17  13   2   7   5   3   1   9  0.27 0.18
   54 Q    0  1 -1  0 -3  4  2  0  5 -3 -1  1  0 -3 -2 -1 -2 -4 -2 -2    6   6   0   5   1  26  11   9  16   0   6   6   2   0   1   1   1   0   1   2  0.39 0.22
   55 L   -1 -3 -4 -5 -2 -3 -3 -4 -4  1  4 -4  2 -2 -3 -1  0 -4 -3  2    3   1   0   0   1   0   1   0   0   3  58   0   4   0   0   5   5   0   0  18  0.66 0.29
   56 A    6 -3 -3 -3 -1 -3 -2 -1 -4 -1 -3 -3 -1 -4 -1  1  1 -5 -4 -2   70   1   0   0   1   0   1   3   0   3   0   0   2   0   2   7  10   0   0   1  0.89 0.39
   57 K   -2  3  0  0 -2  2  2 -2  0 -1 -2  3 -2 -4  0  0 -1 -4 -3  0    1  15   2   4   1  11  13   1   2   5   2  23   0   0   4   6   3   0   0   7  0.29 0.17
   58 R   -3  6 -2 -3 -2  3 -1 -2 -1  0 -3  0 -3 -4 -1 -1 -3 -1 -2 -2    1  60   0   1   1  12   1   2   1   6   2   2   0   0   3   4   1   1   1   2  0.94 0.36
   59 H   -1 -2  1 -2 -3  3 -1 -1  6 -3 -2 -2  0 -3 -2  1  3 -4 -1 -3    4   0   7   0   0  14   2   4  24   0   3   0   3   0   1  14  21   0   2   0  0.51 0.26
   60 A    5 -3 -3 -3  2 -2  0 -2 -3 -2  0 -2 -2 -2  0  1 -2 -4 -3  0   57   1   0   0   4   0   5   1   0   0  13   0   0   1   3   8   1   0   0   4  0.55 0.28
   61 N    0  2  3  1  0  1  2 -1  2 -3 -2  0 -2 -3 -2  0 -2 -4 -2 -3    8  13  21   6   2   7  18   3   6   1   5   3   1   1   1   3   1   0   1   1  0.29 0.16
   62 A    6 -3 -3 -2  3 -3 -2 -2 -4 -3 -4 -2 -3 -4 -1  0 -1 -4 -4 -2   77   1   1   2   6   0   2   1   0   0   0   1   0   0   2   3   2   0   0   1  1.07 0.42
   63 L   -3 -4 -5 -5  1 -3 -3 -4 -4  0  6 -3  1 -2 -2 -4 -3 -4 -3 -1    1   0   0   0   3   1   2   1   0   3  81   1   1   0   2   0   1   0   0   2  1.05 0.37
   64 F   -2 -1 -3 -4 -3  1 -3 -3  1 -1  3 -3 -1  6 -2 -3 -2 -2  0 -1    4   3   0   0   0   8   1   1   5   2  30   1   0  38   2   1   2   0   0   2  0.58 0.25
   65 D    0 -1  0  5 -4  3  1 -3  0 -4 -3 -2 -2 -3  0  0 -1 -4 -3 -3    7   2   3  45   0  16   5   1   2   0   2   1   1   1   4   5   3   0   0   1  0.66 0.26
   66 Y   -4 -3 -4 -2 -5 -4 -3 -4  0 -2 -2 -4 -3  2 -3 -4 -4  1  9 -2    0   1   0   2   0   0   1   1   1   2   3   0   0   6   1   0   0   1  75   2  1.83 0.52
   67 A    4 -2 -2 -3  4 -2 -2  1 -3 -2  0 -2 -1 -3 -1  2 -1 -4 -3 -2   42   1   0   0  10   1   1   9   0   1  10   0   1   0   2  18   1   0   0   1  0.46 0.24
   68 V    1 -2  0 -2 -1 -2 -1 -2 -3  1 -1 -2 -1 -3 -1  1  1 -4 -3  4   10   1   6   1   1   1   5   2   0   4   2   0   1   0   2   9   7   0   0  46  0.34 0.21
   69 T   -2 -3 -2 -3 -1  1 -2 -3 -4 -2 -1 -2 -3 -4 -3  1  6 -4 -4 -1    0   0   0   0   1   6   2   2   0   1   6   1   0   0   0   6  70   0   0   3  1.06 0.42
   70 G    2 -3 -1 -3 -3 -2 -2  5 -3 -2 -4 -2 -3 -4  1 -1 -2 -4 -4 -3   20   1   2   0   0   1   2  57   0   2   1   2   0   0   6   2   2   0   0   1  0.89 0.30
   71 D   -3 -3  0  7 -5 -1  0 -3  0 -5 -5 -2 -5 -5 -2 -1 -2 -5 -4 -4    2   0   3  78   0   1   2   0   3   0   1   1   0   0   2   2   1   0   0   1  1.55 0.45
   72 V    1 -3 -3 -3 -2 -3 -3 -3 -4  3 -1 -3 -1 -3  2  0  0 -4 -2  4   15   1   0   0   0   1   1   1   0  17   2   0   0   0  11   7   5   0   1  38  0.45 0.23
   73 K    0  5 -2 -3 -2  0  0 -2 -1 -3 -3  3 -3 -4 -2 -1 -2 -4 -2 -1    6  44   0   0   1   3   5   2   1   1   0  23   0   0   1   4   1   0   1   6  0.68 0.28
   74 M    0 -1 -3 -3  0  1 -2 -3  2 -1  0 -1  6 -1 -2 -1  0 -2  3  0    9   2   0   1   2   6   2   1   6   2   7   3  31   0   2   3   4   0  12   7  0.38 0.24
   75 L   -2 -4 -4 -4 -2 -4 -4 -4 -2  0  6 -4  0 -2 -5 -4 -3 -4 -3 -1    3   1   1   1   0   0   1   1   1   2  87   0   0   0   0   1   0   0   0   0  1.23 0.43
   76 L   -3 -4 -4 -5 -3 -3 -4 -5 -5 -1  6 -3  0 -2 -4 -2 -2 -4 -3 -1    0   0   1   0   0   1   1   1   0   1  87   2   0   0   1   4   1   0   0   1  1.22 0.42
   77 A    5 -3 -3 -3 -3 -1 -1 -2 -3 -2 -1 -2  0 -3 -1  0 -1 -4 -3  0   68   1   0   1   0   2   3   1   0   2   6   1   2   1   2   2   3   0   0   4  0.72 0.33
   78 V    0 -2 -2 -2 -3  0  0  1  0  0  0 -2  0 -3  2 -2  0 -4 -3  3    6   1   0   1   0   4   8  12   3   1   7   1   2   0  11   1   6   0   0  35  0.23 0.17
   79 Q   -3 -1 -1 -3 -5  8  0 -3  1 -5 -4  0  0 -5 -3 -3 -3 -4 -1 -4    1   1   2   0   0  75   4   2   3   0   1   3   2   0   1   0   0   0   2   1  1.54 0.52
   80 R   -3  7 -3 -3  1 -1  1 -2  1 -1 -1 -1 -3 -4 -3 -3 -3 -5 -4 -4    1  65   0   0   4   1   9   2   4   4   6   0   0   0   1   0   1   0   0   0  1.10 0.41
   81 H   -2 -3  0 -2 -5  0  0 -3  9 -5 -4 -3 -4 -3  2  0 -3 -4  2 -3    2   0   4   2   0   3   5   1  54   0   1   0   0   0  11   9   0   0   6   2  1.31 0.43
   82 L   -1 -4 -3 -5 -2 -4 -5 -5 -5  0  6 -4  0 -2 -3 -3 -2  3 -3 -1    6   0   1   1   1   0   0   0   0   2  79   0   0   0   1   1   1   4   0   1  1.08 0.39
   83 T    1 -1 -3 -4  3 -2 -3 -3 -2 -1  3 -2  3 -2 -2 -2  3 -4 -2  0   16   4   0   0   8   1   1   0   1   2  30   1  10   0   1   0  22   0   0   3  0.39 0.23
   84 A    4 -1 -2 -2 -1 -2 -2  1 -3 -3 -3 -2 -2 -3 -3  1  4 -4 -4 -1   36   3   0   2   1   1   1   8   0   0   1   1   0   1   0   7  36   0   0   3  0.60 0.31
   85 V    2 -1 -3 -4 -1 -3 -3 -3 -1  1  0 -3 -1 -1 -3  0  0 -3  2  4   20   3   1   0   1   0   1   0   1   6   5   0   0   2   0   7   7   0   8  39  0.37 0.23
   86 Q   -3  1 -3 -3 -3  7 -1 -5 -3  1 -2 -2 -3 -5 -2 -2 -3 -5 -4  0    1   7   0   0   1  65   1   0   0  11   3   0   0   0   1   2   0   0   0   7  1.24 0.49
   87 D   -4 -4  1  7 -5 -3 -2 -4 -4 -5 -6 -3 -5 -6 -3  1  2 -6 -5 -5    0   0   5  68   0   0   0   0   0   0   0   0   0   0   0  10  15   0   0   0  1.50 0.50
   88 E   -2 -1  0  2 -1  0  7 -4 -3 -6 -5 -1 -5 -6 -4 -3 -2 -6 -5 -4    2   3   4   9   2   2  74   1   0   0   0   2   0   0   0   0   2   0   0   0  1.39 0.49
   89 N   -3 -3  7  5 -5 -1  0 -3 -1 -6 -6 -3 -5 -5 -4 -1 -1 -6 -4 -5    1   0  51  34   0   3   4   0   1   0   0   0   0   0   0   3   2   0   0   0  1.38 0.47
   90 G   -3 -5 -3 -4 -6 -5 -5  7 -5 -7 -7 -4 -6 -6 -2 -3 -5 -6 -6 -6    0   0   0   0   0   0   0  97   0   0   0   0   0   0   2   0   0   0   0   0  2.25 0.61
   91 D   -5 -4  0  8 -7 -3 -2 -3 -4 -6 -7 -4 -6 -7 -5 -3 -4 -7 -5 -6    0   1   2  95   0   0   0   1   0   0   0   0   0   0   0   0   0   0   0   0  2.40 0.67
   92 S   -2 -3  2 -3 -3 -3 -3 -4 -4 -2 -3 -3 -3 -4 -3  2  7 -5 -4 -3    0   0  11   0   0   0   0   0   0   1   2   0   0   1   1  15  69   0   0   0  1.29 0.51
   93 V    1 -4 -4 -4  0 -3 -4  0 -4  1  1 -3 -2 -1  5 -2 -2 -4 -1  2   11   0   0   0   2   0   0   9   0   6  17   0   0   3  30   1   0   0   2  20  0.57 0.25
   94 L   -4 -4 -5 -6 -4 -4 -5 -6 -5  0  6 -5  0 -1 -5 -5 -3  1 -3  1    0   0   0   0   0   0   0   0   0   1  85   0   0   1   0   0   0   2   0   8  1.34 0.45
   95 H   -5 -3 -3 -4 -6 -3 -3 -5 11 -6 -6 -4 -5 -4 -4 -4 -5 -5 -2 -6    0   1   0   0   0   0   0   0  95   0   0   0   0   0   1   0   0   0   0   0  3.28 0.79
   96 L   -3 -4 -5 -5 -3 -4 -5 -5 -5  1  6 -3  0 -2 -5 -4  0 -4 -3 -1    1   0   0   0   0   0   0   0   0   6  81   1   0   1   0   1   5   0   0   2  1.17 0.41
   97 A    7 -4 -4 -4 -1 -3 -3 -1 -4 -4 -4 -3 -4 -5 -3  0 -3 -5 -4 -2   88   0   0   0   1   0   0   3   0   0   0   0   0   0   0   4   0   0   0   1  1.50 0.52
   98 I   -2 -5 -5 -5 -3 -5 -5 -5 -5  7 -1 -5 -1 -3 -5 -4 -3 -5 -4  4    2   0   0   0   0   0   0   0   0  66   1   0   0   0   0   0   0   0   0  28  1.41 0.45
   99 I   -4 -5 -5 -5 -4 -5 -5 -6 -5  7  0 -5 -1 -2 -5 -2 -3 -5 -4  1    0   0   0   0   0   0   0   0   0  84   4   0   0   1   0   3   1   0   0   5  1.62 0.50
  100 H   -4 -3  2 -4 -6  0 -2 -5 10 -6 -6 -3 -4 -4 -5 -3 -4 -5 -2 -6    1   0   9   0   0   4   1   0  81   0   0   1   0   0   0   1   0   0   0   0  2.59 0.68
  101 L   -2 -2  0 -1  2  1  3  2  0 -3  1  0 -2 -3 -3  0 -1 -4 -3 -3    1   0   3   2   5   8  27  17   3   0  18   5   0   1   0   8   2   0   0   0  0.29 0.20
  102 H    1 -1  0  0 -4  6  1 -3  6 -3 -4 -1 -1 -3 -3 -2 -2 -4 -2 -2   14   2   5   5   0  38   6   0  19   1   0   2   1   1   0   1   1   0   1   3  0.76 0.34
  103 A    1 -2 -2 -2 -3  0 -1 -3 -2 -1  0 -1  1 -3  3  1  4 -4 -1 -1   10   1   1   1   0   5   4   1   1   3   8   3   5   0  15   7  31   0   2   3  0.34 0.20
  104 Q    2 -1 -1  2 -3  2  3 -1  0 -3 -3 -1 -2 -2 -1  1 -1 -4 -2 -2   22   1   1  14   0  11  21   2   2   1   2   2   0   2   2  11   3   0   1   3  0.31 0.18
  105 L    1 -3 -4 -4  0 -2 -3 -4  0  2  2 -3  0  0 -4 -2 -2 -3 -1  4   13   1   0   0   2   1   0   0   3   8  21   0   2   3   0   1   1   0   2  41  0.47 0.23
  106 V    2 -4 -4 -4 -1 -3 -4 -3 -4  3  1 -3 -1  0 -3 -2 -1 -4 -3  4   19   0   0   0   1   0   0   0   0  22  14   0   0   3   0   2   3   0   0  33  0.50 0.24
  107 R   -2  3  0 -2 -1  2  2 -3  2 -2  0  3  0  0 -2 -1 -2 -3 -1 -2    1  15   4   1   2  12  12   1   7   1  12  21   2   4   1   3   1   0   2   1  0.29 0.17
  108 D   -2 -1  2  2  4  5  0 -3 -1 -3 -3  1 -2 -2 -3  1 -2 -4 -2 -3    2   1  12  11   9  34   4   1   1   1   1   8   1   2   0  11   1   0   1   0  0.57 0.28
  109 L   -3 -4 -4 -5  3 -3 -4 -5 -4  2  5 -4  3 -1 -4 -4 -3 -3 -3 -1    1   0   0   0   7   1   0   1   0  11  64   0   8   2   0   1   0   0   0   2  0.90 0.33
  110 L    1 -4 -4 -4 -3 -3 -4 -4 -3  4  4 -4  0 -2 -4 -3  0 -4 -3  1   12   0   0   0   0   0   0   0   1  32  38   0   0   0   0   1   5   0   0   9  0.63 0.26
  111 E   -2  0 -1  2 -4  4  3 -3  4 -3 -3  1 -2 -3 -2 -1 -2 -3  0 -3    2   3   1  10   0  22  25   1  14   1   3   8   0   1   1   4   1   0   2   1  0.55 0.23
  112 V    0 -3 -3 -3 -1 -2 -3 -3 -3  2  1 -3  0 -1 -3 -2  0 -3 -2  5    7   1   1   1   1   1   1   1   0   8  15   1   2   2   1   1   7   0   1  49  0.50 0.22
  113 T   -1 -2 -2 -3  2 -2 -2 -3 -2  3  2 -2  2 -1 -2 -1  1 -2 -2  1    5   1   1   1   6   1   1   2   1  27  17   1   8   1   1   3  11   0   1   9  0.25 0.13
  114 S    0 -1 -1 -1 -1  0  0 -1  0  0  0  0 -1  0  1  1  0 -2  1  1    9   2   2   2   1   4   5   2   3   7  12   5   1   3   6  17   2   0   6  11  0.05 0.05
  115 G    1  0  0  1 -2  0 -1  2  2 -2 -2  0 -2 -3 -2  2  1 -3 -1 -2   17   4   4   7   0   4   1  14   8   1   3   5   0   1   1  17  11   0   1   2  0.19 0.11
  116 S    0 -2 -3 -2 -1  0 -2 -3 -1  3  3 -2  1  0 -2  0 -1 -3 -2  1    9   1   1   2   1   4   2   1   2  19  33   1   4   2   1   9   2   0   0   5  0.23 0.14
  117 I   -2  0  2 -3  0  2 -2 -3  1  0  1 -2 -1  0  5 -2 -2 -2 -2 -1    1   5  10   0   2  10   1   0   4   6  14   1   1   5  32   1   1   0   0   5  0.51 0.23
  118 S    0 -2  2  0  2  1 -1  1  3 -3 -3 -1 -3 -3  4  1 -1 -3  0 -3    7   1  13   5   5   8   1   9   7   1   1   1   0   0  21  12   1   0   4   1  0.39 0.19
  119 D   -1  1  1  2 -4  4  2 -2  3 -3  0  1 -2 -3 -2 -1 -1 -4 -2 -2    4   9   5  11   0  24  10   1   7   0  10   9   0   0   1   3   3   0   0   2  0.32 0.18
  120 D   -1  0  1  3 -4  2  3  1 -1 -3 -3  0 -3 -4  1 -1 -2 -1 -2 -3    4   6   6  22   0   8  22  10   1   1   1   5   0   0   7   3   1   1   1   0  0.40 0.19
  121 I   -2 -4 -3 -4 -3 -3 -4 -2 -3  4  1 -3  0  2 -4 -3 -2 -3 -1  4    2   0   1   1   0   1   0   3   1  31   8   2   2  11   0   1   1   0   1  35  0.59 0.26
  122 I   -3 -4 -5 -5 -3 -4 -5 -5 -5  4  4 -4  0 -1 -4 -3 -3 -4 -3  3    1   0   0   0   0   0   0   0   0  26  50   0   0   1   0   1   0   0   0  19  0.89 0.33
  123 N   -4 -3  7  4 -5 -3  0 -3 -2 -6 -6 -3 -5 -5 -4 -1 -3 -6 -5 -5    0   0  66  23   0   0   6   0   0   0   0   1   0   0   0   2   0   0   0   0  1.65 0.52
  124 M    0 -1 -3 -4 -1  0 -2 -4 -3  4  1 -1  5 -1 -3 -2  0 -3 -3  1    8   2   0   0   1   5   1   0   0  28  12   4  20   2   0   2   5   0   0   9  0.40 0.22
  125 R   -1  4 -2 -3 -1  4 -1 -4 -1 -3 -1 -1 -2 -1 -2  0  1 -3  2 -2    5  25   0   0   1  28   0   0   1   0   7   1   0   2   2   6  11   0   9   2  0.50 0.28
  126 N   -4 -4  9 -1 -6 -3 -3 -4 -3 -6 -6 -3 -5 -6 -5 -3 -3 -6 -5 -6    1   0  95   1   0   0   0   0   0   0   0   0   0   0   0   0   0   0   0   0  2.50 0.70
  127 D   -4 -2  5  4 -5 -2 -2 -3  7 -5 -3 -2 -4  0 -2 -2 -3 -5 -1 -5    0   2  33  23   0   0   0   1  27   0   2   2   0   4   2   2   0   0   1   0  1.06 0.39
  128 L   -2 -2 -5 -5 -4  2 -3 -5 -3 -1  6 -4 -1 -1 -5 -4 -3 -4 -3 -2    3   2   0   0   0  10   1   0   1   1  79   0   0   1   0   0   1   0   0   0  1.10 0.42
  129 Y   -3  3 -2 -4 -4  2 -2 -2  4 -4 -2  0 -3  1 -3 -1 -3 -2  6 -4    0  20   1   0   0  12   0   3  10   0   4   5   0   6   1   4   0   0  34   0  0.78 0.33
  130 Q   -4 -2 -3 -3 -6  9  0 -5 -3 -6 -4 -2 -4 -6 -4 -3 -4 -5 -5 -5    0   0   0   0   0  93   3   0   0   0   1   0   0   0   0   0   0   0   0   0  2.42 0.73
  131 T   -2 -4 -3 -4 -4 -3 -4 -4 -4 -4 -4 -3 -3 -5 -4  0  7 -5 -4 -2    2   0   0   0   0   0   0   1   0   0   0   0   0   0   0   5  88   0   0   1  1.81 0.60
  132 P    2 -5 -4 -4 -5 -4 -4 -4 -5 -5 -4 -4 -5 -6  8 -3 -4 -6 -5 -4   16   0   0   0   0   0   0   0   0   0   1   0   0   0  78   1   0   0   0   0  2.24 0.59
  133 L   -3 -5 -6 -6 -4 -5 -6 -6 -6 -1  6 -5  0 -2 -6 -5 -4 -4 -4 -1    1   0   0   0   0   0   0   0   0   0  96   0   1   0   0   0   0   0   0   1  1.70 0.54
  134 H   -5 -4 -3 -5 -7 -1 -4 -6 11 -7 -6 -4 -2 -5 -6 -4 -5 -6 -2 -7    0   0   0   0   0   2   0   0  95   0   0   0   1   0   0   1   0   0   0   0  3.37 0.84
  135 L   -4 -5 -6 -6 -4 -1 -5 -6 -5  0  6 -5  1 -2 -5 -5 -4 -4 -4 -2    0   0   0   0   0   3   0   0   0   2  92   0   2   0   0   0   0   0   0   1  1.56 0.51
  136 A    7 -4 -4 -5 -3 -4 -4  0 -5 -4 -4 -4 -4 -5 -4 -1 -3 -5 -5 -3   92   0   0   0   0   0   0   5   0   0   0   0   0   0   0   2   0   0   0   0  1.66 0.57
  137 V   -3 -5 -5 -6 -4 -5 -5 -6 -6  0 -2 -5 -1 -4 -5 -4  1 -6 -4  7    0   0   0   0   0   0   0   0   0   2   0   0   1   0   0   0   8   0   0  89  1.71 0.57
  138 I   -4 -2 -5 -6 -4 -5 -5 -6  2  7  1 -5  0 -1 -5 -5 -3 -4  3  1    0   3   0   0   0   0   0   0   5  65   8   0   2   1   0   0   0   0  12   4  1.17 0.43
  139 T   -3 -4 -3 -4 -4 -4 -4 -2  1 -3  1 -4  0 -4 -4 -1  7 -5 -4 -3    0   0   0   0   0   0   0   3   4   0  17   0   3   0   0   2  72   0   0   0  1.30 0.52
  140 K   -2  2  2  1 -2  3  2  1  0 -5 -3  3 -3 -5 -3  0 -2 -5 -4 -4    0  10  10   9   1  13  15  11   2   0   1  24   0   0   0   4   0   0   0   0  0.48 0.23
  141 Q   -4 -2 -2 -4 -6  8  0 -5 -2 -6 -1 -2 -4 -6 -5 -2 -4 -5 -5 -5    0   0   2   0   0  87   3   0   1   0   6   0   0   0   0   2   0   0   0   0  2.12 0.70
  142 E    1 -2 -2 -2 -3 -2  0 -3  1 -3 -3  0 -2 -3  5  0  2 -5 -3 -1   15   1   0   1   0   0   8   0   4   0   2   5   1   1  35   6  16   0   1   6  0.67 0.28
  143 D   -1  1  1  3 -4  2  2  0  1 -3 -3  1 -3 -4 -1  1 -1 -4 -2 -3    4   8   6  20   0  10  14   7   3   2   2  11   0   0   2   9   1   0   1   0  0.30 0.15
  144 V    2 -4 -5 -5 -1 -4 -4 -4 -5  2  1 -4  3 -3 -4 -3 -1 -5 -3  5   17   0   0   0   1   0   0   0   0   7   8   0  10   0   0   0   2   0   0  54  0.83 0.35
  145 V   -1 -5 -6 -6 -4 -5 -5 -6 -6  1 -1 -5 -1 -4 -5 -4 -2 -6 -4  7    5   0   0   0   0   0   0   0   0   3   3   0   0   0   0   0   1   0   0  87  1.60 0.54
  146 E   -2  3 -2  2 -5  3  5 -2 -2 -3 -4  1 -3 -5 -3  1 -2 -5 -3 -4    1  14   0  12   0  14  38   2   0   2   0   6   0   0   0   9   1   0   1   0  0.69 0.30
  147 D    2  1 -2  2  0 -2 -1 -2 -2 -1  0 -1  0  2 -3  0 -2 -3 -1  0   27  10   0  14   2   1   2   2   1   1  11   1   3  13   0   4   1   0   1   7  0.17 0.16
  148 L   -4 -5 -6 -7 -4 -5 -6 -7 -6 -1  6 -5 -1  0 -6 -5 -4 -4 -4 -2    0   0   0   0   0   0   0   0   0   1  95   0   0   3   0   0   0   0   0   0  1.69 0.54
  149 L   -2 -4 -5 -6 -3 -4 -5 -6 -5  1  5 -4  2 -2 -5 -4 -2 -4 -3  2    3   0   0   0   0   0   0   0   0   5  72   1   5   0   0   0   1   0   0  13  1.07 0.39
  150 R   -1  3  0 -2 -1  3  1  0  2 -3  0  3 -1 -4 -3 -2 -2 -2 -3 -2    4  20   3   0   2  17   7   6   5   0  10  21   1   0   0   1   1   0   0   2  0.39 0.22
  151 V    5 -2 -2 -4  0 -2 -2 -3 -2 -2 -3  2  1 -4 -3  0 -2 -5 -4  2   55   1   2   0   2   0   1   0   1   0   0  14   4   0   0   3   0   0   0  16  0.67 0.35
  152 G   -3  0 -2 -4 -5 -2 -3  7 -1 -7 -7 -3 -5 -6 -5 -3 -4 -5 -6 -6    0   5   1   0   0   1   1  89   1   0   0   1   0   0   0   0   0   0   0   0  1.93 0.55
  153 A    6 -4 -4 -4  4 -4 -1 -2 -4 -3 -3 -4 -3 -5 -4 -2 -3 -5 -4  1   77   0   0   0   9   0   3   1   0   0   1   0   0   0   0   0   0   0   0   8  1.26 0.49
  154 D   -4 -4  3  7 -3 -3 -1 -3 -3 -6 -6 -3 -6 -6 -4  1 -3 -7 -6 -6    0   0  12  75   1   0   1   0   0   0   0   0   0   0   0  11   0   0   0   0  1.74 0.54
  155 L   -2 -1 -5 -5 -5 -3 -4 -5 -5 -2  1 -4 -2 -4  7 -3 -2 -6 -5  2    2   4   0   0   0   0   0   0   0   1  17   0   1   0  57   1   2   0   0  14  1.38 0.45
  156 S    1  0  2 -1 -2 -1  0  0 -2 -2 -1 -1 -2 -3 -3  2  3 -2 -2 -1   12   5   9   1   0   1   7   7   0   1   6   1   1   0   0  22  26   0   1   3  0.30 0.21
  157 L   -2 -4 -5 -6 -1 -4 -5 -6 -4  1  5 -4  2 -2 -5 -4 -3 -4 -3  1    3   0   0   0   1   0   0   0   0   6  75   1   5   0   0   0   1   0   0   7  1.09 0.40
  158 L   -1  0 -4 -4 -1  3 -3 -4 -3 -1  4 -3 -1 -2 -2 -2  0 -4 -3  1    6   5   0   0   1  18   0   0   0   0  49   0   0   0   2   2   7   0   0  10  0.50 0.29
  159 D   -5 -5  0  8 -7 -3 -1 -5 -4 -6 -7 -4 -6 -7 -5 -3 -4 -8 -6 -5    0   0   3  95   0   0   1   0   0   0   0   0   0   0   0   0   0   0   0   1  2.43 0.68
  160 R   -2  7 -1  1 -4  2 -2 -5  0 -5 -4  0 -4 -4 -4 -2 -4 -5 -4 -5    3  68   2   8   0   8   1   0   2   0   1   3   0   1   0   1   0   0   0   0  1.33 0.47
  161 W   -3 -1  3  2 -3 -1  0 -3  7 -4 -1 -2 -3 -2 -4  1 -3  1  3 -4    0   2  13  11   0   2   5   1  36   0   6   1   0   0   0  10   0   2  10   0  0.82 0.34
  162 G   -3 -5 -3 -4 -6 -5 -5  7 -5 -7 -7 -5 -6 -6 -5 -3 -5 -5  0 -6    0   0   0   0   0   0   0  97   0   0   0   0   0   0   0   0   0   0   3   0  2.27 0.62
  163 N   -4  1  7  4 -6  2 -2 -4 -2 -6 -6 -1 -5 -6 -5 -2 -3 -6 -5 -6    0   6  64  19   0   8   0   0   0   0   0   2   0   0   0   0   0   0   0   0  1.55 0.52
  164 S   -2 -4 -2 -3 -4 -3 -3 -4 -1 -4 -5 -3 -4 -5 -4  5  6 -6 -4 -3    0   0   1   0   0   0   0   0   1   0   0   0   0   0   0  42  56   0   0   0  1.41 0.54
  165 V    4 -4 -4 -4 -2 -3 -4 -3 -4 -1 -1 -3 -3 -4  4 -1 -2 -5 -4  3   46   0   0   0   0   0   0   0   0   1   6   0   0   0  24   1   0   0   0  21  0.87 0.37
  166 L   -1 -5 -6 -6 -4 -4 -5 -6 -5  1  5 -5  2  0 -5 -4 -3 -4 -3  1    4   0   0   0   0   0   0   0   0   4  76   0   4   3   0   0   1   0   0   9  1.11 0.40
  167 H   -5 -4 -3 -5 -7 -3 -4 -6 11 -7 -7 -4 -5 -5 -6 -5 -6 -6 -2 -7    0   0   0   0   0   0   0   0 100   0   0   0   0   0   0   0   0   0   0   0  3.64 0.88
  168 L   -3 -5 -6 -6  0 -5 -5 -6 -5  2  5 -4  1 -2 -5 -5 -3 -4 -3  2    0   0   0   0   2   0   0   0   0   9  74   0   2   0   0   0   0   0   0  12  1.16 0.41
  169 A    7 -5 -5 -5  2 -4 -4 -2 -5 -4 -5 -4 -4 -5 -4 -2 -3 -6 -5 -3   95   0   0   0   4   0   0   1   0   0   0   0   0   0   0   0   0   0   0   0  1.79 0.61
  170 A    3 -5 -4 -5  8 -4 -4 -4 -5 -1  1 -4 -2 -4 -4 -1 -1 -5 -4  1   33   0   0   0  35   0   0   0   0   1  16   0   0   0   0   2   4   0   0   8  1.07 0.39
  171 K   -2  3 -2 -2 -5  4  3 -4  2 -1 -1  3 -1 -4 -3 -2 -1 -4 -3 -3    1  14   0   0   0  24  18   0   4   5   7  20   1   0   0   1   4   0   0   0  0.54 0.27
  172 E    2  1 -1 -2 -3  3  2 -2  3 -3 -1  0  1 -2 -3 -1 -1 -3  2 -2   23   9   3   0   0  17  12   1  10   1   5   5   4   1   0   1   2   0   7   1  0.30 0.20
  173 G   -2 -3 -2  0 -5  3  0  6 -4 -6 -4 -1 -4 -5 -4 -2 -1 -5 -5 -5    0   1   1   5   0  13   4  67   0   0   1   3   0   0   0   1   3   0   0   0  1.19 0.41
  174 H    0 -1  2  4 -1  2  0 -1  4 -4 -2 -2 -2 -2 -3  2 -2 -2 -2 -4    8   3   8  28   2   9   3   3  11   0   4   0   1   1   0  18   0   1   0   0  0.42 0.23
  175 D   -1 -1 -1  3 -2 -1  3 -1  0 -1  1 -1  0 -3  2 -1  0 -2 -3 -1    5   3   1  18   1   1  21   4   3   3  20   1   2   0   9   1   4   0   0   2  0.24 0.17
  176 K    1  0  0  2 -3  2  2  1 -1 -2 -3  1 -2 -4 -2  0  0 -4 -3 -1   15   4   2  11   0   9  19  12   1   1   0  11   0   0   0   4   5   0   0   5  0.26 0.15
  177 I   -2 -5 -4 -5  8 -4 -5 -1 -5  2  1 -4  4 -3 -5 -2  0 -4 -4  1    2   0   0   0  38   0   0   6   0  14  11   0  14   0   0   3   6   0   0   7  1.01 0.37
  178 L    1 -1 -5 -5 -3 -4 -4 -5 -4  0  5 -4  0  2 -4 -3 -3 -4 -2  1   15   3   0   0   0   0   0   0   0   2  60   0   0   8   0   0   0   0   0  11  0.74 0.32
  179 G   -1  4  1 -2 -1  2  0  1 -2 -4 -4  1 -3 -4 -3  3  0 -4 -4 -3    4  28   6   0   1   9   5   9   0   0   0   7   0   0   0  25   3   0   0   1  0.49 0.25
  180 V    1 -1 -3 -3  2  0  0 -3 -3  1  1 -2  1  0 -2 -1  0 -3 -2  3   13   2   0   0   5   4   7   1   0   9  15   0   4   4   2   1   7   0   0  24  0.19 0.14
  181 L   -4 -5 -6 -6 -4 -5 -5 -6 -5  2  6 -5  3 -2 -5 -5 -3 -4 -4  0    0   0   0   0   0   0   0   0   0  10  79   0   7   0   0   0   0   0   0   3  1.32 0.45
  182 L   -4 -5 -5 -6 -4 -4 -5 -6 -4  0  6 -5  0 -2 -5 -4  2 -4 -4  0    0   0   0   0   0   0   0   0   0   2  79   0   0   0   0   0  14   0   0   4  1.22 0.45
  183 K    1  3  0 -1  2  4 -1 -1  1 -4 -3  3 -3 -4 -3  0 -1 -3 -3 -3   12  21   3   2   4  21   2   4   3   0   1  18   0   0   0   6   3   0   0   0  0.44 0.24
  184 N   -3  0  1  0  0 -1 -1  1  7 -4 -3 -2 -2 -2 -1  1 -1 -4  2 -3    0   5   7   4   3   2   2  12  36   1   1   1   1   1   3  10   2   0   8   2  0.66 0.30
  185 S   -1  2 -2 -1  2  2  1  0 -1 -2 -2  2 -2 -4  2  2 -1 -4 -3 -3    2  11   0   2   5  11  10   7   1   2   4  14   0   0  12  16   3   0   0   0  0.29 0.18
  186 K    1  2  0 -1 -2  1  1  0  0 -3 -2  2  0 -4  0  1  0 -4 -3 -2   17  11   2   2   0   7   8   6   2   0   1  17   4   0   4  12   4   0   0   2  0.21 0.14
  187 A    2 -1 -2 -3 -3 -1 -2 -3  4  0  0 -2 -1 -2  4  0  0 -3  1  0   19   4   1   0   0   2   0   0  14   5  10   0   2   1  20   5   4   0   6   8  0.34 0.20
  188 A    2  0 -1 -3 -2 -1 -2  0  3 -2 -1 -1 -2 -1  3  2  0 -4 -1 -2   20   5   1   0   0   2   0   5   9   1   5   2   0   3  15  21   6   0   2   2  0.30 0.19
  189 L   -2 -2 -1 -1 -2  3  0 -3  3 -3  1 -1  1 -3  4  0  0 -3  1 -2    1   0   2   2   1  18   5   1   8   0  14   2   5   0  21   6   5   0   6   2  0.39 0.22
  190 L   -1 -4 -3  1  2 -3  0 -4 -3  2  4 -3  3 -2 -4 -2 -1 -4 -3  0    3   0   0  11   4   0   6   0   0  12  45   0   8   0   0   2   2   0   0   6  0.45 0.24
  191 I   -1 -3 -5 -5 -3 -4 -5 -5 -5  3  5 -4  2 -2 -5 -4 -2 -4 -3  2    4   1   0   0   0   0   0   0   0  14  60   1   3   0   0   0   1   0   0  16  0.86 0.33
  192 N   -1  0  4  3 -2  3  2 -3  3 -4 -3 -1 -3 -4 -3  0  0 -5 -3 -3    3   3  22  19   1  15  12   0   8   0   3   1   0   0   0   6   5   0   0   1  0.52 0.25
  193 H   -1 -2 -2 -2 -2 -1 -1 -4  2  1  3 -2  4  1 -2 -1  1  0 -1  0    4   0   0   2   1   3   3   0   6   8  29   1  17   5   1   3  12   1   1   2  0.25 0.18
  194 P   -1  1 -3 -3 -1  3 -1 -4 -2 -4 -2  0 -3 -3  6  0 -1 -4  0 -4    4   6   0   0   1  17   2   0   1   1   3   5   0   1  46   5   4   0   3   0  0.98 0.34
  195 N   -4 -3  8  4 -5 -3 -2 -3 -2 -5 -6 -3 -5 -5 -4 -2 -2 -6 -5 -4    0   0  76  20   0   0   0   0   0   0   0   0   0   0   0   1   1   0   0   1  1.81 0.54
  196 G   -2 -4 -1 -4 -4 -4 -4  2 -2 -3 -3 -4 -3  4 -5 -3 -1  7  6 -3    2   0   3   0   0   0   0  18   0   1   1   0   0  22   0   1   5  14  31   0  1.03 0.36
  197 E    0  0  0  3 -4  3  4 -3  4 -4 -3 -1 -3 -3 -3  1 -2 -4 -2 -4    8   5   4  17   0  12  29   0  10   0   1   1   0   0   0   9   1   0   0   0  0.53 0.24
  198 G   -2 -4 -3 -4 -5 -4 -4  7 -4 -5 -5 -4 -5 -5 -4 -3 -4 -5 -5 -2    0   0   0   0   0   0   0  91   0   0   0   0   0   0   0   0   0   0   0   4  1.88 0.50
  199 L   -1 -3 -4 -4 -2 -1 -2 -4  3  0  5 -3  1  2 -4 -3 -2 -3 -1  0    6   0   0   0   0   3   2   0   8   1  63   0   2   8   0   0   1   0   1   4  0.64 0.28
  200 N    2 -2  3 -2  3 -1 -2 -1  1 -3 -1 -2 -2 -1 -3  1  2 -2  3 -2   18   0  16   0   6   2   0   3   3   0   6   1   0   2   0  12  16   0  14   0  0.30 0.20
  201 A    2 -5 -4 -4  7 -4 -4 -4 -5 -4 -4 -4 -4 -5  6  0 -2 -5 -5 -1   19   0   0   0  30   0   0   0   0   0   0   0   0   0  41   5   1   0   0   3  1.48 0.46
  202 I   -2 -1 -5 -5 -3 -4 -5 -5 -5  3  4 -4  0 -1 -5 -4 -3 -4 -3  3    1   4   0   0   0   0   0   0   0  17  51   0   0   1   0   0   0   0   0  26  0.80 0.31
  203 H   -5 -4 -3  0 -6 -3 -1 -5 11 -7 -6 -4 -5 -5 -5 -4 -5 -6 -2 -7    0   0   0   5   0   0   4   0  92   0   0   0   0   0   0   0   0   0   0   0  3.00 0.76
  204 I   -3 -4 -5 -5 -3 -4 -1 -5 -4  3  5 -4  2 -2 -5 -1 -2 -1 -3  0    0   0   0   0   0   0   4   0   0  17  65   0   5   0   0   5   1   1   0   3  0.84 0.33
  205 A    6 -4 -4 -4 -3 -3 -3 -1 -4 -3 -4 -3 -3 -5  0  1 -2 -5 -4  0   80   0   0   0   0   0   0   3   0   0   0   0   0   0   4   8   0   0   0   5  1.20 0.46
  206 V    1 -4 -4 -4 -3 -3 -4 -4 -4  1 -2 -3  0 -3  0  0  2 -5 -3  5   14   0   0   0   0   0   0   0   0   3   0   0   2   0   4   8  16   0   0  53  0.67 0.33
  207 M   -2  2 -3 -3 -2  0 -2 -4 -1  2  2  1  3  1 -1 -2 -1 -3 -2  0    1  15   0   0   0   5   0   0   1  17  26  12   9   6   3   1   2   0   0   2  0.26 0.18
  208 S    3  1  2 -2  1  1 -1 -2  2 -3 -3  1 -2 -3 -2  2 -1 -3 -1 -2   29   8  13   0   4   8   0   1   7   0   2   9   1   0   0  14   1   0   2   1  0.30 0.19
  209 N   -2  3  3  0 -4 -1 -2  4 -2 -4 -3  1 -3 -4 -3 -1 -1 -4 -3 -4    1  20  19   5   0   2   0  33   0   0   3  10   0   0   0   2   3   0   1   0  0.55 0.24
  210 S   -2 -1  3  1 -2  2 -1  0  3 -4 -4 -1 -3 -1 -3  3 -1 -3  2 -3    0   3  17   6   1   9   0   7   8   0   0   1   0   3   0  33   2   0   7   0  0.43 0.24
  211 L   -1 -1 -3 -2 -1  1  1 -3  2  1  3  0  2 -2  2 -2 -2 -3 -2  0    4   3   0   1   1   6  11   0   6   6  35   4   7   0  11   1   1   0   0   3  0.24 0.16
  212 S    0  2  0  1 -1  1  2  0  0 -3 -3  0 -2 -3  2  2 -1 -4 -3 -3    7  12   3  10   1   8  12   5   3   0   2   4   0   1  13  18   2   0   0   0  0.29 0.14
  213 C   -1 -4 -4 -5  8 -4 -4 -4 -4  1  2 -4  2 -3 -1  0 -2 -4 -3  0    4   0   0   0  43   0   0   1   0   7  23   0   6   0   3   6   0   0   0   4  1.05 0.35
  214 L   -1 -4 -4 -5 -3 -3 -4 -4 -4  1  4 -4  5 -1 -4 -3 -2 -3 -3  3    4   0   0   0   0   0   0   0   0   2  50   0  17   1   0   1   1   0   0  21  0.74 0.30
  215 Q   -2  4 -1  2 -4  0  2 -2 -2 -4 -1  3 -3 -4 -3 -1 -2  1 -3 -3    1  24   1  13   0   1  18   2   0   0   6  23   0   0   0   4   1   3   0   1  0.48 0.23
  216 L   -1 -2  0 -2 -2  0 -1 -4 -2  1  4 -2  3 -2 -3  0 -2 -3 -3  0    4   1   5   1   0   5   5   0   0   5  54   0   7   0   0   7   1   0   0   2  0.41 0.23
  217 L   -2 -4 -5 -5 -3 -4 -5 -5 -5  0  6 -4  0 -2 -5 -4 -3 -4 -3 -1    3   0   0   0   0   0   0   0   0   2  90   0   1   0   0   0   0   0   0   1  1.34 0.44
  218 V   -2 -2 -4 -4 -1 -3 -4 -4 -4  2  3 -3  2 -2 -4 -3 -1 -4 -3  4    1   2   0   0   1   0   1   0   0  12  32   0   4   0   0   1   1   0   0  43  0.66 0.27
  219 A    1  2  0  3 -3  2  2 -2 -1 -3 -3  1 -2 -2 -2  0 -1 -4 -3 -1   13  11   2  16   0  12  17   1   0   0   1  10   0   1   0   6   1   0   0   5  0.31 0.16
  220 A    2 -1  1 -2  1 -1 -2  1 -2 -2  0  1 -1 -1 -2  1 -1 -3 -2  0   25   2   7   1   3   0   0  11   0   0  10  13   1   2   0  14   1   0   0   7  0.16 0.13
  221 G    0 -3 -2 -3 -3 -2 -3  6 -1 -2 -5  0 -4 -4 -4 -2 -3 -4 -4 -4    5   1   0   0   0   1   1  78   1   3   1   5   0   0   0   1   0   0   0   0  1.37 0.40
  222 A    6 -3 -3 -4 -3 -3 -3 -1 -4 -3 -3 -3 -3 -2 -3 -1 -2 -4 -3  0   82   0   0   0   0   0   0   3   0   1   1   0   0   2   0   1   1   0   0   6  1.14 0.43
  223 E   -3 -2  3  6 -3  0  2 -3 -2 -4 -4  0 -4 -4 -3 -1 -2 -4 -3 -4    1   1  17  50   0   4  11   1   0   1   1   6   0   0   1   3   1   0   1   1  0.92 0.31
  224 V   -1 -4 -4 -4 -2 -3 -4 -4 -4  4  0 -3  1 -2 -3 -3 -2 -4 -3  5    2   1   0   1   0   0   1   1   0  32   6   1   3   0   1   1   1   0   0  49  0.80 0.30
  225 N   -3 -2  7  3 -4 -2  2 -3  1 -4 -4 -2 -4 -4 -3 -1 -2 -5 -3 -4    1   1  61  13   0   0  13   1   3   1   1   1   0   0   1   2   1   0   0   1  1.20 0.39
  226 A    4 -3 -3 -3 -2 -2 -2 -2 -1  1 -1 -2  1 -3 -2 -1 -1 -3 -3  2   54   1   0   1   0   1   2   1   1   7   5   1   5   0   1   2   2   0   0  16  0.49 0.25
  227 Q    1 -1 -2 -2  1  6 -1 -3 -1 -3 -2  0  2 -4  2 -2  0 -3 -3  0   12   2   0   1   3  42   1   1   1   1   1   2   7   0  12   1   5   0   0   6  0.59 0.29
  228 E   -2 -2 -2  4 -5 -1  6 -4 -2 -4 -4 -2 -4 -5 -1 -2 -3 -5 -4 -2    3   0   0  21   0   0  65   1   0   0   1   0   0   0   3   1   0   0   0   3  1.19 0.41
  229 Q   -2  4 -2 -2 -1  4 -1  3 -1  0 -2 -1 -1 -4 -1 -1 -2 -1 -3 -2    1  25   1   0   1  25   0  24   1   6   3   1   2   0   3   2   0   1   0   3  0.48 0.25
  230 K   -2  1 -2 -3  4  3 -1 -1 -2 -3 -2  4 -2 -4 -3  0  3 -4 -3 -3    0   5   0   0  12  15   0   5   0   0   3  35   0   0   0   5  19   0   0   0  0.57 0.29
  231 S    0 -1  1  0  2 -2 -2  2 -3 -4 -5 -2 -4 -5 -3  5 -1 -5 -4 -4    4   3   5   5   5   0   0  13   0   0   0   0   0   0   0  62   1   0   0   0  0.84 0.38
  232 G   -3 -3 -3 -4 -5 -5 -5  7 -5 -6 -6 -4 -5 -6 -5 -3 -4 -5 -6 -3    0   1   0   0   0   0   0  96   0   0   0   0   0   0   0   0   0   0   0   2  2.12 0.58
  233 R   -2  6  0 -3  1  1 -2 -4  1 -5 -4  3 -3 -5 -4 -2  0 -5 -4 -4    2  53   4   0   4   5   0   0   3   0   0  20   0   0   0   1   7   0   0   0  1.00 0.38
  234 T   -3 -4  0 -4 -4 -3 -3 -4 -4 -4 -4 -3 -3 -5 -4  2  7 -5 -1 -3    0   0   3   0   0   0   0   0   0   0   0   0   0   0   0  13  81   0   3   0  1.54 0.56
  235 A    5 -4 -4 -4 -3 -3 -1 -3 -4 -4 -4 -3 -4 -5  6 -1 -3 -5 -4 -1   53   0   0   0   0   0   3   0   0   0   0   0   0   0  36   3   0   0   0   5  1.23 0.45
  236 L   -2 -5 -6 -6 -4 -5 -5 -6 -5  0  6 -5  0 -2 -1 -5 -4 -4 -4 -2    3   0   0   0   0   0   0   0   0   1  94   0   0   0   3   0   0   0   0   0  1.47 0.50
  237 H   -5 -3 -3 -4 -6  0 -3 -5 11 -4 -6 -4  1 -4 -5 -2 -5 -6 -2 -5    0   0   0   0   0   3   0   0  89   1   0   0   4   0   0   3   0   0   0   0  2.84 0.75
  238 L   -3 -4 -4 -5 -3 -3 -4 -5  4  0  5 -4  1 -1 -4 -2 -3 -3  0 -1    0   0   0   0   0   0   0   0  11   1  73   0   3   1   0   3   0   0   4   1  0.95 0.37
  239 A    6 -4 -4 -4 -3 -3 -3 -1 -4 -4 -3 -3 -3 -4 -3  0 -2 -5 -4 -3   88   0   0   0   0   0   0   3   0   0   2   0   0   0   0   4   1   0   0   0  1.35 0.48
  240 V   -1 -4 -4 -4 -3 -4 -4 -4 -5  1 -2 -4 -1 -3 -4 -1  2 -5 -3  6    4   0   0   0   0   0   0   0   0   2   0   0   0   0   0   3  14   0   0  73  1.07 0.41
  241 E   -3  0 -2  2 -5  0  6 -3 -2 -2 -4  0  0 -4 -1 -2 -3  2 -4 -3    0   5   0  12   0   1  62   1   0   3   0   4   3   0   3   0   0   3   0   2  0.96 0.37
  242 Y   -1 -1  0 -1  1  1  1 -3  3 -1  1 -1  4 -1 -1  0  1  0 -1 -1    2   2   4   1   3   8   8   1   9   1  17   3  17   1   3   5  10   1   1   2  0.16 0.15
  243 D   -2  0  2  3 -3  3  3  0  3 -4 -4 -1 -3 -4 -3  0 -2 -4 -3 -4    1   4  13  17   1  15  23   9   9   0   1   1   0   0   0   5   0   0   0   0  0.51 0.22
  244 N   -3 -2  6  3 -2  0  2 -1  2 -4 -1 -2 -3 -3 -3 -1 -2 -4 -3 -4    1   0  45  14   1   3  13   3   6   0   7   1   0   1   0   2   1   0   1   1  0.72 0.29
  245 I    0  0 -2 -2 -2 -2 -2 -3  0  2  3 -2  1  1  1 -2 -2 -3 -1  1    8   8   1   2   0   1   1   1   3  15  32   0   2   7   7   1   0   0   0  10  0.19 0.13
  246 S    0  0  1  1 -3 -1  0  2 -1 -2 -3  1 -2 -3  2  2  0 -3 -3 -2    3   6   9   8   0   1   6  16   1   1   1   7   1   0   9  21   6   0   0   3  0.23 0.12
  247 L   -1 -3 -3 -4 -2 -3 -3 -4 -3  2  4 -3  4 -1 -3 -1 -1 -3 -2  1    6   1   0   1   0   0   1   1   0  12  47   1  14   0   1   4   1   0   0  10  0.53 0.22
  248 A    4 -3 -3 -3 -2 -3 -3 -3 -3  0 -1 -3 -1 -3 -3 -1 -1 -4 -3  4   39   1   0   1   0   0   1   1   0   3   4   1   0   0   1   3   3   0   0  43  0.63 0.29
  249 G   -1  2 -1 -2  3  1 -1  3  2 -2 -3  0 -2 -3 -2  0  2 -3 -2 -2    3  11   1   1   7   8   1  28   8   1   1   5   1   1   1   6  15   0   0   2  0.31 0.16
  250 C   -1 -1 -1 -3  6 -1 -3 -3  4 -1 -1 -2 -1  3 -3 -2  0  0  3 -2    3   3   2   1  23   2   1   1  15   3   7   1   1  17   1   1   7   1  11   1  0.54 0.22
  251 L   -3 -3 -4 -5 -3 -3 -4 -5 -4  0  6 -4  0 -1 -4 -4 -3 -3 -3 -1    1   1   0   1   0   1   1   1   0   1  88   1   0   2   1   1   1   0   0   1  1.22 0.40
  252 L   -2 -3 -4 -4 -2 -3 -4 -4 -4  3  4 -3  1 -1 -4 -3 -2 -3 -2  2    1   1   0   1   0   0   1   1   0  21  53   1   1   0   1   1   1   0   0  17  0.72 0.26
  253 L   -1 -1  0 -1 -1 -1 -1 -1 -2  0  2  1  0 -1 -2  0  2  2 -2 -1    4   2   4   3   1   1   1   5   0   5  28  13   1   2   1   7  18   3   1   2  0.11 0.10
  254 E   -2  1  0  0 -4  3  5 -3  0 -4 -3  3 -1 -4 -2 -1 -2 -4 -3 -3    1   5   3   3   0  11  41   1   2   1   2  21   2   0   1   3   1   0   0   1  0.64 0.26
  255 G    1 -1  0 -3  1 -2 -3  3 -2 -1  2 -1 -1 -2 -3 -1 -1 -2 -3 -1   15   3   6   0   4   0   0  28   0   0  29   2   1   0   0   3   3   0   0   3  0.28 0.18
  256 D   -1  1  2  2 -3 -1  0  4  2 -4 -4  1 -3 -3 -2  0 -2 -3 -3 -3    1   9  11  12   0   1   4  37   5   1   1  11   0   0   1   4   1   0   0   1  0.47 0.19
  257 A    6 -3 -3 -4  3 -3 -3 -2 -3 -3 -3 -3 -3 -4 -3 -1 -1 -4 -3  0   77   0   0   0   6   0   1   1   0   0   1   0   0   0   0   2   2   0   0   7  1.06 0.40
  258 L   -1  0  4  5 -1  0  0 -3  2 -4 -4 -1 -3 -2 -3 -1 -1 -4  0 -4    3   5  21  42   2   3   3   1   5   1   1   2   0   1   0   1   3   0   4   1  0.67 0.26
  259 V   -2 -4 -4 -5 -3 -4 -4 -5 -5  2 -1 -4 -1 -2 -4 -3 -2 -4 -3  6    1   0   0   0   0   0   0   1   0   9   3   0   1   1   0   1   1   0   0  80  1.24 0.42
  260 D   -3 -3  6  5 -5 -2  1 -3  0 -5 -5 -2 -4 -5 -3 -1 -2 -5 -4 -4    1   0  46  39   0   0   6   1   2   0   1   0   0   0   0   2   1   0   0   0  1.26 0.40
  261 S    4 -1 -2 -3  3 -1 -2 -2  0 -3 -2 -2 -1 -3 -2  3 -1 -4 -3 -1   43   3   1   0   8   1   0   1   2   0   4   0   1   0   0  29   2   0   0   3  0.55 0.28
  262 T    0  3 -2 -2  5  3 -1 -1 -2 -1  0 -1 -1 -2  0 -1  1 -3 -3 -1    5  18   0   0  13  17   1   3   0   2  11   1   0   1   5   3  13   0   0   5  0.27 0.18
  263 T   -2 -3  1  0  1 -2 -3 -3 -3 -2 -2 -3  5 -3 -3  0  6 -4 -3 -2    1   0   8   4   3   0   0   1   0   0   3   0  16   0   0   6  54   0   0   0  0.82 0.36
  264 Y   -3 -2 -4 -4 -4 -4 -4 -3 -1 -3 -1 -4 -2  6 -4 -2 -3 -1  7 -3    1   3   0   0   0   0   0   3   1   0   5   0   0  42   0   3   0   0  39   0  1.31 0.41
  265 D    2 -2  4  3 -1 -1  0  2  0 -3 -4 -2 -3 -4 -3  1 -2 -4 -3 -3   17   0  23  21   1   1   5  16   3   1   1   0   0   0   0   8   0   0   0   0  0.45 0.21
  266 G   -2 -3 -3 -3 -4 -4 -3  7 -3 -5 -5 -3 -4 -5 -2 -2 -4 -4 -5 -5    1   1   0   0   0   0   1  90   0   0   1   1   0   0   1   1   0   0   0   0  1.80 0.48
  267 T   -2 -3  6 -1  5 -2 -2 -3  0 -3 -2 -2 -3  0 -3  1  1 -3  1 -3    1   0  43   2  16   0   0   1   2   0   4   0   0   5   0   9  10   0   5   0  0.75 0.31
  268 T   -1 -3 -1 -3 -3 -3 -3 -3 -3 -3 -3 -3 -3 -4 -3  1  7 -4 -2 -2    2   0   2   0   0   0   0   1   0   0   1   0   0   0   0  10  79   0   1   0  1.37 0.48
  269 P    2 -4 -4 -4 -4 -3 -3 -3 -4 -4 -4 -3 -4 -5  7 -2 -2 -5 -4 -1   20   0   0   0   0   0   0   1   0   0   1   0   0   0  68   2   2   0   0   4  1.75 0.47
  270 L   -3 -4 -5 -5 -3 -4 -5 -5 -4  0  6 -4  0  0 -5 -4 -3 -3  3 -1    0   0   0   0   0   0   0   0   0   2  81   0   0   3   0   0   0   0  10   1  1.15 0.40
  271 H   -4 -1 -2 -4 -6 -1 -3 -5 11 -6 -5 -3 -4 -4 -5 -4 -4 -5 -1 -6    0   3   0   0   0   1   0   0  92   0   0   0   0   0   0   0   0   0   0   0  2.93 0.72
  272 I   -3 -4 -5 -5 -1 -4 -5 -6 -5  4  5 -4  0 -1 -5 -3 -2 -4 -3  1    1   0   0   0   1   0   0   0   0  30  58   0   0   2   0   2   1   0   0   6  0.93 0.35
  273 A    6 -4 -4 -4 -3 -3 -3 -3 -4 -4 -4 -3 -3 -5 -3 -1  1 -5 -4 -1   87   0   0   0   0   0   0   0   0   0   0   0   0   0   0   1  10   0   0   3  1.41 0.53
  274 A    5 -4 -4 -4  4 -3 -2 -3 -3 -2 -3 -3 -3 -1 -3 -1 -2  0  1  2   57   0   0   0  11   0   3   0   0   0   0   0   0   2   0   3   1   1   7  16  0.74 0.36
  275 G    0 -3 -3 -3 -2  1 -4  6 -4 -5 -5 -3 -1 -5 -4  1 -3 -5 -5 -5    5   1   0   0   1   6   0  74   0   0   0   0   2   0   0  11   0   0   0   0  1.36 0.44
  276 R   -2  6 -2 -4 -5  1 -2 -5 -2 -3  2 -1 -2 -4 -4 -2 -3 -4 -2 -2    3  60   1   0   0   7   0   0   0   0  22   0   0   0   0   3   0   0   1   3  0.99 0.40
  277 G   -2  0  0 -1 -5  3 -2  6 -1 -6 -5 -1 -4 -5 -2 -2 -3 -5 -4 -5    1   6   4   3   0  16   1  62   2   0   0   3   0   0   1   1   0   0   0   0  1.05 0.37
  278 S   -2 -3  3  3 -1  1 -2 -3 -1 -4 -1 -2  0 -3 -1  5 -1 -5 -3 -4    0   0  13  16   1   5   0   0   1   0   8   0   3   1   3  49   0   0   0   0  0.62 0.34
  279 T    2 -2 -2 -2  0 -1  0 -2 -3 -1 -1 -2 -1 -3  4  0  2 -4 -2  1   17   2   1   1   2   1   7   1   0   2   5   1   2   0  26   6  13   0   1  13  0.41 0.20
  280 R    0  1 -1  0 -3 -1  2  0 -1 -2 -3  2 -2 -3  0  0  3  3 -3 -1   10   6   2   6   0   1  13   6   1   2   0  14   1   0   3   6  23   5   0   3  0.23 0.16
  281 L   -2 -4 -5 -5  2 -4 -5 -5 -3  4  4 -4  3 -1 -4 -4 -1 -4 -3  1    2   0   0   0   4   0   0   0   1  29  47   0   8   1   0   0   4   0   0   3  0.75 0.30
  282 A    2  0 -2 -3  4  1 -2 -3 -3 -1 -1 -2 -2 -3 -3  0  4 -3 -3  1   23   6   0   0  10   6   0   0   0   1   5   0   0   0   0   6  30   0   0  13  0.42 0.26
  283 A    3  3 -1 -1  1  0 -2 -2  0 -3 -2  1 -3 -4 -3  2  0 -4 -3 -3   36  17   3   2   3   2   0   0   2   1   2  10   0   0   0  19   4   0   0   0  0.42 0.25
  284 L   -2 -3 -4 -5 -3  1 -2 -5 -3  2  5 -3  4 -2 -4 -3 -1 -4 -3  0    1   0   0   0   0   7   2   0   1  10  58   0  12   0   0   0   4   0   0   4  0.72 0.31
  285 L   -4 -5 -6 -6 -4 -5 -6 -6 -5 -1  6 -5  1 -2 -6 -5 -4 -4 -4 -2    0   0   0   0   0   0   0   0   0   0  97   0   3   0   0   0   0   0   0   0  1.65 0.53
  286 K   -2 -2 -3 -4  4 -2 -3 -4 -2  2  2  1  3 -1 -4 -1  0 -3  2  1    0   1   0   0  11   0   0   0   0  11  27  10  10   1   0   3   5   0   8   9  0.31 0.20
  287 A    4 -1 -1 -1 -3  2  1 -2  2 -4 -4  3 -2 -4 -3 -1 -2 -4 -3 -2   46   2   1   2   0   9   9   0   5   0   0  20   1   0   0   2   1   0   0   1  0.56 0.30
  288 A    5  0 -2 -1  0 -2 -2 -2  0 -3 -2 -1 -3 -3 -1  2 -2 -4 -3 -2   63   4   1   2   2   0   1   1   2   0   3   3   0   1   3  13   0   0   0   0  0.70 0.34
  289 G   -2 -4 -1 -4 -5 -4 -4  7 -2 -6 -6 -4 -5 -5 -4 -2  1 -5 -5 -5    0   1   2   0   0   0   0  86   1   0   0   0   0   0   0   0   9   0   0   0  1.73 0.50
  290 A    7 -4 -4 -4 -3 -3 -4 -1 -4 -4 -4 -3 -4 -5 -4 -1 -2 -5 -5 -3   95   0   0   0   0   0   0   2   0   0   0   0   0   0   0   1   0   0   0   0  1.64 0.57
  291 D   -4 -3  2  7 -6  2  0 -4 -3 -5 -5 -3 -5 -5 -3 -2 -3 -6 -5 -5    0   0   7  77   0   9   2   0   0   0   1   0   0   0   1   1   0   0   0   0  1.64 0.50
  292 P   -2 -2 -2 -2 -2 -2  0 -3 -2  1 -2  1 -1 -4  5  1  1 -4 -3  1    1   1   1   1   1   0   7   0   1   8   3  10   1   0  33  10   7   0   0  15  0.56 0.24
  293 L   -2 -1  2 -1  2  1 -1 -3  5 -2  2 -1  2 -1 -3  0 -1 -1 -1 -2    0   2  10   2   4   6   4   0  19   0  30   2   6   2   0   6   4   1   1   1  0.31 0.21
  294 V    1  1 -3 -4  3 -2 -3 -3 -3  2  2  0  2 -1 -3 -2 -1 -3 -3  1   18  11   0   0   8   0   0   0   0  12  23   6   6   1   0   1   1   0   0  13  0.26 0.17
  295 E   -3  2 -2 -1 -5  1  6 -4 -2 -5 -3  1 -4 -5 -2 -2 -3 -5 -4 -4    1  13   0   0   0   5  67   0   0   0   2   9   0   0   2   0   0   0   0   0  1.20 0.44
  296 N   -4 -3  8 -1 -5 -3 -3 -3 -2 -5 -2 -3 -4 -5 -4 -2 -3 -6 -4 -5    0   0  90   2   0   0   0   0   0   0   4   0   0   0   0   1   0   0   0   0  2.03 0.58
  297 F   -2 -2 -2  3 -1 -1  1 -2 -2 -1 -1 -2  3  4  0 -1 -2 -2  3 -1    0   1   0  19   1   2   9   3   0   1   3   0  13  24   4   4   0   0  10   5  0.35 0.21
  298 E   -3 -3 -2  1 -6  0  7 -4  2 -5 -4 -2 -4 -5 -4 -2 -2 -5 -4 -5    0   0   1   5   0   2  81   0   6   0   2   0   0   0   0   1   1   0   0   0  1.54 0.51
  299 P   -2 -3  0  2 -4 -2  0 -1 -3 -2 -3 -3  0 -4  7 -1 -3 -4 -2 -3    2   0   4  14   0   0   4   4   0   2   2   1   3   0  56   4   1   0   1   1  1.22 0.36
  300 L   -2 -3 -3 -1 -1 -2  3 -4 -3  0  4 -2  0 -2 -3 -3 -2 -3 -3  0    2   0   0   4   2   0  27   1   0   3  48   2   2   0   0   1   1   0   0   7  0.50 0.25
  301 Y   -1 -3 -2 -2  4 -2 -1 -3 -2 -1 -1 -2 -1  4 -1  1  3 -2  3 -2    1   1   1   1  11   0   5   1   0   3   5   2   1  20   3  12  20   0  12   1  0.33 0.19
  302 D    1 -2 -1  4 -3 -1  2 -2 -1 -3 -3 -1 -3  2  4 -1 -2 -3 -2 -3   12   1   1  26   1   0  15   1   1   1   2   2   0  11  20   4   1   0   1   1  0.50 0.22
  303 L   -1 -1 -1 -1  1  1  1 -1 -2 -1  2 -1  0 -1 -1  1 -1 -2 -2 -1    3   3   2   2   4  10   9   3   0   2  34   1   1   1   2  16   3   0   1   3  0.14 0.14
  304 D   -2 -1 -1  5 -2 -1  2 -2 -2 -3 -3 -2 -3 -4  0  2 -1 -4 -1 -1    1   3   1  40   1   0  15   1   0   1   2   1   0   0   5  20   1   0   2   5  0.61 0.26
  305 D   -1 -2 -1  5 -3  0  2 -2 -1 -3  1  0 -2 -3  0  1 -1 -4 -3 -3    2   1   1  35   0   2  12   2   1   0  15   5   1   0   4  15   3   0   1   1  0.40 0.20
  306 S    2 -2 -1  0  0 -1  2 -2 -2 -1 -2 -1  0 -3  0  2  0 -3 -2  0   21   0   1   5   2   1  19   1   0   3   3   3   4   0   5  21   3   0   1   8  0.22 0.15
  307 W   -1 -1 -1  3 -1  0  4 -1 -2 -3 -3  0 -2 -2  1 -1 -2  5 -2 -2    4   2   2  16   2   1  33   5   0   1   2   4   1   2   6   4   1   9   1   4  0.42 0.20
  308 E   -2 -1  1  3 -3  1  3  3 -1 -3 -3 -1 -1 -4 -1  0 -1 -4 -3 -2    1   1   5  21   0   6  21  23   1   0   2   2   2   0   2   7   2   0   0   4  0.40 0.19
  309 K   -1 -1  2  2 -3  0  3  0 -2 -3 -3  1 -3 -3  2  0 -1 -3 -1 -3    2   2  10  12   0   2  29   6   0   0   1   8   0   1  12   6   2   0   3   2  0.40 0.19
  310 A    0 -2 -1  4 -3  0  3  0 -2 -3 -1 -1 -2 -2 -2  0  0 -4 -3 -1    7   1   1  32   0   3  23   6   0   0   7   2   1   1   0   5   4   0   0   5  0.40 0.20
  311 G    0  0  1  3 -3  0  2  1 -1 -3 -2  0 -2 -3 -2  1  0 -3 -2 -2    8   7   5  21   0   4  13  12   0   1   4   4   0   0   1  12   5   0   1   2  0.24 0.12
  312 E   -2 -1 -1  4 -4  1  4 -3 -1 -3 -3  1  0 -4  0 -1 -2 -4 -3 -2    2   2   1  28   0   4  36   1   1   1   2   8   3   0   3   2   1   0   0   4  0.60 0.25
  313 D   -1  0 -1  6 -4 -1  1 -2 -2 -3 -3 -1 -3 -4 -1  1  1 -4 -3 -3    4   5   1  48   0   1   8   1   1   1   3   1   0   0   2  14   8   0   0   1  0.67 0.27
  314 E   -2  1 -2  1 -1  2  5 -3 -1 -3 -1  0 -2 -4 -2 -1 -1 -4 -3 -2    2   9   0   6   1   9  52   1   1   1   6   3   0   0   1   3   3   0   0   2  0.66 0.28
  315 G    0  0 -1 -1 -3  1  2  4 -2 -3 -3  1 -3 -3  0  1 -1  0 -3 -3    4   6   2   1   0   6  19  33   0   1   2   7   0   0   3  11   2   1   0   1  0.39 0.18
  316 V   -1 -1  0  0 -1 -1  0 -1 -1  1 -1 -1  1  0  0  0  0 -1  1  1    2   2   3   5   2   2   9   5   1  15   3   1   5   2   5  10   7   1   9  11  0.04 0.06
  317 V    0  0 -1 -2 -1 -1 -1 -1  1  1  0 -1  0  1  0 -1  0 -2  0  2    6   5   3   1   1   2   3   3   4  12   6   4   2  10   4   4   6   0   2  20  0.05 0.06
  318 P    0  3 -2  0 -3 -1 -1 -3  0 -3 -3  0 -3 -4  6  0 -2 -4 -3 -3    6  22   1   5   0   2   2   1   2   2   2   4   0   1  41   6   1   0   0   1  0.86 0.27
  319 G   -2 -4  1 -3  3 -4 -4  7 -4 -5 -5 -4 -5 -5 -4 -2 -3 -4 -5 -3    0   0   8   0   7   0   1  79   0   0   0   0   0   0   0   1   1   0   0   2  1.59 0.47
  320 T   -2 -1 -1  0 -4 -1 -1 -4  7 -3 -2  1  0 -3 -4 -1  4 -4  0 -3    1   3   1   6   0   1   2   0  36   0   4   8   3   0   0   1  30   0   2   0  0.85 0.36
  321 T   -2 -2 -3 -2 -4 -2 -3 -4 -4 -3 -4 -1 -2 -5 -4  1  7 -5 -4 -3    1   1   0   2   0   1   0   0   0   0   1   4   0   0   0   6  84   0   0   0  1.56 0.56
  322 P    1 -5 -5 -4 -5 -4 -3 -5 -3 -5 -6 -2 -5 -6  8 -2 -4 -6 -6 -5   14   0   0   0   0   0   1   0   0   0   0   2   0   0  81   2   0   0   0   0  2.30 0.61
  323 L   -3 -3 -5 -5 -3 -4 -2 -5 -4  0  5 -3  0  2 -2 -4 -3 -3  0  1    1   1   0   0   0   0   3   0   0   1  71   1   0   9   2   0   1   0   2   8  0.87 0.35
  324 D    0 -3  1  6 -4  0  3 -3  2 -4 -4 -2  2 -4 -3 -1 -2 -5 -3 -4    8   0   5  45   0   3  21   0   6   0   1   0   6   0   0   4   0   0   0   0  0.83 0.32
  325 M   -1 -1 -3 -3 -3  0  0 -4 -3  1  2 -2  5  1 -4 -1  0 -3  1  0    5   4   0   0   0   4   7   0   0   5  26   0  22   4   0   5   6   0   5   6  0.32 0.21
  326 A    4 -3 -3 -3 -3  1  1  1 -3 -4 -4 -2 -3 -5 -3  2  2 -5 -4 -3   46   0   0   0   0   7  11  10   0   0   0   0   0   0   0  13  13   0   0   0  0.63 0.33
  327 A    1  1 -1 -1  0 -1 -2  0 -1  0  1  0  1 -2 -1  1  1 -3 -2  0   16   7   2   2   2   2   0   5   2   6  14   7   3   0   2  14  12   0   0   4  0.09 0.10
  328 N    1 -2  4  1  3 -1  0  1 -2 -3 -4 -2 -3 -4 -3  3  0 -4 -3 -2    9   0  27   8   6   0   6   8   0   0   0   0   0   0   0  26   5   0   0   2  0.44 0.23
  329 W    0 -2  0  0  3  1  1 -2  0  0 -2  0  1 -2  1  0  2  5 -2 -2    6   0   3   4   7   9   9   2   3   7   2   5   5   0   7   5  17   9   0   0  0.21 0.16
  330 Q   -2  0 -2 -2 -4  4  3 -3  0 -4 -3  4 -3 -4  1  0 -2 -4 -3 -4    2   2   0   0   0  22  22   0   2   0   2  33   0   0   8   7   0   0   0   0  0.67 0.32
  331 V    0 -2 -1 -3 -3 -3 -1 -3 -4  2  1 -3  3 -2  0 -3 -2 -4 -3  5    6   2   3   0   0   0   5   2   0  10   8   0  10   0   4   0   0   0   0  49  0.48 0.27
  332 F   -1  4 -2 -3 -2  0 -2 -1  0 -1  0  2 -1  0  0 -1  0  0  1 -2    5  27   0   0   1   4   0   4   2   2  14  14   0   5   4   3   7   1   7   0  0.23 0.18
  333 D    0  1  1  4 -2  0  2  0 -2 -3 -3  0 -2 -3 -2  1  0 -4 -3 -2    7   7   5  26   1   2  16   7   0   0   2   5   1   0   0  10   7   0   0   2  0.33 0.17
  334 I   -1 -3 -4 -4  0 -3 -3 -4 -4  4  3 -3  1 -2  0 -3 -1 -3 -2  3    4   0   0   0   2   0   1   1   0  31  25   1   2   0   6   1   2   0   0  22  0.51 0.24
  335 L   -2 -3 -2 -3  0 -2  0 -2 -3  0  4 -3  0 -1  0 -1 -2  0 -2  2    1   1   2   1   2   1   7   3   0   1  52   1   0   2   5   5   1   1   0  14  0.38 0.22
  336 N   -1  1  3 -1 -3  1 -1 -2  2 -2  1 -1 -1 -1 -1  0 -1  3  0 -2    5  11  21   2   0   7   2   1   7   1  20   2   0   2   3   5   2   5   3   1  0.21 0.15
  337 G   -1 -2  0 -2  0  3 -2  5 -1 -4 -3 -1 -3 -4 -3  0  0 -3 -3 -3    2   1   5   1   2  14   2  50   1   1   2   2   0   1   1   8   5   0   1   1  0.68 0.28
  338 K    1  2  1 -1 -3  0  1 -2  2 -3 -2  3  1 -3 -1  0  1 -3 -2 -2   16  10   7   2   0   3   9   2   7   1   3  20   4   0   3   3  10   0   0   1  0.22 0.16
  339 P    0  0  1 -1 -3  0  1  0 -1 -3 -3 -1 -3 -4  5  2  0 -4 -3 -3    7   4   6   2   0   4   8   8   1   1   2   2   0   0  29  20   5   0   0   1  0.52 0.25
  340 Y   -1 -1 -2 -1 -1  3 -1 -2  1 -2 -1  0  0 -1  1  1 -1  1  5 -2    5   3   1   4   1  19   1   2   3   1   6   4   3   0   8  10   3   2  22   3  0.32 0.23
  341 E   -1  0  0  0  0  2  4 -2  1 -4 -4  2 -3 -4  2  1 -1 -4 -3 -1    5   4   3   4   2  10  28   2   3   0   1  12   0   0  10  10   2   0   0   4  0.40 0.26
  342 P    0  0 -1 -1 -2  0  0  0  1 -2 -3 -1 -3 -3  5  2  1 -4 -3 -2    6   6   1   2   0   4   6   8   3   2   2   3   0   1  26  20   7   0   0   2  0.45 0.26
  343 V    1 -1 -2 -1  1 -1  1 -2  0 -1  0  0  1  0  3 -1  0 -3 -2 -1   13   3   0   4   4   2   9   1   3   4   8   5   5   6  18   4   5   0   0   5  0.19 0.15
  344 F    0  1 -1  0 -1  0  1  0  1 -1  0 -1  0  1 -1  0  0  1  0  0   10  10   2   5   1   1  13   5   4   1   8   2   2   7   3   8   4   2   3   7  0.05 0.08
  345 T    1 -1 -2 -1  0  1 -1  0  0 -1 -1  0 -2 -3  2  1  3 -1 -3  1   11   3   0   3   2   6   3   5   3   3   5   5   0   0  11   8  21   1   0  10  0.18 0.17
  346 S    0  0  1 -1 -2  1  1  0  2 -3 -1 -1 -2 -1  2  2 -1 -4 -3 -2    6   5   7   1   0   5   9   8   5   1   7   3   0   3  12  22   2   0   0   2  0.22 0.20
  347 D    0  1 -1  1  1  0  1 -1  0 -2  0  0  0 -3  2  0  1 -4 -3 -1    7   8   1   8   3   3  12   4   2   2  10   4   2   0  12   8   8   0   0   4  0.14 0.13
  348 D   -1 -2  0  3  3  0 -1  0  0 -2 -3  0 -3  1  3  0 -1  1 -3 -1    5   1   3  19   6   4   2   6   2   2   1   7   0   6  15   8   4   2   0   5  0.27 0.21
  349 I    0 -1 -1 -2  0  0 -1 -2  2  1  0  0  1 -2  3  0  0 -3 -1  1    7   3   3   1   2   3   3   1   7   9  11   5   3   1  17   6   5   0   2   9  0.17 0.13
  350 L    1 -1 -2 -2 -1 -2 -2 -1 -3 -1  1  0  0 -1  3  2 -1 -3 -1  0   11   3   1   2   1   1   1   5   0   3  19   7   2   2  15  18   3   0   1   6  0.21 0.18
  351 P    0 -1 -3 -2 -1 -2  0 -2 -4 -1 -2 -2 -2 -4  6  1  2 -5 -2 -3    6   4   0   1   1   2   5   3   0   3   4   1   1   0  42  10  12   0   1   2  0.82 0.41
  352 Q    1  1 -1 -2 -4  5  2  0  0 -4 -4  1 -1 -4  0  1 -1 -3 -4 -3   12   8   1   1   0  30  11   6   2   0   1   7   2   0   4   8   4   0   0   2  0.48 0.33
  353 G    0 -4 -2 -2 -4 -2  0  5 -4 -3 -4 -2 -1 -3  2  0 -2 -5 -5 -2    9   1   1   1   0   1   6  50   0   1   1   2   1   1  12   7   3   0   0   3  0.82 0.42
  354 D   -3 -1  1  5 -5 -2  1  0  4 -5 -4 -1 -4 -5  3  0 -2 -5 -4 -3    1   2   6  34   0   0   8   7  11   0   2   3   0   0  14   7   2   0   0   1  0.70 0.39
  355 I   -2 -1 -2 -3 -3 -3  0  2  0  1  2 -2  4 -3 -3 -1 -2 -4 -3  2    1   4   2   1   0   0   6  19   2   8  18   2  14   0   1   6   0   0   0  15  0.30 0.26
  356 K    1  1 -1 -1 -1  2  0  0 -1 -2  1  2 -1 -3 -1  1 -2 -4 -3 -2   11   9   2   3   1   9   4   5   1   1  21  14   0   0   3  12   0   0   0   1  0.16 0.19
  357 Q    0  0 -1  0  1  3  1  0 -2 -4 -2  1 -3 -4  0  3 -1 -5 -4 -3    5   3   2   5   3  13   9   7   1   0   4   9   0   1   5  30   1   0   0   1  0.35 0.30
  358 L   -4 -2 -6 -6  1 -5 -5 -6 -5  0  6 -5  1 -3 -3 -1 -4 -5 -4 -2    0   3   0   0   3   0   0   0   0   3  78   0   3   0   1   6   0   0   0   1  1.34 0.62
  359 T   -2 -2  2  5 -3 -3  0  1 -3 -4 -3 -3 -2 -5 -1  1  1  0 -4 -3    1   2  11  37   0   0   5  12   0   0   2   0   1   0   3  10   9   2   0   2  0.61 0.36
  360 E   -2 -2  0  2 -4  0  4 -2 -2 -4 -2 -2 -2  0  0  2  0 -4  1 -2    2   2   5   9   0   2  34   2   0   0   3   1   1   4   5  15   5   0   5   3  0.43 0.32
  361 D    0  0  0  3 -4  0  3 -1 -2 -3 -2 -1 -1 -4  1  0  1 -4 -2 -1    6   5   2  20   0   4  19   4   0   1   3   3   2   0   8   7   9   0   1   4  0.30 0.23
  362 T    2 -1 -3 -4  0 -1 -3 -2  1 -1 -3 -3 -2 -4 -2  2  3 -5 -3  3   20   3   0   0   2   2   1   3   4   1   1   1   1   0   2  14  24   0   0  21  0.45 0.36
  363 R   -3  4 -1 -4  0 -2 -3 -3 -3 -2  3  3 -1 -2 -2 -2 -2 -1 -4 -1    1  22   3   0   2   1   0   2   0   1  33  22   1   1   2   3   2   1   0   3  0.51 0.37
  364 L   -1  1 -1 -3 -4  5  0 -1 -1 -1  0 -1  2 -4 -3  1  0  0 -4 -1    4   6   2   1   0  33   4   4   1   4  11   1   6   0   1  12   4   1   0   5  0.41 0.36
  365 Q    0  3  2 -2 -3  4  0  1  0 -4 -5  2 -4 -4  1  0 -3 -5 -4 -4    6  16  10   0   1  20   4   9   2   1   0  15   0   1   8   6   0   0   0   0  0.49 0.35
  366 L   -4  0 -6 -7 -5 -4 -6 -3 -6 -1  6 -5  0 -3 -3 -5 -4 -5 -5 -1    1   5   0   0   0   1   0   2   0   2  80   0   2   0   2   0   0   0   0   4  1.41 0.67
  367 C    0 -3 -3 -3  7 -2  3 -1 -2 -4 -3 -3 -2 -3 -4  0 -3  1  4  0    7   1   1   1  23   1  24   5   0   0   2   0   1   0   0   9   0   2  15   6  0.72 0.44
  368 K   -2  1 -1 -1 -3  4  0  1  4 -5 -3  4 -3 -5 -3  1 -2 -4 -2 -4    2   6   2   2   0  22   6   9   9   0   2  26   0   0   0   9   1   0   1   0  0.57 0.39
  369 L    1 -1 -4 -5  0 -3 -4 -4  1  1  4 -4  1 -2 -1 -3 -1  2 -3  1   11   3   0   0   2   0   0   0   4   8  47   0   2   0   3   1   3   4   0   8  0.52 0.35
  370 L   -5 -2 -6 -6 -4 -5 -5 -6 -5 -2  6 -5 -2 -3 -3 -5 -2 -5 -2 -2    0   2   0   0   0   0   0   0   0   0  87   0   0   0   2   0   2   0   2   1  1.60 0.72
  371 E   -1 -1  3  4 -4 -1  4 -3 -3 -2 -2 -1 -3 -4 -2  1  0 -5 -4 -4    4   3  14  25   0   1  25   1   0   2   3   2   0   0   2  11   4   0   0   1  0.58 0.35
  372 I    0  0 -2 -2 -2  3  0  1 -1  0  0 -1 -1 -2  2 -1 -2 -3 -3  1    6   4   1   2   1  20   5  12   1   5  12   2   1   1  10   4   1   0   0  12  0.19 0.19
  373 P   -1 -3  0  3  0 -2 -2  1 -3 -2 -3 -3 -3 -4  6 -1 -1 -4 -3 -3    5   1   4  16   2   2   2  12   0   2   3   1   0   0  35   5   4   0   1   2  0.70 0.36
  374 D   -2  0  0  4  6  0  1  0  1 -3 -3 -1 -3 -4 -2  0 -2 -4 -2 -3    2   7   5  27  18   4   7   8   4   1   2   2   0   0   2   5   1   0   2   2  0.52 0.32
  375 P    1 -3 -2 -3 -1 -1 -1 -3 -2 -2 -2 -3 -2 -3  4  3  1 -5 -4  1   12   1   2   1   1   2   4   1   1   1   3   0   1   1  20  26   9   0   0  13  0.45 0.35
  376 D   -3 -1  0  2 -2  3  0  4 -3 -4 -3 -2 -1 -5  3 -1  0 -5 -4 -3    0   2   4  11   1  14   7  32   0   0   2   1   2   0  13   3   5   0   0   1  0.55 0.35
  377 K    0  0 -2  0  1  1 -1  3 -1 -3 -2  3 -3 -3 -1  2 -2 -3 -3 -2    6   3   1   4   3   6   2  22   2   1   3  19   0   1   3  20   1   0   1   2  0.32 0.24
  378 N   -1 -2  4  5  2 -2 -1  0 -2 -3 -3 -2 -1 -3  0  2  0 -3 -3 -3    3   1  20  32   5   1   1   5   0   1   2   1   2   1   4  15   5   0   1   1  0.55 0.26
  379 W   -5 -5 -5 -3 -5 -4 -5 -5 -5 -4 -4 -5 -4 -3 -5 -5 -3 12 -2 -1    1   1   1   2   0   0   1   1   0   1   1   1   0   0   1   1   2  81   0   6  3.60 0.94
  380 A    1  2 -2 -2 -1  0  1 -1 -2  1 -2  0  1 -1 -1  1  0 -3 -1  0   17  16   0   0   1   3   9   3   0  12   1   5   5   2   2  10   5   0   2   6  0.13 0.15
  381 T    1 -1  0  0 -3  1  4 -2  2 -3 -3  1 -1 -4 -2  0  2 -4 -3 -3   12   1   4   2   0   6  31   2   6   0   2   9   2   0   1   4  16   0   0   1  0.40 0.26
  382 L   -4 -3 -5 -5 -4 -4 -2 -5 -5 -1  6 -4 -1 -1 -5 -5 -4 -4 -4  0    1   2   0   0   0   0   3   1   0   0  85   0   0   2   0   0   0   0   0   4  1.40 0.56
  383 A    7 -4 -4 -4  0 -4 -4 -2 -4 -4 -2 -4 -4 -5 -4 -2 -3 -5 -4 -3   88   0   0   0   1   0   0   1   0   0   5   0   0   0   0   1   0   0   0   0  1.60 0.66
  384 Q   -1  0  1  1 -5  4  4 -3  3 -5 -4  3 -3 -5 -3 -1 -3 -4 -3 -4    4   3   5   6   0  20  27   0   6   0   1  22   0   0   0   3   0   0   0   0  0.70 0.36
  385 K   -1  5 -2 -2  0 -1 -1 -2  0 -3 -2  4 -3 -4 -2 -1 -2 -4 -2 -4    4  37   1   2   2   0   1   2   2   1   4  33   0   0   1   4   1   0   1   0  0.79 0.39
  386 L   -4 -5 -5 -5 -4 -4 -5 -5 -5 -1  6 -5 -1 -2 -5 -5 -4 -4 -4 -2    1   0   0   0   0   0   0   1   0   0  93   0   0   0   0   1   0   0   0   0  1.70 0.63
  387 G   -3 -3 -1  0 -1 -4 -4  7 -4 -5 -5 -4 -5 -5 -4 -1 -2 -5 -5 -5    1   2   3   7   1   0   0  77   0   0   1   0   0   0   0   4   3   0   0   0  1.56 0.56
  388 L   -4 -3 -5 -5 -4 -4 -5 -5 -5 -1  6 -4  5  0 -5 -1 -3 -4 -3 -2    0   1   0   0   0   0   0   0   0   0  72   0  14   3   0   6   0   0   0   0  1.22 0.52
  389 G   -2  2 -3  0  6 -2 -3  4 -3 -3  0 -2  2 -2 -1  0 -3 -4 -4 -3    2  12   0   5  19   1   0  30   0   0  10   2   6   2   3   6   0   0   0   0  0.54 0.31
  390 I   -1 -3  0 -3 -3 -1 -2 -3  1  3 -1 -1  0 -3 -3  4  2 -4  1 -1    2   0   5   0   0   1   2   1   3  21   3   3   2   0   0  34  14   0   5   3  0.40 0.30
  391 L   -3 -4 -5 -5 -4 -4 -5 -5 -5  0  6 -4  3 -2 -5 -3 -4 -4 -4 -2    2   0   0   0   0   0   0   1   0   3  81   0   7   0   0   2   0   0   0   1  1.37 0.54
  392 N    0 -3  3 -1 -2 -3 -2 -3 -3  1 -1 -3  0 -3 -3 -1  2 -4 -3  4    7   0  19   3   0   0   2   1   0   5   3   1   2   0   0   4  13   0   0  39  0.48 0.31
  393 N   -1 -2  4  3 -3  0  4 -3  4 -4 -4 -1 -2 -4  0  0  0 -4 -3 -3    3   0  19  16   0   2  27   1  11   0   1   3   1   0   4   7   4   0   0   1  0.59 0.30
  394 A    3 -3 -3 -3  2 -3 -3  0 -3 -2  1 -3 -1 -1 -3  1  4 -4 -3 -2   27   0   0   0   4   0   1   6   0   1  16   1   1   3   0   7  31   0   0   1  0.45 0.30
  395 F   -4 -4 -2 -5 -4 -1 -4 -5  0  0  1 -4 -2  6 -5 -4 -4  1  7 -3    1   0   2   0   0   3   1   1   1   4  12   0   0  29   0   1   0   2  41   1  1.28 0.49
  396 R    0  5 -2 -2 -3  3  0 -4 -1 -4 -2  4 -3 -4 -3 -1 -3 -4 -3 -3    7  38   0   2   1  12   4   1   1   0   3  25   0   0   0   2   0   0   0   2  0.79 0.38
  397 L   -1 -1 -1  4 -3 -1  0 -1 -3 -1  2  1 -1 -3 -1 -1  0 -4 -3 -2    3   3   2  26   0   1   6   4   0   2  29  11   1   0   3   3   5   0   0   1  0.31 0.23
  398 S   -1 -2 -2 -3  0  0 -1  0 -3 -3 -4 -2  0 -4 -3  4  4 -4 -4 -2    4   1   0   0   2   4   4   6   0   0   1   0   2   0   0  39  32   0   0   2  0.72 0.41
  399 P    1 -4 -4 -2 -5 -3 -1 -2 -1 -4 -5 -2 -4 -2  7  0 -2 -5 -2 -3   13   0   0   2   0   0   3   2   2   1   1   2   0   2  60   5   3   0   2   1  1.42 0.53
  400 A    1 -3 -1 -3 -1 -2 -3 -3 -3 -4 -3 -3 -4 -4 -3  6  1 -5 -4 -3   10   1   3   0   1   1   1   1   1   1   2   0   0   1   0  71   6   0   0   1  1.15 0.54
  401 P   -4 -5 -5  0 -6 -2 -4 -5 -5 -6 -6 -4 -5 -6  8 -4 -4 -6 -6 -5    0   0   0   5   0   2   0   0   0   0   1   0   0   0  88   0   0   0   0   0  2.71 0.84
  402 S    1 -3 -2 -3  5 -3 -1 -3 -3 -3 -3 -3 -3 -2 -2  5  3 -4 -4 -2   12   0   0   0  14   0   3   1   0   0   2   0   0   2   1  43  18   0   0   1  0.79 0.42
  403 K   -1  2 -2 -1 -3  1  0  0  0  0 -1  3 -2 -3 -2  0 -1 -3 -2  1    4  14   0   2   0   7   3   9   3   6   5  23   0   0   2   5   2   0   1  13  0.19 0.17
  404 T   -2 -1  0 -3 -3  0  0 -3  2 -2  0 -1 -2 -2 -3  4  4 -4 -3  0    1   2   3   0   0   3   5   0   5   1   9   4   0   1   0  34  25   0   0   5  0.46 0.33
  405 L   -2 -5 -6 -6 -4 -5 -5 -6 -5 -1  6 -5 -1 -1 -5 -5 -4 -4 -4  0    2   0   0   0   0   0   0   0   0   2  88   0   0   1   0   0   0   0   0   4  1.53 0.60
  406 M   -4 -5 -6 -6  2 -5 -5 -6 -5 -1  6 -5  3 -1 -5 -5 -4 -4 -4 -2    0   0   0   0   5   0   0   0   0   1  84   0   6   2   0   0   0   0   0   0  1.51 0.59
  407 D   -3  4 -1  4 -5  1  2 -4  1 -4 -3  0 -4 -5 -4 -2  0 -5 -4 -3    0  30   2  30   0   6  13   0   4   0   3   3   0   0   0   0   6   0   0   2  0.76 0.38
  408 N   -2 -3  5 -2  1 -1 -3 -2  3 -4 -4 -3 -1 -1  0  4 -2 -4  0 -4    0   0  30   0   3   2   0   1   7   0   1   0   2   3   4  41   0   0   4   0  0.87 0.46
  409 Y   -5 -5 -5  0 -5 -4 -4 -5 -2 -4 -2 -5 -3  3 -5 -4 -4 -1  9 -4    1   0   0   6   0   0   0   1   0   0   3   0   1   8   0   1   0   0  77   0  2.24 0.75
  410 E   -3 -2  0 -1 -5  2  5 -4 -3 -4  1  2 -1 -4 -3 -2 -3 -4 -4 -4    0   0   4   2   0  10  50   0   0   0  16  13   2   0   0   1   0   0   0   0  0.84 0.43
  411 V    0 -4 -4 -4 -3 -3 -2 -4 -4  0  4 -4  2 -1 -4 -2 -2 -4 -3  4    9   0   0   0   0   0   3   0   0   2  45   0   5   2   0   3   0   0   0  29  0.65 0.34
  412 S    2 -2 -2 -2  3 -2  2  0 -3 -2 -2  0  0 -4 -2  3 -2 -4 -1 -3   22   0   0   0   7   0  17   8   0   1   3   5   2   0   1  29   0   0   2   0  0.42 0.30
  413 G    2 -4 -1  1 -4 -3 -3  6 -1 -5 -5 -3 -4 -5 -4 -1 -2 -5 -4 -4   17   0   2   8   0   0   0  62   2   0   1   0   0   0   0   3   2   0   0   0  1.17 0.45
  414 G   -3 -4 -3 -4 -4 -4 -4  6 -4 -4  1 -4 -3 -4 -4 -3 -4 -5 -5 -1    1   0   0   0   0   0   0  73   0   0  17   0   0   0   0   0   0   0   0   4  1.44 0.53
  415 T   -2 -2 -1  4 -4 -3 -2 -4 -1 -3 -4 -2 -2 -5  2  1  5 -5 -4 -3    2   2   1  28   0   0   0   0   1   1   0   1   1   0   8  10  43   0   0   0  0.90 0.45
  416 I   -2 -4 -4 -4 -3 -3 -4 -4 -4  3  2 -4  2 -2 -4  2 -2 -4 -3  4    0   0   0   0   0   0   0   0   0  18  23   0   5   0   0  17   1   0   0  32  0.62 0.33
  417 K    1  1 -2 -1 -4  2  3 -1 -2 -3 -2  2  5 -4 -3  0 -1 -4 -3 -2   11   7   0   2   0  10  20   4   1   0   0  12  20   0   0   8   2   0   0   2  0.41 0.28
  418 E   -3 -1 -2  1 -5  0  3  5 -3 -5 -5  1 -4 -5 -4 -2 -3 -5 -2 -3    0   3   0   9   0   3  24  47   0   0   0  10   0   0   0   0   1   0   2   2  0.86 0.39
  419 L   -5 -6 -7 -7 -5 -5 -6 -7 -6 -2  7 -6 -1 -3 -6 -6 -4 -5 -4 -2    0   0   0   0   0   0   0   0   0   0 100   0   0   0   0   0   0   0   0   0  1.98 0.69
  420 V   -2  4 -3 -4 -4 -1 -3 -5  2  1  3 -1  1 -3 -4 -3 -1 -4 -3  2    1  25   0   0   0   3   0   0   7   8  31   1   4   0   0   0   3   0   0  16  0.51 0.30
  421 E    1 -2  2  2 -4  1  5 -2 -3 -5 -5  3 -4 -5 -3 -1 -2 -5 -4 -4   13   0   8  12   0   6  39   2   0   0   0  16   0   0   0   2   1   0   0   0  0.72 0.36
  422 A    6 -5 -4 -5  4 -4 -4  0 -5 -4 -4 -4 -4 -5 -4 -1 -2 -6 -5 -1   79   0   0   0   8   0   0   6   0   0   0   0   0   0   0   2   2   0   0   3  1.40 0.59
  423 L   -4 -5 -6 -7 -4 -5 -6 -7 -6 -1  6 -5 -1 -3 -6 -5 -4 -5 -4  3    0   0   0   0   0   0   0   0   0   0  78   0   0   0   0   0   0   0   0  22  1.47 0.56
  424 R   -2  6 -2  0 -5  2  0 -3 -2 -4 -2  1 -1 -4 -4  1  0 -4  0 -3    1  45   0   6   0  11   4   1   0   0   3   8   1   0   0   9   5   0   3   1  0.72 0.37
  425 Q    0 -1 -1  2 -3  2  0 -3 -3 -1 -1 -2  5 -4 -3  3 -1 -4 -4  0    9   2   1  12   0  12   4   0   0   4   4   0  19   0   0  25   2   0   0   6  0.40 0.30
  426 M   -3 -5 -6 -6 -4 -4 -5 -5 -5  2  4 -5  8 -3 -6 -5 -4 -5 -4  1    2   0   0   0   0   0   0   0   0  11  38   0  42   0   0   0   0   0   0   7  1.38 0.54
  427 G   -3 -1  0  1 -6 -4 -2  6  6 -6 -6 -4 -5 -6 -5 -3 -4 -6 -4 -6    0   4   4   7   0   0   2  61  21   0   0   0   0   0   0   1   0   0   0   0  1.45 0.54
  428 Y   -3  2 -1 -4 -4 -2 -1 -3  3 -2  3  3 -2 -2 -4 -3 -3 -3  3 -2    0  14   3   0   0   0   4   2   8   0  33  23   0   1   0   1   0   0  10   1  0.48 0.32
  429 T   -2 -1  0 -1  4 -1  1 -3  1 -2 -4  0 -1 -4 -1  0  5 -5 -1 -3    1   3   4   3   8   1   8   1   3   2   0   5   2   0   2   6  48   0   2   0  0.61 0.36
  430 E   -4  0 -1  3 -6 -1  7 -3 -3 -6 -6  0 -3 -6 -4 -2 -3 -6 -5 -5    0   5   2  15   0   0  69   1   0   0   0   5   0   0   0   2   1   0   0   0  1.43 0.57
  431 A    5 -4 -4 -4  2 -4 -2  3 -5 -4 -4 -4 -4 -5 -3 -2 -2 -5 -5 -1   63   0   0   0   4   0   2  25   0   0   0   0   0   0   1   0   2   0   0   4  1.11 0.50
  432 I   -2 -5 -5 -6 -3 -2 -5 -6 -5  3  3 -5  0 -3 -5 -4 -3 -5 -4  5    2   0   0   0   0   2   0   0   0  18  33   0   2   0   0   0   0   0   0  45  0.98 0.42
  433 E    0  4  0  0 -5  0  5 -4 -3 -5 -4  0 -4 -5 -4  1 -2 -5 -2 -4    6  24   4   4   0   2  41   0   0   0   0   4   0   0   0  11   2   0   1   0  0.77 0.39
  434 V   -3 -3 -4 -5 -4 -3 -4 -5 -4  3  3  3  1 -3 -4 -4 -3 -5 -3  3    1   0   0   0   0   0   0   0   0  17  33  23   3   0   0   0   0   0   0  22  0.67 0.35
  435 I   -4 -5 -6 -6 -4 -4 -6 -7 -6  4  6 -5  0 -2 -6 -5 -4 -5 -4  0    0   0   0   0   0   0   0   0   0  25  72   0   1   0   0   0   0   0   0   2  1.40 0.53
  436 Q   -3  2  0  2 -4  6  3 -3  0 -4 -3 -1 -3 -4 -3  0 -2 -4 -3 -4    1  11   4   9   0  42  16   1   2   1   2   1   0   0   1   5   1   0   0   1  0.80 0.36
  437 A    0  1  1  0 -3  2  2  0 -1 -3 -3  2 -2 -3 -2  3  0 -3 -3 -3    7   7   5   4   0  11  12   6   1   1   1  13   0   1   1  26   3   0   0   1  0.32 0.19
  438 A    4 -1 -2 -2 -2 -2 -2 -2 -1 -2 -2 -2 -2 -2 -2  0  4 -3  0 -2   40   2   1   1   0   1   2   1   1   1   3   1   0   2   1   4  32   0   4   2  0.58 0.30
  439 F   -1 -2 -1 -2  0  0  0 -2 -2  0  3 -2  1  1 -2 -1 -1 -2 -1  0    5   2   3   1   2   3   8   4   1   3  43   1   3   6   1   3   2   0   1   7  0.22 0.14
  440 R   -1  3 -2 -2  4  0 -1 -3  0 -1 -2  3  0 -3 -2  2  0 -3 -3 -1    4  22   1   0   9   3   1   1   2   3   4  24   2   0   1  15   5   0   0   3  0.37 0.22
  441 T   -2  0 -1  0 -1  2  3  1  3 -1 -1  0 -2 -3 -2  0  0  0 -2 -2    1   3   2   2   2   8  29  13   8   6   6   6   0   0   0   5   6   2   0   1  0.26 0.18
  442 P   -2 -1  0  4 -4 -1  1 -1 -1 -4 -3 -2 -3 -4  4  2  0 -4 -4 -4    1   2   3  30   0   2   7   5   1   0   2   1   0   0  18  20   5   0   0   0  0.61 0.28
  443 E   -1 -1 -1  1 -4  2  3 -1 -1 -3 -3  2 -3 -4 -2  3 -1 -4 -3 -3    3   2   0   6   0  10  26   3   1   1   2  13   0   0   1  29   1   0   0   1  0.50 0.28
  444 T    2 -1  0 -1  0  1  1  1  0 -3 -1 -1 -2 -3  0  1  2 -3 -3 -2   23   2   2   3   2   7   9   9   2   0   5   2   0   0   4  12  17   0   0   1  0.21 0.16
  445 T    0  1 -1 -1 -3  2 -1 -2  0 -1 -2  0 -1  0  1  0 -1 -2  4 -1    8  11   3   3   0  10   2   2   2   5   3   4   1   3   8   9   3   0  22   2  0.22 0.17
  446 A    0 -2  0  2 -1 -1  0  2 -1 -3 -2 -1 -1 -3  1  1  0 -4 -3 -1    8   1   3  17   2   1   5  21   2   0   5   3   1   0   8  14   5   0   0   4  0.25 0.14
  447 S    0 -1 -1  0 -3  1  0 -2  2 -4 -4  3 -3 -4  1  3  1 -4 -3 -3    7   1   2   6   0   6   2   2   7   0   1  22   0   0   7  30   8   0   0   0  0.43 0.26
  448 S   -1 -2  0  0 -3  2  3 -1 -1 -2  1 -1 -1 -1 -1  1  1 -3 -2 -2    4   0   3   3   0   9  25   5   1   0  17   3   1   2   2  15   8   0   0   2  0.22 0.18
  449 P   -1 -2 -1  0 -3  1  2 -2 -1 -2 -3  1 -3 -2  4  3  1 -4 -3 -3    3   0   2   5   0   5  14   1   2   2   1  10   0   2  20  25   7   0   0   1  0.46 0.25
  450 V    0 -2  0  1 -3  1  0 -1  1  0 -1 -1 -2 -3 -3  2  0 -4 -2  3    4   1   3   9   0   7   4   4   5   2   3   2   0   0   0  21   4   0   0  31  0.24 0.22
  451 T   -1 -2  2  0  0 -1  3 -3  0 -3 -3  1  0 -4 -1  2  4 -4 -3 -2    3   0  10   4   2   0  22   0   2   1   0   7   4   0   2  15  27   0   0   1  0.44 0.28
  452 T    2 -2  0 -1 -3  0  4 -2 -2 -3 -4 -1 -3 -4 -2  0  4 -4  1 -2   16   1   3   2   0   3  30   1   0   0   0   2   0   0   1   6  28   0   5   2  0.51 0.31
  453 A    1 -2 -1  1 -3 -1  4  1 -1 -2 -2 -1  0 -4 -2  1  1 -4 -3  0   10   0   2   8   0   1  34  10   1   1   2   1   2   0   1   9   9   0   0   9  0.34 0.23
  454 Q    0 -1  0 -1 -3  4  2 -1 -2 -3 -1  2 -1 -2 -2  0 -1 -3 -3  0    7   1   5   2   0  29  11   4   0   0   5  15   1   2   1   7   3   0   0   8  0.32 0.21
  455 A    2 -1 -1 -1  0  0 -1  0 -2 -1  0  2  0 -3 -2  1  1 -3 -2  0   28   1   1   2   2   3   3   6   0   3   8  14   2   0   1   8   9   0   0   8  0.15 0.13
  456 H   -1 -2 -1 -1  1 -1  2 -2  3  0  0 -2 -2 -2  4  0 -2 -3  0  0    4   1   3   2   3   0  17   2   9   7   8   1   0   1  24   6   1   0   4   6  0.34 0.18
  457 L    0 -1  0  4 -1  1 -1 -2 -1 -2 -1 -1 -2 -2  1  1  1 -4 -3 -2    8   2   3  33   1   6   1   1   1   2   7   2   1   2   8   9  10   0   0   3  0.34 0.20
  458 L    0 -1 -2 -3  1 -1 -2 -3 -3 -2  2 -2  1 -3  0  4 -1 -4 -3 -2    5   3   0   0   3   2   1   1   0   0  27   1   3   0   5  43   1   0   0   2  0.46 0.30
  459 P    4 -2  0 -1 -3 -2 -2  2 -3 -3 -3 -2 -1 -2  3  2 -1 -4 -3 -3   37   1   5   4   0   1   1  16   0   0   1   2   1   1  14  14   1   0   0   1  0.49 0.26
  460 L   -2 -2 -4 -3 -3 -1 -2 -4 -2 -1  3 -3 -1  3  1 -1 -2 -2  4 -2    2   2   0   1   0   3   2   0   0   1  40   0   0  12   9   7   1   0  18   1  0.49 0.27
  461 S    0 -1 -2 -1 -1 -1  0  3 -1 -4 -3  2 -3 -3  2  3 -2 -4 -3 -3    4   3   0   2   1   2   6  27   1   0   2  17   0   1   9  24   0   0   0   0  0.43 0.24
  462 S    0 -2 -1  0 -4 -2 -1 -2 -3 -4 -3 -2 -2 -5  5  4 -1 -5 -4 -3    7   2   1   6   0   0   2   2   0   0   2   0   1   0  32  42   2   0   0   1  0.90 0.40
  463 S    0 -1 -2 -1 -2  5  0  2 -1 -3 -2 -1 -2 -2  2  0  1 -4 -3 -2    6   3   0   2   1  31   4  19   1   0   4   0   0   2   9   7   8   0   0   2  0.40 0.26
  464 S   -1 -1 -2 -1  0 -2 -1  0  0 -2 -2 -1 -2  0  3  4  0 -4 -2  0    3   2   0   2   2   1   3   6   3   1   3   2   1   5  17  37   5   0   1   6  0.38 0.25
  465 T    0 -2 -1 -2  0  0  0  1 -3  0 -1 -2  2 -2 -3  0  1 -4 -3  3    6   1   3   0   2   6   7  12   0   4   4   0   9   1   0   4  13   0   0  26  0.18 0.17
  466 R   -1  2  0  2 -4  1  4  1  0 -4 -1  1 -2 -4 -3 -1 -2 -4 -3 -3    4  10   4   9   0   4  35  13   2   0   6   8   1   0   0   3   1   0   0   0  0.42 0.24
  467 Q   -1 -2 -1 -1 -4  5  3 -1 -2 -3  1 -2 -2 -4  2 -1 -2 -4 -3 -2    4   0   2   2   0  30  22   6   0   0  18   0   0   0  10   3   1   0   0   2  0.50 0.30
  468 H   -2  0 -2 -1 -2  2  3 -2  5 -3 -2  1 -1 -3  1 -1 -2 -3  2 -2    2   2   0   2   1  12  27   3  15   1   4  10   1   0   6   2   2   0   7   3  0.40 0.22
  469 I    1 -2  1 -1  0  0 -1 -1 -2  1  0 -1  1 -2 -1  1  1 -3 -1  1   12   0   9   3   1   3   3   2   0  12   6   2   6   1   2  10  11   0   1  14  0.08 0.09
  470 D   -1 -1  0  3 -3  2  3  2 -2 -4 -3 -1 -3 -3  0  1 -2 -2 -3 -3    3   2   2  21   0  11  24  16   0   0   2   1   0   1   4  12   1   0   0   1  0.45 0.21
  471 E   -1  0 -1  0 -4  2  3 -1 -1 -3 -3  4 -2 -2  0 -1 -1 -3 -1 -3    2   2   2   5   0  11  27   4   0   1   1  30   0   2   4   1   3   0   2   1  0.45 0.20
  472 L   -1 -1 -3 -3 -2 -2 -3 -3 -3  0  3 -2  0  2  3 -1 -2  0 -1  1    3   4   0   1   0   1   1   1   0   1  42   1   2  12  14   4   1   2   0  11  0.36 0.18
  473 R   -2  4 -2 -1 -4  6  0 -2 -2 -3 -3  0  2 -4 -2 -2 -2 -3 -3 -2    1  31   0   2   0  41   4   2   0   1   1   2   7   0   1   1   1   0   0   4  0.80 0.30
  474 D   -2 -2  0  5 -4  1  1 -1 -2  1 -2 -2 -1 -4 -1  0  0 -4 -3 -2    0   0   2  49   0   8   6   4   0  12   2   0   1   0   3   6   5   0   0   2  0.60 0.22
  475 N    0 -1  4  4  0  1  0 -2 -1 -3 -3 -1 -3 -4  0  1  1 -4 -3 -3    6   3  26  24   2   6   5   1   0   0   1   1   0   0   4  11   9   0   0   1  0.45 0.17
  476 D   -2 -2 -1  4 -4 -1  5 -1 -2 -5 -5 -2 -4 -5 -3  3 -2 -5 -4 -4    0   0   0  24   0   0  39   4   0   0   0   0   0   0   0  31   0   0   0   0  0.86 0.31
  477 S    0 -3 -1 -2 -3 -2 -1  3 -3 -4 -4 -2 -3 -4 -1  4 -1  2 -2 -1    5   0   1   0   0   0   4  29   0   0   0   0   0   0   3  49   0   3   1   5  0.65 0.27
  478 V    0 -3 -3 -4 -2 -3 -3 -4 -4  3  0 -1  3 -2 -3 -2  2 -4 -3  4    8   0   0   0   0   0   0   0   0  17   6   4   8   0   0   0  18   0   0  38  0.46 0.20
  479 C   -3 -5 -5 -5 11 -5 -5 -5 -5 -3 -3 -5 -4 -1 -5 -1 -3 -4 -3 -1    0   0   0   0  84   0   0   0   0   0   0   0   0   3   0   5   0   0   1   5  2.58 0.52
  480 D   -4  0 -1  8 -5 -2 -1 -3 -3 -5 -5 -2 -5 -5 -3 -2 -3 -6 -5 -5    0   5   0  90   0   0   0   0   0   0   0   0   0   0   0   0   0   0   0   0  1.85 0.43
  481 S   -1 -3 -2 -2 -3 -2 -2 -2 -3 -4 -4 -2 -3 -4 -3  7 -1 -5 -4 -4    0   0   0   0   0   0   0   0   0   0   0   0   0   0   0  95   0   0   0   0  1.49 0.44
  482 G   -2 -4 -2 -3 -4 -3 -4  7 -4 -5 -5 -3 -4 -5 -4  0 -3 -4 -5 -5    0   0   0   0   0   0   0  90   0   0   0   0   0   0   0   5   0   0   0   0  1.71 0.38
  483 V   -2 -4 -4 -4 -2 -4 -4 -4 -4  1  1 -4 -1 -2 -4 -3 -2 -4 -3  6    1   0   0   0   0   0   0   0   0   0   9   0   0   0   0   0   0   0   0  85  1.13 0.32
  484 E   -2 -2 -2  0 -5  0  7 -4 -2 -5 -4 -1 -4 -5 -3  0 -2 -4 -4 -4    1   0   0   0   0   0  88   0   0   0   1   0   0   0   0   6   0   0   0   0  1.49 0.38
  485 T   -2 -2 -2 -3 -2  0 -2 -3 -3  0  2  0 -1 -2 -3  0  5 -3 -3 -1    1   0   0   0   0   3   0   0   0   5  24   6   0   0   0   5  53   0   0   0  0.56 0.23
  486 S   -1 -3 -1  1 -3 -2 -2 -2 -3 -4 -4 -2 -3  0 -3  6 -1 -4 -3 -3    1   0   0   6   0   0   0   0   0   0   1   0   0   4   0  84   0   0   0   0  1.11 0.35
  487 F   -3 -4 -4 -4 -3 -4 -4 -4 -3  0  1 -4 -1  8 -4 -3 -1 -1  2 -2    1   0   0   0   0   0   0   1   0   4   9   0   0  75   0   1   3   0   3   0  1.23 0.26
  488 R   -1  5 -1 -3 -4  1 -1 -4  6 -4 -3  1  0 -3 -3 -2 -2 -4 -1 -1    3  49   0   0   0   7   0   0  29   0   0   4   3   0   0   0   0   0   0   4  0.90 0.24
  489 K   -2  3  1 -2 -4  0 -1 -3 -2 -4 -4  5 -3 -4  2  0  0 -4 -3 -4    0  15   5   0   0   0   0   0   0   0   0  62   0   0   8   4   5   0   0   0  0.79 0.22
  490 L   -3 -4 -5 -5 -3 -3 -4 -5 -4  0  5 -4  2  1 -1 -4 -2 -3 -2  0    0   0   0   0   0   0   0   0   0   0  86   0   5   4   3   0   0   0   0   3  0.91 0.23
  491 S   -1 -2 -1 -2 -3  1  1 -2 -2 -4 -2  0 -3 -4 -2  6  0 -4 -3 -3    0   0   0   0   0   5   8   0   0   0   3   4   0   0   0  81   0   0   0   0  0.88 0.27
  492 F   -3  1 -3 -4 -3 -1 -3 -4 -2  0  1 -3 -1  7 -4 -1 -3 -1  1 -2    0   8   0   0   0   3   0   0   0   6  16   0   0  59   0   8   0   0   1   0  0.75 0.21
  493 S    0 -2  1 -2 -2  1 -1 -1 -2 -3 -3 -1 -1 -4 -2  4  3 -4 -3 -2    1   0   6   0   0   8   0   4   0   0   0   0   1   0   0  55  25   0   0   0  0.63 0.21
  494 E   -2  0 -1  4 -4  2  5 -3 -1 -4 -4  0 -3 -3 -2 -1 -2 -3  2 -3    0   4   0  24   0   8  49   0   0   0   0   4   0   0   0   1   0   0   8   0  0.72 0.18
  495 S    0 -2 -1 -1  2 -1  1  1  1 -3 -4 -1 -3 -3 -1  5  0 -4 -3 -3    1   0   0   2   5   0   8   9   3   0   0   0   0   0   1  66   2   0   0   0  0.60 0.20
  496 L   -2 -3 -3 -2 -2 -2 -3 -3 -3  1  4 -3  1  2 -3  1 -1 -2 -1  0    0   0   0   2   0   0   0   0   0   6  59   0   1  10   0  20   0   0   0   0  0.39 0.14
  497 T    2 -2  3 -1 -2 -1 -1  0 -2 -2 -2 -1 -2 -3  0  2  3 -4 -3 -1   19   0  22   0   0   0   0   4   0   0   2   0   0   0   4  17  28   0   0   4  0.35 0.12
  498 G    0 -1  2 -1 -2 -1 -1  2 -2 -3 -3  1 -2 -4 -2  4  2 -4 -3 -3    2   0  10   0   0   0   0  18   0   0   1   8   0   0   0  51  10   0   0   0  0.49 0.15
  499 D   -1  1  0  0 -3  0 -1  3 -2 -3 -3  3 -2 -4 -1  1  1 -4 -3 -2    0   7   3   4   0   0   1  26   0   0   0  30   0   0   1  13  13   0   0   2  0.35 0.10
  500 G    0  1  0 -1 -2  0 -1  2 -2 -3 -2  0 -2 -3 -1  3  2 -3 -3 -2    3  10   1   0   0   3   0  16   0   0   5   2   0   0   1  42  16   0   0   0  0.34 0.11
  501 P    0 -2 -1 -1 -2 -1  0 -2 -2 -3 -4 -1 -3 -4  5  4  0 -4 -3 -3    4   0   0   0   0   0   5   0   0   0   0   1   0   0  30  59   0   0   0   0  0.83 0.18
  502 L    0 -1 -1 -2 -1 -1 -1 -2 -2  0  3 -1  1  0 -1  1  0 -1 -1  0    4   2   2   2   1   1   2   3   1   2  51   2   2   1   2  15   3   0   1   3  0.17 0.05
  503 L   -2 -3 -4 -4 -2 -3 -3 -4 -3  2  4 -3  1 -1  2 -3 -2 -3 -2  2    0   0   0   0   0   0   0   0   0  13  54   0   0   0  12   0   0   0   0  20  0.48 0.12
  504 S   -1 -1  1 -1 -2 -1  2 -2 -2 -2 -3 -1 -2 -3  1  2  5 -3 -3 -2    1   1   6   0   0   0  16   1   0   0   0   0   0   0   6  15  52   0   0   0  0.48 0.13
  505 L   -2 -3 -4 -4 -2 -3 -4 -4 -3  1  4 -3  3  0 -4 -3 -2  5 -1  0    0   0   0   0   0   0   0   0   0   2  73   0   8   2   0   0   0  12   0   0  0.72 0.14
  506 N    0 -1  4  2 -2 -1  0  1  0 -3 -3  1 -2 -3 -2  2  1 -4 -2 -3    3   0  28  12   0   0   0   7   2   0   0  11   0   0   0  27   8   0   0   0  0.37 0.09
  507 K   -2  1 -1  1 -4  0  0 -3 -2 -4 -4  6 -2 -4 -2 -1 -1 -4 -3 -3    0   2   0   8   0   0   0   0   0   0   0  86   0   0   0   0   1   0   0   0  0.93 0.19
  508 M   -1 -2 -1 -3 -2 -1 -3 -1 -2  2  1  0  6 -1 -3 -2 -1 -3 -2  1    2   0   4   0   0   0   0   5   0  14   6   6  52   0   0   0   2   0   0   7  0.44 0.13
  509 P    2 -1 -1 -2 -2 -2 -2  1 -2 -2 -2 -1 -2 -3  5  0  2 -4 -3 -2   21   2   2   0   0   0   0  10   0   1   4   0   0   0  35   3  24   0   0   0  0.62 0.10
  510 H   -2 -1 -2 -2 -1 -1 -1 -3  6 -1  2 -2  0 -1  3  0 -1 -3 -1 -1    0   3   0   0   1   0   4   0  31   0  38   0   1   0  14   7   2   0   0   0  0.40 0.11
  511 N   -1 -2  1  3 -4 -1  2  4  3 -4 -4 -1 -3 -4 -2  0 -2 -4 -3 -3    0   0   6  18   0   0  16  46  10   0   0   0   0   0   0   4   0   0   0   1  0.58 0.10
  512 Y   -3 -1 -3 -4  4 -2 -3 -4  1 -2 -2  0 -2  3 -4 -2 -2  1  7 -2    0   4   0   0  10   0   0   0   2   0   0  10   0   9   0   0   0   0  66   0  0.99 0.18
  513 G    0 -2 -1 -2 -3 -1 -3  6 -3 -4 -4 -2 -1 -4 -1 -1 -2 -4 -4 -3    4   2   0   0   0   4   0  83   0   0   0   0   2   0   2   1   0   0   0   1  1.09 0.15
  514 Q   -2  0 -1 -2 -4  6  0 -3  7 -4 -4  0 -2 -3 -2  1 -2 -3 -1 -4    0   2   0   0   0  53   0   0  35   0   0   0   0   0   1  10   0   0   0   0  0.92 0.18
  515 D   -2 -1 -1  4 -4  2  5 -2 -1 -3 -4  0 -3 -4 -2 -1 -2 -4 -3 -2    0   0   0  26   0   5  61   2   1   0   0   1   0   0   0   0   0   0   0   4  0.81 0.14
  516 G    0 -2  1 -1 -2 -1 -1  4 -1 -3 -3 -1 -2 -1 -2  3  0 -3 -2 -3    4   1   8   0   0   0   1  45   1   0   0   0   0   5   0  31   5   0   0   0  0.51 0.09
  517 P    0 -2 -1 -2 -2 -1 -1 -2 -2 -3 -1 -1 -2 -3  5  4  0 -4 -3 -3    0   0   0   0   0   0   0   0   0   0   7   1   0   0  38  55   0   0   0   0  0.86 0.14
  518 I    0 -3 -3 -4 -2 -3 -3 -1 -3  4  2 -3  1 -1 -3 -2 -1 -3 -2  3    8   0   0   0   0   0   0   6   0  36  20   0   1   0   0   0   0   0   0  29  0.34 0.07
  519 E   -2  0 -1  0 -4  5  5 -1 -1 -4 -4  0 -2 -4 -2 -1 -2 -3 -3 -3    0   0   0   0   0  49  48   3   0   0   0   0   0   0   0   0   0   0   0   0  0.90 0.15
  520 G    0 -3 -1 -2 -3 -2 -2  5 -2 -4 -4 -2 -3 -4 -2  3 -1 -3 -3 -3    0   0   0   0   0   0   0  67   0   0   0   0   0   0   0  33   0   0   0   0  0.92 0.13
  521 K   -1  1  4  0 -4  1  1 -2 -1 -4 -3  4 -2 -4 -2  0  0 -4 -3 -3    3   0  33   0   0   2   6   0   0   0   0  51   0   0   0   0   4   0   0   0  0.57 0.11
  522 I   -2 -3 -4 -4 -2 -3 -4 -4 -4  5  1 -3  2 -1 -3 -3 -1 -3 -2  3    0   0   0   0   0   0   0   0   0  71   0   0   8   0   0   0   0   0   0  20  0.59 0.09

                      K         Lambda
Standard Ungapped    0.1324     0.3142
Standard Gapped      0.0487     0.2670
PSI Ungapped         0.1588     0.3116
PSI Gapped           0.0487     0.2670
