
Last position-specific scoring matrix computed, weighted observed percentages rounded down, information per position, and relative weight of gapless real matches to pseudocounts
           A  R  N  D  C  Q  E  G  H  I  L  K  M  F  P  S  T  W  Y  V   A   R   N   D   C   Q   E   G   H   I   L   K   M   F   P   S   T   W   Y   V
    1 M   -4 -4 -5 -6 -4 -3 -5 -6 -4 -2 -1 -4 10 -3 -5 -4 -3 -4 -4 -2    0   0   0   0   0   0   0   0   0   0   0   0 100   0   0   0   0   0   0   0  2.67 0.71
    2 A    7 -4 -4 -4 -3 -3 -3 -2 -4 -4 -4 -3 -3 -5 -3 -1 -2 -5 -4 -3   99   0   0   0   0   0   1   0   0   0   0   0   0   0   0   0   0   0   0   0  1.62 0.57
    3 S    2 -3 -2  1 -3  0 -1 -2 -3 -4 -4 -2 -4 -5 -1  6  0 -5 -4 -4   15   0   0   7   0   3   3   0   0   0   0   0   0   0   3  65   4   0   0   0  0.89 0.42
    4 G    1 -1 -1 -2 -4 -3 -1  6  0 -5 -2 -2 -4 -4 -4 -1 -2  1 -4 -4   14   3   2   2   0   0   4  62   3   0   4   1   0   0   0   1   1   2   0   0  0.92 0.35
    5 Q    0 -1  3  2 -4  5  0  1  0 -4 -3  0 -3 -4  0 -1 -2 -4 -3 -4    6   0  18  12   0  33   2  12   2   0   3   4   0   0   3   3   0   0   0   0  0.51 0.28
    6 G   -1 -1  1  2  0 -2  0  5 -3 -4 -4 -1 -4 -4 -3  0 -1 -4 -2 -4    2   3   7  12   2   1   7  51   0   0   0   3   0   0   0   6   3   0   2   1  0.70 0.29
    7 P   -2  0  2  1 -1 -2  0  3 -2 -4 -4  0 -4 -5  5  0  0 -4 -4 -4    1   4  12   6   2   0   6  27   1   0   0   4   0   0  27   6   4   0   0   0  0.63 0.27
    8 G   -2 -2  0  4 -5 -2  1  4 -3 -5 -4 -1 -4 -4 -3  0 -3 -4  1 -4    0   1   3  29   0   0  11  41   0   0   1   2   0   0   0   5   0   0   6   0  0.78 0.35
    9 P   -2  1 -1  1 -2  0  1 -3 -3 -2 -2 -2 -3 -5  7  0 -2 -5 -4 -4    1   7   3   6   1   4   9   1   0   3   5   0   0   0  51   7   1   0   0   0  1.04 0.39
   10 P   -2 -2  2  0 -1  0  2 -2 -3 -3 -3 -2 -3 -4  6  0 -2  1 -4 -4    2   1  12   5   1   5  12   3   0   2   3   1   0   0  43   6   2   2   0   0  0.88 0.35
   11 K   -2  5  0  0 -4  1  0 -1 -2 -4 -1  0 -3 -3  3  0 -2 -2 -3 -3    2  39   3   5   0   6   5   4   0   0   6   2   0   1  18   6   1   1   0   1  0.60 0.31
   12 V    0  2  0  1 -3  3  2  0  1 -3 -2  0 -2 -2 -1  0  1 -2 -2 -2    7  11   4   7   0  19  12   5   4   0   3   3   0   1   2   7  12   0   0   1  0.24 0.18
   13 G    0 -1 -1  3 -4 -1  1  4  1 -2 -1 -1 -3 -2 -2  0 -2 -4 -3 -3    5   3   1  18   0   2  11  34   4   3   7   1   0   1   1   6   2   0   0   0  0.39 0.22
   14 C    2 -1  0 -2  5 -2  0  2 -2 -2 -2 -1 -2 -1 -1  1 -1 -3 -3 -1   19   3   4   1  17   0   7  18   0   1   4   2   0   3   3  10   1   0   0   4  0.30 0.20
   15 D    0  1  0  1 -3  0  2  3  1 -3 -3  0 -3 -3  0  0  1 -4 -3 -1    6  10   3   9   0   2  13  26   4   0   0   4   0   1   5   3   8   0   0   4  0.27 0.17
   16 E   -1  2 -1  1 -4  1  4  2 -2 -4 -4  0  0 -4  0  1 -2 -4 -3 -3    2  12   0   8   0   5  32  17   0   0   1   4   3   0   3  10   1   0   0   1  0.44 0.25
   17 S    1  1 -2 -1 -3  0  0  2 -2 -1 -2  0 -1 -3  4 -1 -1 -4 -3 -2   14   8   0   3   0   5   4  18   0   4   4   4   2   0  26   3   2   0   0   2  0.41 0.20
   18 P   -1  1 -2 -1 -2  2  3  0  0 -4 -2 -1 -3 -4  4  2 -1 -4 -4 -3    4   8   0   3   1   8  19   8   2   0   4   1   0   0  25  15   1   0   0   0  0.50 0.28
   19 S    0 -1  0  2 -3  0  1  0 -2 -2 -1 -1 -1 -3  1  3  1 -4 -3 -1    7   2   4  13   0   2   8   8   0   0   9   3   1   0   6  26   7   0   0   3  0.21 0.18
   20 P    2  0  1  1 -3 -1 -1  0 -2 -2 -2 -2 -2 -4  1  1  1 -4 -3  1   17   7   9   7   0   1   3   7   0   0   3   0   0   0   8  14  12   0   0  12  0.20 0.18
   21 S    0 -3 -1 -1 -3 -2  1 -2 -3 -1 -4 -2 -2 -2 -3  5  2 -5 -1 -2    7   0   1   3   0   0   8   1   0   3   1   1   1   1   1  52  15   0   2   2  0.68 0.42
   22 E   -3 -1 -2  3 -5  0  6 -3 -3 -4 -5 -1 -4 -5 -4  1 -2 -5 -4 -1    1   2   1  17   0   2  56   2   0   0   0   2   0   0   0   9   2   0   0   5  0.99 0.47
   23 Q   -3  0 -2  5 -5  3  4 -1 -3 -5 -5  1 -4 -5 -3 -1 -2 -5 -4 -4    1   5   1  30   0  17  28   5   0   0   1   6   0   0   0   3   1   0   0   1  0.82 0.41
   24 Q   -2  1  2  1 -4  6  2 -2  1 -3 -4 -2 -2 -5 -1  0 -2 -5 -4 -3    2   9   9   9   0  40  12   2   3   1   1   0   1   0   3   5   2   0   0   1  0.70 0.41
   25 V   -3 -5 -2 -5 -3 -3 -5 -4 -5  5  0 -4  1 -2 -4 -4  0 -5 -4  5    0   0   2   0   0   1   0   1   0  30   6   0   4   1   1   0   4   0   0  47  0.95 0.45
   26 A    3 -2 -3 -2 -3 -1 -1 -1 -3  0  1 -2  2 -3 -2  0 -1 -4 -3  2   34   2   0   2   0   1   5   3   0   5  12   2   8   0   1   8   2   0   0  15  0.29 0.24
   27 Q   -2  2  1 -1 -4  3  3 -2  1 -4 -3  1 -2 -3  0  0  0 -1  1 -3    2  10   7   1   0  16  26   3   3   0   1   7   1   0   5   5   5   1   6   2  0.40 0.27
   28 D   -4 -3  0  5 -6  4  3 -2  2 -5 -5 -3 -4 -6 -4 -1  1 -6 -5 -2    0   0   3  38   0  20  17   2   5   0   0   0   0   0   0   4   8   0   0   3  0.95 0.50
   29 T    2 -4  4 -3 -4 -4 -4  2 -3 -5 -4 -4 -4 -5 -4  1  4 -6 -3 -4   16   0  23   0   0   0   0  18   0   0   1   0   0   0   0   7  32   0   1   0  0.86 0.51
   30 E    1  5  0 -1 -2  0  4 -3 -3 -5 -5 -1 -4 -3  1 -2 -1 -2  0 -2   12  34   5   2   1   2  26   2   0   0   0   1   0   1   6   1   3   1   3   2  0.69 0.44
   31 E    0 -3  0 -1 -5 -2  5  0 -2  0 -1 -2 -2 -3 -4  0 -2 -5 -2  1    8   0   4   3   0   0  44   9   0   5   5   1   1   1   0   6   1   0   1  11  0.54 0.39
   32 V   -2 -5 -6 -6 -4 -3 -5 -6 -6  4  3 -5 -2 -3 -5 -5 -1 -5 -4  5    2   0   0   0   0   1   0   0   0  25  30   0   0   0   0   0   4   0   0  36  1.03 0.50
   33 F   -2 -5 -6 -6 -4 -5 -5 -4 -5 -1  2 -5 -1  6 -6 -3 -2 -4 -2  4    3   0   0   0   0   0   0   1   0   2  18   0   1  34   0   2   3   0   0  36  1.07 0.53
   34 R   -1  4  1 -2  3  1  1 -4 -2 -2  0  1  3 -3 -4 -2 -1 -4 -3 -1    6  29   6   1   6   7   8   0   0   1   7   8  10   1   0   2   3   0   1   5  0.41 0.30
   35 S   -2 -2  2  3 -4 -1 -2  2  0 -5 -5  2 -4  0 -3  3 -1 -4 -2 -4    1   2   8  19   0   2   0  18   2   0   0  16   0   4   0  23   3   0   1   0  0.51 0.35
   36 Y   -4 -5 -2 -6 -6 -5 -5 -6 -3 -4 -4 -5 -4  6 -6 -4 -3 -2  8 -5    1   0   2   0   0   0   0   0   0   0   1   0   0  32   0   1   1   0  58   0  2.27 0.85
   37 V    1 -5 -5 -5 -4 -4 -5 -5 -5  6  1 -4  0 -2 -2 -2 -3 -5 -4  4   10   0   0   0   0   0   0   0   0  42   9   0   2   1   2   2   1   0   0  28  0.94 0.46
   38 F   -2  0  0 -3 -1 -1 -3 -1  6 -2 -3 -2 -1  4 -2  1 -2 -1  3 -2    3   5   4   1   1   3   1   5  19   3   2   2   1  22   2  12   2   1  11   3  0.53 0.32
   39 Y   -3 -2 -2  1 -3  1  0 -3  4 -4 -4 -2 -4 -1 -4 -4 -3  1  8 -2    1   2   1   8   0   6   6   2  10   1   1   2   0   1   1   1   2   2  50   3  1.27 0.57
   40 L   -3  6 -3 -4 -2 -1 -2 -4 -1 -1 -2  4 -2 -5 -4 -3 -2 -5 -4 -3    2  48   1   0   1   1   1   1   1   5   3  28   1   0   0   2   2   0   0   2  1.16 0.56
   41 H   -2 -2 -3 -4 -4 -3 -1 -4  5 -1  4 -4  0 -1 -3 -4 -2 -3  3  0    3   3   1   0   0   1   4   1  17   2  44   0   2   2   1   1   2   0  11   5  0.70 0.41
   42 Q   -1  3 -1 -2 -2  5 -1 -2  1 -5 -4 -1 -4 -5 -3  3 -2 -1 -4 -4    5  18   3   2   1  30   3   2   3   0   1   2   0   0   1  24   2   1   0   1  0.75 0.48
   43 Q   -2  3  1 -1  0  7 -2 -3 -3 -1 -4  0 -4 -4 -4 -1 -1 -1 -4 -3    3  14   6   4   2  46   1   2   0   4   2   5   0   1   1   4   4   1   0   2  0.90 0.53
   44 E   -2  3  1  1  2  0  4 -3  2 -4 -4  1 -3 -5 -3  0 -1 -5 -4 -3    2  19   7   7   5   2  29   2   5   1   1   8   0   0   1   8   2   0   0   1  0.54 0.35
   45 Q   -1  3  1 -3 -5  4 -1  4 -2 -4 -4 -2 -3 -2 -1 -2 -2 -3 -3 -3    6  15   6   1   0  20   2  34   0   1   1   1   0   2   4   1   2   0   1   2  0.62 0.39
   46 E   -1 -3 -2  2 -3  0  4 -3  0 -3 -3 -3 -1  0  0 -1 -1 -3  5 -2    6   1   1  12   0   3  31   2   2   1   2   1   2   4   4   4   3   0  20   2  0.57 0.39
   47 T    2  0 -1  1 -4  0  3 -1 -2 -2 -3 -2 -3 -3 -2  2  1 -3 -4  0   17   5   2   8   0   4  23   3   0   2   2   1   0   1   1  14   9   0   0   8  0.30 0.26
   48 Q    0  1  2  0  1  1  2  0  1 -5 -4 -2 -4 -3  1 -1 -2  7 -2 -4    7   9  10   4   3   6  15   7   3   0   1   0   0   1   8   4   2  17   0   1  0.55 0.35
   49 G    1 -1 -2  2 -4 -1  1  5 -3 -4 -4 -3 -3 -2  0 -1 -2 -5 -4 -3   10   3   1  13   0   3   8  44   0   1   2   1   0   2   4   4   2   0   0   2  0.66 0.36
   50 R    3  2  0  1 -2  1  1  0 -2 -1 -2 -1 -3 -4 -2  0  1 -3 -2 -1   30  10   5   7   1   5  10   5   0   3   2   2   0   0   1   5   8   0   1   5  0.24 0.22
   51 P    2 -2 -1 -2  1 -1  0  1  0 -2 -1 -2 -1 -3  3  1  0 -4 -2  1   20   2   3   2   3   1   8   9   3   1   4   1   1   1  14   8   7   0   1  10  0.21 0.19
   52 P   -1 -3 -2  1 -5 -4  0  1 -4 -4 -2 -4 -4 -5  7 -2 -2 -3 -5  0    5   2   2   9   0   0   5  11   0   0   4   0   0   0  49   2   2   0   0   8  1.10 0.52
   53 A    3 -1 -1 -1 -2 -2 -1  2  2 -1 -1 -2  1 -3 -1  1  1 -4 -2  0   25   4   1   4   1   1   2  15   7   3   5   0   4   1   3   9   8   0   1   6  0.21 0.20
   54 N   -1 -1  1  4 -1 -2  0  0 -1 -2  0 -2  0 -2 -1  2  1 -4 -3 -1    4   4   5  27   1   0   5   6   1   2  10   1   2   2   3  15   7   0   0   4  0.26 0.21
   55 P    1  0 -2 -2 -3 -1  0  0  0 -5 -4 -3 -4 -5  7  0 -1 -5 -4 -3   10   5   1   2   0   2   7   6   2   0   1   0   0   0  50   6   3   0   1   2  1.08 0.50
   56 E    1  1 -1  1 -4 -1  4  0  1 -3 -2 -1 -2 -4  0  1 -1 -4 -3 -1   11   7   3   5   0   1  36   6   3   1   3   2   1   0   5   8   2   0   0   5  0.41 0.29
   57 M   -1 -1 -1 -3 -2 -1 -2 -2 -2  2  2 -2  4 -1  1  0 -1 -2 -2  0    5   4   3   1   1   2   2   3   1  11  25   2  16   2   7   8   3   1   1   4  0.24 0.20
   58 D    0 -1  0  1  0  0  0  1 -1 -1 -1 -1  0 -1  0  1  0 -3 -2  1   10   4   4  11   2   4   7   9   1   1   6   1   3   3   5   9   6   0   0  14  0.07 0.09
   59 N    1  0  1  0 -1  1  1  2  0 -2 -1 -1 -2 -2 -1  1  1 -3 -3 -2   10   7   6   3   1   7   9  16   2   2   6   1   0   1   3  10  13   0   0   2  0.15 0.14
   60 L    0  1 -2 -1 -1  0 -1 -2 -1  2  1 -1  0 -1  2 -1 -1 -1 -2  1    9  11   1   2   2   5   4   3   1  12  19   1   1   3   9   4   2   1   0   8  0.10 0.11
   61 P    0  0 -2  0 -4  3  0 -2  0 -2 -2 -1 -2 -4  5  1  0 -4 -3 -3    7   5   2   4   0  13   6   3   2   2   4   2   1   0  31  11   4   0   0   1  0.57 0.31
   62 L    0 -1 -1 -1 -2  3  0 -1 -1 -1  1 -1 -1 -3  3  0 -1 -1 -3  0   10   3   3   3   1  16   6   4   1   2  18   2   1   1  13   7   3   1   0   5  0.18 0.17
   63 E    0  0  0  1 -2  2  3 -2  1 -2 -3 -1 -3 -4  2  1  0 -4 -3 -2    9   4   4   6   1  11  24   3   3   3   2   1   0   0  11  11   4   0   0   2  0.33 0.23
   64 P   -1 -1 -2 -2 -2  2  0 -2 -3 -3  0 -2 -3 -4  7  0 -2 -4 -4 -3    3   3   1   2   1  10   5   3   0   1   9   1   0   0  48   8   2   0   0   2  0.99 0.44
   65 N    0  0  1  2 -1  0  0  2  0 -2 -2 -1 -1 -3 -1  2  0 -3 -2 -2    5   6   5  15   2   4   4  17   3   2   5   2   1   0   3  19   4   0   1   2  0.20 0.16
   66 S    1  0 -1 -1 -3  0 -1  0 -1 -1 -2 -1 -2 -3  3  3  0 -4 -3 -2   10   6   2   3   0   3   3   5   2   5   4   2   0   0  15  31   6   0   0   2  0.33 0.24
   67 I    1  0  0 -1 -2  0 -1  0  0 -1 -1 -1 -1 -1  2  1  2 -2 -2  0   11   5   3   3   0   5   1   7   2   2   5   2   1   3  12  10  19   0   1   8  0.15 0.13
   68 L    0 -2  0 -2 -1 -1 -1  0  1  1  0 -2  4 -2  2  0  1 -3 -1  1    7   1   5   1   1   1   5   7   4   9   8   1  15   0  11   6   9   0   1   9  0.15 0.15
   69 G    1  0  0  0 -1  0  1  1 -1 -2 -3  2 -1 -3  0  1 -1 -3 -3 -1   17   3   5   5   1   4   8  10   1   2   1  17   1   0   4  13   3   0   0   3  0.17 0.14
   70 Q    1  2 -1  0 -4  4  2 -2  0 -3 -3  2 -2 -4  0  0 -2 -4 -2 -1   16  10   1   5   0  24  11   1   2   0   2  10   0   0   4   5   1   0   1   4  0.36 0.25
   71 V    0 -1 -4 -4 -3 -4 -4 -4 -4  3  2 -4 -1 -3 -3 -3 -1 -4 -3  5    6   4   0   0   0   0   0   1   0  13  16   0   1   0   1   1   4   0   0  51  0.75 0.37
   72 G    1 -1 -1 -3 -2 -1 -2  3  4 -3 -2  2 -3 -2 -2  0 -2 -3 -1 -1   13   3   1   0   1   1   1  29  14   1   4  13   0   2   2   6   1   0   2   6  0.37 0.24
   73 R    0  5 -1 -2 -2  3  2 -3  1 -2 -1  0 -2 -2 -2  0 -2 -4 -3 -2    6  34   1   1   1  16  11   1   3   1   8   1   1   1   1   5   2   0   0   3  0.48 0.30
   74 Q    3  2 -2 -3  5  3 -2 -3 -2 -2 -2 -1 -2 -3 -1 -1  1 -3 -2  1   25  10   2   1  12  16   1   1   1   1   2   3   0   0   2   2  10   0   1  12  0.37 0.27
   75 L   -4 -4 -5 -5 -4 -4 -5 -5 -5  0  6 -4  4 -2 -5 -4 -3 -4 -3 -1    1   0   0   0   0   0   1   1   0   3  80   0   8   0   0   1   1   0   0   3  1.34 0.53
   76 A    3  6 -3 -4 -2 -1 -3 -3 -3 -3 -1  1 -3 -4 -2 -2 -3 -4 -4 -3   26  50   0   0   1   2   1   2   0   1   5   5   0   0   2   1   1   0   0   1  0.92 0.44
   77 L    0  1 -1  2 -1  2  3 -3 -2  2 -1  1 -1 -2 -1  0  0 -3 -3 -1    7   9   1  12   1   9  19   1   0  15   3   7   1   1   2   4   4   0   0   3  0.21 0.17
   78 I    3 -4 -4 -4 -3 -3 -3 -3 -4  5  0 -3  1  0 -1  0  0 -4 -3  0   25   0   0   0   0   0   0   0   0  37   8   1   3   4   3   7   6   0   0   3  0.50 0.31
   79 G    2 -1 -3 -4 -2 -4 -4  6 -4 -5 -5 -4 -4 -5 -4 -1 -3 -5 -5 -3   14   3   0   0   1   0   0  73   0   0   1   0   0   0   0   3   1   0   0   1  1.46 0.54
   80 D   -4 -3  2  7 -3 -3  1 -3 -4 -5 -5 -3 -5 -5 -4 -2 -1 -6 -5 -5    1   1   8  71   1   0   7   2   0   0   1   0   0   0   0   2   4   0   0   0  1.60 0.59
   81 D   -3 -2  0  4 -5  0  5 -3  0 -4 -3 -1 -4 -4 -3 -1 -1  2 -4 -3    1   2   4  23   0   3  48   1   2   0   2   1   0   0   0   3   3   3   0   2  0.91 0.42
   82 I   -3 -4 -5 -5 -2 -1 -4 -5 -4  4  3 -4  1  5 -5 -2 -3 -3 -1 -1    1   0   0   0   1   3   0   1   0  28  30   0   3  28   0   2   0   0   0   1  0.85 0.41
   83 N   -3 -3  4  3 -3 -1  4 -1 -1 -4 -5 -2 -4 -4 -3  1 -2 -5 -1 -4    1   0  24  15   1   1  35   5   1   1   1   0   0   0   0  10   2   0   3   0  0.79 0.43
   84 R    0  4 -1 -1 -4  1  1  0 -2 -3  1  1 -1 -2 -3  0 -1 -4 -3 -3    7  32   2   2   0   6  11   6   1   1  14   6   1   1   0   6   2   0   0   0  0.35 0.26
   85 R   -2  6 -2 -3 -1  0 -1 -3 -2 -2  1  0  1 -3 -3 -2 -1 -3 -3 -1    3  48   1   1   2   4   3   2   0   2  15   4   3   1   1   2   3   0   1   3  0.65 0.31
   86 Y   -3 -1 -1 -3 -2 -2 -3 -3  0 -3 -3 -3  0  3 -3 -1 -3  2  8 -3    2   4   4   1   1   2   1   2   2   1   2   1   2   8   1   4   1   2  57   1  1.28 0.47
   87 D   -1  2  3  4 -4  3 -1 -1  1 -4 -4  0 -3 -5 -1  0  0 -2 -4 -4    3  13  18  21   0  15   2   5   3   0   1   4   0   0   3   5   6   1   0   0  0.48 0.31
   88 T    1  3 -1  0 -2  2 -1 -2  0 -2 -2 -1  1 -3  0  2  1  0 -3 -1   11  19   1   5   0   9   2   1   3   1   3   1   5   0   5  16  10   1   0   4  0.23 0.23
   89 E    1 -2  0  3 -4  1  4 -1 -1 -4 -2 -2 -3 -4 -2  0  0 -4 -4 -2   11   1   3  19   0   6  36   4   1   0   3   0   0   0   2   4   5   0   0   3  0.54 0.33
   90 F   -2 -5 -6 -6 -5 -5 -6 -6  0 -2  2 -6  1  8 -6 -5 -5 -3 -1 -2    3   0   0   0   0   0   0   0   2   2  22   0   3  64   0   0   0   0   0   2  1.65 0.65
   91 Q    1  2  1  0 -2  4  1 -1  0 -4 -3 -1 -3 -4  0  1  0 -4 -3 -3   11   9   8   4   1  27   6   3   2   0   1   2   0   0   5  13   5   0   0   1  0.41 0.30
   92 N   -1  1  1  3  0  1  2  0  2 -3 -4 -1 -3 -4 -3  0  1 -2 -1 -1    4  10   5  22   2   6  13   6   5   0   0   1   0   0   0   7  10   1   2   4  0.31 0.23
   93 L   -3  0 -6 -7 -5 -4 -6 -6 -5  0  3 -5  9 -1 -4 -5 -2 -5 -4 -1    2   5   0   0   0   0   0   0   0   3  29   0  52   2   1   0   2   0   0   3  1.62 0.72
   94 L   -1 -4 -3 -4  1 -4 -4 -3  1  4  2 -4 -2 -2 -1  3  0  0 -3  1    3   0   1   0   3   0   0   1   4  27  19   0   0   1   3  25   5   1   0   6  0.47 0.36
   95 E    1  0  1  0 -2  1  1  1  1 -4 -2  0 -2 -3 -1  3 -1 -4 -1 -3   10   3   8   5   1   7  11   8   4   0   4   5   1   1   2  25   2   0   2   1  0.24 0.22
   96 Q   -2  1 -1 -1 -5  7 -1 -2  2 -5 -3  0 -1 -5 -1  1 -1  1 -4 -4    3   6   2   3   0  47   2   3   6   0   2   3   2   0   3  10   4   2   0   0  0.86 0.50
   97 L   -3 -4 -2 -5 -1 -4 -4 -5  0  1  5 -4  2 -2 -1 -2 -3 -4 -3  2    1   0   2   0   1   0   0   1   3   5  59   0   4   0   3   3   0   0   0  16  0.85 0.43
   98 Q   -2  1  1  1  0  4 -1  0  6 -3 -3 -2 -3 -4  1 -1 -2 -4  1 -3    3   6   6   7   2  22   2   7  22   2   2   0   0   0   6   3   2   0   4   2  0.56 0.39
   99 P   -1 -4 -4 -4 -3 -3 -2 -2 -4  2  3 -3  1  1  3 -1 -1 -4 -3  2    4   0   0   0   0   0   2   4   0  14  27   0   4   6  16   3   3   0   0  14  0.42 0.29
  100 T   -2 -3  1 -1  1  0 -1 -2 -3 -4 -4 -3 -3 -4  1  1  6  1  0 -3    3   0   6   3   3   5   4   3   0   0   1   0   0   0   6  10  48   2   4   1  0.71 0.48
  101 A    0  0 -2 -1  2 -1 -2 -2 -1 -3 -3  0 -1 -5  6  1  0  0 -4 -4    7   4   1   4   5   3   2   3   1   1   2   6   1   0  43   9   5   1   0   0  0.85 0.45
  102 G    0 -2  2  4 -1 -1  2  1 -1 -3 -4 -2 -4 -1  1  1  0 -5 -4 -3    7   1  13  22   1   1  12  10   1   1   1   1   0   3   7  10   5   0   0   1  0.34 0.28
  103 N   -1 -1  4 -3  2 -3 -3 -1  0 -3 -4 -2 -1 -4 -3  1  5 -4 -4 -2    4   4  19   0   5   0   0   4   2   1   1   1   1   0   0   9  46   0   0   1  0.74 0.43
  104 A    6 -2 -4 -4  0 -3 -3 -3 -4 -2 -3 -3 -3 -4  1 -2 -2 -5 -4 -1   78   2   0   0   2   0   0   0   0   2   2   0   0   0   7   0   1   0   0   3  1.23 0.59
  105 Y   -3  4 -3 -4 -5  3  0 -2  2 -4 -4  1 -3  0 -3 -2 -3 -2  6 -4    2  22   0   0   0  13   5   2   4   0   0  10   0   3   1   1   1   0  37   0  0.90 0.47
  106 E   -2  1 -1  1 -2  3  3  2  1 -4 -4  0 -2 -4  0  0 -2 -4 -3 -3    2   9   1   9   1  14  25  19   4   0   0   2   1   0   5   4   2   0   0   1  0.42 0.26
  107 L   -1  4 -1 -2 -1 -2 -2 -3  2 -2 -1  0 -1 -2 -3  1  2 -3  2  1    3  27   1   1   1   0   0   1   4   1   4   2   1   0   0  14  17   0   9  10  0.33 0.28
  108 F   -5 -5 -5 -5 -5 -5 -5 -5 -4 -3 -1 -5 -3  9 -5 -5 -5 -2  1 -4    0   0   0   0   0   0   0   0   0   0   5   0   0  80   0   0   0   0   2   0  2.01 0.74
  109 T    1 -1 -1 -2  0  0  1 -2 -2 -1  0  0  2  1 -2  0  2 -2  0  0   14   3   1   1   2   2  11   1   0   2   6   6   6   9   0   3  19   0   2   7  0.08 0.15
  110 K    2  2  0 -1 -1  2  1  0 -1 -3 -3  2 -1 -3 -2  0  1 -3 -3 -2   21  10   5   3   1  12   7   5   1   0   1  12   1   0   0   6   8   0   0   1  0.19 0.18
  111 I   -2 -4 -4 -4 -3 -4 -4 -2 -4  4 -1 -4 -1 -3 -4 -3 -1 -4 -3  6    2   0   0   0   0   0   0   4   0  23   2   0   0   0   0   1   2   0   0  57  0.91 0.45
  112 A    4 -2 -3 -4  1 -3 -3 -1 -4  1 -1 -3  2 -3 -3 -1 -1 -4 -3  3   45   2   0   0   2   0   0   4   0   7   2   0   6   0   0   2   2   0   0  20  0.47 0.35
  113 S   -1  2  2  3 -1  0  2  0 -2 -4 -3  0 -1 -4 -3  1 -1 -4 -2 -3    3  14  10  17   1   3  15   6   0   0   2   4   1   0   0  14   2   0   2   0  0.28 0.22
  114 S   -2  1 -1 -1 -4  0  5 -1  0 -5 -4  0 -4 -5 -3  2 -2 -4 -4 -4    1   8   3   2   0   3  51   5   2   0   1   3   0   0   0  19   1   0   0   0  0.81 0.43
  115 L   -2 -3 -3 -3 -2 -2 -3  0 -3  1  3 -3  2  0  1 -2 -1 -2 -2  1    1   0   0   0   0   0   1  10   0   7  39   1   5   4   9   1   4   0   0   9  0.21 0.19
  116 F    0 -3 -4 -4  2 -3 -4 -3 -3  0  0 -3 -1  7 -4 -3 -3 -1  0  0    9   0   0   0   4   0   1   1   0   5   9   1   0  53   0   1   1   0   0   5  0.72 0.37
  117 K    1  3  0 -1 -2  0  0 -1  0 -2 -2  0 -2 -1  1  1  0  1 -2 -1   10  19   2   3   0   3   4   2   2   2   2   3   0   4   6  17   6   2   0   2  0.09 0.13
  118 S   -1 -1  0  5 -3 -2  0 -1 -2 -3 -4 -1 -3 -4 -1  1  1 -4 -3 -3    3   3   3  42   0   0   3   4   0   1   1   3   0   0   3  12  10   0   0   1  0.47 0.29
  119 G   -1 -2 -1 -1  2 -2  0  5 -2 -3 -3 -1 -3 -3  0 -1 -2 -3 -3 -3    1   1   2   2   4   1   6  58   0   1   1   3   0   0   5   2   2   0   0   1  0.61 0.24
  120 I   -1 -2 -2 -3 -2 -2 -2 -1 -3  3  0 -2  1  0  0 -1  1 -3 -2  3    1   1   0   1   0   0   1   4   0  26   5   1   5   3   4   4  11   0   0  26  0.18 0.15
  121 S    0  0  6  1 -3 -1 -1 -2  0 -3 -3  0 -3 -3  0  1  0 -4 -3 -3    9   5  50   4   0   0   1   1   1   1   1   3   0   0   4   7   3   0   0   1  0.53 0.26
  122 W   -3 -2 -4 -4  2 -3 -4 -4 -3 -3 -2 -4 -3 -1 -4 -3  0 11  4 -3    1   2   0   1   5   0   1   1   0   1   3   1   0   0   1   1   7  64  12   1  2.20 0.50
  123 G   -1 -3 -2 -3 -3 -3 -3  6 -3 -3  1 -3 -2 -3 -3 -1 -2 -3 -3 -2    1   0   0   0   0   0   1  70   0   0  17   1   0   0   0   4   1   0   0   3  0.95 0.31
  124 R   -2  7  1 -3 -4  0 -2 -1  0 -4 -3  0 -3 -4 -3 -2 -1 -4 -3 -4    1  74   5   1   0   3   1   5   2   0   1   1   0   0   0   1   3   0   0   1  1.10 0.35
  125 V   -2 -3 -2 -4 -2 -3 -4 -4 -4  5  1 -3  0 -1 -3 -3 -1 -3 -2  4    0   0   2   0   0   0   0   0   0  42  10   0   0   0   0   0   0   0   0  42  0.66 0.23
  126 V    1 -3 -4 -4 -2 -3 -3 -2 -4  2  1 -3  0 -2  0 -2 -1 -4 -2  5   11   0   0   0   0   0   0   3   0   8  14   0   0   0   5   2   0   0   0  56  0.48 0.22
  127 A    5 -3 -2 -3  0 -2 -2  0 -3 -1 -3 -2 -1 -1 -2  2  0 -4 -3 -1   69   0   0   0   2   0   0   5   0   3   0   0   1   4   0  12   3   0   0   1  0.62 0.27
  128 L   -1 -4 -4 -5 -3 -4 -4 -4 -3  1  4 -4  1  5 -4 -3 -3 -2  0 -1    7   0   0   0   0   0   0   0   0   6  49   0   2  36   0   0   0   0   0   0  0.71 0.23
  129 L   -3 -3 -4 -4 -3 -3 -4 -4 -2  0  2 -3  0  6 -4  0 -2 -1  2 -1    0   0   0   0   0   0   0   0   0   2  27   0   2  55   0   9   0   0   4   0  0.76 0.23
  130 G    1 -2  0 -1  0 -1  2  1  1 -1 -2 -1 -1 -1 -2  1  0 -2  2  0   10   0   3   1   3   0  23  13   3   0   0   0   2   2   0  13   2   0  11  12  0.14 0.09
  131 F   -3 -4 -4 -4 -4 -4 -4 -4  3 -2  0 -4 -1  8 -4 -3 -3 -1  2 -2    0   0   0   0   0   0   0   0   9   0   5   0   0  80   0   0   0   0   2   0  1.35 0.32
  132 G    1 -3 -2 -2  3 -3 -3  6 -3 -4 -4 -2 -3 -4 -3  0 -2 -3 -4 -3   14   0   0   0   9   0   0  69   0   0   0   0   0   0   0   4   1   0   0   0  0.98 0.23
  133 Y    0 -2 -2 -3  0 -2 -3  4 -1 -3 -3 -2 -3  0 -3  1 -2 -1  5 -3    4   1   0   0   3   0   0  44   0   0   0   0   0   1   0  12   1   0  31   0  0.67 0.21
  134 R    2  4 -2 -3  0 -1 -1 -3 -2 -2 -2  2 -2 -3 -3 -1  0 -4 -3  1   24  32   0   0   2   1   1   0   1   1   1  13   1   0   0   2   5   0   0  14  0.44 0.24
  135 L   -3 -4 -4 -5 -3 -3 -4 -5 -4  1  4 -4  7  0 -4 -4 -3 -3 -3  1    0   0   0   0   0   0   0   0   0   6  51   0  30   3   0   0   0   0   0   6  1.02 0.37
  136 A    4 -4 -4 -4  8 -4 -4 -3 -4  1 -3 -4 -3 -4 -4  0 -1 -4 -4  0   35   0   0   0  40   0   0   0   0   7   1   0   0   0   0   5   2   0   0   7  1.16 0.40
  137 L   -1 -2 -4 -4 -2 -3 -3 -4  0  2  2 -3  3 -1  1 -2 -1 -3  1  4    5   2   0   0   0   1   0   0   2  13  16   0   8   1   6   1   1   0   5  37  0.40 0.21
  138 Y   -2  0  0  0 -4  1  4 -3  5 -4 -1  2 -3 -3 -3 -1 -1 -3  1 -3    2   3   2   3   0   5  34   0  17   0   6  14   0   0   0   1   4   0   6   0  0.53 0.25
  139 V    2  0 -2 -3  5 -2 -3 -3 -3 -1 -2 -2 -2 -2 -3  3  0 -4 -3  3   16   7   1   0  16   0   0   0   0   2   1   0   0   1   0  24   3   0   0  27  0.47 0.26
  140 Y   -1 -3 -3 -4 -2 -3 -3 -4 -2  1  2 -2  1  0  1 -3 -2  1  3  4    4   1   1   0   1   0   1   0   1   7  18   2   2   3   6   0   1   2  15  35  0.39 0.21
  141 Q   -2  1  3  1  1  4  2 -3  0 -3 -3  0 -1 -4 -3  0  1 -4 -3 -2    1   8  20   8   4  26  11   1   1   1   1   4   1   0   0   4   8   0   0   2  0.46 0.23
  142 R   -2  4  0 -2 -2  1 -1 -3  5 -3 -3  3 -3 -4 -3  0  1 -4 -2 -3    1  26   2   0   1   7   2   0  16   1   1  24   0   0   0   6  11   0   0   0  0.59 0.27
  143 G   -2  1  2  0 -4  0  4  3  0 -4 -3  1 -3 -4 -3 -1 -2 -4 -3 -3    2   7  13   3   0   2  32  25   1   1   2  10   0   0   1   1   1   0   0   1  0.52 0.23
  144 L    0 -1 -3 -3 -3 -2 -3 -3  1  1  1 -2  7  1 -3 -2 -1 -2 -2  1    8   3   0   1   0   1   1   2   5   9  12   1  39   5   1   1   3   0   0   8  0.56 0.27
  145 T    0  1 -1 -2 -1  0  0 -1 -2 -2 -1 -1 -2 -2  4  3  2 -4 -3 -2    5   7   1   0   1   4   5   3   0   2   6   2   1   1  21  25  13   0   0   1  0.37 0.19
  146 G   -1 -3 -1  0 -4  1  2  3  1 -3 -4 -2 -3 -4  4  0 -2 -4 -2 -1    2   0   1   5   0   5  15  30   4   1   1   0   0   0  20   7   1   0   1   6  0.50 0.22
  147 F   -3 -3 -2 -4 -3  0 -3 -1 -2  1  4 -3  1  5 -4 -2 -2 -2  0 -1    0   0   2   0   0   5   0   6   0   6  41   0   3  28   0   2   1   0   1   1  0.55 0.26
  148 L   -2 -4 -4 -4 -3 -3 -4 -1 -4  3  2 -4  1  1 -4 -3 -2 -3 -2  4    1   0   0   0   0   0   0   6   0  13  24   0   2   5   0   0   1   0   0  44  0.57 0.25
  149 G   -1  3 -1  3  1  0  0  2  0 -3 -4  0 -3 -4 -1  1 -1 -4 -3 -3    3  17   1  22   3   4   5  19   2   1   1   5   0   0   2  12   1   0   1   1  0.35 0.18
  150 Q   -1  3  2 -1 -2  2 -1  0  1 -2 -2  1  0 -2 -2  1  0  0 -2 -2    2  23  10   2   0  11   1   7   3   2   2   7   4   1   1  13   7   2   0   1  0.24 0.15
  151 V   -3 -4 -4 -4 -3 -3 -4 -1 -4  6  0 -4 -1 -2 -4 -3 -2 -4 -3  3    1   0   0   0   0   1   0   6   0  66   3   0   0   0   0   2   1   0   0  17  1.01 0.37
  152 T    3 -3 -2 -3 -2 -1 -3 -2 -2  3 -1 -3  0 -2 -2 -1  1 -4 -3  3   32   0   1   0   0   2   0   1   1  21   3   0   2   0   1   1  11   0   0  21  0.38 0.22
  153 C   -1  2  1  1 -1  0  1  0  0 -2  0  0 -2 -3 -2  2  1 -3 -2 -2    3  14   6   8   1   2  12   7   2   0  10   1   0   0   1  22   7   0   0   1  0.18 0.13
  154 F   -3 -5 -5 -3  3 -4 -5 -5 -1 -4 -2 -5 -3  3 -5 -3 -4 11  4 -4    1   0   0   2   7   0   0   1   1   0   3   0   0  10   0   1   0  59  11   0  2.38 0.58
  155 L   -2 -3 -4 -4 -3 -3 -3 -4 -4  1  0 -3  7 -2  1 -2  0 -4 -3  4    1   0   0   0   0   0   1   1   0   6   6   0  35   1   8   2   7   0   0  32  0.73 0.33
  156 A    2 -2 -2 -3  1 -2 -2 -2 -3  0  1 -2  1 -2 -2 -1  4 -3 -3  2   20   2   0   0   3   1   1   1   0   3  15   0   4   0   1   2  31   0   0  15  0.32 0.21
  157 D   -1  1  0  3 -3  2  3 -1 -1 -3 -3  0 -1 -3 -1  0  0 -3 -2 -2    4   9   3  16   0   8  27   4   1   1   2   5   1   1   2   7   6   0   1   2  0.32 0.13
  158 I   -2 -2 -2 -2 -1 -2 -2 -2 -2 -1 -1 -2  0  6 -1 -1  1 -1  3  0    3   1   1   1   1   1   2   2   1   3   2   2   2  41   3   3  11   0  12   8  0.52 0.19
  159 I   -3 -2 -3 -4 -2 -3 -3 -4 -2  3  1 -3  4  0 -4 -3 -2 -1  6  1    1   2   0   1   1   0   1   1   0  22  14   1  13   0   1   1   2   0  33   7  0.67 0.28
  160 L   -1  0 -2 -2 -2 -2 -2 -3 -3  0  4 -2  1 -1 -3 -2  0 -1 -2  0    4   6   2   2   1   2   2   1   0   4  57   2   1   1   1   1   8   1   1   3  0.41 0.20
  161 H   -2  2  3  3 -2  1  1 -2  1 -3 -3  0 -3 -3 -2  1 -1 -4 -2 -1    1  13  20  17   1   7  10   2   4   1   1   4   0   0   0  11   2   0   1   5  0.36 0.18
  162 H   -2  2  3  1 -3  1  3  0  4 -3 -3 -1 -3 -3 -1  0  0 -3 -1 -3    1  12  17   7   0   6  20   7  12   1   2   1   0   0   3   6   5   0   1   1  0.36 0.18
  163 Y   -1  4  0 -2  2  1 -1 -1  5 -2 -2  0 -2 -2  1 -1 -2 -3  0 -1    3  24   5   1   5   7   1   4  21   2   3   5   0   1   6   3   1   0   4   5  0.39 0.20
  164 I   -2 -4 -4 -5 -1 -4 -4 -5 -4  4  4 -4  0 -2 -2 -4 -3 -4 -3  2    2   0   0   0   1   0   0   1   0  33  48   0   0   0   2   1   0   0   0   9  0.82 0.32
  165 A    3  0  0  0  0  1  0 -1  3 -2 -2 -1 -2 -3 -2  2 -1 -3  0 -1   29   5   3   5   2   6   4   2  11   0   4   2   0   0   0  16   2   0   3   4  0.24 0.17
  166 R   -1  2  2  0 -3  2 -1 -1 -1 -3 -3  0 -2 -2  4  0  1 -4 -2 -2    5  11  11   3   0  14   1   5   1   1   2   6   0   2  22   6   8   0   1   1  0.39 0.19
  167 W   -5 -5  0 -6 -5 -5 -5 -4 -5 -5 -5 -5 -4 -3 -6 -4 -3 12 -1 -5    1   0   5   0   0   0   0   1   0   0   1   0   0   0   0   1   2  85   0   1  3.71 0.85
  168 I   -3 -4 -4 -5 -3 -4 -5 -3 -5  7  0 -4  1 -2 -4 -1 -3 -4 -3  0    1   0   0   0   0   0   1   2   0  78   6   0   2   0   0   6   0   0   0   2  1.33 0.46
  169 A    2  1 -1 -1 -3  5  0 -3  1 -1 -3 -1 -1 -3 -2  1 -2 -4 -3  0   24   8   2   2   0  30   3   1   3   4   1   1   1   1   1  11   1   0   0   6  0.41 0.26
  170 Q   -1 -1 -1  4 -1  4  3 -1 -1 -4 -3 -1 -3 -4 -3  1 -2 -4 -3 -4    5   1   2  22   1  26  20   4   1   1   2   1   0   0   0  12   1   0   0   0  0.59 0.29
  171 R    0  2  5 -1 -4  5 -1 -3  4 -4 -4 -1 -3 -2 -2 -1 -2 -4 -3 -3    7  10  28   2   0  31   1   1  10   0   1   1   0   2   2   3   1   0   0   1  0.74 0.34
  172 G   -2 -4 -1 -3 -5 -4 -4  7 -4 -5 -5 -3 -5 -4 -2 -2 -4 -5 -5 -5    1   0   3   0   0   0   0  87   0   0   1   1   0   1   2   2   0   0   0   0  1.81 0.52
  173 G   -1 -3 -1 -2  0 -4 -4  7 -4 -5 -5 -3 -4 -5 -4  0 -3 -4 -5 -5    2   1   2   1   2   0   1  80   0   0   1   1   0   0   0   6   0   0   0   1  1.54 0.46
  174 W   -5 -5 -6 -6 -5 -1 -5 -5 -5 -5 -3 -5 -4 -3 -6 -5 -5 13 -1 -5    1   0   0   0   0   3   0   1   0   0   2   0   0   0   0   1   0  87   0   0  3.88 0.87
  175 V   -1  0  0  4 -4  0  3 -3 -3 -1 -2 -2 -2 -4 -3 -1 -2 -4 -3  3    3   5   3  27   0   3  19   1   0   2   1   1   0   0   0   2   1   0   0  31  0.48 0.27
  176 A    5  0 -2 -3  0 -2 -1  3 -2 -3 -4 -2 -3 -4 -3  0  0 -4 -3 -3   53   5   2   0   2   0   3  20   1   1   1   0   0   0   0   6   4   0   1   0  0.66 0.32
  177 A    4 -4 -4 -3 -2 -3 -3 -3 -4  0  0 -4 -1  6 -3 -2 -2 -1 -1  1   38   0   0   1   1   1   1   1   0   6   6   0   1  34   0   1   0   1   0   9  0.71 0.34
  178 L    0 -1 -4 -4 -2 -1 -3 -4 -4  1  3 -3  1  0 -4 -3 -1 -2 -1  3    7   4   0   0   0   3   1   0   0   6  40   0   3   2   0   1   3   0   1  27  0.45 0.24
  179 N   -2 -1  1  4 -3  1  4 -2  0 -5 -5 -1 -4 -5 -3  1 -2 -5 -4 -4    2   3   7  28   0   4  35   2   2   0   0   2   0   0   0  12   1   0   0   0  0.75 0.33
  180 L   -3 -2 -4 -4  0 -3 -4 -5 -1  0  4 -3  0  2 -3 -3 -2  0  3 -1    1   3   0   1   2   0   0   0   1   4  56   1   0   9   1   2   2   1  13   2  0.68 0.32
  181 R   -2  1 -2  0 -1 -2 -2  2  0 -2 -2 -2 -2  4 -3  0 -2 -1  5 -1    1  10   0   7   1   2   2  16   1   1   2   0   0  17   1   6   2   0  26   4  0.45 0.25
  182 R   -2  0  5  2 -3 -1  0  4 -1 -4 -4 -1 -4 -2 -1  0 -2 -5 -3 -4    1   5  29  10   1   2   7  31   1   1   1   2   0   2   2   5   0   0   1   1  0.60 0.29
  183 D   -1 -1  4  1 -2  0 -1  2 -2 -3 -4 -1 -2 -3 -1  1  1 -4 -2  0    2   3  22   8   1   5   2  19   0   1   0   3   1   0   3  11  11   0   1   7  0.31 0.20
  184 P   -1 -1  1 -1 -3 -1 -1 -2 -1 -4 -3 -2 -3 -3  5  2 -1 -4  2  0    2   4   8   2   0   2   3   3   1   0   1   0   0   0  34  19   3   0  10   8  0.64 0.32
  185 I   -2 -3 -4 -3 -3 -2 -4 -3 -3  3  0 -3  3  1 -3  0  1  7  2  0    1   0   0   2   0   1   0   2   0  24   6   1   8   6   1   6  11  18   8   4  0.61 0.30
  186 L   -1  3 -2 -3 -3 -1 -3 -4 -3 -2  2  1  2  0  1 -2 -2  6 -2 -1    5  17   2   0   0   2   0   0   0   1  23  11   6   4   8   2   2  14   0   4  0.43 0.26
  187 T   -1 -1  3 -2 -2  2 -2 -2 -2 -2 -3  2 -1 -2 -2  3  1 -3  3 -2    2   2  17   0   0  11   0   1   0   1   2  12   2   1   1  24  11   0  11   2  0.38 0.27
  188 V   -1 -1 -2 -3 -3 -2 -3  0 -3  1  1 -2  3  1 -4 -2  0  1  2  3    3   5   2   1   0   1   0   7   0   5  14   2  12   6   0   1   5   2   7  26  0.24 0.19
  189 M    0 -1 -4 -4 -1 -2 -3 -3 -3  1  2  0  4  1 -4 -2 -1  4  0  2    9   4   0   0   1   0   0   2   0   8  23   7  15   6   0   2   2   6   2  13  0.30 0.20
  190 V    1 -3 -3 -4 -1 -3 -3 -1 -4  2  2 -3  1 -1 -3 -2  3 -4 -2  2   11   0   0   0   1   0   1   6   0  16  22   1   2   1   1   1  22   0   1  14  0.33 0.22
  191 I    0 -5 -5 -5 -3 -4 -5 -4 -5  3  2 -4 -1 -1 -5 -3 -1 -2 -3  6    6   0   0   0   0   0   0   1   0  13  15   0   1   3   0   1   2   1   0  59  0.93 0.40
  192 F    2 -4 -3 -4  0 -2 -4  1 -4  0  3 -3 -1  3 -3 -2 -1 -3 -2  2   19   0   1   0   2   2   0  11   0   3  28   1   0  15   0   0   2   0   0  17  0.33 0.23
  193 G    5 -4 -3 -4 -3 -3 -3  4 -4 -4 -4 -3 -4 -3 -4  1  0 -5 -3 -3   47   0   0   0   0   0   0  34   0   0   0   0   0   1   0  10   6   0   1   1  0.92 0.41
  194 V    1 -4 -4 -5  4 -4 -4  0 -5  1  2 -4  1 -3 -4 -2 -2 -4 -3  4   13   0   0   0  11   0   0   7   0   4  24   0   3   0   0   2   1   0   0  37  0.57 0.30
  195 V    1 -4 -4 -5 -1 -4 -4 -1 -5  3  0 -4  0 -2 -4 -1 -1 -5 -3  5   13   0   0   0   1   0   0   6   0  18   4   0   2   1   0   4   1   0   0  49  0.67 0.34
  196 L    1 -4 -3 -4 -1 -3 -4 -4 -4  0  4 -4  2 -1 -3 -2  2 -4 -3  2   16   0   1   0   1   0   0   0   0   2  41   0   5   2   1   0  13   0   0  19  0.50 0.28
  197 L   -2 -4 -5 -6 -1 -4 -5 -5 -5  1  5 -4  0 -1 -5 -4  0 -4 -3  3    3   0   0   0   1   0   0   0   0   3  59   0   0   2   0   0   7   0   0  26  0.89 0.38
  198 G    1 -3 -3 -4 -3 -4 -4  6 -4 -5 -3 -4 -1 -4 -4 -2  1 -5 -4 -2    9   1   0   0   0   0   0  73   0   0   2   0   1   1   0   1   8   0   0   3  1.32 0.47
  199 Q    3 -2 -2 -3 -2  3 -2 -1  4 -1 -2 -1 -2 -2 -2  1 -1  0 -2  1   33   0   0   0   1  17   1   4  12   4   1   1   0   2   1   9   3   1   0   9  0.38 0.27
  200 F   -2 -4 -5 -5 -4 -4 -5 -5 -3  1  3 -4  0  5 -5 -4 -3 -2  4  1    3   0   0   0   0   0   0   0   0   6  38   0   1  27   0   0   0   0  18   7  0.85 0.34
  201 V    0 -4 -5 -5 -1 -3 -4 -5 -4  2  2 -4  2  1 -4 -3 -1 -4 -3  5    9   0   0   0   1   1   0   0   0   7  20   0   4   5   0   0   3   0   0  49  0.65 0.31
  202 V    0 -3 -3 -4 -1 -3 -4  0 -3  1  0 -3 -1 -1 -4  0  0 -3  2  4    8   1   0   0   1   0   0   9   0   7   7   0   1   1   0   6   3   0  10  45  0.42 0.26
  203 H   -2  5 -2 -3 -5  2 -2  0  5 -4 -3  0 -1 -2 -4 -2 -3  6  1 -4    1  38   0   0   0   9   0   9  16   0   1   3   2   2   0   2   1  11   4   0  0.80 0.34
  204 R   -1  6 -2 -3 -5 -1 -2 -2 -1 -4 -4  4 -3 -4 -4 -1 -3 -4  0 -3    6  49   1   0   0   0   0   2   1   0   1  32   0   0   0   3   0   0   3   2  0.99 0.39
  205 F   -4  1 -4 -5 -2 -3 -4 -5 -2 -1  1  0 -2  7 -5 -4 -3  1  2 -1    0  11   0   0   1   0   0   0   1   2  12   7   0  60   0   0   0   1   4   2  1.00 0.34
  206 F   -3 -4 -3 -5 -4 -4 -4 -5 -3 -2 -2 -4 -2  8 -5 -1  2  1  2 -2    0   0   1   0   0   0   0   0   0   0   0   0   0  72   0   6  16   1   2   2  1.31 0.39
  207 R    2  5 -1 -2 -4  3 -1 -2 -2 -4 -3  3 -2 -4 -3 -1 -1 -4 -3 -3   20  41   0   0   0  13   0   1   0   0   0  22   0   0   0   1   1   0   0   0  0.68 0.24
  208 S    0 -2  0 -1 -2 -1 -1 -1 -2 -3 -3 -1 -2 -3 -2  6  1 -4 -3 -3    0   0   0   0   0   0   0   0   0   0   0   0   0   0   0  94   6   0   0   0  0.88 0.21

                      K         Lambda
Standard Ungapped    0.1407     0.3231
Standard Gapped      0.0459     0.2670
PSI Ungapped         0.1499     0.3109
PSI Gapped           0.0459     0.2670
