
Last position-specific scoring matrix computed, weighted observed percentages rounded down, information per position, and relative weight of gapless real matches to pseudocounts
           A  R  N  D  C  Q  E  G  H  I  L  K  M  F  P  S  T  W  Y  V   A   R   N   D   C   Q   E   G   H   I   L   K   M   F   P   S   T   W   Y   V
    1 M   -4 -5 -6 -6 -5 -4 -5 -6 -5 -2  0 -5 10 -3 -6 -5 -4 -5 -4 -2    0   0   0   0   0   0   0   0   0   0   3   0  97   0   0   0   0   0   0   0  2.87 0.83
    2 A    7 -4 -4 -4 -3 -3 -1 -2 -4 -4 -4 -3 -4 -5 -3 -1 -3 -5 -4 -1   93   0   0   0   0   0   3   0   0   0   0   0   0   0   0   1   0   0   0   3  1.54 0.58
    3 S    1 -2 -2  1 -3  0  0 -3 -3 -4 -4 -2 -4 -5  0  5  1 -5 -4 -4   12   2   0   9   0   3   4   0   0   0   0   0   0   0   5  61   5   0   0   0  0.82 0.41
    4 G    0 -2 -2 -1 -1 -2 -1  6  2 -5 -4 -3 -4 -4 -1 -1 -2 -1 -3 -4    8   1   1   3   1   1   5  63   5   0   2   0   0   0   3   4   2   1   1   0  0.94 0.36
    5 Q    0  0  2  0  0  4  0  1  0 -3 -1  0 -2 -3  1  1 -1 -3 -3 -3    7   4  14   5   2  24   2  11   2   0   6   2   0   0   7  10   0   0   0   0  0.29 0.19
    6 G    0 -1  0  2 -1 -2 -1  5 -3 -5 -5 -3 -4 -5 -2  0 -3 -4 -4 -4    5   3   4  15   2   1   4  56   0   0   0   0   0   0   1   6   0   0   0   0  0.87 0.33
    7 P   -2 -2 -1  1 -4  0  0  4 -2 -4 -4 -2 -4 -4  5  0 -1 -4 -2 -4    1   2   2   7   0   4   8  33   1   0   0   0   0   0  30   6   4   0   2   0  0.76 0.30
    8 G   -2 -3  0  4 -1 -2  0  5 -3 -5 -4 -1 -3 -5  0 -1 -3 -5 -2 -5    0   1   2  26   2   1   6  47   0   0   1   3   1   0   5   3   0   0   2   0  0.82 0.35
    9 P   -2  2  0 -2 -1  0 -1 -3 -3 -2 -3 -1 -3 -4  6  1 -1 -4 -4 -3    1  11   5   2   1   4   4   1   0   3   3   2   0   0  49  11   2   0   0   1  0.98 0.35
   10 P   -1 -2  0  0 -3 -1 -1 -1 -3 -3 -1 -2 -3 -4  7 -1  0 -4 -3 -3    3   2   5   4   0   3   4   5   0   1   8   2   0   0  51   5   5   0   0   1  0.98 0.34
   11 R   -2  4  2  2 -1  0  0  0 -2 -3 -2  0 -3 -4  0  0 -2 -2 -3 -3    2  34  10  14   1   3   4   7   0   2   4   3   0   0   6   8   1   1   0   1  0.41 0.23
   12 Q    0  1  1  1 -3  3  3 -1  0 -3 -2  0 -2 -3 -2  1  1 -3 -3 -2   10   9   7   5   0  15  21   4   1   1   3   4   0   0   1   8   8   0   0   2  0.28 0.18
   13 E   -1  1 -1  3 -4  1  4  1  1 -4 -3 -1 -3 -3  2 -1 -2 -3 -3 -2    3   7   1  17   0   4  30  13   3   0   2   1   0   1   9   3   2   0   1   2  0.44 0.25
   14 C   -1  0  1 -1  5  0  2  2 -1 -2 -2  0 -2  0 -2  0 -1 -2 -2 -1    3   7   7   2  17   4  17  16   1   2   2   3   0   4   2   7   1   0   0   4  0.28 0.19
   15 G    0  3  0  2 -1 -1  1  4 -2 -3 -2  0 -3 -4 -2 -1 -1 -4 -3 -3    6  19   4  11   1   0  11  31   0   0   4   3   0   0   1   2   3   0   0   2  0.39 0.23
   16 E    0  2 -1  2 -3  1  4  0 -2 -3 -2  0 -1 -3  1  0 -1 -4 -3 -2   10  12   2   9   0   4  31   6   0   1   3   4   1   1   8   4   2   0   0   2  0.35 0.21
   17 P    0  0  0 -1 -3 -1  1  0  0 -2 -3 -1 -3 -3  5  0  1 -4 -3 -2   10   5   5   3   0   2   9   9   3   2   2   2   0   1  31   4   8   0   0   3  0.48 0.22
   18 A    1  1  0 -1 -2  0  1  1  0 -2 -1 -1 -1 -3  1  2  0 -3 -2 -2   14  11   3   2   0   4   8  13   2   1   5   2   1   0   6  21   6   0   0   2  0.19 0.14
   19 L    0  0 -1  1 -3  0  1  1 -1 -1  0  0  0 -2  2  0  1 -3 -2 -1    5   7   2   9   0   5   8  12   1   3  15   3   3   0  11   5   9   0   0   3  0.11 0.10
   20 P   -1  2 -2  0 -3  1  3  0 -1 -4 -3 -1 -3 -4  4  1 -1 -4 -3 -3    3  13   0   6   0   6  21   6   2   1   2   2   0   0  21  12   3   0   0   1  0.45 0.24
   21 S    0 -1  1  1 -3  0  0  2 -1 -2 -1 -1 -2 -1  2  2 -1 -3 -3 -2    6   2   7  10   0   3   5  18   1   1   6   2   0   4  11  21   2   0   0   1  0.24 0.17
   22 A    2  0  2  1 -3 -1 -1  0 -2 -2 -1 -2 -2 -3 -1  1  2 -4 -3  0   23   5  13   7   0   1   3   6   0   1   6   0   0   1   2   7  18   0   0   7  0.22 0.21
   23 S    0 -2 -1 -2 -3 -2  0 -1  3 -2 -3 -2 -2 -3  0  4  2 -4 -1 -1    6   2   2   1   0   0   6   4   7   2   2   0   0   1   4  42  14   0   3   3  0.47 0.34
   24 E   -2 -2 -1  2 -5 -1  5 -2 -3 -5 -4  0 -4 -5  1  2  0 -5 -4 -2    1   2   1  11   0   0  49   2   0   0   1   3   0   0   8  14   4   0   0   4  0.78 0.44
   25 E   -2 -3 -2  5 -5  2  4  1  0 -5 -5  0 -4 -4 -4 -1 -3 -5 -4 -5    2   0   0  34   0   8  31  11   2   0   1   5   0   1   0   3   1   0   0   0  0.87 0.44
   26 Q   -2  3  1  1 -5  6  1 -4  1 -3 -3 -1 -2 -4 -1 -2 -2 -5 -4 -2    2  18   7   8   0  39   8   1   2   2   1   0   1   1   3   1   1   0   0   3  0.75 0.44
   27 V   -2 -1 -4 -5 -3 -4 -3 -5 -5  4 -1 -4  4 -3 -4 -3  1 -5 -4  5    2   4   0   0   0   0   1   0   0  24   3   0  13   0   0   1  10   0   0  38  0.82 0.43
   28 A    2 -2 -1 -2 -2 -1 -1  2 -3  0  1 -2  2 -3 -3  1 -1 -3 -3  1   22   1   2   2   0   1   3  14   0   5  14   1   7   0   0  12   3   0   0  12  0.20 0.19
   29 Q   -1  1  1 -1 -4  2  3 -2  0 -4 -3  0 -2 -2  0 -1 -1 -1  5 -3    4   7   8   2   0  11  22   2   1   0   2   6   1   0   4   4   3   1  20   1  0.43 0.31
   30 D   -3 -2 -1  5 -5  4  3 -4  1 -3 -2 -2 -4 -5 -4  1  1 -5 -4  0    0   1   1  30   0  18  18   0   3   1   4   0   0   0   0   8   8   0   0   7  0.68 0.41
   31 T    1 -4  4 -3 -4 -3 -4  3 -3 -4 -3 -3 -1 -5 -4  0  4 -5 -5 -4   11   0  22   0   0   0   0  24   0   0   2   0   2   0   0   6  31   0   0   0  0.83 0.48
   32 E    1  5 -1  0 -2 -1  4 -2 -1 -5 -4 -1 -4 -5  1 -2 -1 -5 -2 -3   13  32   3   4   1   2  25   3   1   0   1   2   0   0   6   1   3   0   2   1  0.63 0.40
   33 E    0 -2 -2  0 -4 -2  5  1 -2  0 -1 -2 -2 -3 -4  0 -2 -1 -1  1    6   1   1   5   0   0  41  10   0   5   6   1   1   1   0   6   1   1   2  11  0.46 0.35
   34 V   -2 -5 -5 -4 -4 -5 -5 -6 -5  3  4 -5 -1 -3 -5 -4 -1 -5 -4  4    3   0   0   1   0   0   0   0   0  18  38   0   0   0   0   0   3   0   0  36  0.99 0.48
   35 F   -3 -5 -6 -6 -4 -5 -5 -6 -5  0  3 -4  0  5 -4 -5 -2 -4 -2  4    1   0   0   0   0   0   0   0   0   3  28   1   1  29   1   0   2   0   0  34  1.05 0.51
   36 R   -1  4  2 -3  1  1  1 -4 -2 -2 -1  1  3 -3 -4 -1 -1 -4 -3 -1    4  29  12   0   3   7   7   0   0   1   6   9   9   1   0   2   3   0   0   5  0.44 0.32
   37 S   -2 -1  2  3 -4 -1 -1  3  1 -5 -5  2 -4 -1 -4  3 -2 -5 -1 -4    1   2   9  15   0   2   1  21   3   0   0  14   0   4   0  24   2   0   2   0  0.51 0.35
   38 Y   -5 -5 -1 -6 -6 -5 -6 -5 -3 -4 -4 -5 -4  7 -4 -1 -4 -2  8 -5    0   0   3   0   0   0   0   1   0   0   0   0   0  39   1   5   1   0  48   0  2.04 0.81
   39 V    0 -5 -5 -5 -4 -5 -5 -5 -5  5  0 -5  0 -2  1 -4 -3 -5 -4  4    9   0   0   0   0   0   0   0   0  40   7   0   2   1   8   1   1   0   0  31  0.98 0.50
   40 F   -3 -1 -1 -4 -2 -2 -3 -2  5  0 -2 -3 -3  5 -4  2 -2  0  4 -2    1   4   2   0   1   1   0   4  17   5   2   1   0  22   1  17   2   1  16   3  0.68 0.40
   41 Y   -2 -2 -2  0 -4  1  3 -5  3 -4 -4 -2 -4 -1 -5 -4 -3  5  7 -4    3   1   2   6   0   5  17   0   7   1   1   3   0   2   0   0   1   7  42   1  1.14 0.56
   42 H   -3  6 -3 -4 -2 -2 -3 -5  4 -5 -4  4 -1 -5 -4 -2 -3 -5 -4 -5    1  52   0   0   1   1   1   0   8   0   2  27   1   0   0   2   1   0   0   0  1.40 0.64
   43 H   -3 -2 -4 -4 -4 -3 -4 -5  5  1  4 -4  0 -1  0 -3 -3 -3  4  1    2   2   0   1   0   1   0   0  13   7  39   0   2   2   4   1   0   0  13  11  0.65 0.39
   44 Q    0  3  0 -3 -1  5 -1 -3  0 -5 -5 -2 -4 -5 -1  3 -2 -2 -4 -3    6  18   3   0   2  29   3   1   2   0   0   1   0   0   3  27   1   1   0   2  0.75 0.49
   45 Q   -1  2  1  1 -1  7 -1 -3 -1 -4 -3 -1 -3 -4 -3 -1  0 -4 -4 -2    5   9   5   7   2  49   2   2   1   1   2   2   0   0   1   3   6   0   0   3  0.91 0.49
   46 E   -2  3 -1  1  3  0  4 -3  1 -4 -4  1 -3 -4 -3  0 -2 -1 -2 -3    3  19   2   8   6   2  32   1   3   1   1   8   0   1   1   8   1   1   1   1  0.57 0.33
   47 Q   -2  3  1 -2 -4  3  0  3  1 -3 -3 -2 -3 -2  0 -2 -1 -2 -3 -3    2  19   7   2   0  18   4  26   4   1   2   0   0   2   5   1   3   0   0   2  0.50 0.34
   48 E    0 -3 -2  2 -3  0  4 -3  3 -3 -4 -2 -2 -2  0 -2 -3 -3  4 -1    6   1   1  14   1   4  28   1   7   1   1   1   1   1   5   2   1   0  19   4  0.57 0.37
   49 A    2  0 -2  0 -1  1  3  0 -2 -2 -3  0 -2 -3  0  1 -1 -4 -3  0   21   6   1   4   1   5  21   5   0   1   2   4   1   1   3  12   2   0   0   9  0.25 0.24
   50 E   -1  1  3  2 -1  0  2 -1 -1 -4 -4 -2 -2 -4 -1  0  0  7 -3 -3    6   9  15  12   1   4  14   4   1   1   1   0   1   0   2   6   6  14   0   1  0.50 0.33
   51 G    0 -2  0  2 -4 -2  0  5  0 -3 -4 -2 -4 -4 -2  0 -1 -1 -3 -2    8   2   4  11   0   1   5  45   3   2   1   1   0   1   2   8   3   1   1   3  0.62 0.35
   52 A    3  0 -1  0 -3 -1  1 -1 -1 -2 -1 -2 -1 -2  1  0  0 -4 -2  0   36   6   3   6   0   2   8   5   1   2   6   0   1   2   6   5   4   0   1   6  0.24 0.23
   53 A    2  0 -1  1 -2 -1  1  2 -3 -2 -2 -1  0 -2 -1  1  1 -4 -3 -1   23   4   1   7   1   2  12  15   0   1   4   2   3   1   3   8   8   0   0   4  0.20 0.19
   54 A    2 -2 -1  0 -3 -1  0  1 -3 -2 -1 -2  0 -3  1  1  1  1 -3  2   21   1   2   6   0   1   5  11   0   1   4   0   2   0   6  12   8   2   0  16  0.20 0.21
   55 P   -1 -1  0  1 -5 -3  0  1  2 -3 -2 -3 -4 -5  6  0 -1 -5 -4  0    5   3   4   7   0   0   6  11   6   1   4   0   0   0  36   6   3   0   0   7  0.69 0.39
   56 A    2  0  0  0 -3  0  1  1 -1 -2 -2 -2  1 -3  0  1  1 -2 -3  0   18   5   3   4   0   4  11  10   1   1   3   0   4   1   4  13  11   0   0   6  0.16 0.17
   57 D    0  1 -1  4  0  1  0 -1 -2 -2  0 -2 -1 -3 -1  0  0 -4 -3 -1    8   9   2  30   2   6   5   4   1   1   9   1   1   1   2   5   7   0   0   5  0.29 0.22
   58 P    0 -3 -2 -2 -3  0  1  0 -2 -4 -1 -3 -2 -4  7 -1 -2 -5 -3 -3    7   1   2   2   1   3   8   6   1   1   6   1   1   0  51   4   2   0   1   2  1.07 0.48
   59 E   -1  0 -1 -1 -4  1  5  2  1 -4 -2 -2 -3 -4  2 -1 -2 -4 -4 -3    5   4   2   2   0   6  37  16   4   1   4   1   0   0   9   3   2   0   0   2  0.54 0.34
   60 M    0  1 -1 -3 -1 -2 -1  0 -2  1  2 -1  4 -1  1 -1 -1 -3 -2 -1    8   8   3   1   1   1   4   7   1  11  22   2  14   3   6   3   3   0   1   2  0.17 0.17
   61 V    1  0 -1  0  0 -1 -1  2 -3 -1 -1 -2 -1 -1  1  1  0 -3 -3  1   11   7   2   5   2   2   4  16   0   1   6   0   2   3   7  12   5   0   0  15  0.11 0.14
   62 T    1 -1  0  0 -1  0  1  1 -1 -2 -1 -1 -2 -3  2  2  2 -4 -3 -2   10   3   4   3   1   3   9  10   1   2   7   1   1   0  10  16  15   0   0   2  0.20 0.18
   63 L    0  0 -1 -2  0 -1  0 -1 -2  1  2 -2 -1  0  1  0 -1 -1 -2  0    9   6   3   1   2   3   7   4   1  11  27   1   0   4   7   6   2   1   0   6  0.10 0.13
   64 P   -1  0 -1  0  1  3  1 -1  0 -3 -3 -2 -3 -4  5  1  0 -4 -4 -3    5   5   2   6   3  16   9   3   3   1   2   1   0   0  27   9   5   0   0   1  0.54 0.31
   65 L    0 -1 -2  0 -3  3  0 -1 -1 -1  2 -2 -1 -3  2  1 -1 -2 -3 -1   10   2   1   4   0  19   5   5   2   3  21   1   0   0   9  11   2   1   0   4  0.21 0.21
   66 Q   -1  1 -1  1  1  3  3 -1  1 -3 -3 -1 -3 -3  2  1  0 -4 -3 -3    5   6   2   6   3  15  22   4   3   1   1   2   0   1  12  11   4   0   0   1  0.37 0.24
   67 P   -1 -1 -1 -1 -1  1  1 -2 -2 -2  0 -2 -3 -3  6  0 -1 -4 -2 -3    4   2   2   4   2   7   9   3   1   2   9   1   0   1  41   6   4   0   1   2  0.73 0.33
   68 S    0  0  1  3  0 -1  0  1  0 -1 -1 -2  0 -3  1  2 -1 -4 -3 -1    6   6   5  17   2   2   5   9   3   5   5   0   2   1   6  20   2   0   0   3  0.17 0.16
   69 S    0  0 -1  0 -2  0  0 -1 -2 -1 -3 -1 -2 -4  3  3  0 -4 -3 -1    8   4   2   4   0   3   5   4   1   4   1   3   1   0  18  32   6   0   0   3  0.40 0.26
   70 T    0 -1  1 -1 -2  0 -2  0  0 -2 -2 -1 -1 -3  3  1  3 -3 -2  0    9   3   7   2   1   5   1   6   3   2   4   1   1   0  17   9  22   0   1   6  0.28 0.20
   71 M    0 -2  0 -2 -2 -1 -1 -1  4  1  0 -2  4 -2  1  0  1 -3 -1  0    7   1   5   1   0   1   4   5  12   9   8   1  15   0   8   5  10   0   2   7  0.18 0.17
   72 G    1  0 -1  0 -1  0  1  1 -2 -2 -2  3 -1 -3 -1  1 -1 -3 -3 -2   16   4   1   5   1   2   8  11   1   2   2  24   1   1   3  13   3   0   0   2  0.23 0.17
   73 Q    1  2 -1  0 -3  4  2 -2 -1 -3 -2  2 -2 -4 -1  0 -2 -4 -3 -1   16  12   1   6   0  22  11   1   1   0   2  12   1   0   3   4   1   0   0   5  0.36 0.24
   74 V   -2  0 -4 -4 -3 -3 -3 -5 -4  3  2 -3 -1 -2 -4 -3 -1 -4 -3  5    1   6   0   0   0   0   1   1   0  12  23   0   0   0   0   1   3   0   0  49  0.77 0.37
   75 G    2 -1 -1 -3 -3 -1 -2  4  4 -3 -2  2 -3 -3 -3  0 -2 -4 -1 -1   16   3   2   0   0   1   0  30  13   0   4  13   0   0   1   7   1   0   2   5  0.41 0.26
   76 R   -1  5 -2 -2 -2  4  2 -3  1 -3 -1  0 -2 -3 -3 -1 -2 -4 -3 -2    4  36   1   1   1  21  12   1   3   1   7   1   1   1   0   3   1   0   0   3  0.61 0.36
   77 Q    2  2 -2 -3  6  3 -2 -3 -2 -2 -2  0 -2 -3 -1 -1  1 -3 -2  1   19  11   1   1  17  17   1   1   1   0   2   4   0   0   2   1   9   0   1  12  0.42 0.28
   78 L   -2 -4 -5 -5 -3 -4 -4 -5 -4  0  6 -4  2 -2 -4 -4 -3 -4 -3 -2    3   0   0   1   0   0   1   1   0   3  84   1   3   0   0   1   1   0   0   1  1.34 0.52
   79 A    3  5 -3 -3 -2  2 -2 -2 -3 -3 -2  1 -3 -4 -1 -2 -2 -4 -3 -3   26  42   0   0   1  10   1   2   0   1   5   6   0   0   2   1   1   0   0   1  0.73 0.38
   80 I   -1  1 -2  2 -1  3  3 -3 -2  2 -2  0 -1 -2 -3 -1  0 -4 -3 -1    3   9   0  12   1  16  19   1   0  15   3   6   1   2   0   4   4   0   0   3  0.29 0.21
   81 I    3 -4 -4 -4 -3 -4 -4 -4 -4  5  0 -3 -2  0 -2  0  0 -4 -3  0   24   0   0   0   0   0   0   0   0  47   4   1   0   5   2   5   6   0   0   2  0.67 0.38
   82 G    1 -1 -3 -4 -2 -4 -4  6 -4 -5 -5 -3 -4 -5 -4 -1 -3 -5 -5 -3   12   3   0   0   1   0   0  75   0   0   1   0   0   0   0   3   1   0   0   1  1.48 0.54
   83 D   -4 -3  2  8 -3 -3  0 -3 -4 -5 -5 -3 -5 -5 -4 -3 -2 -6 -5 -5    1   1   8  78   1   0   4   2   0   0   1   0   0   0   0   1   2   0   0   0  1.83 0.64
   84 D   -3 -2  0  4 -5  0  6 -4 -3 -5 -5 -2 -4 -5 -3 -1 -1  3 -4 -4    1   2   3  25   0   2  53   1   0   0   1   1   0   0   0   3   3   4   0   0  1.13 0.49
   85 I   -3 -4 -5 -5 -2 -1 -4 -5 -4  4  3 -4  1  5 -5 -2 -3 -3 -1 -1    0   0   0   0   1   4   0   0   0  26  32   0   2  28   0   3   0   0   0   1  0.83 0.39
   86 N   -2 -3  4  4 -3 -1  4 -1 -1 -4 -5 -2 -4 -4 -3  1 -1 -5 -2 -4    2   0  24  23   0   1  30   4   1   1   0   0   0   0   0   8   2   0   2   1  0.77 0.38
   87 R    0  4  0 -1 -3  1  1  1 -1 -3  0  1 -1 -3 -3  0 -1 -4 -3 -3    7  28   5   1   0   6  10  10   1   1  13   5   1   0   0   6   2   0   0   0  0.28 0.22
   88 R   -2  6  1 -2 -1  0 -1 -2  0 -2  0  0  0 -3  0 -2 -1 -3 -2 -2    3  48   6   1   1   3   3   2   2   2   9   4   3   1   4   2   3   0   1   1  0.58 0.27
   89 Y   -1  0 -3 -3 -2 -2 -3 -3  1 -2 -2 -2  1  2 -3 -2 -2 -1  8 -1    5   5   1   1   1   1   2   2   3   1   2   1   5   7   1   2   1   0  53   3  1.07 0.38
   90 D   -1  2  3  4 -4  3  0 -3  0 -4 -4  0 -3 -4  0 -1  0 -5 -4 -4    5  14  19  24   0  16   2   1   2   0   1   3   0   0   5   3   6   0   0   0  0.57 0.32
   91 S    1  3 -2  0 -2  2 -1 -1 -2 -2  0 -1  1 -3 -1  1  1  0 -3  0   11  23   0   5   0  10   2   3   0   1   8   1   5   0   3  10  10   1   0   5  0.19 0.19
   92 E    1 -2 -1  3 -4  2  4 -2 -1 -2 -2 -1 -3 -4 -3 -1 -1 -4 -3 -1   15   0   1  16   0  11  34   1   1   3   3   2   0   0   0   3   4   0   0   4  0.50 0.30
   93 F   -4 -1 -5 -6 -5 -5 -5 -6 -4 -1  2 -4  1  8 -6 -4 -4 -2 -1 -2    0   3   0   0   0   0   0   0   0   2  21   1   4  65   0   1   0   0   0   1  1.58 0.59
   94 Q    1  1  1 -1 -2  5  0 -3  0 -4 -2 -1  1 -4  0  2 -1 -4 -3 -3   12   7   7   2   1  29   5   1   2   0   2   2   4   0   4  18   2   0   0   1  0.42 0.30
   95 T   -1  1  1  3  0  1  2 -2  1 -1 -1 -1 -2 -3 -3  1  1 -2 -1 -1    5  11   5  21   2   6  14   2   3   3   5   1   0   0   0   8   8   1   2   4  0.23 0.18
   96 M   -2 -1 -2 -4 -5 -5 -6 -6 -6  0  3 -5  9 -1 -4 -4 -4 -5 -5 -1    3   3   2   1   0   0   0   0   0   3  26   0  56   2   1   1   0   0   0   3  1.69 0.76
   97 L   -2 -4 -4 -1  0 -4 -4 -3  1  4  2 -4 -2 -2 -3  3  0 -1 -4  0    2   0   0   5   2   0   0   1   4  32  20   0   0   1   1  22   6   1   0   4  0.52 0.38
   98 Q    1 -1  3  1 -2  1  1  0  0 -4 -3  0 -2 -3 -1  3 -1 -5 -4 -3   10   3  14   6   1   7  11   7   3   0   3   6   1   1   2  24   2   0   0   1  0.32 0.26
   99 H    0  1  1  0 -1  6 -1 -3  2 -5 -4 -1 -1 -5 -3  1 -1  1 -4 -4    7   6   5   5   2  43   3   1   5   0   1   2   1   0   1  12   4   2   0   0  0.79 0.49
  100 L   -3 -5 -2 -5 -1 -4 -5 -3 -5  0  5 -5  1 -3 -5 -2 -2 -4 -4  3    0   0   2   0   1   0   0   2   0   3  59   0   3   0   0   4   2   0   0  21  0.93 0.47
  101 Q    0  0  0  2 -1  4 -1 -2  6 -3 -4 -2 -4 -4  1 -1 -2 -5  0 -3    8   5   5  12   1  21   1   3  24   1   1   1   0   0   7   4   2   0   3   1  0.65 0.40
  102 P   -1 -4 -4 -4 -1 -2 -3 -2 -4  2  3 -3  0  1  4 -2 -2 -4 -3  1    5   0   0   0   1   2   1   4   0  14  27   0   2   6  23   3   2   0   0   9  0.49 0.28
  103 T   -2 -3  1 -2  0  0 -1 -1 -4 -4 -4 -3 -3 -4 -4  1  6 -4 -1 -3    3   0   6   1   2   4   4   5   0   0   1   0   0   0   0  10  58   0   2   1  1.00 0.54
  104 A    0  0 -3 -1  3 -2 -2 -3 -2 -3 -1  2 -2 -4  6  0 -1 -2 -4 -3    8   4   1   3   6   1   2   2   1   1   6  11   1   0  41   6   4   1   0   1  0.80 0.40
  105 E    0 -2  1  4 -2  0  2  1 -1 -2 -3 -2 -3  0 -1  1 -1 -4 -3 -2    7   1   7  24   1   3  15  11   1   2   2   1   0   4   3  13   2   0   0   3  0.33 0.23
  106 N    0 -2  3 -2  1 -2 -2  0  0 -3 -3 -1 -1 -3 -1  1  5 -4 -3 -2    5   2  18   1   3   1   1   6   2   1   1   2   1   1   2  10  41   0   0   2  0.56 0.32
  107 A    5 -2 -3 -4 -1 -2 -3 -1 -4 -2 -3 -3 -3 -4  2 -1  0 -4 -4 -1   65   2   0   1   1   2   1   4   0   2   1   1   0   0  12   1   4   0   0   3  0.92 0.45
  108 Y   -3  3 -3 -3 -4  3  0 -4  2 -4 -3  1 -3  1  0 -2 -3 -2  6 -3    1  18   0   1   0  14   4   1   4   0   2   9   0   4   4   1   1   0  33   1  0.76 0.38
  109 E   -2  1 -1  2 -4  3  4  1  1 -4 -4  0 -2 -4 -1 -1 -1 -4 -3 -3    2   8   1  10   0  17  32  12   3   0   1   2   1   0   3   4   2   0   0   1  0.52 0.29
  110 Y   -1  3 -2 -3 -2 -2 -3 -4  0 -1  0 -1  0 -2 -3  2  1 -3  3  3    3  19   1   1   1   0   0   0   3   2   8   1   2   0   0  15  11   0  11  22  0.31 0.27
  111 F   -5 -6 -6 -6 -5 -6 -6 -6 -5 -3 -1 -6 -3  9 -6 -5 -5  3 -1 -4    0   0   0   0   0   0   0   0   0   0   4   0   0  89   0   0   0   3   0   0  2.59 0.83
  112 T    1 -1 -2 -2  1 -1  1 -3 -3  0  0  0  4  2 -3 -1  2 -3 -1  1   13   2   1   1   3   2  10   0   0   3   6   5  13  12   0   2  19   0   1   8  0.21 0.22
  113 K    1  3  1 -1 -2  2  1 -1  0 -4 -4  3 -1 -4 -3  0  1 -4 -3 -3   14  20   6   1   1  10   7   3   2   0   0  19   1   0   0   5  10   0   0   0  0.39 0.25
  114 I   -2 -5 -5 -5 -4 -5 -5 -4 -5  3 -2 -5 -2 -3 -5 -2 -2 -5 -4  6    1   0   0   0   0   0   0   2   0  18   1   0   0   0   0   4   1   0   0  72  1.39 0.58
  115 A    5 -4 -4 -4 -2 -3 -4 -2 -4  1 -2 -3  2 -4 -4 -1 -2 -5 -4  2   63   0   0   0   1   0   0   2   0   7   2   0   5   0   0   1   1   0   0  17  0.96 0.49
  116 S    0  3  1  2  0  0  2 -1 -2 -3 -3  0 -2 -2 -3  2 -1 -4 -1 -3    6  18   7  15   2   1  17   4   0   1   2   5   1   1   0  15   2   0   3   0  0.32 0.22
  117 S   -2  1 -1  0 -5  1  6 -2 -1 -5 -5 -1 -4 -5 -4  3 -2 -5 -4 -5    1   7   3   2   0   3  53   2   1   0   0   2   0   0   0  23   1   0   0   0  0.98 0.49
  118 L   -1 -2 -2 -2 -2 -2 -2  1 -2  1  1 -2  2  2  2 -2 -1 -2 -1  1    1   1   1   1   0   1   1  13   0  13  14   1  13  13  13   1   1   0   0  13  0.17 0.06
  119 F    1 -3 -3 -4 -3 -3 -3 -3 -2  0  0 -3 -1  7 -3 -2 -3 -1  1 -2   15   1   1   1   0   1   1   1   0   5   6   1   0  65   1   1   1   0   0   1  0.96 0.31
  120 E    1  2 -1 -1 -2  1  1 -1 -1 -1 -2  0 -2  0  1  1  1 -3 -2 -1   15  14   0   2   0   6  10   2   1   3   0   5   0   6   7  13  13   0   0   1  0.17 0.10
  121 S    0  0  0  5 -3 -1  0 -1 -2 -3 -4 -1 -3 -4 -1  2  2 -4 -3 -3    8   6   3  38   0   0   2   4   0   0   0   2   0   0   2  16  14   0   0   0  0.45 0.22
  122 G    1 -3 -1 -1  1 -2  0  5 -3 -4 -4  0 -3 -4  0 -1  0 -4 -4 -3    9   0   2   2   4   0   9  56   0   0   0   6   0   0   4   0   5   0   0   0  0.66 0.26
  123 I   -1 -3 -3 -3 -2 -3 -3  0 -3  3  1 -3  1  1  0 -1  2 -3 -2  2    0   0   0   0   0   0   0  11   0  25   7   0   5   6   5   2  15   0   0  22  0.25 0.15
  124 N    0  0  6  1 -3 -1 -1 -2  0 -4 -4 -1 -3 -4  1  0  0 -5 -3 -3    9   4  59   6   0   0   0   0   2   0   0   2   0   0   8   5   4   0   0   0  0.79 0.30
  125 W   -3 -2 -4 -5  3 -3 -4 -4 -3 -4 -2 -4 -3 -1 -5 -3  1 11  2 -4    0   2   0   0   7   0   0   0   0   0   3   0   0   0   0   0  11  67   7   0  2.27 0.44
  126 G   -1 -4 -2 -3 -4 -3 -4  6 -4 -3  0 -3 -3 -4 -4 -1 -3 -4 -4 -2    0   0   0   0   0   0   0  79   0   0  14   0   0   0   0   4   0   0   0   3  1.16 0.31
  127 R   -3  7  1 -3 -5  0 -1 -1 -2 -4 -4  1 -3 -4 -3 -2  0 -4 -3 -4    0  80   8   0   0   2   0   5   0   0   0   0   0   0   0   0   5   0   0   0  1.16 0.30
  128 V   -2 -3 -2 -4 -2 -3 -3 -4 -4  4  2 -3  0 -1 -3 -3 -1 -3 -2  4    1   0   2   0   0   0   0   1   0  36  14   0   0   0   0   0   0   0   0  43  0.55 0.16
  129 V    1 -3 -4 -4 -2 -3 -3 -2 -4  2  1 -3  0 -2 -3 -1 -1 -4 -2  5   15   0   0   0   0   0   0   3   0  11  10   0   0   0   0   2   0   0   0  59  0.50 0.18
  130 A    5 -3 -2 -3  2 -2 -2  0 -3 -1 -2 -2 -1 -1 -2  1  0 -3 -2 -1   66   0   0   0   5   0   0   5   0   5   0   0   1   4   0  11   3   0   0   1  0.52 0.20
  131 L   -2 -3 -3 -4 -2 -3 -4 -4 -3  1  4 -3  1  4 -4  0 -2 -2  0  0    0   0   0   0   0   0   0   0   0   6  54   0   2  26   0  11   0   0   0   0  0.55 0.18
  132 L    0 -3 -4 -4 -2 -3 -3 -3 -3  0  3 -3  1  5 -3 -2 -2 -1  1  0   10   0   0   0   0   0   0   0   0   1  35   0   2  42   0   0   0   0   2   5  0.55 0.16
  133 G    0 -2  0 -1  3 -1  1  2  2 -2 -2 -1 -1 -1 -2  1 -1 -2  2 -1    9   0   4   1   8   0  14  23   8   0   0   0   2   2   0  10   2   0  12   3  0.21 0.09
  134 F    0 -4 -4 -4  2 -4 -4 -3 -2 -1  0 -4 -1  7  0 -3 -3 -1  2 -2   10   0   0   0   5   0   0   0   0   0   5   0   0  71   5   0   0   0   2   0  0.97 0.26
  135 S    2 -3 -2 -2 -3 -2 -2  5 -3 -4 -4 -2 -3 -4  0  0 -1 -3 -3 -3   24   0   0   0   0   0   0  60   0   0   0   0   0   0   5   6   1   0   0   0  0.81 0.19
  136 Y    0 -2 -2 -3  3 -2 -3  3 -1 -3 -3 -2 -2  0 -3 -1 -2  5  5 -2    9   1   0   0   8   0   0  28   0   0   0   0   0   1   0   4   1   9  35   0  0.64 0.19
  137 R    1  4 -2 -2  0  0 -1 -2 -1 -1 -1  2 -1 -2 -2  0  0  4 -2  0   14  30   0   0   2   1   1   0   1   2   6  12   1   0   0   5   4   9   0  11  0.26 0.12
  138 L   -2 -3 -4 -4  2 -2 -3 -4 -3  2  4 -3  5  0 -3 -3 -2 -3 -2  0    0   0   0   0   6   0   0   0   0   8  51   0  26   1   0   0   0   0   0   3  0.63 0.20
  139 A    3 -3 -2 -3  7 -2 -2 -2 -3  0 -2 -2 -2 -3  2  1 -1 -3 -3  1   30   0   0   0  29   0   0   0   0   6   1   0   0   0  10  10   2   0   0   9  0.54 0.18
  140 L   -1 -2 -3 -3 -2 -2 -3 -3 -1  2  2 -2  2  0 -3 -2 -1 -2  1  3    4   2   0   0   0   1   0   0   1  15  28   0   6   1   0   1   1   0   5  31  0.31 0.12
  141 H   -1  1  0  0 -3  1  3 -2  4 -3 -3  2 -2 -2 -2 -1  0 -2  2 -3    2   8   4   4   0   3  28   0  15   0   1  16   0   0   0   2   7   0   9   0  0.37 0.13
  142 I    2 -2 -2 -2  4 -2 -2 -2 -3  0 -1 -2 -1 -2  1  2  0 -3 -2  2   21   1   1   0  11   0   0   0   0   3   1   0   0   1   7  22   5   0   0  27  0.27 0.13
  143 Y   -1 -3 -3 -4 -2  0 -3 -4 -1  1  2 -2  0  1 -3 -3 -2  2  4  3    3   0   0   0   1   6   0   0   1   7  22   2   0   4   0   0   0   3  18  30  0.43 0.21
  144 Q   -2  1  3  1  2  4  1 -3  2 -3 -2  0  0 -4 -3  0  0 -4 -3 -2    1   8  15   8   5  27   6   1   6   1   2   3   3   0   0   4   7   0   0   2  0.39 0.21
  145 R   -2  4 -1 -2 -2  2 -1 -3  4 -3 -4  3 -3 -4 -3 -1  2 -4 -2 -3    1  30   1   0   1   8   1   0  12   1   0  22   0   0   0   3  16   0   0   0  0.64 0.28
  146 G    0 -1  2  0 -4  0  3  4 -1 -4 -4  2 -3 -4 -2 -1 -2 -4 -3 -3    7   1   9   3   0   3  26  31   1   0   1  13   0   0   0   2   1   0   0   1  0.51 0.22
  147 L   -2 -2 -3 -4 -3 -2 -3 -3  1  2  2 -3  6  1 -3 -3 -1 -2 -2  1    2   2   0   0   0   1   1   2   5  13  19   0  31   6   0   1   3   0   0  11  0.50 0.24
  148 T    0  1 -1 -2 -1  0 -1 -1 -2 -1 -1 -1 -2 -2  3  3  2 -4 -3 -2    7   8   1   0   1   3   3   2   0   2   7   1   0   1  17  28  15   0   0   1  0.33 0.19
  149 G   -1 -2 -1  1 -3  1  2  3 -1 -3 -3 -2 -3  0  3  0 -2 -3 -2 -1    2   0   1   7   0   7  14  30   2   0   1   0   0   6  16   7   1   0   0   5  0.41 0.19
  150 F   -3 -4 -2 -4 -3  0 -4 -4 -2  1  4 -4  1  6 -4 -2 -2 -2  0 -1    0   0   3   0   0   4   0   0   0   8  39   0   2  36   0   2   1   0   1   0  0.75 0.30
  151 L   -2 -4 -4 -4 -3 -3 -4 -4 -4  3  3 -4  1  1 -4 -3 -2 -3 -2  4    0   0   0   0   0   0   0   0   0  18  36   0   2   5   0   0   1   0   0  33  0.66 0.26
  152 G   -1  3 -1  2  0  1  0  2  0 -3 -3  1 -3 -4 -1  2 -1 -4 -2 -3    3  24   1  14   3   5   3  16   2   1   1   6   0   0   2  16   1   0   1   1  0.34 0.18
  153 Q   -1  4  1 -1 -3  3 -1 -3  1 -2 -2  1  1 -3 -2  0  1  1 -2 -2    2  29   8   1   0  16   1   1   4   1   2   8   4   0   1   7  11   2   0   2  0.39 0.21
  154 V   -3 -4 -4 -4 -3 -4 -4 -3 -4  6 -1 -4 -1 -2 -4  0 -2 -4 -3  3    1   0   0   0   0   0   0   2   0  66   2   0   0   0   0   8   0   0   0  17  1.04 0.37
  155 T    3 -3 -2 -3  3 -1 -3 -2 -3  3 -1 -2  1 -2 -2 -1  2 -3 -3  2   30   0   1   0   6   3   0   1   0  18   1   0   3   0   1   3  13   0   0  17  0.33 0.20
  156 R   -1  3  1  1 -1  0  1  0  0 -3 -2  0 -2 -3 -1  2  0 -3 -3 -2    2  25   6   7   1   3  10   7   3   0   4   2   0   0   2  20   6   0   0   1  0.27 0.16
  157 F   -3 -3 -5 -3 -1 -4 -4 -4  0 -3  0 -4 -3  3 -5 -4 -4 11  4 -4    2   2   0   2   1   0   0   1   2   0   9   0   0  13   0   1   0  52  12   0  1.99 0.50
  158 V   -2 -3 -3 -4 -3 -3 -3 -4 -4  1  0 -3  6 -2 -2  0  1 -4 -3  4    1   0   0   0   0   0   0   1   0   6   5   0  30   1   2   7  10   0   0  34  0.66 0.30
  159 V    2 -3 -2 -3  2 -2 -2 -2 -3  0  1 -2  1 -2  1 -1  3 -3 -2  2   17   0   0   0   4   1   1   1   0   3  11   0   5   0   6   2  27   0   0  19  0.29 0.18
  160 D   -1  1  2  3 -3  2  3 -2 -2 -2 -3  0 -2 -3 -2 -1  1 -4 -3 -1    3   8   9  20   0   8  24   2   0   1   1   4   1   0   0   1  10   0   0   4  0.38 0.18
  161 F   -3 -3 -3 -4 -1 -3 -4 -4 -2 -2 -2 -3 -2  6 -2  0 -3 -1  7 -2    1   1   1   1   1   0   1   1   0   2   1   1   0  38   2   8   1   0  39   2  1.20 0.37
  162 M   -2 -3 -3 -4 -2 -3 -3 -4 -3  3  4 -3  4 -1 -3 -1 -1 -3 -2  1    1   0   0   1   0   0   1   1   0  23  40   1  15   0   0   6   2   0   0   7  0.57 0.24
  163 L   -1  2  2  0 -1  1 -1 -2 -1  0  2  0  0 -1 -2 -1  0 -1 -2 -1    4  12  13   5   1  10   3   2   0   6  24   3   2   2   1   1   7   1   1   3  0.11 0.09
  164 H    0  3  1  3 -1  1  2 -2  2 -2 -3  1 -2 -3 -2  0 -1 -4 -2 -1    6  19   8  16   2   7  15   2   6   1   1   5   0   0   0   6   1   0   0   4  0.30 0.15
  165 H   -2  0  3 -1 -4 -1  2  1  7 -4 -4 -1 -3 -3 -1  0 -1 -4  0 -4    1   5  18   0   0   1  15  10  31   1   1   1   0   0   3   7   2   0   3   1  0.65 0.27
  166 C   -1  2  0 -1  2  1 -1 -1 -1 -1 -1  1 -1 -1  1  0  1 -2 -1  0    4  19   4   2   6   6   2   4   1   2   7   7   1   2   6   5   8   0   3  10  0.08 0.06
  167 I   -2 -4 -4 -4 -3 -3 -4 -4 -4  5  3 -3  0 -2 -1 -1 -2 -3 -3  2    1   0   0   0   0   0   0   1   0  40  35   0   1   0   3   6   0   0   0  10  0.65 0.26
  168 A    4  0  0  0  0  1  0 -1  3 -2 -2 -1 -2 -3 -2  0 -1 -3  0 -1   41   4   3   5   2   6   4   4   9   1   2   1   0   0   1   6   3   0   3   4  0.28 0.17
  169 R   -1  2  2  0 -3  3 -1 -1 -1 -3 -3  1 -2 -2  3  0  1 -3 -2 -2    4  12  10   3   0  16   1   5   1   1   1   7   0   2  17   5  13   0   0   1  0.34 0.16
  170 W   -4 -5 -5 -5 -5 -4 -5  0 -5 -5 -4 -5 -4 -2 -5 -5 -3 12 -1 -5    1   0   0   0   0   0   1   7   0   0   1   1   0   0   0   1   2  84   0   1  3.55 0.74
  171 I   -3 -4 -4 -4 -3 -4 -4 -3  2  7  0 -4  0 -2 -4 -4 -3 -4 -3  0    1   0   0   0   0   0   1   2   6  78   5   1   1   0   0   1   1   0   0   2  1.26 0.41
  172 A    3  2 -2 -2 -3  4  0 -2  0 -1 -2 -1 -1 -2  1  0 -1 -3 -3  0   27  10   1   1   0  28   2   1   2   3   1   1   1   1   7   5   1   0   0   6  0.38 0.23
  173 Q   -1 -1 -1  3 -4  4  3 -1 -1 -3 -3 -1 -3 -4  1  1 -2 -4 -3 -3    4   1   2  20   0  24  21   3   1   1   2   2   0   0   6  12   1   0   0   1  0.52 0.24
  174 R   -2  2  4 -2 -4  5 -1 -3  3 -4 -4 -1 -3 -2 -3  1 -2 -4 -3 -3    2  11  23   0   0  38   1   1   7   0   1   2   0   2   0   9   1   0   0   1  0.76 0.32
  175 G   -2 -4 -3 -3 -4 -4 -4  7 -4  0 -4 -3 -4 -4 -2 -2 -3 -4 -4 -4    1   0   0   0   0   0   1  84   0   6   1   1   0   0   2   1   0   0   0   1  1.59 0.44
  176 G   -2 -3 -2 -2  0 -3 -4  7 -4 -5 -5 -3 -4 -4 -4  0 -3 -4 -4 -4    1   2   0   2   2   0   1  81   0   0   1   1   0   0   0   7   1   0   0   1  1.51 0.41
  177 W   -5 -5 -5 -6 -5 -1 -5 -5 -5 -5 -4 -5 -4 -2 -5 -5 -5 12 -1 -5    1   0   0   0   0   3   1   1   0   0   1   1   0   0   0   1   1  88   0   1  3.82 0.78
  178 V   -1  0 -1  3 -3 -1  3 -3 -3  0 -2 -2 -2 -3 -3 -1 -1 -4 -3  4    3   5   2  22   0   1  20   1   0   2   1   1   0   0   0   3   1   0   0  36  0.44 0.25
  179 A    5  0 -1 -3  0 -2 -2  3 -2 -3 -3 -2 -3 -4 -3  1 -1 -4 -3 -2   55   6   2   0   2   1   1  19   1   1   1   0   0   0   0   7   3   0   0   1  0.65 0.30
  180 A    4 -3 -4 -4 -2 -3 -3 -3 -3  1  0 -3 -1  5 -3 -2 -2 -3 -1  1   42   0   0   0   0   0   0   1   0   8   6   0   1  28   0   1   0   0   0   9  0.59 0.29
  181 L    0  0 -4 -4 -2 -2 -3 -4 -3  1  4 -3  0  0 -4 -3 -2 -3 -1  3    7   6   0   0   0   1   1   0   0   6  47   0   1   3   0   1   1   0   1  23  0.47 0.23
  182 N   -2  0  2  5 -3  1  4 -2 -1 -5 -4 -1 -4 -5 -3  2 -1 -5 -3 -4    1   4   8  32   1   4  27   1   1   0   0   1   0   0   0  16   2   0   0   0  0.70 0.29
  183 L   -3 -2 -3 -3 -3 -3 -4 -5  0  1  4 -4  0  2 -4 -3 -2  0  4 -1    1   2   1   1   0   0   0   0   2   5  58   0   0   7   0   2   1   1  17   2  0.70 0.30
  184 G   -2 -1 -2  2 -4 -3 -2  2 -1 -3 -2 -3 -3  5 -3  0 -2 -2  4 -2    1   4   0  16   0   0   2  19   0   0   1   0   0  29   1   6   1   0  16   3  0.53 0.27
  185 N   -2 -1  6 -1 -3 -1  0  4 -1 -5 -5 -2 -3 -2 -2  0 -2 -4 -2 -4    1   3  41   2   0   1   5  32   1   0   0   1   1   2   2   7   0   0   1   1  0.80 0.32
  186 G   -1 -1  1  0  0 -1 -1  3 -2 -1 -2  0 -1 -2 -1  1  2 -3 -1  1    2   3   9   5   2   1   2  22   0   1   1   4   2   1   2   9  15   0   1  16  0.18 0.14
  187 P   -2  0  0 -2 -3 -3 -3 -4  0 -4 -3 -3 -4 -2  6  2 -1  3  4 -2    2   5   4   1   1   0   0   0   2   0   1   0   0   0  40  16   3   3  18   2  0.95 0.37
  188 I   -3 -4 -4 -4 -3 -2 -4 -2 -4  3  1 -3  4  1 -4 -1  1  8 -1  0    0   0   0   1   0   1   0   2   0  21   9   1  16   7   0   5  13  23   1   3  0.78 0.32
  189 L   -2  3  0 -3 -4 -1 -2 -4 -3 -1  1  3  1 -1  0 -1 -1  6 -2 -1    2  21   4   0   0   2   0   0   0   4  15  19   3   1   5   3   2  15   0   3  0.46 0.24
  190 N   -1 -2  3 -2 -4  3 -2 -2 -1 -3 -2  0 -1 -2 -2  2  1 -2  4 -3    3   1  19   0   0  15   0   2   0   1   3   5   2   0   1  17   9   0  20   1  0.42 0.27
  191 V   -1 -2 -3 -3 -2 -2 -4  0 -4  1  1 -3  5  0 -3 -2  1  2 -2  3    2   2   0   1   0   1   0   8   0   6  10   0  20   4   1   0   8   3   1  32  0.41 0.24
  192 L   -1 -1 -3 -4 -1 -2 -3 -3 -3  1  3  1  3  1 -4 -2  0 -3 -1  1    6   2   0   0   1   1   0   1   0   7  38  11  10   6   0   2   4   0   1  10  0.31 0.19
  193 V    1 -3 -3 -4 -1 -3 -3 -2 -4  3  0 -3  1 -1 -3 -2  3 -4 -3  3   12   1   0   0   1   0   0   3   0  23   6   0   3   2   1   0  26   0   0  23  0.44 0.25
  194 V    0 -4 -4 -5 -3 -4 -4 -4 -4  2  1 -4 -1  2 -4 -3 -2 -1 -2  5    7   0   0   0   0   0   0   1   0  12  12   0   0  11   0   1   0   1   0  53  0.73 0.32
  195 L    2 -3 -3 -4 -3 -2 -3 -2 -3  0  3 -2  0  2 -3 -2 -2 -3 -2  2   20   0   1   0   0   2   0   3   0   0  41   1   1  11   0   0   1   0   0  17  0.41 0.24
  196 G    4 -3 -3 -3 -3 -3 -3  3 -3 -3 -4 -3 -2 -4 -3  2  1 -4 -2 -1   47   0   0   0   0   0   0  25   0   0   0   0   1   0   0  16   7   0   1   3  0.72 0.34
  197 V    1 -4 -4 -4  0 -3 -4  1 -4  1  3 -4  0 -2 -4 -2 -2 -4 -3  4   13   0   0   0   2   0   0  14   0   4  30   0   2   0   0   2   0   0   0  35  0.47 0.26
  198 V    1 -4 -4 -5 -1 -4 -4 -1 -5  2 -1 -4  0 -2 -4 -1 -2 -5 -3  6   14   0   0   0   1   0   0   4   0   8   3   0   2   1   0   4   0   0   0  63  0.81 0.36
  199 L    1 -4 -3 -5 -1 -3 -4 -4 -4  1  4 -4  3 -1 -4 -3 -2 -4 -3  2   11   0   1   0   1   0   0   0   0   2  55   0   7   2   0   0   1   0   0  19  0.67 0.30
  200 L   -1 -4 -4 -5 -1 -4 -4 -5 -4  1  4 -4  0 -1 -4 -3  2 -4 -3  4    4   0   0   0   1   0   0   0   0   4  44   0   0   1   0   0  15   0   0  31  0.66 0.31
  201 G    1 -3 -3 -4 -3 -4 -4  6 -4 -4 -3 -3 -4 -4 -4 -2  1 -5 -4 -2   12   1   0   0   0   0   0  72   0   0   3   0   0   1   0   0   8   0   0   3  1.24 0.42
  202 Q    2 -2 -2 -3 -1  3 -1 -3  4 -1 -2 -1 -2 -2 -2  1  0  0 -2  1   21   0   0   0   1  20   1   0  15   3   1   2   0   1   1  14   4   1   0  13  0.36 0.25
  203 F   -2 -4 -5 -5  3 -4 -5 -5 -3  1  4 -4  0  5 -5 -4 -3 -2  3  0    2   0   0   0   8   0   0   0   0   5  41   0   1  28   0   0   0   0  10   4  0.78 0.30
  204 V    1 -4 -4 -5 -3 -3 -4 -4 -4  3  0 -4  2  1 -4 -3  0 -4 -2  5   11   0   0   0   0   1   0   0   0  15   6   0   5   7   0   0   5   0   0  51  0.63 0.29
  205 V    0 -2 -3 -4 -2 -3 -4 -4 -3  2  0 -3  1  0 -4  0 -1 -3  2  4    7   2   0   0   0   0   0   0   0  13   7   0   2   2   0   7   1   0  10  48  0.50 0.25
  206 R   -3  6 -2 -3 -5  2 -2 -1  3 -4 -3  1 -1 -1 -4 -2 -2  6  1 -3    0  51   0   0   0   8   1   4   8   0   1   5   1   2   0   1   1  12   4   1  0.91 0.33
  207 R   -1  6 -2 -3 -5 -1 -2 -3  0 -5 -3  4 -3 -4 -4 -2 -2 -4  0 -4    5  55   1   0   0   0   0   1   1   0   1  30   0   0   0   0   1   0   4   0  1.09 0.38
  208 F   -4 -4 -5 -5 -4 -4 -5 -5 -1 -1  2 -4 -1  7 -5 -4 -3  3  3 -1    0   0   0   0   0   0   0   0   1   0  17   0   0  68   0   0   0   4   5   4  1.23 0.32
  209 F   -4 -4 -5 -5 -4 -5 -5 -5 -3 -2 -1 -5 -1  8 -5 -4 -4  2  3 -2    0   0   0   0   0   0   0   0   0   0   2   0   0  93   0   0   0   2   4   0  1.70 0.34
  210 K    1  4 -1 -2 -3  3  0 -2 -1 -3 -3  3 -2 -4 -2 -1  0 -3 -3 -3   16  33   0   0   0  17   0   1   0   0   0  28   0   0   0   1   4   0   0   0  0.53 0.15
  211 S    0 -2  0 -1 -2 -1 -1 -1 -2 -3 -3 -1 -2 -3 -2  6  1 -4 -3 -3    0   0   0   0   0   0   0   0   0   0   0   0   0   0   0  94   6   0   0   0  0.86 0.20

                      K         Lambda
Standard Ungapped    0.1376     0.3222
Standard Gapped      0.0462     0.2670
PSI Ungapped         0.1504     0.3114
PSI Gapped           0.0462     0.2670
