
Last position-specific scoring matrix computed, weighted observed percentages rounded down, information per position, and relative weight of gapless real matches to pseudocounts
           A  R  N  D  C  Q  E  G  H  I  L  K  M  F  P  S  T  W  Y  V   A   R   N   D   C   Q   E   G   H   I   L   K   M   F   P   S   T   W   Y   V
    1 M   -4 -4 -5 -6 -4 -3 -5 -5 -4 -1  0 -4 10 -2 -5 -4 -3 -4 -4 -2    0   0   0   0   0   0   0   0   0   0   1   0  99   0   0   0   0   0   0   0  2.51 0.62
    2 G   -2  4  1  1 -4 -1  0  4 -2 -4 -2 -1 -3 -4 -3 -2 -2 -4 -4 -4    1  37   5   8   0   0   8  37   0   0   4   0   0   0   0   0   0   0   0   0  0.67 0.25
    3 L   -2 -2 -3 -4  3  0 -3 -1  0  0  4  0  0  1 -1 -3 -2 -3 -2 -1    2   0   0   0   8   4   0   5   3   0  62   9   0   5   3   0   0   0   0   0  0.46 0.23
    4 P   -2 -4 -4 -4 -5 -4 -3 -2 -4 -5 -5 -3 -5 -6  8  1 -3 -6 -5 -5    1   0   0   0   0   0   0   3   0   0   0   0   0   0  86  10   0   0   0   0  2.36 0.52
    5 T    2  0 -2 -2  0 -1 -1  0 -2 -1 -3  1 -2 -3 -1  2  3  1 -3 -1   20   6   0   0   2   0   3   5   0   2   0   8   0   0   2  17  28   2   0   4  0.30 0.18
    6 V    3 -1 -3 -3 -2 -2 -1 -2 -3  0  1 -2 -1 -3 -1  1  0 -4 -3  4   28   3   0   0   0   0   3   1   0   0  11   0   0   0   2   9   4   0   0  38  0.37 0.24
    7 P    0 -3 -4 -4  0 -1 -3 -1 -4 -4 -3 -3  3 -3  7 -1 -2 -5 -5 -3    6   1   0   0   2   3   0   4   0   0   1   0   9   1  65   4   2   0   0   1  1.55 0.46
    8 G    0  0 -2  0  3  1 -2  5 -3 -3 -3  1  0 -4 -3 -1 -3 -4 -4 -4    9   4   0   7   8   7   0  49   0   2   1   8   3   0   0   4   0   0   0   0  0.65 0.28
    9 L    0 -3 -3 -4  0 -3 -4  2 -4 -1  4 -3  0 -1 -1 -1  0 -4 -3  0    7   0   0   0   2   0   0  16   0   0  49   1   0   2   3   5   8   0   0   5  0.40 0.25
   10 L    1 -2 -4 -4  0 -3 -3 -2 -2  0  4 -3  2 -1 -1 -1  0  1 -2  1   14   3   0   0   2   0   0   2   1   1  44   0   6   2   3   4   4   2   1  10  0.34 0.22
   11 L    2 -4 -2 -5 -2 -3 -4 -4 -4  0  3 -4  3 -1 -2 -3 -3  7 -1  2   18   0   2   0   0   1   0   0   0   3  30   0   8   1   2   0   0  20   1  13  0.75 0.34
   12 S    0  0 -3 -3 -2  0 -3  2 -3 -2 -3 -2 -1 -4  4  2  0  5 -2 -1    8   5   0   0   1   4   0  18   0   2   2   0   2   0  25  16   5   9   1   3  0.57 0.29
   13 L   -2 -1 -3 -4 -3  2 -3  0 -3  0  3 -2  1 -1  2 -2 -1 -1 -2  1    2   4   0   0   0  12   0   9   0   4  38   1   3   3  12   1   2   1   1   9  0.34 0.24
   14 V    1 -2 -2 -4 -1 -4 -4 -2 -4  1  2 -4 -1 -1  2 -2 -2  2 -3  4   12   2   2   0   1   0   0   2   0   6  18   0   0   2  12   1   1   3   0  39  0.47 0.29
   15 L    1 -3 -5 -5 -3 -4 -4 -4 -5  3  4 -4  0 -1 -4 -2 -1 -2 -3  3   13   1   0   0   0   0   0   0   0  15  43   0   1   2   0   2   2   1   0  20  0.63 0.32
   16 L   -2 -2 -5 -5  1 -2 -4 -4 -4  0  4 -4 -1  2 -1 -3 -2  5 -2  2    2   3   0   0   3   2   0   1   0   3  46   0   0  10   3   1   1   9   0  16  0.63 0.33
   17 A    2 -3 -3 -3  1 -2 -3  1 -2  0  2 -2 -1 -3  0 -1  0 -4 -3  1   26   0   0   1   3   1   1  14   1   4  29   1   0   0   4   3   5   0   0   8  0.29 0.23
   18 L   -2 -4 -5 -5 -3 -3 -4  0 -5  1  4 -4  0  0 -3 -3 -2  4 -2  2    3   0   0   0   0   1   0   9   0   4  52   0   0   3   1   2   1   6   0  17  0.66 0.35
   19 L   -1 -4 -5 -5  6  1 -4 -4 -2 -1  4 -4  1  0 -5 -1 -2 -4 -3  0    4   0   0   0  18   7   0   0   1   2  50   0   2   3   0   4   2   0   0   7  0.78 0.39
   20 M    0 -2 -4 -4  4 -2 -3 -2  1  0  3 -3  1 -2  0 -2 -2  2 -2  2    9   2   0   1   9   1   0   3   4   2  33   0   4   0   4   2   2   4   1  18  0.35 0.23
   21 G    1 -1 -2 -1 -1  2  0  4 -3 -2 -2 -1 -1 -2 -3 -1 -2  2 -2  1   13   3   1   4   1  10   6  35   0   1   3   2   1   1   0   2   2   4   1  11  0.37 0.24
   22 I    2 -4 -3 -4  2 -2 -3  0 -2  2  2 -3 -1 -2 -1  0 -1 -4 -2  3   18   0   0   0   5   1   1   6   1  12  20   0   0   0   3   7   3   0   0  22  0.28 0.21
   23 H    1  0 -3 -1 -4  2  1 -4  5 -3  1 -2 -1  0  0 -2 -1  3  3 -3   12   5   0   2   0  12   7   0  17   0  15   0   1   3   5   1   3   5  11   1  0.39 0.28
   24 P    3  1 -3 -3 -1 -1 -2  1 -2 -3 -2 -2 -2 -2  4  0  0 -3 -4 -1   25   8   0   0   1   3   1  13   1   0   4   0   0   2  24   8   5   0   0   4  0.48 0.28
   25 S    3  0 -1 -3 -1  3 -1 -3  0 -2 -1 -2 -2 -4  1  2 -1 -4 -3  1   26   5   2   0   1  14   2   0   2   1   6   0   0   0   7  17   3   0   0  13  0.30 0.26
   26 G    2  0 -2 -2 -3  0 -2  3  0 -4 -3 -2 -3 -4  1  2 -1 -1 -3 -2   21   5   0   2   0   5   2  28   3   0   2   0   0   0   6  19   1   1   1   3  0.44 0.28
   27 V    0 -2 -2 -1 -3  2  0 -2 -3  0  2 -2 -1 -3  0  1 -2 -2 -3  3    8   2   1   2   0  11   6   2   0   2  20   1   1   0   5  11   0   0   0  27  0.23 0.22
   28 T    0 -1 -1  0 -1  1  0 -2  1  0  0 -2 -1 -3  3  0  3 -4 -2  0    6   2   2   6   1   6   5   1   3   7  10   0   0   0  16   7  21   0   1   6  0.24 0.18
   29 G    1 -1 -2 -1 -1  2 -1  3 -3 -2 -1 -2 -2 -2  2  0 -1  1 -3  0   11   3   0   2   1  12   2  26   0   1   8   0   0   1  12   5   4   3   0   8  0.27 0.19
   30 L   -1  2 -2 -3 -3  1 -1 -2 -2 -1  3 -1  0 -1  1  0 -1 -2  0  0    5  12   1   1   0   8   3   3   0   1  35   3   2   1   7   6   4   0   3   5  0.20 0.17
   31 V    0 -2 -2  0 -2 -1 -1 -1 -2  0  1 -2  1 -2  2 -1 -1 -2 -1  3    7   1   1   7   0   3   4   5   0   3  13   1   4   1  11   3   2   0   2  30  0.19 0.16
   32 P    1 -3 -2 -1 -4 -1 -1 -1 -1 -3 -1 -2 -4 -4  7 -1 -2  1 -4 -3   10   1   2   3   0   2   3   4   2   1   6   2   0   0  54   3   2   2   0   2  1.16 0.44
   33 S    0 -2  0 -1 -3 -1 -1  0  3 -2 -1 -2 -2 -1  3  2  1 -3 -1  0    7   1   3   3   0   3   3   6  10   0   6   1   1   2  15  20   8   0   2   9  0.25 0.19
   34 L   -2  1  0 -2  0 -1 -2  0  1 -1  1 -2  0  0  2  0  0  0  3 -1    2   8   5   1   2   2   2   8   4   2  21   1   1   2  12   6   5   1  13   3  0.16 0.15
   35 G    0  1 -1  0 -3  1 -1  3  1 -3 -1 -1 -2 -3  4  0 -1 -3 -3 -2    5   8   2   4   0   8   3  21   4   1   7   3   0   1  21   7   2   0   0   3  0.35 0.19
   36 D   -1  3  2  2 -3  1  0  0  1 -2 -2 -1 -2 -2 -2  1 -1 -2  2 -2    3  18   9  14   0   7   6   8   3   2   3   1   0   1   2  10   3   0   9   2  0.23 0.17
   37 R   -1  6  0 -2 -2  0 -1 -1  2 -3 -1  0 -3 -3 -2 -1 -1 -2 -2 -3    6  51   3   1   1   4   2   4   4   1   6   3   0   1   2   4   3   1   1   1  0.72 0.32
   38 E    0 -1  0  1 -3  0  3 -2  2 -1 -2  0 -1 -2  0  1  2 -3 -2  0    6   2   3   6   0   3  22   2   6   3   3   5   2   2   4  10  14   0   0   6  0.20 0.15
   39 K    0  1 -1 -1 -2  0  2 -2  1 -3 -2  3 -2 -3  0 -1  2 -1 -3 -1    7   6   2   2   1   3  17   2   4   1   5  25   0   0   3   3  14   1   0   3  0.29 0.20
   40 R   -1  4  3 -1 -4  1  0 -3  0 -3 -1  0  0 -4  1  0  0 -4 -3 -1    5  32  14   3   0   7   4   1   2   1   5   3   2   0   7   5   5   0   0   4  0.41 0.24
   41 D   -1  0  0  2 -3  5  2 -1  2 -4 -3  0 -2 -4 -2  1 -2 -4 -3 -3    3   5   4  14   1  29  12   5   5   0   3   3   1   1   2  10   1   0   0   1  0.52 0.32
   42 S   -1 -1 -1 -3 -2 -1 -2 -2  0  0 -1 -1  1 -3  4  2  2 -5 -4  0    4   2   2   0   0   3   1   2   3   5   5   3   4   1  21  21  17   0   0   8  0.41 0.28
   43 L   -1  2  0 -3  4  2 -1 -3  0 -3  0  0 -1 -3  1  1  1 -4 -3 -1    4  11   5   0  12  10   3   1   2   0  11   5   1   1   7  13  10   0   0   4  0.26 0.22
   44 C   -2  0 -6  0 11  0 -5 -5 -7 -6 -5 -5 -6 -7 -7 -3 -5  2 -6 -5    4   5   0   5  75   4   1   1   0   0   0   0   0   0   0   2   0   3   0   0  2.84 0.93
   45 P   -2  0 -2  4 -5  1 -1  0 -3 -5 -2  1 -3 -5  5 -1 -2 -6 -4 -4    3   6   1  25   0   8   3   7   0   0   4   8   0   0  29   4   2   0   0   1  0.75 0.40
   46 Q   -1 -1  0  0  5  4  2 -4 -1 -3 -1 -2 -2 -4  1  0 -1  0 -4 -2    4   2   5   6  16  19  16   0   1   0   8   1   1   1   7   6   3   1   0   3  0.45 0.31
   47 G    1 -2  1  2  0 -2  3  4 -3 -5 -5 -1 -4 -6 -3 -2 -2 -2 -5 -3   12   2   7  10   2   1  20  37   0   0   0   3   0   0   1   1   2   1   0   1  0.68 0.37
   48 K   -3  0 -2 -1 -6  3  4 -2  1 -5 -5  3  2 -4 -2  0 -2 -5 -1 -5    0   3   0   3   0  14  31   4   4   0   0  22   5   0   2   7   2   0   2   0  0.70 0.41
   49 Y   -4 -2  1  2 -6 -3  3 -5  0 -5 -4 -3 -5  2 -5 -1 -4  0  7 -5    1   1   6  10   0   1  19   0   2   0   1   1   0   7   0   4   0   1  46   0  1.29 0.58
   50 V   -2 -2 -2 -3 -3 -2 -1 -3 -2 -1  2 -2 -1  2  0  0 -2  5  5  0    2   1   2   1   0   2   5   2   0   3  22   3   1   9   5   6   2   8  21   5  0.42 0.24
   51 H   -3 -1 -2 -2 -1  4  0 -3  7 -2 -2 -2  0  0 -1 -1 -2 -1  4 -2    2   2   2   2   1  17   4   2  26   3   3   1   2   4   3   4   2   1  16   2  0.69 0.32
   52 S   -2  0 -1  0 -3  0  3 -2 -1 -2 -2  2 -2 -1  4  0 -1 -3  0  0    2   5   2   4   0   2  20   2   2   2   3  14   1   2  18   5   3   0   4   7  0.32 0.18
   53 K   -1  3  0 -1 -3  2  0 -1 -1 -3 -2  2 -2 -2  4  0  0 -1 -3 -2    4  15   4   3   0  11   5   5   1   1   5  11   0   1  19   5   5   1   1   2  0.34 0.19
   54 N   -1  0  3  2 -3  0  1 -1  1 -1 -2  1 -1 -2 -1  0  0 -3  0  0    4   5  17  11   0   2   8   4   4   4   3  10   1   1   2   6   7   0   4   7  0.15 0.12
   55 N    0  0  3  0 -4  0 -2  3  4 -3 -3 -1 -3 -4 -2  0  1  0 -2 -3    7   4  13   6   0   5   1  26  11   1   2   3   0   0   1   7   8   1   1   1  0.37 0.22
   56 S    0  0  1  0 -3  2 -1  3  2 -4 -1 -1 -2 -4  0  1  0 -4 -3 -3    6   5   7   5   0  12   3  22   6   0   6   2   0   0   4  13   6   0   0   1  0.26 0.20
   57 I   -2  1 -2 -2 -2  0  0 -3  1  2  1 -1  1  2 -1 -1 -2 -1 -1  1    1   9   1   1   0   4   8   1   5  18  16   2   4  11   2   4   1   1   1   8  0.15 0.14
   58 C   -5 -7 -5 -7 11 -7 -7 -7 -7 -3 -6 -7 -6 -6 -7 -2 -5 -6 -1 -5    0   0   1   0  89   0   0   0   0   2   0   0   0   0   0   3   0   0   2   0  3.75 1.07
   59 C   -5 -4 -7 -7 11 -7 -7 -3 -1 -6 -6 -7 -6 -6 -4 -4 -5 -6 -2 -5    0   1   0   0  89   0   0   2   2   0   0   0   0   0   1   1   0   0   2   0  3.68 1.07
   60 T   -2  2  1  0 -4  0 -1 -2 -3 -3 -1  2  2 -4  2  1  1 -5 -3 -2    1  12   9   5   0   4   2   2   0   1   6  17   6   0  12  13   9   0   0   1  0.32 0.24
   61 K   -2  4  1 -4 -3  0 -2  1 -3 -4  0  4  3 -4 -3 -2 -2 -5 -1 -3    1  21   6   0   0   3   0  11   0   0   8  31   9   0   1   2   2   0   3   1  0.60 0.36
   62 C   -6 -9 -8 -9 12 -8 -9 -8 -8 -6 -7 -8 -7 -8 -8 -6 -6 -8 -8 -4    0   0   0   0  99   0   0   0   0   0   0   0   0   0   0   0   0   0   0   1  4.51 1.26
   63 H   -3 -2 -1 -4 -6 -1 -1 -4  6 -5 -4 -2 -5 -4  7 -1 -4 -3 -4 -5    2   2   3   0   0   3   3   1  18   0   2   2   0   1  54   5   1   1   0   0  1.56 0.64
   64 K    5 -3 -5 -5 -5 -2 -3 -4 -5 -5 -5  2 -2 -6  5 -3 -3 -6 -6 -4   49   1   0   0   0   1   2   0   0   0   0  11   1   0  33   0   1   0   0   0  1.39 0.63
   65 G   -4 -7 -5 -6 -7 -6 -6  8 -6 -8 -8 -6 -7 -7 -6 -5 -6 -1 -7 -7    0   0   0   0   0   0   0  98   0   0   0   0   0   0   0   0   0   1   0   0  2.71 0.91
   66 T   -3 -3 -2 -4 -5  1 -2 -5  5 -4 -4 -1 -1  3 -5 -1  5 -4  4 -4    1   0   1   0   0   6   2   0  13   0   1   4   2  11   0   4  39   0  15   0  0.96 0.52
   67 Y   -6  1 -5 -6 -7 -4 -5 -7  6 -4 -5  1 -3  4 -6 -4 -5 -3  8 -5    0   9   0   0   0   0   0   0  17   0   0   9   0  14   0   1   0   0  50   0  1.84 0.73
   68 L   -3 -2 -6 -6 -4 -5 -5 -6 -6  0  4  0  2 -2 -6 -5 -4 -2 -4  5    1   2   0   0   0   0   0   0   0   2  33   8   5   1   0   0   0   1   0  48  1.08 0.52
   69 V    1  0 -1 -2 -4  2  0 -3  2 -3 -2  3 -3 -1 -3  2  0 -4  1  1   12   4   1   1   0   9   5   1   6   0   2  23   0   2   0  15   5   0   5  10  0.31 0.26
   70 S    2  1  1  0 -4  1  3  0 -1 -4 -4  2 -3 -3 -3  1  0 -5 -3 -2   19   7   7   3   0   7  20   6   1   0   0  11   0   1   0   9   6   0   1   2  0.35 0.25
   71 D    0 -1 -2  3 -5 -1  1 -3  6 -5 -5  1 -4 -3  4 -1 -3 -5 -2 -3    7   2   1  19   0   1  10   2  20   0   0   7   0   1  20   4   1   0   1   2  0.75 0.40
   72 C   -5 -7 -6 -7 12 -7 -7 -6 -7 -6 -6 -7 -6 -6 -6 -3 -5 -6 -6 -5    0   0   0   0  93   0   0   0   0   0   0   0   0   0   0   2   0   0   0   0  4.05 1.16
   73 P   -1  0 -1  1 -2  0  0  0  0 -3 -2  0 -3 -3  2  1  4 -2 -3 -1    3   4   2   8   0   3   6   6   3   1   3   7   0   1   8  11  27   1   0   4  0.27 0.21
   74 S    0  1  0 -1 -2 -1  3  1 -2 -3 -4  2 -3 -3 -2  2  1 -2 -3 -2    7   7   4   3   1   1  23  11   0   1   0  12   0   1   1  17   7   0   1   3  0.32 0.24
   75 P   -2  1  1  0 -4  1  0 -2  2 -3 -1  0 -3 -2  5 -1  0 -3 -3 -3    3   8   8   6   0   6   5   2   5   1   6   4   0   2  33   4   5   0   0   2  0.55 0.27
   76 G   -2 -2  2  1  4 -1 -1  2  4 -3 -2 -2 -2 -3 -3  2  1 -1 -3 -3    1   1   9   7  11   3   4  19  12   1   4   2   1   1   0  15   9   1   0   2  0.39 0.26
   77 R   -2  0  1 -1 -4  3  1  3 -1 -3 -1  1 -1 -4 -3  0  1 -4 -3 -2    2   6   6   2   0  14   7  28   1   1   5   7   2   0   1   7   8   0   0   2  0.36 0.23
   78 D    0  1  2  3 -3  1  1 -1 -2 -2 -2  0 -1 -2 -1  1  0 -4 -2 -2    8   7   9  22   0   5   6   3   0   2   3   6   2   1   2  12   6   0   1   3  0.26 0.17
   79 T   -1 -3 -2 -4 -4 -4 -3  2 -3 -3 -5 -2 -3 -3  1  3  5 -5 -2 -3    4   1   1   0   0   0   1  14   0   1   0   1   0   1   6  22  43   0   1   1  0.88 0.49
   80 V   -2 -1  0  1 -4  1  1 -3 -2  0 -1  1 -1 -2 -1 -1  2 -4 -3  2    2   2   3  10   0   6  10   1   1   5   4  11   1   1   3   2  17   0   0  21  0.24 0.22
   81 C   -5 -7 -6 -7 11 -6 -7 -6 -7 -6 -6 -7 -6 -6 -6 -1 -5 -6 -6 -5    0   0   0   0  90   0   0   0   0   0   0   0   0   0   0   5   0   0   0   0  3.90 1.14
   82 R    1  1 -2 -1 -3  0  1 -3  0  0  1  0  0 -3  0  0  1 -3 -2  0   13   8   1   3   0   4  10   1   2   3  20   7   2   0   5   6   8   0   1   7  0.11 0.13
   83 E   -1  0 -2 -3 -5 -2  1 -5 -2 -3 -3  1 -2 -4  6 -1  1 -6 -5 -1    4   6   2   1   0   1   8   0   1   1   2   9   1   1  47   4   7   0   0   4  1.03 0.48
   84 C   -5 -7 -6 -7 12 -7 -7 -6 -7 -6 -6 -7 -6 -6 -6 -5 -5 -6 -6 -5    0   0   0   0  94   0   0   0   0   0   1   0   0   0   0   0   0   0   0   0  4.18 1.17
   85 E    1 -2  0  2 -4  0  2 -1 -1 -2 -3 -1 -4 -4  5  0 -1 -5 -4 -2   12   2   4  12   0   3  16   5   1   2   2   3   0   0  27   6   4   0   0   2  0.53 0.28
   86 K   -1  0  2  1  2  1  2 -2  2 -3 -3  1 -3 -3  2  0 -1 -2 -1 -3    4   5  11   8   6   7  16   2   6   1   1   8   0   1  11   6   2   1   2   1  0.32 0.20
   87 G   -1 -2  2  1 -5 -2 -2  6 -2 -5 -5 -3 -5 -5 -4  0 -4 -5 -5 -4    4   3   9   8   0   2   2  59   1   0   1   1   0   0   0   8   0   0   0   2  1.11 0.46
   88 T   -3 -3 -3 -2 -4 -1  2 -2 -1 -4 -4 -3  0 -2 -4  2  6 -5 -1 -3    1   1   0   1   0   3  12   2   2   0   1   1   3   2   0  14  53   0   2   1  0.97 0.50
   89 F   -5 -5 -5 -1 -5 -5 -5 -5  0 -4 -4 -5 -4  7 -5 -3 -5 -2  7 -4    1   0   0   4   0   0   1   1   2   0   1   0   0  41   0   2   0   0  44   1  2.01 0.70
   90 T   -2 -1  1 -4 -4 -2 -4 -4 -2  1  2 -3  2  0 -4  0  5 -4 -4 -2    3   4   8   0   0   1   0   0   1   8  19   0   6   3   0   6  38   0   0   0  0.63 0.40
   91 A    4 -3 -3  2 -4  0  4 -3 -2 -3 -4 -1 -4 -5 -2  0  0 -1 -4 -4   36   0   1  11   0   4  27   1   1   1   1   3   0   0   2   6   6   1   0   0  0.69 0.41
   92 S   -3  2 -2 -3 -4  2 -1 -3  7 -1 -1  0 -3  0 -4  0  1  2  2  0    1   9   1   1   0   8   2   2  26   4   5   5   0   3   0   6   8   3   8   6  0.54 0.32
   93 Q   -1 -2 -3  1 -3  0  3 -3 -1 -2 -2 -1  0 -2  4  0 -2  7 -2 -4    4   2   1   8   1   3  21   1   1   2   5   4   2   1  18   6   2  16   1   1  0.66 0.37
   94 N   -5 -5  9 -2 -6 -4 -4 -5  0 -6 -6 -4 -6 -6 -6 -1 -2 -7 -6 -6    0   0  85   1   0   0   0   0   2   0   1   0   0   0   0   4   2   0   0   0  2.54 0.93
   95 Y   -2  0 -1 -2 -3 -2 -2  3  6 -3 -4 -3 -2  1 -3 -1  1  3  3 -3    3   4   2   2   1   2   1  22  23   2   1   1   1   5   1   3  10   4  11   1  0.64 0.36
   96 L   -1 -2 -2 -2 -3 -2  0 -4  2  0  3 -2  3  3 -4 -1 -2 -3  0  1    4   2   2   2   0   1   7   1   5   2  33   1  10  12   0   5   1   0   2   9  0.35 0.24
   97 R   -2  2  0 -1 -4 -1  1 -2  3 -2 -3  1 -3  0  3  2  2 -4 -3 -3    1  11   4   3   0   1   7   3   7   2   2   8   0   4  13  20  13   0   0   0  0.32 0.24
   98 Q   -2  3  1 -2  1  2  2 -3  2 -1 -4  3 -3 -2 -3  0  0 -4 -2 -3    1  18   6   1   3  10  17   1   4   5   1  18   0   2   0   6   5   0   1   1  0.41 0.27
   99 C   -4 -6 -5 -6 11 -6 -6 -5 -6 -5 -5 -6 -5 -6 -6 -1 -4 -6 -6 -5    1   0   0   0  87   0   1   1   0   0   1   0   0   0   0   6   0   0   0   1  3.58 1.05
  100 L   -1  1 -2 -3 -4  3 -1 -3  3  0  3 -1  0  2 -3 -2 -1 -3 -1 -2    4   9   2   1   0  14   4   1   8   4  29   3   1  11   1   1   3   0   1   1  0.32 0.26
  101 S    0  3 -3 -2 -1  2 -1 -1 -1 -3 -1  0 -1 -3  3  2 -1 -4 -4 -2    7  20   0   1   1   9   2   4   1   1   7   5   2   1  13  19   3   0   0   3  0.34 0.27
  102 C   -4 -5 -5 -1 11 -5 -5 -5  2 -5 -5 -5 -5 -5 -5 -4 -4 -5 -5 -5    1   1   0   4  81   0   1   1   5   1   1   1   0   0   1   1   1   0   0   1  3.32 1.01
  103 K   -2  4 -2 -2  2  2 -1 -2 -1 -2 -1  2 -3 -3 -2  1  1 -1  1 -3    2  22   1   2   5  11   2   3   1   2   5  12   0   0   1  13  11   1   5   1  0.35 0.26
  104 T    0  1 -1 -1 -3  2  1 -2  2 -1 -2  1  0 -2  1  1  0 -3  0  1    7   7   1   2   0   9   7   2   6   2   3   8   2   1   8  12   6   0   4  12  0.13 0.13
  105 C   -4 -5 -5 -5 11 -5 -5 -5 -5 -5 -5 -5 -5 -5 -5 -1 -4 -5 -5 -4    1   1   1   1  84   0   1   1   0   1   1   1   0   0   1   5   1   0   0   1  3.48 1.03
  106 R   -3  4 -1  5 -4 -1  0 -3  1 -3 -3  1 -4 -4 -2  0 -2 -4 -2 -3    2  27   2  32   0   2   5   2   3   1   2   6   0   0   2   6   2   0   1   2  0.70 0.36
  107 K    0  0 -2  0  1  1  1 -1  1 -1 -1  1  0 -3  3  0  0 -3  0 -1    8   5   0   4   4   8  11   3   5   3   5   8   3   0  14   7   5   0   3   3  0.17 0.17
  108 E    0  0  0  2 -3  1  1 -1  1 -1 -1  0  1 -3  0  0  0 -4 -3  0    7   4   4  16   0   8  11   5   4   4   5   3   5   0   3   7   4   0   0  10  0.13 0.16
  109 M    1 -1 -1 -2 -2  1 -1 -2  0  0  2  0  4  0 -2  0 -1 -2 -2  0   16   2   3   2   0   8   2   2   2   3  18   5  17   4   2   5   2   0   1   6  0.18 0.16
  110 S   -1 -1  2  0 -3  0 -1  4  1 -3 -2 -1 -3  1 -2  1 -2 -1 -2 -3    2   3  12   4   0   5   2  37   3   2   3   3   0   8   2   9   1   1   1   1  0.43 0.23
  111 Q   -3 -2 -3 -3 -4  6  2 -4 -2 -3  1 -2  0  2 -4 -3 -1 -4 -2 -3    1   1   0   0   0  44  14   1   1   0  17   1   2  10   0   1   4   0   1   1  0.91 0.49
  112 V   -2  0 -3 -2 -3  0  2 -2 -1  2  0 -1  0 -2 -3 -1 -1 -4 -1  4    1   7   0   1   0   4  15   3   1   9   8   3   1   1   0   5   3   0   2  36  0.33 0.25
  113 E    1 -2 -3 -2 -3  0  4 -2 -3  0 -1 -2  0 -4 -2 -2  2 -4 -3  3   10   1   0   0   0   4  29   3   0   4   4   1   2   0   2   1  14   0   0  23  0.41 0.31
  114 I   -1  0 -3 -1 -3 -1  0 -3 -2  2  2  0 -1 -1 -3 -2  0  0 -2  3    3   6   0   4   0   2   6   1   1  15  24   5   0   1   0   3   5   1   0  22  0.24 0.19
  115 S    1  3  0 -2 -3  1  1 -2 -2 -2 -3  1 -2 -3 -2  3  1 -1 -3 -1   10  15   3   1   0   5   9   1   0   2   2  10   1   1   1  26   9   1   0   3  0.32 0.24
  116 P    0 -2  4 -1 -4 -2  1 -2 -2 -3 -4  1 -3 -4  6 -1 -2 -5 -4 -3    8   2  19   2   0   1  10   2   1   1   1   7   1   0  37   4   1   0   0   1  0.84 0.39
  117 C   -4 -6 -5 -6 11 -5 -6 -2 -6 -5 -5 -6 -5 -5 -5 -4 -4  4 -5 -4    1   0   0   0  83   0   1   4   0   0   1   1   0   0   0   1   1   5   0   1  3.33 0.98
  118 Q   -1 -1  0 -2 -3  0 -2 -3 -2 -3 -3 -1 -3 -3 -3  4  5 -4 -4 -2    3   3   3   1   0   4   2   1   1   1   2   4   0   1   0  29  43   0   0   1  0.82 0.46
  119 A    2  1 -1 -1 -3 -1 -1  0 -1 -2 -2 -1 -2 -1  1  2  1 -3 -1  0   21   8   2   2   0   2   2   7   2   2   2   3   1   3   8  19   7   0   2   8  0.19 0.17
  120 D   -2 -1  0  2 -3 -1  0 -1 -1 -2 -2  2 -2 -3 -3  0  4  0 -1  1    1   2   4  10   0   2   6   4   1   1   1  15   1   1   0   5  28   1   3  13  0.30 0.25
  121 K    1  3 -1 -2 -3  3  0 -2  0 -4 -3  2 -2 -4 -1  2  1 -4 -3 -3   12  19   1   1   0  17   6   1   3   0   1  11   1   0   3  16   8   0   0   1  0.43 0.28
  122 D   -4 -3  5  6 -5 -1 -1 -1 -3 -5 -5  2 -4 -5 -4 -2 -3 -5 -4 -5    1   0  32  41   0   2   2   5   0   0   1  11   0   0   0   2   1   0   0   1  1.18 0.51
  123 T   -1  1 -3 -1 -4 -1 -3 -4 -4 -1 -2 -3 -3 -4 -1 -1  7 -5 -4 -1    3   7   0   3   0   2   1   1   0   3   4   1   0   0   3   2  67   0   0   3  1.19 0.57
  124 V   -1  1 -3 -3 -3  3  1 -3  2  0  0  1 -1 -3 -3 -3 -1 -4 -3  4    3   8   0   1   0  14   8   2   5   4   8   7   1   0   0   0   3   0   0  35  0.39 0.29
  125 C   -4 -6 -6 -6 11 -6 -6 -6 -6 -5 -5 -6 -5 -6 -6 -2 -5  0 -5 -5    1   0   0   0  87   0   0   1   0   0   1   0   0   0   0   3   0   1   0   0  3.53 1.06
  126 G   -1  3 -2 -1 -4  2  0  5  1 -4 -4 -1 -3 -4 -3 -1 -1 -4 -4 -2    4  15   0   3   0  10   4  41   4   1   1   3   0   0   0   4   4   0   0   4  0.61 0.33
  127 C   -4 -6 -6 -6 11 -6 -6 -6 -6 -4 -5 -6 -5  0 -6 -5 -4  2 -5 -1    1   0   0   0  82   0   0   1   0   0   1   0   0   4   0   1   0   2   0   5  3.28 1.00
  128 K   -1  3  0 -1 -4  3  1 -1  2 -2 -3  4 -1 -4  0 -1 -2 -4 -3 -2    4  18   5   3   0  12   7   4   5   2   2  24   1   0   4   3   1   0   0   2  0.42 0.27
  129 E   -2 -1  0  1  0  1  2 -4 -1 -5 -3  2 -2 -3  5  0  0 -5 -4 -3    2   3   3   8   2   7  11   0   1   0   2  13   1   1  32   6   5   0   0   1  0.67 0.40
  130 N   -4 -3  3 -1  0 -4 -3  6 -1 -6 -6 -2 -6 -6 -5 -2 -3 -6 -6 -6    0   2  12   3   2   0   2  70   1   0   0   2   0   0   0   2   2   0   0   0  1.55 0.70
  131 Q   -3  0 -3 -3 -4  3  0 -2  3 -3 -2 -1  3  2 -4 -1  0  6  3 -2    1   5   0   1   0  17   5   3   8   0   4   3  10   7   0   3   7  13  12   3  0.58 0.39
  132 F   -3 -5 -2 -5 -5 -5 -5 -4  0 -1 -2 -5 -3  7 -5 -1 -3 -2  6  0    2   0   2   0   0   0   0   2   2   3   2   0   0  43   0   4   2   0  30   6  1.44 0.65
  133 Q   -3  3 -2 -4  8  2 -4 -5 -4 -2 -2  1  0 -4 -2 -1 -1 -4  2 -2    1  14   1   0  36  10   0   0   0   2   4  10   2   0   2   5   3   0   6   2  1.02 0.52
  134 R    0  1  0  0  1  1  1 -2  1  0 -1  0 -1 -1  0  1  0 -3 -1  1    6   8   3   5   4   7   9   2   5   5   3   3   1   3   4  10   5   0   2  16  0.07 0.10
  135 Y   -2 -1  0  1  6 -1 -1  0  3 -2 -2  0 -3  0 -2 -1 -1 -3  3 -2    3   2   5   8  19   2   4   9   8   2   3   5   0   4   2   5   3   0  14   3  0.39 0.26
  136 L   -1  0 -2  0 -3  1  0 -2 -1  0  0 -1  0 -1  2  1 -2  5 -1  0    3   5   1   6   0   8   5   3   2   6  12   3   2   2  11  12   1   9   2   6  0.20 0.19
  137 S    1 -2  1  4 -3 -1  1  1  0 -3 -3 -2 -4 -4 -2  1 -2 -5 -3 -1   13   2   7  28   1   2   7  12   2   1   2   1   0   0   2  13   2   0   1   5  0.44 0.32
  138 E   -2 -2  1  2  4  0  2  1  1 -4 -3 -1 -4 -3  1  2 -1 -4 -3 -4    1   1   5  12  10   5  12  10   3   1   3   3   0   1   8  19   4   0   1   1  0.37 0.29
  139 T    0 -2 -1  2  1 -2  3 -2  0 -3 -2 -1 -3 -3  0  2  1 -4 -2 -2    6   2   3  13   3   1  23   3   2   1   4   2   0   1   5  20   7   0   1   3  0.34 0.28
  140 H   -2 -2 -3 -1  8 -2 -1 -2  5 -3  0 -3 -1 -1  2 -2  0 -4  0 -3    2   2   1   4  32   2   3   3  13   1   8   1   1   3  11   2   6   0   3   1  0.92 0.49
  141 F   -3 -1 -4 -3  6 -4  2 -4 -1 -3 -2 -4 -1  6 -1 -3 -1 -1  0  0    2   4   1   1  18   0  16   1   1   1   2   1   1  31   3   1   3   1   3   8  0.86 0.49
  142 Q   -1  2 -1 -2 -4  3  2 -4  5 -2 -1  0 -1 -2 -1  1 -2 -1  0 -1    5  12   2   1   0  15  11   0  14   2   5   5   1   2   2  10   2   1   3   4  0.36 0.30
  143 C   -3 -7 -7 -4 11 -4 -7 -7 -7 -6 -5 -3 -6 -7  0 -4 -6 -7 -7 -6    2   0   0   2  84   1   0   0   0   0   1   2   0   0   5   1   0   0   0   0  3.61 1.32
  144 V   -2  3 -2 -2  0  1  2 -3  1 -2  1  1  0 -1 -2 -2 -1  0 -1  0    3  21   1   1   2   7  14   2   3   1  16   8   2   3   2   2   3   1   1   6  0.26 0.25
  145 D   -2  2  2  0 -5  1 -2 -3  0 -4 -2  2 -1 -3  5 -1  1 -5 -4 -4    3  10  11   6   0   5   2   1   2   1   5  13   2   1  25   4   8   0   0   1  0.53 0.37
  146 C   -5 -3 -6 -4 10 -4 -7 -7  4 -5  0 -3 -5 -5 -7 -2 -3 -2  0 -4    0   2   0   1  65   1   0   0   9   0   9   2   0   0   0   3   2   1   3   1  2.57 1.04
  147 S   -1  1 -2 -2  4  1 -1 -4 -3 -4 -1  1 -3 -5  1  4  2 -5 -3 -3    5   6   1   1   9   6   4   0   0   1   6   7   0   0   6  33  12   0   1   1  0.51 0.42
  148 P   -2  1 -2  2 -5  0 -1 -4  1 -2  0  1 -3 -5  4  1  1 -5 -4 -1    2   8   1  14   0   3   2   0   3   2   8   8   0   0  23   9  11   0   0   4  0.45 0.35
  149 C   -5 -7 -3 -5 11 -3 -7 -1 -3 -6 -3 -5 -3 -3 -2 -3 -5 -6 -6 -3    0   0   1   1  77   2   0   5   1   0   3   1   1   1   3   2   0   0   0   2  3.04 1.16
  150 F   -1  0 -3 -2 -3 -1  0  2  0 -2  0  0 -3 -1  4 -1  0 -4 -3 -1    4   6   1   2   0   2   6  17   2   1  12   6   0   3  22   5   7   0   0   4  0.33 0.26
  151 N   -2 -1  4  1 -5 -1  2  0  4 -5 -5 -2 -5 -5  4 -1 -2 -5 -2 -3    3   3  21   6   0   2  14   7   9   0   1   2   0   0  23   3   2   0   1   2  0.70 0.45
  152 G   -1  3 -2 -1 -1  0 -1  6 -1 -4 -3 -3 -3 -3 -2 -3 -4 -5 -5 -4    5  15   1   4   1   4   3  54   2   1   3   1   1   1   2   0   0   0   0   1  1.00 0.55
  153 T   -2 -2 -1 -2 -2  2  3 -2  3  0 -2 -1 -2 -4 -2 -1  3  2 -2  1    2   2   2   2   1   9  18   4   8   6   4   3   1   0   2   4  20   3   1   9  0.30 0.28
  154 V   -2 -3 -2 -4 -4 -3  1 -4 -4  3  0 -1  0 -3 -3 -2  2 -5 -2  4    2   1   2   0   0   0  11   1   0  14   9   5   2   1   1   2  12   0   1  37  0.56 0.39
  155 T    0  2  0 -2 -1  2  0 -3  0 -2  0  2  0 -4 -1 -1  1 -2 -3  0    9  11   5   1   1  12   6   0   2   2   8  15   2   0   3   3  12   0   0   8  0.21 0.23
  156 I   -1  1 -2  1 -2  2  1 -2  0  0  0  1 -1 -2 -2  0  0 -1 -1  1    4   9   0  10   1  10   9   2   2   7  12   9   1   1   1   5   5   1   1  11  0.11 0.14
  157 P    1  0  0 -1 -3  0  1 -1  0 -1 -1  0  0 -1  4 -1 -1 -3 -2 -2   13   6   4   3   0   3  12   4   3   3   8   5   4   3  19   4   4   0   0   0  0.20 0.20
  158 C    1 -1  0  0  7  0 -1  2 -3 -1 -3 -1 -3  0 -4 -2  0  2 -3  0   11   4   4   5  28   4   4  14   0   4   0   4   0   4   0   0   5   3   0   6  0.52 0.36
  159 K   -2  0  1 -2 -4  0 -1  1  1 -3 -3 -1  0 -2  0  3  3  0 -4 -3    2   6   5   2   0   4   3  12   3   1   3   4   3   1   4  24  21   2   0   1  0.36 0.33
  160 E    0  0 -1  0 -4  0  4  0  0 -2 -3  1 -3 -4  1  1 -1 -1 -2 -2    9   4   2   5   0   3  28   7   2   2   3  10   0   0   7   9   3   1   2   2  0.32 0.28
  161 T    0  2  1  0 -1 -1  0  0  0 -2 -1  0  1 -1 -2  0  2  2  0 -1   10  12   9   5   1   2   5   6   2   2   4   4   4   2   1   7  13   3   3   3  0.11 0.15
  162 Q   -1  0  2  4 -4  2  1 -1 -1 -2 -3  0 -2 -2 -1  2  0 -4 -4 -3    3   5  11  21   0  12   8   4   1   2   2   5   1   2   3  13   5   0   0   1  0.36 0.29
  163 N   -1 -1  4  5 -5 -1  0 -3  0 -2 -5 -3 -4 -5  0  0  2 -5 -5 -2    4   3  19  34   0   2   4   2   2   2   1   0   0   0   5   7  11   0   0   2  0.74 0.47
  164 T   -1  0  2  0 -4 -2 -1 -2  2 -1 -3 -2 -2 -2 -1  0  5 -5 -2 -1    5   5  10   5   0   1   3   2   5   4   2   2   1   1   2   5  39   0   1   4  0.51 0.40
  165 V   -1 -1 -1 -1  8 -1 -1 -4  0  0 -1 -1  1 -1  0 -2  1 -4 -3  1    3   3   3   3  33   3   4   0   3   4   5   3   3   3   4   0   8   0   0  12  0.60 0.36
  166 C   -1  0 -4 -4  8  0 -1  0 -4 -1 -2 -3 -3 -3  0 -1  0 -4  1  0    4   5   0   0  40   4   4   9   0   4   4   0   0   0   5   4   5   0   5   6  0.86 0.45
  167 N    0  2  1  1 -3  0  0  1  0 -2 -2  0 -1 -3  3 -1  0 -4 -3 -1    6  13   6   9   0   3   6  11   3   2   3   5   1   1  15   3   7   0   0   5  0.22 0.18
  168 C   -2 -1 -5 -5 10 -1 -3 -5 -5 -2 -3 -1 -4 -5 -2 -3 -2 -5 -5 -1    3   4   0   0  65   3   2   1   0   3   3   5   0   0   2   2   2   0   0   4  2.22 0.87
  169 H   -2  1  0 -3 -4  0  1 -2  4 -2  0  3 -1 -2  2  0 -1 -4 -2 -2    2   8   3   0   0   4   8   2  12   2   9  22   1   2  11   5   4   0   1   3  0.31 0.26
  170 A    0 -2  0  0 -1 -1 -1 -3  0 -2 -3 -1 -1 -3  5  0  2  1 -2 -2    9   1   4   5   1   2   4   1   2   2   3   3   1   1  34   6  12   2   1   3  0.58 0.36
  171 G   -3 -1  0  0 -4 -1 -1  6 -1 -4 -3 -2 -2 -1 -2  0  0 -4 -4 -4    1   3   5   5   0   2   3  56   1   1   2   2   1   3   2   5   5   0   0   1  0.88 0.46
  172 F   -1 -2 -2 -4  0 -1 -3 -4  3 -3 -1 -3 -3  6 -2 -1  3  1  3 -2    4   2   1   1   2   3   1   1   7   1   4   1   0  31   2   5  23   2   8   2  0.69 0.42
  173 F   -2 -3 -2 -2 -4  0 -2  0 -2 -3 -3 -2 -3  6  0 -2 -2 -2  5 -2    2   1   2   2   0   4   3   8   1   1   1   3   0  41   6   2   2   0  21   2  0.96 0.51
  174 L    0  1  1 -2 -1  2  1 -3  0 -1  1 -1  0 -2 -2  2  0 -1 -2 -1    6  10   6   1   1  10  10   1   2   3  15   3   2   1   1  19   5   1   1   3  0.16 0.20
  175 R    0  1  3  1 -1 -1  1 -2  2 -2 -2  0 -1 -3  2  0  0 -3  0 -2    6   7  18   7   1   0   8   2   7   3   4   6   2   0   9   8   7   0   3   2  0.20 0.18
  176 E    0 -1  1  1  0  0  0  2 -1 -2 -1  0 -2 -2  1  0  1 -3 -2  0    5   3   8   7   2   2   6  19   2   2   5   7   0   1   5   8  10   0   0   7  0.13 0.12
  177 S   -1 -1  4  1 -3 -1  0  1 -1 -3 -3  1 -3 -2 -1  3  0 -4 -3 -3    3   3  21   9   0   1   7   9   1   1   3   8   0   2   3  21   5   0   0   2  0.35 0.27
  178 E    0  0  1  0 -3  0  1  0  0 -2 -2  1 -1 -3  1  2  1 -3 -3 -1    6   5   9   5   0   2   9   7   2   1   3  11   2   1   7  19   7   0   0   4  0.17 0.16
  179 C   -2 -2 -4 -4 10 -2 -3 -4 -4 -3 -1 -3 -1 -2 -1 -2 -1 -4 -4 -1    3   2   1   1  59   2   2   1   0   1   7   2   2   2   4   2   4   0   1   4  1.82 0.69
  180 V    0  1 -1 -1 -2  1  1 -2  1  0  0  1  0  0  0  0  0 -2  0  1    6   9   3   1   0   7   9   1   5   6   8   8   3   4   4   6   5   0   3  13  0.06 0.09
  181 P   -1  0 -1 -2 -4 -1 -3 -2  0 -2 -2 -1 -1 -2  6  1  0 -4  0 -2    5   6   3   2   0   3   0   2   3   2   3   3   2   2  39  12   7   0   3   2  0.69 0.44
  182 C   -2 -1 -1 -2  8 -4 -4 -2  3 -2 -4 -2 -3 -1 -1 -1 -1  5  1 -1    3   3   3   2  40   0   1   3   6   3   1   3   0   2   3   5   4   9   4   5  1.08 0.57
  183 S    1 -1  0 -1 -3  0 -1 -1  1 -2 -2 -1 -2 -1  3  1  2  1 -2 -1   11   2   5   3   0   4   3   3   4   2   3   3   0   3  15  11  19   2   0   5  0.24 0.24
  184 H   -1  3  2 -1 -4  0 -1 -2  3 -2 -2  0 -1 -4  0  2  2 -4 -1 -2    3  22   9   3   0   4   4   2   7   2   3   4   2   0   4  14  14   0   2   2  0.31 0.30
  185 C   -1 -5 -4 -3  9 -2 -3 -2 -5 -2 -2 -3 -1 -4 -1  1 -2  1 -2 -1    4   0   0   2  53   1   2   3   0   2   4   1   2   0   3  10   2   2   1   5  1.52 0.72
  186 K   -1  0  0 -1 -3  2  1 -1 -1  0 -2  1 -2 -2  2  2  1 -4 -3 -1    2   4   4   2   0   9  10   5   1   7   4   9   0   1  13  16  11   0   0   3  0.21 0.22
  187 K    0  0 -1  0  1  0  1  1  0 -1  0  0 -1 -2  3  1  1 -1 -2 -1    5   4   2   6   3   5   8   9   2   2   9   6   1   1  13   9  10   1   0   2  0.13 0.13
  188 N   -1 -1  2  1  0  0 -1  2  3 -1 -1 -1 -2 -1  2  0  0  1 -1 -2    3   2   9   7   2   3   2  21   9   3   5   2   0   3   9   6   4   2   2   3  0.19 0.18
  189 E   -1  0 -1  0 -3  1  2  1  0 -1 -1  0 -1 -1  0  1  2 -3 -1 -1    4   4   1   4   0   6  14   9   3   3   7   5   1   2   4  10  17   0   2   3  0.14 0.18
  190 E   -1  2  0  1 -2  1  3 -2 -2 -1  0  0 -1 -1 -1  0  0 -1 -2  0    4  12   4   7   1   5  20   3   0   4   8   5   1   2   3   6   6   1   1   9  0.14 0.16
  191 C   -1 -2 -4 -4  9 -2  0 -3 -1 -2 -2 -2 -1 -2 -1 -1  0 -1 -2  1    4   2   1   1  41   2   7   2   2   2   3   2   2   2   4   5   7   1   1  11  1.09 0.56
  192 M    0 -1 -1  0 -1  1  2  0  0 -1  1  0  0 -2  0  0  1 -3 -2  0    7   2   1   3   1   6  17   7   2   3  14   6   2   1   4   7   8   0   0   7  0.09 0.13
  193 K    0  0  0  0  2  0  0  0  1  0 -1  0 -2  0  0  0  0  3 -1  0    6   6   5   6   5   5   6   6   5   6   6   6   0   5   6   6   6   5   0   6  0.06 0.09
  194 L    0  0 -1 -1 -1  1  1 -1  2  0  0 -1  0 -1  1  0  1  2 -1  0    5   4   3   3   2   8   8   3   6   5  10   4   2   3   8   7   8   3   2   8  0.08 0.10
  195 C    0 -2 -1 -5  8 -1 -2  1  0 -2 -2 -3 -1 -2  1 -1 -2  1 -5 -1    6   3   3   0  34   3   3  12   2   2   5   2   2   2   7   4   3   2   0   4  0.94 0.55
  196 L    0  0  0  0  2  0  0 -1  1  0 -1  0  1  0  0  0  0  3 -2  0    5   5   5   5   5   5   5   5   5   5   5   5   5   5   5   5   5   5   0   5  0.05 0.09
  197 P    0  0  0 -1 -3  1 -1 -1  1 -1 -1  0 -2  0  3  1  1  2  0 -1    6   4   4   4   0   6   3   5   3   4   5   5   0   5  16  10   8   3   3   5  0.17 0.18
  198 P    0  0  0 -1  0  1  1  0  0 -2 -2 -1 -1 -2  3  1  1 -4 -3  0    7   5   4   3   2   5  11   6   2   2   4   3   2   2  17  10   8   0   0   8  0.19 0.19
  199 P   -1 -1 -1 -3  2  0 -1  0 -1  0 -1 -1 -1 -2  3  1  2 -4 -1  1    4   3   2   0   5   4   3   6   1   4   6   3   2   2  13  14  13   0   1  11  0.16 0.21
  200 L    0 -1 -1  1  2  0  0  0 -1 -1  0 -1 -1 -2 -1  1  2 -1 -3  0    8   3   2   7   5   5   7   8   1   4   8   2   2   1   3  12  15   1   0   6  0.10 0.15
  201 A    0  0 -1  2 -1  0  0 -1 -1 -1 -1 -1 -1 -1  2  0  2 -4 -1  0    9   4   1  12   1   5   6   5   1   2   5   3   1   2  10   7  14   0   2   8  0.13 0.17
  202 N    1 -1  1 -2  0  0 -1  0 -1 -1 -2 -1 -3 -2  2  2  2  1 -3  1   13   2   6   1   2   3   2   8   1   4   3   4   0   2   9  15  13   2   0   9  0.17 0.22
  203 V   -2 -2 -3 -1  5 -2 -3  0 -2  1 -2 -2 -3 -2  1  0  2 -5 -2  3    3   2   0   3  12   1   1   9   1   8   3   2   0   1   8   6  13   0   1  23  0.37 0.34
  204 T    0  0  0 -1  6 -2 -2  1 -2 -1 -2  0 -2 -4 -1  1  2 -4 -3 -1    9   4   5   3  16   2   2  10   1   4   4   7   1   0   3   9  15   0   1   5  0.29 0.28
  205 N   -1 -1  1  0  0  0 -1  2  1 -2 -3  0 -3 -4  2  2  0 -1 -1 -1    3   3   7   4   2   4   2  17   3   2   3   6   0   0   9  21   4   1   2   6  0.23 0.26
  206 P   -1 -2  1 -1  1 -2 -2 -1  1 -2 -2 -1 -4 -2  4  3  0  4 -2 -1    4   2   8   3   4   2   1   4   4   2   4   4   0   2  21  22   5   5   1   4  0.41 0.37
  207 Q   -1  2  0 -1  1  2  0  0 -1 -1 -2 -1 -1 -1  2  2  0 -1 -2 -1    5  10   4   4   3  12   6   6   2   3   3   3   1   3  10  15   5   1   1   4  0.16 0.20
  208 D   -1 -1  1  3  0  1  0  0 -1 -2 -2  0 -3 -3  2  0  0  1 -2 -1    4   4   5  19   2   6   6   7   2   2   5   4   0   1  11   8   7   2   1   5  0.19 0.20
  209 S   -1  0  0  0  2  0  0 -1  2  0 -1  0  2  1  0 -1  0  4  1 -1    5   5   5   5   5   5   5   5   5   5   5   5   5   5   5   5   5   5   5   5  0.09 0.08
  210 G   -1  0  0 -1  3  0 -1  2  1 -1 -1 -1  1  0  1  0 -1  5  0 -1    5   4   4   4   5   4   4  16   3   4   6   3   3   4   7   6   4   7   3   4  0.18 0.16
  211 T   -1  1 -1 -1  4  0 -1 -2  1  0 -1 -1  1 -1  1  0  0  2  0  0    5   7   3   4   8   3   4   4   3   5   6   3   3   3   7   8   6   3   3   8  0.08 0.10
  212 A    0 -1  0 -1  0  0 -1  0  1  0  0 -1  1 -1  2  1  1  1 -1  0    8   4   5   3   2   3   3   7   4   4  10   4   3   3   9   9   9   2   2   6  0.06 0.07
  213 V    0  0  0  0  2  0  0 -1 -2  0 -1  0  1  0  0  0  0  3  1  0    5   5   5   5   5   5   5   5   0   5   5   5   5   5   5   5   5   5   5   5  0.05 0.08
  214 L   -2 -2 -2 -3 -1 -1  0 -1 -1  1  2 -1  2  2  1 -1  0  2 -1  0    2   2   1   0   1   2   6   6   1  10  21   2   7   9   8   5   5   3   1   7  0.14 0.17
  215 L   -1 -3 -1 -2  0 -3 -1  0 -3  1  1 -2  2  0  1  0  0  5  0  1    5   0   2   2   2   0   4   7   0   7  17   2   5   3   7   9   6  10   3   8  0.21 0.22
  216 P   -1 -2 -1 -3 -1 -3 -2  0 -3  2  0 -1  1  0  3  0 -1  3 -1  2    5   2   3   0   1   0   3   8   0  13   6   3   4   4  18   6   3   5   2  14  0.25 0.23
  217 L   -1 -3 -1 -3 -1  1 -2  0 -3  2  1 -1  0  0  0 -1  0  2  0  1    5   0   3   0   1   7   2   9   0  12  17   3   2   4   4   5   7   3   3  13  0.11 0.15
  218 V   -1 -2 -2 -2 -1  0 -2  0 -3  2  0 -1  1 -1  0 -1  1  2  0  3    3   1   1   1   1   4   2   8   0  11   9   4   4   3   5   5   8   3   3  23  0.16 0.19
  219 I    0 -2 -3 -3  0 -3 -3 -1 -1  2  2 -2  3 -1  0 -1 -1 -4 -3  2    9   2   0   2   2   0   1   6   2  13  24   3   8   3   5   3   2   0   0  15  0.25 0.22
  220 L    0 -3 -2 -4  0 -3 -3  0 -1  1  2 -3  1  1  0  0  0  3 -1  1    8   0   2   0   2   0   1   7   2  10  25   0   4   5   4   6   6   4   1  11  0.21 0.20
  221 L    1 -3 -3 -3  2 -3 -2 -2 -3  1  2 -2  0  2 -1 -1  0  0 -1  2   16   1   0   0   4   0   3   2   0   6  19   1   2  12   4   4   6   1   1  17  0.22 0.20
  222 G    0 -2 -3 -3  2 -3 -2  4 -3  0  1 -2  0  0 -2 -1 -1 -3 -2  1    7   2   0   0   4   0   3  35   0   4  16   2   2   4   2   5   3   0   1  10  0.37 0.27
  223 L    1 -3 -2 -4  0 -1 -3 -1 -1  2  3 -3  0  1 -1 -2 -1 -3 -2  2   11   0   1   0   2   3   1   5   2  14  28   0   1   6   2   3   2   0   0  17  0.29 0.24
  224 C    0  0 -4 -4  4 -3 -4 -1 -4  3  1 -3  1  0 -1 -1 -1 -4 -3  2    7   6   0   0  11   0   0   6   0  20  14   0   3   4   4   5   2   0   0  17  0.33 0.26
  225 L   -1 -2 -4 -4  0 -1 -3 -2 -4  1  3 -2  0  1 -2  0  0 -1 -2  3    6   2   0   0   2   2   0   3   0   7  30   3   2   7   2   6   4   1   0  22  0.32 0.27
  226 L    0 -3 -4 -3 -1 -3 -3 -2 -4  1  2 -2  0  0  3 -1  1 -1 -3  2    9   0   0   1   1   0   0   3   0   7  26   2   1   4  13   4  10   1   0  15  0.32 0.27
  227 S    1 -3 -2 -3  1 -2 -3  1 -3  1  2 -2  1  1  1  0 -1  1 -2  1   11   0   1   1   3   1   0  10   0   8  23   1   3   5   6  10   3   2   1  10  0.15 0.17
  228 F   -1 -3 -4 -2  0 -2 -3 -2 -3  1  3 -3  0  2  1 -1 -1  1  1  1    6   1   0   2   2   2   0   3   0   7  35   0   1   9   8   4   3   2   4   9  0.31 0.25
  229 I   -1 -2 -3 -3  1 -2 -3 -2 -4  2  3 -3  0  0 -2 -1 -1 -1 -3  3    3   3   1   1   3   1   1   4   0  14  29   1   2   4   2   4   3   1   0  23  0.37 0.27
  230 F    0 -3 -3 -1 -1 -3 -3  1 -3  1  1 -1  0  4 -1  0 -1  0  0  2    8   0   1   3   1   0   0  14   0   7  12   4   2  18   3   6   2   1   3  15  0.22 0.22
  231 I    1 -1 -1 -2  0 -2 -3 -1 -1  2  2 -1  0  0 -2  0 -1  1 -2  1   15   3   4   2   2   0   0   5   1  11  22   4   1   5   1   8   2   2   1  12  0.13 0.17
  232 S    0 -1 -1 -2  3 -1 -2  1 -2  0  1  0  1 -1 -1  0  0 -1 -1  1    6   3   2   2   6   3   1  12   1   5  16   8   3   2   3   6   7   1   2  12  0.07 0.11
  233 L    0 -1 -3 -2 -1 -2 -2 -2 -1  2  3  0  1  0 -3 -1  0  1 -2  1    8   4   0   2   1   1   2   3   2  11  30   7   2   4   1   3   5   2   1  11  0.21 0.20
  234 M   -1  1 -1 -2  1 -1 -2 -1  0  1  1 -1  1  1 -1 -1  1  4  1  0    5   8   3   2   3   2   2   6   2   8  14   4   4   5   2   4  10   7   4   6  0.10 0.12
  235 C   -1  0 -3 -1  6  0 -1 -2  0  0 -1  1  0  0 -1 -1  0  3  2  0    4   4   0   3  16   3   4   3   3   6   5  10   3   4   4   3   5   5   8   7  0.26 0.25
  236 R   -1  1 -1 -1  1  0 -1 -1  1  1  0  0  0  0 -3  0  1  3  0  0    5   9   3   3   3   4   3   5   4   8   8   5   3   4   0   6  13   4   4   6  0.07 0.12
  237 Y   -2  1 -3 -1  1 -1 -1 -2  3  0 -2  0  0  1 -1 -1 -1  3  4  1    3   7   0   3   4   3   4   4   6   7   3   6   2   6   3   5   3   4  17  10  0.24 0.25
  238 P   -1  2  0 -3  1  2 -1 -2  2 -1 -1  1  0  0  2  0 -1  2  0  0    5  11   4   0   4   9   2   2   5   4   6   8   3   4  11   5   3   3   3   7  0.15 0.19
  239 R    0  4 -2 -1  2  0 -2  1  0 -1 -1  2 -3 -2 -1  0 -2  1 -2 -2    7  24   1   4   5   3   2   9   3   5   5  13   0   2   3   8   2   2   1   2  0.26 0.27
  240 W   -2  2  0  0  6  0 -3 -2  0  0  0  0 -1 -1 -2 -2 -1  6 -1 -1    3  12   5   5  15   4   1   3   3   5  11   5   1   2   2   3   4  11   2   4  0.41 0.32
  241 R    0  2 -1 -3  3  1 -1  0  0 -1 -1  3  0 -1 -1 -1  0  2 -3 -1    6  13   3   0   7   8   2   6   2   3   5  18   2   3   4   5   5   3   0   5  0.22 0.24
  242 P    0  0  0  0  2  0  0 -1  2  0 -1  0  1 -2  0  0  0  3  1  0    5   5   5   5   5   5   5   5   5   5   5   5   5   0   5   5   5   5   5   5  0.07 0.11
  243 E   -1  0  0  0  2  0  0 -1  2  0 -1  0  2  1  0 -1  0  4  1 -1    5   5   5   5   5   5   5   5   5   5   5   5   5   5   5   5   5   5   5   5  0.09 0.08
  244 V   -2  2 -1 -1  2  0 -1  0  0 -1  1 -1  1  1  0  1  0  1  0  0    3  12   3   4   4   4   3   7   3   3  11   4   3   6   4   9   6   2   3   6  0.08 0.09
  245 Y   -2  0  0 -1  1  0 -2  0  4 -1 -1  1  0  1  1  1 -1  1  2 -1    4   5   4   3   3   4   2   7   8   4   6   7   3   5   6  12   4   2   7   4  0.15 0.14
  246 S    0  0  0  0  1 -1 -2  0 -1 -1 -3  1 -5  1  1  3 -2  0 -2  0    7   5   4   5   3   3   3   8   1   4   3   8   0   5   6  22   3   1   2   7  0.21 0.20
  247 I    0 -1  0 -2  4 -1 -2 -2  1  1  0 -1 -4  0 -1  1  1 -5  1  1    9   3   4   3   9   3   3   3   3   8  10   3   0   4   3  10   7   0   5   9  0.17 0.13
  248 I   -1  0 -1 -1  1 -2  1 -2  0  1  1 -2 -1 -1  0  2 -1  0  0  1    4   4   2   4   3   2   8   3   2   7  15   3   2   3   5  14   3   1   3  11  0.11 0.11
  249 C   -1  1 -3 -3  7  0 -1 -4 -1 -2 -2  0 -1 -2  1  2 -1 -1 -6  0    6   7   1   2  21   5   4   2   2   3   5   6   2   2   7  13   4   1   0   6  0.58 0.38
  250 R   -2  3 -1 -1  2  0  0  1 -2 -2 -2  2 -1 -1  0  1 -1  1 -1  0    3  15   3   3   4   4   6  10   1   3   4  10   1   2   5  10   4   2   2   7  0.17 0.16
  251 D   -2  2  0 -1 -1  1  2 -2  0 -2 -2  2 -1 -1  0  1  0 -6 -5  0    3   9   4   4   2   5  12   4   2   3   5  14   2   2   6  11   5   0   0   8  0.19 0.18
  252 P   -1  0 -1 -2  1 -1 -2  0  1  0 -1  0  2 -2  4  2 -2 -5 -1 -1    5   6   3   2   3   3   2   7   3   6   7   5   5   2  19  14   2   0   2   5  0.25 0.24
  253 V   -1 -2 -1 -2 -1  1  1  0 -1 -1  0  0  0 -1  1  0  1 -4 -2  2    5   2   2   2   1   6   8   7   1   3  10   6   2   3   8   8  10   0   2  14  0.09 0.13
  254 P    0  0  0  0  2  0  0 -1  1  0 -1  0 -2  0  0  0  0  3  1 -1    5   5   5   5   5   5   5   5   5   5   5   5   0   5   5   5   5   5   5   5  0.06 0.08
  255 V    0  0  0  0  1  0  0 -1  0  0  0  0  0 -1  1  0  0  2 -2  0    6   5   3   5   3   5   7   4   3   4  10   4   3   3   8   6   8   3   0  10  0.05 0.07
  256 K    1  0  0  0  0  1  1 -1  0 -1  0  1  0 -1  1  0 -1  2  0  0   11   6   4   4   2   6   7   4   2   3   9  11   2   2   7   5   3   3   3   6  0.06 0.08
  257 E    0  1  0  2  0  1  1 -1  0  0 -2  1  1 -1  0  0 -1  0 -1 -2    7   7   5  12   2   5   8   6   2   6   4   7   3   3   6   6   4   1   2   3  0.09 0.09
  258 E    0  1  1  1 -2  1  2  0  0 -2 -1 -2 -1 -1  1 -1 -1  2 -2 -1    7   8   6   8   1   7  13   8   3   2   5   2   1   3   7   5   4   3   2   4  0.13 0.14
  259 K    1  1  0 -2  0  0  1 -1  2 -3 -1  0 -2 -3  2  0  0 -1 -5  0   13   7   5   3   2   4   9   6   4   2   8   5   1   1  11   7   6   1   0   6  0.14 0.15
  260 A    1 -1 -1 -1 -1 -1  1  2 -4 -1 -1 -1  1 -1  2  1  0 -1 -4  1   12   3   3   4   2   2   9  13   0   3   5   4   4   2  11   9   4   1   0   9  0.14 0.17
  261 G    0  0  0  0  0  0  1  1  1 -1 -1  0  1 -1  1  0  0 -3 -2 -1    6   4   5   6   2   3  10  14   4   4   4   5   4   3   7   8   6   0   0   5  0.08 0.10
  262 K   -1  0  0  0 -4  0  2  1  1 -1 -2  0  0 -1  1 -1  0  1  0 -1    5   6   5   4   0   4  18  11   3   3   4   6   2   3   7   4   5   2   3   4  0.12 0.15
  263 P    1  0  0 -1  1  0  1 -1  0 -1 -1  0  0 -1  2  0  0  1 -3  0   10   4   4   3   3   3  11   4   2   4   4   5   2   2  12   8   7   2   0   7  0.12 0.14
  264 L    0  0  0  0  1  0  1 -1  0  0  1 -1  0 -1  0  0  0  3 -2  0    7   4   3   4   3   6   8   5   2   5  14   3   2   2   4   5   8   5   0   9  0.05 0.09
  265 T    0 -1 -1  0 -1  0  1 -1  0 -1  0  0  0 -2  1  1  2 -1 -3  0    7   3   2   4   1   4   8   3   2   3  11   5   2   2   7   9  15   1   0   8  0.10 0.15
  266 P   -1 -1  1 -3 -2  0  1 -2  0 -3  0  0 -4 -1  5  1  0  1 -2 -1    4   4   6   1   1   4   8   2   2   1  10   6   0   3  27  10   5   2   1   4  0.40 0.35
  267 A    1  0  0 -1  1 -1 -1 -1  2  0  0 -1  1 -1  3  0  0  2  0 -1   10   5   5   3   3   3   4   5   4   5   9   3   3   3  14   8   5   3   3   4  0.12 0.12
  268 P   -1  0 -1  1  1  3  1 -2  1 -1 -1 -1 -6 -7  3  0 -1  2 -6 -1    5   5   4   7   3  11   8   3   3   3   6   4   0   0  16   8   4   3   0   6  0.31 0.27
  269 S    1  0  2  0  1  1  0 -1  0 -1 -1 -1 -2  0  0  0  1  1  0 -1   12   4  11   5   4   7   5   5   3   3   5   2   0   3   5   6   8   2   3   5  0.08 0.12
  270 P    0 -1  1 -1  1  0  0 -1  0 -2 -2 -1 -4 -5  4  1  2  0 -5 -2    8   3   6   3   3   4   7   5   2   3   4   3   0   0  22  11  11   2   0   3  0.36 0.31
  271 A    0  1  0 -1  1  1  0  0  4 -1  0 -1 -1 -1  0  1  1  1 -1 -1    6   6   4   2   3   8   4   8  10   3   8   3   2   2   4  11   8   2   1   4  0.10 0.14
  272 F   -1  1  0 -2 -2  0 -1 -3  3 -1  2 -1 -1  3  1 -1 -1  3  0  0    5   6   5   2   1   4   5   2   6   3  17   4   2  10   6   5   4   4   4   6  0.18 0.14
  273 S   -1 -1  1 -1  0  0  1 -1  2 -1 -1 -2 -1  0  1  3 -1 -1 -1 -1    5   2   7   3   2   5  10   5   4   3   8   1   2   4   6  21   4   1   2   4  0.14 0.19
  274 P   -1 -3 -1 -1  3  0 -3 -2 -1 -4 -2 -3 -2 -1  6  0 -2 -7 -6 -2    5   2   3   3   6   4   2   3   1   1   5   2   1   3  45   8   2   0   0   3  1.01 0.64
  275 T    0  1 -2 -1  0  0  1 -1 -1 -1 -1 -2 -2 -3  3  1  2 -5 -2  1    6   7   1   3   2   3  11   4   1   3   6   2   1   1  15  10  11   0   1   9  0.21 0.21
  276 S    1  0 -1  3  0  0  1 -2 -1 -3 -2 -1 -1 -1  2  2  0 -1 -3 -3   11   4   3  15   2   3   9   3   1   1   4   3   2   2  11  15   6   1   1   2  0.25 0.25
  277 G    0 -1  0 -1  2  1  0  1 -2 -2  0 -2 -1 -2  1  2 -1 -4 -2 -1    7   4   4   4   4   8   7  13   1   2  12   1   2   2   7  14   4   0   1   4  0.13 0.17
  278 F    0  0  0  0 -1 -1  0 -1 -1  0  0  0  1  1  0  0  0 -1 -2  1   10   4   5   7   1   2   4   4   1   4  11   6   3   7   4   7   6   1   0  11  0.03 0.06
  279 N   -1  0  1 -1 -1  1  2 -3  4 -1  0  0 -1 -3  2  0  0 -1 -1 -1    5   5   7   3   1   6  13   2  10   3   9   4   2   1   9   8   5   1   2   4  0.19 0.19
  280 P    0 -1 -2 -3 -2 -2 -1 -2  3 -1 -2  0 -3 -2  5 -1  2 -2 -1 -1    8   4   2   2   1   1   4   4   6   4   5   5   1   1  27   5  14   1   2   4  0.48 0.38
  281 T    0 -1  0 -1 -1 -1  1 -2  1  0  2 -2 -2  0  0 -2  3  2 -3 -1    7   3   4   3   1   3   9   3   3   6  23   2   1   4   4   2  16   3   0   4  0.19 0.21
  282 L   -2 -3 -1 -1  2  0 -1 -3 -2  0  3 -2 -2 -2  3 -1  0  0 -2  0    3   1   3   4   4   5   4   2   1   5  28   3   1   2  16   5   6   2   1   6  0.34 0.28
  283 G   -1  0 -1  1 -1  1  1  1  0 -2  0 -1 -1 -3  3  0  0 -4 -1 -2    4   4   3   7   1   7   9  12   2   2  12   3   1   1  12   7   5   0   2   3  0.15 0.15
  284 F   -1 -1  0 -1  0 -1  1 -1 -1  0  2 -1 -1  2  0  0  0  1 -1  0    3   3   5   4   2   2   9   4   1   5  18   4   1  11   5   9   4   2   1   7  0.08 0.10
  285 S    0  0  1 -1  1  0  0 -3 -1 -2  0 -1 -2 -4  2  2  0 -5 -2  1    7   4   6   3   3   4   7   2   1   2   9   4   1   0  10  18   6   0   1  12  0.18 0.21
  286 T    0 -1 -1 -1 -3  1  1 -1 -1 -2 -2 -1  0 -1  4  0  1 -2 -3  0    7   4   4   4   1   5   8   6   2   2   5   4   2   3  20   8   8   1   1   6  0.24 0.22
  287 P   -2 -1  0  0  0  0 -1 -2 -1 -1 -1 -1  1 -1  5  0  0  0 -3 -2    4   3   5   6   2   3   4   3   2   3   7   5   3   3  28   7   6   1   1   4  0.41 0.30
  288 G   -1  0 -1  1 -1  0  0  2 -2 -2  0 -3 -2 -3  2  1 -1 -1 -4  0    4   5   3   7   1   5   7  16   1   2  11   1   1   1  11  11   4   1   0   7  0.18 0.19
  289 F   -1 -2 -1  1 -1  0  1 -1  0 -1  0 -1 -1 -1  0  2  1  3 -2 -1    4   2   3   7   1   4   9   4   2   3  11   4   2   3   6  19   8   4   1   4  0.15 0.17
  290 S   -2 -1  1  1 -3 -1  2 -3 -1 -3 -1 -3 -4 -1  2  3  0  0 -2  0    3   3   7   9   0   3  12   2   2   1   7   1   0   3   9  22   7   1   1   7  0.30 0.29
  291 S   -1  0  1  0  0 -1  2  0 -1  0 -1 -1 -2 -3  0  1  1 -4 -3 -1    5   5   6   5   2   2  15   9   2   5   6   4   1   1   6  13  10   0   1   3  0.14 0.16
  292 P    0 -2 -4 -3 -2  1  0 -2 -1 -4  0  2 -3  0  5  0 -2 -2 -3 -1    7   2   0   2   1   7   7   4   1   1   9  13   1   4  26   7   3   1   1   4  0.45 0.35
  293 V    1 -1 -1 -2  3 -2 -1 -1 -1  0  0 -2 -2 -2  1  0  1 -1 -2  3   10   3   3   3   7   2   4   5   2   5   8   2   1   1   6   7   7   1   1  22  0.19 0.18
  294 S    0 -2  0 -1  5  0  0 -1 -2 -2 -2  0 -3 -3  2  2  0  2 -3 -1    8   2   5   4  10   4   6   6   1   2   5   7   1   1  10  17   5   3   1   4  0.26 0.24
  295 S    0  1 -2 -2 -1 -1  0 -2 -2 -1 -1 -1  1 -3  1  3  3 -5 -3 -2    8   7   2   2   1   2   6   4   1   4   6   3   3   1   6  20  20   0   1   3  0.31 0.30
  296 T    0 -2 -1 -2 -1  1  0 -2  0 -2  0 -3 -4 -2  3  2  3 -1 -3  1    7   2   3   2   1   6   5   4   3   2   8   2   0   2  12  15  15   1   1  10  0.26 0.26
  297 P   -1 -1 -1 -2 -5  2  2 -2  0 -3 -1 -1 -3 -3  5 -1  1 -5 -4  0    5   4   4   2   0   9  12   4   2   2   6   3   1   1  27   4   7   0   1   6  0.50 0.38
  298 I    0 -1 -1 -2  1 -1 -1 -2  0  1  1 -1 -1  1  1  0  0 -1  0  1   10   4   4   2   4   3   5   3   2  10  15   2   0   5   7   7   5   1   4   8  0.06 0.08
  299 S    0 -1 -1  1  2 -2 -1 -1 -4 -2 -1 -3 -4 -2  0  3  3 -2 -3  1    8   3   2   7   4   2   4   4   0   2   6   1   0   2   4  23  17   1   1   9  0.31 0.29
  300 P    0 -2 -2 -2 -3  0  0  0 -1 -1 -2 -3 -4 -3  5  1  0 -1 -1 -1    7   2   2   2   1   4   6   7   2   4   4   2   0   1  32   9   6   1   2   6  0.55 0.38
  301 I    0 -1 -1 -2  1  2 -1  1  1 -2  2 -2 -1 -3  0  1 -2 -2 -2  1    7   4   3   2   3  11   4  10   3   2  19   2   1   1   6  11   2   1   1  10  0.15 0.17
  302 F   -2 -1 -1  0 -1 -1  0  0 -2 -1  2 -2  1 -1  1  0 -1  0 -2  1    3   3   2   6   2   2   7   7   1   3  24   2   3   3   7   9   3   1   1  10  0.12 0.13
  303 G    0  0 -1 -1  0 -1  1  1 -1 -2  0 -1 -1 -3  1  1  1  3 -2  0    6   5   3   4   2   3  11  10   1   2   9   3   1   1   8  12   8   4   1   7  0.11 0.13
  304 P   -2 -1  0  0 -3  1  2  1 -1 -3 -2 -1 -4 -1  4  1 -1  3 -3 -2    3   3   4   4   1   6  15  11   2   2   4   4   0   3  18   9   4   4   1   3  0.32 0.27
  305 S   -1  0  4 -1 -2  1  0  0  1 -4 -2  0 -2 -5 -3  3  0 -1 -4 -2    4   4  20   3   1   6   6   7   3   1   4   5   1   1   2  24   5   1   0   3  0.43 0.34
  306 N    0 -2  1 -1  0  2  0  1  0 -2 -2 -2 -2  1  1  2 -1 -1 -2  0    7   2   6   4   2   8   7   9   2   2   4   2   1   7   6  19   4   1   1   7  0.14 0.17
  307 W   -1  1 -2 -2  0  1 -1 -2 -1 -1  1 -1 -1  1 -1  0  2  7 -1 -1    4   6   2   2   2   6   5   4   1   3  12   4   1   5   3   7  12  14   1   4  0.32 0.24
  308 H    1  1 -1 -2 -2  1  0 -1  3 -2 -2 -1  0 -3  2  2  2 -1 -2 -1   10   7   3   2   1   7   7   4   6   2   5   3   2   1  10  13  11   1   1   4  0.19 0.19
  309 F    1 -1 -1 -2 -2  3  1 -1 -1 -2 -1 -1 -1 -2  3  1  0 -4 -3  0   11   4   2   2   1  11   7   5   1   2   5   3   2   2  17  11   7   0   1   6  0.25 0.24
  310 M    1 -1 -1 -2  0  2  1  2  0 -1  1 -2 -1 -2 -1  1 -1 -4 -2  0   12   2   3   2   2   8   8  14   2   3  14   2   2   1   3  12   4   0   1   6  0.13 0.15
  311 P   -2  0 -2 -2  1  1 -2 -3 -4 -3  0 -1 -4 -2  5  3  0 -3  0 -2    3   5   2   2   3   6   2   3   0   2  10   4   0   2  24  22   5   1   3   3  0.51 0.39
  312 P   -1 -2 -3 -1 -2  2  0 -3 -1 -4 -1 -4 -3 -4  6  1  0  0 -3 -4    6   2   1   3   1   9   5   2   1   1   6   1   1   1  37  11   7   1   1   1  0.81 0.54
  313 V   -1  3 -3 -3  0  3 -1 -1  1 -2  1 -1  0 -2  0  1  0 -2 -3  1    6  14   1   1   2  15   3   5   4   2  12   2   2   1   5   9   5   1   1  10  0.22 0.23
  314 S   -1  2 -1 -1  1  0  1 -1  0 -1  0 -1 -3 -4 -1  2  2  0 -3  1    4  11   3   3   3   3  11   5   3   3   9   3   0   0   4  14  12   1   0   9  0.15 0.18
  315 E   -1 -2 -1 -2  1  4  4 -2  0 -2 -3 -2  2 -5  0  0  0 -2 -3 -1    4   2   3   2   2  18  24   3   2   3   3   2   6   0   5   8   5   1   1   5  0.45 0.37
  316 V    3 -3 -2 -2  0 -1  3 -2  0 -2  0 -1 -1 -4 -1 -1  0 -5 -3  1   25   1   2   2   2   3  16   3   3   2   9   3   2   0   3   5   5   0   1  12  0.31 0.28
  317 V    1  0 -1 -3 -2  1  1 -2 -3 -1  0 -2  1 -3  3 -1  0 -2 -2  1   12   6   3   1   1   5  11   4   0   3  11   2   3   1  14   3   7   1   1  10  0.19 0.20
  318 P    1 -2 -3 -3  1  0  1 -3 -3 -2 -1 -3 -1 -5  5  0 -1  0 -2  0   10   2   1   1   3   4  10   2   1   3   6   1   1   0  32   8   3   2   2   8  0.59 0.42
  319 T    0 -2 -2 -2  3 -1 -1 -1  1 -2  1 -3 -2 -1  2  0  2 -1  1  0    7   2   2   2   6   2   5   5   4   1  14   1   1   3   9   8  15   1   5   6  0.19 0.20
  320 Q    0 -1 -1 -2 -3  4  0 -1  0 -4 -1 -1 -4 -5  3  1 -1  5 -4 -3    8   3   3   2   0  21   7   5   2   1   7   4   0   0  15   9   4   7   0   1  0.49 0.40
  321 G    2 -1 -1 -2 -1  2  2  2  0 -2 -3 -1 -3 -3  1  1 -1 -4 -3 -3   16   4   3   2   1   9  13  18   2   2   3   3   1   1   7  10   3   0   1   2  0.28 0.26
  322 A    3 -1 -3 -3 -4  2  1 -3  0 -2 -1 -1 -4 -4  1  1 -1  5 -4  0   26   3   1   1   0  11   9   2   2   3   6   3   0   1   6   9   3   7   0   6  0.41 0.35
  323 D    0 -3 -1  3 -1  1  2  1 -1 -3 -2 -1 -2 -4  2  2 -1 -2 -3 -2    7   1   2  15   1   7  11  12   2   2   5   3   1   1  10  14   3   1   1   3  0.27 0.25
  324 P   -2 -2 -3 -5 -1  4 -1 -2 -5 -5 -2 -4 -5 -5  7 -1 -4  0 -5 -3    4   3   1   1   1  15   3   4   0   1   5   1   0   1  51   4   1   1   0   2  1.39 0.80
  325 L    0 -2 -1 -1  0  1  0 -2 -1  1  2 -2  0 -2  1  0 -1  2 -3  1    6   2   3   3   2   6   5   3   2   8  22   2   2   1   9   9   3   3   0   9  0.14 0.16
  326 L    0 -1 -2 -2 -2  1 -2 -1  1 -1  2 -1 -1 -1  2  1 -1  1 -2  0    7   4   1   3   1   7   2   5   3   2  24   3   1   3  11  11   3   2   1   7  0.17 0.19
  327 Y   -1 -2  2 -1 -3  1  0 -1  2 -4 -2 -1 -2 -2  3  2  1  3  0 -3    5   2   9   4   1   5   6   4   5   1   4   3   1   2  13  17   8   5   4   2  0.28 0.27
  328 E    2  2 -1 -1 -4  2  0  0 -1 -3 -1  0  0 -4  2  0 -1  1 -3 -2   18  13   3   3   0   9   5   6   1   1   6   6   2   0  10   6   4   2   1   3  0.21 0.22
  329 S    3  1 -1 -1 -2  2  0 -1 -1 -3 -1 -1 -2 -4  2  2 -1 -2 -4 -1   24   7   3   3   1   9   5   3   1   1   7   3   1   0  10  13   3   1   0   4  0.28 0.28
  330 L    0 -1 -2 -4 -2 -1  0 -2 -2 -2  3 -2  0 -1  4 -1 -1  1 -4 -2    8   4   2   1   1   2   7   3   1   2  26   2   3   2  22   5   3   2   0   3  0.42 0.33
  331 C    1 -1  0  1  1  0 -1  1 -2 -2 -2 -2 -3 -1  3  1  1 -4 -3 -1   14   3   4   7   3   5   3  10   1   2   4   1   0   3  14  12   7   0   1   5  0.21 0.21
  332 S    0  1 -1 -1  1  0  0  0  1 -4 -1 -1 -4 -4  3  4 -1 -5 -2 -2    6   6   3   3   3   4   7   6   3   1   7   3   0   1  13  27   4   0   1   2  0.34 0.32
  333 V    1  1 -2 -1 -2  1  0 -1  1 -1  0 -2 -1 -3  1 -1  2 -4 -3  1   14   7   2   4   1   7   5   4   4   3   8   2   1   1   8   5  14   0   0  11  0.15 0.19
  334 P   -1 -4 -2 -2 -3 -1  2 -2  1 -5  0 -4 -2 -4  6  0 -2 -5 -5 -2    6   1   2   2   1   3  12   4   3   1  10   1   1   1  40   8   3   0   0   3  0.87 0.56
  335 A    0 -2 -3 -1 -2 -1  0 -1 -2  1  2 -3  0 -2  3 -1 -1 -2 -3  0    9   2   1   4   1   3   7   5   1   8  23   1   2   1  14   5   3   1   1   7  0.22 0.21
  336 P    0 -1 -3 -1  2 -2 -1 -1 -3 -4 -1 -4 -2 -5  6  1 -3  0 -5 -2    7   4   1   3   4   2   4   6   1   1   6   1   1   0  44  11   2   1   0   2  0.95 0.60
  337 T    0 -2 -2  2  0  2  0 -2 -1 -1 -2 -2 -3 -4  2  1  3 -5 -3 -1    9   2   1  13   2   8   7   3   1   4   3   2   0   1  10  10  19   0   1   3  0.31 0.29
  338 S    0 -1 -1 -3  3  0 -2 -3 -2 -1  1 -1  0 -4  5  1 -2 -1 -3 -1    7   4   3   1   7   4   3   2   1   3  13   3   2   1  28  11   2   1   1   4  0.50 0.37
  339 V    0  0 -3  0 -3 -1  0  0 -1  0  1 -2 -1 -3  2  0 -1 -4 -3  2    8   6   0   6   0   2   8   8   2   4  12   1   1   1  11   9   2   0   0  17  0.17 0.20
  340 Q   -2  3 -1  0 -3  4  0 -2  3 -4 -1 -1 -3 -4  3  0 -2 -5 -4 -3    3  14   3   6   1  20   5   3   8   1   7   3   1   1  15   7   3   0   0   2  0.50 0.39
  341 K   -1  1 -2  0 -2  0  2 -1 -1 -3 -3  3 -4 -4  4  0 -2 -4 -3 -3    4   8   2   4   1   3  15   4   2   1   3  18   0   1  21   8   2   0   1   2  0.48 0.35
  342 W    2  0 -1 -3 -3 -1  0 -1 -1 -2  1 -1 -1 -2  2  0 -1  5  0 -1   17   6   3   1   0   2   5   5   1   2  15   4   1   2  11   7   3   9   3   3  0.25 0.23
  343 E    0  2 -2 -1 -1  0  3  1 -2 -2  0 -1 -2 -3  3 -1 -1 -4 -4 -1    7  11   1   3   1   4  19  10   1   3   8   2   1   1  16   3   3   0   0   5  0.31 0.27
  344 D    0  0 -1  3 -2  0  0 -2  1 -2 -2  1 -1 -2  2  0 -1  0 -2  1    6   6   2  15   1   5   6   3   4   2   3   9   1   1  11   8   4   1   1   9  0.18 0.18
  345 S    1  1 -2 -3  3 -1 -1 -1 -2 -2 -1 -1 -3 -3  4  2  2 -4 -2 -3   10   9   2   1   7   3   3   5   1   2   6   4   0   1  19  13  12   0   1   2  0.35 0.29
  346 A    3  0 -3 -2 -3  2 -2 -1 -3 -1  1 -2 -2 -2  0  1  0 -3  1  1   25   5   1   2   0   8   2   5   0   3  14   1   1   2   4   9   4   0   5   8  0.22 0.23
  347 H    0  0  1 -1  1  0 -1  0  3 -1  0 -1  0 -1  3 -1 -1 -3 -1 -1    7   6   7   2   3   5   2   7   7   4  11   3   2   3  15   4   2   0   2   4  0.10 0.17
  348 P    0 -1 -1  1  0 -1 -1  0  0 -1 -3  0  0 -4  4  1  1 -5 -4 -1    7   2   2   8   2   2   4   6   2   3   2   6   2   0  22  10   9   0   0   5  0.27 0.30
  349 Q    0 -1 -1  2  0  1  1  0  0 -3  1  0  1 -3  2 -1 -1 -4 -3 -1    9   2   2  13   2   8   7   6   2   0  14   6   3   0  10   2   3   0   0   3  0.12 0.21
  350 R    0  2  1  1 -3  2  0 -1  1 -1 -1 -1 -1 -2  0 -1 -1 -3 -1  0    8  14   8   9   0  10   3   5   4   2   6   3   2   2   4   4   3   0   2   7  0.08 0.17
  351 P    1 -1 -1 -2 -1  0 -2 -1 -4 -2 -2 -1  0 -1  5  2 -2  0 -4  0   10   3   3   2   2   4   2   5   0   1   3   4   3   3  27  18   2   1   0   7  0.45 0.39
  352 D   -1  0  0  0  2  0  0 -1  2  0 -1  0  2  1  0 -1  0  4  1 -1    5   5   5   5   5   5   5   5   5   5   5   5   5   5   5   5   5   5   5   5  0.09 0.08
  353 N    0 -1  1  1  1  1  2 -2  1 -1  1 -1  0  0  1 -1 -1 -5 -1 -2    8   4   6   7   3   6  12   4   3   3  12   3   3   4   8   4   4   0   3   3  0.08 0.12
  354 A    1  0 -2  1 -1  2  0  1 -3 -1  0  1 -2 -3 -1  0  0  3 -3 -1   14   4   0   8   1  12   5   9   0   2  11   8   0   0   2   8   5   4   0   5  0.15 0.20
  355 D   -2 -3 -1  2 -4  1  0 -3  2  0  1  0 -3 -4  3  0  1  2 -3 -2    2   0   2  14   0   5   4   2   5   5  16   5   0   0  16   8   8   3   0   2  0.31 0.29
  356 L   -1  1  0 -2 -4 -1 -1  2 -1 -1  0 -2 -1 -1  4  0 -1 -4 -4 -2    5   9   4   2   0   2   3  15   2   3  10   2   1   3  24   7   3   0   0   3  0.36 0.29
  357 A    2  2 -3  1  0  1  0 -1 -3  0 -1  0 -1 -4  2  1 -1 -4 -4 -1   18  14   0   9   2   6   5   3   0   5   5   6   2   0   9   9   3   0   0   4  0.20 0.22
  358 I   -1  0 -2 -2  1  2 -1 -3 -3  2  0  0  1  0 -3  1  1 -4 -3  0    3   4   2   1   3  13   2   0   0  16   9   7   4   5   0  12  11   0   0   7  0.20 0.23
  359 L   -4 -5 -2 -5  5 -5 -5 -3 -1  1  4 -5 -2  4 -3 -1 -2 -4  2 -2    0   0   2   0  11   0   0   3   2   7  40   0   0  16   2   5   2   0   7   1  0.76 0.46
  360 Y   -3 -4 -4  2 -5 -2  0 -1 -2 -3 -2 -2 -4  3 -5 -3 -4 -2  8 -4    2   0   0  13   0   1   5   6   0   1   3   2   0  12   0   2   0   0  51   0  1.33 0.65
  361 A    1  0 -1  3 -3 -1  1 -2 -2  1 -1 -2 -1  0 -3  0  2 -3  1 -1   16   4   2  17   0   2  12   2   0   8   4   0   1   3   0   4  15   0   5   4  0.21 0.22
  362 V   -3 -5 -5 -5 -4 -5 -5 -2 -4  2  2 -5  0  5 -5 -4 -3 -3  1  4    0   0   0   0   0   0   0   4   0  11  19   0   1  24   0   0   0   0   4  34  0.84 0.44
  363 V    0 -2 -3 -2 -3 -3 -2 -1 -3  2  1 -1  4  2 -2 -2  0 -3 -2  3    8   2   0   2   0   0   3   4   0  13  10   3  14  12   1   2   6   0   0  20  0.29 0.24
  364 D   -4  0  1  6 -5  1  2 -3  1 -5 -3  2 -4 -5 -4 -2 -1 -6 -4 -5    0   6   5  44   0   6  13   1   4   0   4  11   0   0   0   2   3   0   0   0  0.89 0.47
  365 G    1 -1  0  0 -1  0  3  0  4 -1 -1  0  1 -2 -3  0 -1 -4 -2 -1   10   3   3   4   2   4  22   7  12   3   5   5   4   1   0   8   3   0   1   5  0.21 0.19
  366 V   -3 -1 -5 -5 -4 -4 -5 -3 -5  2  1 -4 -2 -2 -5 -3 -2 -5 -2  6    0   3   0   0   0   0   0   2   0   9  13   0   0   2   0   2   2   0   1  63  1.12 0.55
  367 P   -3 -3 -1  1 -5 -4 -3 -1 -5 -5  0 -4 -1 -5  7 -2 -1 -6 -2 -5    2   1   3   9   0   0   1   4   0   0   9   0   2   0  60   3   3   0   2   0  1.50 0.66
  368 P    0 -3 -3  0 -2 -3 -2 -2 -3  0  0 -2  0  0  4 -2  0  0  1  3    7   1   0   5   1   0   3   4   0   3  10   3   2   4  19   1   5   1   5  26  0.32 0.26
  369 A   -2  4  1  1 -2  0 -1 -2  1 -4 -2  2 -3  0 -1  2 -1 -4 -2 -2    1  24   7   9   1   4   2   2   3   0   4  12   0   5   3  17   4   0   1   2  0.34 0.27
  370 R   -3  5  2  3 -1  1 -1 -4 -1  0 -4  2 -2 -2 -4 -1 -3 -4  1 -3    0  34  10  17   1   5   1   0   1   6   0  10   1   2   0   4   0   0   6   1  0.59 0.33
  371 W   -5 -3 -5 -6 -5 -3 -5 -5  5 -5 -2 -5  0 -1 -6 -5 -5 12 -2 -1    0   1   0   0   0   1   0   0  14   0   4   0   2   2   0   0   0  67   0   5  2.99 0.87
  372 K   -3  0  4 -1 -5 -2  0 -4  0 -5 -2  6 -4 -5 -4 -2 -1 -5 -4 -4    0   4  18   3   0   0   4   0   2   0   4  59   0   0   0   2   3   0   0   0  1.10 0.49
  373 E   -1  2 -3 -2 -5  1  5 -4 -3 -4 -4  2  3 -5  0 -2  0 -5 -4 -4    6  13   0   0   0   6  40   0   0   0   0  15   8   0   4   1   5   0   0   0  0.74 0.40
  374 F   -5 -5 -6 -6 -5 -5 -6 -6 -4 -3  2 -1 -3  8 -6 -2 -5 -3  2 -4    0   0   0   0   0   0   0   0   0   0  19   4   0  67   0   3   0   0   5   0  1.77 0.64
  375 M   -1 -5 -5 -5 -4 -4 -5  0 -5 -1  1 -4  7  4 -5 -4 -3 -4 -3  3    5   0   0   0   0   0   0   9   0   1  10   0  33  16   0   0   0   0   0  25  0.94 0.46
  376 R   -5  8 -4 -5 -7 -3 -4 -6 -4 -3 -6 -1 -5 -6 -1 -4 -2 -6 -5 -6    0  90   0   0   0   0   0   0   0   2   0   1   0   0   3   0   2   0   0   0  2.35 0.82
  377 F    0  2  0 -3  0  0 -2 -2  2 -1  1  0  1 -1 -3  1  2 -3 -1  0    7  15   5   0   3   4   0   1   5   2  16   4   3   3   0  11  13   0   1   6  0.14 0.16
  378 M   -1 -5 -5 -6  1 -4 -5 -6  2  3  5 -5  3 -2 -5 -4 -3 -4 -3  0    4   0   0   0   3   0   0   0   5  20  55   0   8   0   0   0   0   0   0   3  0.99 0.44
  379 G   -2 -4 -3 -1 -5 -1  0  6  1 -6 -3 -1 -5 -5  0 -1 -4 -5 -5 -5    1   0   0   4   0   2   7  65   4   0   2   4   0   0   6   4   0   0   0   0  1.19 0.49
  380 L   -4 -5 -6 -7 -4 -5 -6 -7 -6  2  6 -6 -1 -3 -4 -5 -4 -5 -4  3    0   0   0   0   0   0   0   0   0   7  74   0   0   0   1   0   0   0   0  18  1.41 0.57
  381 S    0  2  0 -1 -4 -1  1 -2 -1 -4 -2  0 -1 -4 -2  3  3  1 -3 -3    6  13   4   2   0   2   8   1   1   0   4   5   1   0   1  30  18   2   0   0  0.41 0.30
  382 E   -5 -4 -1  6 -7  0  5 -3 -4 -7 -7 -3 -6 -7 -3 -3 -4 -7 -6 -6    0   0   2  52   0   3  40   2   0   0   0   0   0   0   1   0   0   0   0   0  1.69 0.67
  383 H    1 -3  6 -2 -2  0 -3 -1  4 -2 -5 -2 -2 -4 -5 -2  1 -4  1 -4   11   0  49   1   1   3   0   4  10   3   0   1   1   0   0   0  11   0   5   0  0.96 0.49
  384 E   -2 -3 -2  4 -6  0  5 -4  3 -5 -5 -2 -2 -5 -4 -2 -2 -6 -4 -1    4   0   1  28   0   3  48   0   6   0   0   1   1   0   0   1   2   0   0   5  1.10 0.51
  385 I   -4 -5 -6 -6 -4 -5 -6 -6 -6  7  0 -5  2  0 -5 -5 -4 -5 -4  0    0   0   0   0   0   0   0   0   0  81   6   0   4   4   0   0   0   0   0   3  1.78 0.64
  386 E    0  1 -3  2 -5 -1  5 -4  0 -4 -1  1 -2 -3 -3 -2 -2 -5 -2 -3    6   7   0  10   0   1  49   0   2   0   8  10   1   1   0   0   1   0   1   1  0.76 0.40
  387 R    0  4 -2 -3 -3  2 -2 -3 -3  2  0  1  2 -1 -3  0 -1 -4 -3  0    9  25   1   0   0   9   0   0   0  15   8   7   6   2   0   9   2   0   0   5  0.30 0.23
  388 L    3 -2 -3 -4  4 -3 -3 -3  1  2  0 -1 -1 -3 -3 -1  0 -4 -3  2   36   2   0   0   9   0   1   0   3  12  10   3   0   0   0   2   4   0   0  16  0.43 0.28
  389 E   -3  2 -3 -1 -5 -1  6 -4 -3 -1 -4 -1 -4 -4  0 -2 -2 -5 -4 -3    2  10   0   2   0   1  67   1   0   4   1   3   0   1   4   1   2   0   0   2  1.22 0.54
  390 M   -1  0  0 -3  0 -1 -2 -2  3  0  2 -1  4  0 -3 -1  0 -2  1  1    4   6   4   1   2   1   1   3   8   2  19   3  17   4   1   4   5   0   6   9  0.19 0.17
  391 Q   -2 -1  1  3 -4  2  4 -1 -2 -4 -3  0 -1 -4 -3 -1 -2  2 -3 -3    3   1   7  20   0  11  33   5   0   1   2   6   1   0   1   4   1   4   0   1  0.59 0.30
  392 N    0 -1  4  1 -3 -1  0 -2  5  0 -2 -2 -2  0 -1 -1 -1 -3  1  0    8   2  23   6   0   2   4   1  19   6   2   1   0   3   4   1   2   0   6   7  0.38 0.24
  393 G    0  3 -1 -2 -2  0 -1  2  1 -3 -2  1 -3 -3  4  0 -2  1 -3 -2    7  17   2   1   1   3   2  19   4   1   4   7   0   0  19   5   1   3   0   2  0.37 0.21
  394 R   -1  5  0 -2 -4 -1 -2  2  2 -3 -1  0 -3 -1 -1  0 -2 -4  1 -4    4  37   4   2   0   1   1  16   6   1   6   2   0   2   3   8   1   0   6   0  0.47 0.29
  395 C   -1 -2  2  2  6 -2 -1 -1  0 -2 -2 -2 -2 -1  3  1 -1  0 -1 -2    4   1  11  14  18   1   2   3   2   1   2   2   1   2  16  11   3   2   2   2  0.44 0.19
  396 L   -1 -1 -2 -3 -1 -2 -2 -3 -1  1  3 -2  0  2 -1  0  0 -2  2  1    3   3   1   1   1   1   1   2   1  10  30   1   2  10   2   7   6   0   7  10  0.19 0.12
  397 R   -2  6 -1 -2 -4  1  2 -3 -2 -1 -2  1  2 -4 -3 -2 -1 -4 -2 -2    1  47   3   2   0   4  12   2   0   3   3   6   7   0   0   1   4   0   1   3  0.70 0.33
  398 E   -4 -4 -3  6 -7 -2  6  0 -4 -7 -7 -3 -6 -7 -5 -3 -4 -7 -6 -6    0   0   0  42   0   0  51   7   0   0   0   0   0   0   0   0   0   0   0   0  1.66 0.64
  399 A    3  1 -2 -3 -4  5 -1  1 -3 -4 -4  2 -3 -5  0 -2 -2 -5 -4 -2   33   6   1   1   0  27   1   9   0   0   0  14   0   0   5   0   1   0   0   2  0.68 0.40
  400 Q   -3  0 -3 -4 -2  5 -2  0  6  0 -2 -2 -2  2 -4 -2 -3 -4  1  1    0   3   0   0   1  32   0   7  20   5   4   1   0   8   0   1   0   0   5  11  0.69 0.40
  401 Y   -6 -5 -5 -7 -6 -5 -5 -7  6 -5 -5 -5 -5  2 -7 -5 -5  5  9 -4    0   0   0   0   0   0   0   0  16   0   0   0   0   5   0   0   0   7  71   1  2.52 0.81
  402 S    0 -1 -2  0 -5  6  5 -4 -3 -6 -5  0 -4 -6 -4  1 -3 -5 -3 -5    8   2   1   4   0  34  37   0   0   0   1   4   0   0   0   9   0   0   1   0  1.04 0.49
  403 M   -5 -5 -6 -7 -5 -4 -6  0 -6 -1  2 -5 10 -4 -6 -5 -4 -5 -5 -3    0   0   0   0   0   0   0   7   0   2  17   0  74   0   0   0   1   0   0   0  2.34 0.82
  404 L   -5  1 -6 -7 -5 -5 -6 -7 -6 -2  6 -5 -1 -3 -6 -6 -4 -5 -4 -1    0   7   0   0   0   0   0   0   0   0  91   0   0   0   0   0   0   0   0   2  1.72 0.65
  405 E   -1  4  2 -3 -1 -1  0 -3 -1 -1  0  3 -2 -2  1 -1 -1 -4 -3 -2    6  24   9   0   1   1   6   0   1   4   8  25   0   2   7   2   3   0   0   3  0.37 0.25
  406 A    0  2  1 -3 -3 -1  0 -3 -1  0  0 -1  1 -1 -3 -1  2 -4 -1  1   10  16   6   0   0   1   8   1   1   6  11   1   4   2   0   0  20   0   1  11  0.19 0.19
  407 W   -7 -7 -8 -9 -7 -7 -7 -7 -7 -6  0 -8 -5 -4 -8 -7 -7 13 -2 -7    0   0   0   0   0   0   0   0   0   0  10   0   0   0   0   0   0  90   0   0  4.37 1.15
  408 R    0  5 -2 -4  2  2 -2 -4 -1 -2  0  2  3 -4 -4  0 -2 -4 -3 -1    9  33   1   0   4   9   0   0   1   1  10  10   9   0   0   6   0   0   0   5  0.50 0.31
  409 R   -1  1  3  0  0  5  2 -3 -2 -4  0  0 -3 -4 -3  0 -1 -4 -1 -4    4   6  15   5   2  31  12   1   0   0  10   4   0   0   0   5   2   0   2   0  0.51 0.31
  410 R   -3  4  0 -2 -4  4 -1 -1  1 -4 -2  4 -2 -4 -3 -1 -1 -4 -3 -4    0  27   3   1   0  20   0   5   4   0   4  24   1   0   0   4   4   0   0   0  0.66 0.34
  411 T   -1 -1  0 -2  2  3  1  0 -2 -2  0  0  2  0 -2  0  1 -3 -2 -1    5   2   4   0   5  18  11   6   0   1  10   7   7   4   1   6  12   0   0   3  0.16 0.17
  412 P    0 -4 -3 -4 -4 -4 -4  6 -4 -4 -4 -4 -4 -5  3  0 -3 -5 -5 -4    6   0   0   0   0   0   0  65   0   1   1   0   0   0  17   5   0   0   0   1  1.33 0.47
  413 R   -1  4  0 -2 -3  1  0 -1 -1 -1  0  2  1 -2 -1 -1  0 -3 -2 -2    4  31   3   1   0   7   3   5   1   4  11  10   5   1   3   2   6   0   1   2  0.29 0.17
  414 H   -1  2  1  1 -1  0  1  0  4 -2 -2  1 -2 -2 -2  0 -1 -2 -1 -2    3  14   8   8   2   2   9   9  16   1   3  10   1   1   2   5   3   0   2   3  0.24 0.12
  415 E    3  1  0  0 -3  0  2  1  0 -3 -3  0 -2 -3 -2  0 -1 -1 -2 -2   27   9   3   3   0   4  18  11   2   1   2   5   1   1   1   6   2   1   1   1  0.27 0.17
  416 D    5 -4 -3  1 -1 -2 -3 -1 -4 -4 -5 -3 -4 -5  1  2 -3 -5 -5 -3   63   0   1   8   1   1   0   3   0   0   0   0   0   0   7  14   0   0   0   0  1.02 0.49
  417 T   -1 -3 -1 -2  0 -2 -2  1 -3  1  0 -1 -1 -2 -3  3  3 -4 -3  0    1   0   2   1   2   0   1  12   0   9  11   3   1   1   0  24  25   0   0   7  0.31 0.23
  418 L   -3 -2 -4 -6  1 -4 -5 -6 -5  2  4 -4  1  3 -5 -3 -3 -4 -2  3    0   2   0   0   3   0   0   0   0  13  45   0   3  11   0   1   0   0   0  21  0.78 0.35
  419 E   -3 -2  5  2 -5  1  3  0  0 -6 -5  2 -4 -5 -4 -1 -3 -5 -2 -5    0   0  34   9   0   5  23   8   2   0   0  16   0   0   0   2   0   0   2   0  0.81 0.39
  420 V    1  0 -1  2 -3 -1  1 -3  3 -2  2 -1  0 -2 -3 -1  1 -4 -2 -1   11   5   2  16   0   2   9   1   8   0  24   2   3   1   0   1  11   0   0   3  0.22 0.20
  421 V   -4 -5 -6 -6 -4 -5 -6 -6 -6  3  5 -5  2 -2 -6 -5 -4 -5 -4  2    0   0   0   0   0   0   0   0   0  16  65   0   5   1   0   0   0   0   0  13  1.21 0.47
  422 G   -2 -2 -3 -1 -1 -3 -3  1 -2  0  3 -3  0  2 -3  0 -2 -2  3 -1    2   1   0   3   1   0   1  12   1   3  42   1   1   7   1  10   1   0  11   2  0.35 0.22
  423 L    2  2  0  2  3  1  2 -2 -2 -3 -2  0 -3 -4 -3  1 -2 -4 -2 -2   21  11   4  11   7   6  16   0   1   0   3   5   0   0   0  12   0   0   1   3  0.31 0.22
  424 V    4 -3 -3 -4 -3 -2 -2 -1 -2 -1 -2  1 -2 -4 -3 -1  2 -5 -4  3   41   0   1   0   0   1   1   4   1   2   1   8   0   0   0   1  13   0   0  25  0.54 0.33
  425 L   -5 -5 -7 -7 -5 -5 -6 -5 -6 -2  7 -4 -1 -3 -6 -6 -5 -5 -4 -2    0   0   0   0   0   0   0   1   0   0  98   1   0   0   0   0   0   0   0   0  1.90 0.68
  426 S   -3  3  1 -1  2  0  3 -4  5 -4  1 -1 -1 -3 -3 -2 -3  2 -3 -4    0  21   8   3   5   4  19   0  16   0  15   2   1   1   1   1   0   3   0   0  0.51 0.31
  427 K   -2  3  1  3 -3  3  1 -3  0 -4 -3  2 -3 -4 -3  0 -1 -4  0 -4    1  15   6  20   1  18   9   0   2   1   2  11   0   0   0   6   3   0   5   0  0.49 0.27
  428 M   -4 -3 -6 -7 -5 -4 -6 -6 -5  2  2 -5  9 -2 -6 -5 -4 -5 -4 -1    0   1   0   0   0   0   0   0   0  11  18   0  67   1   0   0   0   0   0   2  2.08 0.72
  429 N   -2 -2  3  4 -1  0  3  2  3 -5 -5  0 -4 -5 -4 -2 -3 -5 -4 -5    1   1  15  28   2   4  18  18   9   0   0   4   0   0   0   0   0   0   0   0  0.76 0.35
  430 L   -4 -4 -5 -6 -5  3 -2 -6 -5 -2  6 -4 -1 -3 -6 -5 -4 -5 -4 -3    0   0   0   0   0  17   3   0   0   0  80   0   0   0   0   0   0   0   0   0  1.46 0.58
  431 A    0  4  0  1 -1  0 -1  2  0 -3 -1  0 -1 -4 -3  2 -1 -4 -3 -3    6  28   2   7   2   3   1  15   3   0   7   5   1   0   1  16   2   0   0   1  0.31 0.21
  432 G   -2  3 -2 -3 -1 -2 -3  6 -1 -5 -3 -1  1 -5 -5 -2 -1  0 -1 -4    1  17   1   1   2   1   1  58   2   0   2   2   4   0   0   2   3   1   2   1  0.97 0.41
  433 C    2 -5 -4 -5  9 -4 -5 -4 -1  0 -4 -5 -4 -4 -4  1  1 -1 -1  0   17   0   0   0  46   0   0   0   2   6   0   0   0   0   1  10   8   1   2   7  1.35 0.50
  434 L    5 -4 -4 -4 -3 -3 -2 -2 -1 -1  2 -1  0 -3 -4  1 -2 -4  1 -2   55   0   0   0   0   0   1   1   1   2  20   4   2   0   0   8   0   0   4   1  0.69 0.39
  435 E   -4 -2 -4  0 -7  3  7 -5 -3 -7 -6 -2 -5 -7 -5 -3 -4 -6 -3 -6    1   1   0   4   0  10  83   0   0   0   0   0   0   0   0   0   0   0   1   0  1.94 0.70
  436 N    0 -1  4  3  1  0  2 -3 -2 -2 -3  0 -1 -4 -3  0  0 -5 -4 -2   10   1  25  18   3   3  14   0   0   2   2   7   1   0   0   6   4   0   0   2  0.45 0.25
  437 I   -4 -6 -6 -6 -4 -5 -6 -7 -6  7  3 -5 -1 -3 -6 -5 -3 -5 -4  1    0   0   0   0   0   0   0   0   0  61  32   0   0   0   0   0   1   0   0   6  1.45 0.52
  438 L   -1  3 -2 -2  0  4  3 -4 -1  1 -3  0 -1 -4 -3  0 -2 -3 -3 -1    5  18   0   0   2  19  25   0   1  11   1   2   2   0   0   7   1   0   0   5  0.47 0.29
  439 E   -2 -1  4  1 -4  1  4 -3  1 -5 -4 -1 -4 -5 -3  2  1 -5 -4 -4    2   2  20   7   0   5  32   0   3   0   0   1   0   0   0  18   9   0   0   0  0.68 0.34
  440 A    3  2 -1 -2  1 -1  0 -2 -1 -2 -4  4 -3 -3 -3  0 -1 -4 -1 -2   28  14   3   1   3   0   4   2   1   2   0  29   0   1   0   5   2   0   2   1  0.45 0.27
  441 L   -4 -5 -6 -7 -4 -5 -6 -7 -5  0  6 -5 -1 -1 -6 -5 -4 -1  2 -2    0   0   0   0   0   0   0   0   0   2  89   0   0   1   0   0   0   1   7   0  1.56 0.54
  442 R   -2  2 -2 -2  2  3  0  1 -2  0  1  0 -1 -3 -2 -1 -2 -3 -3  1    0  12   0   0   6  18   7  15   0   4  18   3   0   0   1   3   0   0   0  12  0.20 0.16
  443 N    0  3  3 -2 -4  3 -1  3 -1 -4 -4 -1 -3 -4 -3  1 -2 -4 -3 -4    8  22  17   0   0  14   0  22   1   0   0   0   0   0   0  14   0   0   0   0  0.53 0.23
  444 P    0 -1 -2 -1 -3  3  1  0 -2 -3 -1 -1 -2 -3  4  1 -1 -4 -2 -2    8   1   0   2   0  24  11   6   0   0   6   0   0   0  25  15   0   0   0   1  0.49 0.17
  445 A    3 -2  2 -2 -2  3 -1  2 -2 -3 -3 -1 -2 -4 -1  1 -1 -4 -3 -2   46   0  12   0   0  21   0  13   0   0   0   0   0   0   2   4   1   0   0   1  0.43 0.15
  446 P    0  1 -1 -2 -1 -1 -1 -2 -1 -3 -2 -1 -2 -3  4  3  1  5 -2 -2    3  11   0   0   1   1   0   0   1   0   2   0   0   0  26  36   7   9   0   0  0.56 0.13
  447 S    1 -1 -1 -2  5 -1 -1 -1 -1 -1 -1 -1 -1 -2  2  2  1 -3 -2  0   16   4   1   0  17   1   1   2   2   0   7   0   1   0  10  24   9   0   0   5  0.25 0.07
  448 S    1  0 -1 -2 -2  2 -1 -2 -2 -3 -3 -1 -2 -3  5  3  0 -4 -3 -2   16   4   0   0   0  11   0   0   0   0   2   0   0   0  29  38   0   0   0   0  0.61 0.12
  449 T    1  0 -1  1 -2 -1  1 -2 -1 -1  1 -1  0 -2  1  0  1 -3 -2 -1   20   7   0   8   0   0  16   0   2   0  24   0   0   0   8   3  12   0   0   1  0.14 0.05
  450 T   -1 -2 -1  0  4  0 -1 -3  3 -3 -2 -2 -2 -3  6  0  1 -4 -2 -2    1   0   0   5  13   6   0   0  12   0   2   0   0   0  41   5  14   0   0   0  0.78 0.12
  451 R    0  5 -1 -1  1  0 -1 -2  2 -3 -2  0 -2 -3  1  2 -1 -3 -1 -3    7  45   0   2   4   1   0   1   8   0   2   0   0   0   6  25   0   0   1   0  0.43 0.11
  452 L   -2 -3 -3 -4 -2 -3 -3  1 -1  1  4 -2  1  1 -3 -3 -2 -2 -1  0    0   0   0   0   0   0   0  14   2   1  75   1   0   6   0   0   0   0   0   0  0.43 0.09
  453 P    0 -3 -3 -3 -2 -2 -2 -3 -3 -1  2 -2  0 -2  6 -1 -1 -3 -3 -1   10   0   0   0   0   1   0   0   0   0  35   0   0   0  51   2   0   0   0   0  0.91 0.10
  454 R   -2  6 -1 -2 -4  2  0 -3 -1 -4 -3  2 -2 -4 -3 -1 -2 -3 -2 -3    0  91   0   0   0   9   0   0   0   0   0   0   0   0   0   0   0   0   0   0  1.04 0.12

                      K         Lambda
Standard Ungapped    0.1362     0.3206
Standard Gapped      0.0381     0.2670
PSI Ungapped         0.1249     0.3091
PSI Gapped           0.0381     0.2670
