
Last position-specific scoring matrix computed, weighted observed percentages rounded down, information per position, and relative weight of gapless real matches to pseudocounts
           A  R  N  D  C  Q  E  G  H  I  L  K  M  F  P  S  T  W  Y  V   A   R   N   D   C   Q   E   G   H   I   L   K   M   F   P   S   T   W   Y   V
    1 M   -3 -3 -4 -5 -3 -2 -4 -5 -4 -1  0 -3 10 -2 -4 -3 -3 -3 -3  0    0   0   0   0   0   0   0   0   0   0   0   0  96   0   0   0   0   0   0   4  1.90 0.41
    2 D   -2 -3  1  7 -5 -1  3 -3 -2 -5 -5 -2 -4 -5 -3 -1 -2 -5 -4 -4    2   0   4  75   0   0  18   0   0   0   0   0   0   0   0   0   0   0   0   0  1.32 0.27
    3 S    1 -1 -1 -2  3  3 -1 -2 -2 -2 -1 -1 -2 -3  3  3  0 -3 -1 -2    9   2   0   0   8  18   1   1   0   0   6   0   0   0  14  35   2   0   2   1  0.35 0.13
    4 E   -2  0 -1  2 -4  3  4 -2 -1 -3 -3  4 -2 -4 -2 -1 -1 -3 -3 -3    1   0   0  11   0  13  34   1   0   0   1  33   0   0   0   1   3   0   0   1  0.60 0.17
    5 V   -1 -3 -3 -4 -2  1 -3 -2 -3  3  0 -3 -1  0 -3 -3 -1 -3 -2  5    1   0   0   0   0   8   0   3   0  15   1   0   0   3   0   1   0   0   0  66  0.61 0.21
    6 S   -1 -2  0 -2  0 -2 -2  1  3  2 -3 -2 -2 -3 -3  5  0 -4 -3 -2    0   2   2   0   1   0   0  10   8  15   0   0   0   0   0  59   2   0   0   0  0.56 0.25
    7 N   -3 -2  7 -1 -4 -2 -2 -2 -1 -4 -5 -1 -4 -4 -3  2 -1 -5 -4 -4    0   0  80   0   0   0   0   0   0   0   0   1   0   0   0  14   0   0   0   0  1.41 0.34
    8 G   -1 -4 -2 -1 -4 -3 -3  7 -4 -5 -5 -3 -4 -5 -4 -1 -3 -4 -4 -4    2   0   0   3   0   0   0  87   0   0   0   0   0   0   0   3   0   0   0   0  1.49 0.32
    9 S    2 -2  0 -2 -2 -1 -2 -2 -2 -3 -3 -2 -2 -3  3  4  0 -4 -3 -2   22   0   3   0   0   0   0   1   0   0   1   0   0   0  16  51   3   0   0   1  0.64 0.21
   10 G    0 -1 -1 -1  0 -2 -2  5 -2 -3 -1 -2 -2 -3 -2  2 -1 -3 -3 -2    4   3   1   3   3   1   2  50   0   1   8   1   0   1   1  18   1   0   0   3  0.51 0.14
   11 L   -1 -3 -3 -3 -2 -2 -3 -3  0  0  4 -3  0  1  2 -2 -1 -2  0  0    6   1   1   1   0   1   1   1   2   1  61   1   0   5  11   1   2   0   2   2  0.46 0.17
   12 G   -2  2 -2 -2 -4  4 -1  5 -1 -5 -4 -1 -3 -5  0 -1 -3  0 -4 -3    0  12   0   1   0  22   2  48   1   0   0   1   0   0   5   4   0   1   0   2  0.80 0.31
   13 A   -1 -2  3  5 -4 -2 -1 -2 -2 -4 -5 -2 -4 -1 -2  4 -1 -5 -4 -4    5   1  15  38   0   1   1   1   1   0   0   0   0   3   1  33   1   0   0   0  0.80 0.32
   14 E   -1 -3  0 -1 -4 -1  5 -2 -1 -2 -1 -2 -3 -4 -3 -1  0 -5 -4  2    2   0   3   2   0   0  51   3   1   0   6   0   0   0   0   3   7   0   0  20  0.65 0.34
   15 H   -3  4 -1 -1  1  5  1 -3  6 -5 -4 -1 -3 -4 -2 -1 -3 -4  1 -5    0  21   1   3   3  32   6   2  22   0   1   0   0   0   1   3   0   0   5   0  0.89 0.38
   16 I   -2 -4 -1 -4  1 -2 -2 -5 -4  5  0 -2  6 -2 -4 -3  0 -4 -3  2    3   0   3   0   3   1   2   0   0  40   3   2  24   0   0   0   5   0   0  14  0.76 0.34
   17 T    0 -3 -3 -3 -4 -2  4 -4 -4 -4 -4 -3 -3 -5 -3  0  6 -5 -4 -2    8   0   0   0   0   0  27   0   0   0   0   0   0   0   0   4  58   0   0   1  1.11 0.48
   18 D   -2  1  4  1  5  1 -1 -3  3 -5 -5 -1 -4 -5 -1  3 -2 -5 -3 -4    0   9  25   6  13   6   2   1   8   0   0   2   0   0   3  25   0   0   0   0  0.65 0.33
   19 L    1 -4 -5 -5 -3 -2 -4 -4 -4  2  4 -4  1  0 -4 -2 -2 -4  0  1   15   0   0   0   0   2   0   0   0  11  55   0   3   2   0   1   1   0   3   6  0.66 0.32
   20 L   -4 -5 -6 -6 -4 -5 -6 -6 -6  1  6 -5 -1 -2 -6 -5 -4 -5 -4  3    0   0   0   0   0   0   0   0   0   6  76   0   0   0   0   0   0   0   0  18  1.34 0.50
   21 V   -3 -5 -6 -6 -4 -5 -5 -6 -5  1  5 -5  2  1 -5 -5 -3 -4 -3  4    0   0   0   0   0   0   0   0   0   4  54   0   4   6   0   0   0   0   0  32  1.02 0.41
   22 F   -4 -5 -5 -6 -5 -5 -5 -6 -3 -2  3 -5 -2  6 -6 -5 -4  1  6 -3    0   0   0   0   0   0   0   0   0   0  27   0   0  40   0   0   0   2  30   0  1.45 0.50
   23 G    1 -3  0 -2 -3 -3 -1  3 -3 -3 -4 -3 -3 -4 -3  4  3 -5 -2 -2   13   0   4   1   0   0   3  22   0   1   0   0   0   0   0  33  20   0   1   2  0.60 0.33
   24 F   -6 -7 -7 -7 -6 -7 -7 -7 -5 -4 -3 -7 -4  9 -7 -6 -6 -3  0 -5    0   0   0   0   0   0   0   0   0   0   0   0   0 100   0   0   0   0   0   0  3.04 0.84
   25 L   -4 -5 -6 -7 -4 -5 -6 -7 -6  1  6 -6 -1 -1 -6 -5 -4 -5 -4 -2    0   0   0   0   0   0   0   0   0   7  92   0   0   1   0   0   0   0   0   0  1.69 0.58
   26 Q   -4 -2  0  0 -3  7  4 -5  0 -6 -5  2 -4 -6 -4 -3 -4 -5 -4 -5    0   1   3   4   1  52  26   0   2   0   0  10   0   0   0   0   0   0   0   0  1.33 0.55
   27 S    0 -3  4 -2 -1  2  0 -3 -1 -5 -5 -2 -4 -5 -4  5  0 -5 -4 -3    6   0  24   0   1  10   4   0   1   0   0   1   0   0   0  46   5   0   0   2  0.85 0.46
   28 S   -2  0  2  0  7  0 -2 -3 -1 -4 -4  0 -3 -4  1  4 -1 -4 -2 -3    1   4   9   5  24   4   1   1   1   0   1   7   0   0   6  33   2   0   1   1  0.70 0.35
   29 G   -1 -1  0  4 -2 -2 -1  1  2 -5 -5 -2 -4 -4 -1  4 -2 -5 -2 -4    4   3   4  29   1   0   1   9   5   0   0   0   0   0   3  38   0   0   1   0  0.70 0.37
   30 C   -2 -3  4  1  9 -4 -4 -2  0 -5 -5 -4 -5 -6 -5  1 -3 -6 -5 -5    2   1  23   9  47   0   0   2   3   0   0   0   0   0   0  12   0   0   0   0  1.61 0.60
   31 T   -4 -2 -3 -5 -1  1 -2 -4 -3 -4 -3 -3 -3  8 -6 -2  0 -2  3 -4    0   2   1   0   1   8   2   1   0   0   0   2   0  64   0   4   6   0   9   0  1.44 0.57
   32 R    0  4  1 -3 -5  2 -1 -3  7 -5 -3  2 -1 -1 -4 -1 -3 -5 -1 -5    6  24   5   0   0  10   2   1  27   0   2  12   2   3   0   5   0   0   1   0  0.79 0.40
   33 Q   -1  2 -1  1 -4  3  3 -3  2 -3 -4  2 -3 -4 -1  1 -1 -5 -3 -2    3  10   2   7   0  12  25   0   5   1   0  16   0   0   2  10   3   0   0   3  0.47 0.28
   34 E   -4 -3 -3 -1 -6  4  6 -5 -3 -6 -4  0 -4 -6 -4  0 -3 -6 -5 -5    0   0   0   1   0  22  62   0   0   0   1   6   0   0   0   6   1   0   0   0  1.45 0.63
   35 L   -4 -5 -6 -6 -4 -5 -6 -6 -6  0  6 -5 -1  1 -6 -5 -4 -4 -4 -2    0   0   0   0   0   0   0   0   0   2  90   0   0   5   0   0   0   0   0   0  1.70 0.64
   36 E   -2  0  0  1  0  2  4 -4  5 -3 -3  1 -3 -2 -1  0 -3 -1 -2 -4    1   3   4   6   2  11  27   0  18   1   2   9   0   2   2   8   0   1   1   0  0.54 0.31
   37 V    2 -2 -2 -2  0  0 -1 -2 -3 -2 -1 -1 -1 -3 -3  4  2  1 -3  1   15   1   0   1   2   3   4   1   0   1   6   3   1   0   0  36  11   2   0  11  0.36 0.28
   38 L   -4 -3 -5 -5 -4 -4 -2 -5 -5 -1  6 -4 -1  0 -5 -4 -4 -4 -2 -1    1   1   0   0   0   0   2   1   0   0  83   0   0   4   0   1   0   0   1   3  1.34 0.52
   39 G    0  0 -2 -1  0  3 -2  4 -3 -4 -3  1 -3 -4 -3  0 -2  0 -3 -4    9   5   0   3   2  18   1  39   0   0   3   8   0   0   0   6   2   1   0   1  0.58 0.30
   40 R   -2  2  1 -1  0  2  1 -1  4 -3 -2  1 -3 -2 -2  2  0 -4 -1 -3    1  12   7   2   2   9   9   3  14   1   3  10   0   1   1  20   4   0   1   0  0.33 0.22
   41 E   -3 -2 -2  2 -5  5  5 -1  2 -1 -3  0 -3 -4 -3 -1 -2 -4 -4 -3    1   0   0   9   0  26  37   4   5   4   3   5   0   0   0   4   1   0   0   1  0.77 0.40
   42 L   -2 -3 -4 -4  0 -1 -2  0 -4 -1  4 -2  1  0 -2 -2 -2 -1 -2  1    2   1   0   0   2   3   3   8   0   0  55   2   3   4   2   3   1   1   1   7  0.50 0.31
   43 P   -1  0  1 -1 -4 -2 -1 -2 -2  0 -1  0 -3  0  5  0 -1 -4 -2 -2    6   5   7   3   0   1   2   3   1   8   7   5   0   5  36   7   2   0   1   1  0.55 0.27
   44 V   -1  0 -3 -3 -3  0 -2 -2 -3  0  2  1  2 -1 -3 -2 -1 -4 -3  4    4   5   0   1   0   4   2   4   0   3  18  11   7   2   1   1   2   0   0  36  0.33 0.24
   45 Q   -1  1 -1 -2  0  3  0 -1  0 -1 -1  1 -2 -1  4  0 -1  0 -3 -2    5   8   2   0   2  20   3   4   2   3   7  10   0   4  19   5   3   1   0   1  0.32 0.21
   46 A    2  0 -1  0  0  1 -1  2 -2 -2 -1  0 -1 -3  1  1  0  2 -2  0   18   5   2   6   3   7   1  15   0   1   6   4   1   0   6  10   5   3   0   7  0.13 0.12
   47 Y    0 -1  0  0  3 -1 -2 -1  3 -1 -2 -1 -2  2 -1  1 -1 -2  4 -1    9   4   4   7   8   3   1   3   8   3   2   3   0   8   3  11   2   0  18   4  0.21 0.17
   48 W   -1  0 -2 -1  3  1 -1 -2  2  0  2 -1  0  0 -1  0 -2  2  2 -1    3   7   1   4   8   8   2   3   7   6  22   3   2   3   3   6   1   3   8   1  0.12 0.12
   49 E    0  0  1  0  4  2  2 -2  1 -3 -1  0  0 -2  0  0 -2  4  1 -2    7   4   9   3  11  10  13   2   3   1   5   4   2   0   4   6   1   6   7   3  0.21 0.16
   50 A    0 -1 -1  2  0  0  2  1 -2  0 -2 -1 -2  0 -2  1 -1 -2  3 -1    7   4   1  11   3   3  17  10   0   8   1   1   0   4   1   9   1   0  14   4  0.18 0.17
   51 D   -2 -1  1  5 -1 -1  3 -3 -3 -4 -2  0 -4 -4  0  0 -1 -4  0 -3    3   2   5  40   1   2  17   1   0   0   6   5   0   0   4   6   2   0   4   1  0.60 0.32
   52 L   -2 -2  0  4  0  1  1  0  3 -3  0 -2 -3  0 -1  1 -2 -4  1 -2    2   1   2  28   2   6   7   8  10   0  10   0   0   4   2  11   0   0   5   2  0.32 0.24
   53 E   -4 -4 -2  7 -6 -2  4 -3  1 -6 -6 -3 -5 -6  0 -3 -4 -6 -3 -6    0   0   1  56   0   0  32   1   3   0   0   0   0   0   4   1   0   0   1   0  1.54 0.61
   54 D    0 -4 -1  5 -5 -3  0  3 -3 -4 -1 -3 -1 -3 -4 -1 -3 -2  0  0    8   0   2  41   0   0   4  23   0   0   6   0   1   1   0   3   0   1   4   6  0.69 0.37
   55 E   -4 -3 -3  2 -6 -1  7 -3 -3 -5 -1 -2  0 -6 -4 -3 -4 -6 -5 -5    0   0   0   8   0   0  79   2   0   0   6   0   3   0   0   0   0   0   0   0  1.56 0.60
   56 L   -1 -4 -5 -5 -3 -4 -4 -5 -5  1  6 -4  2 -2 -4 -4 -3 -4 -3 -1    6   0   0   0   0   0   0   0   0   7  78   0   4   0   0   0   0   0   0   1  1.13 0.43
   57 Q   -4 -2 -3 -3 -5  8  3 -4 -3 -5 -5 -2 -3 -5 -4 -3 -3 -5 -4 -5    0   0   0   0   0  74  21   0   0   0   1   0   0   0   0   0   0   0   0   0  1.89 0.66
   58 T    0 -4 -3 -4  2 -3 -3 -1 -4 -3 -2 -3 -3 -4 -3  0  7 -5 -4 -3    8   0   0   0   3   0   0   4   0   0   4   0   0   0   0   3  75   0   0   0  1.31 0.53
   59 D   -5 -5  0  8 -6 -3 -2 -4 -4 -5 -2 -4 -5 -6 -4 -3 -4 -6 -6 -6    0   0   2  87   0   0   0   0   0   0   4   0   0   0   0   0   0   0   0   0  2.10 0.75
   60 G   -3 -5 -3 -4 -5 -4 -5  7 -5 -6 -6 -4 -5 -5 -5 -3 -4 -5 -5 -5    0   0   0   0   0   0   0  95   0   0   1   0   0   0   0   0   0   0   0   0  2.20 0.70
   61 S   -4 -3  7 -1 -5 -3 -3 -3  6 -5 -2 -3 -4 -4 -4  2 -3 -5 -1 -5    0   0  54   1   0   0   0   0  21   0   5   0   0   0   0  13   0   0   2   0  1.37 0.57
   62 Q   -3  6  0 -3 -1  2 -2 -2  1 -3 -1 -1 -2 -1 -3  0 -1  1 -1 -1    1  47   4   0   2  10   0   2   3   0   8   0   0   3   0   7   4   2   1   4  0.61 0.34
   63 A    1 -3 -1 -2  5  0 -1 -1 -2 -2 -2 -2 -2  0  3  3  0  0  1 -2    9   0   1   0  14   4   3   3   0   2   3   0   0   5  14  27   4   1   5   3  0.37 0.25
   64 S   -1 -3 -2 -3  1 -3 -2  3 -3 -2 -3 -3 -3 -2 -1  5 -2 -4 -4 -4    1   0   0   0   3   0   2  26   0   2   3   0   0   2   2  55   0   0   0   1  0.86 0.45
   65 R   -2  4 -2 -3 -4 -1 -2 -3  7 -1 -2 -2 -3 -2 -3  1 -3 -4  0  0    2  27   0   0   0   1   1   1  34   4   4   1   0   2   0  10   1   0   3   7  0.82 0.39
   66 S   -1 -1  0 -1 -1  0 -1 -2  1 -1  0 -2  1  3  1  2  0 -2  1 -1    4   2   5   3   1   4   1   2   4   2   6   1   5  19   8  21   4   0   3   3  0.16 0.14
   67 F   -1  1 -2 -2 -2  2  0 -3  0  0  1 -1  0  3 -1  0 -1 -2  2 -1    3   8   0   1   1  12   8   1   2   5  16   1   2  18   3   7   2   0   8   3  0.17 0.15
   68 N   -1  0  3  2 -3  3  0  0  1 -2 -1 -1  0 -1 -1  1 -1 -3  0 -2    2   4  19  10   0  15   4   6   4   1   8   1   2   2   3  10   1   0   4   3  0.21 0.19
   69 Q    0  0  2  0 -2  0  2  1  1 -1 -1 -1  0  0 -2  0  0 -2 -1  0    8   6  12   5   0   4  15  10   4   4   6   1   3   5   1   3   3   0   0   9  0.08 0.09
   70 G    0 -2 -1  1 -3  0  0  3 -2  0  0 -2  0 -2 -1 -1 -1 -3 -3 -1    9   1   2   8   0   4   8  32   0   5  12   1   3   2   3   4   3   0   0   2  0.23 0.17
   71 R    0  3 -2  0 -3  1  3  0 -2 -1  0  0 -2 -1 -1 -1 -2 -3 -2 -1    6  20   0   4   0   6  22   7   0   2  13   4   0   2   2   2   1   0   0   5  0.21 0.20
   72 I    0 -1 -2 -2  1  0  0 -2  0  2  2 -1  0 -1  2 -1 -1 -2  0  0    9   3   2   2   3   4   6   3   2  16  22   2   2   1   9   3   2   0   3   4  0.10 0.11
   73 E   -1 -1  0  0 -4  1  5 -2  1 -2 -1 -2  0 -3 -2 -2 -2  4  0  1    6   2   3   3   0   4  42   2   4   1   5   1   3   0   2   1   1   5   4  12  0.46 0.32
   74 P    1  0 -2 -2 -2  0 -2  1  1 -2 -1 -1 -1  2  4  0  0 -2  0 -1   14   5   1   1   0   3   1  12   5   1   7   1   0  13  20   3   7   0   2   3  0.25 0.15
   75 D   -1 -2  0  4 -3  1  2  1  1 -1 -1 -1 -2 -3  1  0 -2 -4 -3 -2    5   0   3  31   0   7  14  11   4   4   8   0   0   0   6   4   0   0   0   3  0.33 0.21
   76 S    0 -1  1  1 -3 -1 -1  0  0 -3 -1 -2 -2 -3  4  3  0 -4 -3 -1    7   2   5   9   0   2   0   7   3   0   6   0   0   0  19  29   5   0   0   3  0.35 0.22
   77 E   -1  1  0  1 -3  2  4  0 -2 -3 -3 -1  0 -4  1  0 -2 -4 -3 -2    4   8   3   7   0  10  36   7   0   0   1   0   4   0   8   8   0   0   0   3  0.40 0.24
   78 S    0 -1 -1  0 -2 -1  0  0  0  0 -1 -2 -1 -2  1  2  1 -3 -1  2    6   3   2   4   0   0   5   7   3   2   4   0   0   0   7  21   9   0   3  24  0.14 0.16
   79 Q   -1  1  1  1 -2  1  1  0  2 -1  0  0 -1 -2 -2 -1  0 -3 -1  0    1   9   9   9   0   9   9   9   9   0   9   0   0   0   0   1   9   0   0   9  0.06 0.10
   80 E    1  1 -1  1 -3  0  5 -2  0 -3 -3 -1 -3 -3  1 -1 -2 -3 -3 -3   12   8   2   5   0   1  54   3   2   1   1   1   0   1   6   1   1   0   0   1  0.59 0.22
   81 E    2 -1 -1  2 -3  1  4 -1 -1 -3 -3 -1 -2 -3  0  0 -1 -3 -2 -2   19   1   1  10   0   4  43   4   0   1   2   1   0   1   4   4   1   0   1   2  0.44 0.17
   82 I    1 -3 -3 -1 -2 -2 -2 -2 -3  3  1 -2  0 -1 -1 -1  0 -3 -2  3   19   1   1   4   0   1   2   1   0  25  10   1   0   0   2   1   3   0   0  29  0.27 0.14
   83 I   -1 -3 -3 -3  1 -3 -3 -3 -3  4  1 -3  0  2 -3 -1 -1 -2  1  2    4   1   1   1   3   1   1   1   0  36  13   1   0   9   1   4   2   0   4  18  0.30 0.13
   84 H   -2  5 -2 -2 -3  4 -1 -3  1 -2 -1  0 -2 -3 -3 -2 -1  1 -2  1    1  42   1   1   0  25   1   1   3   1   4   1   0   0   1   1   2   3   0  12  0.57 0.24
   85 N   -1  1  2  1 -2  1  1  0  1  1 -1  0 -1 -2 -2  0  0 -3 -2 -1    5  10  18  10   0   5   9   5   3  14   4   5   1   0   1   4   3   0   0   3  0.11 0.07
   86 I   -1 -3 -3 -4 -2 -3 -3 -4 -3  5  2 -3  1 -1 -3 -3 -2 -3 -2  2    4   1   1   1   0   0   1   1   0  57  15   1   3   1   1   1   1   0   0  12  0.62 0.22
   87 A    5 -2 -2 -2 -2 -2 -1  3 -3 -3 -3 -2 -2 -3 -2  0 -1 -3 -3 -2   65   1   1   1   0   0   4  20   0   1   1   1   0   0   1   1   3   0   0   1  0.69 0.26
   88 R    3  4 -2 -2 -1  0  1 -2 -1 -1 -1  0 -1 -2 -2  0  0 -1 -2 -1   31  28   1   1   1   2  11   1   1   5   3   1   1   1   1   2   5   1   0   3  0.27 0.15
   89 H    0  2 -1 -1 -1  5  1  0  4 -3 -3  0 -2 -3 -2 -1 -2 -3 -2 -1    8  13   1   3   1  35   9   7  11   1   1   1   0   0   1   1   1   0   0   6  0.41 0.19
   90 L   -3 -3 -4 -4 -2 -3 -4 -4 -4  0  5 -3  0  0 -3 -3 -2 -3 -2 -1    1   1   1   1   0   0   1   1   0   1  88   1   0   2   1   1   1   0   0   1  0.98 0.30
   91 A    5  0 -2 -3 -2 -2 -2 -1 -3  1 -2 -2 -2 -3 -2  0  0 -3 -3  0   64   7   1   1   0   0   1   2   0  12   1   1   0   0   1   1   4   0   0   2  0.54 0.24
   92 Q   -1  2 -1  0 -3  4  4 -3  3 -3 -2  0 -2 -3 -2 -1  0 -3 -2 -1    2  11   1   1   0  26  34   1   8   1   2   2   0   0   1   1   4   0   0   5  0.53 0.21
   93 I   -1 -1 -3 -4  2 -3 -3 -4 -3  6  0 -3  1 -2 -3 -3 -2 -3 -2  2    3   3   1   1   5   0   1   1   0  62   4   1   2   0   1   1   1   0   0  13  0.66 0.24
   94 G    2  0 -2 -2 -3 -2 -3  6 -3 -4 -4 -2 -3 -4 -3 -1 -2 -3 -3 -3   22   6   1   1   0   0   1  63   0   1   1   1   0   0   1   1   1   0   0   1  0.92 0.26
   95 D   -1 -3 -1  7  0 -1  2 -2 -2 -4 -4 -2 -4 -4 -3 -2 -2 -4 -4 -4    6   1   1  74   3   0   9   1   0   1   1   1   0   0   1   1   1   0   0   1  1.22 0.32
   96 E   -1  2  1  0 -3  4  2 -2 -1 -3 -1  1 -2 -3 -2  1 -1 -3 -2 -2    1  10   5   3   0  32  15   2   0   1   7   8   0   0   1  13   2   0   0   1  0.39 0.17
   97 M   -2 -3 -3 -4 -2 -3 -3 -4 -3  1  3 -3  5  3 -3 -3 -2 -2 -1  1    1   1   0   1   0   0   1   1   0   5  37   1  26  15   1   1   1   0   0   9  0.61 0.24
   98 D    1 -2  1  5 -3  0  3 -1 -2 -3 -1 -1 -2 -3 -2 -1 -1 -4 -3 -3   13   1   5  35   0   3  27   2   0   1   6   1   0   0   1   1   3   0   0   1  0.54 0.22
   99 H    1  3  1  0  1  1  0 -1  3 -3 -2  2 -2 -3 -1  1 -1 -3 -1 -2   11  18   6   3   4   5   2   4  12   1   2  15   0   0   3  10   1   0   2   1  0.23 0.12
  100 N   -1  2  1  0 -3  1  3 -1  0 -2 -3  1 -2 -3 -2  2  0 -3 -2 -2    1  11   6   4   0   3  29   4   2   3   1   7   0   0   1  23   4   0   0   1  0.33 0.17
  101 I   -2 -4 -4 -4 -2 -3 -4 -4 -4  6  0 -3  2 -2 -3 -3 -2 -3 -3  3    1   1   0   1   0   0   1   1   0  61   1   1   4   0   1   1   1   0   0  25  0.91 0.31
  102 Q   -2  1  0  1 -1  3  1 -2  3 -2 -2  1  0 -3  1 -1 -2 -3 -2  0    1   5   4   8   2  23  11   1  11   1   4   9   4   0   7   1   1   0   0   9  0.28 0.15
  103 P    2 -2  0 -2 -2  0 -1  0  1 -2 -1 -1 -2 -3  5  0  0 -3 -2 -2   20   1   5   1   0   5   3   6   3   1   9   1   0   1  32   7   5   0   0   1  0.50 0.18
  104 T   -1  3  0 -1 -3  2  0  3 -1 -3 -3  1 -2 -3  0  1  0 -3 -3 -3    3  26   4   2   0   9   4  24   0   1   1   4   0   1   4  10   4   0   0   1  0.34 0.15
  105 L    1 -2 -3 -3 -2 -2 -2 -2 -1  0  2 -2  1  1  2 -1 -1 -2 -1  2   17   1   1   1   0   1   2   2   2   1  27   1   3   6   9   2   1   0   0  24  0.21 0.13
  106 V    0 -3 -3 -3 -2 -2 -3 -3 -3  1  0 -3  2 -2 -3 -1  1 -3 -2  5    8   1   1   1   0   1   1   1   0   5   3   1   8   0   1   3   8   0   0  58  0.52 0.24
  107 R   -1  1  5  2 -3  2  1 -2  1 -3 -3 -1 -2 -3 -2  0 -1 -3 -2 -2    5   7  36  14   0  13   8   1   3   1   1   1   0   0   1   6   1   0   1   2  0.47 0.19
  108 Q   -1  0  4  3 -3  1  1  1  0 -3 -3  0 -3 -3 -2  1 -1  0 -2 -3    1   5  25  22   0   6   7  10   2   1   1   3   0   0   1  12   1   1   1   1  0.39 0.15
  109 L   -2 -3 -4 -4 -2 -3 -3 -4 -4  1  5 -3  0 -1 -3 -3 -2 -3 -2  1    1   1   0   1   0   0   1   1   0   3  77   1   0   0   1   1   1   0   0  11  0.81 0.28
  110 A    3 -1 -2 -3 -2 -2 -2 -2  0  0 -1 -2  0 -2 -2  1  1 -3 -2  3   36   2   0   1   0   0   1   1   3   2   3   1   2   0   1   8   8   0   0  30  0.31 0.19
  111 A    1  1 -1  0 -3  4  2 -2 -1 -2 -1  1  2 -3 -2  0 -1 -3 -2 -1   13   9   2   3   0  25  15   1   0   2   6   5   7   0   1   6   2   0   0   2  0.26 0.15
  112 Q   -1  1  0 -1 -3  4  1 -2  5  0 -3  1 -2 -3 -2 -1 -2  0 -1 -2    6   8   5   1   0  30   6   1  19   8   1   9   0   0   1   2   1   1   0   1  0.45 0.21
  113 F   -3 -3 -4 -4 -3 -3 -4 -4 -3  0  3 -4  0  7 -4 -3 -3 -1  0 -1    1   1   1   1   0   1   1   1   0   4  30   1   2  54   1   1   1   0   0   1  0.96 0.32
  114 M   -2  3 -2 -3  1  1 -2 -2 -2  0  2 -1  4 -2 -3 -1 -1 -3 -2  1    0  25   0   0   3   8   0   2   0   4  19   0  20   0   0   6   4   0   0   8  0.34 0.22
  115 N   -2  0  6  1 -3 -1 -1 -2 -1 -2 -2  0 -1 -3 -3  0 -1 -4 -3 -1    2   3  56   6   0   0   2   1   0   1   5   7   2   0   0   5   3   0   0   4  0.72 0.30
  116 G    0  1  0  0 -3  0  3 -1  0 -1 -2  0 -1 -2  2  0  0 -3  0  0    7   9   2   2   0   3  27   5   2   3   1   3   2   0   9   8   5   0   4   7  0.19 0.12
  117 S   -1 -1  5  0  0  0 -1  1  0 -1 -3 -1 -3 -4 -1  3  1 -4 -3 -3    1   2  33   3   2   3   0  11   3   5   0   0   0   0   3  26   6   0   0   0  0.44 0.23
  118 L    0 -1 -3 -3 -2 -2 -3 -3 -3  1  4 -2  1  0  0 -1 -2 -3 -2  1    6   4   0   1   0   0   1   1   0   3  58   2   2   3   5   5   1   0   0   7  0.41 0.21
  119 S    0 -2  0 -2  2  1 -2  0 -2 -3 -1 -2  1 -3  1  4  1  2 -3 -1    5   0   3   0   5   6   0   6   0   0   4   0   4   0   6  47   5   3   0   3  0.38 0.27
  120 E   -1  1  0 -1 -4  3  4 -1 -2 -4 -1  0 -2 -4  1  0 -1 -4 -1 -3    4   7   3   0   0  12  41   6   0   0   6   4   0   0   7   4   3   0   3   0  0.44 0.27
  121 E   -1 -2 -2  0 -4  3  4 -1  1 -4 -3  0  1 -3 -3  0  1  6 -2 -3    3   0   0   3   0  14  40   3   3   0   0   3   5   0   0   7   8  11   0   0  0.62 0.34
  122 D   -1 -2 -1  4 -4  0  4 -1  1 -3 -3  0 -3 -1 -3 -1 -2  6 -2 -1    4   0   1  25   0   2  28   4   3   0   2   5   0   2   0   3   0  12   0   7  0.56 0.28
  123 K   -3  4 -3 -3 -3 -1 -2 -4 -3  3 -2  1  1 -2  1 -2  0  5 -2 -1    1  31   0   0   0   2   1   1   0  27   1   7   4   0   7   1   6  10   0   2  0.56 0.29
  124 R    0  3 -1 -1 -3 -1  0 -2 -2  0 -2  1  1 -3 -3  0  3 -4 -3  0    8  23   2   2   0   0   7   2   0   7   2   7   4   0   0   3  26   0   0   5  0.29 0.22
  125 N   -2  4  1  1 -2  3  0 -2  3 -3 -2  1  0 -3 -3  0 -2 -1 -1 -3    1  25   7   8   1  14   4   3  10   0   4   7   3   0   0   8   0   1   2   1  0.35 0.20
  126 C   -2  0 -2 -1  6  0 -1 -2  6 -3  0 -2 -2 -1 -4  0 -2 -3  3 -2    0   7   0   4  18   4   3   2  27   0  11   0   0   2   0   8   0   0  11   2  0.62 0.31
  127 L   -3 -4 -4 -5 -3 -4 -4 -5 -4  0  5 -4  4  2 -4 -1 -3 -3 -2  0    0   0   0   0   0   0   0   0   0   3  65   0  11   8   0   6   0   0   0   4  0.86 0.37
  128 A    3  1  0  0 -3 -2 -1 -1 -3 -3 -2 -1 -1 -4 -2  3  0 -4 -3  0   30  10   4   4   0   0   1   2   0   0   3   2   1   0   0  34   2   0   0   6  0.41 0.27
  129 K    1  2  1  1 -3  1  2 -2  2 -3 -2  1 -1 -2 -2  0  1 -3 -2 -2   16  10   8   6   0   7  17   1   5   0   3   7   2   1   0   6   8   0   0   0  0.22 0.15
  130 A    4 -2 -2 -3 -2 -2  1  0  1 -2 -3 -2 -1 -3 -3  0  1 -4 -3  2   44   1   0   0   0   0  12   5   5   0   0   0   1   0   0   3  10   0   0  16  0.44 0.29
  131 L   -3 -4 -5 -5 -3  0 -4 -5 -5  0  3 -4  2 -2 -5 -4 -3 -4 -3  5    0   0   0   0   0   6   0   0   0   0  35   0   6   0   0   0   0   0   0  53  0.97 0.44
  132 D   -2  1 -1  1 -5  3  5 -2 -2 -1 -4  1  0 -4 -3  0  0 -4 -4 -3    0   8   1   7   0  14  41   3   0   4   0   7   2   0   0   7   4   0   0   0  0.59 0.31
  133 E    0  1 -1  0 -4  4  3  1  0 -2 -3  0 -2 -4 -3 -1 -1  0 -3 -1    6   9   2   4   0  26  19  14   2   2   0   4   0   0   0   2   2   2   0   7  0.38 0.24
  134 V    0 -3 -4 -4 -3 -1 -4 -2 -4  2  4 -3  3 -2 -4 -3 -2 -3 -3  3    9   0   0   0   0   3   0   2   0   9  44   0   9   0   0   0   0   0   0  24  0.54 0.22
  135 K    0 -1 -4 -4  0  0 -3 -3 -3  1  2  1  6 -2 -4 -3 -1 -4 -3  2    9   2   0   0   2   3   0   1   0   4  18   9  36   0   0   0   3   0   0  14  0.54 0.26
  136 T   -1  3  1 -1 -4  5  0 -2  3 -2 -2  1 -2 -4 -1  0 -1 -4 -3 -2    2  20   5   2   0  36   2   1   7   3   3   6   0   0   2   4   4   0   0   2  0.50 0.23
  137 A    2  0 -1 -3  1  1 -2 -1  2 -2 -1 -1 -2 -3 -1  0  3 -4 -1  0   26   4   1   0   3   6   0   2   6   0   4   2   0   0   2   4  31   0   2   7  0.30 0.19
  138 F   -1 -4 -3 -3  3 -3 -4  2  0  2 -1 -3  2  2 -4 -2 -2  0  3  2    1   0   0   1   9   0   0  21   2  14   0   0   9   7   0   0   1   1  15  17  0.37 0.19
  139 P    0 -4 -4 -4 -4 -4 -4 -2 -4 -3  1 -3  0 -4  7 -1 -3 -5 -5 -3    7   0   0   0   0   0   0   2   0   0  17   0   3   0  68   3   0   0   0   0  1.67 0.43
  140 R    0  1 -1  0 -3  1  1 -1  0 -2 -1  1  0 -1  1  1  0 -3 -2 -2   10   9   0   5   0   8  11   3   3   1   7  12   3   2   8  14   5   0   0   1  0.16 0.09
  141 D   -2 -3 -1  6 -5  0  2 -1  5 -5 -5 -2 -4 -5 -4 -2 -3 -5 -1 -5    3   0   0  61   0   3  11   5  15   0   0   0   0   0   0   0   0   0   2   0  1.20 0.37
  142 M   -3 -4 -4 -5 -4 -3 -2 -5  2  0  3 -4  8  1 -5 -4 -3 -4 -2  1    0   0   0   0   0   0   2   0   7   2  23   0  51   6   0   0   0   0   0   9  1.09 0.39
  143 E   -2  0 -2  2 -5  0  5 -2 -1 -4 -4  1 -4 -5  3 -1 -2 -5 -4 -4    2   4   0   9   0   0  52   2   1   0   0   7   0   0  16   4   1   0   0   0  0.82 0.29
  144 N   -3  3  3 -1 -4  5  0 -3  0 -3 -2  3 -1 -4 -3 -2 -1 -4 -3 -2    0  14  16   1   0  37   3   0   2   1   4  17   2   0   0   0   2   0   0   2  0.68 0.28
  145 D   -2 -3 -3  0 -6  1  7 -5 -3 -6 -5 -2 -5 -6 -4 -3 -3 -5 -5 -5    2   0   0   2   0   3  93   0   0   0   0   0   0   0   0   0   0   0   0   0  1.83 0.53
  146 K   -3  4 -2 -3 -5  2 -1 -4 -3 -4 -1  6 -1 -5 -3 -2 -3 -5 -4 -4    0  21   0   0   0   7   0   0   0   0   6  64   1   0   0   0   0   0   0   0  1.12 0.38
  147 A    4 -3 -1 -3 -2 -3 -3 -1 -3  0 -1 -2  1 -3 -3 -1  3 -4 -3  3   39   0   2   0   0   0   0   3   0   1   5   1   3   0   0   0  19   0   0  26  0.46 0.25
  148 M   -2 -2 -3 -4 -3 -1 -1 -4 -3  2  1  0  7 -2 -4 -1  1 -4 -3  0    2   1   0   0   0   2   5   0   0  14  12   7  38   0   0   5  10   0   0   3  0.55 0.27
  149 L   -3 -4 -5 -6 -3 -4 -5 -6 -5  0  5 -4  5 -2 -5 -4 -3 -4 -3  1    0   0   0   0   0   0   0   0   0   2  77   0  14   0   0   0   0   0   0   7  1.16 0.37
  150 I    3 -4 -4 -4 -2 -3 -3 -3 -4  3  1 -3  4 -2 -3 -2 -1 -4 -3  3   30   0   0   0   0   0   0   0   0  19   8   0  12   0   0   0   2   0   0  29  0.54 0.24
  151 M   -2 -4 -5 -5  0 -4 -4 -5 -4  1  5 -4  3  1 -5 -4 -1 -3 -2 -1    2   0   0   0   2   0   0   0   0   7  70   0   9   6   0   0   3   0   0   1  0.89 0.31
  152 T    4 -3 -2 -3 -3 -3 -3 -3 -4 -2 -3 -3 -3 -4 -3  1  5 -5 -4 -1   38   0   0   0   0   0   0   0   0   2   0   0   0   0   0   8  51   0   0   2  0.91 0.36
  153 M   -4 -4 -5 -6 -4 -3 -5 -5 -4 -1  3 -4  9  3 -5 -4 -3 -3 -2 -2    0   0   0   0   0   0   0   0   0   1  24   0  63  12   0   0   0   0   0   0  1.59 0.48
  154 L   -1 -3 -3 -4 -2 -1 -3 -4  1  1  3 -3  1 -1 -3 -1  2 -3 -2  3    2   0   0   0   0   2   0   0   4   3  38   0   4   1   0   5  18   0   0  24  0.42 0.21
  155 L   -4 -4 -5 -6 -3 -4 -5 -6 -5  0  6 -5  3 -2 -5 -5 -3 -4 -3 -1    0   0   0   0   0   0   0   0   0   0  89   0   6   0   0   0   0   0   0   2  1.32 0.42
  156 A    4 -3 -3 -4 -2 -3 -3 -3 -4  0 -1 -3  2 -3 -3 -1  2 -4 -3  3   48   0   0   0   0   0   0   0   0   2   3   0   5   0   0   0  18   0   0  24  0.61 0.29
  157 K   -3  3 -3 -3 -6  0 -2 -4 -3 -5 -5  7 -4 -6 -4 -3 -3 -5 -4 -5    0  14   0   0   0   3   0   0   0   0   0  83   0   0   0   0   0   0   0   0  1.60 0.48
  158 K   -1  1 -1 -3 -4 -1 -1  2 -3 -4 -4  6  1 -5 -3 -1  0 -5 -4 -4    3   6   2   0   0   1   2  16   0   0   0  60   4   0   0   2   5   0   0   0  0.80 0.31
  159 V   -1 -4 -5 -5 -3 -4 -4 -5 -5  3  0 -4 -1 -3 -4 -2 -1 -5 -3  6    3   0   0   0   0   0   0   0   0  18   4   0   0   0   0   3   3   0   0  69  1.00 0.33
  160 A    5 -4 -4 -4  7 -3 -4 -3 -4 -2 -2 -3  0 -4 -3 -1 -1 -5 -4  2   55   0   0   0  25   0   0   0   0   0   1   0   2   0   0   0   2   0   0  15  1.02 0.35
  161 S   -1 -2  4  3 -4  0  3 -2 -2 -4 -3  0 -3 -4 -3  0  1 -5 -3 -2    3   0  29  17   0   3  26   1   0   0   2   3   0   0   0   5   7   0   0   3  0.56 0.22
  162 H   -3  2  1 -3 -4  3 -2 -4  7 -3 -2 -1  0 -2 -1 -1  2 -4  0 -2    0  11   5   0   0  13   0   0  40   1   4   2   3   1   2   2  13   0   2   2  0.75 0.29
  163 A    2 -2 -3 -3  1 -2 -2 -3 -3 -1 -1 -1  4 -3 -3  0  3 -4 -3  2   24   1   0   0   2   0   1   0   0   0   0   4  18   0   0   5  28   0   0  18  0.46 0.25
  164 P   -4 -5 -5 -4 -6 -4 -4 -5 -5 -6 -6 -4 -5 -7  9 -4 -4 -7 -6 -5    0   0   0   0   0   0   0   0   0   0   0   0   0   0 100   0   0   0   0   0  3.07 0.62
  165 S    1  1  0  0 -3  1 -1 -2  0 -4 -3 -1 -3 -3  0  5  0 -4 -2 -3    9   8   3   5   0   7   2   0   2   0   2   0   0   1   4  53   3   0   1   1  0.52 0.25
  166 L   -3 -2 -5 -5 -3 -4 -5 -5 -4  0  5 -4  1  2 -5 -3 -2 -3 -2 -1    0   2   0   0   0   0   0   0   0   1  81   0   2   9   0   1   2   0   0   1  1.06 0.34
  167 L   -4 -4 -6 -6 -1 -4 -5 -6 -5 -1  6 -5  0  0 -5 -5 -3 -4 -3 -1    0   0   0   0   1   0   0   0   0   0  96   0   0   3   0   0   0   0   0   0  1.45 0.42
  168 R   -3  5 -2 -3 -1  4 -2 -3  4 -2 -4 -1 -3  1  1 -3 -3 -4 -2 -4    0  43   0   0   2  24   0   1  14   2   0   0   0   8   6   0   0   0   0   0  0.87 0.33
  169 D   -2  2  2  4 -1  0  0  1  0 -2 -3  0 -2 -4 -1  1 -1 -4 -3 -2    1  17  11  26   2   4   4  12   2   2   0   4   1   0   2  10   2   0   0   2  0.34 0.15
  170 V   -2 -4 -5 -5 -3 -4 -4 -5 -5  3  3 -4  0 -2 -4 -4 -2 -4 -3  5    2   0   0   0   0   0   0   0   0  18  25   0   0   0   0   0   1   0   0  54  0.86 0.29
  171 F   -5 -5 -6 -6  1 -6 -6 -6 -4 -2 -2 -6 -2  9 -6 -5 -5 -2  2 -2    0   0   0   0   3   0   0   0   0   1   0   0   0  89   0   0   0   0   5   3  2.12 0.51
  172 H   -2  4  2 -1  1  1  0 -1  5 -4 -4 -1 -3 -3 -3  1  0 -4 -1 -2    0  26  12   2   4   6   5   5  16   0   0   0   0   0   0  16   3   0   1   3  0.43 0.20
  173 T    1 -1 -2 -3 -3 -2 -3 -1 -3 -1 -2 -2 -2 -4 -3  0  6 -4 -3  1   11   3   0   0   0   0   0   3   0   1   2   0   0   0   0   3  65   0   0  10  0.83 0.32
  174 T    2 -3 -3 -3 -3 -3 -3 -3 -4 -2 -1 -3 -2 -1 -3  0  6 -4 -3  0   22   0   0   0   0   0   0   0   0   0   7   0   0   3   0   1  61   0   0   6  0.84 0.34
  175 V   -2 -4 -5 -5 -3 -4 -4 -2 -5  1  1 -4  2  0 -4 -3 -1 -4 -3  6    0   0   0   0   0   0   0   3   0   0  14   0   4   4   0   0   4   0   0  71  0.91 0.33
  176 N   -3  1  6  1 -4  4  0 -1  1 -5 -5  0 -3 -5 -3 -1  0 -5 -3 -4    0   5  46   7   0  22   3   4   3   0   0   3   0   0   0   1   5   0   0   0  0.83 0.29
  177 F   -4 -4 -5 -5  0 -4 -4 -5 -2 -1  0 -1 -2  6 -5 -4 -4 -1  7 -2    0   0   0   0   2   0   0   0   0   3   6   5   0  44   0   0   0   0  40   1  1.36 0.37
  178 I   -3 -5 -5 -5 -3 -4 -5 -6 -5  7  1 -4  3  0 -5 -4 -3 -4 -3  2    0   0   0   0   0   0   0   0   0  76   8   0   7   3   0   0   0   0   0   6  1.19 0.35
  179 N   -2 -1  7  1 -4 -2  0  0 -1 -4 -4 -2 -3 -4 -3  2  1 -5 -4 -4    0   1  62   4   0   0   4   4   0   0   0   0   0   0   0  14   9   0   0   0  0.99 0.29
  180 Q   -3  2  0 -2 -5  7  0 -3  2 -5 -4 -1 -2 -5 -3  0 -2 -4 -2 -4    0   8   4   0   0  75   0   0   4   0   0   0   0   0   0   7   0   0   1   0  1.27 0.36
  181 N   -3  0  6  0 -4  3 -1 -2  1 -5 -4  1 -3 -4 -3 -1 -2 -5 -2 -4    0   3  61   3   0  16   0   0   4   0   0  10   0   0   0   1   0   0   1   0  0.97 0.27
  182 L   -3 -1 -4 -5 -3 -1 -4 -5 -3  0  5 -3  1  2 -4 -4 -3 -2  1 -1    0   3   0   0   0   4   0   0   0   0  79   0   0   9   0   0   0   0   5   0  0.78 0.23
  183 F   -3  1 -2 -3  1  0 -2 -4  6 -1  2 -2 -1  3  0 -2 -2 -2  0 -2    0  11   0   0   4   4   0   0  30   2  27   0   0  18   4   0   0   0   0   0  0.47 0.18
  184 S    2 -2  4  1 -3 -1 -1 -1 -2 -2 -3 -1 -2 -4  2  0  2 -4 -3 -2   24   0  28   7   0   0   1   2   0   1   0   0   0   0  12   3  21   0   0   0  0.45 0.16
  185 Y   -3 -4 -4 -3  6 -3 -4 -5  0 -3 -3 -4 -3  2 -5 -2 -3  0  8 -3    0   0   0   1  18   0   0   0   1   0   0   0   0   4   0   2   0   0  73   0  1.63 0.36
  186 V   -2 -4 -4 -4 -2 -3 -4 -4 -4  4  2 -3  2  0 -4 -3 -1 -3 -2  4    0   0   0   0   0   0   0   0   0  26  13   0   8   4   0   0   2   0   0  49  0.63 0.19
  187 R   -1  5  1 -1 -3  1  1 -3  0 -1 -2  0 -1 -1 -3 -1  0 -3 -2  1    4  42   6   1   0   4  12   0   2   1   1   0   1   4   0   0   4   0   0  16  0.37 0.16
  188 N   -2  3  6  2 -4 -1  0 -1  0 -4 -4 -1 -3 -4 -3  0  0 -5 -3 -4    0  21  47  12   0   0   4   2   2   0   0   0   0   0   0   5   7   0   0   0  0.72 0.21
  189 L   -3 -3 -5 -5 -3 -3 -4 -5 -4  1  5 -4  6 -1 -4 -4 -2 -3 -2  0    0   0   0   0   0   0   0   0   0   1  72   0  26   0   0   0   0   0   0   0  0.99 0.26
  190 V    2 -3 -3 -4 -2 -3 -3 -3 -3  2  2 -3  0 -2 -3 -1  0 -3 -2  3   26   0   0   0   0   0   0   0   0  15  17   0   1   0   0   0   4   0   0  37  0.37 0.13
  191 R   -2  6  2 -1 -4  3 -1 -1 -1 -4 -3  1 -2 -4 -3 -2 -2 -4 -3 -4    0  73  10   1   0  13   0   3   0   0   0   0   0   0   0   0   0   0   0   0  0.98 0.20
  192 N   -2 -1  7  2 -4 -1 -1 -2  0 -4 -5 -1 -3 -4 -3  1 -1 -5 -3 -4    0   1  82   7   0   0   0   0   1   0   0   0   0   0   0   8   0   0   0   0  1.13 0.20
  193 E   -1 -1 -1  2 -4  1  5  2 -1 -4 -4  0 -3 -4 -2  0 -2 -3 -3 -3    0   0   0   7   0   1  67  16   0   0   0   2   0   0   0   2   0   0   0   2  0.69 0.14
  194 M   -2  0 -3 -4 -2  0 -3 -4 -3  0  1 -2  8 -1 -3 -2  0 -3 -2  1    0   7   0   0   0   2   0   0   0   1   4   0  74   0   0   0   4   0   0   8  0.78 0.19
  195 D   -2 -2  1  7 -4 -1  2 -2 -2 -4 -4 -1 -4 -4 -2 -1 -2 -5 -4 -4    0   0   4  85   0   0  11   0   0   0   0   0   0   0   0   0   0   0   0   0  1.13 0.13

                      K         Lambda
Standard Ungapped    0.1311     0.3162
Standard Gapped      0.0501     0.2670
PSI Ungapped         0.1646     0.3123
PSI Gapped           0.0501     0.2670
