
Last position-specific scoring matrix computed, weighted observed percentages rounded down, information per position, and relative weight of gapless real matches to pseudocounts
           A  R  N  D  C  Q  E  G  H  I  L  K  M  F  P  S  T  W  Y  V   A   R   N   D   C   Q   E   G   H   I   L   K   M   F   P   S   T   W   Y   V
    1 M   -2 -3 -4 -5 -3 -2 -4 -4 -3  1  2 -3  9 -1 -4 -3 -2 -3 -2  0    0   0   0   0   0   0   0   0   0   4   9   0  85   0   0   0   0   0   0   2  1.35 0.27
    2 S    2 -2  2 -1  4 -1 -2 -1 -2 -3 -3 -2 -3 -4 -2  5  0 -4 -3 -2   18   0  10   2  10   0   0   0   0   0   0   0   0   0   0  59   2   0   0   0  0.62 0.18
    3 G    0 -2 -1  1 -1 -2 -1  4 -1 -3 -3 -2 -3 -4 -1  2 -1 -4 -3 -2    6   0   0   8   1   0   3  47   2   0   1   0   0   0   1  28   1   0   0   2  0.57 0.13
    4 C    2 -2 -1 -3  7 -1 -2 -2 -3 -1 -2 -2 -1 -3 -1  2  0 -4 -3 -1   20   1   2   0  37   3   2   1   0   2   2   1   1   0   3  18   5   0   0   3  0.64 0.17
    5 D    0  1  1  2 -1  1  2 -1  3 -2 -2  1 -2 -2 -2  1  0 -3  0 -2    5   8   6  17   2   6  14   2   9   1   3   6   0   0   1  11   3   0   4   3  0.20 0.07
    6 A    3 -1  0 -1 -2  0  0  1 -2 -2 -1  0 -1 -3  0  1  1 -4 -3 -2   44   0   4   3   0   3   3   7   0   1   5   7   1   0   3  11   7   0   0   0  0.28 0.13
    7 R    2  1 -1 -1 -3  1  0 -1 -1 -2 -2  0  2 -3  4  1  0 -4 -3 -2   19   6   2   1   0   9   6   4   0   0   2   5  10   0  21   9   4   0   0   0  0.33 0.12
    8 E    0 -1  1  2  0  1  3 -1  0 -2 -2  0 -1 -3  0  1  0 -3 -2 -1    7   1   6   9   2   7  28   3   3   1   1   6   2   0   3   9   7   0   1   3  0.23 0.09
    9 G    1 -2  2 -1 -3 -1 -1  4 -2 -2 -3 -2 -3 -4  0  0  0 -4 -3 -1   13   0  10   2   0   2   3  42   1   2   2   0   0   0   4   7   5   0   0   5  0.43 0.14
   10 D    0 -2  3  5 -4  0  2 -1 -1 -3 -3 -1 -3 -3 -1  0  1 -4 -3 -2    6   0  14  38   0   4  10   2   0   1   1   2   0   1   2   7   9   0   0   2  0.51 0.17
   11 C    0 -2  4  0  5 -2 -1  0 -2 -3 -3 -2 -2 -4 -1  2  1 -1 -3 -2    6   1  31   3  18   0   2   4   0   1   1   1   1   0   2  17  10   1   0   1  0.51 0.20
   12 C    1 -2  3  0  4  1  0  0  1 -1 -3 -1 -2 -3 -1  1 -1 -4 -3 -1   18   1  23   3  12   8   4   4   3   3   1   1   0   1   3  12   0   0   0   4  0.28 0.14
   13 S    0 -2  1  5 -4  0  0 -2  0 -3 -3 -1 -1 -4 -1  2 -1 -4 -4 -3    7   1   4  47   0   5   4   0   2   0   3   1   2   0   3  19   1   0   0   1  0.65 0.23
   14 R    1  2 -1  1  0  2  1 -2  5 -3 -3 -1 -2 -2 -2  0 -1 -3  1 -3   17  12   1  10   2  11   8   0  20   0   0   1   0   0   1   7   3   0   7   0  0.34 0.16
   15 R   -2  2 -3 -3 -3 -1 -3 -3 -3 -1  5 -1  0 -1 -3 -2 -2 -1 -1 -1    3  15   1   1   0   3   0   2   0   1  65   3   0   1   1   2   1   1   2   1  0.59 0.26
   16 C   -2 -3 -1 -1  4 -2 -1 -2 -4  3  0 -3  1 -2 -4 -1 -1 -2 -2  4    1   0   2   3  10   1   4   3   0  14   2   0   3   0   0   5   1   0   1  48  0.47 0.22
   17 G   -1  1  0  0 -2  2  2  0  1 -1 -1  0 -1 -3 -2  0  1 -3 -1 -1    3   8   3   4   0  12  13   9   4   5   6   5   0   0   1   7  15   0   1   4  0.13 0.09
   18 A    2 -3 -1 -1 -3 -2 -1 -2 -3 -4 -3 -1 -3 -1 -3  6 -1 -5 -4 -3   13   0   1   2   0   1   4   2   0   0   2   2   0   3   0  69   1   0   0   1  0.88 0.37
   19 Q   -1  0  2  2 -4  3  1 -1  0 -3 -4  2 -2 -4 -1  1  1 -4 -2 -3    3   2   9  14   0  18   9   4   1   1   0  14   0   0   2  12   9   0   1   0  0.35 0.18
   20 D   -1 -3  1  7 -5 -1  0 -3 -1 -4 -4 -2 -4 -5 -2  0 -2 -6 -5 -1    5   0   5  68   0   2   4   1   1   0   1   0   0   0   1   5   1   0   0   5  1.22 0.40
   21 K    0 -2 -3 -2 -2 -1  0 -3 -2 -3 -1  2 -3 -1  6 -1 -2 -5 -4  0    8   1   0   1   1   2   7   0   1   0   6  13   0   3  44   3   2   0   0   9  0.80 0.28
   22 E   -2  0  2  1 -3  2  5 -3  1 -2 -1  1 -2 -4 -3  0 -1 -4 -3 -3    1   3   9   8   0   8  42   0   3   3   6   9   0   0   0   4   3   0   0   1  0.53 0.25
   23 H   -3 -3 -1  1 -5 -1  1 -4 10 -5 -5 -1 -4 -4 -4 -1 -1 -5 -2 -4    2   0   2   6   0   2   8   0  66   0   0   4   0   0   1   4   4   0   0   1  1.72 0.52
   24 P   -1 -5 -4 -4 -1 -4 -2 -4 -2 -5 -5 -4 -5 -6  8 -3  1 -6 -5 -1    5   0   0   0   1   0   3   1   1   0   0   0   0   0  74   0  10   0   0   4  1.95 0.54
   25 R    4  5 -2 -3 -4 -1 -2 -2 -3 -4 -4  2 -3 -2 -3  0 -2 -5 -4 -2   37  34   1   0   0   2   0   1   0   0   1  14   0   2   0   6   0   0   0   2  0.74 0.35
   26 Y   -1 -1  6  0 -4  0  2 -3  0 -2 -4  1 -3 -3 -3  0 -1 -5 -1 -1    6   3  45   4   0   3  12   0   2   2   1   7   0   1   0   5   3   0   2   6  0.61 0.30
   27 L   -4 -4 -5 -5 -4 -2 -5 -6  0 -1  6 -4  0 -2 -5 -4 -1 -4 -3  0    0   1   0   0   0   2   0   0   2   1  84   1   1   0   0   0   4   0   0   4  1.23 0.45
   28 I   -2 -3 -5 -5 -3 -5 -5 -5 -5  7 -1 -4  1  0 -5 -4 -3 -4 -3  2    3   1   0   0   0   0   0   0   0  73   2   0   2   3   0   0   0   0   0  13  1.32 0.44
   29 P    1 -4 -4 -4  7 -4 -4 -4 -4 -1 -2 -4 -4 -5  6  0 -2 -5 -5 -1   12   0   0   0  22   0   0   0   0   3   5   0   0   0  45   7   1   0   0   3  1.29 0.42
   30 E   -1 -2 -2  1 -5  2  6 -3 -3 -5 -5 -1 -4 -5 -3  2  0 -5 -3 -4    4   1   1   7   0   7  54   1   0   0   0   2   0   0   0  18   5   0   0   0  0.92 0.39
   31 L   -4 -5 -6 -6 -4 -5 -5 -6 -5  0  6 -5  1 -2 -5 -5 -4 -4 -4 -2    0   0   0   0   0   0   0   0   0   3  92   0   2   1   0   0   0   0   0   0  1.60 0.52
   32 C   -4 -6 -6 -6 11 -6 -6 -6 -6  0 -2 -6  2 -5 -6 -1 -3 -5 -5 -4    0   0   0   0  79   0   0   0   0   6   3   0   5   0   0   4   1   0   0   0  2.77 0.70
   33 K    1  6 -2 -3 -1  1 -1 -2 -2 -3 -2  2 -3 -4 -1 -2 -2 -4 -3 -3   14  45   1   0   2   7   3   3   1   1   3  14   0   0   3   1   1   0   0   1  0.70 0.31
   34 Q   -2  0  0 -2 -3  5 -1 -3  5 -3  1  2 -2 -3 -3 -2 -2 -2 -2 -3    1   4   4   1   1  33   2   2  14   1  16  15   0   0   0   2   1   0   1   1  0.58 0.30
   35 F   -3 -5 -6 -6 -5 -6 -6 -6 -4 -2 -1 -6 -1  9 -6 -5 -5 -2  1 -4    2   0   0   0   0   0   0   0   0   2   3   0   1  87   0   0   0   0   3   0  2.25 0.61
   36 Y   -5 -5 -5 -6 -5 -4 -5 -6 -1 -4 -4 -5 -4  1 -6 -5 -5  6  9 -4    0   0   0   0   0   0   0   0   1   0   0   0   0   4   0   0   0  10  81   0  2.56 0.70
   37 H    0  0  3  1 -3  1  1 -1  4 -3 -3  1 -3 -4 -3  1  3 -4 -1 -2    5   5  14   6   0   5   7   4  14   0   1   7   0   0   0   8  20   0   1   2  0.34 0.20
   38 L   -3 -3  2 -4 -4  1 -3 -4 -2 -1  5 -1  0 -2 -4 -3 -2  2 -3 -2    1   0  11   0   0   9   1   1   1   1  64   3   1   1   0   1   2   3   0   1  0.73 0.35
   39 G   -3 -4  1 -2 -3 -3 -2  7 -4 -6 -6 -2 -5 -6 -5 -3 -4 -5 -5 -6    0   1   8   1   1   0   2  83   0   0   0   2   0   0   0   0   0   0   0   0  1.73 0.52
   40 W   -5 -6 -7 -7 -6 -4 -6 -6 -3 -6 -5 -6 -5 -3 -7 -6 -6 13 -2 -6    1   0   0   0   0   1   0   0   1   0   0   0   0   0   0   0   0  95   0   0  4.48 1.00
   41 V   -1 -4 -4 -5  3 -4 -4 -4 -4  0 -1 -4  5 -1 -4 -3 -2 -4 -3  6    5   0   0   0   6   0   0   1   0   1   3   0  17   3   0   1   0   0   0  61  1.02 0.40
   42 T   -2  2 -2 -3 -1 -2 -3 -3 -3 -3 -3 -1 -3 -4 -2  2  6 -4 -2 -2    2  11   0   0   1   0   0   1   0   0   2   3   0   0   2  16  58   0   2   1  0.92 0.41
   43 G   -3 -4 -3 -2 -5 -4 -4  7 -4 -5 -4 -4 -4  2 -4 -3 -4 -4 -4 -3    1   0   0   2   0   0   0  82   0   0   1   0   0   8   0   0   0   0   0   2  1.65 0.50
   44 T   -3 -4 -1 -3 -4 -3 -3  0 -4 -3 -4 -3 -3 -4 -4  0  7 -5 -4 -2    1   0   2   0   0   0   0   7   0   0   1   0   0   0   0   6  78   0   0   2  1.48 0.54
   45 G   -1 -4 -3 -4 -4 -4 -4  7 -4 -5 -5 -2 -5 -5 -4  0 -3 -5 -5 -5    3   0   0   0   0   0   0  82   0   0   1   2   0   0   0   8   0   0   0   0  1.68 0.50
   46 G   -3 -5 -3 -4 -5 -4 -4  7 -4 -6 -6 -2 -5 -5 -4 -3 -4 -5 -5 -5    1   0   0   0   0   0   0  92   0   0   1   2   0   0   0   0   0   0   0   0  2.07 0.57
   47 G    0 -4  0 -3 -4 -4 -4  6 -4 -5 -5 -4 -5 -5 -4  2 -3 -5 -5 -5    7   0   5   0   0   0   0  68   0   0   1   0   0   0   0  16   0   0   0   0  1.37 0.47
   48 I   -1 -4 -5 -5  2 -4 -5 -4 -4  6  0 -4  4  1 -4 -4  0 -4 -1  1    4   0   0   0   4   0   0   1   0  58   4   0   9   5   0   0   6   0   2   5  0.95 0.40
   49 S    0 -4 -2 -3  4 -3 -3  0 -2 -4 -4 -3 -4 -3 -4  6  2 -5 -4 -4    4   0   0   0   9   0   0   6   1   0   0   0   0   1   0  63  13   0   0   0  1.10 0.50
   50 L   -3 -5 -5 -5  2 -5 -5 -6 -5  7  2 -5  3 -2 -5 -4 -3 -5 -4  1    1   0   0   0   4   0   0   0   0  63  14   0   8   1   0   0   0   0   0   6  1.26 0.47
   51 K   -4  6 -3 -4 -2 -2 -2 -4 -3 -2 -3  6 -4 -5 -4 -3 -3 -5 -4 -4    0  41   0   0   1   0   0   0   0   3   2  47   0   0   0   1   1   0   0   1  1.37 0.53
   52 H   -1  0  1  3 -1  1  0 -3  5 -2  0  0 -1 -2 -3  0 -1 -3  1  0    4   6   6  16   2   8   6   0  17   1   9   5   1   1   0   5   2   0   5   9  0.26 0.19
   53 G   -2 -3  1  4 -1 -2  0  4  3 -5 -4 -2 -4 -5  0 -1 -3 -5 -4 -3    1   1   8  21   1   1   7  37   9   0   1   2   0   0   5   3   1   0   0   2  0.68 0.31
   54 D   -3 -2  3  6 -5  0  1  0  1 -5 -5 -1 -4 -5  0 -1 -3 -5 -4 -5    1   1  13  48   0   4  10   8   3   0   1   3   0   0   5   2   0   0   0   0  0.93 0.38
   55 E   -1  2 -1  0 -3  1  2 -2  4 -2  0  2 -2 -1 -3  0 -1 -3  0 -2    4  10   2   5   0   5  15   2  14   2  13  13   0   2   0   6   2   0   2   1  0.22 0.16
   56 I   -1 -4 -5 -5 -3 -4 -4 -5 -4  6  1 -4 -1 -1 -4 -4 -2 -4  1  4    5   0   0   0   0   0   0   0   0  45  11   0   0   2   0   0   1   0   4  27  0.89 0.37
   57 Y   -3 -4 -4 -5 -4 -4 -4 -5  2  0  0 -4 -1  4 -4 -4 -3  2  8  1    1   0   0   0   0   0   1   1   5   6   6   1   2  14   0   1   1   2  50  10  1.24 0.45
   58 I   -3 -4 -4 -4  4 -4 -4 -3 -4  6  1 -4  4 -1 -4 -4 -1 -4 -2  2    1   0   0   0  10   0   1   2   0  48  10   1  12   2   0   1   2   0   1   9  0.88 0.36
   59 A    6 -3 -3 -4 -2 -3 -3 -2 -4 -3 -3 -3 -3 -4 -1  2  0 -4 -4 -2   65   0   0   0   1   0   1   1   0   0   2   1   0   0   2  17   6   0   0   2  1.00 0.45
   60 P   -3 -5 -5 -5 -6 -4 -4 -5 -5 -5 -6  0 -5 -6  8 -3 -4 -6 -6 -1    2   0   0   0   0   0   0   0   0   0   1   5   0   0  83   2   0   0   0   5  2.46 0.76
   61 S   -2 -4 -3  1 -4 -3 -3 -1 -4 -4 -5  0 -4 -5 -2  7 -1 -5 -5 -5    0   0   0   7   0   0   0   5   0   1   1   4   0   0   1  77   1   0   0   0  1.43 0.61
   62 G   -1 -1 -3 -4 -2 -4 -4  7 -4 -5 -5 -4 -5 -5 -3  0 -4 -5 -5 -4    4   4   0   0   1   0   0  79   0   0   1   0   0   0   1   6   0   0   0   1  1.67 0.59
   63 V   -1 -5 -5 -6 -2 -1 -5 -2 -6  1 -1 -5 -2 -4 -5 -4 -3 -5 -4  7    4   0   0   0   1   3   0   3   0   6   4   0   0   0   0   0   0   0   0  76  1.43 0.58
   64 Q   -4 -3 -4 -4 -6  8  1 -5  0 -6 -4 -3 -4 -6  0 -3 -2 -6 -5 -6    0   0   0   0   0  78   6   0   2   0   2   0   0   0   5   1   3   0   0   0  2.08 0.84
   65 K   -4  0 -4 -4 -6 -2 -3 -2  1 -6 -3  7 -1 -6 -4 -4 -2 -6 -5 -5    0   4   0   0   0   0   0   4   3   0   3  80   1   0   0   0   3   0   0   0  1.76 0.72
   66 E   -2 -4 -4  0 -6 -2  7 -5 -4 -6 -6 -3 -5 -6 -1 -2 -4 -6 -5 -2    4   0   0   4   0   0  81   0   0   0   0   0   0   0   3   3   0   0   0   3  1.83 0.75
   67 R   -4  7 -4 -3 -3  1 -4 -5 -4 -4  2  0  0 -2 -5 -4 -4 -5 -2 -4    0  57   0   2   1   6   0   0   0   0  22   4   3   2   0   0   0   0   1   0  1.29 0.60
   68 I   -4 -5 -6 -4 -5 -5 -5 -6 -5  5  2 -5  8 -3 -6 -5 -2 -5 -1  0    0   0   0   1   0   0   0   0   0  38  13   0  38   0   0   0   2   0   2   3  1.53 0.66
   69 Q   -2  1 -2 -1 -2  5  2 -4 -1 -3 -2  4 -2 -5 -2 -1  0 -5 -4  0    3   7   1   2   1  24  12   0   2   1   4  24   1   0   2   4   5   0   0   7  0.53 0.36
   70 P   -1 -3 -1 -4 -6 -4  0 -3  0 -4 -4 -2 -5 -6  7  0 -2 -6 -5 -3    6   1   3   1   0   0   6   2   3   1   2   2   0   0  63   6   2   0   0   2  1.61 0.69
   71 E   -1 -2  1  3 -1  1  5 -1  1 -4 -4 -1 -4 -5 -4  1  0  1 -3 -3    4   1   5  13   1   4  37   4   3   1   2   2   0   0   0  12   6   2   1   1  0.58 0.37
   72 D   -5 -4  1  7 -6  0  2 -3  4 -6 -6 -4 -6 -3 -5 -4 -4 -6 -5 -3    0   0   7  59   0   4  14   1   8   0   0   0   0   2   0   0   0   0   0   2  1.52 0.67
   73 M   -4 -5 -3 -2 -4 -4 -5 -6 -5  5  3 -5  7 -1 -5 -5 -4 -5 -4  1    0   0   2   2   0   0   0   0   0  34  24   0  27   2   0   0   0   0   0   6  1.21 0.56
   74 F   -3 -6 -6 -6 -1 -6 -6 -6 -1 -3 -3 -6 -4  8 -6 -3 -5 -3  6 -1    2   0   0   0   1   0   0   0   1   1   2   0   0  60   0   2   0   0  23   4  1.93 0.76
   75 V   -2 -5 -6 -6 -4  1 -2 -6 -6  2  0 -2 -1 -4 -5 -5 -2 -6 -5  7    2   0   0   0   0   6   3   0   0   7   6   3   1   0   0   0   2   0   0  69  1.35 0.65
   76 C   -3 -3 -5 -5  3  2 -4 -5 -1  0  4 -4  5  0 -5 -2 -1 -4  1  0    1   1   0   0   7   9   0   0   1   3  39   0  16   3   0   3   3   0   6   7  0.70 0.42
   77 D   -1 -3  3  5 -5 -1  0 -3 -1 -5 -5 -2 -5 -5  1  3  0 -6 -5 -3    4   1  11  34   0   3   6   1   1   0   0   1   0   0   8  21   6   0   0   2  0.75 0.44
   78 I    0 -2 -3 -2 -2 -2 -1 -2 -1  2  3 -3  2  1 -1 -1 -2  1  3 -1    7   2   1   2   1   2   3   3   1  13  30   1   4   5   4   5   1   2  10   3  0.26 0.25
   79 N    0  0  2  3 -4  1  2 -3  0 -3 -5  1 -4 -3  3  1  0 -5 -4 -3    8   5  11  15   0   6  11   1   2   1   0   9   0   1  14   8   4   0   0   2  0.39 0.31
   80 E    0 -1 -1  0 -2  2  2  4 -1 -5 -4 -1 -2 -5 -2  0  2 -5 -4 -4    9   4   2   6   1   9  13  27   1   0   1   2   1   0   1   6  16   0   0   0  0.46 0.37
   81 K   -2  2  1  0 -2  3  1 -2 -1 -3 -3  2 -3 -1  1  0  0 -4 -2 -2    3  12   6   5   1  17  11   3   1   1   2  12   0   2   7   7   5   0   1   2  0.31 0.28
   82 D   -1 -1 -1  3 -4  0  2 -4 -1  1 -2  0 -3 -2 -2 -1  2 -4  0  1    5   3   3  18   0   3  13   0   1  10   2   7   0   2   1   4  12   0   3  12  0.25 0.26
   83 I   -2 -3 -5 -5 -4 -1 -3 -5 -3  3  3 -3  0  0 -1 -3 -1 -3  4  2    2   1   0   0   0   3   2   0   0  18  27   1   1   3   3   1   4   0  17  14  0.56 0.38
   84 S   -1  1 -1 -2 -1  1  1 -3  0 -1  1 -1 -1  0  1  2 -1 -3  1  0    3   7   2   1   1   5  11   0   2   3  14   2   1   4   8  21   3   0   5   5  0.17 0.23
   85 G    0  2 -1 -3  1  0 -1  0 -1 -1  1  0  0 -1 -1  1  0 -3 -1 -1    5  16   2   0   3   3   3   7   2   2  18   6   2   2   3  13   6   0   2   4  0.11 0.16
   86 P    0  0  0  0 -3  1  0  0  2  0 -1  0 -1 -2  1  0  0  3  1  0    6   6   6   6   0   6   6   6   6   6   6   6   0   0   6   6   6   6   6   6  0.08 0.10
   87 S   -1  1 -2 -2 -2 -2 -2 -3 -3 -3 -2  0 -2 -4  6  2  0 -2 -2 -2    4   7   2   1   1   1   2   1   0   1   3   5   1   0  43  18   5   0   1   3  0.87 0.33
   88 P    1 -2 -1  1  0 -1 -1 -1 -3 -2 -1  0 -3 -3  6  0 -1 -4 -3 -2   12   2   2   8   3   2   4   3   0   2   5   5   0   1  39   6   3   0   0   3  0.64 0.24
   89 S    0  1  2  0 -2  0  1 -1  3 -2 -2  1 -1 -2  0  1  0  0  2 -2    6   6  13   2   1   2  10   2  10   2   3   9   1   1   3  15   5   1   8   2  0.18 0.12
   90 K   -1  2 -1 -2 -2  1  0 -2 -2 -3 -2  5 -2 -3  3 -1 -2 -3 -1 -3    5   9   1   1   1   6   3   2   0   1   4  42   1   1  14   4   1   0   2   1  0.56 0.26
   91 K    0  0  3 -2 -3  0 -1  0  1 -1 -2  3 -2 -2  2 -1 -2 -2  2 -1    6   4  16   1   0   2   2   7   3   5   2  26   1   1  10   2   1   0   7   3  0.25 0.18
   92 L   -2 -3 -2 -4 -2 -3 -3 -3 -3  0  4 -2  0  0  2 -1 -2 -3  1  0    1   0   2   0   1   0   0   2   0   4  57   2   0   2  12   4   0   0   6   5  0.57 0.27
   93 K   -3  2 -1  0 -5 -1 -1 -4  1 -4 -4  6 -3 -5 -3 -1  1 -5 -3 -2    1   9   1   5   0   1   1   0   4   0   0  61   0   0   0   3  10   0   0   3  0.94 0.40
   94 K   -2  1 -2 -2  4  0  0 -4 -2 -1 -1  3 -1 -4  5 -2 -2 -4 -4 -1    2   6   1   2  11   4   6   0   0   4   7  21   2   0  29   0   0   0   0   4  0.58 0.26
   95 S   -2 -3 -2 -3 -3 -3 -3 -3 -3 -4 -4 -3 -4 -4 -3  6  1 -5  1  0    0   0   0   0   0   0   0   0   0   0   0   0   0   0   0  79   6   0   6   6  1.28 0.54
   96 Q    3 -2  0  2 -4  5  2 -3 -2 -4 -4 -1 -3 -5 -3  0 -2 -4 -4 -2   27   0   3  14   0  35  12   0   0   0   0   1   0   0   0   4   0   0   0   2  0.71 0.35
   97 C   -3 -6 -5 -6 11 -5 -6 -5 -6 -3 -1 -6 -4 -3 -6 -3 -3  4 -5 -4    2   0   0   0  81   0   0   0   0   1   6   0   0   1   0   1   1   5   0   0  2.80 0.72
   98 T    2 -3 -2 -2  0 -1 -3 -2 -3  0 -2 -3 -2 -4 -3  1  6 -4 -3 -2   15   0   0   1   2   2   0   1   0   5   3   0   0   0   0   8  59   0   0   1  0.86 0.40
   99 P   -3 -5 -5 -4 -5 -3 -4 -3 -5 -5 -5 -1 -5 -6  8 -3 -4 -6 -2 -2    2   0   0   0   0   1   0   2   0   0   0   3   0   0  84   1   0   0   2   3  2.37 0.65
  100 L   -3 -4 -3 -5 -3 -4 -5 -5 -4  1  6 -4  0 -1 -5 -4 -3 -3  1  0    0   0   1   0   0   0   0   0   0   7  80   0   1   1   0   0   0   0   4   3  1.16 0.42
  101 F   -5 -6 -6 -7 -5 -6 -6 -6 -4 -3 -2 -6 -3  9 -7 -5 -5  2  0 -4    0   0   0   0   0   0   0   0   0   0   2   0   0  94   0   0   0   2   0   0  2.64 0.74
  102 M   -1 -3 -1 -5 -4 -2 -4 -5 -3 -1  3 -2  7  1 -5 -1 -3  3  2 -2    4   1   3   0   0   2   0   0   0   1  27   2  37   5   0   5   1   5   7   1  0.82 0.40
  103 N    2 -2  4 -2  2 -2 -1 -2  0 -2 -1  1 -2 -3  0  0 -1  0  0 -2   24   0  28   0   5   0   4   0   2   1   6   8   1   0   4   6   2   2   4   2  0.33 0.24
  104 A    5 -4 -4 -4  3 -3 -3 -3 -4  1 -2 -3 -1 -4 -3  0 -1 -5 -4  0   67   0   0   0   7   0   0   0   0   8   3   0   1   0   0   5   2   0   0   6  0.91 0.42
  105 Y   -4 -4 -5 -5 -5 -4 -5 -5  1 -2 -1 -4  1  5  0 -4 -4 -1  8 -3    0   0   0   0   0   0   0   0   3   2   4   0   3  27   4   0   0   0  54   0  1.57 0.53
  106 T   -2  2  0  1 -4  0  2 -3 -1 -2 -2  2 -3 -4  0 -1  4 -4 -3 -3    1  14   3  10   0   3  13   0   1   2   3  12   0   0   4   2  31   0   0   0  0.42 0.26
  107 M   -2  1 -1 -2 -1  0 -1 -3  0  0  1  1  5 -1  0 -1 -1 -2 -1 -1    2   8   2   1   1   4   4   1   2   5  16  10  27   1   5   2   1   0   2   3  0.28 0.21
  108 R   -3  7  0 -3  0 -1 -2 -4 -3 -5 -4  1 -1 -5 -3 -3 -1 -5 -3 -4    2  74   4   1   2   1   1   0   0   0   1   4   2   0   1   0   4   0   0   0  1.44 0.51
  109 G   -1 -1  4  2  1 -1 -1  4  0 -4 -4  0 -3 -3 -3 -1 -2 -2 -3 -3    3   3  24  15   4   1   3  30   2   0   1   6   1   1   0   2   1   1   0   1  0.51 0.22
  110 A    6 -3 -3 -3 -1 -3 -3 -2 -3 -2 -1 -3  0 -3 -2  0 -2 -4 -2 -2   75   0   0   0   1   0   1   1   0   1   6   1   3   0   1   5   1   0   1   2  0.94 0.39
  111 G   -1 -2 -2 -3 -3 -1 -2  6 -2 -3 -3 -1 -2 -3 -3 -1 -1 -3  0 -1    3   1   1   1   0   3   2  65   1   1   2   3   1   0   1   2   3   0   3   5  0.91 0.30
  112 A    5 -3 -3 -3  6 -2 -1 -1 -3 -3 -3 -2 -3 -3 -2  1 -2 -4 -3 -1   56   1   1   1  19   1   5   2   0   1   1   1   0   0   1   8   1   0   0   3  0.81 0.33
  113 V   -2 -4 -4 -4  8 -4 -4 -4 -4  1 -2 -4 -2 -3 -4 -2  0 -4 -3  5    2   0   0   0  31   0   1   1   0   6   1   0   0   0   0   2   4   0   0  49  1.11 0.39
  114 I   -3 -4 -4 -4 -3 -4 -2 -1 -4  7  1 -4  0 -2 -4 -4 -3 -4 -3  1    1   0   0   0   0   0   3   5   0  71  10   0   2   1   0   1   0   0   0   3  1.03 0.38
  115 H   -4 -1 -2 -4 -5 -2 -3 -4 10 -5 -3 -3 -4 -3 -4 -3 -4 -4  1 -5    1   3   0   0   0   0   1   1  84   0   3   0   0   0   0   1   0   0   3   1  2.52 0.66
  116 T   -2 -3 -2 -3 -3 -2 -1 -2 -3 -2 -3 -2 -3 -3 -3  3  6 -4  0 -2    1   0   0   0   0   0   3   1   0   1   1   0   0   0   0  28  55   0   4   2  0.91 0.40
  117 H   -4 -3 -2 -3 -5 -1 -3 -4 10 -5 -4 -1 -4 -4 -4 -3  0 -4 -1 -5    1   0   0   0   0   2   1   1  82   0   2   3   0   0   0   1   5   0   0   1  2.40 0.64
  118 S   -1 -3 -2 -2 -3 -2 -2  2 -3 -4 -4  0 -3 -4 -2  6 -1 -4 -4 -4    2   0   0   0   0   0   1  16   0   0   1   4   0   0   1  71   0   0   0   1  1.04 0.43
  119 K   -2  0 -2 -3 -4  5 -1 -3  0  1  0  3  3 -3 -1 -1 -2 -3 -3 -1    1   2   0   0   0  33   1   1   3   8   7  22  12   0   3   2   0   0   0   3  0.51 0.28
  120 A    1 -2  3 -1 -2 -1  1 -2  3 -3 -3 -1 -2 -1 -1  0 -1  6  0 -1   15   1  18   1   1   1  13   1  10   1   1   2   0   2   2   8   2  14   3   5  0.39 0.21
  121 A    5 -3 -3  0  2 -2 -2 -1 -3 -3 -3 -2 -3 -4 -3  1 -1 -4 -3 -1   68   0   0   4   4   0   1   3   0   0   1   0   0   0   0   9   2   0   0   4  0.84 0.36
  122 V   -2 -3  1 -2  4 -2 -3 -4 -3  1  0 -3  1  0 -3 -3 -2 -3 -2  5    1   1   7   2  11   1   1   1   0   3   4   1   3   5   1   1   1   0   0  56  0.67 0.30
  123 M   -2 -2 -4 -3 -3 -3 -4 -2 -4  0  4 -2  6 -1 -2 -3 -2 -3 -2 -1    2   2   0   1   0   0   1   4   0   3  50   2  28   1   2   1   1   0   1   1  0.77 0.36
  124 A    4 -3 -3 -4  3 -3 -3 -2 -3  1  0 -3  0 -3 -3 -1 -1 -4 -3  3   38   0   0   0   8   0   1   2   0   9   8   0   2   0   0   1   1   0   0  28  0.49 0.28
  125 T   -1 -3 -2 -3  0 -3 -3 -2 -4 -3 -3 -3 -3 -4 -3  2  7 -4 -4 -2    4   0   0   0   2   0   1   2   0   0   1   0   0   0   0  17  69   0   0   1  1.20 0.51
  126 L   -2 -1 -1 -4 -3  0 -2 -4 -3  0  5 -1  3 -1 -4 -3 -2 -3 -2 -1    2   4   3   1   0   4   2   1   0   2  61   4   9   2   1   1   2   0   0   2  0.62 0.32
  127 L   -2 -4 -4 -4 -3 -3 -4 -5 -1  3  5 -3  1  0 -4 -4 -3 -3 -1  0    2   0   0   0   0   0   1   1   2  17  65   2   2   3   0   1   0   0   2   2  0.84 0.37
  128 F   -2 -3  1 -1  2 -2 -3 -3 -1 -1  0 -3 -2  4 -4 -2 -1  6  4  0    3   0  10   4   5   1   1   1   1   3  10   0   0  17   0   2   2  14  16   7  0.49 0.25
  129 P    0 -1 -1  0 -3 -1  3 -1 -1 -3 -3  1 -3 -3  5 -1  0 -3 -3 -3    6   2   2   3   0   2  24   3   1   1   2   7   0   1  34   4   4   0   1   1  0.68 0.27
  130 G    1 -2  0  3 -2  0 -1  5 -2 -4 -3 -1 -3 -4 -3  0 -1 -4 -3 -3   10   1   4  16   1   5   3  43   1   1   2   2   0   0   1   7   2   0   0   1  0.58 0.26
  131 R    0  1  1  1 -3  0  1  0 -1 -3 -3  4 -3 -4 -1  1  0 -2 -3 -3    5   6   6   6   0   2   7   5   1   0   2  35   0   0   3  13   6   1   0   1  0.36 0.22
  132 E   -2 -2 -2  1  2  0  5 -3 -2 -3 -1 -1 -1 -4 -2 -1  1  1 -2  1    2   0   0   5   5   2  49   1   0   0   6   3   2   0   1   2   8   2   1  10  0.56 0.33
  133 F   -4 -2 -5 -6 -5 -5 -5 -2 -4 -2 -1 -5 -3  8 -6 -5 -4  2  0 -1    0   2   0   0   0   0   0   3   0   2   4   0   0  80   0   0   0   2   0   3  1.90 0.64
  134 K   -2  4 -1 -2  0  0  3 -3  1 -2 -3  2 -2 -4 -1  0  0 -4  0 -1    2  32   1   0   3   2  22   0   3   2   1  10   1   0   2   5   4   0   3   6  0.45 0.28
  135 I   -1 -5 -5 -5  1 -4 -5 -5 -5  7  0 -4  1 -1 -4 -2  0 -4 -3  2    3   0   0   0   3   0   0   0   0  67   5   0   2   2   0   4   5   0   0   8  1.04 0.45
  136 T    0  0  1 -2 -3  0 -1 -2 -3 -1 -2 -1 -3 -4 -3  3  4 -4 -3 -3    6   6   7   1   0   4   2   1   0   3   2   3   0   0   0  29  35   0   0   0  0.54 0.34
  137 H   -3  0  4  0 -2 -1 -1  1  8 -5 -5 -2 -2 -4 -4  0 -2 -5 -1 -5    0   4  22   5   1   1   3  11  41   0   0   1   1   0   0   6   1   0   2   0  1.05 0.45
  138 Q   -3 -2 -3 -4 -4  5 -1 -5  0  3  2 -1  3  1 -1 -3 -2 -4 -3  0    1   0   0   0   0  30   2   0   2  24  18   4   7   6   3   0   1   0   0   2  0.51 0.35
  139 E   -4 -3 -3  0 -6  1  7 -5 -3 -6 -5 -2 -5 -5 -4 -3 -4 -5  0 -5    0   0   0   3   0   3  88   0   0   0   0   0   0   0   0   0   0   0   3   0  1.86 0.70
  140 M   -1  0  0 -2 -2  1 -1 -2 -1  1  1 -1  5 -1 -2 -1 -1 -2  1  2    1   5   5   1   0   9   1   1   0   1   1   1  38   1   1   1   1   0   5  27  0.21 0.12
  141 I   -1 -2 -2 -2  4  0 -2 -3 -2  3  2 -2  1 -1  1 -2 -1 -2 -2  1    1   1   1   1  13   8   1   1   0  36  18   1   5   1   7   1   1   0   0   5  0.20 0.07
  142 K   -1  2 -1 -1  2  1  0 -2 -1 -2  0  4 -1 -2 -1  0 -1 -2 -2 -2    1   9   1   1   8   7   1   1   0   1  12  48   0   1   1   7   1   0   0   1  0.27 0.09
  143 G    2 -4 -3 -4 -4 -4 -4  6  1 -5 -5 -4 -5 -5 -4 -3 -4 -4  0 -5   17   0   0   0   0   0   1  68   4   0   1   0   0   0   0   1   0   0   4   1  1.47 0.55
  144 I   -4 -3 -6 -6 -4 -3 -6 -6 -6  7  1 -5  3  2 -6 -5 -2 -5 -4  2    0   2   0   0   0   1   0   0   0  56  10   0   6   9   0   0   2   0   0  13  1.27 0.60
  145 K   -2  4 -3 -4 -3  1 -1  0 -2 -3 -4  1 -4 -2  5 -2 -3  3  1 -3    3  24   1   0   1   7   3   8   1   2   0   8   0   1  26   2   1   4   6   1  0.68 0.41
  146 K   -3  2  3  2 -2 -1 -1  1 -1 -1 -3  4 -3 -4 -2 -1 -2 -1 -4 -2    1  11  14  12   1   1   1  10   1   4   2  31   0   0   2   3   1   1   0   3  0.47 0.33
  147 C   -1 -1 -1 -1  3  1 -1  4 -1 -2 -1 -2 -3 -2  1  0 -2 -2 -2 -1    4   3   2   4   6   6   3  40   1   3   6   2   0   1   6   5   1   1   1   4  0.42 0.27
  148 T    0 -1  0 -1 -3  1  1  2 -1 -2 -3  2 -1 -1 -1  1  2 -3 -1 -1    5   2   3   2   0   8   9  16   1   2   1  13   1   3   2   9  15   0   1   4  0.19 0.18
  149 S   -1  0  0 -1 -3 -1  0  0 -2 -1  0  2  0 -1 -1  1  3 -3  0 -1    2   4   3   3   0   1   6   9   0   2   9  13   3   2   3  13  20   0   4   4  0.14 0.17
  150 G   -1 -2  2 -1 -4  0 -1  4  2 -3 -4  3 -4 -4 -1 -1 -1 -4 -4 -3    4   1  11   2   0   3   4  38   5   1   2  17   0   0   3   3   3   0   0   2  0.57 0.35
  151 G   -2  2 -2 -2 -4 -1  0  4 -2 -1 -2  2 -1 -4 -1 -1  0 -4 -4 -2    2  14   1   2   0   2   5  35   1   3   4  15   1   0   2   3   5   0   0   2  0.47 0.30
  152 Y    0 -1  3 -1  0  1 -2 -3  0 -3 -2 -1  1  3  0  1  0 -2  3 -3    8   2  20   2   2   6   0   1   2   0   1   2   4  16   4  10   4   0  14   0  0.31 0.25
  153 Y   -2 -3 -1 -3 -3 -1 -1 -4  5  0  3 -3  2  1 -4 -3  0  2  4 -2    3   0   3   0   0   3   3   0  15   4  29   0   7   3   0   0   6   3  20   0  0.46 0.30
  154 R   -1  1  1  0  2  0  0  2  1 -3 -2  2  0 -3 -2  1  0  2 -2 -3    4   7   9   4   5   4   4  16   4   0   4  14   3   0   0  15   4   3   0   0  0.19 0.16
  155 Y   -2 -2  1 -2  3 -1 -2 -3  3  1 -1  0 -1  2  2 -2 -2  5  2  0    1   0   9   0   9   0   1   1   9  10   1  10   0   9  10   1   1   9   9  10  0.24 0.15
  156 D   -2 -1  0  3 -1 -1  0 -2  3 -2 -1 -2 -2  3 -3  0  1  0  3 -1    2   4   2  21   1   2   5   2   8   2   4   1   0  14   1   6   9   1  12   4  0.29 0.20
  157 D   -2 -3  0  6 -5 -2  3 -2  0 -5 -5 -2 -4 -5 -3  0 -3 -5 -4 -4    3   1   3  57   0   0  18   3   3   1   1   1   0   0   1   8   1   0   0   1  1.15 0.44
  158 M   -2  0 -2 -2 -1 -1  2 -3 -1 -1 -1  1  1 -2 -2 -1  5  0 -3 -2    1   5   0   2   1   2  14   1   1   4   4  11   5   2   1   3  40   2   0   2  0.44 0.29
  159 L   -3 -4 -5 -5  5 -4 -5 -5  0  1  5 -5  1  0 -5 -4 -3 -4 -1  1    0   0   0   0  15   0   0   0   3   6  59   0   3   3   0   0   0   0   2   7  0.97 0.41
  160 V   -1  2 -3 -4 -1 -1 -1 -4 -1  2 -1  1  0 -3 -4 -2 -1 -4 -3  5    4  13   0   0   1   1   5   0   1   9   2  10   2   0   0   2   4   0   0  46  0.51 0.31
  161 V   -2 -3 -4 -4 -2 -3 -3 -4 -4  5  0 -3 -1 -2 -3 -3 -2 -4 -3  5    1   1   1   1   0   1   1   1   0  34   4   1   0   1   1   1   1   0   0  52  0.87 0.28
  162 P   -3 -4 -4 -3 -4 -3 -3 -4 -4 -4 -4 -3 -4 -5  8 -3 -3 -4 -4 -4    1   1   1   1   0   1   1   1   0   1   1   1   0   1  87   1   1   0   0   1  2.41 0.49
  163 I   -3 -4 -4 -4 -3 -4 -4 -4 -4  7  0 -4 -1  0 -3 -3 -2 -3 -2  2    1   1   1   1   0   1   1   1   0  69   3   1   0   4   1   1   1   0   0  14  1.03 0.31
  164 I   -3 -4 -4 -4 -3 -4 -4 -4 -4  7  0 -4  0 -2 -4 -3 -2 -4 -3  2    1   1   1   1   0   1   1   1   0  77   3   1   1   1   1   1   1   0   0   9  1.21 0.34
  165 E   -2 -2  0  2 -4  1  6 -3  2 -4 -4 -1 -3 -4 -2 -1 -2 -4 -3 -4    2   1   4  11   0   3  64   1   4   1   1   2   0   1   2   2   1   0   0   1  1.00 0.31
  166 N   -3 -2  8  0 -4 -2 -2 -2 -2 -4 -4 -2 -4 -4 -3 -1 -2 -4 -4 -4    1   1  83   2   0   1   1   1   0   1   1   1   0   1   1   3   1   0   0   1  1.73 0.44
  167 T   -1 -1 -2  0 -3 -1 -1 -1 -2 -2 -2 -2  0 -3 -2  0  6 -3 -3 -1    4   3   1   5   0   2   3   5   1   1   2   2   3   1   1   2  63   0   0   2  0.75 0.29
  168 P    3 -1 -2  1 -1 -1  0 -2 -3 -3 -1 -1 -2 -3  5  0 -1 -4 -3 -2   27   2   1   8   1   1   4   1   0   1   6   2   0   1  36   3   4   0   0   1  0.68 0.21
  169 E   -2  2  1 -1 -3  0  1 -2  5 -2 -1  0 -2  2 -2  0  0 -1  1 -2    1  12   8   2   0   2  13   1  21   1   4   3   0  10   1   6   6   1   6   3  0.29 0.14
  170 E   -2 -2 -2  0 -4  0  7 -3 -2 -4 -4  0 -3 -4 -3 -2 -3 -4 -3 -4    3   1   1   3   0   1  81   1   0   1   1   3   0   1   1   1   1   0   0   1  1.41 0.40
  171 K   -1  1  1  0  3  1  3 -1  0 -2 -2  1 -2 -3 -1  1  0 -1 -1 -2    4   8   6   4   9   4  25   3   2   2   2  10   0   1   3   9   3   1   2   3  0.22 0.11
  172 D   -2 -2  0  5 -3  1  3  0 -2 -1 -2 -1  0 -3 -2 -1 -2 -4 -3 -3    3   1   2  46   0   8  17   6   0   5   3   2   3   1   1   1   1   0   1   1  0.65 0.22
  173 L   -3 -3 -4 -4 -3 -3 -4 -4 -4  1  6 -3  0 -1 -4 -3 -3 -3 -3 -1    1   1   1   1   0   1   1   1   0   5  84   1   0   1   1   1   1   0   0   1  1.08 0.32
  174 K    0  0 -2 -2 -3  0  0 -3  0 -1 -1  3  0 -1 -2  0  4 -3 -1 -1    7   5   1   1   0   4   5   1   3   2   5  20   3   2   1   4  31   0   2   4  0.28 0.18
  175 D   -2 -2 -1  5 -4  0  4 -2 -1 -4 -4 -2 -3 -4  1 -1 -2 -4 -3 -2    3   1   1  36   0   2  33   3   1   1   1   1   0   0   7   4   2   0   0   3  0.76 0.28
  176 R   -1  3  0 -1 -3 -1 -1 -2 -2 -4 -4 -1 -3 -1  1  4  0  6 -1 -2    4  19   3   3   0   2   3   2   1   0   0   0   0   3   6  33   4  11   1   2  0.50 0.28
  177 M   -4 -5 -6 -6 -4 -4 -5 -6 -5  2  5 -5  7  0 -3 -5 -4 -4 -4 -1    0   0   0   0   0   0   0   0   0   9  49   0  37   3   1   0   0   0   0   1  1.39 0.48
  178 A    3  1 -1 -1 -3  1  2 -2  0 -3 -2  3 -2 -3 -3  0  0 -4 -1 -1   27   6   1   2   0   7  16   1   2   0   3  21   1   0   0   3   4   0   2   5  0.32 0.21
  179 H    1  2 -1 -1 -3  2  4 -2  0 -3 -4  4 -2 -5 -3 -1 -2 -3 -4 -4   11  12   1   2   0  11  26   1   2   1   1  28   1   0   0   2   1   0   0   0  0.59 0.28
  180 A    6 -4 -4 -4  3 -3 -3 -1 -4 -1 -3 -3 -1 -4 -3 -1  1 -5 -4  1   69   0   0   0   6   0   0   4   0   2   0   0   1   0   0   0   9   0   0   9  0.94 0.38
  181 M   -3 -4 -4 -5 -4 -3 -4 -5  1  4  2 -4  8  0 -5 -4 -1 -4 -3 -1    0   0   0   0   0   0   0   0   4  28  18   0  42   3   0   0   3   0   0   0  1.10 0.38
  182 N   -1  1  0  2 -4  1  4 -3 -1 -1 -1  2 -1 -3 -2 -1 -1 -4 -3 -2    5   7   5  10   0   5  35   1   1   4   6  13   2   1   0   2   2   0   0   2  0.36 0.17
  183 E    1  1  1  1 -3  1  3 -2 -1 -3 -1  2 -2 -3 -2  0  0 -3 -3 -2   16   5   6   8   0   3  25   1   1   0   6  18   1   0   0   3   5   0   0   1  0.30 0.15
  184 Y   -4 -4  1 -4 -4 -3 -4 -5  3 -4 -3 -4 -3  1 -5 -4 -4  2  9 -4    1   0   6   0   0   0   1   1   5   0   1   1   0   2   0   1   1   2  77   1  1.99 0.51
  185 P   -2 -3 -4 -4 -5 -1 -3 -4 -4 -5 -5 -3 -4 -5  8 -2 -2 -5 -5 -4    2   1   0   0   0   3   1   1   0   0   1   1   0   0  83   3   2   0   0   1  2.27 0.52
  186 D   -2  1  1  4 -4  1  2 -1  1 -4 -4  2 -2 -4 -3  0 -1 -4 -2 -4    2   5   6  29   0   7  17   5   4   0   1  15   1   0   0   5   2   0   1   0  0.49 0.19
  187 S    2 -3 -2 -3  4 -2 -3 -1 -3 -2 -3 -3 -3 -4 -3  2  5 -4 -3 -1   21   0   0   0   9   0   0   4   0   1   0   0   0   0   0  17  41   0   0   4  0.65 0.29
  188 C    0 -3  2 -1  7 -1 -3 -3 -1 -2 -3 -3 -3 -2  2  1  1 -3  2 -2    9   0  13   2  28   2   0   0   1   1   0   0   0   2  11  11  11   0   7   1  0.60 0.25
  189 A    6 -4 -4 -4  0 -3 -3  0 -4 -4 -4 -3 -3 -4 -3  0 -2 -5 -4 -3   86   0   0   0   2   0   0   4   0   0   0   0   0   0   0   4   1   0   0   0  1.34 0.45
  190 V   -3 -1 -5 -5 -3 -4 -4 -5 -5  3 -1 -4 -1 -3 -4 -4 -2 -5 -3  6    0   4   0   0   0   0   0   0   0  15   2   0   0   0   0   0   1   0   0  76  1.24 0.41
  191 L   -3 -4 -5 -5 -3 -4 -5 -5 -5  2  6 -4  0 -2 -5 -4 -3 -4 -3 -1    1   0   0   0   0   0   0   0   0  11  84   0   0   0   0   0   0   0   0   0  1.29 0.40
  192 V   -3 -4 -5 -5 -3 -1 -4 -5 -5  2 -2 -4 -2 -3 -4 -4 -2 -5 -4  7    0   0   0   0   0   4   0   0   0   8   0   0   0   0   0   0   0   0   0  84  1.43 0.45
  193 R   -2  8 -3 -4  1 -2 -2 -5 -3 -5 -4  0 -4 -5 -4 -3 -4 -5 -4 -5    2  88   0   0   4   0   1   0   0   0   1   2   0   0   0   0   0   0   0   0  1.93 0.53
  194 R   -3  6  3 -1 -3 -2 -2  1 -1 -5 -4 -1 -4 -5 -4  0 -2 -5 -4 -4    1  60  14   3   1   0   0  10   1   0   0   0   0   0   0   7   1   0   0   0  1.06 0.37
  195 H   -4 -1 -2 -4 -6 -3 -3 -5 11 -6 -5 -4 -4 -4 -5 -1 -4 -5  1 -6    0   2   0   0   0   0   0   0  87   0   0   0   0   0   0   4   0   0   3   0  2.75 0.65
  196 G   -2 -4 -3 -4 -5 -4 -4  7 -4 -6 -6 -4 -5 -5 -4 -3 -4 -5 -5 -5    0   0   0   0   0   0   0  95   0   0   0   0   0   0   0   0   0   0   0   0  2.05 0.49
  197 V   -1 -4 -4 -4 -2 -3 -4 -4 -4  4  1 -3  1  0 -3 -3 -1 -3 -2  4    4   0   0   0   0   0   1   1   0  35  12   1   3   3   0   1   2   0   0  36  0.64 0.23
  198 Y   -3 -4 -4 -4 -4 -3 -4 -4  0  0 -2 -4 -3  4 -4 -3 -3  0  8 -3    1   1   0   1   0   0   1   1   1   7   1   1   0  17   1   1   1   0  67   1  1.65 0.41
  199 V   -1 -4 -4 -4  0 -3 -3 -1 -4  2 -1 -3 -1 -3 -3 -1 -2 -4 -3  6    2   1   0   1   2   0   1   6   0   7   1   1   0   0   1   4   1   0   0  72  0.86 0.30
  200 W   -4 -5 -5 -5 -2 -4 -5 -4 -4 -4 -4 -5 -4  1 -5 -5 -4 12 -1 -5    1   1   0   1   1   0   1   1   0   1   1   1   0   4   1   1   1  86   0   1  3.59 0.64
  201 G   -2 -4 -2 -3 -4 -3 -4  7 -4 -5 -5 -3 -4 -4 -4 -2 -3 -4 -4 -4    1   1   0   1   0   0   1  89   0   1   1   1   0   0   1   2   1   0   0   1  1.74 0.40
  202 E   -1  0  0  4 -3  0  2 -2 -1 -3 -3  1 -3 -3  3  1 -1 -4 -3 -2    4   4   2  27   0   2  15   1   1   1   3   7   0   0  17   9   3   0   0   3  0.44 0.16
  203 T   -2 -2  2  2 -3 -2 -2 -2 -2 -3 -3 -2 -3 -4 -2  3  5 -4 -3 -2    1   1  11  15   0   0   1   1   0   1   1   1   0   0   1  23  43   0   0   1  0.69 0.27
  204 W   -3 -3 -5 -4 -4 -4 -3 -4 -4  0 -2 -4 -3 -2 -2 -4 -3 11 -1  1    2   2   0   1   0   0   2   1   0   5   3   1   0   0   2   1   1  66   0  12  2.38 0.49
  205 E    0 -1 -1  0 -3  4  4 -3  1  0 -3  0 -2 -3 -2 -1 -2  2 -2 -1    8   2   1   5   0  24  30   1   4   9   1   5   0   0   1   1   1   3   0   4  0.42 0.19
  206 K   -1  0 -1  0 -4  3  0 -1  1 -4 -3  5 -3 -4 -2  1 -1 -4 -3 -3    2   2   2   3   0  14   3   3   3   1   1  53   0   0   1  10   2   0   0   1  0.67 0.25
  207 A    6 -3 -3 -2 -1  0 -2 -2 -3 -3 -3 -2 -3 -4 -3  1  1 -4 -3 -2   75   0   0   2   1   5   0   0   0   0   1   0   0   0   0   6   7   0   0   1  0.95 0.35
  208 K   -3  0 -1 -3 -5 -1 -2 -4 -3 -4 -4  7 -3 -5 -3 -2  0 -5 -4 -4    1   0   2   0   0   0   0   0   0   0   1  88   0   0   0   0   5   0   0   0  1.58 0.46
  209 T    1 -2 -2 -3 -1 -2 -3  0 -3  1 -2 -2  0 -3  0  0  5 -4 -3  1    9   2   0   0   1   1   0   6   0  11   2   0   3   0   5   2  50   0   0   7  0.52 0.25
  210 M   -2  0 -1 -3 -3  5 -2 -4  1 -2 -2 -2  7 -1 -4 -3 -2 -3  2 -2    3   5   3   0   0  37   0   0   4   1   1   0  33   2   0   0   1   0   7   1  0.89 0.35
  211 C    3 -3  1 -3  6 -2 -3 -2 -2 -2 -1 -3  2 -2 -3  1  2 -4 -2 -1   29   0   8   0  24   0   0   0   1   1   4   0   6   1   0   7  13   0   1   3  0.54 0.24
  212 E   -3 -3 -3 -1 -6 -1  7 -4 -3 -3 -5 -2 -4 -5 -4 -3 -3 -5 -4 -5    0   0   0   0   0   0  94   0   0   2   0   0   0   0   0   0   0   0   0   0  1.89 0.52
  213 C    1 -5 -4 -5 10 -5 -5 -4 -5 -3 -4 -5 -4 -5 -5  1 -3 -5 -5 -3   10   0   0   0  72   0   0   0   0   1   0   0   0   0   0  14   0   0   0   1  2.23 0.52
  214 Y   -3 -4 -4 -5 -2 -3 -4 -5 -1  2  2 -4 -1  2 -4 -1 -3 -1  7  0    0   0   0   0   1   0   0   0   0  14  27   0   0   4   0   4   0   0  45   3  0.90 0.30
  215 D   -4 -2 -1  7 -5 -2  2 -4  4 -5 -5 -3 -5 -5 -4 -2 -3 -6 -4 -5    0   2   0  75   0   0   9   0  11   0   0   0   0   0   0   0   0   0   0   0  1.58 0.42
  216 Y   -4 -4 -5 -6 -2 -4 -5 -6  0 -4 -4 -4 -4  1 -5 -4 -4  1  9 -4    1   0   0   0   1   0   0   0   1   0   0   0   0   1   0   0   0   1  93   0  2.54 0.59
  217 L   -4 -4 -5 -6 -3 -4 -5 -6 -5  1  6 -4  0 -2 -5 -4 -3 -4 -3 -1    0   0   0   0   0   0   0   0   0   3  94   0   0   0   0   0   0   0   0   0  1.40 0.40
  218 F   -4 -4 -5 -5 -1 -5 -5 -5 -3 -1  1 -5  3  8 -5 -4 -4 -2  0 -2    0   0   0   0   2   0   0   0   0   1  14   0   8  72   0   0   0   0   0   0  1.52 0.40
  219 D   -1 -1 -1  4 -3  3  5 -2 -1 -5 -4 -1 -3 -5 -3  0 -2 -5 -4 -4    3   2   1  30   0  14  38   2   1   0   0   2   0   0   0   6   0   0   0   0  0.83 0.28
  220 I    2 -3 -4 -4 -1 -3 -3 -4 -4  4  3 -3  1 -2 -3 -2 -1 -3 -2  2   19   0   0   0   1   0   0   0   0  28  33   0   3   0   0   1   3   0   0  12  0.47 0.19
  221 A    6 -3 -3 -1 -2 -3 -3 -1 -3 -2 -3 -3 -3 -3 -3  1 -1 -4  0 -2   77   0   0   4   0   0   0   3   0   1   0   0   0   0   0   6   2   0   3   1  0.94 0.35
  222 V   -2 -4 -4 -5  0 -4 -4 -5 -4  4  1 -4  0 -1 -4 -3 -1  0  0  5    1   0   0   0   2   0   0   0   0  24   9   0   1   2   0   0   1   1   4  54  0.75 0.27
  223 S   -2  2 -1  0 -4  3  4 -3 -1 -4 -4  4 -3 -4 -3  0 -2 -4 -3 -4    0  10   1   4   0  12  28   1   1   0   1  34   0   0   0   6   0   0   0   0  0.68 0.25
  224 M   -2 -2 -4 -5 -4 -2 -4 -4 -3  0  2 -4  9 -1 -5 -3 -3 -4 -3 -2    2   2   0   0   0   1   0   1   0   4  16   0  69   2   0   2   0   0   0   0  1.50 0.45
  225 K   -2  3 -1 -3 -4  0 -1 -3  6 -3 -3  5 -2 -3 -3 -2 -2 -4  1 -3    1  14   1   0   0   3   1   0  24   2   2  45   0   0   0   0   2   0   4   0  0.84 0.30
  226 K   -2  1  0 -2 -4  5  0 -3 -1 -3  0  4  2 -4 -3  0 -1 -4 -3 -2    2   5   4   0   0  30   2   1   1   0   9  31   6   0   0   4   3   0   0   1  0.50 0.23
  227 V    1 -3 -2 -4  1 -3 -4 -4  1  1  4 -3  4  0 -4 -2 -2 -3 -1  0   14   0   2   0   3   0   0   0   5   5  50   0  11   3   0   2   0   0   1   3  0.47 0.22
  228 G   -2 -4  1 -2 -5 -4 -3  7 -2 -6 -6 -3 -5 -5 -4 -2 -4 -5 -5 -5    0   1   6   2   0   0   1  89   1   0   0   1   0   0   0   1   0   0   0   0  1.72 0.41
  229 L   -3 -4 -5 -5 -1 -4 -5 -5 -4  4  5 -3  4 -1 -5 -4 -3 -3 -2  1    0   0   0   0   1   0   0   0   0  23  59   1  12   1   0   0   0   0   0   3  0.88 0.28
  230 D   -3 -3  2  5 -5 -2  0 -3 -3 -5 -5 -2 -4 -5  5  0 -2 -5 -4 -4    0   0  10  45   0   1   4   0   0   0   0   1   0   0  32   5   0   0   0   0  1.15 0.30
  231 P   -2 -4 -4 -4 -1 -3 -3 -3 -2 -4 -4 -3 -2 -3  7 -2 -2  7  0 -4    2   0   0   0   2   0   0   1   1   0   0   0   1   1  65   2   2  19   3   1  1.87 0.38
  232 S    1 -1  0  1 -2 -1  2  0 -2 -2 -2  0 -2 -3 -2  2  2 -3 -2 -1   16   3   4   7   0   0  14   4   0   1   3   2   0   0   0  21  21   0   0   3  0.24 0.11
  233 Q    0  0  0  1 -3  2  1 -2  3 -2 -1  2 -1 -2 -1  0  0 -2 -1 -1    9   3   1  11   0  16   7   1  11   2   5  15   1   2   2   3   7   0   1   2  0.18 0.09
  234 L    0  0 -1 -3  3 -1 -2  1  0  0  0 -1 -1  1  3 -1  0 -3 -1  0    6   5   1   0   9   2   0  11   2   7   8   5   0  10  17   2   6   0   0   8  0.17 0.08
  235 P   -2 -4 -3 -2 -5 -3 -3 -1 -4 -5 -5 -3 -5 -6  8 -1 -3 -6 -5 -4    3   0   1   2   0   0   0   5   0   0   0   0   0   0  85   3   0   0   0   0  2.23 0.40
  236 V    1 -2 -3 -2 -2 -2 -2 -2 -2  3  0 -2  0 -1 -2 -1  1  1 -2  3   17   1   0   1   0   0   2   1   1  26   5   1   1   1   1   3   8   2   0  30  0.25 0.11
  237 G    0 -2 -1 -1 -4  0  2  5 -2 -4 -4 -1 -3 -4 -1  0 -1 -4 -4 -3    3   0   1   1   0   2  15  64   1   0   0   3   0   0   2   4   4   0   0   1  0.80 0.16
  238 E   -1 -1  1  2  2  1  5 -3 -1 -4 -4  0 -3 -2 -1  0 -2 -4 -3 -2    4   0   5  10   5   3  57   0   0   0   0   5   0   2   2   5   0   0   0   2  0.62 0.16
  239 N   -2 -1  6  0 -2 -1  0  0 -1 -4 -4  2 -3 -4 -3  0 -1 -4 -2 -4    0   0  66   0   1   0   3   6   0   0   0  21   0   0   0   1   1   0   1   0  0.80 0.16
  240 G    1 -3 -1 -2 -3 -2 -2  6 -3 -4 -4 -2 -3 -4 -3  1 -2 -3 -4 -4    8   0   0   1   0   0   1  81   0   0   0   1   0   0   0   9   0   0   0   0  1.05 0.13
  241 I   -2 -3  2 -2  0 -2 -3 -3 -3  4  1 -2  0 -1 -3 -2  1 -3 -2  2    0   0  18   0   2   0   0   0   0  62   3   0   0   2   0   0   9   0   0   5  0.35 0.09
  242 V   -1 -3 -4 -4 -1 -3 -3 -4 -4  2  2 -3  1 -1 -3 -2 -1 -3 -2  4    0   0   0   0   0   0   0   0   0   5  21   0   2   0   0   0   0   0   0  72  0.47 0.07

                      K         Lambda
Standard Ungapped    0.1374     0.3200
Standard Gapped      0.0495     0.2670
PSI Ungapped         0.1606     0.3122
PSI Gapped           0.0495     0.2670
