
Last position-specific scoring matrix computed, weighted observed percentages rounded down, information per position, and relative weight of gapless real matches to pseudocounts
           A  R  N  D  C  Q  E  G  H  I  L  K  M  F  P  S  T  W  Y  V   A   R   N   D   C   Q   E   G   H   I   L   K   M   F   P   S   T   W   Y   V
    1 M   -5 -5 -6 -7 -5 -4 -6 -6 -5 -2 -1 -5 11 -4 -6 -5 -4 -5 -5 -3    0   0   0   0   0   0   0   0   0   0   0   0 100   0   0   0   0   0   0   0  3.24 0.93
    2 A    4 -3 -3 -2 -4 -2  2  3 -3 -3 -4 -3 -4 -5  4  0 -2 -5 -4 -2   37   0   0   1   0   0  15  21   0   1   0   0   0   0  18   4   1   0   0   2  0.67 0.33
    3 E   -2  1 -1 -3  3  0  1 -1 -3 -4 -4  6 -3 -5 -2 -1 -1 -5 -4 -4    1   6   2   0   6   3   9   4   0   1   0  58   0   0   2   4   4   0   0   0  0.88 0.42
    4 S   -1 -1 -2 -3 -3 -2 -1 -3 -2 -2 -4  1 -3 -4  1  2  6 -5 -4 -3    2   3   1   0   0   1   4   1   1   2   0   7   0   0   5  18  54   0   0   0  0.85 0.45
    5 F    1 -1 -3 -3 -2 -2 -3 -1 -3  2  1 -1  0 -2  2 -2  0  2 -2  2   13   3   0   1   1   0   0   4   0  16  12   5   2   1  11   1   5   4   1  21  0.22 0.17
    6 K   -2  5 -2 -3 -5  1 -1 -2 -1 -4 -4  4 -4 -5 -1  1 -1 -5 -4 -2    2  41   0   0   0   5   3   2   1   0   0  22   0   0   3  12   4   0   0   3  0.80 0.41
    7 E   -2 -1 -1  6  0  1  2 -4 -3 -5 -5  2 -2 -5 -4 -1 -1  0 -5 -4    3   3   1  48   2   6  14   0   0   0   0  12   1   0   0   4   4   1   0   0  0.93 0.44
    8 H    3  1 -3 -4  2 -1 -3 -3  5  0  1 -2 -1 -2 -4 -2 -2 -4 -2 -1   33  10   0   0   4   2   1   0  18   6  18   1   1   1   0   1   2   0   1   3  0.49 0.34
    9 L   -4 -5 -6 -7 -4 -5 -6 -7 -6  4  5 -6  1 -2 -6 -5 -4 -5 -4  0    0   0   0   0   0   0   0   0   0  26  69   0   2   1   0   0   0   0   0   3  1.41 0.56
   10 Q    0 -1 -4 -4 -2  0 -1 -4 -2  1  4  0  1  0 -4 -1 -1  2 -2  0    6   4   0   0   0   5   4   1   1   5  47   6   3   4   0   4   2   3   0   4  0.37 0.25
   11 E   -1 -1  2  4 -4  1  3 -1  1 -4 -4  0 -3 -3 -3  0 -2  0  0 -4    5   3  10  26   0   4  24   5   3   0   1   5   1   1   0   7   1   1   3   0  0.49 0.28
   12 A    3 -3 -3 -4  0 -3 -3 -3 -2  2 -2 -1  1 -3 -3  1  4 -4 -1  1   29   0   0   0   2   0   1   1   1  12   0   4   3   0   0   8  27   0   2  10  0.48 0.33
   13 F   -5 -5 -6 -6 -4 -5 -6 -6 -5 -1  6 -5 -1 -1 -6 -5 -4 -4  1 -2    0   0   0   0   0   0   0   0   0   1  90   0   0   2   0   0   0   0   5   1  1.68 0.66
   14 E   -2 -3 -2  2 -6 -1  6 -3 -1 -5 -5  0 -2 -4 -1 -2 -3 -5 -5 -5    3   1   1  11   0   1  67   2   2   0   0   4   1   1   2   2   1   0   0   0  1.28 0.57
   15 D   -3 -2  5  5 -3  0  3 -2 -2 -5 -5 -1 -1 -5 -4 -1 -3 -5 -4 -3    1   1  27  31   1   2  22   3   1   0   0   3   2   0   0   4   0   0   0   2  0.88 0.42
   16 L   -4 -5 -6 -6 -4 -5 -5 -6 -5 -1  6 -5  1 -3 -4 -5 -4 -4 -4  0    0   0   0   0   0   0   0   0   0   1  89   0   2   0   1   0   0   0   0   4  1.61 0.63
   17 G   -1 -1 -1  1 -2 -1  1  2  0 -2 -1 -1 -2 -3 -2  2  3 -4 -3  0    1   4   0   7   0   1   8  17   2   2   6   4   0   0   1  15  23   0   0   8  0.24 0.22
   18 A    1 -1 -1  1 -3  2  3 -3  0 -3 -4  3 -2 -5  2  0 -1 -5 -4 -2   13   1   2   9   0  10  19   0   2   1   1  18   1   0  12   6   3   0   0   2  0.41 0.27
   19 D    0  0  0  4 -5  0  4 -1 -1 -4 -4  0 -2 -1 -1 -1 -2 -4  2 -3    7   5   3  27   0   2  28   3   1   0   0   4   1   2   2   4   1   0   9   1  0.55 0.33
   20 N   -2 -2  2  4 -6  3  5 -3 -1 -6 -6  0 -5 -6 -4 -2 -1 -6 -5 -5    2   1   9  21   0  11  44   1   1   0   0   6   0   0   0   1   3   0   0   0  1.00 0.49
   21 L   -5 -4 -6 -6 -5 -4 -3 -6 -5 -1  5 -5 -2  6 -6 -4 -4 -3  1 -2    0   1   0   0   0   0   2   0   0   1  57   0   0  34   0   1   0   0   3   0  1.35 0.58
   22 R   -4  1 -1 -1 -2  1  3 -4 -3 -5 -5  6 -4 -6 -3 -2 -2 -1 -5 -3    0   6   3   2   1   5  18   0   0   0   0  56   0   0   1   2   2   1   0   2  1.09 0.54
   23 K   -2  4 -1 -3 -6 -2  1 -4 -3 -5 -3  6 -2 -6 -4 -2 -1 -3 -5 -5    3  20   2   1   0   0  10   1   0   0   3  53   1   0   0   2   4   0   0   0  1.08 0.54
   24 F   -6 -7 -7 -8 -6 -7 -7 -7 -5 -3 -1 -5  0  9 -8 -6 -6  1 -1 -5    0   0   0   0   0   0   0   0   0   1   6   1   2  89   0   0   0   2   0   0  2.70 0.93
   25 K   -4  3 -4 -4  4  1 -3 -4 -4 -4 -4  7  0 -6 -5 -4 -4 -6 -5 -4    0  16   0   0   8   5   0   1   0   1   1  64   3   0   0   0   0   0   0   1  1.46 0.67
   26 S   -1 -1 -1  1 -3 -1 -1 -2  3 -1  1 -1  2  4 -4  0  0  4  0 -1    3   4   2   8   0   2   3   3   8   1  12   2   6  19   0   9   5   7   1   3  0.24 0.21
   27 K   -2  0  1 -3 -2  1  1 -2  2 -5 -2  6 -3  0 -2 -3 -3 -5 -2 -5    3   2   5   1   1   5   7   3   4   0   3  58   0   4   1   1   0   0   1   0  0.90 0.49
   28 L   -5 -6 -7 -7 -5 -6 -6 -7 -6  0  6 -6 -1 -2 -6 -6 -2 -5 -4 -1    0   0   0   0   0   0   0   0   0   4  91   0   0   1   0   0   2   0   0   2  1.76 0.72
   29 G   -1  0  1 -2  3  2 -1  0  0 -1  1  0  1 -2 -3  1  0 -3 -3  0    2   5   8   0   7  10   2   9   2   2  19   4   4   1   0  13   5   0   0   5  0.12 0.16
   30 D   -1 -3  3  5 -4  1  2 -2 -1 -3 -4  0 -4 -5 -3  1  1 -2 -3 -3    4   0  13  35   0   6  13   2   1   2   1   4   0   0   0   9   8   1   0   2  0.62 0.36
   31 R   -1  5 -2 -3 -4  0  1 -2 -2  1 -2  2  0  0 -2 -1 -2  2 -3 -2    5  38   1   0   0   3  10   2   1   9   3  11   3   5   2   3   1   4   0   2  0.49 0.33
   32 R   -3  2 -2  1 -5  2  4 -3 -3 -5 -5  4 -4 -5  2 -2 -2 -5 -4 -5    0  13   1   6   0   7  33   2   0   0   0  23   0   0  11   1   2   0   0   0  0.80 0.44
   33 Q   -2 -2 -1  1 -5  3  1  5 -2 -4 -2  0 -4 -5  1 -2 -3 -5 -3 -3    1   1   2   8   0  13  10  43   1   1   5   7   0   0   6   0   1   0   0   2  0.63 0.37
   34 E   -3 -1 -2  0  1  1  2 -1  3 -3 -3  1 -3  3  0 -3 -3 -2  6 -3    0   2   1   4   3   5  14   5   6   1   1   8   0  12   4   1   0   0  30   1  0.59 0.37
   35 P   -1  0  0  0 -3  1  1  3 -3 -4 -3  0 -3 -3  4  0 -1 -4 -4 -2    2   6   5   5   1   7   8  23   0   0   3   6   0   1  22   7   2   0   0   3  0.43 0.26
   36 R   -2  5  3 -2 -2  0 -2 -2  3 -2 -4  1 -3 -2  0 -1 -1 -5 -3 -3    2  42  13   1   1   2   1   3   8   3   1   6   0   2   4   5   4   0   0   2  0.66 0.38
   37 V   -3 -5 -5 -1 -4 -5 -4 -6 -5  7  0 -5  1 -2 -5 -4 -1 -5  0  3    1   0   0   4   0   0   1   0   0  62   4   0   3   1   0   0   3   0   3  16  1.19 0.54
   38 T   -3  1 -4 -4 -5 -3  0 -4 -3 -5 -4  1 -5 -6  7  0 -1 -6 -3 -5    2   9   0   0   0   0   6   1   1   0   2   9   0   0  60   6   4   0   1   0  1.52 0.63
   39 K   -2  6 -3 -4  0  0 -1 -4 -3 -3 -3  3  0 -4 -2 -2 -1  4 -4 -3    2  54   1   0   2   2   3   1   0   1   1  15   3   0   2   2   4   5   0   2  1.02 0.51
   40 S    0 -1  1 -1  0 -4 -3  6 -2 -2 -5 -3 -2 -5 -4  2 -3 -5 -5 -3    6   4   6   3   2   0   1  55   1   3   0   0   1   0   0  17   0   0   0   2  0.95 0.48
   41 A    1  3  0  0 -4  3  1 -3  1 -3 -3  2 -2 -4 -2 -1  1 -3 -1 -3   13  21   3   4   0  16   8   0   3   1   2  11   1   0   2   3   8   0   2   1  0.36 0.26
   42 I   -4 -1 -6 -6 -4 -4 -3 -6 -5  2  5 -3  0 -3 -5 -3 -3 -5 -4  3    0   3   0   0   0   0   1   0   0   9  61   2   1   0   0   2   0   0   0  21  1.02 0.50
   43 E   -2 -1 -3 -1 -5  3  6  0 -1 -4  0 -1 -1 -5 -1 -3 -3 -5 -4 -2    3   2   0   1   0  16  52   6   1   0  10   1   1   0   2   1   0   0   0   2  0.88 0.50
   44 K   -2  1  2  1 -4  2  0  1 -2 -4 -4  3 -3 -4  1  0  1 -1 -3 -3    2   5  13   6   0   9   5  10   0   0   1  24   0   0   7   7   9   1   0   0  0.36 0.25
   45 L    1 -1 -1  0  0 -1 -1  0 -1  0  1 -1  4 -1 -1 -1  0 -1 -1  1   12   2   2   6   2   2   3   6   1   3  18   4  15   2   2   4   5   1   2  10  0.09 0.08
   46 K    4 -1 -1 -1 -1  1  0 -2 -2 -3 -3  3 -1 -3 -2  0 -1  0 -3 -2   44   2   2   4   1   6   4   1   0   1   2  18   2   1   1   5   3   2   1   2  0.45 0.28
   47 D    0  0  0  6 -4 -2  0  0 -2 -5 -5  0 -4 -5 -3  1 -2 -5 -3 -4    6   6   4  51   0   0   3   8   1   0   1   5   0   0   0  12   2   0   1   0  0.88 0.43
   48 E    2  2 -3 -3  0 -2 -1 -3 -3  0  0 -1 -2  1  4 -1 -1 -4 -1  0   20  16   0   0   2   1   3   0   0   5  10   2   0   6  22   1   4   0   1   5  0.37 0.26
   49 I   -1 -4 -4 -1 -1 -2 -3 -2  0  3  2 -4  3 -2 -3 -3 -1  1  0  3    4   0   0   4   1   1   1   4   3  15  20   0   9   0   1   0   4   2   2  29  0.39 0.27
   50 D    0 -2 -1  6 -5  0  2 -2 -3 -4 -3  1 -4 -5 -4 -3 -3 -6 -5 -3    8   2   1  52   0   4  14   3   0   0   3  10   0   0   0   0   1   0   0   2  0.96 0.47
   51 L   -2 -4 -5 -5 -3 -4 -4 -5 -5  2  4 -2  3 -2 -5 -3  1 -4 -3  2    2   0   0   0   0   0   0   0   0  11  51   3   7   0   0   1   8   0   0  16  0.77 0.40
   52 A    4 -3 -3 -2  0 -3 -2 -3 -4 -1 -3  0 -2 -4 -1  0  4 -4 -4  2   34   1   0   1   2   0   2   0   0   2   1   7   1   0   2   5  25   0   0  16  0.51 0.36
   53 D   -3 -2  2  6 -5 -1  3 -4 -3 -4 -3 -2 -3 -5 -1  1  0 -5 -3 -4    1   2   8  48   0   2  16   0   0   1   4   2   0   0   2   9   5   0   1   0  0.90 0.44
   54 L   -2  0 -3 -4 -2  0 -2 -4 -4 -1  4  4  0 -2 -4 -3 -3 -4 -3  1    2   3   1   0   1   3   1   0   0   2  42  31   1   1   0   1   0   0   0  12  0.63 0.39
   55 M   -4 -5 -6 -6 -5  0 -3 -6 -5  1  5 -5  7 -3 -6 -5 -4 -5 -4 -2    0   0   0   0   0   4   2   0   0   6  62   0  25   0   0   0   0   0   0   0  1.44 0.65
   56 V   -3 -4 -5 -6 -1 -5 -5 -6 -5  4  0 -1  1 -2 -5 -4 -1 -5  1  5    0   1   0   0   1   0   0   0   0  23   7   4   3   1   0   0   4   0   5  51  1.00 0.50
   57 G    0  0  1  0 -1  2  1 -1  1 -4 -4  0 -4 -5 -1  4  0 -5 -4 -4    8   6   7   4   1  11   7   3   3   1   1   5   0   0   2  37   4   0   0   0  0.46 0.36
   58 V   -1 -1 -3 -5  3 -2 -3 -5  4  0 -3 -1 -1  5 -5 -1  1 -2  4  0    4   3   1   0   7   1   1   0  10   4   0   3   1  27   0   5  11   0  16   7  0.63 0.39
   59 F   -6 -6 -4 -7  0 -6 -6 -7 -3 -5 -3 -6 -5  5 -7 -4 -6  2  9 -5    0   0   1   0   2   0   0   0   0   0   3   0   0  23   0   2   0   2  66   0  2.41 0.97
   60 T   -2 -1 -1 -1  3 -1 -1  3 -3 -2  1 -1 -1 -3 -3  1  2 -4 -1 -3    1   3   2   3   6   2   3  25   0   1  15   4   1   0   0  13  18   0   2   0  0.32 0.28
   61 S   -1 -3 -2 -1 -6 -1  6 -2  2 -5 -5 -2 -2 -2 -1 -1 -1 -6 -5 -3    4   1   1   2   0   2  64   4   4   0   0   1   1   2   4   3   4   0   0   2  1.16 0.65
   62 K    0  0 -1  3 -3  0  3 -2  0  2 -3  1 -3  0  0 -1 -1 -4 -1 -3    7   3   2  17   1   3  21   2   2  13   0  10   0   5   4   4   2   0   2   0  0.28 0.26
   63 D   -2 -2  1  1 -3 -2 -1  0  2 -5 -4 -1 -3 -1 -1 -3 -4 -1  8 -4    4   2   6   8   1   1   4   9   5   0   1   4   1   1   3   1   1   1  48   1  1.06 0.59
   64 A    4 -3 -3 -4  0 -3 -3  3 -4 -2 -2 -2 -3 -2 -4  1 -2 -5 -4  1   43   1   0   0   2   0   0  19   0   1   2   2   0   1   0  12   1   0   0  12  0.65 0.43
   65 V    2 -1 -3 -2 -3 -2 -1  0 -3  1  1 -1  0 -2 -2 -1 -1 -1 -3  3   16   3   1   3   0   1   4   7   0   5  16   4   2   1   1   3   2   1   0  29  0.22 0.22
   66 S   -2  1  1  2 -5  1  4 -3  4 -3 -3  2 -2 -4  0 -1  0 -2 -2 -3    2   6   5  10   0   7  28   1  10   1   2  11   1   0   4   4   6   0   1   1  0.46 0.32
   67 V   -3 -4 -1 -5  0 -3 -3 -5 -2  2  3 -1  2 -1 -5 -3 -3 -4 -3  4    1   0   4   0   2   1   1   0   1   8  30   5   4   2   0   1   0   0   0  38  0.67 0.41
   68 T    3 -1 -2 -4 -4 -2 -3  0  0 -1 -2 -1 -2 -4 -3 -1  5  2 -4 -1   22   3   2   0   0   1   1   8   3   4   3   3   1   0   1   1  41   3   0   3  0.61 0.47
   69 V    1  1 -2  0 -2  0  1  0 -1  1  0 -1  1 -1 -2  1  0 -3 -2  0   13   8   0   5   0   2  11   5   2   9  12   3   3   2   0  12   4   0   0   8  0.07 0.12
   70 E    0  0  0  1 -4  2  3  1  0 -3 -1  1 -1 -3 -1 -1 -1 -4 -3 -2    7   4   4   6   0  11  25  10   2   1   8   8   1   1   3   4   3   0   0   2  0.26 0.23
   71 I   -1 -2 -4 -2 -3 -4 -4 -5 -5  4  1 -4  0 -2 -2 -2  1 -5 -4  5    4   2   0   2   0   0   0   0   0  26  11   0   1   1   2   2   8   0   0  39  0.74 0.43
   72 L   -2  0 -5 -5 -4  0 -4 -5 -4 -1  5 -1  2  3 -5 -2 -4  1  1 -1    3   6   0   0   0   4   0   0   0   2  52   4   5  11   0   3   0   2   4   4  0.71 0.45
   73 R   -1  4  0 -1  0  0  2 -2  0 -2  0  1 -1 -2 -1 -1  0 -4 -2 -2    4  23   4   3   2   4  13   2   2   2  11   9   1   2   3   4   7   0   1   2  0.21 0.22
   74 A    1  1  0  2  1  2  2 -1  0 -2 -1  1 -2 -2 -3  0 -1 -4 -3 -2   13   6   3  13   3  10  13   5   2   3   6  12   0   2   0   3   3   0   0   2  0.18 0.19
   75 I   -1 -1 -1 -1  1 -1 -3 -4  0  5  0 -1  4 -3  0 -1 -1 -4 -3  1    5   3   2   4   3   2   0   0   3  37   6   4  14   0   4   3   3   0   0   5  0.42 0.37
   76 K   -1  2  3  2  1  0  0  1  2 -4 -2  1 -3 -3  0  0  0 -4  1 -3    4  11  15  13   3   4   4  12   5   0   4   7   0   0   4   4   4   0   5   0  0.24 0.23
   77 C    0  0  0  0  2  1  0  0  1  0 -1  0  1  0 -2  0  0 -3 -1  0    6   6   5   6   5   5   6   6   5   6   6   6   5   5   0   6   6   0   0   6  0.00 0.08
   78 N   -1  2  3 -1  0  2  0 -1  1 -1 -2  2  0 -1 -1 -1 -1 -4 -3 -1    4  10  15   3   3   9   6   4   4   3   4  12   3   3   3   4   4   0   0   3  0.15 0.21
   79 A    0  0  0  0 -2  1  0  0  1  0 -1  0  1  0  1  0  0 -2  1  0    6   6   5   6   0   5   6   6   5   6   6   6   5   5   6   6   6   0   5   6  0.03 0.06
   80 V    0  0 -1  0  0  0  1 -1  0 -1  1  0  1 -1 -1  0  0 -3 -2  0   11   4   2   6   3   4   9   4   3   2  17   7   4   2   2   5   5   0   0   9  0.04 0.10
   81 A    4 -1 -1  0  0  0  0 -1  1 -1 -2 -1  1  0 -4 -1 -1  3 -3 -1   37   3   2   5   2   4   7   3   4   3   4   3   3   4   0   4   4   4   0   3  0.33 0.34
   82 D    0 -1  0  1  0  1  2 -1  1 -2 -2  1  0 -2 -1  0  0  3 -3 -1    6   2   4  10   2   7  16   5   4   2   4   9   3   2   2   8   7   4   0   5  0.15 0.18
   83 D    0  1  0  1 -3  1  1 -1  1  0  0  1  0 -1 -2  0  0  2  0  0    5   6   3   8   0   6   9   5   3   5   7  13   4   3   0   4   5   3   3   7  0.06 0.09
   84 L    0  0 -2  0 -3 -1  0  0  2  0  0  0  1  1  1  0  0  3  1  0    6   6   0   6   0   0   6   6   6   6   6   6   6   6   6   6   6   6   6   6  0.06 0.11
   85 L   -1  0  0  0  2  0  0 -1  2  0 -1  0  2  1  0 -1  0  4  1 -1    5   5   5   5   5   5   5   5   5   5   5   5   5   5   5   5   5   5   5   5  0.09 0.08
   86 R   -1  3  1  0 -7  1  2 -2  1 -2 -2  2  1 -1  0 -1 -1  2 -6 -2    5  14   5   5   0   6  15   4   3   3   5  10   3   3   4   4   5   3   0   3  0.26 0.22
   87 N    0  0  0  0  2  0  0  0  1  0 -1  0  1  0  1  0  0 -3 -1  0    6   6   5   6   5   5   6   6   5   6   6   6   5   5   6   6   6   0   0   6  0.03 0.07
   88 T    0  0 -1 -1  1 -1 -1 -1  0  1  0  0  2 -1 -1 -1  2  2  0 -1    6   5   3   3   3   3   4   5   3   7   9   7   6   3   3   5  14   3   3   4  0.08 0.09
   89 G    0  0  0  0  2  0  0 -1  1  0 -1  0 -2  0  0  0  0  3  1 -1    5   5   5   5   5   5   5   5   5   5   5   5   0   5   5   5   5   5   5   5  0.06 0.08
   90 Q   -1  0  0  0  2  1  1 -1  0 -1 -1  1  0 -1  1  0 -1  2 -2  0    5   5   4   4   6   8   8   5   3   4   4  10   3   3   8   5   4   3   0   7  0.08 0.11
   91 S    0  0  0  0  0  0  1  2 -2 -2 -2  0  0 -1  0  0  0  1 -1 -1    8   5   4   6   2   4  11  18   0   2   4   5   3   2   3   8   5   2   2   4  0.11 0.13
   92 E   -1  0  0  0  2  0  0 -1  2  0 -1  0  2  1  0 -1  0  4  1 -1    5   5   5   5   5   5   5   5   5   5   5   5   5   5   5   5   5   5   5   5  0.09 0.08
   93 S   -1  0  0  0  2  0  0 -1  2  0 -1  0  2  1  0 -1  0  4  1 -1    5   5   5   5   5   5   5   5   5   5   5   5   5   5   5   5   5   5   5   5  0.09 0.08
   94 K   -1  0  0  0  2  0  0 -1  2  0 -1  0  2  1  0 -1  0  4  1 -1    5   5   5   5   5   5   5   5   5   5   5   5   5   5   5   5   5   5   5   5  0.09 0.08
   95 G   -1  0  0  0 -3  0  0 -1  2  0 -1  0  1  0  0  0  0  3  1  0    5   5   5   5   0   5   5   5   5   5   5   5   5   5   5   5   5   5   5   5  0.06 0.08
   96 A    0  0  1  0  2  1  0  0  2 -2 -1  0 -2  0  1  0  0 -2  1 -1    6   6   6   6   6   6   6   6   6   0   6   6   0   6   6   6   6   0   6   6  0.06 0.09
   97 L   -1  0  0  0  2  0 -1 -1  2  0 -1  0  2  0  0 -1  0  3  1 -1    5   5   5   5   5   5   5   5   5   5   5   5   5   5   5   5   5   5   5   5  0.03 0.09
   98 S    0  0  0  0  2  0  0 -1  1  0 -1  0  1  0  0  0  0  3 -2  0    5   5   5   5   5   5   5   5   5   5   5   5   5   5   5   5   5   5   0   5  0.05 0.09
   99 D    0  0  0  0  2  0  0  0  1  0 -1  0  1  0  1  0  0 -3 -1  0    6   6   5   6   5   5   6   6   5   6   6   6   5   5   6   6   6   0   0   6  0.03 0.07
  100 E    0  0  0  0  2  0  0 -1  1  0 -1  0  1  0  0  0  0 -2  1  0    5   5   5   5   5   5   5   5   5   5   5   5   5   5   5   5   5   0   5   5  0.03 0.05
  101 S    0  0  0  0  2  0  0  0  1  0 -1  0  1  0  1  0  0 -3 -1  0    6   6   5   6   5   5   6   6   5   6   6   6   5   5   6   6   6   0   0   6  0.03 0.07
  102 K    0  0 -1 -1  1  0  0 -2  1 -2 -1 -1 -1 -2  3  1  1  1  0 -1    6   6   4   4   3   5   5   4   4   3   6   4   2   2  15  11   8   2   3   5  0.16 0.17
  103 C    1  0 -1  0  2  0 -1  0  1 -1 -1  0  0 -1  2  0 -1  2 -1  0   11   4   3   6   4   5   4   8   3   3   6   5   3   3  10   7   4   3   3   6  0.07 0.08
  104 A    0  0  0  0  2  0  0 -1  1  0 -1  0  1  0  0  0  0 -2  1  0    5   5   5   5   5   5   5   5   5   5   5   5   5   5   5   5   5   0   5   5  0.03 0.05
  105 S   -1  0  0  0  2  0 -1 -1  2  0 -1  0  2  0  0 -1  0  3  1 -1    5   5   5   5   5   5   5   5   5   5   5   5   5   5   5   5   5   5   5   5  0.03 0.09
  106 S    1  0 -1  0  0  0  0  0  1 -1 -1  0  0  0  0  0  0  2  0  0   10   5   3   6   3   5   7   7   3   4   6   5   3   4   5   8   6   3   3   6  0.03 0.03
  107 K    0  0  0  0  2  0  0  0  1  0 -1  0  1  0  1  0  0 -3 -1  0    6   6   5   6   5   5   6   6   5   6   6   6   5   5   6   6   6   0   0   6  0.03 0.07
  108 A    0  0  0  0  2  0  0 -1  1  0 -1  0  1  0  0  0  0 -2  1  0    5   5   5   5   5   5   5   5   5   5   5   5   5   5   5   5   5   0   5   5  0.03 0.05
  109 V   -1  0  0  0  2  0  0 -1  2  0 -1  0  1 -2  0  0  0  3  1  0    5   5   5   5   5   5   5   5   5   5   5   5   5   0   5   5   5   5   5   5  0.07 0.11
  110 S    0  0  0  0  2  0  0 -1  1  0 -1  0  1  0  0  0  0 -2  1  0    5   5   5   5   5   5   5   5   5   5   5   5   5   5   5   5   5   0   5   5  0.03 0.05
  111 K   -1  0  0  0  2  0  0 -1  2  0 -1  0  2  1  0 -1  0  4  1 -1    5   5   5   5   5   5   5   5   5   5   5   5   5   5   5   5   5   5   5   5  0.09 0.08
  112 V   -1  0  0  0  2  0  0 -1  2  0 -1  0  2  1  0 -1  0  4  1 -1    5   5   5   5   5   5   5   5   5   5   5   5   5   5   5   5   5   5   5   5  0.09 0.08
  113 A   -1  0  0  0  2  0  0 -1  2  0 -1  0  2  1  0 -1  0  4  1 -1    5   5   5   5   5   5   5   5   5   5   5   5   5   5   5   5   5   5   5   5  0.09 0.08
  114 F    0  0  0  0  2  0  0 -1  1  0 -1  0  1  0  0  0  0 -2  1  0    5   5   5   5   5   5   5   5   5   5   5   5   5   5   5   5   5   0   5   5  0.03 0.05
  115 S    0  0  0  0  2  0  0 -1  1  0 -1  0  1  0  0  0  0 -2  1  0    5   5   5   5   5   5   5   5   5   5   5   5   5   5   5   5   5   0   5   5  0.03 0.05
  116 K   -1  0  0  0  2  0  0 -1  2  0 -1  0  2  1  0 -1  0  4  1 -1    5   5   5   5   5   5   5   5   5   5   5   5   5   5   5   5   5   5   5   5  0.09 0.08
  117 V    0  0  0  0 -3  0  0  0 -2  0 -1  0  1  1  0  0  0  3  1  0    6   6   5   6   0   5   6   6   0   6   6   6   5   5   6   6   6   5   5   6  0.06 0.08
  118 N    0  0  1  0 -3  1  0  0  2  0 -1  0  1 -2  1  0  0  3 -2  0    6   6   6   6   0   6   6   6   6   6   6   6   6   0   6   6   6   6   0   6  0.08 0.11
  119 F    0 -2 -2  1 -2 -1  0 -2 -2  0  0 -2 -1  1  1  0  0  4  2  0    8   0   0   8   0   0   8   1   0   8   8   0   0   8   8   8   8   8   8   8  0.14 0.12
  120 I    0  0 -2  0  2  0 -1  0  2  0  0  0  1  1  1  0  0 -2  1  0    6   6   0   6   6   6   0   6   6   6   6   6   6   6   6   6   6   0   6   6  0.04 0.10
  121 D   -3  0  2  4 -4  0  3 -1  1 -4 -4  1 -4 -1  0 -1  0  2 -3 -2    0   4   8  28   0   4  17   4   3   0   0   8   0   4   4   4   5   3   0   4  0.46 0.33
  122 E   -1  2  2  0 -4  2  0 -2  0 -2 -1  3  1 -3 -3  0  0  2 -1 -2    3  12   9   5   0  12   4   2   2   3   4  21   4   0   0   5   5   3   2   3  0.26 0.24
  123 H   -4 -1  2 -4 -1 -1 -2 -5  8 -2 -2 -2  0 -1 -2 -1 -2 -4  3 -1    0   3  10   0   2   3   2   0  45   3   3   2   2   3   2   3   2   0  10   5  1.12 0.62
  124 W    0  0  1 -2 -3  1  0  0  2  0 -1  0  1  1 -3  0  0  4  1 -2    6   6   6   0   0   6   6   6   6   6   6   6   6   6   0   6   6   6   6   0  0.10 0.14
  125 K    1  0  0  0  1  0  1 -1  1 -1  0  1  0 -3  0  0  1 -3 -2 -1   16   5   3   3   3   3  10   3   4   3   8  11   3   0   4   8   8   0   0   4  0.09 0.13
  126 E    0  1  1  1 -3  1  0 -3  2  0  0  0  1 -3  1  0  0 -4 -2  0    7   7   7   7   0   7   7   0   7   7   7   7   7   0   7   7   7   0   0   7  0.10 0.12
  127 L   -3  0  0  1 -4 -3 -1 -5 -3  1  4  0 -1  1 -4 -3 -3 -3  1  0    0   5   6   8   0   0   5   0   0   6  47   5   0   5   0   0   0   0   6   7  0.42 0.28
  128 I    0 -2 -4 -4  2 -4 -2 -1 -4  5  0 -1 -1  0 -4 -3 -1 -4 -3  2    9   3   0   0   5   0   3   6   0  48   4   5   0   5   0   0   3   0   0  10  0.58 0.34
  129 D    0  0  0  1 -1  4  2 -2  0 -3 -1  0 -1 -3 -3  0  1 -4 -1 -1   10   4   4   7   2  27  11   2   2   0   8   4   2   0   0   5   8   0   2   5  0.28 0.23
  130 R   -3  6  0 -1 -5  0  1 -2  0 -4 -1  1  0 -4 -4  0 -2  0 -2 -4    0  49   4   3   0   3   8   2   2   0   8   6   2   0   0   9   2   1   1   0  0.72 0.39
  131 V   -2 -2 -1 -2 -3 -3 -4 -5 -4  3  0 -1  3 -3 -4 -3  0 -5 -3  5    2   2   3   2   0   0   0   0   0  14   6   5   7   0   0   0   6   0   0  52  0.71 0.39
  132 N   -1  0  0 -3  1 -1 -2  0 -1 -2 -3  2 -2 -4  1  1  4 -1 -4 -2    2   5   4   0   3   2   0   7   1   2   1  13   1   0   7  12  37   1   0   2  0.45 0.34
  133 N    0  0  0  0  2  0  0  0  1  0 -1  0  1  0  1  0  0 -3 -1  0    6   6   5   6   5   5   6   6   5   6   6   6   5   5   6   6   6   0   0   6  0.03 0.07
  134 V   -1 -1 -5 -5 -4 -4 -5 -5 -5  3  0 -4  2 -4 -1 -2 -1 -5 -4  6    5   4   0   0   0   0   0   0   0  14   7   0   5   0   3   4   3   0   0  53  0.98 0.53
  135 D    0 -1  1  3  1  0  2 -1  1 -1 -1  0  2 -3 -1 -1 -1 -4  0 -1    7   3   5  19   3   4  14   3   3   4   5   5   7   0   3   4   4   0   3   3  0.19 0.21
  136 P    0 -1 -3 -1  1  0  0  0  1 -1 -2  0 -3  0  4  0  0  2  0 -1    7   3   0   3   3   4   5   6   3   3   4   6   0   4  24   8   6   3   3   4  0.29 0.26
  137 I   -1 -1 -4 -5 -4 -4 -1 -5 -5  5  1 -4  1 -3 -4 -1 -1 -5 -4  3    4   4   0   0   0   0   4   1   0  38  10   0   4   0   0   6   4   0   0  23  0.75 0.41
  138 L    2 -5 -5  0 -4 -4 -4 -5 -5 -1  5 -4  0 -1 -1 -2 -1 -5 -4 -1   20   0   0   6   0   0   0   0   0   2  56   0   1   2   3   3   4   0   0   3  0.82 0.49
  139 D   -5 -3 -1  7  2 -2  1 -3 -4 -5 -3 -1 -5 -3 -2 -2 -4 -6 -2 -4    0   1   2  66   4   1   8   2   0   0   3   3   0   1   2   2   0   0   2   1  1.47 0.68
  140 I    1  0  0  2 -1  1  2 -2  1 -3 -2  3  0 -1 -3  0 -2 -4  0 -2   13   4   3  11   1   6  11   2   4   1   3  22   3   2   0   5   2   0   4   2  0.23 0.22
  141 L   -5 -1 -6 -7 -5 -5 -6 -7 -6 -1  6 -2  2 -4 -6 -6 -5 -5 -5 -3    0   4   0   0   0   0   0   0   0   2  84   3   4   0   0   0   0   0   0   0  1.71 0.77
  142 R   -2  1 -1 -1 -2  0 -1 -2 -1 -1  3  0  0  1  0 -1 -1 -2  2 -1    2   9   2   3   0   5   3   3   1   2  34   5   2   5   4   4   3   0   8   3  0.18 0.16
  143 Q    0  1  1  1 -1  2  0 -1  4 -2 -3  0 -1 -2 -3  0  0 -3  3 -1    6   9   5   7   1  11   4   4  11   3   1   4   1   1   0   8   6   0  13   4  0.24 0.22
  144 K   -1  1  1  0 -4  1  1  3  2 -4 -3  3 -1 -4 -3 -1  0  0 -3 -3    5   6   6   4   0   5  10  24   5   0   2  18   2   0   1   3   5   1   1   1  0.34 0.26
  145 K   -2  1  2  1  1  1  1  2  0 -3 -1  2 -3 -3 -2  0 -1 -2 -3 -3    2   7   9   7   3   7   9  19   3   1   7  14   0   1   2   4   3   1   0   1  0.23 0.20
  146 V    0 -4 -5 -5 -4 -4 -5 -5 -1  2  1 -3  5  0 -5 -4 -1 -1 -2  5    7   0   0   0   0   0   0   0   2   9  10   2  17   3   0   0   3   1   1  43  0.86 0.45
  147 I   -4 -5 -5 -1 -4 -5 -1 -6 -2  5  4 -5  0 -3 -5 -5 -1 -5 -4  0    0   0   0   4   0   0   5   0   1  40  39   0   2   0   0   0   3   0   0   4  1.04 0.51
  148 T   -3 -1  3  1 -4  1  0 -1  4 -3 -3  0 -2  0 -2  2  3 -4 -2 -3    0   3  12   6   0   5   5   3  13   1   1   5   1   5   1  18  17   0   1   1  0.39 0.30
  149 N   -3 -1  1  4 -3  3  3 -2 -1 -5 -4  0 -4 -5  1  0 -2  1 -2 -3    1   2   5  23   1  14  23   2   1   0   2   5   0   0   7   7   1   2   1   1  0.60 0.37
  150 E   -4 -4 -2  1 -2 -1  7 -4  2 -7 -7 -2 -6 -7 -5 -3 -5 -7 -6 -6    1   0   2   6   1   1  79   1   4   0   0   2   0   0   0   2   0   0   0   0  1.93 0.86
  151 D    1 -1 -2  0 -4  5  2 -2 -1 -2 -2  1  3 -4 -2  0  0 -2 -4 -1   10   1   1   4   0  29  13   2   1   1   4   7   7   0   1   6   7   1   0   4  0.44 0.33
  152 Y   -2  0 -4 -4 -1 -5 -1 -6 -3 -4 -4 -5 -5 -1 -6 -5 -5 -3  9 -5    4   4   1   1   1   0   4   0   0   1   1   0   0   1   0   0   0   0  78   0  2.45 0.95
  153 C   -1 -1  0  2 -1  4  3 -1 -1 -4 -4  0  0 -3 -4  3 -1 -2 -4 -4    4   2   4  11   1  20  17   3   1   1   1   4   3   1   0  24   2   1   0   0  0.51 0.37
  154 T    0  2  2  0 -4  0  2 -2 -1 -1 -3  2 -1 -3 -3  0  1 -4 -3 -1    8  10  11   4   0   3  17   1   1   3   2  15   2   1   0   7  10   0   0   3  0.28 0.23
  155 I   -4 -1 -6 -6 -4 -5 -2 -6 -6  6 -1 -5 -1 -2 -5 -5 -4 -6 -4  5    0   4   0   0   0   0   3   0   0  52   3   0   1   1   0   0   0   0   0  33  1.39 0.62
  156 R   -3  6 -1 -1 -1  1 -1 -4  1 -3 -1  1  2 -3 -4  0  0 -1 -2 -4    1  46   2   3   1   5   4   0   3   1   6   7   6   1   0   6   5   1   1   0  0.77 0.43
  157 N    5 -3 -2 -2 -2 -2 -2  0  0 -2 -4 -1 -2 -3 -3  1  0 -5 -3 -1   54   1   2   2   1   2   2   6   3   2   1   3   1   1   1  12   4   0   1   4  0.71 0.44
  158 K    2 -1 -1 -2 -1  1  4 -2 -2 -2  0  2 -1 -4 -3 -1 -1 -5 -4 -3   19   3   2   1   1   5  31   3   1   2  12  11   1   0   0   3   4   0   0   0  0.42 0.33
  159 E    0  3  1  1 -2  0  0 -1 -2 -3 -3  2 -3 -4  3  0  1 -2 -3 -3    9  16   8   8   1   3   4   5   1   1   1  13   0   1  13   6   8   1   0   1  0.30 0.22
  160 T   -3 -5 -3 -5 -5 -4 -5 -5 -5 -3 -3 -1  0 -6 -1 -1  7 -6 -5 -3    1   0   1   0   0   0   0   0   0   1   2   3   3   0   4   3  78   0   0   1  1.84 0.85
  161 P   -2  1  5  1 -1 -3 -2 -4 -2 -5 -5  0 -3 -5  1  4  1 -5 -4 -3    2   7  25   7   1   0   2   0   1   0   0   6   1   0   8  29   9   0   0   1  0.67 0.43
  162 Q   -2 -1 -3 -4 -6  7  0 -5  2 -5 -4 -1 -2 -4  3 -2 -1 -5 -4 -3    3   3   1   0   0  55   4   1   4   1   2   2   1   1  15   2   3   0   0   2  1.30 0.68
  163 K   -1 -1  1  4 -4 -1  4 -1 -1 -5 -4  2  0 -5 -4  0 -1 -6 -3 -4    5   3   6  20   0   1  30   4   1   0   1  13   3   0   0   7   4   0   1   1  0.60 0.39
  164 K   -5  2  2 -2 -7  5 -3 -4 -4 -2 -6  6 -1 -7 -5 -3 -3 -7 -6 -6    0   8   8   1   0  29   0   1   0   3   0  47   2   0   0   1   1   0   0   0  1.38 0.67
  165 M   -6 -6  1 -8 -6 -6 -7 -8 -7  0  0 -6 11 -4 -8 -6 -4 -7 -6 -2    0   0   6   0   0   0   0   0   0   4   6   0  82   1   0   0   1   0   0   2  3.00 1.11
  166 R   -5  8 -5 -4 -4  0  1 -5 -3 -7 -6 -1 -6 -7 -6 -2 -3 -2 -6 -5    0  76   0   1   0   3  10   1   0   0   0   2   0   0   0   3   2   1   0   1  2.00 0.82
  167 E    0  1 -3 -3 -4  0  4 -4  0 -3 -2  5 -1 -3 -4 -3 -3  0 -3 -1    8   5   1   0   0   4  26   1   2   1   4  37   1   1   0   0   1   1   1   5  0.71 0.43
  168 L   -5 -6 -4 -7 -5 -6 -7 -8 -7  1  6 -6  0 -4 -7 -6 -3 -6 -5 -1    0   0   1   0   0   0   0   0   0   6  87   0   1   0   0   0   1   0   0   3  1.85 0.75
  169 L   -6 -6 -7 -7 -2 -6 -7 -7 -4 -3  3 -6  1  6 -7 -6 -5 -3  7 -3    0   0   0   0   1   0   0   0   0   1  30   0   3  31   0   0   0   0  34   1  1.68 0.69
  170 T   -2  0  0  3 -1  1  2 -3 -1 -2 -3  1  1 -2 -3  3  0 -4 -1 -3    1   4   3  18   2   6  14   1   1   2   2   8   4   1   0  24   4   0   2   1  0.38 0.28
  171 G    2 -2 -2 -1  0 -2 -1  2 -1 -1 -1 -1  0  4 -2  0 -1 -1  1 -1   21   2   1   3   2   1   4  17   1   2   5   3   2  19   1   6   2   1   4   3  0.24 0.17
  172 P    0 -3 -2 -2  1 -2 -2 -2 -1 -1  2 -2 -1 -1  3  1  1 -3 -1  1    7   1   1   2   3   1   1   2   2   2  25   1   1   2  15  13   8   0   2  10  0.26 0.19
  173 I   -1  0 -1 -3 -1 -2 -3 -3 -3  1  3 -2  3 -1 -3 -1  0 -3 -1  3    3   5   3   1   1   1   1   2   0   7  30   2   8   2   1   4   5   0   2  22  0.32 0.19
  174 T   -2  2  1  0 -4  2  0 -2  1 -3 -3  3 -2 -4  4 -1  1 -4 -4 -2    1  13   6   5   0   9   5   3   3   2   2  18   1   0  18   4   9   0   0   2  0.42 0.28
  175 C    2  0 -2 -2  1 -2  0  0 -3 -4 -3  1 -3 -2 -1  4 -1  0 -1 -3   18   4   1   1   3   1   5   6   0   1   2  10   0   2   3  37   2   1   2   1  0.46 0.32
  176 A    1 -2 -3 -3  1  0 -3  3 -2 -4 -4  0 -4 -3 -4  0 -3  9 -2 -3   13   2   1   1   3   4   1  22   1   1   1   6   0   1   1   9   1  31   0   2  1.15 0.48
  177 G   -2 -3  3  3 -4 -3 -3  5 -4 -5 -5 -2 -2 -4 -4 -1 -1  3 -4 -4    2   1  16  15   0   0   1  46   0   1   1   2   1   0   1   3   4   4   0   1  0.97 0.44
  178 N    0  2 -1  1 -2  1  0 -2 -1 -2  0  1 -2 -3  2  0  1  3 -2 -1    8  15   3   9   0   5   6   1   1   1   9   9   0   1   9   5   8   4   0   5  0.17 0.15
  179 K    2  2  0 -1 -4  0  1 -2 -1 -2 -2  3 -1 -3 -1  0  2  0 -2 -2   17  13   3   3   0   2   8   2   1   1   2  19   2   0   2   4  14   1   1   2  0.28 0.23
  180 G    1 -2 -3 -3  8 -2 -1  1 -1 -2 -2 -3 -2 -3 -4 -2 -2 -5 -3  3   14   2   1   2  29   2   5  12   2   1   4   2   1   1   0   3   1   0   1  20  0.76 0.41
  181 K   -4 -1 -4 -5 -7  1 -3 -6 -5 -7 -6  8 -1 -7 -4 -4 -3 -7 -6 -6    1   2   1   0   0   6   1   0   0   0   0  85   2   0   1   0   1   0   0   0  2.23 0.92
  182 E    0 -1  0  6 -4 -3  3 -2 -2 -4 -5 -2 -4 -5 -5  2 -3 -7 -3 -4    7   3   3  47   0   0  16   2   1   1   1   1   0   0   0  14   1   0   1   1  1.02 0.54
  183 V    3  2 -3 -3 -1  2  0 -3 -1  2  1  1  0 -3 -4 -2 -2 -4 -2 -1   24  11   1   1   1  11   6   1   2  16  13   7   2   0   0   1   1   0   1   3  0.30 0.28
  184 L   -5 -6 -6  0 -1 -6 -6 -7 -5 -3  4 -6 -2  7 -6 -6 -5 -4 -2 -1    0   0   0   5   1   0   0   0   0   1  33   0   1  53   0   0   0   0   0   4  1.64 0.68
  185 Y   -5 -4 -6 -6 -1 -5 -5 -6  0 -3  2 -4 -4  3 -6 -5 -5 -2  9 -4    0   1   0   0   1   0   0   0   2   1  19   1   0   8   0   0   0   0  63   0  2.00 0.79
  186 D   -3  2  1  2 -3  5  2 -3 -1 -3 -4  2 -4 -3 -4  0 -2 -2 -3 -3    1  12   5  12   1  29  11   1   1   1   1  14   0   1   0   5   2   1   1   1  0.68 0.41
  187 A    5 -5 -5 -5 -2 -3 -4 -4 -4  4 -2 -4 -3 -1 -4  0 -2 -5 -2  1   43   0   0   0   1   1   1   0   0  28   2   0   0   2   0   8   2   0   1  10  0.84 0.48
  188 L   -5 -6 -7 -8 -5 -6 -7 -8 -7 -2  7 -7  0 -4 -7 -6 -5 -6 -5 -1    1   0   0   0   0   0   0   0   0   1  94   0   1   0   0   0   0   0   0   2  2.08 0.82
  189 R   -3  3 -2 -4 -6  3  1 -5 -4 -4  0  5  1 -3 -5 -2 -3 -2 -3 -3    1  12   1   0   0  13   8   0   0   1  10  44   4   1   0   2   1   1   1   1  0.85 0.49
  190 E    0 -1  0  2 -6 -1  5 -5  0 -1 -4  4 -2 -6 -4 -2 -2 -6 -5 -4    7   2   3  10   0   1  38   0   2   4   1  25   1   0   0   3   2   0   0   1  0.80 0.47
  191 S   -2 -1  2 -3 -2  2  0 -4  5  0 -1  3 -3 -3 -4 -1  3 -5  0 -2    1   2   8   0   1   8   5   0  14   7   6  18   0   1   0   3  21   0   3   2  0.44 0.34
  192 N   -5 -3  4  1  0  3  4 -5  7 -5 -5 -2 -3 -4 -5 -3 -4 -6 -2 -6    0   1  16   8   2  15  31   0  23   0   1   1   1   1   0   1   0   0   1   0  1.18 0.59
  193 K   -4  2 -2 -5 -7 -1 -4 -4  0 -6 -4  1 -6 -6  7 -1 -2 -7 -6 -5    0  11   2   0   0   3   0   1   2   0   1   9   0   0  62   4   2   0   0   0  1.74 0.74
  194 F   -2 -2 -2  1  1 -3 -1 -4  6 -3 -2 -1 -3  4  0 -2 -4 -3  5 -4    3   2   1   8   3   1   3   1  19   1   4   3   0  20   4   3   0   0  23   0  0.81 0.44
  195 L   -6 -6 -8 -8 -5 -6 -7 -8 -7  0  7 -7 -2 -4 -7 -7 -5 -6 -5 -1    0   0   0   0   0   0   0   0   0   4  93   0   0   0   0   0   0   0   0   3  2.04 0.80
  196 M   -4 -6 -7 -7 -5 -3 -6 -7 -6  6 -1 -5  2 -1 -6 -5 -3 -6 -3  5    0   0   0   0   0   1   0   0   0  39   3   1   5   3   0   0   1   0   1  47  1.46 0.61
  197 D    0  1  0  1 -2  3  3 -3 -1 -3 -3  1  2 -3 -3 -1 -2 -5 -3 -2   10   7   4   9   1  14  25   1   1   1   1  10   8   1   1   3   1   0   0   2  0.41 0.29
  198 D   -4 -1 -2  7 -7 -2  5 -6  0 -7 -7 -3 -6 -5 -5 -3 -5 -7 -4 -6    1   3   1  57   0   0  33   0   2   0   0   1   0   1   0   1   0   0   0   0  1.75 0.72
  199 L   -6 -6 -8 -8 -5 -6 -7 -8 -7 -2  7 -7 -1 -4 -5 -7 -5 -6 -5 -3    0   0   0   0   0   0   0   0   0   1  97   0   1   0   1   0   0   0   0   0  2.17 0.80
  200 E   -3 -2 -3  1 -6  2  6 -4 -3 -6 -3  2 -4 -5 -4 -1 -2  6 -2 -4    1   1   0   5   0   8  50   1   0   0   2  14   0   0   0   3   2  10   1   1  1.05 0.49
  201 D   -2  1  2  2 -5  2  4  0  0 -5 -4  2 -3 -3 -1  0 -1 -5 -3 -4    2   7   9  10   0  10  28   7   2   0   0  16   0   1   2   4   2   0   0   0  0.49 0.24
  202 A    1  0 -2 -3 -2 -1 -2 -3 -3 -2 -3  4  0 -4 -3  4  1 -5 -4 -2   10   2   0   0   1   1   0   0   0   1   2  29   2   0   0  44   6   0   0   2  0.63 0.33
  203 E   -2 -1  0  4 -4  3  4 -3 -1 -4 -4  3 -3 -4 -2 -1 -2 -4 -3 -4    0   0   3  33   0  14  30   0   0   0   0  20   0   0   0   0   0   0   0   0  0.73 0.18

                      K         Lambda
Standard Ungapped    0.1308     0.3138
Standard Gapped      0.0471     0.2670
PSI Ungapped         0.1523     0.3117
PSI Gapped           0.0471     0.2670
