
Last position-specific scoring matrix computed, weighted observed percentages rounded down, information per position, and relative weight of gapless real matches to pseudocounts
           A  R  N  D  C  Q  E  G  H  I  L  K  M  F  P  S  T  W  Y  V   A   R   N   D   C   Q   E   G   H   I   L   K   M   F   P   S   T   W   Y   V
    1 M   -4 -5 -6 -6 -5 -4 -5 -6 -5 -2  1 -5 10 -3 -6 -5 -4 -5 -4 -2    0   0   0   0   0   0   0   0   0   0   6   0  94   0   0   0   0   0   0   0  2.74 0.64
    2 K   -3 -2 -2 -3 -5  7 -1 -5 -1 -3  2  0 -2  1 -2 -2 -3 -4 -3 -2    0   0   1   0   0  63   0   0   1   0  19   5   0   7   2   2   0   0   0   2  1.10 0.40
    3 I   -1 -2 -4 -4 -2 -3 -4 -4 -4  0  3 -3 -1 -3  6 -2  0 -1 -4 -1    5   2   0   0   1   1   0   1   0   4  30   0   1   0  45   1   5   1   0   2  0.98 0.29
    4 L   -3 -3 -5 -6 -3 -3 -5 -6 -5  1  5 -4  0  3 -3 -4 -3 -1 -2  1    0   1   0   0   0   1   0   0   0   7  72   0   0  12   1   0   0   1   0   6  0.99 0.31
    5 L   -4 -5 -6 -6  1 -5 -5 -6 -5  0  6 -5  1 -1 -1 -5 -4 -4 -3  0    0   0   0   0   2   0   0   0   0   2  87   0   1   2   3   0   0   0   0   3  1.30 0.39
    6 L   -2 -4 -5 -6 -3 -4 -5 -5 -2  1  5 -4  1  3 -5 -3 -3 -3 -2  0    1   0   0   0   0   0   0   0   1   7  68   0   3  12   0   2   0   0   0   5  0.94 0.30
    7 L   -3 -4 -5 -5 -1 -3 -4 -5 -1  0  5 -4  2  0  3 -3 -1 -1 -3  0    0   0   0   0   1   1   0   0   2   3  64   0   4   3  14   1   3   1   0   3  0.82 0.29
    8 L   -3 -4 -5 -5 -3 -3 -5 -4 -5  0  5 -4  4 -2 -5 -1 -2  0 -3  1    0   0   0   0   0   0   0   1   0   2  65   0  13   0   0   7   1   2   0  10  0.93 0.33
    9 T    5 -4 -4 -4 -1 -2 -3 -2 -4  0 -2 -3  1 -3 -2  0  0 -5 -4  2   62   0   0   0   1   1   1   1   0   4   3   0   4   1   1   4   5   0   0  13  0.75 0.31
   10 L   -2 -5 -6 -6  3 -5 -4 -6 -4  1  1 -5 -2  8 -6 -4 -3 -2  0 -1    4   0   0   0   7   0   1   0   0   6  12   0   0  65   0   0   2   0   0   2  1.43 0.41
   11 S   -2 -4 -4 -4 -1 -3 -4 -5  1  1  4 -4  0  2  1  0 -2 -3 -1  1    2   0   0   0   1   0   0   0   4   8  49   0   0  11   8   8   1   0   1   7  0.51 0.23
   12 L   -3 -4 -6 -6 -4 -3 -5 -3 -5 -1  6 -5  1 -1 -2 -4 -4  1 -3  0    1   0   0   0   0   1   0   3   0   0  83   0   1   1   2   1   0   2   0   4  1.20 0.39
   13 A   -1 -5 -4 -3  5 -3 -4 -3 -5 -4 -1 -4 -4 -5  6  2 -1 -4 -5 -2    4   0   0   1  12   0   0   2   0   0   7   0   0   0  48  20   3   0   0   3  1.24 0.45
   14 S   -1 -4 -4 -5 -1 -3 -4 -5  1 -5 -4 -4 -5 -4  7  3 -2 -6 -4 -2    5   0   0   0   1   0   0   0   4   0   1   0   0   1  63  19   1   0   1   2  1.71 0.58
   15 R   -3  5 -2 -3 -3 -2  1  4 -2 -6 -5  1 -3 -5 -4 -1 -1  4 -4 -5    1  31   1   0   1   1  10  35   1   0   0   6   0   0   0   3   5   5   0   0  0.86 0.39
   16 T    6 -4 -4 -3 -4 -4 -3 -1 -5 -3 -4 -4 -3 -5 -1 -1  3 -6 -5 -2   62   1   0   1   0   0   1   5   0   1   1   0   1   0   4   3  20   0   0   2  1.06 0.49
   17 K   -2  1 -1 -1 -5  2  4  3 -1 -3 -4  1 -3 -5 -4 -2 -2  1 -4 -4    1   9   2   3   0  11  30  28   1   1   2   8   0   0   0   1   1   2   0   1  0.65 0.34
   18 A    6 -4 -4 -5 -4 -4 -4 -1 -5 -5 -5 -4 -4 -6 -4  1  3 -6 -5 -4   70   1   0   0   0   0   0   3   0   0   0   0   0   0   0   9  16   0   0   0  1.39 0.60
   19 G   -3 -5 -4 -2 -6 -4  4  7 -5 -7 -7 -4 -6 -5 -6 -3 -5 -4 -6 -5    1   0   0   2   0   0  24  70   0   0   0   0   0   0   0   0   0   0   0   1  1.75 0.65
   20 E   -4  0 -3  0 -7  2  6 -4 -3  0 -6  3 -5 -7 -5 -4 -4 -2 -5 -5    0   3   1   4   0   8  62   1   0   6   0  14   0   0   0   0   0   1   0   0  1.37 0.59
   21 I   -5 -7 -7 -7 -5 -7 -7 -8 -5  8 -2 -7 -2 -4 -7 -6 -4 -7 -5  0    0   0   0   0   0   0   0   0   0  93   0   0   0   0   0   0   0   0   0   4  2.51 0.82
   22 I   -5 -4 -7 -7 -5 -6 -6 -7 -7  8 -2 -4  0 -1 -6 -5 -2 -6 -5  1    0   1   0   0   0   0   0   0   0  80   1   1   2   2   0   0   3   0   0   8  1.91 0.67
   23 G   -3 -1 -4 -5 -6 -5 -4  7 -6 -7 -7 -5 -6 -7 -6 -3 -5  3 -6 -7    1   3   0   0   0   0   1  87   0   0   0   0   0   0   0   2   0   4   0   0  2.18 0.74
   24 G   -4 -7 -5 -6 -7 -6 -6  8 -6 -8 -8 -6 -7 -7 -6 -4 -5 -7 -7 -7    0   0   0   0   0   0   0  98   0   0   0   0   0   0   0   1   1   0   0   0  2.67 0.85
   25 H   -5  2 -2 -5 -4  2 -3 -6  9 -3 -6 -1 -4 -5 -5 -3  2  2 -2 -1    0  11   1   0   0   9   0   0  50   2   0   4   0   0   0   1  12   2   1   5  1.56 0.62
   26 E   -5 -5 -4 -3 -8 -3  8 -4 -5 -8 -7 -3 -6 -8 -6 -5 -5 -7 -6 -6    0   0   0   0   0   0  96   1   0   0   0   1   0   0   0   0   0   0   0   1  2.59 0.93
   27 V    6 -5 -5 -5  3 -4 -5 -4 -5 -3 -5 -4 -4 -4 -3  2 -2 -6 -5  1   67   0   0   0   6   0   0   0   0   1   0   0   0   0   1  13   2   0   0  10  1.31 0.59
   28 K   -4  4 -3 -4 -6  2 -1 -5 -4 -2 -5  6 -4 -6 -5 -3 -3 -3 -5 -3    0  24   1   0   0   8   3   0   0   3   0  55   0   0   0   1   1   0   0   1  1.38 0.58
   29 P   -4 -3 -7 -6 -4 -5 -6 -7 -7 -7 -7 -4 -7 -7  9 -3 -6 -8 -7 -7    1   2   0   0   0   0   0   0   0   0   0   1   0   0  93   2   0   0   0   0  3.10 1.00
   30 H   -7 -4 -3 -6 -8 -4 -5 -7 11 -8 -6 -6 -7 -6 -7 -6 -7 -7 -2 -8    0   1   1   0   0   0   0   0  96   0   1   0   0   0   0   0   0   0   1   0  3.96 1.15
   31 S   -3 -5 -4 -5 -5 -5 -5 -5 -5 -7 -7 -5 -6 -5 -4  8 -3 -7 -5 -6    1   0   0   0   0   0   0   0   0   0   0   0   0   0   1  97   1   0   0   0  2.39 0.93
   32 R   -6  8 -5 -5  0 -3 -4 -7  6 -7 -4 -2 -6 -4 -6 -4 -5 -2  0 -7    0  72   0   0   2   0   0   0  18   0   2   0   0   1   0   1   0   1   3   0  2.15 0.79
   33 P   -6 -5 -7 -6 -8 -6 -6 -7 -5 -8 -6 -6 -7 -8  9 -5 -5 -9 -8 -7    0   1   0   0   0   0   0   0   0   0   1   0   0   0  97   0   0   0   0   0  3.36 1.07
   34 Y   -7 -7 -7 -8 -7 -6 -7 -8  0 -6 -6 -7 -6 -1 -8 -7 -7 -3 10 -6    0   0   0   0   0   0   0   0   1   0   0   0   0   1   0   0   0   0  97   0  3.63 1.13
   35 M   -6 -7 -7 -8 -7 -6 -7 -8 -7 -3 -2 -7 11 -5 -8 -7 -3 -7 -6 -3    0   0   0   0   0   0   0   0   0   1   1   0  95   0   0   0   2   0   0   1  3.74 1.20
   36 A    7 -6 -6 -5 -5 -5 -4 -4 -6 -5 -6 -5 -5 -7 -5 -3 -3 -7 -6  0   90   0   0   0   0   0   1   0   0   0   0   0   0   0   0   0   1   0   0   7  2.05 0.82
   37 L   -5 -4 -5 -7 -1 -5 -5 -6  4 -4  0 -6 -4  6 -7 -4 -5 -2  7 -3    1   1   0   0   1   0   0   0   8   0  10   0   0  36   0   1   0   0  40   2  1.75 0.66
   38 L   -5 -5 -7 -7 -5 -6 -6 -7 -6  3  5 -6 -1 -3 -5 -5 -4 -5 -4  3    0   0   0   0   0   0   0   0   0  14  64   0   1   0   0   0   1   0   0  18  1.35 0.55
   39 S   -3  2 -1 -2 -6  5  3 -4  0 -4 -2  3 -2 -5 -4 -1 -2 -1 -4 -3    1  10   3   2   0  31  19   1   2   1   5  16   1   0   0   4   1   1   0   2  0.74 0.41
   40 I   -4 -4 -5 -6 -5 -5 -6 -5 -3  6  0 -5 -2  4 -5 -2 -2 -4  2  1    0   1   0   0   0   0   0   1   0  51   5   0   0  20   0   3   2   0   7   8  1.16 0.49
   41 K   -2  1 -1 -2 -3  3  0 -2  0 -1  1  1  0 -1 -1 -1  1  3  0  1    2   8   2   1   0  14   4   2   3   2  17   8   1   1   2   4   9   4   3  10  0.14 0.15
   42 D   -1  0  1  3 -2 -1 -1 -1  1 -1 -3 -1 -1 -2 -3  1  3 -4 -1 -1    3   5   8  17   1   3   2   4   4   4   1   3   1   1   1   9  23   0   2   5  0.27 0.20
   43 Q   -1  0  1  1 -2  2  2  1 -1 -3 -3  2 -3 -4  3  1 -1 -4 -2 -3    3   4   6   7   1   8  17   9   1   1   2  12   0   0  12  11   2   0   1   1  0.31 0.20
   44 Q   -1  1  3  1 -4  0  3  3 -1 -4 -4  1 -2 -4 -3  0 -1 -2 -4 -2    3   7  14   7   0   4  18  23   1   1   0   8   1   0   0   6   3   0   0   3  0.39 0.24
   45 P   -2  0  1  0 -5 -1  0  3  1 -4 -4  4 -2 -3 -2  1 -1 -5 -2 -2    1   4   5   4   0   1   5  25   3   1   1  27   1   1   1  12   3   0   1   3  0.47 0.29
   46 E   -1  1 -1 -2 -2  1  0 -2  1  0  0  1  1 -2  1  0  1  4  0  0    3  10   2   1   0   6   5   3   3   4   9  11   5   0   6   5  11   7   4   5  0.14 0.13
   47 A    0  0  0 -1 -1 -1 -1 -1  0 -1 -2  3 -1  1 -3  2  0 -2  2 -1    5   4   5   2   1   1   3   4   2   3   4  22   1   7   1  19   6   1   7   3  0.19 0.18
   48 I    1  4 -1 -3 -2 -1 -2 -2  0  1 -1  0  1  0 -3  1  1 -3  0 -1   12  24   3   0   0   2   1   2   3   9   3   5   5   5   1  11   7   0   3   3  0.23 0.19
   49 C   -5 -7 -7 -8 12 -8 -8 -7 -8 -6 -6 -8 -6 -7 -8 -5 -6 -7 -5 -6    1   0   0   0  97   0   0   0   0   0   0   0   0   0   0   1   0   0   0   0  4.30 1.17
   50 G   -3 -6 -4 -5 -5 -6 -3  7 -6 -8 -8 -6 -7 -7 -6 -2 -5 -7 -7 -6    1   0   0   0   0   0   2  93   0   0   0   0   0   0   0   3   0   0   0   0  2.39 0.79
   51 G   -3 -3 -5 -4 -4 -6 -6  8 -6 -8 -8 -6 -7 -7 -6 -3 -6 -7 -7 -7    1   1   0   1   0   0   0  94   0   0   0   0   0   0   0   2   0   0   0   0  2.48 0.81
   52 F   -5 -7 -7 -7 -4 -7 -7 -7 -6 -1 -2 -7 -4  9 -7 -5 -5 -4 -1  2    1   0   0   0   0   0   0   0   0   2   3   0   0  78   0   1   0   0   0  14  2.36 0.78
   53 L   -6 -6 -7 -8 -5 -6 -7 -8 -7 -2  7 -6 -2 -3 -4 -6 -5 -6 -5 -3    0   0   0   0   0   0   0   0   0   0  97   0   0   1   1   0   0   0   0   0  2.15 0.77
   54 I   -3 -6 -7 -7 -5 -6 -6 -7 -7  6 -2 -6 -1 -3 -6 -6 -3 -6 -5  6    1   0   0   0   0   0   0   0   0  38   1   0   1   1   0   0   0   0   0  57  1.71 0.64
   55 R    1  6 -3 -4 -2  3  0 -4  3 -6 -5  0 -4 -6 -5  0 -2 -3 -4 -5   10  49   0   0   1  15   4   1   7   0   0   2   0   0   0   6   2   0   0   0  1.09 0.50
   56 E   -4  3 -2  1 -6  1  5 -5 -3 -6 -4  3 -5 -6  2 -3 -3 -6 -3 -5    0  13   1   7   0   4  41   0   0   0   2  17   0   0  12   1   1   0   1   0  0.95 0.46
   57 D   -5 -4  4  7 -7  0 -1 -3 -2 -7 -6 -1 -5 -6 -5 -3 -4 -7  0 -7    0   0  17  64   0   4   3   2   1   0   0   4   0   0   0   1   1   0   3   0  1.66 0.64
   58 F   -1 -7 -6 -7 -6 -7 -7 -7 -5  0 -4 -7 -4  9 -7 -5 -6  4  0  0    5   0   0   0   0   0   0   0   0   5   0   0   0  74   0   1   0   6   2   6  2.21 0.76
   59 V   -4 -7 -7 -7 -5 -6 -7 -7 -7  0 -3 -7  0 -5 -7 -6 -4 -7 -6  8    0   0   0   0   0   0   0   0   0   2   1   0   2   0   0   0   0   0   0  94  2.37 0.84
   60 L   -5 -6 -7 -7 -5 -6 -6 -7 -6 -2  6 -6  6 -4 -4 -6 -5 -6 -5 -1    0   0   0   0   0   0   0   0   0   1  72   0  21   0   1   0   0   0   0   4  1.77 0.67
   61 T   -4 -5 -4 -6 -5 -5 -5 -5 -6 -4 -6 -4 -1 -7 -6  0  8 -7 -6 -5    0   0   0   0   0   0   0   1   0   1   0   0   2   0   0   6  89   0   0   0  2.36 0.91
   62 A    7 -5 -6 -6 -5 -5 -5 -4 -6 -4 -6 -5 -5 -7 -5 -3 -4 -7 -6 -4   96   0   0   0   0   0   0   0   0   1   0   0   0   0   0   1   0   0   0   1  2.30 0.88
   63 A    7 -6 -6 -5 -5 -5 -5 -2 -6 -6 -5 -5 -5 -7 -5 -3 -4 -7 -6 -4   95   0   0   1   0   0   0   2   0   0   0   0   0   0   0   0   1   0   0   1  2.21 0.86
   64 H   -7 -2 -5 -6 -8 -3 -5 -7 11 -8 -8 -6 -7 -6 -4 -6 -7 -4 -2 -8    0   2   0   0   0   1   0   0  95   0   0   0   0   0   1   0   0   0   1   0  3.96 1.20
   65 C   -5 -9 -8 -6 12 -8 -9 -7 -8 -6 -7 -8 -7 -8 -8 -6 -6 -8 -8 -5    0   0   0   0  98   0   0   0   0   0   0   0   0   0   0   0   0   0   0   0  4.44 1.26
   66 E    0  1  2 -3 -3  1 -1 -3  0 -3  1  1  1  0 -3 -1 -2  7  0 -3   10   7  12   0   0   6   3   1   2   1  13   8   3   3   1   5   2  19   2   1  0.48 0.29
   67 G   -3 -5 -2 -3 -2 -3 -2  7 -5 -8 -6 -3 -5 -7 -6 -3 -5 -3 -4 -7    1   1   1   1   1   1   3  86   0   0   1   1   0   0   0   1   0   0   1   0  2.07 0.75
   68 S   -3  5  0  0 -2 -3 -2 -2 -3 -5 -5  0 -3 -6 -4  5 -2 -3 -5 -4    0  30   4   5   1   0   2   3   0   0   1   4   0   0   0  45   1   0   0   1  0.99 0.52
   69 I   -1 -1  2 -2 -4  1  1 -3  0 -3 -3  1 -2 -2  0  5  0 -5 -4 -2    4   2  10   1   0   5   8   0   2   1   3   7   1   2   4  43   5   0   0   2  0.54 0.36
   70 I   -4 -5 -6 -6 -4 -5 -6 -6 -6  7 -1 -4  5 -3 -5 -5 -2 -6 -3  1    0   0   0   0   0   0   0   1   0  69   2   1  14   0   1   0   2   0   1   7  1.72 0.64
   71 N   -3  0  5 -3 -3 -3 -2 -4 -2 -1 -4  1  0 -5 -5  1  5 -4 -3 -2    0   4  29   0   0   0   2   1   1   5   1   7   3   0   0   8  36   0   1   2  0.88 0.47
   72 V   -3 -7 -7 -7 -5 -6 -7 -7 -7  0 -3 -6 -1 -4 -7 -6 -4 -7 -5  8    1   0   0   0   0   0   0   0   0   2   0   0   1   0   0   0   0   0   0  93  2.34 0.84
   73 T   -4 -5 -4 -5 -4 -5 -5 -6 -6  5 -1 -3 -2 -3 -5 -3  6 -6 -3 -1    0   0   1   0   0   0   0   0   0  28   5   1   1   1   0   0  57   0   1   4  1.42 0.63
   74 L   -5 -5 -7 -7 -5 -6 -7 -7 -7 -3  7 -6 -1 -4 -5 -6 -5 -2 -5 -3    0   1   0   0   0   0   0   0   0   0  96   0   1   0   1   0   0   0   0   1  2.12 0.77
   75 G   -4 -1 -5 -6 -7 -6 -5  8 -6 -8 -8 -6 -7 -7 -6 -5 -6 -4 -7 -5    0   3   0   0   0   0   1  94   0   0   0   0   0   0   0   0   0   0   0   1  2.50 0.84
   76 A    7 -6 -6 -3 -3 -5 -5 -3 -6 -3 -5 -5 -5 -6 -5 -3 -4 -7 -6  0   89   0   0   2   0   0   0   1   0   1   0   0   0   0   0   0   0   0   0   5  1.95 0.78
   77 H   -7 -3 -3 -6 -8 -2 -5 -7 11 -8 -6 -6 -6 -6 -7 -6 -7 -7 -2 -8    0   1   1   0   0   1   0   0  94   0   1   0   0   0   0   0   0   0   1   0  3.85 1.15
   78 N   -6 -4  8  3 -7 -4 -4 -4 -4 -7 -8 -4 -7 -7 -6 -3 -4 -8 -5 -7    0   0  81  15   0   0   0   1   0   0   0   1   0   0   0   1   0   0   0   0  2.49 0.88
   79 I   -4 -4 -7 -7 -5 -5 -6 -7 -5  8 -1 -3  0 -2 -6 -5 -3 -4 -5  2    0   1   0   0   0   0   0   0   0  76   3   1   2   1   0   0   1   0   0  11  1.85 0.67
   80 K   -2  2 -1 -2 -5  3  0 -3  1 -4 -3  4 -1 -4 -4  1  0 -4  0 -3    2  12   3   1   0  11   5   1   3   0   3  33   2   0   0  12   6   0   3   1  0.55 0.33
   81 E   -1  2 -1 -1 -6  3  3 -4 -3 -2 -3  5 -2 -5 -4 -3 -1 -6 -4 -3    4   9   2   2   0  12  20   0   0   3   2  39   1   0   0   1   3   0   0   2  0.80 0.42
   82 Q   -3  3 -1 -2 -6  6  0 -4 -1 -5 -2  3 -2 -5  2 -1 -2  0 -4 -5    1  13   2   1   0  35   5   0   1   0   3  20   1   0   9   3   3   1   0   0  0.84 0.45
   83 E   -5 -5 -4 -3 -8 -2  8 -6 -5 -8 -7 -2 -6 -8 -6 -5 -5 -7 -7 -7    0   0   0   1   0   1  95   0   0   0   0   2   0   0   0   0   0   0   0   0  2.59 0.94
   84 K   -2  4  1  2 -4 -1  1 -2 -3 -5 -3  3 -3 -5  1  1 -1  0 -4 -5    1  25   5  10   0   2   7   2   0   0   3  21   0   0   7  11   4   1   0   0  0.53 0.31
   85 T   -3 -3 -3 -5 -4 -5 -4 -4 -6 -5 -6 -4 -4 -6 -5  2  8 -7 -5 -4    1   1   1   0   0   0   0   1   0   0   0   1   0   0   0  14  79   0   0   0  1.97 0.81
   86 Q   -5 -1 -5 -5 -7  8 -3 -6 -4 -5 -6 -3 -3 -6 -6 -4 -3  7 -5 -6    0   3   0   0   0  75   0   0   0   1   0   1   1   0   0   1   1  16   0   0  2.50 0.92
   87 Q   -6 -3 -5 -4 -8  9 -2 -7 -3 -8 -6 -3 -5 -8 -6 -5 -6 -7 -6 -6    0   0   0   1   0  96   1   0   0   0   0   1   0   0   0   0   0   0   0   0  3.10 1.10
   88 V   -2  2 -3 -3 -4  0 -1 -5  1  2 -2  3 -1 -2 -4 -3 -2 -5 -3  4    1  10   1   2   0   3   4   0   4  10   2  17   1   2   0   1   2   0   0  39  0.56 0.34
   89 I   -5  0 -6 -7 -5 -6 -6 -7 -4  7  1 -6 -2  2 -6 -5 -2 -6 -4  0    0   6   0   0   0   0   0   0   0  68  11   0   0   7   0   0   2   0   0   4  1.55 0.60
   90 P   -3  2 -2 -3 -3 -1  1  0  2 -5 -2  1 -4 -5  6  0 -1  0 -4 -4    1  11   1   1   0   3   9   7   5   0   4   7   0   0  38   7   3   1   0   0  0.80 0.39
   91 M   -2 -6 -7 -7 -5 -6 -5 -7 -7 -1 -3 -6  0 -5 -6 -5 -3 -7 -5  8    2   0   0   0   0   0   1   0   0   2   1   0   2   0   0   0   1   0   0  90  2.16 0.79
   92 V   -1  4 -2 -3 -3  0  0 -1  0  0  1  3  0 -3 -4 -1 -2 -4 -3  0    6  24   1   0   0   4   6   4   2   5  16  19   2   1   0   3   2   0   0   6  0.34 0.24
   93 K   -4  6 -1 -3 -2  1  1 -4  2 -6 -5  5 -5 -6 -5 -3 -2 -6 -5 -6    0  43   3   1   1   4   7   1   5   0   1  31   0   0   0   1   3   0   0   0  1.23 0.54
   94 C    5 -1 -4 -4 -3  4 -3 -4 -3 -3 -4 -2 -4 -5 -1 -1 -1  4  1 -3   48   3   0   0   0  21   0   0   0   1   0   1   0   0   2   4   3   6   6   2  0.91 0.49
   95 I   -4 -6 -6 -7 -5 -6 -6 -7  2  7 -2 -5 -2  5 -6 -6 -2 -5 -1  1    1   0   0   0   0   0   0   0   5  62   1   1   0  20   0   0   2   0   2   6  1.58 0.61
   96 P   -3  2 -5 -5  0 -1 -3 -6  1  1 -3 -3 -2 -4  7 -2 -4 -3 -3 -2    1  12   0   0   2   2   1   0   3   7   3   1   1   1  58   3   1   0   1   3  1.49 0.60
   97 H   -5 -5 -4 -5 -8 -5 -5 -7 11 -8 -8 -6 -7 -4 -4 -6 -7 -7  1 -8    1   0   0   1   0   0   0   0  92   0   0   0   0   0   1   0   0   0   4   0  3.76 1.14
   98 P   -5 -3 -6 -6 -7 -3 -2 -7 -6 -7 -5 -2 -7 -8  9 -4 -5 -8 -7 -7    0   1   0   0   0   1   3   0   0   0   1   3   0   0  88   1   1   0   0   0  2.83 0.95
   99 D   -1  1  3  5 -4  1  2  0  0 -5 -5  2 -4 -5 -4 -1 -3 -6 -4 -5    5   6  12  31   0   7  11   8   2   0   0  13   0   0   0   3   1   0   1   0  0.64 0.33
  100 Y   -6 -6 -7 -6 -5 -6 -7 -8 -1 -5 -5 -7 -6  3 -7 -6 -6 -3 10 -6    0   0   0   0   0   0   0   0   1   1   1   0   0  10   0   0   0   0  85   0  3.11 1.00
  101 N   -4 -4  7  3 -2 -3 -3 -4 -2 -1 -5 -2 -5 -6 -5  1 -2 -7 -6 -4    1   0  59  18   1   0   1   1   1   4   1   2   0   0   0   9   2   0   0   1  1.51 0.62
  102 P   -2  1  1  1 -1  1  0 -1  1 -4 -3  0 -3 -1  5  1 -2 -1 -1 -4    2   7   7   9   1   6   4   3   3   0   2   5   1   3  28  12   2   1   2   1  0.50 0.28
  103 K   -2  0  1  1 -4  2  2 -2  1 -2 -3  4 -1  0 -2  0 -1 -3  0 -2    2   5   7   7   0  10  13   2   4   2   2  26   1   4   1   5   3   0   3   2  0.31 0.22
  104 T   -3 -1  4  1 -4 -3 -2 -3 -3 -1 -3  2 -3 -3 -2  1  4 -5 -2 -2    1   3  20   7   0   0   1   1   0   4   3  12   0   1   1  11  33   0   1   2  0.60 0.37
  105 F   -2  0  0 -2 -2 -2 -3 -1  2  1  1  0  0  4 -3 -2 -1  2  3  0    3   5   6   1   1   1   0   4   5   8  13   6   2  20   1   2   2   3  11   6  0.24 0.17
  106 S    0  0  0 -2 -3  0  0 -3  1  0  1 -1 -2  0 -2  3  0 -2 -1  0    9   5   5   0   0   3   6   1   3   5  14   3   0   5   1  26   3   0   1   7  0.15 0.18
  107 N   -6 -4  9 -3 -7 -4 -5 -5  4 -8 -8 -4 -6 -7 -6 -1 -5 -8 -2 -7    0   1  82   0   0   0   0   0   9   0   0   1   0   0   0   4   0   0   1   0  2.51 0.89
  108 D   -4 -6 -1  8 -8 -5 -3 -6 -6 -7 -8 -5 -7 -8 -6 -5 -5 -8 -4 -7    2   0   2  94   0   0   0   0   0   0   0   0   0   0   0   0   0   0   1   0  2.80 0.94
  109 I   -6 -7 -7 -7 -5 -7 -7 -8 -7  8 -1 -7 -3 -3 -7 -5 -5 -7 -6 -1    0   0   0   0   0   0   0   0   0  93   3   0   0   1   0   1   0   0   0   1  2.56 0.85
  110 M   -6 -6 -7 -8 -6 -5 -7 -7 -6 -3 -2 -5 11 -5 -7 -6 -3 -6 -6 -2    0   0   0   0   0   0   0   0   0   1   1   1  93   0   0   0   1   0   0   2  3.58 1.14
  111 L   -5 -6 -7 -7 -5 -6 -7 -7 -7  0  7 -6 -1 -3 -7 -6 -5 -6 -5 -3    0   0   0   0   0   0   0   0   0   4  93   0   1   0   0   0   0   0   0   1  2.03 0.74
  112 L   -6 -6 -7 -7 -5 -6 -7 -8 -7 -1  7 -6 -2 -4 -7 -6 -5 -6 -5 -3    0   0   0   0   0   0   0   0   0   2  96   0   0   0   0   0   0   0   0   1  2.17 0.78
  113 K   -5 -2 -4 -5 -7  7 -2 -6 -4 -7 -6  6 -3 -7 -5 -4 -5 -5 -6 -7    0   1   0   0   0  46   2   0   0   0   1  51   1   0   0   0   0   0   0   0  2.04 0.82
  114 L   -4 -6 -7 -7 -5 -6 -7 -7 -7 -3  7 -6 -1 -4 -4 -6 -5 -6 -5 -3    1   0   0   0   0   0   0   0   0   0  96   0   1   0   1   0   0   0   0   0  2.12 0.77
  115 K    0  1 -1 -2 -5  2  5 -3 -2 -5 -5  4 -1 -6 -4 -1  0 -5 -5 -3    6   7   2   1   0  10  34   2   1   0   0  24   2   0   0   3   7   0   0   2  0.73 0.40
  116 S   -1  5  1 -2 -5  0  2 -3  1 -4 -4  3 -3 -5  0  0  0 -1 -2 -5    3  34   7   1   0   2  12   2   4   1   1  16   0   0   4   7   5   1   1   0  0.63 0.34
  117 K   -4  3  1 -4 -7 -1 -2 -5 -1 -6 -6  7 -4 -7 -2 -2 -3 -4 -5 -6    1  13   6   0   0   2   2   0   1   0   0  68   0   0   2   3   1   0   0   0  1.58 0.65
  118 A    7 -5 -5 -6 -4 -5 -5 -3 -6  0 -5 -5 -2 -5 -4 -2 -1 -6 -6  0   82   0   0   0   0   0   0   1   0   6   0   0   1   0   0   1   3   0   0   6  1.67 0.70
  119 K   -4  3  3 -3 -6  2  0 -4  0 -4 -5  5 -2 -5 -4 -2  1 -6 -1 -4    0  16  14   1   0   9   4   0   2   1   0  38   1   0   0   2   8   0   2   1  0.86 0.43
  120 R   -4  2 -5 -6 -2  2 -3 -4 -5 -1  5 -2  1 -3 -4 -5 -4  1 -4 -1    0  13   0   0   1  11   2   1   0   3  59   2   2   0   1   0   0   2   0   3  0.94 0.47
  121 T   -4 -5  5 -2 -5 -5 -5 -4 -5 -5 -6 -5 -4 -6 -5 -1  7 -7 -6 -5    0   0  25   2   0   0   0   1   0   0   0   0   0   0   0   4  68   0   0   0  1.89 0.78
  122 R    2  1 -1  1 -4  0  0 -1  0 -3  0  3 -2 -3  1  0  0 -1 -3 -3   19   9   2   7   0   3   5   3   3   1   9  20   1   0   5   6   5   1   0   0  0.21 0.19
  123 A    6 -4 -1 -2 -3 -1  1 -3 -4 -5 -5 -3 -4  0 -4 -1 -1  1  2 -2   61   0   2   2   0   2   8   1   0   0   0   1   0   4   0   3   4   2   8   2  0.94 0.50
  124 V   -4 -7 -7 -8 -5 -7 -7 -7 -7 -1 -3 -7  0 -5 -7 -6 -4 -7 -6  8    1   0   0   0   0   0   0   0   0   2   1   0   2   0   0   0   0   0   0  94  2.40 0.86
  125 R   -3  4  1 -1 -4  3 -2  2 -1 -5 -5  3 -4 -6 -4  1 -3  1 -4 -5    0  24   5   3   0  15   0  18   1   0   0  18   0   0   0  11   0   2   0   0  0.71 0.39
  126 P   -4 -4 -5 -5 -3 -3 -5 -5 -4  0  1 -4 -1 -3  6 -2  4 -6 -5  0    0   1   0   0   0   1   0   1   0   4  13   0   1   1  38   2  30   0   0   5  1.12 0.53
  127 L   -4 -5 -7 -7 -5 -6 -6 -7 -4  5  4 -6 -1 -3 -6 -6 -3 -6 -5  2    0   1   0   0   0   0   0   0   0  37  46   0   0   0   0   0   1   0   0  14  1.33 0.53
  128 N    1  3  0 -2 -3 -1 -2 -2 -2 -3 -4  1 -3 -6  5  2 -1 -6 -5 -4   12  15   5   2   0   2   1   2   1   1   1   9   0   0  29  16   3   0   0   0  0.71 0.38
  129 L   -6 -6 -7 -8 -5 -6 -7 -5 -7 -1  7 -7 -1 -2 -7 -6 -5 -6 -5 -3    0   0   0   0   0   0   0   1   0   2  94   0   0   1   0   0   0   0   0   0  2.05 0.75
  130 P   -3 -5 -6 -6 -7 -6 -6 -6 -1 -7 -4 -5 -7 -8  9 -3 -3 -8 -7 -7    2   1   0   0   0   0   0   0   2   0   2   0   0   0  89   2   2   0   0   0  2.88 0.96
  131 R   -2  4 -1 -3 -5  2 -1  0 -1 -4 -4  2 -2 -5  1  2  0  3 -4 -4    2  26   3   1   0   9   3   7   1   1   1  15   1   0   6  16   5   4   0   0  0.51 0.32
  132 R    1  2 -1  0 -3  1  0  2  2 -4 -4 -1 -3 -5  1  2  2 -1 -3 -3   11  10   1   5   0   5   4  14   6   0   0   3   0   0   7  16  13   1   0   1  0.31 0.23
  133 N   -2  2  2 -2 -4  2  0  0  0 -4 -3  3  0  1 -2  2 -1  1 -3 -3    1  10  11   0   0  12   4   6   2   1   1  19   2   7   1  15   3   2   0   2  0.34 0.26
  134 V    2 -2  2  3 -3  0  2 -2 -1 -3 -4 -1 -3 -3 -3  2  1 -5 -3 -1   19   1  11  18   0   4  12   2   1   1   0   2   0   1   1  13  11   0   0   4  0.39 0.27
  135 N   -3  3 -2  0 -2  4 -1 -3  1 -4 -2  1 -1  3 -2 -1 -1  4 -1 -4    1  18   1   5   1  22   3   2   4   0   4   6   1  15   2   4   4   5   1   0  0.48 0.31
  136 V   -3 -6 -6 -5 -4 -5 -5 -6 -6  3  2 -5 -1 -4 -2 -5 -3 -3 -5  6    1   0   0   0   0   0   0   0   0  14  18   0   1   0   2   0   1   0   0  60  1.31 0.54
  137 K   -3  4  1 -2 -3  0 -1 -3 -1 -4 -3  5  0 -5  3 -1 -1 -3 -4 -5    1  25   6   2   1   2   3   1   1   1   2  32   3   0  13   5   3   0   0   0  0.75 0.39
  138 P   -3 -4 -6 -6 -7 -5 -5 -6 -5 -7 -6 -4 -6 -7  8 -2  0 -8 -7 -4    2   1   0   0   0   0   0   0   0   0   1   1   0   0  84   2   6   0   0   1  2.64 0.90
  139 G   -4 -1 -3 -4 -6 -5 -2  7 -5 -7 -7 -2 -6 -7 -5 -4 -5 -3 -4 -5    0   3   1   1   0   0   3  86   0   0   0   2   0   0   0   1   0   0   1   1  2.08 0.73
  140 D    0  2 -2  1 -4  4  0 -4 -1 -2 -4  0  3 -5 -3 -1  4 -5 -4 -3    9  10   1   8   0  20   4   0   1   2   0   6   8   0   1   3  26   0   0   1  0.55 0.36
  141 V   -2  0 -3 -5 -4 -1 -2 -4 -4  0  1  1  5 -4 -4 -3  0 -5 -4  5    2   5   1   0   0   3   2   1   0   2  11   9  18   0   0   1   6   0   0  39  0.69 0.38
  142 C   -5 -6 -7 -8 12 -8 -8 -7 -8 -6 -6 -8 -6 -4 -7 -6 -6 -7 -5 -6    0   0   0   0  96   0   0   0   0   0   0   0   0   1   0   0   0   0   0   0  4.32 1.20
  143 Y   -2  3 -1 -3 -3  1 -2 -3  1 -3 -2 -1 -2 -5 -4  4  3  2 -1 -4    1  15   2   1   0   6   2   1   3   1   3   3   1   0   0  39  17   3   2   1  0.66 0.41
  144 V    1 -6 -6 -6 -4 -5 -5 -5 -6  1 -2 -6  0 -5 -6 -5 -3 -6 -5  7   13   0   0   0   0   0   0   1   0   6   3   0   2   0   0   0   1   0   0  73  1.57 0.63
  145 A    7 -5 -5 -6 -5 -5 -5 -4 -6 -5 -5 -5 -5 -6 -3 -1 -1 -6 -6 -1   89   0   0   0   0   0   0   0   0   0   0   0   0   0   1   3   3   0   0   3  1.95 0.77
  146 G   -4 -6 -5 -6 -7 -6 -6  8 -6 -8 -8 -6 -7 -7 -6 -3 -6 -7 -3 -7    0   0   0   0   0   0   0  96   0   0   0   0   0   0   0   1   0   0   1   0  2.61 0.86
  147 W   -8 -6 -8 -9 -7 -7 -8 -8 -7 -8 -5 -8 -7 -4 -8 -8 -7 13 -2 -8    0   0   0   0   0   0   0   0   0   0   1   0   0   0   0   0   0  96   1   0  5.00 1.37
  148 G   -4 -4 -5 -6 -7 -6 -5  8 -6 -8 -8 -6 -7 -7 -6 -5 -6 -7 -7 -7    0   1   0   0   0   0   0  97   0   0   0   0   0   0   0   0   0   0   0   0  2.66 0.87
  149 R   -3  4 -1 -2 -2  3 -2 -3  0 -3  1  2  0 -3 -3 -1 -2  3 -2 -3    1  28   2   2   1  16   1   2   2   1  14  14   3   1   1   4   1   4   1   1  0.53 0.30
  150 M   -3 -3 -3 -3 -4 -3 -4 -5 -2  2  2 -4  2 -2 -5 -3  5 -5 -4  3    0   1   1   2   0   1   0   0   1   9  22   0   6   1   0   0  36   0   0  18  0.74 0.40
  151 A    2 -2  0 -1 -2 -2 -2  3 -1  0 -4 -2 -3 -4 -3  3  1 -4 -4 -3   16   2   4   2   1   1   2  25   1   6   1   1   0   0   0  27   8   0   0   1  0.46 0.29
  152 P    0 -1 -1  1 -2 -1 -2 -2 -2  0  0 -1  1 -2  3 -1  0 -2 -2  3    6   4   3   8   0   3   2   2   1   4   8   3   3   1  15   4   4   1   1  28  0.25 0.17
  153 M   -2  0  4  0 -1  0  1 -2  0 -2  0  1  2 -2 -3 -1  1  0 -2 -2    1   4  25   6   1   4   9   2   2   2  11   7   8   2   1   2  11   1   1   1  0.30 0.23
  154 G   -1 -1  3  2 -2 -1  2  4  0 -5 -5 -1 -1 -5 -3  0 -1 -5 -4 -4    4   2  13  12   1   1  14  34   2   0   0   4   2   0   1   6   3   0   0   1  0.57 0.29
  155 K   -3  3 -1 -1 -5  1  0 -4  0 -1 -3  2 -1 -5  4  0  2 -1 -4 -2    1  16   2   2   0   5   5   0   3   4   1  14   1   0  21   7  13   1   0   2  0.49 0.29
  156 Y    0  1 -2 -2  1 -1 -2  1  0 -1  0  0  0  1  0  0  0  0  1  0    9  10   1   1   3   1   1  10   2   2  12   4   2   5   5   9   7   1   7   5  0.05 0.08
  157 S    2 -5 -4 -4 -2 -4 -4 -4 -5 -5 -4 -4 -5 -6  3  5  4 -6 -5 -4   15   0   0   0   1   0   0   0   0   0   1   0   0   0  14  39  28   0   0   0  1.10 0.55
  158 N   -1 -2  4  5 -5 -2 -1 -3 -1 -3 -5 -1 -5 -5 -2  2  1 -6 -2 -3    4   1  23  35   0   1   3   1   1   1   1   2   0   0   2  13   8   0   1   1  0.81 0.41
  159 T   -3  0 -3 -4 -3 -4 -4 -5 -5  1 -4  3 -3 -5 -5 -2  6 -6 -5  1    1   4   0   0   0   0   0   0   0   6   1  19   0   0   0   2  54   0   0  10  1.14 0.56
  160 L   -5 -4 -7 -7 -5 -6 -7 -7 -7 -3  7 -6  0 -4 -4 -6 -5 -6 -5 -3    0   1   0   0   0   0   0   0   0   0  95   0   2   0   1   0   0   0   0   0  2.07 0.76
  161 Q   -5  4 -4 -5 -7  8 -3 -6  4 -6 -3 -2  1  1 -6 -5 -5 -6 -3 -6    0  20   0   0   0  59   1   0   8   0   2   0   4   6   0   0   0   0   0   0  1.77 0.76
  162 E   -4 -5 -4 -1 -2 -2  8 -5 -5 -8 -8 -3 -7 -8 -6 -5 -5 -8 -7 -3    1   0   0   3   1   0  92   1   0   0   0   1   0   0   0   0   0   0   0   2  2.43 0.92
  163 V    1 -7 -7 -7 -5 -6 -6 -6 -7 -1 -4 -6 -1 -5 -6 -5  0 -7 -5  7   11   0   0   0   0   0   0   0   0   1   0   0   1   0   0   0   6   0   0  80  1.85 0.73
  164 E   -3 -1  1  3 -6  3  4 -5 -3 -5 -4  4 -1 -5 -4 -2 -3 -4 -4 -3    1   1   5  17   0  12  31   0   0   0   1  23   1   0   0   2   1   0   1   2  0.86 0.44
  165 L   -5 -6 -7 -7 -5 -2 -6 -7 -6 -1  6 -6  3 -4 -7 -6 -5 -6 -5  1    0   0   0   0   0   2   0   0   0   2  80   0   5   0   0   0   0   0   0  10  1.65 0.64
  166 T   -3  4 -3 -3 -5 -1  3 -5 -4  0 -4  1 -3 -5 -4  0  4 -6 -5 -2    1  23   0   0   0   1  19   0   0   6   0   9   1   0   0   6  30   0   0   3  0.74 0.43
  167 V   -4 -6 -6 -7 -5 -6 -6 -7 -7  4  1 -6 -1 -4 -6 -5 -2 -6 -5  6    0   0   0   0   0   0   0   0   0  18  14   0   1   0   0   0   2   0   0  63  1.51 0.59
  168 Q   -5 -3 -5 -5 -7  8 -2 -7 -4 -3 -1 -3  6 -5 -6 -5 -4 -4  1 -4    0   1   0   0   0  64   1   0   0   1   6   1  19   0   0   0   0   0   5   1  1.95 0.82
  169 K   -2  3  1  2 -4  1  3 -2 -1 -5 -5  3 -3 -5 -2  1 -2 -4 -4 -5    3  14   8  13   0   5  22   3   1   0   0  16   1   0   2  11   2   0   0   0  0.53 0.31
  170 D   -2  0 -1  7 -7 -3  1 -3 -1 -6 -6  1 -4 -7  2 -2 -4 -7 -6 -5    3   6   2  57   0   0   7   2   1   0   0   7   0   0  11   2   0   0   0   1  1.28 0.55
  171 R   -2  4 -1  0 -5  5  3 -2 -1 -5 -4  2 -4 -3 -3 -2 -3  0 -2 -4    2  19   2   4   0  26  22   3   1   0   2  10   0   1   1   3   1   1   1   1  0.71 0.39
  172 E    2 -1 -3 -1 -5  1  3 -4 -3 -1 -2  3  1 -4 -3 -3 -1 -5 -4  1   18   2   1   2   0   7  23   0   0   3   3  20   3   0   1   0   4   0   0  13  0.45 0.33
  173 C   -6 -5 -9 -9 12 -9-10 -8 -9 -7 -7 -9 -7 -5 -9 -7 -7 -4 -8 -7    0   1   0   0  98   0   0   0   0   0   0   0   0   1   0   0   0   0   0   0  4.57 1.32
  174 E   -2  1 -1 -2 -4  2  4 -3  0  1 -2  3 -2 -4 -2  0 -1 -4 -3 -2    2   6   3   1   0   7  28   1   2   8   4  22   1   0   1   8   3   0   1   2  0.48 0.31
  175 S   -1  2  1  0 -1  0  0 -2  4 -2 -2  0 -2 -2 -3  3  0 -3 -1 -3    4  13   6   5   1   4   4   1  10   2   4   5   1   2   0  30   4   0   2   1  0.37 0.27
  176 Y   -3  4 -2 -4  2 -1 -3 -5  4 -1  1 -2  0  3 -4 -1 -3 -1  3 -2    1  27   1   1   4   2   0   0  12   3  12   1   2  12   0   4   1   1  12   2  0.60 0.34
  177 F   -4 -3 -4 -4 -4 -4 -4 -5 -3 -2  1 -4 -1  7 -1 -3 -4  2  6 -3    1   1   1   1   0   1   1   1   0   2  12   1   1  44   4   2   1   3  22   1  1.28 0.48
  178 K   -1  2 -1 -2 -1  1 -1 -2  3 -3 -2  2 -1 -1  4 -1 -1 -2  2 -2    3  12   2   2   1   5   2   3   7   2   4  16   2   2  21   3   2   1   7   2  0.38 0.19
  179 N   -2  1  3  2 -1 -1  0  0  4 -4 -2  0 -2 -3 -2  1  0 -4  0 -3    2   7  18  11   1   2   5   7  13   1   4   6   1   1   2  12   4   0   3   1  0.34 0.21
  180 R   -1 -1  1  0 -1 -2 -2 -2  4 -2  0 -1 -2  2 -1 -1 -1 -1  5 -1    6   3   7   5   1   1   2   2  11   2   9   4   1   9   3   5   4   0  22   3  0.31 0.18
  181 Y   -5 -5 -6 -6 -6 -5 -6 -6  0 -5 -5 -5 -5  4 -6 -5 -5 -2  9 -5    1   0   0   0   0   0   0   1   2   0   1   0   0  16   0   1   0   0  75   0  2.71 0.89
  182 N   -3 -2  6  4 -4 -1 -2 -3  0 -2 -3 -1 -3 -3 -4  2  0 -3 -3 -3    1   2  36  22   0   2   1   1   2   3   3   4   1   1   0  13   5   1   1   2  0.80 0.39
  183 K   -1  2  2  0 -2 -1 -1  0  4 -4 -5  1 -4 -4  2  2  0 -4  0 -4    3  11   9   6   1   2   3   7  12   1   0   9   0   0   9  17   5   0   4   0  0.38 0.26
  184 T    3  0  3  0 -4  2 -2 -2 -3 -3 -4 -1 -2 -4 -3  1  3 -2 -3 -3   22   6  14   5   0  10   1   1   0   1   1   2   1   0   1  12  21   1   1   1  0.47 0.33
  185 N   -3 -2 -1 -4 -3 -4 -4 -1 -5  2  1 -2 -2 -1 -3  2  5 -5 -4 -2    0   2   2   0   0   0   0   6   0  13  12   2   1   3   1  12  43   0   0   1  0.70 0.43
  186 Q   -5 -3 -4 -5 -7  8  2 -6 -1 -6 -4 -2  6 -7 -4 -5 -5 -6 -6 -5    0   0   0   0   0  61  14   0   2   0   1   1  18   0   1   0   0   0   0   0  2.00 0.84
  187 I   -5 -6 -7 -7 -5 -6 -6 -7 -7  6  4 -5  4 -3 -6 -5 -4 -6 -5  1    0   0   0   0   0   0   0   0   0  45  36   1   9   0   0   0   0   0   0   8  1.43 0.57
  188 C   -6 -6 -8 -9 12 -8 -9 -8 -8 -7 -7 -8 -7 -8 -8 -6 -6 -8 -8 -6    0   0   0   0  98   0   0   0   0   0   0   0   0   0   0   0   0   0   0   0  4.57 1.31
  189 A    3 -6 -7 -7 -5 -6 -6 -5 -7 -2 -4 -6  0 -5 -6 -5 -3 -7 -6  7   21   0   0   0   0   0   0   1   0   1   0   0   3   0   0   0   1   0   0  73  1.79 0.74
  190 G   -4 -4 -5 -6 -7 -5 -7  8 -7 -8 -8 -6 -7 -8 -4 -5 -6 -4 -8 -8    0   1   0   0   0   0   0  96   0   0   0   0   0   0   1   0   0   0   0   0  2.69 0.92
  191 D   -5 -3  5  7 -7 -4 -2 -5 -3 -6 -7 -3 -6 -7 -6  1 -4 -8 -6 -5    0   1  28  55   0   0   1   0   0   0   0   2   0   0   0  10   0   0   0   1  1.73 0.70
  192 P   -5 -2 -6 -4 -7 -2 -2 -6 -4 -5 -4 -4 -4  1  8 -1 -4 -7 -6 -6    0   3   0   1   0   2   3   0   0   0   2   1   0   5  76   4   1   0   0   0  2.23 0.83
  193 K   -3  4  1 -1 -6  2  0 -2  3 -5 -4  5 -3 -5 -4 -1 -1 -2 -3 -5    1  25   6   4   0   7   5   3   6   0   1  32   1   0   0   4   3   1   1   0  0.78 0.40
  194 T   -3 -1 -1 -1 -5  1  4 -1 -1  1 -3  4  0 -4 -4 -1  0 -5 -2 -3    1   2   3   2   0   6  24   5   1   8   2  31   3   0   0   4   5   0   2   1  0.54 0.35
  195 K   -2  3  1 -2 -2  0 -1 -1 -2  0  0  4  2 -3 -2 -1  1 -4 -3 -2    1  19   6   1   1   3   2   4   1   5   8  27   6   1   2   2   9   0   0   3  0.38 0.27
  196 R   -4  3  0 -4 -6  1 -2 -4 -2 -5 -6  7 -1 -7 -5 -3 -4 -7 -4 -6    1  13   4   0   0   5   1   1   1   1   0  67   2   0   0   2   0   0   1   0  1.62 0.68
  197 A    3 -4  1  1 -1 -3 -3 -1 -2 -3 -4 -3 -4 -5 -3  5  2 -2 -5 -3   21   0   6   9   1   0   0   4   1   1   1   0   0   0   1  38  13   1   0   1  0.71 0.43
  198 S    3 -5 -3 -4 -1 -3 -4 -1 -3 -3 -4 -4 -4 -2  1  5  2 -6 -5  0   25   0   0   0   1   0   0   5   1   1   1   0   0   2   6  39  12   0   0   6  0.76 0.46
  199 F   -2 -5 -4 -7 -2 -6 -5 -2 -5 -3 -2 -6 -2  8 -5  1 -4 -3  4 -4    3   1   1   0   1   0   1   3   0   1   2   0   1  61   1   9   1   0  14   1  1.75 0.68
  200 R   -4  2 -2 -4 -3  4  0 -5 -2 -5  0  6  0 -5 -5 -2 -3 -6 -3 -5    0   8   1   0   1  15   5   0   1   0   9  51   3   0   0   3   1   0   1   0  1.07 0.53
  201 G   -4 -5 -5 -6 -4 -6 -4  8 -6 -8 -6 -5 -7 -7 -7 -4 -6 -7 -7 -7    0   1   0   0   0   0   1  95   0   0   1   1   0   0   0   0   0   0   0   0  2.57 0.87
  202 D   -5 -2 -3  8 -8 -5 -3 -5 -3 -8 -8 -5 -8 -8 -4 -5 -6 -9 -8 -8    1   2   0  94   0   0   0   0   1   0   0   0   0   0   1   0   0   0   0   0  2.83 0.96
  203 S   -3 -5 -4 -4 -6 -5 -5 -4 -6 -7 -5 -5 -6 -3 -4  7 -1 -7 -6 -6    1   0   0   0   0   0   0   1   0   0   1   0   0   1   0  93   2   0   0   0  2.25 0.91
  204 G   -4 -2 -5 -6 -7 -6 -4  8 -6 -8 -8 -6 -7 -7 -5 -4 -6 -1 -7 -7    0   2   0   0   0   0   1  94   0   0   0   0   0   0   1   0   0   1   0   0  2.51 0.85
  205 G   -3 -5 -5 -4 -7 -6 -6  8 -6 -8 -8 -6 -7 -7 -6 -2 -4 -7 -7 -7    2   0   0   1   0   0   0  93   0   0   0   0   0   0   0   2   1   0   0   0  2.50 0.84
  206 P   -6 -5 -7 -5 -8 -6 -6 -7 -7 -8 -5 -6 -7 -9  9 -6 -5 -9 -8 -7    0   1   0   1   0   0   0   0   0   0   1   0   0   0  97   0   0   0   0   0  3.38 1.10
  207 L   -6 -7 -8 -8 -6 -7 -7 -8 -7 -2  7 -7 -1  1 -7 -7 -6 -6 -5 -3    0   0   0   0   0   0   0   0   0   0  93   0   1   5   0   0   0   0   0   1  2.10 0.77
  208 V   -4 -6 -7 -7 -5 -6 -7 -7 -7  0  2 -6  1 -4 -5 -4 -4 -7 -5  7    1   0   0   0   0   0   0   0   0   4  18   0   3   0   0   1   0   0   0  72  1.68 0.67
  209 C   -6 -5 -8 -9 12 -8 -9 -8 -6 -7 -7 -8 -7 -5 -8 -5 -6 -8 -2 -6    0   1   0   0  96   0   0   0   0   0   0   0   0   1   0   1   0   0   2   0  4.33 1.23
  210 K    2 -1  6  2 -4 -2 -2 -1  0 -6 -6  2 -3 -6 -5 -1 -3 -7 -5 -5   16   3  42  12   0   1   2   4   2   0   0  14   1   0   0   4   0   0   0   0  0.97 0.48
  211 K   -4 -1  6 -2 -5 -1 -3  4  0 -7 -7  2 -6 -7 -6 -2 -4 -7 -5 -7    0   2  41   2   0   3   1  33   2   0   0  13   0   0   0   2   0   0   0   0  1.29 0.56
  212 V   -2 -2 -5 -6 -5 -4 -2 -4 -6  0 -2  1  3 -5 -5 -3 -1 -6 -5  6    2   2   0   0   0   0   2   1   0   3   1   8   7   0   0   1   3   0   0  67  1.26 0.58
  213 A    7 -6 -6 -6 -5 -5 -5 -4 -6  1 -4 -5 -5 -2 -3 -2 -4 -7 -6  1   78   0   0   0   0   0   0   0   0   7   1   0   0   2   1   1   0   0   0   9  1.60 0.69
  214 A   -2 -2 -5 -5 -7  8 -1 -6  5 -7 -6 -3 -4 -7 -5 -5 -5 -4  0 -6    3   2   0   0   0  74   2   0  14   0   0   1   0   0   0   0   0   0   3   0  2.27 0.89
  215 G   -1 -7 -5 -5 -7 -6 -7  8 -4 -8 -8 -6 -7 -8 -7 -4 -6 -7 -7 -5    4   0   0   0   0   0   0  94   0   0   0   0   0   0   0   1   0   0   0   1  2.50 0.84
  216 I   -6 -7 -8 -8 -6 -7 -8 -8 -8  8 -2 -7  0 -4 -7 -7 -3 -7 -6  1    0   0   0   0   0   0   0   0   0  89   1   0   1   0   0   0   1   0   0   8  2.42 0.82
  217 V   -1 -4 -6 -6 -4 -6 -6 -6 -7  1 -2 -6 -3  2 -6 -3 -3 -6 -4  7    5   1   0   0   0   0   0   0   0   4   2   0   0   8   0   2   0   0   0  76  1.61 0.65
  218 S   -2 -4 -3 -5  1 -5 -5 -5 -6 -7 -6 -5 -6 -5 -5  7 -2 -7 -6 -4    2   1   0   0   3   0   0   0   0   0   0   0   0   1   0  91   1   0   0   1  2.18 0.89
  219 Y   -6 -2 -3 -7 -1 -4 -6 -3  3 -5 -4 -5 -5  4 -7 -3 -5  4  9 -5    0   2   1   0   1   1   0   2   6   0   1   1   0  14   0   2   0   4  63   0  2.09 0.76
  220 G   -1 -3 -5 -4 -4 -4 -5  7 -3 -7 -7 -5 -6 -7 -6 -3 -4 -7 -7 -2    5   1   0   1   0   0   1  85   1   0   0   0   0   0   0   1   1   0   0   3  2.04 0.73
  221 Y   -3  3  1  0 -4  1 -1 -4  3 -2 -1  3 -3 -2  0  0 -2 -2  2 -3    1  18   6   5   0   6   3   0   8   2   7  19   0   1   5   8   1   1   8   1  0.33 0.24
  222 K   -2  2  2  0  0  0  1  0  0 -2 -3  3 -1 -3  1  1 -1 -1 -2 -3    2  11  11   5   2   4   9   6   2   3   2  21   1   1   6   9   4   1   1   1  0.25 0.18
  223 D   -3 -1  5  5 -3 -2 -1 -2  0 -3 -4 -1  0 -3 -3  0  0 -4 -1 -4    1   3  32  29   1   1   3   2   2   1   2   3   3   1   1   6   5   0   3   1  0.80 0.38
  224 G    2  0 -3 -3  1 -3 -3  6 -2 -4 -4 -1 -4 -4 -3 -1 -2 -2 -4 -3   19   5   1   1   3   1   2  54   1   1   1   3   0   1   1   3   2   1   0   2  0.97 0.42
  225 S   -2 -2 -1 -3 -4 -1 -1 -4 -4  1 -2  4  0 -4 -3  1  5 -3 -4 -2    2   1   3   1   0   2   2   0   0   9   3  25   2   0   1  11  35   0   0   2  0.66 0.40
  226 P   -1 -6 -4 -5 -6 -5 -5 -6 -4 -4 -3 -4 -6  0  8 -1  1 -7 -6 -4    5   0   1   0   0   0   0   0   0   1   3   1   0   5  69   5   9   0   0   1  1.96 0.75
  227 P   -5 -7 -7 -6 -8 -6 -6 -7 -3 -8 -5 -6 -5 -7  9 -3 -5 -9 -8 -7    1   0   0   0   0   0   0   0   1   0   1   0   0   0  94   2   1   0   0   0  3.21 1.07
  228 R    3  3 -1 -2  1  1  0  3  0 -3 -4 -1 -2 -4 -4  0 -1  0 -4 -2   24  17   3   2   3   5   4  22   2   1   0   3   1   0   0   7   2   1   0   3  0.39 0.26
  229 A    0 -7 -7 -7 -5 -6 -6 -6 -7  2 -3 -6 -2 -4 -7 -6 -4 -7 -5  7    6   0   0   0   0   0   0   0   0  11   1   0   0   0   0   0   0   0   0  81  1.95 0.74
  230 F   -7 -7 -7 -8  0 -6 -6 -8 -5 -4 -4 -7 -5  8 -8 -5 -7 -3  6 -6    0   0   0   0   2   0   0   0   0   0   0   0   0  67   0   1   0   0  29   0  2.64 0.88
  231 T   -2 -6 -5 -5 -6 -5 -6 -6 -6 -1 -6 -5  2 -7 -3 -3  8 -7 -6 -3    2   0   0   0   0   0   0   0   0   3   0   0   4   0   1   0  88   0   0   1  2.32 0.91
  232 K   -5  7 -2 -5 -8 -1 -2 -5 -4 -7 -6  5 -6 -7 -6 -4 -5 -2 -6 -7    0  59   2   0   0   1   1   1   0   0   0  34   0   0   0   0   0   1   0   0  1.94 0.74
  233 V   -5 -7 -7 -7 -5 -6 -7 -7 -7  7 -1 -6 -3 -4 -7 -6 -3 -7 -5  5    0   0   0   0   0   0   0   0   0  52   4   0   0   0   0   0   1   0   0  43  1.80 0.66
  234 S   -1 -5 -4 -5 -4 -4 -4 -4 -5 -5 -4 -4 -6 -4 -5  7 -1 -7 -6 -2    5   0   0   0   0   0   0   0   0   0   2   1   0   1   0  85   3   0   0   3  1.86 0.81
  235 S   -2  0  1 -4 -2 -3 -4 -4  6 -6 -6 -2 -5 -3  2  5  0  0  2 -5    2   4   5   0   1   0   0   0  17   0   0   2   0   1  10  43   5   1   8   0  0.94 0.50
  236 F   -7 -7 -7 -8 -7 -7 -7 -8 -2 -5 -3 -7 -5  8 -8 -7 -6 -3  7 -5    0   0   0   0   0   0   0   0   1   0   1   0   0  67   0   0   0   0  30   0  2.68 0.87
  237 L   -4  1 -5 -5 -5 -1 -1 -5 -5  1  5 -4  2 -3 -6 -4 -4 -2 -4  2    0   9   0   0   0   2   4   0   0   7  57   0   4   0   0   1   0   0   0  13  0.91 0.44
  238 S   -3 -1 -5 -2 -1 -1 -5 -6  1 -6 -5 -3 -6 -5  8  2 -3 -7 -1 -6    1   3   0   3   1   3   0   0   4   0   1   1   0   0  65  13   2   0   3   0  1.83 0.71
  239 W   -8 -6 -9-10 -4 -7 -8 -8 -8 -8 -7 -8 -7 -5 -9 -8 -8 13 -3 -8    0   0   0   0   0   0   0   0   0   0   0   0   0   0   0   0   0  98   0   0  5.19 1.42
  240 I   -6 -7 -8 -8 -6 -7 -8 -8 -8  8 -2 -7  0 -5 -7 -7 -5 -7 -6 -1    0   0   0   0   0   0   0   0   0  94   1   0   2   0   0   0   0   0   0   2  2.64 0.87
  241 K   -4  3  4 -1 -6  3  0 -5  1 -6 -5  6 -2 -6 -5 -2 -3 -4 -3 -6    1  12  18   2   0  11   4   0   3   0   0  45   1   0   0   2   0   0   1   0  1.09 0.50
  242 K   -2  4 -1 -2 -6  0  3 -4 -3 -4 -5  5 -4 -6 -5 -1 -1 -4 -5 -5    3  23   2   2   0   2  16   0   0   1   0  43   0   0   0   3   5   0   0   0  1.04 0.49
  243 T   -3 -5 -1 -5 -5 -2 -2 -6 -6  3 -4 -3 -1 -5 -5 -2  6 -6 -5  2    1   0   3   0   0   2   3   0   0  15   0   1   1   0   0   1  58   0   0  14  1.27 0.60
  244 M   -5 -6 -7 -8 -6 -5 -7 -8 -6  2  3 -6 10 -4 -7 -6 -5 -6 -5 -3    0   0   0   0   0   0   0   0   0  10  25   0  63   0   0   0   0   0   0   1  2.36 0.84
  245 K   -5  5  0 -5 -7  0 -2 -5 -3 -7 -6  7 -5 -7 -5 -3 -4 -7 -6 -6    0  29   4   0   0   3   1   1   0   0   0  61   0   0   0   1   0   0   0   0  1.72 0.66
  246 S    0  4  0 -3 -5  1  2 -3  4 -5 -5  3 -4 -5 -3  2 -2 -5 -3 -4    6  25   4   0   0   6  12   1  10   0   0  18   0   0   0  14   1   0   0   0  0.63 0.33
  247 S   -2 -3  6 -2 -4 -2 -2 -3 -2 -5 -5 -2 -4 -5 -4  5  0 -6 -4 -4    0   0  47   0   0   0   0   0   0   0   0   0   0   0   0  49   4   0   0   0  1.26 0.39

                      K         Lambda
Standard Ungapped    0.1344     0.3184
Standard Gapped      0.0668     0.2670
PSI Ungapped         0.2184     0.3154
PSI Gapped           0.0668     0.2670
