
Last position-specific scoring matrix computed, weighted observed percentages rounded down, information per position, and relative weight of gapless real matches to pseudocounts
           A  R  N  D  C  Q  E  G  H  I  L  K  M  F  P  S  T  W  Y  V   A   R   N   D   C   Q   E   G   H   I   L   K   M   F   P   S   T   W   Y   V
    1 M   -3 -3 -4 -5 -3 -2 -4 -5 -3  0  2 -3  9 -2 -4 -3 -2 -3 -3 -1    0   0   0   0   0   0   0   0   0   2   9   0  89   0   0   0   0   0   0   0  1.56 0.31
    2 E   -2 -1 -1  2 -5  3  6 -3 -2 -5 -4  1 -3 -5 -3 -1 -2 -4 -4 -4    0   0   0  10   0  15  67   0   0   0   0   5   0   0   0   4   0   0   0   0  1.06 0.25
    3 N   -1 -1  5  2 -3  0  0 -1 -2 -4 -4 -2 -3 -4 -1  4  0 -5 -2 -4    3   1  33  12   0   4   3   1   0   0   1   0   0   0   2  35   3   0   1   0  0.63 0.22
    4 T    0 -2  3 -2 -2  0  0  4 -2 -3 -4 -2 -3 -4 -3  1  2 -4 -3 -2    5   0  18   0   1   3   7  33   0   0   0   0   0   0   0  11  18   0   1   2  0.50 0.20
    5 E   -2 -1 -1  1 -4  3  5  1 -2 -3 -5  1 -4 -5 -2 -1 -2 -5 -4 -3    1   1   1   6   0  12  53  13   0   1   0   7   0   0   1   2   1   0   0   1  0.79 0.28
    6 N   -4 -4  3  7 -4 -3 -1 -4 -3  0 -5 -3 -5 -6 -3 -2  0 -6 -5 -4    0   0  17  67   0   0   1   0   0   6   0   0   0   0   0   1   6   0   0   1  1.40 0.41
    7 S    0 -2  0 -1  1  0  0 -1  0 -1 -1 -2 -1 -2 -2  3  2 -4 -3  1    7   0   3   2   4   4   6   2   3   3   5   0   1   1   1  31  17   0   0  10  0.25 0.17
    8 V   -1 -3 -3 -4 -2 -4 -3 -2 -5  1  0 -3  1 -3  0 -2  2 -1 -3  5    4   1   1   0   1   0   1   3   0   3   5   0   3   0   4   1  16   1   0  55  0.65 0.29
    9 D   -3 -5 -2  8 -7 -3 -1 -4 -3 -6 -7 -3 -6 -7 -2 -2 -4 -7 -6 -6    1   0   0  91   0   0   1   1   0   0   0   0   0   0   2   3   0   0   0   0  2.23 0.57
   10 S    6 -4 -3 -4 -3 -3 -3 -2 -1 -4 -4 -3 -4 -5 -2  3  1 -5 -4 -2   65   0   0   0   0   0   0   1   1   0   0   0   0   0   1  23   6   0   0   1  1.05 0.39
   11 K   -2  4 -2 -2  0 -1 -1 -2 -2 -4 -2  6 -2  0 -2 -1 -2 -5 -3 -4    1  20   1   1   2   0   2   3   0   0   3  54   0   4   2   3   1   0   0   0  0.83 0.32
   12 S   -1 -1  0 -1 -2  0 -1  1 -3 -4 -3  0 -4 -5  5  3 -1 -5 -4 -3    1   3   4   2   1   4   3  12   0   0   2   4   0   0  29  30   3   0   0   1  0.67 0.26
   13 I   -1 -2 -1  2  0 -2 -1 -1 -2  3  0  0 -1  0 -2  0  0 -3 -1  1    5   1   1  18   3   1   3   4   0  25   6   6   0   5   1   7   5   0   1   9  0.14 0.12
   14 K   -1  3  1  0 -4  0 -1 -2 -2 -2 -1  3 -2  1  2 -1 -1 -4 -1 -3    5  20   7   5   0   1   2   3   0   3   6  22   0   7  11   4   4   0   1   0  0.27 0.15
   15 N    0  0  3  1 -3  0  0  2 -1 -2 -2 -1 -2 -2  0  2  1 -4 -3 -2    9   4  16   6   0   3   4  15   1   2   3   2   0   2   4  19  10   0   0   1  0.23 0.13
   16 L    0 -1  0 -2  0  0 -1  0 -2 -2  0  1 -1  1 -2  3  2 -2 -2 -1    5   2   4   1   2   5   1   8   1   1   9   9   1   9   0  26  14   0   0   3  0.16 0.14
   17 E   -2  1 -1  1 -1  2  4 -1 -2 -3 -2  1 -3  1 -3 -1 -1 -3 -3 -1    2   8   1   5   2   9  37   6   0   1   2   9   0   7   0   3   3   0   0   4  0.39 0.20
   18 P    0 -1 -1 -1 -3  0 -1  1 -3 -1 -1  0 -2 -2  3  0  3 -1 -3  0    7   3   1   3   0   3   2  12   0   2   5   6   1   1  16   6  22   1   0   8  0.24 0.13
   19 K    1  1 -1  2 -4  2  2 -1 -2 -3 -4  3 -2 -3  1  1 -1 -4 -3 -3   10   4   1  12   0  10  10   3   0   1   0  25   1   1   6  13   1   0   0   0  0.36 0.18
   20 I    1 -1  2  0 -1  0 -1 -1 -1  1 -1  0 -1 -1  0  1  0 -3 -1  0   11   1  14   5   1   5   0   4   1  16   5   5   0   2   4  14   6   0   2   7  0.09 0.09
   21 I   -1 -3 -2 -1 -2 -2 -2 -2 -2  2  2 -2  0  3  0 -1  0 -1  0  1    2   0   1   4   0   1   2   4   0  17  20   2   1  16   5   5   6   1   1  11  0.17 0.11
   22 H    0  0  0 -1 -3  1  1 -1  5 -2 -3 -1 -2 -1  2  1  1 -2  2 -2    6   4   3   2   0   7   8   4  19   3   1   2   0   3  11  10   8   0   7   2  0.27 0.14
   23 G    0  1  1 -1 -3 -1  1  3 -2 -3 -3  1  1 -3  0  1  0 -4 -3 -2    7   8   5   1   0   1  11  25   0   1   0  10   5   1   4  11   6   0   0   2  0.25 0.13
   24 S    0  0 -1 -2 -1 -1 -2 -1 -1 -2 -3  2 -1 -4  0  4  0 -4 -3  1    4   4   1   1   1   2   1   3   1   2   1  14   1   0   5  43   5   0   0  11  0.38 0.22
   25 E   -1  0  0  2 -3  1  2 -2 -2 -3 -3  4 -2 -3 -1  1 -1 -4 -3 -2    4   3   2  13   0   6  12   2   0   1   2  34   1   1   2  12   3   0   0   2  0.40 0.19
   26 S    1 -1  0 -2 -3  0  0 -1 -2 -2 -2  1  0 -2  1  4  0 -2 -2  1   10   1   4   1   0   4   4   2   0   1   3   9   2   1   5  37   5   1   1  11  0.27 0.17
   27 M   -1  0  0 -2 -2 -1 -1 -2  0  0  0 -1  4  1 -1 -1  1 -3 -1  2    2   4   5   1   0   2   5   3   2   3   8   3  19   7   2   3  10   0   1  18  0.14 0.13
   28 D   -1  1  0  5 -3 -1  1 -2 -2 -2 -3 -1 -3 -4  1  0 -2 -4  0 -2    4   7   4  45   1   2   7   2   0   2   3   2   0   0   7   5   1   0   4   2  0.56 0.22
   29 S    1  2 -2 -2 -3  0  0 -1 -2 -1 -3 -1 -3 -4  2  4  0 -4 -3 -2    9  11   0   1   0   3   4   4   0   4   1   2   0   0  11  41   5   0   0   3  0.43 0.21
   30 G    1  1 -1  0 -2 -1  0  3  0  0 -2  1 -2 -3 -2  1 -1 -2 -3 -1   14   8   1   6   1   0   4  27   3   8   1  11   0   0   1   9   3   0   0   2  0.23 0.12
   31 I   -1 -1 -2 -2 -2  1  0 -2 -1  2  1  0  1  0  2  0 -1 -3 -1  1    4   2   1   1   0   8   6   1   1  20  11   5   3   4  13   7   1   0   1  10  0.15 0.10
   32 S    0 -1  1  2 -2 -1 -1 -2  0 -2 -2 -2 -2 -1  1  3  1 -4 -1 -1    5   2   6  15   0   2   2   0   2   2   3   1   0   3   6  35   9   0   2   4  0.30 0.17
   33 L   -1 -3 -2  1 -3 -1 -1 -2  3 -2  2 -2 -1 -1  5  0 -2 -3 -1  0    4   1   0   9   0   1   3   2   8   1  21   1   0   2  31   6   1   0   1   6  0.50 0.19
   34 D    1 -2  1  5 -3  0  0 -2 -2 -3 -3 -2 -2 -4  1  1  2 -4 -3 -3   11   2   5  36   0   3   4   2   0   1   2   1   0   0   5  13  13   0   0   1  0.47 0.19
   35 N   -2 -2  2  0 -3 -1  3 -3  2 -3 -2 -2  0  4  0 -1 -1 -2  4 -3    2   0  12   4   0   1  21   1   4   1   1   1   4  18   5   2   4   0  17   1  0.41 0.20
   36 S   -1  3 -1 -1 -1  4  3 -3 -2 -4 -3  2 -3 -2 -3  2 -1 -4 -1 -2    2  20   1   1   2  20  23   0   0   0   1   9   0   2   0  15   1   0   2   2  0.54 0.24
   37 Y   -5 -5 -6 -7 -6 -5 -6 -7 -2 -5 -5 -5 -5  0 -7 -5 -5 -1 10 -4    0   0   0   0   0   0   0   0   0   0   0   0   0   0   0   0   0   0  99   1  3.12 0.71
   38 K   -3  2  5  1 -3  0 -2 -3 -2 -5 -5  5 -4 -5 -2  0 -2 -5 -4 -5    1  11  31   5   1   2   0   0   0   0   0  40   0   0   1   8   1   0   0   0  0.90 0.33
   39 M   -4 -5 -6 -7 -5 -4 -6 -6 -5 -2  0 -5 10  1 -6 -5 -2 -5 -4 -2    0   0   0   0   0   0   0   0   0   1   6   0  86   4   0   0   2   0   0   0  2.55 0.66
   40 D   -3 -2  5  6 -2 -2 -1 -2 -2 -5 -6 -1 -5 -6 -4  0  0 -6 -5 -4    1   1  34  45   1   0   0   2   0   0   0   4   0   0   0   6   6   0   0   1  1.13 0.36
   41 Y   -5 -1  0 -5 -6 -3 -4 -5  8 -5 -4 -3 -4  3 -6 -4 -4 -2  7 -5    0   4   5   0   0   0   0   0  35   0   0   1   0  12   0   0   0   0  43   0  1.76 0.48
   42 P   -2  0 -1 -2 -2  1  1 -3 -1 -5 -5  4 -4 -6  6 -2 -2 -5 -4 -4    1   4   2   1   1   7   8   1   1   0   0  27   0   0  42   2   1   0   0   1  1.08 0.33
   43 E   -3  4  1 -2  2  0  3 -4 -2 -5 -4  4 -3 -5 -3  0 -2 -3 -4 -3    0  29   6   0   6   2  19   0   0   0   0  28   1   0   0   8   1   0   0   1  0.73 0.28
   44 M   -3  6 -4 -5 -4 -2 -3 -5 -3  2  0  0  6 -3 -5 -4 -3 -5 -4  1    0  44   0   0   0   0   1   0   0  11   8   3  22   0   0   0   0   0   0  12  0.94 0.35
   45 G   -3 -5 -1 -4 -6 -5 -5  7 -5 -7 -7 -5 -6 -6 -5 -3 -5 -6 -6 -6    0   0   3   0   0   0   0  96   0   0   0   0   0   0   0   1   0   0   0   0  2.25 0.54
   46 L   -2  0 -3 -3 -3  1 -1 -4  0  1  3  2  1 -2 -4 -2  0 -4 -1  1    0   4   0   0   0   7   2   0   3   9  35  20   4   0   0   0   5   0   1  10  0.33 0.18
   47 C    4 -5 -5 -6 10 -5 -5 -4 -5 -4 -4 -5 -4 -1 -5 -3 -3 -5 -5 -2   39   0   0   0  56   0   0   0   0   0   0   0   0   3   0   0   0   0   0   2  2.04 0.52
   48 I   -3 -5 -5 -6 -3 -5 -5 -6 -5  5  4 -5  0 -2 -5 -4 -2 -4 -2  2    0   0   0   0   0   0   0   0   0  44  40   0   0   0   0   0   1   0   1  13  1.05 0.33
   49 I   -4 -6 -6 -6 -4 -6 -6 -7 -6  8 -1 -6 -2 -3 -6 -5 -4 -6 -4  1    0   0   0   0   0   0   0   0   0  93   3   0   0   0   0   0   0   0   0   5  2.03 0.54
   50 I   -4 -6 -6 -6 -4 -6 -6 -6 -5  7 -1 -6 -2  6 -6 -5 -4 -4 -2  0    0   0   0   0   0   0   0   0   0  63   0   0   0  34   0   0   0   0   0   3  1.63 0.46
   51 N   -5 -4  9 -2 -6 -2 -4 -4 -3 -7 -7 -4 -6 -7 -6 -3 -3 -7 -6 -6    0   0  99   0   0   1   0   0   0   0   0   0   0   0   0   0   0   0   0   0  2.68 0.67
   52 N   -4 -3  8 -2 -6  2 -3 -4  6 -6 -6 -2 -5 -6 -5 -2 -3 -6 -3 -6    0   0  67   0   0   9   0   0  21   0   0   1   0   0   0   0   0   0   0   0  1.85 0.52
   53 K   -3  0 -2 -2 -4 -1  4 -4 -3 -5 -5  6 -4 -6 -4 -2 -3 -6 -5 -3    0   3   0   1   0   1  29   0   0   0   0  63   0   0   0   1   0   0   0   2  1.32 0.43
   54 N   -4  2  7  0 -5  1 -1 -3  4 -5 -4  0 -4 -5 -4 -2 -2 -3 -2 -4    0  12  55   4   0   4   2   0  11   0   1   4   0   0   0   1   1   0   1   1  1.11 0.37
   55 F   -6 -6 -7 -7 -6 -7 -7 -7 -5 -2 -3 -7 -3  9 -7 -6 -6 -2  0 -4    0   0   0   0   0   0   0   0   0   1   0   0   0  99   0   0   0   0   0   0  2.87 0.66
   56 H   -2 -3  0  4 -5 -1  1 -4  7 -4 -4 -2 -4  4 -4 -2 -3 -4  1 -4    2   0   3  28   0   2   9   0  31   0   1   1   0  18   0   1   1   0   3   0  0.98 0.34
   57 K   -2  2 -2 -1 -5 -1  1 -3 -1 -3 -4  4 -2 -3  2  0 -2  8 -2 -4    2   9   0   2   0   1   9   1   1   2   0  27   1   1  10   8   1  23   0   0  0.82 0.30
   58 S   -1  3  0  0 -2  1 -1 -2  5 -3 -3  2 -3 -4 -2  3 -1 -4 -2 -1    2  15   3   4   1   5   2   1  16   1   2  12   0   0   1  27   2   0   1   5  0.40 0.21
   59 T   -3 -4 -3 -4 -4 -3 -4 -5 -5 -2  2 -4 -2 -4 -4 -1  7 -5 -4 -2    0   0   0   0   0   0   0   0   0   0  25   0   0   0   0   3  70   0   0   1  1.31 0.46
   60 G   -2  0 -1 -2 -2  0 -2  6 -1 -5 -5  0  1 -5 -4 -2 -1 -5 -5 -5    1   6   2   1   1   5   3  66   1   0   0   5   4   0   0   0   5   0   0   0  1.08 0.34
   61 M   -4 -4 -5 -6 -4  0 -5 -6 -5 -2  3 -1  9 -3 -6 -5 -4 -5 -4 -2    0   0   0   0   0   4   0   0   0   0  31   4  62   0   0   0   0   0   0   0  1.80 0.53
   62 T    1 -1  3  0 -2 -2 -1  2 -1 -4 -3  0 -3 -4  3  2  0 -4 -4 -3   11   1  20   4   1   0   3  17   1   0   2   6   0   0  15  15   4   0   0   0  0.41 0.18
   63 S    0 -1 -1  2  1  1  2 -2 -2 -1 -2 -1 -1 -2  1  1  1 -4 -2  1    8   1   1  12   4   6  18   1   0   2   2   2   1   2   6  10  12   0   1  13  0.18 0.12
   64 R   -5  8 -4 -5 -7 -2 -3 -6 -4 -6 -4 -1 -5 -6 -6 -4 -4 -6 -5 -6    0  99   0   0   0   0   0   0   0   0   1   0   0   0   0   0   0   0   0   0  2.52 0.64
   65 S   -2  3  5 -1 -1  0  0 -3  1 -3 -4  0 -3 -4 -3  3  0 -5 -3 -3    2  17  31   1   1   4   7   0   3   1   1   4   0   0   1  22   5   0   0   1  0.57 0.25
   66 G   -3 -3 -3 -4 -6 -5 -5  7 -5 -7 -7 -5 -6 -6 -5 -3 -5 -6 -6 -6    0   1   0   0   0   0   0  99   0   0   0   0   0   0   0   0   0   0   0   0  2.34 0.56
   67 T   -3 -4 -2 -4 -4 -4 -4 -5 -5 -4 -5 -4 -4 -5 -4  1  8 -6 -5 -3    0   0   1   0   0   0   0   0   0   0   0   0   0   0   0   6  93   0   0   0  2.04 0.60
   68 D   -4 -3  3  7 -1 -2  0 -4 -2 -4 -3 -2 -2 -4 -4 -1 -3 -4 -5 -5    0   1  13  69   2   1   3   0   1   1   4   1   1   1   0   3   1   0   0   0  1.38 0.41
   69 V    2  0 -3 -4 -3  0 -1 -3 -4  0 -1  2 -1 -3 -3 -2 -1 -5 -3  4   22   6   0   0   0   3   3   0   0   3   2  15   0   0   0   1   2   0   0  42  0.46 0.25
   70 D   -5 -5 -2  8 -7 -4 -2 -5 -5 -7 -7 -4 -7 -7 -5 -4 -4 -8 -7 -7    0   0   0 100   0   0   0   0   0   0   0   0   0   0   0   0   0   0   0   0  2.65 0.64
   71 A    6  3 -4 -4  1 -3 -3 -2 -3 -4 -3 -1 -3 -5 -4 -1 -3 -5 -4 -2   70  19   0   0   3   0   0   1   0   0   1   2   0   0   0   3   0   0   0   1  1.09 0.40
   72 A    3 -1  1  2 -2 -1  3  2  0 -4 -3  0 -2 -3 -3  0 -2 -4  0 -3   28   2   6  13   0   0  20  13   2   0   1   3   1   1   0   5   1   0   4   0  0.36 0.19
   73 N    1  0  7  0 -4  0 -1  0  0 -5 -4  0 -4 -5 -4  0 -2 -5 -3 -4   13   6  54   2   0   3   4   6   1   0   1   4   0   0   0   5   0   0   1   0  0.90 0.33
   74 L   -1 -5 -6 -6 -2 -4 -5 -6 -5  2  5 -5  1 -2 -5 -4 -3 -4 -3  2    6   0   0   0   0   0   0   0   0   9  70   0   1   0   0   0   0   0   0  13  1.04 0.34
   75 R   -1  2 -1 -2  0  0  1 -3 -1 -1 -1  1  2  2 -3 -1  0  2  1 -1    5  17   2   0   2   3  10   0   1   2   6  12   8  10   0   2   7   3   6   5  0.16 0.12
   76 E   -2  3  2  0  1  1  3 -3  1 -4 -4  4 -2 -5 -3 -1 -2 -5 -4 -3    1  19   9   3   3   6  22   0   3   1   0  30   1   0   0   2   0   0   0   1  0.63 0.25
   77 T   -1  3 -2 -4  6 -1 -3 -4 -3 -1 -2 -2 -3 -4 -4  1  4 -5 -4  1    2  22   0   0  17   2   0   0   0   2   2   1   0   0   0   9  31   0   0  11  0.67 0.29
   78 F   -5 -6 -6 -7 -5 -6 -6 -6 -5 -2  3 -6 -2  8 -6 -5 -5 -2  0 -3    0   0   0   0   0   0   0   0   0   0  29   0   0  71   0   0   0   0   0   0  1.92 0.51
   79 R   -1  3 -2 -2 -3  1  0 -2 -2 -1 -1  2  3 -3 -3  1  2 -4 -3 -2    1  21   0   0   0   8   6   2   0   3   5  12  12   0   0  12  17   0   0   0  0.35 0.20
   80 N   -1  1  4  3 -4  0  2 -1 -1 -4 -4  2 -3 -5 -3  2  0 -5 -4 -3    4   5  22  18   0   1  13   2   1   0   0  16   0   0   0  15   4   0   0   1  0.50 0.21
   81 L   -4 -5 -6 -6 -4 -5 -6 -6 -6  0  6 -5  2 -2 -6 -5 -4 -4 -4 -2    0   0   0   0   0   0   0   0   0   1  95   0   4   1   0   0   0   0   0   0  1.62 0.47
   82 K   -2 -3  1  0 -5 -2 -3  6  0 -6 -6  2 -5 -6 -4 -2 -4 -5 -5 -5    0   0   7   5   0   1   1  67   3   0   0  16   0   0   0   0   0   0   0   0  1.27 0.38
   83 Y   -5 -5 -6 -3 -5 -5 -6 -6 -3 -3 -3 -6 -3  8 -6 -5 -5 -1  7 -4    0   0   0   2   0   0   0   0   0   0   0   0   0  66   0   0   0   0  33   0  2.15 0.54
   84 E   -2 -1 -1  4 -5  1  5 -4 -2 -5 -5  2 -3 -5 -3 -1 -2 -5 -4 -4    1   3   2  23   0   3  51   0   0   0   0  12   0   0   0   2   2   0   0   1  0.99 0.34
   85 V   -2 -5 -5 -6 -3 -5 -5 -6 -6  2 -2 -5 -1 -4 -4 -4  0 -6 -4  7    1   0   0   0   0   0   0   0   0   6   0   0   1   0   1   0   5   0   0  87  1.54 0.47
   86 R   -2  5  0 -1 -3  1 -1 -4 -1  0 -3  3 -1 -3 -3  0  0 -4 -3  0    2  33   3   2   0   4   2   0   1   8   0  26   2   1   0   5   4   0   0   6  0.50 0.22
   87 N   -1  0  3 -1  4 -2 -3 -3  0  2  0 -2  0 -2 -2 -1 -1 -4 -3  3    2   6  18   2  12   1   0   0   2  11  10   1   2   1   1   2   3   0   0  25  0.28 0.17
   88 K   -3 -1 -1 -4  1 -2 -3 -5  4 -3 -2  2 -3  5 -5 -3 -3 -1  6 -3    2   3   3   0   3   1   0   0   9   0   2  16   0  22   0   1   0   0  37   1  0.96 0.34
   89 N   -4 -2  7  4 -2 -2 -2 -3  2 -6 -6  0 -5 -5 -4 -2 -1 -6 -3 -5    0   1  62  22   1   1   1   0   4   0   0   5   0   0   0   0   3   0   1   0  1.39 0.42
   90 D   -4 -4  5  7 -6 -3 -2 -4 -3 -6 -6 -3 -6 -6 -4 -2 -3 -7 -6 -6    0   0  29  71   0   0   0   0   0   0   0   0   0   0   0   1   0   0   0   0  1.89 0.50
   91 L   -3  1 -4 -4  3  3 -3 -5 -3 -1  4 -2  0 -2 -4 -3 -3 -3  1  0    0   7   0   0   7  17   1   0   0   1  56   1   1   0   0   1   0   0   5   4  0.65 0.29
   92 T   -2  0 -1 -3 -2 -2 -2 -3 -3 -3 -3  4 -3 -5 -2  3  5 -5 -4 -3    0   4   1   0   1   0   0   0   0   0   1  25   0   0   1  24  42   0   0   0  0.80 0.34
   93 R    2  2 -3 -4  7  0 -3 -3 -1 -1 -2 -3 -2 -4 -4 -1  0 -4 -4  3   16  12   0   0  31   5   0   1   1   1   2   0   0   0   0   3   4   0   0  22  0.72 0.28
   94 E    1  1 -1  1 -4  0  4 -2  0 -4 -3  2 -1 -4 -3  1 -1 -4 -3 -2   10   6   1   7   0   3  39   1   1   0   0  11   2   0   0  11   2   0   0   3  0.47 0.22
   95 E   -2  0 -1  3 -5  4  5 -3 -2 -5 -5  2 -3 -5 -3 -1 -3 -5 -4 -4    2   3   2  20   0  18  38   0   0   0   0  14   0   0   0   3   0   0   0   0  0.86 0.30
   96 I   -3 -5 -5 -6 -4 -4 -5 -6 -5  4  1 -4  8 -3 -5 -4 -3 -4 -4  3    0   0   0   0   0   0   0   0   0  28   8   0  45   0   0   0   0   0   0  19  1.32 0.41
   97 V   -2  2 -2 -3 -3  1  0 -4 -2  0  2  1  3 -1 -3 -1 -1 -2 -2  1    0  10   1   0   0   9   7   0   1   3  29  13   9   2   0   2   3   0   1  11  0.24 0.15
   98 E   -1  1  2  2 -3  3  3 -2  0 -3 -2  2 -1 -4 -3  0 -1 -3 -3 -3    4   5  11  13   0  15  22   2   1   1   5  12   2   0   0   4   2   0   0   1  0.36 0.16
   99 L   -2  0 -1 -3 -2 -1  0 -4 -2  1  3  1  0  0 -3 -2 -1 -3 -2  2    0   4   2   0   0   3   8   0   0   7  41  13   1   3   0   0   3   0   0  14  0.30 0.17
  100 M   -3 -4 -5 -5 -3 -4 -5 -5 -4  3  4 -4  6  0 -5 -4 -3 -4 -3  0    0   0   0   0   0   0   0   0   0  21  44   0  28   4   0   0   0   0   0   3  1.00 0.32
  101 R   -1  1 -1 -1  1  1  0 -2  3 -2 -1  3 -2 -1 -3 -1  0 -1  3 -2    3   9   2   3   4   6   6   1  11   2   4  21   0   1   0   4   7   1  14   1  0.24 0.14
  102 D    0  0  2  2 -4  3  3 -3 -2 -3 -3  3 -2 -4 -2  1 -1 -4 -3 -3    6   2  13   9   0  12  23   0   0   1   2  20   0   0   0   8   3   0   0   0  0.44 0.19
  103 V    4 -4 -4 -5 -3 -3 -3 -3 -4  1 -2 -4  1 -3 -4 -2 -2 -5 -3  5   40   0   0   0   0   0   0   0   0   5   0   0   4   0   0   0   1   0   0  49  0.86 0.33
  104 S    3 -3 -2 -3 -3 -3 -3 -2 -3 -4 -5 -3 -4 -5 -3  6 -1 -5 -3 -4   28   0   0   0   0   0   0   1   0   0   0   0   0   0   0  70   0   0   1   0  1.22 0.43
  105 K   -1  2 -1 -1 -4  3  3 -3 -1 -3 -3  4  0 -4 -3 -1  1 -4 -3 -3    4   9   2   1   0  12  21   1   1   1   1  33   3   0   0   2   9   0   0   0  0.52 0.22
  106 E   -1 -1 -2  2 -3  0  6 -3 -1 -4 -2 -1  0 -5 -3  0 -2 -5 -3 -4    6   3   0  12   0   3  58   1   1   0   3   1   3   0   0   7   1   0   1   0  0.83 0.31
  107 D   -4 -4  2  8 -6 -2 -1 -4 -4 -6 -6 -3 -6 -6 -4  0 -3 -7 -6 -6    0   0   8  82   0   0   1   0   0   0   0   0   0   0   0   8   0   0   0   0  1.84 0.48
  108 H   -5 -4 -3 -3 -6 -3 -3 -4 11 -7 -6 -4 -5 -2 -6 -4 -5 -6 -1 -7    0   0   0   1   0   0   0   1  96   0   0   0   0   1   0   0   0   0   1   0  3.18 0.70
  109 S    0  0 -1 -2 -2 -2 -2 -2 -3 -2 -4 -1 -3 -4 -3  6  2 -5 -4 -1    3   5   1   1   0   0   1   2   0   2   0   2   0   0   0  67  11   0   0   4  0.85 0.35
  110 K   -3  0  3  5 -2  1  1 -3 -2 -5 -5  3 -4 -5 -3 -2 -2 -5 -4 -5    1   3  18  36   1   6   8   0   0   0   0  26   0   0   0   1   0   0   0   0  0.83 0.29
  111 R    3  3  2 -3  2 -1 -2 -2  1 -4 -4 -1 -2 -2 -3  3 -2 -4 -1 -2   29  23  10   0   5   0   0   0   4   0   0   0   0   2   0  23   0   0   2   2  0.48 0.24
  112 S    3 -2  0  5 -3 -2 -1 -3 -3 -4 -5 -3 -4 -5 -3  3 -2 -5 -4 -4   26   1   4  42   0   0   0   0   0   0   0   0   0   0   0  23   0   0   0   0  0.83 0.33
  113 S   -2 -5 -4 -5 10 -4 -5 -4 -5 -4 -4 -5  0 -5 -5  4 -3 -5 -5 -4    1   0   0   0  61   0   0   0   0   0   0   0   3   0   0  35   0   0   0   0  2.12 0.53
  114 F   -5 -6 -6 -7 -5 -6 -6 -6 -4 -2 -1 -6 -3  9 -7 -5 -5 -2  0 -1    0   0   0   0   0   0   0   0   0   1   4   0   0  91   0   0   0   0   0   4  2.29 0.55
  115 V    2 -4 -4 -4 -2 -3 -4 -1 -4  2  1 -3  0 -1 -4 -2 -2 -4 -3  4   25   0   0   0   0   0   0   4   0  13  14   0   1   1   0   0   1   0   0  41  0.54 0.24
  116 C   -3 -6 -6 -7 11 -6 -7 -6 -6 -2  0 -6 -4 -2 -6 -4 -4 -5 -5  0    1   0   0   0  82   0   0   0   0   2   7   0   0   1   0   0   0   0   0   6  2.72 0.59
  117 V    2 -4 -5 -5  1 -4 -4 -4 -5  3 -1 -4 -1 -3 -4 -2 -1 -5 -3  6   16   0   0   0   3   0   0   0   0  19   0   0   0   0   0   1   1   0   0  60  0.93 0.33
  118 L   -3 -4 -5 -5 -3 -4 -5 -5 -4  4  3 -5  1  5 -5 -4 -3 -3 -1  1    0   0   0   0   0   0   0   0   0  27  36   0   3  28   0   0   0   0   0   6  0.87 0.28
  119 L   -4 -5 -6 -6 -4 -5 -5 -6 -5 -1  6 -5  1 -2 -4 -5 -4 -4 -4 -2    0   0   0   0   0   0   0   0   0   0  94   0   2   0   0   0   0   0   0   0  1.49 0.45
  120 S    0 -4 -2 -3 -4 -3 -3 -3 -4 -5 -5 -3 -4 -5 -4  7  1 -6 -4 -4    4   0   0   0   0   0   0   0   0   0   0   0   0   0   0  90   6   0   0   0  1.60 0.52
  121 H   -5 -3 -3 -4 -6 -2 -3 -5 11 -6 -5 -4 -5 -4 -6 -4 -5  3  0 -6    0   1   0   0   0   1   0   0  92   0   1   0   0   0   0   0   0   4   2   0  3.02 0.67
  122 G   -3 -5 -3 -4 -5 -5 -5  7 -5 -7 -7 -4 -6 -6 -5 -2 -4 -5 -6 -6    0   0   0   0   0   0   0  99   0   0   0   0   0   0   0   1   0   0   0   0  2.25 0.52
  123 E   -3 -1 -2  4 -6 -1  6 -4 -3 -3 -5 -1 -5 -5 -4 -3 -3 -6 -3 -4    0   2   0  21   0   0  70   1   0   2   0   3   0   0   0   0   0   0   1   1  1.39 0.43
  124 E   -3 -2  2  4 -5  0  5  0 -1 -5 -4 -1 -3 -5 -3 -2 -3 -5 -4 -5    0   1   8  24   0   2  52   6   1   0   2   2   1   0   0   1   0   0   0   0  0.98 0.33
  125 G   -2 -1  3  2 -4 -3 -2  6 -3 -5 -5 -2 -4 -5 -4 -1 -3 -5 -4 -5    0   3  18  12   0   0   2  60   0   0   0   1   0   0   0   2   0   0   0   0  1.08 0.31
  126 I   -2  0 -3 -3 -1 -1 -2 -3  5  2  1  0  1 -1 -4 -2 -2  0  0  2    1   5   0   0   1   2   1   1  21  15  16   5   3   2   0   1   1   1   3  21  0.32 0.17
  127 I   -3 -5 -5 -5 -3 -5 -5 -6 -5  6  0 -5 -1  1 -5 -3 -3 -4 -3  4    0   0   0   0   0   0   0   0   0  62   5   0   0   6   0   1   0   0   0  24  1.13 0.34
  128 F   -5 -5 -4 -6 -3 -5 -5 -6 -2 -4 -3 -5 -3  6 -6 -5 -4  0  8 -4    0   0   0   0   0   0   0   0   0   0   1   0   0  30   0   0   0   1  66   0  2.08 0.51
  129 G    3 -4 -3 -3  0 -3 -3  6 -4 -4 -4 -3 -4 -4 -3 -1 -2 -4 -4 -4   26   0   0   0   2   0   0  65   0   1   1   0   0   0   0   1   2   0   0   0  1.19 0.33
  130 T   -1 -1 -2 -3 -2 -2 -3 -3  2 -2 -3  1 -3 -1 -3 -1  5 -3  4 -1    2   2   1   0   0   1   0   0   4   2   1   9   0   2   0   1  54   0  16   2  0.75 0.30
  131 N   -4 -4  4  7 -5 -3 -1 -3 -3 -5 -5 -3 -5 -5 -4 -2 -3 -6 -5 -5    0   0  16  79   0   0   0   0   0   0   1   0   0   0   0   0   0   0   0   0  1.79 0.45
  132 G    1 -2 -1  1 -1 -3 -2  6 -1 -4 -4 -2 -4 -4 -3 -1 -1 -4 -4 -3   13   2   1   9   2   0   1  63   1   0   1   2   0   0   0   1   3   0   0   1  0.96 0.28
  133 P    0 -1 -2 -2  0  0 -1 -3  0 -1 -1  3  1 -1  4  0 -1 -2 -2 -1    6   1   1   0   2   4   2   0   2   4   4  25   5   3  24   9   1   0   0   5  0.37 0.16
  134 V   -2 -3 -4 -4 -3 -3 -1 -4 -3  4  1 -3  2  0 -3 -3  0 -3  1  3    0   0   0   0   0   0   5   0   0  35  11   1   5   2   0   0   6   0   5  27  0.49 0.20
  135 D   -1 -1  0  3 -3  0  3 -2 -1 -4 -4  2 -3 -4  3  0 -1 -4 -3 -3    4   1   4  16   1   3  26   2   1   0   1  18   0   0  15   6   1   0   0   1  0.51 0.19
  136 L   -3 -4 -3 -5 -3 -4 -5 -5 -5  5  4 -4  0  0 -2 -4 -2 -4 -3  1    1   0   1   0   0   0   0   0   0  42  43   0   1   3   2   0   2   0   0   4  0.84 0.28
  137 K   -2  0  0  3 -5  4  2 -3 -2 -4 -4  5 -3 -5 -2 -1  0 -5 -4 -4    1   1   3  16   0  19  13   0   0   0   0  40   0   0   1   1   5   0   0   0  0.75 0.28
  138 K    0  0  0  2 -3  0  1 -3 -1  0 -1  2  0 -3 -2  0  2 -4 -2 -1    5   4   2  16   0   3  11   0   1   6   6  15   4   0   0   4  19   0   1   3  0.19 0.12
  139 I   -4 -4 -6 -6 -3 -4 -5 -6 -5  3  5 -5  2 -2 -5 -5 -3 -4 -3  0    0   0   0   0   0   0   0   0   0  19  74   0   5   0   0   0   0   0   0   3  1.17 0.35
  140 T    0 -4 -3 -4 -3 -3 -3 -4 -4  1 -1 -3  1  1 -4 -1  6  2 -3  1    6   0   0   0   0   0   0   0   0  10   3   0   4   5   0   1  61   4   0   7  0.85 0.34
  141 N    2 -1  1  1 -2 -1  1  2 -1 -3 -2  0 -2 -4 -2  3  0 -4 -3 -1   18   1   5   7   0   1   8  16   1   1   3   5   0   0   0  25   5   0   0   3  0.27 0.14
  142 F   -3 -3 -2 -4  1 -2 -4 -4  3 -1  2 -2  4  4  3 -3 -3 -2  1 -2    0   0   2   0   4   1   0   0   8   0  27   2  12  24  13   0   1   0   5   0  0.56 0.24
  143 F   -5 -5 -5 -6 -5 -5 -5 -5 -4 -1  0 -5 -2  9 -6 -5 -4 -2  1 -3    0   0   0   0   0   0   0   0   0   2   6   0   0  88   0   0   0   0   1   1  2.13 0.50
  144 R   -3  6 -2 -2 -5  0 -2 -4 -2 -4 -3  4 -3 -3 -3 -2 -1 -4 -4 -3    0  52   1   1   0   2   0   0   0   0   2  32   0   1   0   1   4   0   0   2  1.08 0.34
  145 G    0 -4 -3 -4 -5 -4 -3  7 -4 -6 -5 -4 -5 -5 -1 -2 -4 -5 -5 -5    5   0   0   0   0   0   1  88   0   0   0   0   0   0   3   0   0   0   0   0  1.76 0.42
  146 D   -4 -2  1  7 -5 -2  0 -3  1 -5 -5 -2 -5 -5 -2 -2 -3 -6 -2 -4    0   2   5  79   0   0   3   1   3   0   0   1   0   0   1   0   0   0   2   1  1.60 0.42
  147 R   -3  4  1 -2  3 -1 -1 -3  0 -3 -1  4 -1 -3 -3 -1 -2 -4  1 -2    0  29   8   1   7   1   1   0   2   0   5  35   2   0   0   2   0   0   5   2  0.61 0.24
  148 C   -3 -6 -5 -6 11 -6 -6 -5 -6 -4 -4 -6 -4 -3 -5 -3 -4 -5 -5 -4    1   0   0   0  94   0   0   0   0   0   0   0   0   1   0   1   0   0   0   0  3.35 0.66
  149 R   -2  4 -2 -3 -4  3 -1 -3 -2 -1 -1  3 -1 -4  4 -2 -1 -4 -3 -3    1  23   1   0   0  13   1   0   0   4   6  25   1   0  20   1   3   0   0   1  0.63 0.23
  150 S   -1 -2 -1 -2 -3 -2 -2  0 -3 -4 -4 -2 -1 -4 -3  6  3 -5 -4 -3    0   2   1   2   0   0   0   6   0   0   0   0   2   0   0  64  23   0   0   0  0.98 0.37
  151 L   -4 -4 -5 -6 -4 -4 -5 -6 -5 -1  6 -5  0 -2 -5 -5 -3 -4 -3 -1    0   0   0   0   0   0   0   0   0   0  95   0   0   0   0   0   0   0   0   1  1.50 0.42
  152 T    2 -3 -3 -4 -2 -3 -3 -3 -4  2  0 -3 -1 -2 -3 -2  2 -4 -3  4   21   1   0   0   0   0   0   1   0   9   8   0   1   0   0   0  13   0   0  44  0.50 0.22
  153 G   -2 -4 -3 -3 -4 -3  0  7 -4 -5 -5 -3 -5 -5 -4 -2 -4 -4 -5 -5    0   0   0   0   0   0   7  88   0   0   1   0   0   0   0   0   0   0   0   0  1.74 0.42
  154 K   -3  0 -3 -3 -5 -1 -2 -4 -3 -5 -5  8 -4 -5 -3 -3 -3 -5 -4 -4    0   0   0   0   0   0   0   0   0   0   1  94   0   0   0   0   0   0   0   0  1.85 0.49
  155 P   -3 -4 -4 -4 -5 -4 -4 -4 -5 -5 -5 -4 -5 -6  9 -3 -4 -6 -5 -5    0   0   0   0   0   0   0   0   0   0   1   0   0   0  94   0   0   0   0   0  2.79 0.57
  156 K   -3  0 -3 -3 -5 -1 -2 -4 -3 -5 -5  8 -4 -5 -3 -3 -3 -5 -4 -4    0   0   0   0   0   0   0   0   0   0   1  94   0   0   0   0   0   0   0   0  1.85 0.49
  157 L   -3 -4 -5 -5  2 -4 -5 -5 -5  4  5 -4  1 -2 -5 -4 -3 -4 -3  0    0   0   0   0   4   0   0   0   0  29  62   0   2   0   0   0   0   0   0   1  1.03 0.32
  158 F   -5 -6 -6 -6 -5 -6 -6 -6 -4 -2 -2 -6 -3  9 -6 -5 -5 -2  0 -4    0   0   0   0   0   0   0   0   0   1   0   0   0  97   0   0   0   0   0   0  2.54 0.58
  159 I   -4 -5 -5 -5 -4 -5 -5 -2 -4  5 -1 -5 -2  7 -5 -4 -3 -2  0  1    0   0   0   0   0   0   0   4   0  37   1   0   0  50   0   0   0   0   0   7  1.21 0.36
  160 I   -4 -5 -5 -5 -4 -5 -5 -6 -5  7  0 -5 -1  1 -5 -5 -3 -2 -3  1    0   0   0   0   0   0   0   0   0  82   5   0   1   6   0   0   0   1   0   4  1.47 0.42
  161 Q   -4 -1 -3 -3 -6  9 -1 -5 -3 -6 -5 -2 -3 -6 -4 -3 -4 -5 -4 -5    0   1   0   0   0  97   0   0   0   0   0   0   0   0   0   0   0   0   0   0  2.42 0.64
  162 A    7 -4 -4 -4 -3 -3 -4 -2 -4 -4 -4 -3  0 -5 -3 -1 -3 -5 -4 -1   92   0   0   0   0   0   0   0   0   0   0   0   2   0   0   2   0   0   0   3  1.50 0.48
  163 C   -4 -7 -1 -6 11 -6 -3 -6 -6 -5 -5 -6 -5 -6 -6 -4 -4 -6 -6 -4    0   0   3   0  93   0   2   0   0   0   0   0   0   0   0   0   0   0   0   0  3.36 0.69
  164 R   -4  8 -3 -4 -2  2 -3 -5 -3 -2 -5 -1 -4 -5 -5 -2 -4  1 -4 -5    0  80   0   0   1  10   0   0   0   3   0   0   0   0   0   2   0   2   0   0  1.69 0.48
  165 G   -3 -2 -3 -4 -1 -4 -5  7 -5 -6 -6 -4 -5 -6 -5 -3 -4 -5 -6 -6    0   2   0   0   2   0   0  92   0   0   0   0   0   0   0   0   0   0   0   0  1.96 0.50
  166 T   -2 -2  1  4 -3 -1  0 -3 -3 -3 -2  0 -2 -3 -2  2  5 -5 -4 -3    0   1   5  23   0   1   4   0   0   0   3   4   0   1   2  16  40   0   0   0  0.59 0.27
  167 E   -2  0  0  2 -5  2  4 -2 -2 -4 -3  4 -3 -5 -3  0 -2 -5 -3 -2    1   2   3   9   0   9  36   1   0   0   1  28   0   0   0   5   1   0   1   2  0.64 0.26
  168 L   -3 -2 -3 -4 -3 -3 -4 -5  5 -1  4 -3  0  4 -4 -3 -2 -3  0 -1    0   2   1   0   0   0   0   0  19   0  52   0   1  17   0   0   3   0   1   1  0.77 0.29
  169 D   -5 -4  0  8 -6 -1  0 -4 -4 -6 -6 -3 -1 -6 -4 -3 -4 -7 -6 -6    0   0   3  90   0   2   2   0   0   0   0   0   2   0   0   0   0   0   0   0  2.09 0.52
  170 C    0 -2  0  3  4 -1  1  0  1 -2 -2 -2 -3 -3  0  1 -1 -4 -2 -1    8   1   2  24  13   2  10   7   4   1   4   1   0   1   5  10   1   0   1   6  0.28 0.15
  171 G   -1 -5 -2 -3 -5 -4 -4  6 -4 -5 -6 -4 -5 -6  3 -1 -4 -5 -5 -2    2   0   0   0   0   0   0  74   0   0   0   0   0   0  17   3   0   0   0   4  1.49 0.40
  172 I   -1 -5 -5 -4 -3 -4 -4 -5 -5  5  0 -4  0 -3 -5 -4 -2 -5 -3  5    4   0   0   1   0   0   1   0   0  43   2   1   1   0   0   0   1   0   0  48  1.05 0.34
  173 E   -2 -2 -2  1 -4  3  5 -4 -2  1 -2  0 -1 -4 -3 -2  1 -4 -3 -1    0   0   0   5   0  18  45   0   0   9   2   3   1   0   0   1  11   0   0   4  0.65 0.28
  174 T    1 -1 -1 -1  1 -1 -2 -3 -2 -1 -1 -2  2 -3  2  0  4 -4 -3  1   13   2   1   4   3   2   1   0   0   1   5   0   7   0   9   2  38   0   0  10  0.38 0.21
  175 D   -2 -1  1  6 -1  0  1 -3  2 -4 -2 -1 -1 -4 -2  0 -1 -5 -3 -3    3   3   4  55   1   3   5   0   5   0   5   2   2   0   2   5   3   0   0   2  0.75 0.26
  176 S    0 -3 -1  4 -2 -2  0 -1 -3 -4 -2 -2 -3 -4 -2  4  0 -5 -4 -3    5   0   1  29   1   1   6   3   0   0   4   1   0   0   1  45   2   0   0   1  0.68 0.28
  177 G    1 -1 -1 -1 -1 -2 -1  4 -2 -2 -2 -2 -2 -3 -3  1  0 -4 -3  1   13   3   1   2   1   1   4  38   0   0   4   1   0   0   0   9   5   0   0  16  0.37 0.17
  178 V    0 -2 -2  0 -2 -1  0 -1 -3  1 -1 -1 -1 -1  3  0  1 -4 -2  3    4   1   0   4   0   2   5   6   0  11   3   2   1   3  14  10   8   0   0  26  0.19 0.12
  179 D   -1 -2  1  5 -4 -1  2 -2 -2  0 -3 -2 -2 -4 -2  0  1 -5 -3  0    4   2   5  39   0   0  16   3   0   7   0   0   1   0   1   4  10   0   1   7  0.50 0.21
  180 D   -2 -3  1  6 -4  0  2 -1 -2 -3 -1 -2 -2 -4 -1 -1  0 -5 -4 -3    2   0   6  50   0   3  14   3   0   1   6   0   1   0   2   4   5   0   0   2  0.73 0.25
  181 D    3 -1  0  4 -3  0  1 -2 -2 -2 -2 -1 -2 -2 -1  0 -1 -4 -3 -2   34   3   3  28   0   3   8   1   0   1   5   1   0   2   2   4   3   0   0   1  0.39 0.18
  182 M    2 -1  2 -1 -1  0 -1  0 -2 -1 -1 -1  3 -2  0  1  1 -3 -2  0   18   1  12   3   1   4   2   6   0   2   1   1  14   1   5  13   9   0   1   7  0.16 0.12
  183 A    2 -2  0 -1 -2 -1 -1  1  0 -2 -3  0 -2 -3  2  1  1  2 -2 -1   26   1   5   2   0   1   3  12   3   1   0   4   1   0  12  14  10   3   0   3  0.28 0.13
  184 C    0  1 -3 -3  6 -1 -2 -3 -3  1 -1 -2  0 -2  0  1  1 -4 -3  2    5   9   0   0  21   2   1   0   0   7   2   1   3   1   5  10  11   0   0  23  0.37 0.18
  185 H   -3  1  0 -3 -2  4  1 -4  6 -3 -3 -1 -3  0 -1 -2 -1 -2  5 -3    1   6   5   0   1  25   6   0  21   1   1   1   0   2   3   0   3   0  23   1  0.71 0.28
  186 K   -3  3 -2 -3 -5 -1 -2 -4 -3 -4 -4  6 -3 -5 -3 -1  4 -5 -4 -4    0  17   0   0   0   1   0   0   0   0   0  52   0   0   0   2  26   0   0   0  1.04 0.37
  187 I   -3 -5 -6 -6 -3 -5 -5 -6 -5  6  3 -4  0  0 -5 -5 -3 -4 -3  1    0   0   0   0   0   0   0   0   0  64  28   0   1   2   0   0   0   0   0   5  1.19 0.36
  188 P   -4 -5 -5 -5 -6 -4 -4 -5 -5 -6 -3 -4 -5 -7  9 -4 -1 -7 -6 -5    0   0   0   0   0   0   0   0   0   0   3   0   0   0  94   0   3   0   0   0  2.80 0.61
  189 V    3 -4 -4 -4 -3 -3 -4 -4 -4  0  0 -4 -1 -2 -4 -1  0 -5 -3  5   25   0   0   0   0   1   0   0   0   2   6   0   0   1   0   4   5   0   0  56  0.74 0.30
  190 E   -2 -2 -2  0 -3 -1  6  3  2 -6 -5 -2 -4 -5 -1 -2 -3  2 -4 -5    1   0   0   3   1   1  58  24   5   0   0   0   0   0   2   1   0   3   0   0  1.02 0.36
  191 A    7 -4 -4 -4 -3 -3 -4 -3 -4 -1 -3 -3 -3 -5 -3 -1 -2 -5 -4 -3   93   0   0   0   0   0   0   0   0   3   2   0   0   0   1   0   1   0   0   0  1.49 0.48
  192 D   -5 -5 -2  8 -7 -3 -1 -4  1 -6 -7 -4 -6 -7 -4 -3 -4 -7 -6 -6    0   0   0  97   0   0   0   0   3   0   0   0   0   0   0   0   0   0   0   0  2.37 0.57
  193 F   -5 -6 -6 -2 -1 -6 -6 -6 -4 -3 -2 -6 -3  9 -7 -5 -5 -2  1 -2    0   0   0   3   1   0   0   0   0   0   0   0   0  92   0   0   0   0   1   3  2.31 0.55
  194 L   -4 -5 -6 -6 -4 -5 -5 -6 -5  3  6 -5  1 -2 -5 -5 -3 -4 -3 -1    0   0   0   0   0   0   0   0   0  14  83   0   2   0   0   0   0   0   0   1  1.33 0.39
  195 Y   -4 -4 -5 -6 -4 -4 -5 -5 -2  2  1 -4  6  4 -5 -4 -4 -1  7 -1    0   0   0   0   0   0   0   0   0  10   8   0  25  16   0   0   0   0  40   1  1.22 0.38
  196 A    5 -4 -4 -5  7 -4 -4 -3 -4 -3 -3 -4 -3  0 -4 -1 -2 -5 -2  0   61   0   0   0  25   0   0   0   0   0   0   0   0   4   0   3   0   0   1   6  1.17 0.39
  197 Y   -5 -5 -5 -4 -6 -5 -5 -6 -1 -4 -4 -5 -4  2 -6 -4 -1 -1  9 -4    0   0   0   1   0   0   0   0   0   0   0   0   0   4   0   1   3   0  91   0  2.58 0.62
  198 S   -1 -4 -2 -3 -4 -3 -3 -3 -4 -5 -5 -3 -4  1 -2  7 -1 -5 -4 -4    1   0   0   0   0   0   0   0   0   0   0   0   0   6   1  92   0   0   0   0  1.63 0.53
  199 T   -2 -4 -3 -4  1 -4 -4 -4 -5 -2 -3 -4 -3 -2 -1 -1  6 -5 -4  4    0   0   0   0   3   0   0   0   0   0   0   0   0   1   2   0  65   0   0  28  1.19 0.42
  200 A    5 -4 -4 -3 -3 -3 -3 -3 -4  0 -1 -3 -1 -3 -3 -1 -1 -5 -4  4   53   0   0   1   0   0   0   0   0   4   4   0   1   0   1   2   1   0   0  33  0.75 0.31
  201 P   -3 -4 -4 -3 -5  2  3 -5 -4 -5 -5 -3 -5 -6  8 -2 -3 -6 -5 -2    0   0   0   0   0   8  17   0   0   0   0   0   0   0  68   3   0   0   0   3  1.83 0.46
  202 G   -3 -5 -3 -4 -5 -3 -5  7 -5 -7 -7 -4 -6 -6 -5 -3 -4 -5 -6 -6    0   0   0   0   0   1   0  99   0   0   0   0   0   0   0   0   0   0   0   0  2.24 0.52
  203 Y   -5 -5 -5 -6 -5 -5 -5 -6  0 -4 -4 -5 -4  4 -6 -5 -5 -1  9 -4    0   0   0   0   0   0   0   0   1   0   0   0   0  15   0   0   0   0  84   0  2.48 0.58
  204 Y   -5 -5 -3 -6 -1 -5 -5 -6 -1 -4 -3 -5 -4  3 -6 -5 -5 -1  9 -4    0   0   1   0   2   0   0   0   0   0   1   0   0  11   0   0   0   0  85   0  2.40 0.57
  205 S    0 -4 -2 -3 -4 -3 -3 -3 -4 -5 -5 -3 -4 -3 -4  7 -1 -6 -4 -4    5   0   0   0   0   0   0   0   0   0   0   0   0   1   0  94   0   0   0   0  1.65 0.52
  206 W   -6 -5 -5 -7 -6 -5 -5 -6  6 -6 -5 -6 -5  1 -7 -6 -6 12  1 -6    0   0   0   0   0   0   0   0  19   0   0   0   0   4   0   0   0  74   2   0  3.38 0.67
  207 R   -4  8 -3 -4 -6 -1 -3 -5 -3 -6 -5 -1 -1 -6 -5 -4 -3 -6 -5 -5    0  95   0   0   0   1   0   0   0   0   0   0   1   0   0   0   1   0   0   0  2.18 0.55
  208 N   -3 -1  7  1 -5 -2  3 -3 -1 -6 -6 -2 -5 -6 -4  1 -2 -6 -4 -5    0   2  67   4   0   0  19   0   1   0   0   0   0   0   0   8   0   0   0   0  1.42 0.42
  209 S   -1 -2  0 -3 -3  0 -2 -3  0 -1 -3 -2 -3 -4  3  3  5 -5 -4 -2    1   1   3   0   0   5   0   0   2   4   0   1   0   0  16  26  39   0   0   1  0.67 0.29
  210 K    1  0 -1 -1 -2  0 -1  1 -2  0 -1  2  1 -2 -2  0  1 -3 -2  1   12   4   2   1   0   5   3  12   1   7   3  15   5   0   0   7  10   0   0  13  0.10 0.08
  211 D   -2  2  5  3  0 -1  0 -2  0 -3 -4  1 -2 -3 -3 -1  0 -4 -1 -2    1  14  31  19   2   0   6   1   2   2   0   9   1   1   0   2   5   0   2   2  0.48 0.20
  212 G   -2 -5 -3 -2 -5 -5 -5  7 -5 -7 -7 -4 -6 -6 -5 -3 -4 -5 -6 -6    0   0   0   1   0   0   0  99   0   0   0   0   0   0   0   0   0   0   0   0  2.20 0.50
  213 S   -2 -4 -2 -3 -4 -3 -3 -3 -4 -5 -5 -3 -4 -5 -4  7 -1 -6 -5 -5    0   0   0   0   0   0   0   0   0   0   0   0   0   0   0  98   2   0   0   0  1.82 0.55
  214 W   -6 -3 -7 -8 -6 -5 -6 -6 -6 -6 -4 -6 -5 -3 -7 -6 -6 13 -1 -6    0   2   0   0   0   0   0   0   0   0   1   0   0   0   0   0   0  97   0   0  4.43 0.79
  215 F   -5 -5 -5 -6 -5 -5 -6 -6 -3 -3 -2 -5 -3  8 -6 -4 -5 -1  6 -4    0   0   0   0   0   0   0   0   0   0   1   0   0  74   0   1   0   0  23   0  2.06 0.48
  216 I   -3 -5 -5 -6 -3 -5 -5 -6 -5  7 -1 -5  3 -2 -5 -4 -3 -5 -4  4    0   0   0   0   0   0   0   0   0  71   0   0   6   0   0   0   0   0   0  23  1.38 0.39
  217 Q   -4 -2 -3 -3 -6  9 -1 -5 -1 -6 -5 -2 -3 -6 -4 -1 -4 -5 -4 -5    0   0   0   0   0  95   1   0   1   0   1   0   0   0   0   3   0   0   0   0  2.29 0.61
  218 S    3 -3 -2  4 -1 -2 -2 -2 -3 -4 -4 -2 -3 -5 -3  4 -1 -5 -4 -3   32   0   0  22   1   0   0   1   0   0   0   0   0   0   0  42   1   0   0   0  0.82 0.32
  219 L   -4 -4 -6 -6 -4 -5 -5 -6 -5  0  6 -5  0 -1 -5 -5 -4 -4 -3 -1    0   0   0   0   0   0   0   0   0   1  97   0   0   1   0   0   0   0   0   1  1.55 0.43
  220 C   -2 -6 -6 -7 11 -6 -7 -6 -6 -3 -4 -6 -4 -5 -6 -3 -4 -5 -3 -2    2   0   0   0  91   0   0   0   0   1   0   0   0   0   0   1   0   0   1   2  3.18 0.64
  221 A    2  0  0  1 -3  1  4 -2  1 -2 -3  0 -1 -4 -3  1 -1 -4 -2 -2   21   3   4   5   0   6  33   0   4   3   0   4   1   0   0  13   1   0   1   1  0.39 0.19
  222 M    0 -4 -4 -5 -3 -3 -2 -5 -4  2  1 -3  7 -2 -4 -3 -1 -4 -3  3    7   0   1   0   0   0   2   0   0  11   6   0  42   0   0   1   3   0   0  27  0.89 0.32
  223 L   -4 -4 -6 -6 -3 -4 -5 -6 -5  2  6 -5  1  0 -5 -5 -3 -4 -3  0    0   0   0   0   0   0   0   0   0   9  84   0   2   2   0   0   0   0   0   4  1.25 0.36
  224 K   -1  3  2  0 -4  1  2  0 -1 -4 -3  3 -2 -4 -3  0 -1 -2 -3 -4    4  15  13   3   0   5  16   6   0   0   1  27   1   0   0   7   2   0   0   0  0.43 0.18
  225 Q   -2  2  0  0 -3  3  3 -3 -1 -4 -1  4 -2 -4 -3 -1 -1 -4 -3 -3    1  13   4   3   0  13  24   0   0   0   8  28   0   0   0   1   3   0   0   0  0.51 0.21
  226 Y   -4 -4 -2 -2 -3 -2 -3 -5  7 -3 -3 -4 -3  3 -5 -4 -4 -1  7 -4    0   0   2   2   1   1   1   0  31   1   1   0   0  11   0   0   0   0  50   0  1.64 0.44
  227 A    3 -3 -2 -3 -4 -3 -4  6 -2 -4 -5 -2 -4 -5 -3  0 -3 -1 -4 -4   24   0   0   0   0   0   0  64   1   1   0   2   0   0   0   6   0   1   0   0  1.16 0.33
  228 D   -2  1  0  2 -3  0 -1  0  4 -4 -4  4 -3 -3 -2  2  0 -4 -2 -4    1   5   4  13   0   3   1   7  13   0   0  31   0   1   0  16   5   0   1   0  0.44 0.20
  229 K   -1  1 -1  1 -4  2  2 -3 -1 -4 -4  4 -3 -4 -3  3  1 -4 -3 -3    1   4   1   7   0   8  16   0   1   0   0  28   0   0   0  25   9   0   0   0  0.52 0.22
  230 L   -4 -4 -5 -6 -4 -4 -5 -5 -5 -1  6 -4  3 -1 -5 -4 -3 -4  0 -1    0   0   0   0   0   0   0   0   0   0  85   1   8   1   0   1   1   0   3   1  1.24 0.37
  231 E   -4 -3 -2  3 -6  0  7 -5 -3 -6 -6 -2 -5 -6 -4 -3 -3 -6 -5 -5    0   0   0  17   0   1  82   0   0   0   0   0   0   0   0   0   0   0   0   0  1.73 0.47
  232 F   -3 -5 -5 -5 -3 -5 -5 -5 -4  4  4 -5  0  5 -5 -4 -3 -2 -1  0    0   0   0   0   0   0   0   0   0  26  37   0   0  34   0   0   0   0   0   3  0.96 0.29
  233 M   -3 -3 -4 -5  0  1 -4 -5 -4 -1  2 -3  8 -3 -4 -3  3 -4 -3 -1    1   0   0   0   2   7   0   0   0   1  16   0  50   0   0   0  22   0   0   1  1.11 0.39
  234 H   -3  0 -2 -1 -5  5  3 -3  6 -5 -5 -1 -3 -4 -3  0 -1 -2 -1 -4    0   3   0   1   0  37  23   1  23   0   0   1   0   0   0   5   4   1   1   0  0.98 0.33
  235 I   -3 -5 -5 -5 -3 -4 -5 -6 -5  6  4 -5  3 -2 -5 -4 -3 -4 -3  0    0   0   0   0   0   0   0   0   0  56  35   0   8   0   0   0   0   0   0   0  1.12 0.33
  236 L   -4 -4 -5 -6 -4 -4 -5 -6 -5 -1  6 -5  6 -1 -5 -5 -3 -4 -3 -1    0   0   0   0   0   0   0   0   0   0  75   0  24   1   0   0   0   0   0   0  1.37 0.39
  237 T   -3 -4 -3 -4 -4 -3 -4 -4 -5 -2 -3 -3 -2 -5 -4 -1  8 -5 -4 -3    0   0   0   0   0   0   0   0   0   2   1   0   1   0   0   1  95   0   0   0  1.88 0.53
  238 R   -3  6 -3 -4 -2  0 -3 -5  0 -1  2  0  0 -2 -4 -2 -3 -1 -3 -1    0  56   0   0   1   2   0   0   2   4  22   2   2   2   0   2   0   1   0   5  0.81 0.29
  239 V   -3 -5 -6 -6 -3 -5 -5 -6 -6  0 -2 -5 -2 -3 -5 -4 -3 -6 -4  7    0   0   0   0   0   0   0   0   0   0   0   0   0   0   0   0   0   0   0 100  1.83 0.50
  240 N   -3 -3  8 -1  0 -3 -3 -3 -2 -6 -6 -3 -3 -6 -5 -1 -3 -6 -5 -6    1   0  94   0   2   0   0   0   0   0   0   0   1   0   0   1   0   0   0   0  2.18 0.54
  241 R   -3  6 -1 -1 -3  1 -2 -4  5 -5 -4  1 -2 -2 -4 -3 -3  1  3 -4    0  53   2   3   1   5   0   0  16   0   0   5   1   0   0   0   0   2  11   0  1.03 0.32
  242 K   -3  3 -2 -3 -5  0 -1 -3 -2 -1 -2  6  4 -4 -3 -2 -1 -5 -4 -2    0  12   0   0   0   2   1   1   1   3   3  61  13   0   0   0   2   0   0   1  0.92 0.33
  243 V   -3 -5 -6 -6 -4 -5 -5 -6 -6  0 -2 -5 -2 -4 -5 -5 -3 -6 -4  7    0   0   0   0   0   0   0   0   0   0   1   0   0   0   0   0   0   0   0  99  1.90 0.53
  244 A    6 -4 -3 -4 -3 -3 -3 -2 -4 -4 -4 -3 -3 -5 -3  3 -1 -5 -4 -3   70   0   0   0   0   0   0   0   0   0   0   0   0   0   0  28   2   0   0   0  1.19 0.41
  245 T   -2  2 -2 -3 -1  1 -2 -4  2  0  0 -2  3  1 -3 -1  2 -2  4  0    0  13   1   1   1   7   1   0   6   4   9   0  10   4   0   1  20   0  17   4  0.30 0.18
  246 E   -3  4  0  3 -5  1  4 -4  3 -5 -5 -1 -4 -5 -3 -1 -3 -5 -2 -5    0  24   4  17   0   4  38   0   9   0   0   1   0   0   0   2   0   0   1   0  0.84 0.29
  247 F   -4  1 -2 -5 -5 -2 -3 -5 -1 -3 -2 -1 -3  8 -5  0 -3 -2  3 -3    0   9   2   0   0   1   1   0   1   0   0   4   0  66   0   7   0   0   8   0  1.34 0.39
  248 E   -2 -3 -3 -1 -5  0  6 -5 -2 -2 -4 -1 -3 -5 -3 -2 -3 -5 -4  3    2   0   0   0   0   3  66   0   1   1   0   2   0   0   1   1   0   0   0  24  1.12 0.39
  249 S   -1 -3 -1  2 -4 -2 -1  0 -1 -5 -4 -3 -4 -3 -1  6 -1 -5 -4 -3    1   1   1  11   0   0   2   6   1   0   1   0   0   1   2  72   1   0   0   1  1.02 0.39
  250 F   -1  0  2 -2  3  1 -2 -3 -1  0 -1 -1  1  3 -3  0 -1  2  2  0    3   5  14   1   9  10   0   0   0   4   2   2   4  19   0   9   3   2   6   7  0.22 0.15
  251 S    1 -3 -1 -3  6 -3 -3 -3 -4 -4 -4 -3 -4 -5 -1  5  2 -5 -3 -3    7   0   1   0  19   0   0   0   0   0   0   0   0   0   3  57  12   0   0   0  1.05 0.37
  252 F   -1  1  4  3 -1 -1  0 -1 -1 -3 -1  1 -2 -2  1  0  0 -2  0 -2    2   9  25  16   1   0   3   2   0   0   7   8   0   1   5   7   6   0   4   1  0.28 0.14
  253 D   -3 -1  2  6 -4  0  0 -3  0 -3 -1  0 -1 -4 -3  0 -2 -5 -2 -3    1   3   7  55   0   3   4   0   3   1   8   6   2   0   0   6   1   0   1   1  0.78 0.27
  254 A    0  0 -2 -1 -3 -1  0 -3  0  0 -3 -1 -2 -4  6  1 -1 -5 -3 -2    7   5   1   3   0   3   6   0   2   6   2   1   1   0  45  13   2   0   0   1  0.85 0.26
  255 T    0  1  2  0  1  0 -1  2  0 -2 -3  0 -1  0 -3  1  2 -1 -1 -2    4  10  10   5   3   2   3  17   3   1   1   3   1   7   0   9  17   1   2   0  0.16 0.11
  256 F    2 -4 -3 -4 -4 -4 -4 -4 -2 -2 -1 -4  4  7 -4 -2 -1 -2  1 -2   21   0   1   0   0   0   0   0   1   1   2   0  15  50   0   2   3   0   3   1  0.97 0.33
  257 H   -2 -3  3  1 -2 -2 -2 -3  6  3 -2 -2 -3 -3 -4  2 -2 -5 -2 -2    0   0  19   9   1   0   1   1  28  20   2   0   0   0   0  15   1   0   0   1  0.64 0.27
  258 A    3  1  0 -2 -2  0  2  4 -3 -4 -3  1 -3 -4 -3 -1 -2 -4 -4 -3   25   6   3   0   1   4  15  34   0   0   2   8   0   0   0   1   0   0   0   0  0.52 0.21
  259 K   -3  0 -2 -3 -6  0 -2 -4 -2 -5 -4  7  3 -5 -4 -3 -3 -6 -4 -3    0   1   1   0   0   3   0   0   0   0   0  84   8   0   0   0   0   0   0   1  1.56 0.47
  260 K   -4 -1 -3 -4 -6 -2 -2 -5 -4 -6 -6  8 -4 -6 -4 -3 -4 -6 -5 -5    0   0   0   0   0   0   0   0   0   0   0 100   0   0   0   0   0   0   0   0  2.13 0.57
  261 Q   -4 -2 -3 -4 -6  9 -1 -5 -3 -6 -5 -2 -4 -7 -5 -3 -3 -5 -5 -6    0   0   0   0   0  98   0   0   0   0   0   0   0   0   0   0   1   0   0   0  2.50 0.66
  262 I   -3 -5 -6 -6 -4 -5 -5 -6 -6  7 -1 -5  3 -2 -5 -5 -3 -5 -4  3    0   0   0   0   0   0   0   0   0  71   0   0   7   0   0   0   0   0   0  21  1.42 0.40
  263 P   -4 -5 -5 -5 -6 -4 -4 -5 -5 -6 -5 -4 -6 -7  9 -3 -4 -7 -6 -6    0   0   0   0   0   0   0   0   0   0   1   0   0   0  99   0   0   0   0   0  3.09 0.64
  264 C   -4 -7 -6 -7 11 -6 -7 -6 -6 -5 -5 -6 -5 -6 -6 -2 -3 -6 -2 -4    0   0   0   0  94   0   0   0   0   0   0   0   0   0   0   3   1   0   2   0  3.41 0.68
  265 I   -3 -5 -5 -5 -4 -5 -5 -6 -5  6 -1 -5  1  5 -5 -4 -3 -3 -2  3    0   0   0   0   0   0   0   0   0  54   1   0   3  25   0   0   0   0   0  16  1.11 0.35
  266 V    3 -4 -3 -4 -3 -3 -4 -4 -4  0 -1 -3  1 -3 -4 -1  1 -5 -3  5   24   0   1   0   0   0   0   0   0   1   3   0   4   0   0   2   8   0   0  56  0.73 0.30
  267 S   -1 -3 -2 -3 -2 -3 -3 -3 -4 -5 -5 -3 -4 -2 -3  7  0 -5 -4 -4    0   0   0   0   1   0   0   0   0   0   0   0   0   2   0  94   2   0   0   0  1.63 0.50
  268 M   -4 -2 -5 -6 -5 -3 -5 -6 -5 -2 -1 -4 11 -3 -5 -4 -2 -5 -4 -2    0   2   0   0   0   0   0   0   0   0   0   0  95   0   0   0   2   0   0   0  2.70 0.65
  269 L   -4 -5 -6 -6 -4 -5 -5 -6 -5 -1  6 -5  0 -2 -5 -5 -4 -4 -3 -2    0   0   0   0   0   0   0   0   0   0  99   0   0   0   0   0   0   0   0   0  1.59 0.43
  270 T   -3 -4 -3 -4 -4 -3 -4 -4 -4 -3 -4 -3 -3 -5 -4 -1  8 -5 -4 -3    0   0   0   0   0   0   0   0   0   0   0   0   0   0   0   0  98   0   0   0  2.02 0.55
  271 K   -3  3 -3 -3 -6 -1 -2 -4 -3 -5 -5  7 -4 -6 -4 -3 -3 -5 -4 -5    0  11   0   0   0   0   0   0   0   0   0  88   0   0   0   0   0   0   0   0  1.74 0.47
  272 E   -3 -1 -1  3 -5  0  5 -4 -1 -4 -2  3 -2 -2 -3 -2 -3 -4  0 -4    0   0   1  15   0   1  46   0   1   0   5  25   1   1   0   1   0   0   3   0  0.79 0.28
  273 L   -3 -4 -5 -5 -3 -4 -5 -5 -4  1  5 -4  2  2 -5 -4 -3 -3 -2  2    0   0   0   0   0   0   0   0   0   4  68   0   5   8   0   0   0   0   0  13  0.93 0.29
  274 Y   -5 -1 -5 -6 -4 -4 -5 -6  3 -4 -4 -2 -4  2 -6 -4 -4 -1  9 -3    0   4   0   0   0   0   0   0   6   0   0   3   0   4   0   0   0   0  82   1  2.17 0.52
  275 F   -5 -6 -6 -7 -5 -6 -6 -6 -4 -3 -1 -6 -3  9 -7 -5 -5 -2  0 -4    0   0   0   0   0   0   0   0   0   0   3   0   0  97   0   0   0   0   0   0  2.52 0.56
  276 Y   -2 -2 -1 -3 -4 -2 -2 -3  6 -3 -2 -2 -2  4  1  0 -1  2  6 -3    0   1   2   0   0   0   0   0  25   0   0   1   0  18   8   7   4   2  32   0  0.74 0.18
  277 H   -2 -1 -1 -2 -4  5  0 -3  8 -4 -4 -1 -2 -2 -3 -2 -2 -3  1 -4    0   0   0   0   0  37   0   0  59   0   0   0   0   0   0   0   0   0   4   0  1.10 0.16

                      K         Lambda
Standard Ungapped    0.1344     0.3190
Standard Gapped      0.0557     0.2670
PSI Ungapped         0.1821     0.3168
PSI Gapped           0.0557     0.2670
