
Last position-specific scoring matrix computed, weighted observed percentages rounded down, information per position, and relative weight of gapless real matches to pseudocounts
           A  R  N  D  C  Q  E  G  H  I  L  K  M  F  P  S  T  W  Y  V   A   R   N   D   C   Q   E   G   H   I   L   K   M   F   P   S   T   W   Y   V
    1 M   -2 -3 -4 -5 -3 -2 -3 -4 -3  1  2 -3  8 -1 -4 -3 -2 -3 -2  1    0   0   0   0   0   0   0   0   0   2  14   0  73   0   0   0   0   0   0  10  1.00 0.21
    2 E   -1 -1 -1  0 -5  3  6 -3 -1 -4 -4  2 -3 -5 -2  0 -2 -4 -3 -4    2   0   0   1   0  14  65   0   0   0   0  13   0   0   0   5   0   0   0   0  0.91 0.20
    3 N   -2 -1  5  3 -4  1 -1 -2 -2 -4 -3 -1 -3 -4 -2  3  0 -5 -1 -4    1   1  37  17   0   5   1   0   0   0   2   1   0   0   1  30   2   0   2   0  0.69 0.23
    4 N   -1 -2  4 -1 -1  0 -1  4 -2 -4 -4 -2 -3 -4 -3  1  2 -4 -3 -4    1   1  26   1   1   3   3  37   0   0   0   0   0   0   1  11  13   0   1   0  0.65 0.23
    5 K   -1  0 -1  1 -4  2  5  2 -1 -4 -4  1 -2 -5 -1  0 -2 -4 -4 -3    2   4   1   5   0  11  42  16   1   1   0   8   1   0   3   4   1   0   0   1  0.57 0.22
    6 T   -3 -4  3  6 -4 -3 -1 -3 -2  0 -4 -3 -4 -5 -2  0  2 -6 -5 -2    0   0  14  57   0   0   0   1   0   7   0   0   0   0   2   5  12   0   0   2  1.02 0.33
    7 S    1 -2 -1 -1  1  2  0 -2  0 -1 -2 -2 -1 -2 -2  3  2 -4 -3  0   11   1   2   2   4  11   6   1   2   3   3   0   1   1   1  30  13   0   0   9  0.26 0.17
    8 V   -1 -3 -3 -4 -2 -2 -2 -4 -4  1  1 -3  1 -3 -1 -2  3 -5 -3  5    2   1   0   0   0   1   2   0   0   4   9   1   3   0   3   1  19   0   0  53  0.64 0.27
    9 D   -3 -4 -2  8 -6 -3 -1 -4  0 -6 -7 -3 -4 -7 -4 -2 -4 -7 -6 -6    1   0   0  92   0   0   1   0   2   0   0   1   0   0   0   2   0   0   0   0  2.17 0.54
   10 S    5 -4 -2 -2 -2 -3 -2 -2 -4 -4 -4 -2 -3 -5 -2  4 -1 -5 -4 -2   59   0   1   1   0   0   1   0   0   0   0   1   0   0   1  33   2   0   0   1  1.03 0.38
   11 K   -1  4 -3 -3  0 -1 -1 -3 -2 -4 -3  6 -2 -3 -3 -1 -2 -5 -4 -3    3  23   0   0   2   0   1   1   0   0   2  58   1   1   1   3   2   0   0   1  1.01 0.35
   12 S   -1  0 -1 -1 -2  0 -1 -1 -3 -4 -4  0 -4 -5  5  3 -1 -5 -4 -3    4   4   2   3   1   5   1   4   0   0   0   4   0   0  34  32   3   0   0   1  0.80 0.28
   13 I    0 -2 -1  2  1 -1  0 -2 -2  3 -1  0 -1  0 -3  0  1 -2 -2  1    7   0   2  17   3   1   4   2   0  25   4   7   0   3   0   6   8   1   1   8  0.14 0.12
   14 K   -1  3  2  1 -4  0  0 -2 -2 -3 -2  3 -2 -1  1  0  1 -4 -3 -3    4  19  10   8   0   2   3   1   0   1   5  23   0   3   7   6  10   0   0   0  0.31 0.16
   15 T    1 -1  2  0 -3 -1  0  2 -2 -2 -2 -1 -2 -3 -1  2  2 -4 -3 -1   12   2  14   3   0   2   5  15   0   2   2   2   0   0   3  19  15   0   0   5  0.26 0.14
   16 L   -1 -1  0  0 -1  1 -1  0 -2 -2 -1  0 -1  0 -1  3  3 -3 -2 -2    3   1   3   5   1   6   2   8   0   1   6   7   2   6   2  27  19   0   0   1  0.21 0.15
   17 E   -2  1 -1  1 -5  1  5  0 -2 -3 -3  1 -3  1 -3 -1 -1 -3 -3 -2    1   6   2   6   0   5  44   9   0   1   1   8   0   9   0   3   2   0   0   2  0.53 0.23
   18 T    0 -2  0 -2 -3  0 -1  2 -3  0 -1 -1 -1 -2  2  0  3 -4 -3  0    7   1   6   1   0   3   3  16   0   4   6   3   1   1   9   7  23   0   0  10  0.19 0.12
   19 K   -1  1  1  3 -4  2  1 -2 -2 -4 -4  4 -2 -3  2  1 -2 -5 -3 -3    5   5   5  15   0   9   7   1   0   0   0  29   1   1   8  13   0   0   0   0  0.44 0.20
   20 I    1 -1  2 -1  0  0 -1 -1 -2  2  0 -1 -1 -1 -1  1  1 -3 -1  1   13   2  13   2   2   5   1   3   0  16   7   1   0   3   3  15   6   0   1   8  0.10 0.10
   21 L   -1 -2 -3 -1 -2 -2 -2 -2 -2  2  2 -2  0  3 -1 -1  0 -1  0  0    3   1   0   3   0   2   1   3   0  18  22   3   2  18   3   6   6   1   2   5  0.18 0.11
   22 H    0 -1  0 -2 -3  1  1 -1  5 -1 -2 -1 -2  0  2  1  0 -3  2 -2    5   3   3   1   0   6   8   5  19   4   2   1   0   5  13   9   7   0   7   2  0.26 0.14
   23 G    0  1  0 -1 -3  0  1  3 -2 -3 -3  1 -2 -2 -2  2  1 -2 -3 -2    8   6   3   1   0   3   9  26   0   1   1  11   0   2   1  17   8   0   0   2  0.28 0.13
   24 S    0  1 -1  0 -2 -1 -2 -1  2 -2 -3  2 -3 -3 -1  4  0 -4 -3  0    3   6   1   4   1   1   0   3   5   2   1  15   0   0   2  42   2   0   0  10  0.37 0.21
   25 K    0  1 -1  1 -3  1  1 -2 -2 -2 -2  4 -1 -3 -2  0 -1 -4 -3 -1    5   3   0  10   0   5  10   3   0   2   3  41   2   1   0   8   1   0   0   4  0.40 0.19
   26 S    1 -2  0 -1 -2  0 -1 -1 -2 -3 -2  1  0 -1  2  4  0 -1 -2 -2    8   1   3   1   1   3   3   2   0   0   3  10   3   3  10  41   5   1   0   2  0.36 0.19
   27 M    0 -2  0 -3 -2 -1 -2 -2  0  0  1  0  4  1 -2 -1  1 -3 -1  2    5   1   6   0   0   2   1   2   3   3   8   6  17   8   2   4  11   0   1  19  0.16 0.13
   28 D   -2  1  1  6 -4 -1  1 -1 -2 -4 -3  0 -3 -4  1  0 -1 -4 -1 -3    1   7   5  48   0   2   6   4   0   1   2   3   0   0   7   6   2   0   3   2  0.65 0.23
   29 S    1  2 -1 -2 -3  0  0 -2 -2 -1 -3 -1 -2 -3  3  3  0 -4 -2  0    9  11   2   1   0   3   5   1   0   4   1   2   0   0  15  34   4   0   1   6  0.36 0.17
   30 G    1  1  0  1 -3 -1  0  3 -2 -1 -2  1 -2 -3 -1  1  0 -2 -3 -1   10   9   2   7   0   1   5  27   0   6   1   8   0   1   2   9   6   0   0   3  0.21 0.10
   31 I    0 -1 -2 -2 -2  1  0 -2 -1  2  1 -1  2  0  1  0 -1 -3 -1  1    7   3   1   1   0  11   5   2   1  22  11   2   6   3   8   7   1   0   1   9  0.12 0.09
   32 S    0  0  1  2 -2  0  0 -2  0 -2 -2 -1 -2 -1  1  3  1 -3 -1 -1    5   6   6  13   1   3   3   1   2   2   4   2   0   3   6  29   6   0   2   6  0.18 0.11
   33 L   -1 -2 -2  1 -3 -2 -1 -2  2 -2  2 -2 -1 -2  5  0 -2 -3  0 -1    4   1   0   9   0   1   2   2   6   1  24   1   1   1  31   6   1   0   3   4  0.48 0.17
   34 D    0 -2  0  5 -1  0  1 -2 -2 -3 -3 -1 -3 -4  0  1  2 -4 -3 -3   10   0   3  39   1   3   7   2   0   1   1   1   0   0   4  12  14   0   0   1  0.53 0.20
   35 V   -2 -2  1  0 -3 -2  2 -3  1 -2 -2 -2  1  4  0 -1 -2 -2  4  0    2   0  10   3   0   0  20   1   3   1   1   1   4  19   4   2   2   0  19   8  0.37 0.19
   36 S   -1  3 -1 -1 -2  4  3 -3 -2 -4 -3  1 -3 -1 -3  2 -1 -4  0 -3    2  19   1   1   1  22  20   0   0   0   1   9   0   3   0  16   1   0   4   1  0.49 0.22
   37 Y   -5 -5 -6 -7 -6 -5 -5 -7 -2 -5 -4 -5 -4  0 -6 -5 -5 -1 10 -5    0   0   0   0   0   0   0   0   0   0   0   0   0   0   0   0   0   0  99   0  3.07 0.69
   38 K   -3  2  5 -1 -3 -1 -2 -3 -2 -5 -5  5 -4 -5 -3  0 -2 -5 -4 -5    1  11  33   2   0   1   0   0   0   0   0  41   0   0   1   7   1   0   0   0  0.94 0.33
   39 M   -4 -5 -6 -7 -5 -4 -5 -6 -5 -2  1 -5 10  0 -6 -5 -2 -5 -4 -2    0   0   0   0   0   0   0   0   0   1   7   0  86   4   0   0   2   0   0   0  2.49 0.64
   40 D   -3 -3  5  6 -4 -2 -1 -2 -2 -5 -6 -1 -5 -6 -4  0  0 -6 -5 -5    1   1  35  44   0   0   0   2   0   0   0   3   0   0   0   7   6   0   0   0  1.16 0.36
   41 Y   -5 -3  0 -5 -4 -3 -4 -5  8 -5 -4 -3 -4  3 -6 -4 -4 -2  7 -5    0   1   4   0   0   0   0   0  38   0   0   1   0  12   0   0   0   0  44   0  1.85 0.49
   42 P   -2  0 -3 -3 -2  1  1 -3 -1 -5 -5  4 -4 -6  6 -1 -2 -5 -4 -4    2   4   0   0   1   8   8   2   1   0   0  26   0   0  44   2   1   0   0   1  1.11 0.33
   43 E   -3  4  1 -2  2  0  3 -4 -2 -5 -4  4 -2 -5 -3  0 -2 -5 -4 -3    0  29   6   0   6   2  19   0   0   0   0  28   1   0   0   8   0   0   0   1  0.73 0.27
   44 M   -3  6 -4 -5 -4 -2 -3 -5 -3  2  0 -1  6 -3 -5 -4 -3 -5 -4  1    0  45   0   0   0   0   0   0   0  11   8   1  23   0   0   0   0   0   0  12  0.99 0.35
   45 G   -3 -5 -3 -4 -6 -5 -5  7 -5 -7 -7 -5 -6 -6 -5 -3 -5 -6 -6 -6    0   0   0   0   0   0   0  99   0   0   0   0   0   0   0   1   0   0   0   0  2.34 0.54
   46 L   -2  0 -3 -3 -3  1 -1 -4  0  2  3  2  1 -2 -3 -2  0 -4 -1  1    0   5   0   0   0   8   1   0   2  10  33  20   3   0   0   0   5   0   1  11  0.31 0.18
   47 C    4 -5 -5 -6 10 -5 -5 -4 -5 -4 -4 -5 -4 -1 -5 -3 -3 -5 -5 -2   38   0   0   0  57   0   0   0   0   0   0   0   0   3   0   0   0   0   0   2  2.04 0.51
   48 I   -3 -5 -5 -6 -3 -5 -5 -6 -5  6  4 -5  0 -2 -5 -4 -2 -4 -2  2    0   0   0   0   0   0   0   0   0  48  37   0   0   0   0   0   1   0   1  13  1.05 0.33
   49 I   -4 -6 -6 -6 -4 -6 -6 -7 -6  8 -1 -6 -2 -3 -6 -5 -4 -6 -4  1    0   0   0   0   0   0   0   0   0  93   2   0   0   0   0   0   0   0   0   5  1.99 0.52
   50 I   -4 -6 -6 -6 -4 -6 -6 -6 -5  7 -1 -6 -2  6 -6 -5 -4 -4 -2  0    0   0   0   0   0   0   0   0   0  62   0   0   0  35   0   0   0   0   0   3  1.59 0.45
   51 N   -5 -4  9 -2 -6 -2 -4 -4 -3 -7 -7 -3 -6 -7 -5 -3 -3 -7 -6 -6    0   0  99   0   0   1   0   0   0   0   0   0   0   0   0   0   0   0   0   0  2.64 0.65
   52 N   -4 -3  7 -2 -6  2 -3 -4  7 -6 -6 -2 -5 -5 -5 -2 -3 -6 -3 -6    0   0  65   0   0   8   0   0  25   0   0   1   0   0   0   0   0   0   0   0  1.84 0.51
   53 K   -3  0 -2 -2 -6  0  4 -4 -3 -5 -5  6 -4 -6 -4 -2 -3 -6 -5 -3    0   2   0   1   0   1  29   0   0   0   0  64   0   0   0   1   0   0   0   1  1.36 0.44
   54 N   -4  2  7  0 -5  0 -1 -3  4 -5 -4 -1 -4 -1 -4 -1 -2 -4 -2 -4    0  11  56   3   0   4   2   0  11   0   1   2   0   3   0   1   0   0   1   1  1.07 0.35
   55 F   -6 -6 -7 -7 -6 -7 -7 -7 -5 -2 -3 -7 -3  9 -7 -6 -6 -2  0 -4    0   0   0   0   0   0   0   0   0   1   0   0   0  99   0   0   0   0   0   0  2.83 0.64
   56 D   -2 -3  0  4 -5 -1  1 -4  7 -4 -3 -2 -4  4 -4 -2 -2 -4  1 -4    2   0   4  27   0   2   7   0  30   0   1   1   0  18   0   1   2   0   3   0  0.90 0.32
   57 K   -2  2 -2 -2 -4 -1  1 -3 -1 -2 -4  3 -2 -3  2  0 -1  8 -2 -3    2  10   0   2   0   1   9   1   1   4   0  26   1   0  10   8   3  22   0   1  0.73 0.27
   58 N   -1  2  0  0 -2  1 -1 -2  5 -2 -3  2 -2 -4 -2  3 -1 -4 -2 -1    3  13   3   4   1   5   2   1  16   1   2  13   0   0   1  27   2   0   1   6  0.36 0.20
   59 T   -3 -4 -3 -4 -3 -3 -4 -4 -4 -2  2 -3 -2 -4 -4  0  7 -5 -4 -2    0   0   0   0   0   0   0   0   0   1  24   0   0   0   0   4  68   0   0   0  1.21 0.42
   60 G   -2  0 -1 -2 -3  0 -2  6  1 -5 -5 -1  1 -5 -4 -2  0 -5 -4 -5    1   6   2   1   1   4   2  65   4   0   0   4   4   0   0   0   5   0   0   0  1.03 0.32
   61 M   -4 -4 -5 -6 -4 -1 -5 -6 -5 -2  4 -1  9 -3 -5 -5 -4 -4 -4 -2    0   0   0   0   0   3   0   0   0   0  33   4  61   0   0   0   0   0   0   0  1.73 0.51
   62 A    1 -1  3  0 -2 -1  0  2 -1 -4 -3  1 -3 -3  3  1  0 -4 -3 -3   10   2  19   4   1   0   4  17   1   0   2   8   0   0  14  14   4   0   0   0  0.38 0.17
   63 C    0 -2 -1  2  1  1  2 -2 -2 -1 -2 -1 -1 -2  1  1  1 -4 -2  1    8   0   1  11   4   6  16   0   0   2   2   1   1   2   8  11  12   0   1  13  0.19 0.13
   64 R   -5  8 -4 -5 -7 -2 -3 -6 -3 -6 -4 -1 -5 -6 -5 -4 -4 -6 -5 -6    0  99   0   0   0   0   0   0   0   0   1   0   0   0   0   0   0   0   0   0  2.47 0.62
   65 S   -2  3  5 -1  1  0  0 -3  0 -3 -4  0 -3 -4 -3  3  0 -5 -3 -4    1  18  32   1   4   3   5   0   2   1   1   3   0   0   1  23   5   0   0   0  0.59 0.26
   66 G   -3 -3 -3 -4 -6 -5 -5  7 -5 -7 -7 -4 -6 -6 -5 -3 -5 -6 -6 -6    0   1   0   0   0   0   0  99   0   0   0   0   0   0   0   0   0   0   0   0  2.31 0.55
   67 T   -3 -4 -3 -4 -4 -4 -4 -5 -5 -4 -4 -4 -4 -5 -4  0  8 -6 -5 -3    0   0   0   0   0   0   0   0   0   0   0   0   0   0   0   3  97   0   0   0  2.14 0.61
   68 D   -4 -3  3  7  0 -2  0 -4 -3 -4 -2 -3 -2 -4 -4 -1 -3 -4 -5 -4    0   1  15  67   2   0   3   0   0   1   4   1   1   1   0   3   1   0   0   0  1.36 0.41
   69 V    2  0 -3 -4 -3  0 -1 -3 -4  0 -1  2 -1 -3 -3 -2 -1 -5 -3  4   23   4   1   0   0   3   3   0   0   3   2  14   0   0   0   1   2   0   0  44  0.48 0.25
   70 D   -5 -5 -2  8 -7 -4 -2 -5 -4 -7 -7 -4 -7 -7 -5 -3 -4 -8 -7 -7    0   0   0 100   0   0   0   0   0   0   0   0   0   0   0   0   0   0   0   0  2.62 0.63
   71 A    6  3 -4 -4  3 -3 -3 -2 -3 -4 -3 -1 -3 -5 -4 -1 -3 -5 -4 -3   68  18   0   0   6   0   0   1   0   0   1   2   0   0   0   2   0   0   0   0  1.06 0.39
   72 A    3 -1  1  2 -3 -1  3  2  0 -4 -3  0 -2 -3 -3  0 -2 -4 -1 -3   29   2   6  13   0   1  22  14   2   0   1   3   1   1   0   3   0   0   3   0  0.39 0.20
   73 N    1  0  7  0 -5 -1 -1  0  0 -5 -4  0 -4 -5 -4  0 -2 -5 -3 -4   11   6  56   2   0   2   4   6   1   0   1   4   0   0   0   5   0   0   1   0  0.92 0.33
   74 L    0 -4 -5 -6 -2 -4 -5 -5 -5  1  5 -5  1 -2 -5 -4 -3 -4 -3  2    7   0   0   0   1   0   0   0   0   6  72   0   1   0   0   0   0   0   0  14  1.04 0.34
   75 R    0  2 -1 -2  0  0  1 -3 -1 -1  0  1  2  2 -3 -1  0  2  1  0    6  16   2   0   3   3   9   0   1   4   5  10   8  10   0   3   6   3   6   6  0.14 0.11
   76 E   -3  3  2  0  0  1  3 -3  0 -3 -4  4 -3 -5 -3 -1 -2 -5 -4 -3    0  20  12   3   2   5  20   0   2   1   0  31   0   0   0   2   1   0   0   1  0.64 0.25
   77 T   -1  3 -2 -4  6 -1 -3 -4 -3 -1 -2 -2 -3 -4 -4  1  4 -5 -4  1    2  20   0   0  17   2   0   0   0   2   2   1   0   0   0  10  32   0   0  12  0.64 0.28
   78 F   -5 -6 -6 -7 -5 -6 -6 -6 -4 -2  3 -6 -2  8 -6 -5 -5 -2  0 -3    0   0   0   0   0   0   0   0   0   0  28   0   0  72   0   0   0   0   0   0  1.90 0.50
   79 T   -1  3 -1 -2 -3  1 -1 -2 -2 -1 -1  2  3 -3 -3  1  2 -3 -3 -2    1  21   1   0   0   6   3   2   0   3   5  16  11   0   0  12  18   0   0   0  0.36 0.20
   80 N   -1  0  4  3 -4 -1  2 -1 -1 -4 -4  2 -3 -5 -3  1  0 -5 -4 -3    4   5  23  19   0   1  12   2   1   0   0  16   0   0   0  14   4   0   0   1  0.52 0.21
   81 L   -4 -5 -6 -7 -4 -5 -6 -7 -6  0  6 -5  2 -2 -6 -5 -4 -4 -4 -2    0   0   0   0   0   0   0   0   0   1  95   0   3   0   0   0   0   0   0   0  1.65 0.47
   82 K   -3 -3  1  0 -5 -2 -3  6 -4 -6 -6  2 -5 -6 -4 -3 -4 -5 -5 -6    0   0   5   5   0   1   1  73   0   0   0  15   0   0   0   0   0   0   0   0  1.44 0.41
   83 Y   -5 -5 -6 -4 -6 -6 -6 -6 -3 -3 -3 -6 -3  8 -6 -5 -5 -1  7 -4    0   0   0   1   0   0   0   0   0   0   0   0   0  66   0   0   0   0  33   0  2.18 0.54
   84 E   -3  0  0  4 -6  0  6 -4 -2 -5 -5  2 -3 -6 -3 -1 -2 -5 -4 -4    1   3   3  24   0   2  52   0   0   0   0  10   0   0   0   2   1   0   0   1  1.03 0.34
   85 V   -2 -5 -5 -6 -3 -5 -5 -6 -6  2 -2 -5 -1 -4 -4 -4  0 -6 -4  7    1   0   0   0   0   0   0   0   0   6   0   0   1   0   1   0   5   0   0  87  1.56 0.47
   86 R   -2  4  1 -1 -3  1 -1 -3 -1  0 -3  4 -1 -3 -3  0  0 -4 -3 -1    2  31   6   2   1   4   2   0   1   6   0  26   1   1   0   7   5   0   0   6  0.48 0.21
   87 N   -1  0  2  0  4 -2 -2 -3  0  2  1 -2  1 -2 -2 -1 -1 -4 -3  3    2   5  15   5  12   1   0   0   3  11  10   1   3   1   2   2   3   0   0  24  0.24 0.15
   88 K   -3 -3 -1 -4  1 -2 -4 -5  4 -3 -2  2 -3  5 -5 -3 -4 -1  7 -3    2   0   3   0   3   1   0   0   9   0   3  15   0  25   0   1   0   0  37   1  1.04 0.35
   89 N   -4 -2  7  4 -3 -2 -1 -3  3 -6 -6 -1 -5 -5 -4 -2 -1 -6 -3 -5    0   1  63  21   1   0   1   0   8   0   0   3   0   0   0   0   3   0   1   0  1.42 0.42
   90 D   -4 -4  5  7 -6 -3 -1 -4 -3 -6 -6 -3 -6 -6 -4 -2 -3 -7 -6 -6    0   0  28  72   0   0   0   0   0   0   0   0   0   0   0   1   0   0   0   0  1.87 0.49
   91 L   -3  1 -4 -4  3  3 -3 -5 -3 -1  4 -2  0 -2 -4 -2 -3 -3  1 -1    0   7   0   0   8  18   0   0   0   1  53   1   1   0   0   2   0   0   6   3  0.61 0.28
   92 T   -2  0 -1 -3 -2 -2 -2 -3 -3 -3 -3  3 -3 -5 -2  3  5 -5 -4 -3    0   4   1   0   1   0   0   0   0   0   1  25   0   0   2  21  44   0   0   0  0.80 0.33
   93 R    2  2 -3 -4  7  0 -3 -3  2 -1 -2 -2 -2 -4 -4 -1 -1 -4 -3  2   17  12   0   0  31   4   0   1   5   1   2   0   0   0   0   3   3   0   0  20  0.68 0.27
   94 E    0  1 -1  1 -4  0  4 -2  0 -4 -3  2 -1 -4 -3  1 -1 -4 -2 -2   10   8   1   8   0   2  39   2   1   0   0  10   1   0   0  11   2   0   1   2  0.46 0.21
   95 E   -2  0 -1  4 -5  4  5 -3 -2 -5 -5  2 -3 -5 -3 -2 -3 -5 -4 -4    2   2   2  23   0  19  38   0   0   0   0  13   0   0   0   0   0   0   0   0  0.91 0.31
   96 I   -3 -4 -5 -6 -4 -4 -5 -6 -5  4  1 -4  8 -2 -5 -4 -3 -4 -3  3    0   0   0   0   0   0   0   0   0  30   8   0  44   0   0   0   0   0   0  18  1.26 0.40
   97 L   -2  1 -3 -3 -3  1  0 -4 -1  0  2  1  3 -1 -3 -1 -1 -2 -1  1    0  10   0   0   0   9   7   0   1   3  29  12   9   2   0   3   2   0   1  13  0.23 0.15
   98 E   -1  1  2  2 -3  3  3 -2  0 -3 -2  2 -1 -4 -3  0 -1 -3 -3 -3    4   6  11  13   0  14  20   2   1   0   5  16   1   0   0   4   2   0   0   1  0.36 0.16
   99 L   -2 -1  0 -3 -2  0  0 -4 -2  1  3  1  0  0 -3 -2 -1 -3 -1  2    0   3   5   0   0   4   6   0   1   4  41  13   1   3   0   0   3   0   1  15  0.27 0.16
  100 M   -3 -4 -5 -5 -3 -4 -5 -5 -4  3  4 -4  6 -1 -5 -4 -3 -4 -3  0    0   0   0   0   0   0   0   0   0  20  48   0  28   1   0   0   0   0   0   2  1.04 0.33
  101 H   -2  1  0  0  1  1  1 -2  4 -2 -2  3 -2 -1 -3 -1  0 -2  3 -2    1   9   2   4   3   6   9   1  11   2   2  22   0   1   0   3   8   0  14   1  0.29 0.15
  102 S    0  1  2  1 -4  3  3 -2 -2 -3 -3  3 -2 -4 -2  1 -1 -4 -3 -3    6   4  13   8   0  13  21   0   0   1   3  20   0   0   0   8   3   0   0   0  0.41 0.18
  103 V    4 -4 -4 -5 -3 -3 -3 -3 -4  0 -2 -4  1 -3 -4 -2 -2 -5 -3  5   41   0   0   0   0   0   0   0   0   2   0   0   4   0   0   0   1   0   0  52  0.89 0.34
  104 S    3 -3 -2 -3 -3 -3 -3 -2 -3 -4 -5 -3 -4 -5 -3  6 -1 -5 -3 -3   29   0   0   0   0   0   0   1   0   0   0   0   0   0   0  69   0   0   1   0  1.19 0.42
  105 K   -1  2  0  0 -4  3  3 -2 -1 -3 -3  4 -1 -4 -3 -1  1 -4 -3 -3    3   9   3   2   0  12  21   1   1   1   1  33   2   0   0   2   8   0   0   0  0.52 0.21
  106 E   -1 -1 -2  2 -3  1  6 -3 -1 -4 -2 -1  1 -5 -3  0 -2 -5 -3 -3    5   2   0  13   0   4  57   1   1   0   3   1   5   0   0   6   1   0   1   0  0.81 0.30
  107 D   -4 -4  2  8 -6 -2 -1 -4 -3 -6 -6 -3 -6 -6 -4  0 -3 -7 -6 -6    0   0   7  83   0   0   1   0   0   0   0   0   0   0   0   8   0   0   0   0  1.83 0.47
  108 H   -5 -4 -3 -3 -6 -3 -3 -4 11 -7 -6 -4 -5 -2 -6 -4 -5 -6 -1 -6    0   0   0   1   0   0   0   1  96   0   0   0   0   2   0   0   0   0   0   0  3.15 0.68
  109 S    0  0 -1 -2 -2 -2 -2 -2 -3 -2 -4 -1 -3 -4 -3  6  2 -5 -4 -1    2   4   1   1   0   0   1   2   0   1   0   2   0   0   0  68  11   0   0   4  0.89 0.35
  110 K   -3  0  3  5 -2  2  2 -3 -2 -5 -5  3 -4 -5 -3 -1 -2 -5 -4 -4    1   3  18  34   1   8   9   0   0   0   0  24   0   0   0   1   0   0   0   0  0.78 0.27
  111 R    3  3  2 -2  2 -1 -2 -2  2 -4 -4 -1 -2 -2 -3  3 -1 -4 -2 -2   28  22  11   0   5   0   0   0   5   0   0   0   0   2   0  23   0   0   1   2  0.47 0.24
  112 S    3 -2 -1  5 -3 -2 -1 -3 -3 -4 -5 -3 -4 -5 -3  3 -2 -5 -4 -4   28   1   1  43   0   0   0   0   0   0   0   0   0   0   0  23   0   0   0   0  0.86 0.33
  113 S   -2 -5 -4 -5 10 -4 -5 -4 -5 -4 -4 -4  0 -5 -5  4 -3 -5 -5 -4    1   0   0   0  61   0   0   0   0   0   0   0   3   0   0  35   0   0   0   0  2.10 0.52
  114 F   -5 -6 -6 -6 -5 -6 -6 -6 -4 -2  0 -6 -2  9 -6 -5 -5 -2  0 -1    0   0   0   0   0   0   0   0   0   1   8   0   0  87   0   0   0   0   0   4  2.10 0.51
  115 I    3 -4 -4 -4 -2 -3 -4 -1 -4  2  1 -3  0 -1 -4 -2 -2 -4 -3  4   26   0   0   0   0   0   0   4   0  12  12   0   1   1   0   0   1   0   0  42  0.55 0.24
  116 C   -3 -6 -6 -7 11 -6 -6 -6 -6 -2 -1 -6 -4 -2 -6 -4 -4 -5 -5  1    1   0   0   0  80   0   0   0   0   1   6   0   0   2   0   0   0   0   0  10  2.62 0.57
  117 V    2 -4 -5 -5  0 -4 -4 -4 -5  3 -1 -4 -1 -3 -4 -2 -1 -5 -3  5   19   0   0   0   2   0   0   0   0  20   0   0   0   0   0   1   1   0   0  57  0.87 0.31
  118 L   -3 -4 -5 -5 -3 -4 -5 -5 -4  4  4 -4  1  5 -5 -4 -3 -3 -1  1    0   0   0   0   0   0   0   0   0  25  38   0   3  27   0   0   0   0   0   7  0.84 0.27
  119 L   -4 -5 -6 -6 -4 -5 -5 -6 -5 -1  6 -5  1 -2 -4 -5 -4 -4 -4 -2    0   0   0   0   0   0   0   0   0   0  94   0   2   0   0   0   0   0   0   0  1.47 0.44
  120 S    0 -4 -2 -3 -4 -3 -3 -3 -4 -5 -5 -3 -4 -5 -4  7  0 -6 -4 -4    4   0   0   0   0   0   0   0   0   0   0   0   0   0   0  92   4   0   0   0  1.61 0.51
  121 H   -5 -3 -3 -4 -6 -2 -3 -5 11 -6 -5 -4 -5 -4 -6 -4 -5  3  0 -6    0   0   0   0   0   1   0   0  93   0   1   0   0   0   0   0   0   4   2   0  3.02 0.66
  122 G   -2 -5 -3 -4 -5 -5 -5  7 -5 -7 -7 -4 -6 -6 -5 -2 -4 -5 -6 -6    0   0   0   0   0   0   0  99   0   0   0   0   0   0   0   1   0   0   0   0  2.23 0.51
  123 E   -3 -2 -2  4 -6 -1  6 -4 -3 -3 -5 -1 -5 -5 -4 -3 -3 -6 -3 -4    0   1   0  23   0   0  70   1   0   2   0   2   0   0   0   0   0   0   1   0  1.41 0.42
  124 E   -3 -2  2  3 -5  1  5  0 -1 -4 -2 -1 -2 -4 -3 -2 -3 -5 -4 -4    0   0   9  17   0   3  54   6   1   0   6   1   1   0   0   1   0   0   0   0  0.83 0.29
  125 G   -2 -1  3  2 -4 -3 -2  6 -3 -5 -5 -2 -4 -5 -4 -1 -3 -5 -4 -5    0   3  15  12   0   0   2  63   0   0   0   1   0   0   0   2   0   0   0   0  1.11 0.31
  126 K   -2  0 -2 -3 -2 -1 -2 -3  5  2  1  0  1 -1 -3 -2 -2 -3  0  2    2   7   0   1   1   2   0   1  20  15  14   5   3   2   0   1   1   0   3  22  0.32 0.16
  127 I   -3 -4 -4 -4 -3 -4 -4 -5 -4  6  1 -4 -1  1 -4 -3 -2 -4 -2  3    0   0   0   0   0   0   0   0   0  56   9   0   0   7   0   1   0   0   0  23  0.90 0.28
  128 F   -4 -4 -4 -5 -3 -4 -4 -5 -1 -3 -3 -4 -3  5 -5 -4 -4  1  8 -3    0   0   1   0   1   0   0   0   0   0   0   0   0  26   0   0   0   1  67   0  1.93 0.46
  129 G    3 -4 -3 -3 -1 -3 -3  6 -4 -4 -4 -3 -4 -4 -3 -1 -2 -4 -4 -4   29   0   0   0   1   0   0  63   0   0   0   0   0   0   0   1   1   0   0   0  1.18 0.32
  130 T   -1 -1 -2 -3 -3 -2 -2 -3  3 -2 -3  1 -3 -1 -3 -1  5 -3  4 -1    3   2   1   0   0   1   0   0   8   1   0   8   0   2   0   1  54   0  16   2  0.75 0.30
  131 N   -4 -4  3  7 -5 -3 -1 -3 -3 -5 -5 -3 -5 -5 -4 -2 -3 -6 -5 -5    0   0  15  80   0   0   0   0   0   0   0   0   0   0   0   0   0   0   0   0  1.79 0.44
  132 G    1 -2 -1  1 -1 -3 -2  6 -2 -4 -4 -2 -3 -4 -3 -1  0 -4 -4 -3   14   2   1   7   1   0   1  59   1   0   0   2   0   0   0   2   7   0   0   1  0.85 0.26
  133 P    0 -1 -2 -2  0  0 -1 -3 -1 -1 -1  2  1 -1  4  1 -1 -2 -2 -1    7   0   1   0   2   4   2   0   2   4   3  21   5   3  25  11   1   0   0   5  0.36 0.16
  134 V   -2 -3 -3 -4 -3 -3 -1 -4 -3  4  1 -2  2 -1 -3 -3  0 -3  2  3    0   0   0   0   0   0   5   0   0  33  11   1   6   1   0   0   6   0   9  25  0.45 0.19
  135 D   -1 -1  0  3 -3  0  3 -2 -2 -4 -4  3 -3 -5  3  0 -2 -5 -3 -3    5   1   2  19   0   3  26   1   0   0   0  20   0   0  14   4   1   0   0   1  0.57 0.21
  136 L   -2 -4 -3 -5 -3 -4 -4 -5 -4  5  4 -4  0  0 -1 -4 -2 -4 -3  1    3   0   1   0   0   0   0   0   0  42  40   0   1   3   3   0   2   0   0   4  0.76 0.26
  137 K   -2  0  0  3 -5  3  2 -3 -2 -1 -4  5 -3 -5 -2 -1 -2 -5 -4 -4    1   1   2  17   0  17  13   0   0   4   0  41   0   0   1   1   1   0   0   0  0.71 0.27
  138 K    0  0  0  2 -3  0  1 -3  0 -1 -2  2  0  0 -2  0  3 -3 -1 -1    5   3   2  12   0   2  10   0   2   5   1  15   4   5   0   7  22   0   1   2  0.19 0.12
  139 L   -3 -4 -6 -6 -3 -4 -5 -6 -5  3  5 -5  2 -2 -5 -5 -3 -4 -3  0    0   0   0   0   0   0   0   0   0  20  73   0   4   0   0   0   0   0   0   3  1.15 0.34
  140 T    0 -4 -3 -4 -3 -3 -3 -4 -4  0 -2 -3  0  0 -4 -1  6  5 -3  0    7   0   0   0   0   0   0   0   0   6   3   0   2   4   0   1  66   7   0   4  1.00 0.37
  141 S    2 -1  1  1 -2  0  0  1  0 -2 -2  0 -2 -3 -2  3  0 -4 -2 -1   19   1   6   7   0   2   6  13   2   1   2   5   0   0   0  26   5   0   0   3  0.24 0.13
  142 F   -3 -3 -2 -4  2 -3 -4 -4  3 -1  3 -2  3  4  2 -3 -3 -2  2 -2    0   0   2   0   4   0   0   0  10   0  33   1  10  19  12   0   0   0   6   0  0.54 0.23
  143 F   -5 -6 -6 -6 -5 -6 -6 -6 -4 -1  0 -6 -2  9 -7 -5 -5 -2  1 -3    0   0   0   0   0   0   0   0   0   2   7   0   0  90   0   0   0   0   1   0  2.27 0.53
  144 R   -3  6 -2 -3 -5  0 -2 -4 -3 -1 -4  4 -3 -5 -4 -2  0 -5 -4 -3    0  53   1   1   0   2   0   0   0   4   0  30   0   0   0   2   7   0   0   1  1.09 0.35
  145 G    0 -5 -3 -4 -5 -4 -3  7 -5 -6 -6 -4 -5 -6 -5 -2 -4 -5 -6 -5    8   0   0   0   0   0   1  90   0   0   0   0   0   0   0   1   0   0   0   0  1.89 0.45
  146 D   -4 -2  1  7 -6 -2  0 -4  1 -5 -6 -3 -5  0 -2 -3 -3 -6 -2 -4    0   2   4  80   0   0   2   0   3   0   0   1   0   4   1   0   0   0   2   1  1.61 0.44
  147 C   -3  5  1 -2  4 -1 -2 -4  0 -4 -2  4 -1 -4 -4 -2 -3 -4  1 -3    0  31   7   1  11   1   1   0   1   0   4  34   1   0   0   1   0   0   5   1  0.71 0.27
  148 C   -3 -6 -5 -6 11 -5 -6 -5 -6 -4 -4 -6 -4 -3 -5 -3 -4 -5 -5 -4    1   0   0   0  93   0   0   0   0   0   0   0   0   1   0   1   0   0   0   0  3.30 0.64
  149 R   -2  4 -2 -3 -4  3 -1 -3 -2 -1 -1  4 -1 -4  4 -2 -1 -4 -3 -3    1  23   1   0   0  13   1   0   0   4   6  27   1   0  20   1   2   0   0   1  0.61 0.23
  150 T   -1 -2 -1 -2 -3 -2 -2 -1 -3 -4 -4 -2 -1 -4 -3  6  4 -5 -4 -3    0   2   1   1   0   0   0   3   0   0   0   0   2   0   0  63  26   0   0   0  1.02 0.37
  151 L   -4 -4 -5 -6 -3 -4 -5 -6 -5 -1  6 -5  0 -2 -5 -5 -3 -4 -3 -1    0   0   0   0   0   0   0   0   0   0  96   0   0   0   0   0   0   0   0   0  1.50 0.42
  152 T    2 -3 -3 -4 -2 -3 -3 -3 -4  1  0 -3 -1 -2 -3 -2  2 -4 -3  4   23   1   0   0   0   0   0   1   0   6   9   0   1   0   0   1  12   0   0  44  0.49 0.22
  153 G   -2 -4 -3 -3 -4 -3  0  7 -4 -5 -5 -3 -4 -5 -4 -2 -4 -4 -5 -5    0   0   0   0   0   0   7  87   0   0   1   0   0   0   0   0   0   0   0   0  1.71 0.41
  154 K   -3  0 -3 -3 -5 -1 -2 -4 -3 -5 -5  8 -4 -5 -3 -3 -3 -5 -4 -4    0   0   0   0   0   0   0   0   0   0   1  94   0   0   0   0   0   0   0   0  1.82 0.48
  155 P   -3 -4 -4 -4 -5 -4 -4 -4 -5 -5 -5 -4 -5 -6  9 -3 -4 -6 -5 -5    0   0   0   0   0   0   0   0   0   0   1   0   0   0  94   0   0   0   0   0  2.78 0.55
  156 K   -3  0 -3 -3 -5 -1 -2 -4 -3 -5 -5  8 -4 -5 -3 -3 -3 -5 -4 -4    0   0   0   0   0   1   0   0   0   0   1  93   0   0   0   0   0   0   0   0  1.79 0.48
  157 L   -3 -4 -5 -5 -3 -4 -4 -5 -4  4  5 -4  1 -1 -4 -4 -3 -3 -3  0    0   0   0   0   0   0   0   0   0  28  64   0   2   0   0   0   0   0   0   1  0.98 0.30
  158 F   -5 -6 -6 -6 -5 -6 -6 -6 -4 -2 -2 -6 -3  9 -6 -5 -5 -2  0 -4    0   0   0   0   0   0   0   0   0   1   0   0   0  97   0   0   0   0   0   0  2.52 0.56
  159 I   -4 -5 -5 -5 -4 -5 -5 -2 -4  5 -1 -5 -2  7 -5 -4 -3 -2  0  1    0   0   0   0   0   0   0   4   0  35   1   0   0  52   0   0   0   0   0   7  1.21 0.36
  160 I   -4 -5 -5 -5 -4 -5 -5 -6 -5  7  0 -5 -1  1 -5 -5 -3 -2 -3  1    0   0   0   0   0   0   0   0   0  84   5   0   1   6   0   0   0   0   0   3  1.50 0.42
  161 Q   -4 -1 -3 -3 -6  9 -1 -5 -2 -6 -5 -2 -3 -6 -4 -3 -4 -5 -4 -5    0   1   0   0   0  97   0   0   0   0   0   0   0   0   0   0   0   0   0   0  2.40 0.63
  162 A    7 -4 -4 -4 -3 -3 -3 -2 -4 -4 -4 -3  0 -5 -3 -1 -3 -5 -4 -1   92   0   0   0   0   0   0   0   0   0   0   0   2   0   0   2   0   0   0   3  1.47 0.46
  163 C   -4 -6 -1 -6 11 -6 -3 -6 -6 -5 -5 -6 -5 -6 -6 -4 -4 -6 -6 -4    0   0   3   0  93   0   2   0   0   0   0   0   0   0   0   0   0   0   0   0  3.32 0.67
  164 R   -4  7 -3 -4 -2  3 -2 -5 -3 -2 -5 -1 -4 -5 -5 -2 -4  1 -4 -5    0  78   0   0   1  12   0   0   0   3   0   0   0   0   0   2   0   2   0   0  1.62 0.47
  165 G   -2 -2 -3 -4 -1 -4 -5  7 -5 -6 -6 -4 -5 -6 -5 -3 -4 -5 -6 -6    0   2   0   0   2   0   0  92   0   0   0   0   0   0   0   0   0   0   0   0  1.93 0.48
  166 T   -2 -2  1  4 -3 -1  0 -3 -3 -3 -2 -1 -2 -3 -1  2  4 -5 -4 -3    0   1   5  25   0   1   4   0   0   0   3   2   1   1   2  16  39   0   0   0  0.61 0.27
  167 E   -2  0  0  2 -5  2  4 -2 -2 -4 -4  4 -3 -5 -3  0 -2 -5 -4 -2    2   4   3  11   0   8  35   1   0   0   1  27   0   0   0   5   1   0   0   3  0.63 0.24
  168 L   -3 -2 -3 -4 -3 -3 -4 -5  5 -1  4 -4  0  3 -4 -3 -1 -3 -1 -1    0   1   1   0   0   0   0   0  20   0  54   0   1  16   0   0   3   0   0   1  0.81 0.29
  169 D   -4 -4  0  8 -6 -1  0 -4 -4 -6 -6 -3 -1 -6 -4 -3 -4 -7 -6 -6    0   0   3  91   0   2   2   0   0   0   0   0   2   0   0   0   0   0   0   0  2.08 0.51
  170 C    0 -2 -1  4  4 -1  1  0  1 -3 -2 -2 -3 -3  1  0 -2 -4 -2 -1    8   1   2  26  12   2  10   8   4   0   4   0   0   1   8   8   0   0   1   6  0.31 0.15
  171 G   -2 -5 -3 -4 -5 -4 -4  6 -4 -5 -6 -3 -5 -5  3 -1 -3 -5 -5 -2    2   0   0   0   0   0   0  74   0   0   0   0   0   0  18   2   0   0   0   3  1.49 0.39
  172 I   -2 -4 -5 -5 -3 -4 -5 -5 -5  6  0 -4  0 -2 -5 -4 -2 -5 -3  5    2   0   0   0   0   0   0   0   0  47   2   1   1   1   0   0   1   0   0  45  1.11 0.34
  173 E   -2 -2 -2  2 -5  4  5 -4 -2 -3 -3  0 -2 -4 -3 -1  1 -5 -4 -2    2   0   0   8   0  18  47   0   0   2   1   5   1   0   0   2  11   0   0   3  0.74 0.28
  174 T    1 -3 -1 -1  1 -2 -2 -3 -2 -1  0 -2  1 -3 -2 -1  5 -4 -3  2   14   0   1   4   2   1   1   0   1   1   8   0   4   1   1   1  44   0   0  14  0.44 0.22
  175 D   -3 -3  3  7 -3 -1  0 -3 -1 -5 -5  0 -5 -5 -2  0 -1 -6 -5 -4    1   0  11  67   0   1   2   0   1   0   0   5   0   0   1   5   3   0   0   1  1.24 0.35
  176 S    0 -2  0  1 -3  0  2 -1 -1 -3 -2 -1 -3 -4 -2  5  0 -4 -3 -2    5   0   2   7   0   2  14   3   1   1   4   1   0   0   1  54   3   0   0   2  0.56 0.26
  177 G    1  0 -1 -1 -2 -1 -1  4 -2 -2 -2 -1 -2 -3 -2  0  1 -4 -3  1    9   7   1   2   1   1   4  36   1   0   2   1   0   0   1   7  13   0   0  14  0.33 0.15
  178 T    0 -1 -1  0 -3  0  1 -2 -2  1 -2 -1 -1 -1  3  1  2 -4 -2  1    4   3   1   6   0   2  13   3   0   9   1   0   2   2  15  13  14   0   0  13  0.21 0.12
  179 E   -1 -1  0  3 -3 -1  3 -2 -2  1 -2 -1 -2 -3 -1 -1  0 -2 -1  2    5   2   5  17   0   0  25   2   0   9   2   1   0   0   2   4   3   1   2  19  0.24 0.14
  180 D   -2 -2  2  5 -4  0  2 -2 -2 -3 -2 -1 -2 -4 -1 -1  0 -5 -4 -3    2   0  12  47   0   2  11   2   0   1   4   2   1   0   3   3   7   0   0   2  0.66 0.23
  181 D    3 -1 -1  5 -3 -1  1 -2 -2 -3 -1 -2 -3 -3 -2  0 -1 -4 -3 -2   27   2   1  40   0   1   7   1   0   0   6   1   0   1   1   6   3   0   0   1  0.54 0.21
  182 M    2 -1  1 -1 -1  0 -1  0 -2 -1 -1 -1  3 -2  0  1  2 -3 -2  0   20   1   8   2   1   3   2   8   0   1   1   1  13   1   3  11  14   0   1   6  0.17 0.12
  183 A    2 -2  0  0 -2 -1 -1  2  0 -2 -3 -1 -2 -3  1  1  1  2 -2 -1   25   1   5   4   0   1   3  13   2   1   1   3   1   0   8  14  10   4   0   3  0.23 0.11
  184 C    0  1 -3 -3  6 -2 -2 -3 -3  1 -1 -2  0 -3 -1  0  2 -4 -3  2    5  10   0   0  20   1   1   0   0   5   4   1   3   0   2   8  14   0   0  23  0.36 0.17
  185 Q   -3  0  1 -2 -3  4  1 -4  5 -3 -3 -2 -3  1 -4 -2 -1 -2  5 -2    1   4   5   0   1  26   7   0  18   1   1   0   0   4   0   0   3   0  25   2  0.73 0.28
  186 K   -3  4 -2 -3 -5 -1 -2 -4 -3 -4 -4  5 -3 -5 -1 -2  3 -5 -4 -4    0  21   0   0   0   1   0   0   0   0   0  50   0   0   2   1  24   0   0   0  0.99 0.35
  187 I   -4 -5 -6 -6 -3 -5 -5 -6 -5  6  3 -4  0 -2 -2 -5 -3 -5 -3  1    0   0   0   0   0   0   0   0   0  67  28   0   1   0   2   0   0   0   0   2  1.22 0.37
  188 P   -4 -5 -5 -5 -6 -4 -4 -5 -5 -6 -5 -4 -5 -7  9 -4 -1 -7 -6 -5    0   0   0   0   0   0   0   0   0   0   1   0   0   0  95   0   3   0   0   0  2.89 0.61
  189 V    3 -4 -4 -4 -2 -3 -4 -4 -4  0  0 -3 -1 -3 -4  0  0 -5 -3  5   23   0   0   0   0   1   0   0   0   2   4   0   1   0   0   6   5   0   0  57  0.73 0.30
  190 E   -2 -3 -2  0 -2  0  6  3  2 -6 -5 -2 -4 -5 -1 -1 -3 -5 -4 -5    1   0   0   3   1   2  59  23   6   0   0   0   0   0   2   2   0   0   0   0  1.03 0.35
  191 A    7 -4 -4 -4 -3 -3 -3 -2 -4 -1 -2 -3 -3 -5 -3 -1 -2 -5 -4 -2   92   0   0   0   0   0   0   0   0   3   2   0   0   0   1   0   1   0   0   0  1.46 0.46
  192 D   -5 -4 -1  8 -6 -3 -1 -4  1 -6 -7 -4 -6 -6 -4 -3 -4 -7 -6 -6    0   0   1  96   0   0   0   0   3   0   0   0   0   0   0   0   0   0   0   0  2.30 0.55
  193 F   -5 -6 -6 -2 -2 -6 -6 -6 -4 -3 -2 -6 -3  9 -7 -5 -5 -2  1 -4    0   0   0   3   1   0   0   0   0   0   0   0   0  95   0   0   0   0   1   0  2.44 0.56
  194 L   -4 -5 -6 -6 -4 -5 -5 -6 -5  3  6 -5  1 -2 -5 -5 -3 -4 -3 -1    0   0   0   0   0   0   0   0   0  13  84   0   2   0   0   0   0   0   0   1  1.32 0.38
  195 Y   -4 -4 -5 -6 -4 -4 -5 -5 -2  2  0 -4  6  4 -5 -4 -3 -1  7 -2    0   0   0   0   0   0   0   0   0  12   6   0  25  16   0   0   0   0  40   1  1.23 0.38
  196 A    5 -4 -4 -4  7 -4 -4 -3 -4 -3 -3 -4 -3  0 -4 -1 -2 -4 -2  0   63   0   0   0  23   0   0   0   0   0   0   0   0   4   0   3   0   0   1   6  1.14 0.38
  197 Y   -5 -5 -5 -4 -6 -5 -5 -6 -1 -4 -4 -5 -4  2 -6 -5 -1 -1 10 -4    0   0   0   1   0   0   0   0   0   0   0   0   0   4   0   0   3   0  92   0  2.58 0.61
  198 S   -2 -4 -2 -3 -4 -3 -3 -3 -4 -5 -5 -3 -4  0 -2  7 -1 -5 -4 -2    0   0   0   0   0   0   0   0   0   0   0   0   0   4   1  93   0   0   0   2  1.58 0.51
  199 T   -2 -4 -3 -4  1 -3 -4 -4 -4 -2 -3 -3 -3 -2 -3 -1  6 -5 -4  3    0   0   0   0   3   0   0   0   0   0   0   0   0   1   1   2  65   0   0  26  1.16 0.41
  200 A    5 -4 -4 -3 -2 -3 -3 -3 -4  1 -1 -3 -1 -3 -2 -1 -1 -5 -3  4   52   0   0   1   0   0   0   0   0   6   5   0   1   0   1   2   1   0   0  32  0.70 0.29
  201 P   -3 -4 -4 -3 -5  2  2 -5 -4 -5 -5 -3 -5 -6  8 -2 -3 -6 -5 -2    0   0   0   0   0   8  16   0   0   0   0   0   0   0  70   2   0   0   0   3  1.88 0.46
  202 G   -2 -5 -3 -4 -5 -3 -5  7 -5 -7 -7 -4 -6 -6 -5 -3 -4 -5 -6 -6    0   0   0   0   0   1   0  99   0   0   0   0   0   0   0   0   0   0   0   0  2.23 0.51
  203 Y   -5 -5 -5 -6 -5 -5 -5 -6  0 -4 -4 -5 -4  4 -6 -5 -5 -1  9 -4    0   0   0   0   0   0   0   0   1   0   0   0   0  13   0   0   0   0  86   0  2.50 0.57
  204 Y   -5 -5 -3 -6 -2 -4 -5 -6 -1 -4 -3 -5 -4  3 -6 -5 -5 -1  9 -4    0   0   1   0   1   0   0   0   0   0   1   0   0  11   0   0   0   0  86   0  2.40 0.56
  205 S    0 -3 -2 -3 -4 -3 -3 -3 -4 -5 -5 -3 -4 -3 -4  7 -1 -5 -4 -4    5   0   0   0   0   0   0   0   0   0   0   0   0   1   0  94   0   0   0   0  1.62 0.51
  206 W   -6 -5 -6 -7 -6 -5 -5 -6  6 -6 -5 -6 -5 -1 -7 -6 -6 12  0 -6    0   0   0   0   0   0   0   0  19   0   0   0   0   2   0   0   0  77   1   0  3.54 0.68
  207 R   -4  8 -3 -4 -6 -2 -3 -5 -3 -6 -5 -1 -1 -6 -5 -4 -4 -6 -5 -5    0  96   0   0   0   0   0   0   0   0   0   0   2   0   0   0   0   0   0   0  2.19 0.54
  208 N   -3 -3  7  0 -5 -2  3 -3 -2 -6 -6 -2 -5 -6 -4  1 -2 -6 -5 -5    0   0  70   3   0   0  19   0   0   0   0   0   0   0   0   8   0   0   0   0  1.49 0.42
  209 S   -1 -3 -1 -3 -3  0 -2 -3 -1 -1 -3 -2 -3 -4  3  3  5 -5 -4 -2    1   0   2   0   0   5   0   0   2   4   0   1   0   0  17  24  42   0   0   1  0.71 0.28
  210 K    1  0 -1 -1 -2  0 -1  1 -2  0 -1  1  1 -2 -2  1  1 -3 -2  1   12   4   2   1   1   4   3  13   0   6   3  14   6   0   0   9   9   0   0  14  0.10 0.08
  211 D   -2  3  4  3  0 -1  1 -2  0 -4 -4  1 -2 -3 -3 -1  0 -4 -2 -2    1  18  30  19   2   0   6   0   2   0   0   9   0   1   0   3   6   0   2   2  0.52 0.20
  212 G   -2 -5 -3 -2 -5 -4 -5  7 -5 -7 -6 -4 -5 -6 -5 -3 -4 -5 -6 -6    0   0   0   2   0   0   0  98   0   0   0   0   0   0   0   0   0   0   0   0  2.15 0.47
  213 S   -1 -4 -2 -3 -4 -3 -3 -3 -4 -5 -5 -3 -4 -5 -4  7  0 -6 -4 -4    0   0   0   0   0   0   0   0   0   0   0   0   0   0   0  98   2   0   0   0  1.78 0.52
  214 W   -6 -3 -7 -8 -6 -5 -6 -6 -6 -6 -5 -6 -5 -2 -7 -6 -6 13 -1 -7    0   2   0   0   0   0   0   0   0   0   0   0   0   0   0   0   0  98   0   0  4.48 0.77
  215 F   -5 -5 -5 -6 -5 -5 -6 -6 -3 -3 -2 -5 -3  8 -6 -4 -5 -1  5 -3    0   0   0   0   0   0   0   0   0   0   1   0   0  75   0   1   0   0  23   0  2.05 0.47
  216 I   -3 -5 -5 -5 -3 -5 -5 -6 -5  7 -1 -5  3 -2 -5 -4 -3 -5 -3  4    0   0   0   0   0   0   0   0   0  68   0   0   9   0   0   0   0   0   0  23  1.32 0.37
  217 Q   -4 -2 -3 -3 -6  9 -1 -5 -2 -6 -4 -2 -3 -6 -4 -1 -4 -5 -4 -5    0   0   0   0   0  96   1   0   0   0   1   0   0   0   0   3   0   0   0   0  2.26 0.59
  218 S    4 -3 -2  3 -1 -2 -2 -2 -3 -4 -4 -2 -3 -5 -3  4 -1 -5 -4 -3   35   0   0  22   1   0   0   1   0   0   0   0   0   0   0  40   0   0   0   0  0.79 0.30
  219 L   -4 -4 -6 -6 -4 -5 -5 -6 -5  0  6 -5  0 -1 -5 -5 -4 -4 -3 -1    0   0   0   0   0   0   0   0   0   1  96   0   0   1   0   0   0   0   0   2  1.49 0.40
  220 C   -3 -6 -6 -7 11 -6 -7 -6 -6 -3 -4 -6 -4 -5 -6 -3 -4 -5 -3 -2    0   0   0   0  94   0   0   0   0   1   0   0   0   0   0   1   0   0   1   2  3.32 0.63
  221 A    2  0  0  1 -3  1  4 -2 -1 -1 -2  0 -1 -4 -2  1 -1 -4 -3 -2   20   3   3   6   0   5  34   0   1   3   2   5   2   0   0  14   1   0   0   1  0.38 0.17
  222 A    0 -4 -3 -4 -3 -3 -1 -4 -3  1  0 -3  7 -2 -4 -2 -1 -4 -3  3    8   0   1   0   0   0   6   0   0   7   5   0  42   0   0   1   3   0   0  26  0.80 0.30
  223 L   -4 -4 -6 -6 -3 -4 -5 -6 -5  2  6 -5  1  0 -5 -5 -3 -4 -3  0    0   0   0   0   0   0   0   0   0  10  85   0   1   2   0   0   0   0   0   2  1.25 0.35
  224 K   -1  3  2  0 -3  1  2  0 -1 -4 -3  3 -2 -4 -3  0 -1 -2 -3 -4    3  17  14   3   0   6  15   6   0   0   1  27   1   0   0   7   2   0   0   0  0.44 0.17
  225 Q   -2  2  0  0 -3  3  4 -3 -1 -4 -1  3 -2 -4 -3 -1 -1 -4 -3 -3    1  13   4   4   0  13  28   0   0   0   8  26   0   0   0   1   2   0   0   0  0.54 0.21
  226 Y   -4 -4  1 -3 -4 -3 -3 -5  7 -3 -3 -4 -3  3 -5 -4 -4 -1  7 -4    0   0   6   1   0   0   1   0  30   1   0   0   0  12   0   0   0   0  48   0  1.56 0.41
  227 V    3 -3 -2 -3 -4 -3 -4  6 -2 -4 -5 -2 -4 -5 -3  0 -3 -1 -4 -4   23   0   0   0   0   0   0  66   1   1   0   2   0   0   0   5   0   1   0   0  1.17 0.32
  228 H   -1  1  0  1 -3  0 -1  0  4 -3 -4  4 -2 -3 -2  2  0 -4 -2 -3    1   5   2   9   0   3   1   8  12   1   0  33   0   1   0  17   7   0   1   0  0.41 0.19
  229 K   -1  1 -1  1 -4  2  2 -3 -1 -4 -4  4 -3 -4 -3  3  1 -4 -3 -3    1   5   1   7   0   9  16   0   1   0   0  28   0   0   0  24   9   0   0   0  0.50 0.21
  230 L   -4 -4 -5 -6 -4 -4 -5 -5 -3 -1  6 -4  3 -1 -5 -4 -3 -3  1 -1    0   0   0   0   0   0   0   0   0   0  83   1   7   0   0   0   0   0   6   1  1.19 0.35
  231 E   -4 -3 -2  4 -6 -1  7 -4 -3 -6 -6 -2 -5 -6 -4 -3 -3 -6 -5 -5    0   0   0  21   0   0  79   0   0   0   0   0   0   0   0   0   0   0   0   0  1.67 0.45
  232 L   -3 -5 -5 -5 -3 -5 -5 -5 -4  4  4 -5  0  5 -5 -4 -3 -2 -1  0    0   0   0   0   0   0   0   0   0  27  37   0   0  32   0   0   0   0   0   3  0.94 0.28
  233 M   -3 -4 -4 -5 -1  0 -4 -5 -4 -1  2 -4  8 -3 -4 -3  3 -4 -3 -1    1   0   0   0   1   3   0   0   0   1  21   0  51   0   0   0  21   0   0   1  1.14 0.38
  234 H   -3  0 -2 -2 -5  5  3 -3  6 -5 -4 -1 -3 -4 -3  0  1 -1 -2 -4    0   3   0   1   0  35  21   0  24   0   0   2   0   0   0   4   8   1   0   0  0.95 0.32
  235 I   -3 -5 -5 -5 -3 -4 -5 -6 -5  6  4 -5  3 -2 -5 -4 -3 -4 -3  0    0   0   0   0   0   0   0   0   0  58  35   0   7   0   0   0   0   0   0   0  1.12 0.33
  236 L   -4 -4 -5 -6 -4 -4 -5 -6 -5 -1  6 -5  6 -1 -5 -5 -3 -4 -3 -1    0   0   0   0   0   0   0   0   0   0  78   0  21   1   0   0   0   0   0   0  1.35 0.38
  237 T   -3 -4 -3 -4 -4 -3 -4 -4 -5 -4 -4 -3 -2 -5 -4 -1  8 -5 -4 -3    0   0   0   0   0   0   0   0   0   0   0   0   1   0   0   0  99   0   0   0  2.03 0.55
  238 R   -3  6 -3 -4 -2 -1 -3 -5 -1 -1  2  0 -1  1 -4 -3 -3 -1 -3 -1    0  59   0   0   1   1   0   0   2   4  19   2   1   6   0   0   0   1   0   5  0.87 0.30
  239 V   -3 -5 -6 -6 -3 -5 -5 -6 -6  0 -2 -5 -2 -3 -5 -4 -3 -6 -4  7    0   0   0   0   0   0   0   0   0   0   0   0   0   0   0   0   0   0   0 100  1.81 0.48
  240 N   -4 -3  8 -1  2 -3 -3 -3 -2 -6 -6 -3 -3 -6 -5 -1 -3 -6 -5 -5    1   0  91   0   5   0   0   0   0   0   0   0   1   0   0   2   0   0   0   0  2.08 0.51
  241 R   -3  6 -1 -1 -2  2 -2 -4  5 -5 -4  1 -3 -2 -4 -3 -3  1  3 -4    0  48   2   4   1   8   0   0  17   0   1   5   0   0   0   0   0   2  11   0  0.93 0.30
  242 K   -3  3 -2 -3 -5  0 -1 -3 -2 -2 -1  6  4 -4 -3 -2 -1 -5 -4 -2    0  15   0   0   0   1   1   1   1   2   4  57  13   0   0   0   2   0   0   1  0.86 0.31
  243 V   -3 -5 -6 -6 -3 -5 -5 -6 -6  0 -2 -5 -2 -4 -5 -4 -3 -6 -4  7    0   0   0   0   0   0   0   0   0   1   0   0   0   0   0   0   0   0   0  99  1.84 0.50
  244 A    6 -3 -3 -3 -3 -3 -3 -2 -4 -4 -4 -3 -3 -5 -3  3 -1 -5 -4 -3   70   0   0   0   0   0   0   0   0   0   0   0   0   0   0  27   3   0   0   0  1.14 0.38
  245 V   -2  2 -2 -3 -2  1 -2 -3  2  0  0 -1  2  1 -3 -1  2 -2  3  0    0  14   1   0   0   7   1   0   7   6  11   0   9   4   0   1  19   0  14   6  0.24 0.15
  246 E   -3  4  1  3 -5  1  4 -4  3 -5 -5 -1 -4 -5 -3 -1 -3 -5 -2 -4    0  22   5  21   0   4  34   0   9   0   0   1   0   0   0   3   0   0   1   0  0.78 0.27
  247 F   -4  1 -3 -5 -5 -3 -3 -5 -1 -3 -2 -1 -3  8 -5 -1 -3 -2  3 -3    0  10   1   0   0   1   1   0   1   0   0   4   0  70   0   6   0   0   6   0  1.40 0.39
  248 E   -2 -2 -3 -1 -5  0  6 -5 -2 -2 -4 -1 -3 -5 -3 -2 -3 -5 -4  3    1   0   0   0   0   3  68   0   1   1   0   2   0   0   1   1   0   0   0  22  1.13 0.38
  249 S   -1 -3 -1  2 -4 -2 -2  0 -3 -5 -4 -3 -4 -5 -2  6 -1 -5 -4 -4    1   1   1  13   0   0   1   5   0   0   1   0   0   0   1  76   1   0   0   1  1.12 0.39
  250 F   -1  0  3 -2  3  2 -2 -3 -1 -1 -1 -2  1  3 -3  0 -1  2  2  0    4   4  16   1   9  11   0   0   0   3   2   0   4  19   0  10   2   2   6   7  0.24 0.15
  251 S    0 -3 -2 -3  6 -3 -3 -3 -4 -4 -4 -3 -3 -4 -1  5  2 -5 -3 -3    6   0   0   0  20   0   0   0   0   0   0   0   0   0   3  56  14   0   0   0  1.04 0.36
  252 T   -2  1  4  2 -2 -1  0 -2 -1 -3 -1  1 -2 -2  2  0  0 -2  0 -3    2   8  26  16   1   0   3   1   0   0   7   9   0   1   9   7   5   0   3   0  0.32 0.15
  253 D   -3 -1  1  6 -4  0  0 -3 -1 -3 -1  0 -1 -4 -3  0 -2 -5 -3 -3    1   4   7  55   0   3   4   0   1   1   8   5   2   0   0   6   1   0   1   1  0.79 0.27
  254 S    0  0  1 -1 -3 -1  0 -3  0  0 -3 -1 -3 -4  6  1 -1 -5 -3 -2    8   5   6   2   0   2   6   0   2   7   1   1   0   0  46  11   1   0   0   1  0.85 0.25
  255 T   -1  1  2  0  1 -1 -1  2  0 -2 -3  0 -2  0 -3  1  2 -1 -1 -2    3  10  10   5   4   2   1  18   3   1   1   3   1   6   0   9  20   1   2   0  0.19 0.12
  256 F    2 -4 -3 -5 -4 -4 -4 -4 -2 -2 -1 -4  5  7 -5 -2 -1 -2  1 -2   21   0   1   0   0   0   0   0   1   0   1   0  17  52   0   1   4   0   3   1  1.06 0.35
  257 H   -3 -3  3  2 -2 -2 -2 -2  7  2 -2 -2 -3 -3 -4  2 -2 -5 -2 -2    0   0  17  10   1   0   0   1  32  19   2   0   0   0   0  15   1   0   0   0  0.71 0.28
  258 A    3  0 -1 -2 -2  1  2  4 -3 -4 -3  0 -3 -4 -3 -1 -2 -4 -4 -3   26   6   2   0   1   8  16  33   0   0   2   6   0   0   0   1   0   0   0   0  0.51 0.21
  259 K   -3  0 -1 -3 -6  2 -1 -4 -2 -5 -5  7  1 -5 -4 -3 -3 -5 -4 -3    0   1   1   0   0   7   0   0   0   0   0  83   4   0   0   0   1   0   0   2  1.52 0.45
  260 K   -4 -1 -3 -4 -6 -1 -2 -4 -4 -6 -5  8 -4 -6 -4 -3 -4 -6 -5 -5    0   0   0   0   0   0   0   0   0   0   0 100   0   0   0   0   0   0   0   0  2.10 0.55
  261 Q   -4 -2 -3 -3 -6  9 -1 -5 -3 -6 -5 -2 -4 -7 -5 -3 -4 -5 -5 -6    0   0   0   0   0  99   0   0   0   0   0   0   0   0   0   0   0   0   0   0  2.51 0.65
  262 I   -3 -5 -6 -6 -4 -5 -6 -6 -6  7 -1 -5  2 -2 -5 -5 -3 -5 -4  3    0   0   0   0   0   0   0   0   0  78   0   0   5   0   0   0   0   0   0  17  1.51 0.41
  263 P   -4 -5 -5 -5 -6 -4 -4 -5 -5 -6 -6 -4 -6 -7  9 -3 -4 -7 -6 -6    0   0   0   0   0   0   0   0   0   0   0   0   0   0  99   1   0   0   0   0  3.11 0.63
  264 C   -4 -7 -6 -7 11 -6 -7 -6 -6 -5 -5 -6 -5 -6 -6 -1 -3 -6 -4 -4    0   0   0   0  95   0   0   0   0   0   0   0   0   0   0   4   1   0   1   0  3.43 0.67
  265 I   -3 -5 -5 -5 -3 -5 -5 -6 -5  6 -1 -5  1  5 -5 -4 -3 -3 -2  3    0   0   0   0   0   0   0   0   0  55   0   0   4  23   0   0   0   0   0  16  1.09 0.34
  266 V    2 -4 -3 -4 -3 -3 -4 -4 -4  0 -1 -3  1 -3 -4 -1  2 -5 -3  5   22   0   1   0   0   0   0   0   0   1   1   0   4   0   0   2  12   0   0  56  0.73 0.30
  267 S   -1 -3 -2 -3 -2 -3 -3 -3 -3 -5 -5 -3 -4 -2 -3  7  0 -5 -4 -4    0   0   0   0   0   0   0   0   0   0   0   0   0   2   0  94   2   0   0   0  1.62 0.49
  268 M   -4 -3 -5 -6 -5 -3 -5 -6 -5 -2 -1 -4 11 -3 -5 -4 -2 -5 -4 -2    0   1   0   0   0   0   0   0   0   0   0   0  95   0   0   0   2   0   0   0  2.72 0.64
  269 L   -4 -5 -6 -6 -4 -5 -5 -6 -5 -1  6 -5  0 -2 -5 -5 -4 -4 -3 -1    0   0   0   0   0   0   0   0   0   0  99   0   0   0   0   0   0   0   0   0  1.58 0.42
  270 T   -3 -4 -3 -4 -4 -3 -4 -4 -4 -3 -4 -3 -3 -5 -4 -1  8 -5 -4 -3    0   0   0   0   0   0   0   0   0   0   0   0   0   0   0   0  99   0   0   0  2.01 0.54
  271 K   -3  3 -3 -3 -6 -1 -2 -4 -3 -5 -5  7 -4 -6 -4 -3 -3 -5 -4 -5    0  13   0   0   0   0   0   0   0   0   0  86   0   0   0   0   0   0   0   0  1.69 0.45
  272 E   -3 -1 -1  3 -5  0  5 -4 -1 -3 -1  3 -2 -3 -3 -2 -3 -4 -1 -4    0   0   1  16   0   1  44   0   1   1   8  24   1   1   0   1   0   0   3   0  0.71 0.26
  273 L   -3 -4 -5 -5 -3 -4 -5 -5 -4  1  5 -4  3  2 -5 -4 -3 -3 -2  2    0   0   0   0   0   0   0   0   0   3  66   0   6   9   0   0   0   0   0  14  0.89 0.28
  274 Y   -4 -1 -4 -5 -4 -4 -4 -6  3 -4 -4  0 -2  1 -6 -4 -4 -1  9 -3    0   4   0   0   0   0   0   0   6   0   0   5   1   3   0   0   0   0  79   1  2.02 0.49
  275 F   -5 -6 -6 -7 -5 -6 -6 -6 -4 -3 -1 -6 -3  9 -7 -5 -5 -2  0 -4    0   0   0   0   0   0   0   0   0   0   3   0   0  97   0   0   0   0   0   0  2.50 0.54
  276 Y   -2 -2 -1 -3 -3 -2 -2 -3  6 -3 -2 -2 -2  4  1  0 -2  2  5 -3    0   1   2   0   0   0   0   0  27   0   0   0   0  20   8  10   1   3  28   0  0.70 0.16
  277 H   -2 -1  0 -2 -4  4  0 -3  8 -4 -3 -1 -2 -2 -3 -1 -2 -3  2 -4    0   0   0   0   0  33   0   0  62   0   0   0   0   0   0   0   0   0   5   0  1.06 0.14

                      K         Lambda
Standard Ungapped    0.1333     0.3185
Standard Gapped      0.0596     0.2670
PSI Ungapped         0.1943     0.3169
PSI Gapped           0.0596     0.2670
