
Last position-specific scoring matrix computed, weighted observed percentages rounded down, information per position, and relative weight of gapless real matches to pseudocounts
           A  R  N  D  C  Q  E  G  H  I  L  K  M  F  P  S  T  W  Y  V   A   R   N   D   C   Q   E   G   H   I   L   K   M   F   P   S   T   W   Y   V
    1 M   -3 -3 -4 -5 -3 -2 -4 -5 -3 -1  0 -3 10 -2 -4 -3 -2 -3 -3 -1    0   0   0   0   0   0   0   0   0   0   0   0 100   0   0   0   0   0   0   0  1.95 0.39
    2 G   -1  4  0 -2 -4 -2 -2  5 -2 -4 -2 -1 -3 -4 -3 -1 -2 -4 -4 -4    1  30   5   0   0   0   0  59   0   0   5   0   0   0   0   0   0   0   0   0  0.86 0.20
    3 L   -1 -3 -4 -5 -3 -3 -4 -4  1  0  5 -3  1  1 -1 -3 -2 -3 -2 -1    6   0   0   0   0   0   0   0   4   0  81   0   0   4   3   0   0   0   0   0  0.75 0.23
    4 P    1 -4 -3 -3 -4 -3 -3  1 -4 -4 -4 -3 -4 -5  8  0 -2 -5 -4 -4   10   0   0   0   0   0   0   9   0   0   0   0   0   0  76   5   0   0   0   0  1.84 0.34
    5 I    1 -3 -2 -3  3 -2 -2  0 -3  0  0 -2 -1 -3 -1  1  4  0 -2  1   14   0   0   0   7   0   0   9   0   4   7   0   0   0   2  10  35   2   0  10  0.29 0.15
    6 V    2 -3 -3 -4 -2 -3 -3  1 -4  1  0 -3 -1 -2 -1 -1 -1 -4 -3  4   18   0   0   0   0   0   1  10   0   3   9   0   0   0   2   1   1   0   0  54  0.45 0.21
    7 P    0 -3 -3 -3 -1 -3 -3 -1 -1 -4 -3 -3 -1 -5  7  1 -2 -5 -4 -2    7   1   0   0   1   0   0   3   2   0   2   0   2   0  70  10   0   0   0   2  1.62 0.39
    8 G    1 -3 -2  0 -1 -3 -3  6 -3 -4 -3 -2  1 -4 -1  0 -2 -4 -4 -3   10   0   0   6   2   0   0  62   0   0   1   2   5   0   3   7   0   0   0   2  0.87 0.28
    9 L   -1 -3 -4 -4 -1 -3 -4  0 -4 -1  4 -3  0  0  0 -2 -2  2 -1  0    5   1   0   0   1   0   0   7   0   0  63   0   1   4   5   3   2   3   2   4  0.54 0.25
   10 L    2 -1 -3 -3 -2 -2 -3 -2 -1  0  3 -2  2 -1 -1  0 -1 -3 -2  2   19   4   0   0   0   1   0   2   2   2  35   0   7   1   2   6   2   0   0  15  0.26 0.17
   11 L    0 -4 -5 -5 -3 -3 -4 -4 -4  1  3 -4  2  1 -3 -3 -2  8  0  2    9   0   0   0   0   1   0   0   0   6  33   0   4   4   1   0   1  22   2  16  0.82 0.31
   12 S    0  0 -2 -1 -3  0 -2  2 -3 -1 -3 -1  0 -4  5  1 -1  1 -2  0    6   7   0   2   0   4   0  19   0   3   1   2   2   0  27  13   3   2   1   7  0.47 0.23
   13 L   -3 -3 -4 -4 -4  3 -3 -2 -3  0  3 -2  0  0  3 -3 -2 -4 -1  1    0   0   0   0   0  15   0   3   0   3  41   1   2   3  18   0   1   0   2  11  0.56 0.31
   14 V    1 -4 -4 -4 -1 -3 -4 -1 -4  1  2 -4 -1 -1  2 -2 -2  1 -3  4   12   0   0   0   1   1   0   5   0   7  22   0   0   1  12   1   0   2   0  36  0.48 0.28
   15 L   -2 -4 -5 -5 -1 -4 -5 -5 -5  3  4 -4  0  0 -3 -2 -2 -4 -3  3    3   0   0   0   1   0   0   0   0  16  48   0   1   4   1   2   2   0   0  22  0.73 0.32
   16 L   -2 -2 -5 -5  2 -1 -4 -4 -2  0  4 -4 -1  2  0 -3 -3  5 -2  1    2   2   0   0   5   4   0   0   1   3  49   0   0  10   5   2   0  10   0   8  0.67 0.33
   17 A    3 -3 -3 -4  1 -3 -3  2 -4  0  2 -2 -1 -2 -3 -1  0  1 -3  1   30   0   0   0   3   0   0  17   0   3  23   1   1   1   0   2   5   2   0  11  0.35 0.24
   18 L   -1 -4 -5 -5 -3 -4 -5 -2 -5  1  5 -4  0  0 -3 -3 -1  3 -2  2    3   0   0   0   0   0   0   3   0   6  57   0   0   3   1   2   2   4   1  18  0.73 0.34
   19 L   -1 -4 -5 -5  6 -4 -5 -5 -2  0  4 -4  1  0 -4 -2 -2 -4 -3  0    3   0   0   0  19   0   0   0   1   4  54   0   3   3   1   3   2   0   0   5  0.88 0.38
   20 M    0 -2 -3 -3  1 -2 -3  0 -1  1  3 -3  1 -2  0 -2 -2  3 -1  2    9   2   0   1   4   2   0   9   2   5  30   0   4   0   6   2   1   4   1  19  0.25 0.18
   21 G    1 -2 -2 -1  0  2  0  4 -3 -1 -1 -1 -1 -2 -3 -1 -1 -3 -2  1   11   1   1   3   2  11   6  34   0   2   7   3   2   1   0   2   2   0   1  10  0.30 0.21
   22 I    1 -4 -4 -4  3 -3 -2 -2 -3  2  2 -3 -1 -2 -3  0 -1 -4 -3  3   16   0   0   0   6   0   2   3   1  14  25   0   0   0   1   8   2   0   0  21  0.34 0.23
   23 H    0  0 -3 -1 -4  3  1 -4  4 -2  1 -2 -1  0 -1 -2 -1  3  3 -2   10   5   0   2   0  15   7   0  14   1  15   0   1   4   3   0   4   5  13   2  0.34 0.25
   24 P    2  0 -3 -3  0  0 -2  1 -3 -3 -1 -2 -1 -1  4  1  0 -3 -3  0   21   6   0   0   2   4   1  11   0   0   5   0   1   3  26  10   4   0   0   6  0.45 0.26
   25 S    2 -1 -1 -3 -3  3 -2 -2 -1 -2 -1 -2 -2 -4  1  3  0 -4 -3  1   23   2   2   0   0  17   1   1   1   1   7   0   0   0   6  22   4   0   0  13  0.36 0.29
   26 G    2  0 -2 -2 -3  1 -2  4 -2 -4 -3 -2 -3 -3  0  2 -1 -1 -1 -1   23   5   0   1   0   9   1  32   0   0   2   0   0   0   4  14   1   1   2   4  0.46 0.28
   27 V    1 -2 -2 -2 -3  1 -1 -2 -3  0  1 -3 -1 -3  2  1 -1 -2 -3  3   10   2   1   1   0   7   3   2   0   1  15   0   1   0   9  15   3   0   0  30  0.28 0.24
   28 T    0  0 -1  0 -1  2  0 -2  1  0  0 -1 -1 -3  2  1  2 -2 -2 -1    6   4   1   7   1  11   3   2   5   8  10   1   0   0   9  11  18   0   1   3  0.16 0.16
   29 G    0 -1 -2 -1  0  0 -1  4 -2 -2  0 -2 -2 -2  3  0 -2  1 -3 -1    9   3   0   3   2   5   3  32   1   1   9   1   0   1  16   6   1   2   0   5  0.37 0.20
   30 L   -1  1 -2 -2 -2  1 -1  0 -2 -1  2 -1  0 -1  1  0  0 -2  0  0    4  10   1   1   0   7   4   7   0   1  30   2   2   2   7   8   5   0   3   5  0.12 0.13
   31 V    0 -2 -2  0 -2 -1 -2 -1 -2  0  1 -2  1 -2  3 -1 -1 -3 -2  3    7   1   1   7   0   3   2   5   0   3  15   1   4   1  14   5   3   0   1  26  0.23 0.16
   32 P    0 -3 -1  0 -4 -1 -2 -1 -1 -3 -2 -2 -2 -4  7 -1 -1  0 -3 -2    7   1   2   5   0   2   2   4   2   1   5   1   1   0  53   3   5   2   1   2  1.09 0.42
   33 S    0 -1  0 -1 -3  0 -1 -1  4 -3 -1 -2 -1 -3  3  3  1 -3  0 -1    5   2   4   2   0   5   3   4  11   0   7   1   1   0  13  24  11   0   4   4  0.30 0.22
   34 L   -2  1  0 -2 -1 -1 -2  0  1 -1  1 -1 -1 -1  3 -1 -1  0  2 -1    2   9   5   1   2   2   2   8   4   2  21   1   0   2  17   5   2   1   9   3  0.21 0.16
   35 G   -1  1 -1 -1 -3  1 -1  3  0 -3 -1 -2 -2 -3  4  0 -1 -3 -1 -3    3  11   2   2   0   8   4  26   2   1   7   1   0   1  19   7   4   0   2   1  0.39 0.21
   36 D   -1  2  2  2 -3  1  1  0  1 -2 -2  0 -2 -2 -1  0  0 -3  0 -2    4  17   9  15   0   6   7   9   3   3   3   2   1   1   3   7   4   0   4   3  0.18 0.12
   37 R   -1  6  0 -2 -2  1 -1 -2 -1 -3 -2  0 -2 -2 -3  0 -1 -1 -1 -2    5  49   4   1   1   6   3   2   1   1   5   3   1   1   1   7   2   1   2   2  0.66 0.28
   38 E   -1 -1  0  0 -3  1  4 -2  3 -1 -2  0 -1 -2 -1  0  1 -3 -2 -1    5   3   4   3   0   4  30   3   8   4   3   5   2   1   2   7  12   0   1   5  0.28 0.18
   39 K    0  1  1 -1 -1  1  1 -1  1 -2 -2  3 -2 -3  0  0  1 -1 -2 -2    6   6   7   2   2   6   9   4   3   1   4  22   0   1   4   5  13   1   0   3  0.19 0.14
   40 R    0  5  1 -2 -3  2  0 -2  0 -3 -2  1 -1 -3 -1 -1 -1 -3 -3 -1    8  37   7   1   1  10   6   2   2   1   4   5   2   1   2   3   4   0   0   5  0.46 0.24
   41 D    0  0  1  2 -1  4  2 -2  1 -3 -3  0 -2 -3 -1  1  0 -4 -3 -2    5   5   6  12   1  21  13   2   4   1   2   5   1   1   2  12   5   0   0   2  0.33 0.21
   42 N   -1 -1 -1 -2  2  0 -1 -1  0  0 -1 -1  0 -3  4  2  0 -2 -3  0    4   3   3   2   4   4   3   3   3   5   7   4   2   1  21  18   6   0   0   8  0.26 0.17
   43 L    0  2  1 -2  2  2  0 -2  0 -2  0  1 -1 -2  1  1  1 -2 -3 -2    5  13   6   1   6  10   4   1   2   0   9   6   1   1   7  12  11   1   0   2  0.18 0.16
   44 C   -2 -4 -6  0 11 -4 -7 -5 -7 -6 -6 -7 -6 -7 -7 -5 -5  2 -6 -5    3   1   0   5  85   1   0   1   0   0   0   0   0   0   0   0   0   2   0   0  3.43 1.02
   45 P   -2  1 -2  4 -5  2 -1  0 -2 -5 -2  1 -2 -4  5 -2 -2 -4 -4 -4    2   6   1  25   0   9   3   7   1   0   4  10   1   0  26   2   1   0   0   1  0.68 0.36
   46 Q   -1 -3 -1  0  6  3  3 -4 -1 -3 -1 -2 -3 -4  1 -1 -1 -5 -4 -2    5   1   2   5  19  18  22   0   1   0   7   1   0   0   7   5   3   0   0   2  0.61 0.37
   47 G    2 -3  1  2  0 -2  2  4 -2 -5 -5  0 -4 -5 -3 -2 -2 -1 -4 -3   16   1   8  10   2   1  15  36   0   0   0   5   0   0   1   1   2   1   0   1  0.62 0.34
   48 K   -3  0 -2 -1 -5  3  5 -1  1 -5 -4  3  1 -5 -2  1 -2 -5 -2 -5    0   3   0   3   0  12  35   4   4   0   1  18   4   0   1  11   1   0   1   0  0.70 0.40
   49 Y   -4 -2 -1  3 -5 -3  1 -5  0 -5 -4 -4 -3  2 -5 -2 -4 -2  8 -4    1   2   3  14   0   1  11   1   2   0   1   0   0   8   0   2   0   0  53   0  1.42 0.58
   50 A   -2 -2  0 -3 -3 -2 -1 -1 -2 -1  1 -1 -2  2  3  0 -1  4  4 -1    2   1   5   1   0   1   4   6   0   3  16   4   0   8  13   7   3   6  17   4  0.29 0.19
   51 H   -2 -1 -2 -2 -3  4  1 -3  7 -3 -3 -2 -1 -2 -1 -1 -2  3  3 -3    2   3   1   1   0  19   9   2  29   2   3   1   1   1   2   4   1   5  10   2  0.79 0.31
   52 P   -1  0 -1  0 -3 -1  1 -2  0 -1 -2  3 -2 -1  4  0 -1 -3  0 -1    3   5   2   4   1   2  12   2   2   4   4  18   1   3  24   5   2   0   3   4  0.37 0.17
   53 K   -1  3  0 -1 -3  2  1 -1 -1 -2 -1  2 -2 -2  1  0  0 -2 -2 -2    4  20   4   3   0   8   8   4   1   2   5  15   1   1   7   6   6   1   1   2  0.24 0.13
   54 N   -1 -1  3  0 -3 -1  1  0  3  0 -2  1 -2 -2 -2  0  0 -3  2  0    2   3  16   6   0   2   8   6   7   5   2   8   1   1   1   9   5   0   9   9  0.17 0.14
   55 N    0  0  2  0 -4  1 -1  4  2 -4 -2 -1 -3 -4 -2  0  0  0 -2 -3    5   5  12   6   0   7   3  31   6   0   4   3   0   0   1   6   7   1   1   1  0.36 0.21
   56 S    0  0  1  0 -2  2 -2  3  3 -3 -1 -1 -2 -3  0  1  0 -4 -3 -3    7   5   7   5   1   9   1  24   8   0   6   2   0   0   5  12   6   0   0   1  0.27 0.18
   57 I   -2  1 -2 -2 -2  1  1 -3  1  3  1 -2  0  3 -2 -2 -2 -1 -1  1    1   8   1   1   0   6  11   2   3  19  11   2   2  18   2   1   1   1   1   9  0.24 0.18
   58 C   -5 -7 -7 -8 12 -7 -8 -7 -7 -6 -4 -7 -6 -7 -7 -5 -5 -7 -3 -5    0   0   0   0  95   0   0   0   0   0   2   0   0   0   0   0   0   0   1   0  4.13 1.12
   59 C   -5 -8 -7 -8 12 -7 -8 -7 -2 -6 -6 -7 -6 -7 -7 -5 -5 -7 -7 -5    0   0   0   0  97   0   0   0   1   0   0   0   0   0   0   0   0   0   0   0  4.23 1.16
   60 T   -2  3  1 -1 -4  0 -1 -3 -3 -3 -1  1  2 -4  3  1  1 -5 -3 -2    1  19   8   4   0   3   1   1   0   1   7   9   6   0  15  13  10   0   0   2  0.36 0.26
   61 K   -2  4  1 -3 -4  0 -2  2 -3 -4 -1  4  2 -4 -3 -2 -3 -5 -3 -4    2  20   7   0   0   3   0  19   0   0   6  30   7   0   1   2   0   0   1   0  0.64 0.37
   62 C   -5 -9 -8 -9 12 -8 -9 -8 -8 -6 -6 -8 -7 -8 -8 -6 -6 -7 -8 -4    0   0   0   0  99   0   0   0   0   0   0   0   0   0   0   0   0   0   0   1  4.47 1.25
   63 H   -2 -2 -1 -3 -6  0 -2 -3  6 -4 -4 -1 -5 -4  7  0 -3 -3 -3 -5    2   2   3   1   0   3   2   2  18   1   2   3   0   1  50   7   1   1   1   0  1.37 0.58
   64 K    5 -3 -5 -5 -5 -2 -2 -4 -5 -5 -4  2  0 -6  5 -3 -3 -6 -5 -4   47   1   0   0   0   1   2   0   0   0   1  12   2   0  33   0   1   0   0   0  1.29 0.60
   65 G   -4 -6 -5 -5 -7 -6 -6  8 -6 -8 -8 -6 -7 -7 -6 -4 -6 -2 -7 -7    0   0   0   0   0   0   0  99   0   0   0   0   0   0   0   0   0   1   0   0  2.70 0.91
   66 T   -3 -3 -3 -4 -5  0 -1 -5  5 -4 -3 -1 -1  4 -5 -1  5 -4  3 -4    1   0   1   0   0   4   4   0  15   0   1   4   2  15   0   4  37   0  11   0  0.90 0.49
   67 Y   -5  2 -5 -6 -6 -5 -5 -5  4 -4 -5  1 -3  3 -6 -5 -5 -3  8 -3    0  10   0   0   0   0   0   1  11   0   0   7   0  12   0   0   0   0  57   1  1.87 0.74
   68 L   -3 -2 -6 -6 -4 -5 -5 -6 -6  0  4 -1  2 -3 -5 -5 -4 -5 -4  5    1   2   0   0   0   0   0   0   0   2  41   5   5   1   0   0   0   0   0  42  1.09 0.51
   69 V    1  0 -2 -3 -4  2  0 -3  0 -3 -3  4 -3 -1 -3  1  0 -4  1  0   13   4   1   0   0  12   5   1   2   0   2  26   0   3   0  12   4   0   6   8  0.35 0.28
   70 S    3  1  1  0 -4  2  2  0 -1 -4 -4  2 -3 -4 -3  0  0 -4 -3 -2   26   6   6   3   0   9  15   5   1   0   0  12   0   1   0   6   7   0   1   2  0.34 0.26
   71 D    0 -1 -2  3 -5 -1  2 -4  4 -5 -5  1 -4 -4  5 -1 -3 -6 -3 -3    9   3   1  19   0   2  12   0  12   0   0   7   0   0  27   3   1   0   1   2  0.76 0.40
   72 C   -5 -7 -7 -7 12 -7 -7 -7 -7 -6 -6 -7 -6 -6 -7 -5 -5 -6 -6 -5    0   0   0   0  96   0   0   0   0   0   0   0   0   0   0   0   0   0   0   0  4.23 1.20
   73 P   -1 -1 -1  1 -2 -1  0 -1  1 -3 -2 -1 -2 -3  2  1  4 -2 -3 -2    3   3   2   9   1   2   5   4   3   1   3   3   1   1  10  10  35   1   1   2  0.42 0.25
   74 S    0  0  0 -1 -4 -1  2  2 -2 -2 -4  2 -3 -3 -2  2 -1 -3 -3 -1    8   5   3   2   0   1  18  16   0   2   0  17   0   1   1  19   2   0   0   5  0.34 0.26
   75 P   -2  1  0  1 -4  0  1 -3  2 -4 -3 -1 -4 -3  6 -1  0 -4 -4 -3    3   8   4   7   0   4   9   2   6   1   2   3   0   1  39   3   5   0   0   1  0.78 0.35
   76 G   -2 -3  1  0  6 -1 -2  3  3 -3 -1 -1 -2 -2 -4  1 -1 -2 -3 -2    1   1   7   6  22   2   2  20   8   1   7   3   1   2   0  12   4   1   0   2  0.53 0.30
   77 Q   -2  1  1 -2 -4  3  1  3 -1 -4 -1  1 -1 -4 -4  0  1 -2 -4 -3    1   6   6   1   0  15   7  28   2   0   6   8   1   0   0   5  11   0   0   1  0.41 0.28
   78 E    1  1  2  4 -4  1  0  0 -2 -3 -3  0 -2 -4 -2  0 -1 -4 -3 -2   13  10  12  24   0   5   4   7   0   2   2   5   1   1   2   7   3   0   0   2  0.33 0.22
   79 T   -1 -4 -2 -4 -4 -4 -4  1 -4 -1 -5 -3 -3 -5  1  3  5 -6 -5 -3    4   1   1   0   0   0   0  12   0   5   0   1   0   0   6  24  45   0   0   0  0.95 0.53
   80 V   -2 -1  0  1 -4  0  1 -4 -2  1 -1  0 -1 -3 -4 -1  3 -5 -3  3    2   3   4   9   0   5   8   0   1   9   4   6   1   0   0   2  25   0   0  21  0.32 0.27
   81 C   -5 -7 -6 -7 11 -6 -7 -6 -7 -5 -5 -7 -6 -6 -6 -2 -5 -6 -6 -5    0   0   0   0  93   0   0   0   0   0   0   0   0   0   0   3   0   0   0   0  3.98 1.13
   82 E    1  1 -2 -1 -3  0  1 -3 -1  0  1  0  0 -2 -1  0  1 -3 -2  1   13   8   1   3   0   3  13   1   1   4  20   5   2   0   3   6   8   0   0  10  0.11 0.13
   83 V   -1 -1 -3 -3 -5 -1  1 -4 -2 -3 -3  0 -2 -5  6 -1  1 -5 -5 -1    4   3   1   1   0   2   9   0   1   1   3   6   1   0  49   4  10   0   0   5  1.07 0.48
   84 C   -5 -7 -7 -7 12 -7 -7 -6 -7 -6 -6 -7 -6 -6 -7 -5 -5 -6 -6 -5    0   0   0   0  96   0   0   0   0   0   0   0   0   0   0   0   0   0   0   0  4.20 1.18
   85 D    1 -2 -3  2 -4 -1  2 -1 -2 -4 -4 -1 -3 -5  6  0  0 -5 -4 -2   11   2   0  12   0   2  14   4   1   0   1   3   0   0  36   6   5   0   0   3  0.77 0.38
   86 K   -1  0  2  0  1  2  3 -2  2 -4 -4  0 -3 -3  3  0 -1 -2  0 -4    3   6  13   5   3   9  18   2   5   1   1   4   0   1  16   5   3   1   3   0  0.39 0.25
   87 G   -2 -2  2  1 -5 -2 -3  6 -3 -6 -6 -3 -5 -6 -5 -2 -4 -5 -5 -4    2   3  10   7   0   1   2  69   0   0   0   1   0   0   0   1   0   0   0   1  1.44 0.57
   88 T   -3 -3 -3 -3 -4  0  1 -3 -2 -4 -4 -3 -3 -2 -4  2  7 -5 -1 -3    1   1   0   1   0   3   8   2   1   0   1   1   0   1   0  14  63   0   2   1  1.25 0.61
   89 F   -5 -6 -6 -2 -6 -5 -6 -6 -1 -4 -4 -6 -4  7 -6 -4 -5 -2  8 -5    0   0   0   3   0   0   0   0   1   0   0   0   0  47   0   1   0   0  44   0  2.25 0.78
   90 T   -2 -1  2 -4 -4 -2 -4 -4 -3  0  3 -3  3 -1 -4 -1  5 -5 -4 -2    2   3  11   0   0   1   0   0   0   5  26   0   6   2   0   4  36   0   0   0  0.67 0.41
   91 A    4 -4 -2  2 -4 -1  4 -3 -2 -3 -5 -2 -4 -5 -2 -1  0 -5 -5 -4   42   0   1  12   0   2  26   1   1   1   0   1   0   0   2   4   6   0   0   0  0.79 0.45
   92 S   -3  3 -2 -3 -5  2 -1 -4  7 -2 -3  0 -3 -1 -4  0  0  3  1 -1    1  14   1   1   0   8   2   1  32   2   2   5   0   3   0   7   7   4   4   6  0.78 0.41
   93 Q   -1 -2 -2  1 -3  0  3 -2 -1 -2 -1 -1  0 -2  3  0 -2  6 -2 -3    5   2   1   7   0   3  24   3   1   2   5   3   3   1  16   6   1  14   1   1  0.52 0.32
   94 N   -5 -5  9 -2 -6 -4 -4 -5 -1 -7 -7 -4 -6 -7 -6 -1 -3 -7 -4 -7    0   0  90   1   0   0   0   0   1   0   0   0   0   0   0   4   1   0   1   0  2.69 0.96
   95 H   -2 -2 -1 -3 -4 -2 -3  3  7 -3 -4 -2 -2  0 -4 -2  1 -3  3 -4    3   2   2   1   0   1   1  25  30   2   1   2   1   4   0   3  10   0  12   1  0.87 0.42
   96 V   -2 -2 -2 -4 -3 -2 -1 -4  3 -1  4 -3  3  2 -4  0 -2 -1  1  0    3   1   1   0   0   1   5   1   7   2  42   1   9   8   0   7   1   1   5   4  0.45 0.28
   97 R   -2  3  1 -1 -4 -1  1 -2 -1 -3 -3  1 -3 -1  2  3  2 -4 -3 -3    1  16   5   3   0   1  11   1   1   1   2   8   0   3   9  23  13   0   0   0  0.37 0.27
   98 Q   -2  2  1 -2  0  3  2 -3  2 -1 -3  3 -3 -1 -2  0  0 -4 -2 -3    1  12   8   1   2  13  13   1   6   5   1  19   0   3   1   7   6   0   1   1  0.36 0.25
   99 C   -5 -7 -6 -7 12 -7 -7 -6 -7 -5 -5 -7 -6 -6 -6 -5 -5 -6 -6 -5    0   0   0   0  95   0   0   0   0   0   0   0   0   0   0   0   0   0   0   0  4.13 1.17
  100 L   -1  1 -1 -3 -4  3 -2 -4  2 -1  3 -1 -1  2 -3 -2  1 -3 -2 -2    5   8   2   1   0  16   0   1   5   3  33   4   1  10   1   1   8   0   1   1  0.36 0.28
  101 S    0  4 -3 -3 -4  1 -2 -1 -2 -3  0  1  0 -4  3  1 -1 -4 -4 -2    6  25   0   1   0   8   1   3   1   1  11   7   2   0  17  12   3   0   0   2  0.43 0.29
  102 C   -5 -7 -7 -7 12 -7 -7 -7  0 -6 -6 -7 -6 -6 -7 -5 -5 -6 -6 -5    0   0   0   0  94   0   0   0   3   0   0   0   0   0   0   0   0   0   0   0  4.05 1.16
  103 K   -2  4 -2 -2 -3  3 -2 -2 -1 -3 -3  2 -3 -4 -3  1  2 -2  1 -3    2  27   1   2   0  16   1   2   1   1   2  11   0   0   1  12  14   1   4   0  0.54 0.33
  104 T    1  1 -2 -2 -3  1  0 -2  1 -1 -1  1  0 -2  2  0  1 -3  0  1   13   7   1   1   0   8   6   1   5   3   3   9   2   1  11   6   8   0   3  12  0.15 0.14
  105 C   -4 -6 -6 -6 11 -6 -6 -6 -6 -5 -5 -6 -5 -6 -6 -5 -5 -6 -6 -5    1   0   0   0  92   0   0   1   0   0   1   0   0   0   0   1   0   0   0   0  3.90 1.08
  106 R   -3  4 -1  6 -5 -2 -1 -3  0 -4 -4  1 -4 -5 -2 -1 -2 -5 -3 -3    1  23   1  46   0   1   2   2   3   1   2   9   0   0   2   3   2   0   1   1  0.98 0.46
  107 K    0  0 -2  0 -4  1  3 -2  0 -3 -3  2 -2 -4  4  1  0 -4 -3 -3    6   5   1   3   0   4  22   2   3   2   2  12   1   0  22  11   4   0   0   1  0.49 0.28
  108 E    0 -2  1  3 -3  2  3  0  0 -2 -2 -1  0 -4 -2  0 -2 -4 -3  0    8   1   5  19   0   9  22   6   2   2   4   1   3   0   1   5   1   0   0   9  0.31 0.22
  109 M    2 -1  0 -2 -2  0 -2 -1 -1 -1  2  0  5  0 -2 -1 -1 -2 -2 -1   17   2   5   2   0   5   1   5   2   2  19   6  18   4   2   3   2   0   1   3  0.21 0.17
  110 F   -1 -1  2 -1 -3  0 -2  4  1 -2 -2 -1 -2  2 -1  1 -2 -1 -1 -3    2   2  12   3   0   5   1  35   3   2   4   3   0  10   2  10   2   1   1   1  0.40 0.22
  111 Q   -3 -2 -3 -3 -4  6  2 -4 -2 -3  2 -2 -1  2 -4 -3 -1 -4 -2 -3    1   2   0   0   0  45  12   1   1   0  18   1   2  10   0   1   4   0   1   1  0.93 0.49
  112 V   -2  0 -3 -2 -3  0  2 -3 -1  2  0 -1  0 -2 -3  0 -1 -4 -1  4    1   6   0   1   0   4  17   2   1  10   6   3   2   1   0   6   3   0   2  34  0.33 0.25
  113 E    1 -2 -3 -1 -3  0  4 -3 -3  0 -2 -2  1 -3 -2 -2  2 -4 -3  3   11   1   0   2   0   4  28   1   0   5   2   1   3   0   2   1  15   0   0  22  0.41 0.30
  114 I   -2  0 -2 -1 -3 -1  0 -3 -1  2  2  0 -1 -1 -3 -1  0  0 -2  2    2   6   1   4   0   2   7   2   1  13  23   5   0   1   0   3   5   2   0  21  0.19 0.17
  115 S    1  3 -1 -2 -3  1  1 -2 -2 -2 -3  1 -1 -3 -3  3  1 -1 -3 -1   11  16   2   1   0   5   9   1   0   1   2   9   1   1   0  26   9   1   0   4  0.34 0.25
  116 P    0 -1  4 -1 -4 -2  1 -3 -2 -4 -4  1 -3 -5  6 -1 -2 -5 -4 -3    6   2  20   3   0   1   9   2   1   1   1   7   1   0  38   4   1   0   0   2  0.90 0.41
  117 C   -4 -6 -6 -6 11 -6 -6 -3 -6 -5 -5 -6 -5 -5 -6 -4 -4  2 -5 -4    1   0   0   0  87   0   0   3   0   0   1   0   0   0   0   1   0   3   0   1  3.54 1.02
  118 K   -1 -1  0 -2 -3 -2 -2 -3 -3 -3 -3 -1 -3 -3 -3  4  5 -5 -4 -2    3   3   3   1   0   1   2   1   1   1   2   3   0   1   0  31  44   0   0   1  0.88 0.48
  119 A    2  1 -1 -2 -3 -1 -1  0  0 -1 -2 -1 -2 -2  1  2  0 -3 -1  0   23   7   3   1   0   2   2   5   2   2   3   3   1   1   8  19   6   0   3   9  0.20 0.18
  120 D   -2 -1  0  1 -3  0 -1 -1 -1 -2 -2  2 -2 -2 -3  0  4  0  0  1    2   2   3   9   0   3   3   5   1   1   1  13   1   1   0   4  32   1   4  13  0.32 0.25
  121 M    1  4 -2 -2 -4  3  0 -3  1 -4 -4  2 -2 -4 -3  2  0 -4 -3 -4   13  23   1   1   0  17   6   1   3   0   1  10   1   0   0  16   5   0   0   0  0.52 0.31
  122 D   -4 -3  5  6 -5 -1 -1  0 -3 -5 -5  1 -5 -5 -4 -3 -3 -6 -5 -5    1   0  30  45   0   2   2   6   0   0   1  10   0   0   0   0   0   0   0   0  1.28 0.51
  123 T   -1  0  0 -4 -4 -1 -4 -4 -4 -1 -2 -3 -3 -5  0 -1  7 -5 -4 -1    4   5   3   0   0   2   0   1   0   3   3   0   0   0   5   2  65   0   0   3  1.17 0.54
  124 V   -1  1 -3 -2 -3  3  1 -1  2  0  0  0 -1 -3 -3 -2 -1 -4 -3  3    4   6   0   1   0  16   8   5   7   3   7   6   1   0   0   2   2   0   0  29  0.30 0.24
  125 C   -4 -6 -6 -6 11 -6 -6 -6 -6 -5 -5 -6 -5 -6 -6 -5 -5  2 -5 -5    1   0   0   0  91   0   0   1   0   0   1   0   0   0   0   0   0   3   0   0  3.78 1.02
  126 G   -2  3 -2 -1 -4  2 -1  5  0 -4 -4 -1 -3 -4 -4 -1 -2 -4 -4 -2    2  17   1   3   0  10   4  44   2   1   1   3   0   0   0   4   2   0   0   3  0.69 0.33
  127 C   -4 -6 -5 -6 11 -5 -6 -5 -6 -4 -5 -6 -5 -5 -1 -4 -4  0 -5 -1    1   0   0   0  83   0   1   1   0   0   1   0   0   0   4   1   0   1   0   4  3.27 0.91
  128 K   -1  3 -2  0  0  3  1 -2  1 -2 -2  3 -2 -4  1 -1 -2 -4 -3 -2    4  17   1   4   2  15   6   3   3   2   5  24   1   0   7   4   1   0   0   2  0.41 0.25
  129 K   -2 -1 -2  0  0  2  1 -4 -2 -4 -4  1 -3 -4  6  0  0 -5 -3 -3    2   3   1   4   3  10  10   0   1   0   1  10   1   1  38   7   5   0   1   2  0.80 0.37
  130 N   -3 -3  3 -2 -5 -4 -3  7 -2 -6 -6 -3 -5 -6 -2 -3 -3 -5 -5 -6    0   1  13   1   0   0   1  74   1   0   0   1   0   0   2   1   1   0   0   0  1.66 0.60
  131 Q   -3  0 -3 -3 -4  3 -2 -1  4 -3 -2 -2  4  2 -4 -2  1  6  3 -3    1   4   0   1   0  15   2   5  13   0   3   1  12   8   0   3  10  11  12   0  0.61 0.34
  132 F   -3 -5 -5 -5 -5 -5 -5 -5 -1 -2 -2 -5 -3  7 -5 -1 -3 -2  6 -1    2   0   0   0   0   0   0   1   1   2   2   0   0  54   0   5   2   0  27   3  1.70 0.59
  133 Q   -3  3 -4 -4  9  1 -4 -4 -4 -4 -1  1  0 -4 -3 -1 -1 -4  1 -2    1  14   0   0  41   8   0   1   0   0   6   9   2   0   1   3   4   0   6   2  1.16 0.47
  134 R    0  0  0  0  1  0  1 -1  1  1 -1  0  0  0  0  0  0 -3  0  1   10   4   4   4   4   5   8   3   4   9   4   5   3   3   5   8   3   0   3  11  0.03 0.07
  135 Y   -1  0  0  1  5  0 -1  0  2 -1 -2 -1 -3  0 -1  0  0 -3  3 -1    5   5   5   8  12   3   3   7   6   4   4   4   0   4   3   7   6   0  11   4  0.17 0.18
  136 L   -2  0 -1 -1 -2  1  0 -1 -1  1  1 -2  1 -1  2  1 -2  5 -1  0    2   6   2   3   1   8   5   4   1   7  12   2   3   3   9  11   1  10   1   7  0.20 0.18
  137 S    1 -4  1  5 -2 -2  1  2 -1 -3 -4 -3 -4 -4 -1  1 -2 -5 -4 -1   10   1   7  33   1   1   7  13   2   1   2   1   0   1   2  12   2   0   0   4  0.57 0.36
  138 E   -2 -2  1  3  3  0  2  1  1 -4 -2 -1 -4 -3  0  2  0 -4 -4 -4    2   1   6  15   7   3  14  11   4   1   3   3   0   1   6  17   4   0   0   1  0.35 0.27
  139 T    0 -2  0  2  1 -1  3 -2  0 -3 -3 -1 -4 -3  1  3  1 -4 -3 -2    6   2   4  12   4   2  21   3   2   1   2   2   0   1   7  21   8   0   1   2  0.39 0.30
  140 H   -2 -2 -3 -1  8 -4 -1 -2  5 -4  0 -3 -3 -2  2 -3  0 -5 -1 -3    3   2   1   3  34   1   4   4  11   1   8   1   1   2  12   1   7   0   2   1  1.08 0.54
  141 F   -2 -2 -4 -3  5 -1  3 -3 -2 -3 -3 -3 -1  6 -3 -3 -1 -1  0  0    3   2   1   2  11   3  19   2   1   1   1   1   1  33   1   2   4   1   3   8  0.81 0.46
  142 Q    0  2 -1 -2 -4  2  0 -3  5 -1 -1  0  0 -1 -1  1 -1 -2  0 -1    7  12   2   2   0  11   7   2  17   3   5   5   3   3   3  10   3   1   3   4  0.29 0.24
  143 C   -3 -8 -7 -8 12 -7 -8 -7 -7 -6 -5 -7 -7 -7 -2 -4 -4 -7 -7 -6    2   0   0   0  89   0   0   0   0   0   1   0   0   0   2   1   1   0   0   0  4.06 1.44
  144 V   -3  4 -2 -3 -5  2  3 -3  0 -3  1  1 -1 -2 -4 -2 -2 -5 -1  0    2  24   2   1   0  11  18   2   2   1  14   7   2   2   0   3   2   0   2   6  0.47 0.36
  145 D   -1  2  3 -1 -5  0 -2 -5 -2 -3 -1  2 -1 -3  5 -2 -2 -6 -5 -2    4  12  13   4   0   3   2   0   1   1   6  15   1   1  27   3   2   0   0   4  0.62 0.41
  146 C   -5 -5 -7 -4 10 -5 -7 -7  5 -6  0 -7 -6 -5 -7 -3 -6 -2  0 -3    1   1   0   1  65   1   0   0  11   0  11   0   0   1   0   2   0   1   4   2  2.77 1.10
  147 S   -1  0 -2 -2  0  1 -3 -5 -2 -4 -1  1 -3 -5  1  4  2 -6 -3 -4    5   4   1   2   2   7   1   0   1   1   8   9   1   0   7  36  14   0   1   1  0.59 0.47
  148 P   -1  2 -2  3 -5 -1 -1 -4  0 -2  0  1 -3 -5  3  0  2 -5 -4 -1    4  11   1  16   0   2   3   0   2   3   9   8   0   0  15   7  13   0   0   5  0.37 0.31
  149 C   -6 -8 -3 -8 11 -3 -8 -3 -7 -6 -3 -7 -6 -3 -7 -2 -6 -7 -7 -6    0   0   1   0  85   1   0   3   0   0   2   0   0   1   0   3   0   0   0   0  3.74 1.36
  150 F   -1 -1 -2 -3 -3  0 -1  1  0 -2  1  1 -3 -1  4  1  0 -1 -4 -1    5   4   1   1   0   4   3  10   3   2  13   8   0   2  25   9   5   1   0   4  0.35 0.27
  151 N   -2 -1  4  1 -5 -2  0 -1  4 -5 -4 -1 -3 -5  5  0 -3 -5 -4 -3    4   3  19   6   0   1   7   5   8   0   2   4   1   0  29   6   1   0   0   2  0.75 0.44
  152 G   -2  3 -2 -1  0 -1 -1  6 -1 -5 -4 -3 -5 -2 -4 -3 -4 -5 -5 -4    3  14   2   3   2   3   4  57   1   0   2   1   0   2   1   1   1   0   0   1  1.15 0.57
  153 T   -2 -2 -2 -3 -4  3  3 -2  4  0 -2 -1 -1 -3 -3 -1  3  0 -2 -1    2   2   2   1   0  12  17   4   9   6   4   3   1   1   1   4  22   1   1   5  0.40 0.32
  154 V   -1 -1  0 -3  1 -3  0 -4  1  1  0  0  2 -3  1 -1  1 -4 -3  3    4   4   4   0   4   0   8   1   4   9   6   6   5   0   6   4  10   0   0  23  0.24 0.22
  155 T    0  1 -1 -1  0  1  0 -1  2 -1 -1  1  2 -3  1  0  0  3  0 -1    6   8   3   3   3   8   4   3   5   3   5   8   6   0   8   8   7   5   3   5  0.12 0.15
  156 I   -1  0 -1  1 -3  2  1 -1  0  0  0  0  0 -2 -2 -1  0  1 -1  1    5   4   2  11   0  10   8   3   3   6  12   6   2   1   2   4   6   2   1  11  0.07 0.11
  157 P    0  0  0 -2 -4  0  2 -2  0 -3 -1  1 -1 -2  5  0  0 -5 -4 -4    6   6   6   2   0   4  12   2   2   2   6   9   2   2  29   7   4   0   0   0  0.49 0.35
  158 C    0  0  1  0  2  1  0  0 -2  0 -1  0 -1 -2  1 -1  0  4 -2  0    7   7   7   7   6   7   7   7   0   7   7   7   0   0   7   0   7   6   0   7  0.09 0.12
  159 K   -1  0  1 -1 -4  0 -1  1  0 -3 -3  0  0 -2  0  3  4  0 -3 -3    3   4   5   2   0   4   3   9   2   1   2   5   2   2   5  21  26   2   0   1  0.35 0.33
  160 E    0  0 -1  1 -5  1  4  1  0 -3 -3  1 -4 -3  1  0 -2 -4 -1 -3    7   4   3   6   0   4  33   9   2   1   2   8   0   1   6   8   2   0   2   2  0.41 0.33
  161 K    0  3  1  0 -3 -1 -1  1  0 -2 -2  0  0 -1 -2  0  1  2  0 -1   10  17   7   6   0   2   3   9   2   2   3   5   2   2   1   5  12   4   4   4  0.14 0.17
  162 Q   -1  0  2  3 -4  3  1 -1  0 -4 -3  0 -2 -3 -1  1  0 -4 -3 -4    4   5  11  20   0  13   9   5   2   0   2   6   1   1   2  13   5   0   0   1  0.38 0.29
  163 N   -1 -1  4  5 -2 -2  1 -3  0 -2 -4 -2 -4 -5  0  0  1 -5 -4 -2    5   3  19  33   1   0   8   2   2   2   1   1   0   0   5   6   8   0   0   3  0.64 0.41
  164 T   -1  0  2  0 -4 -2 -1 -2  2  0 -3 -1 -3 -2 -2 -1  5 -4 -2 -1    4   6  10   6   0   1   4   2   6   7   2   3   0   1   2   3  38   0   2   3  0.47 0.38
  165 V    0 -1 -3 -1  7  0 -1 -3  0  0  0 -1  1  0  0 -2 -1 -3 -3  2    7   3   0   3  26   4   5   0   3   4   8   4   4   3   4   0   4   0   0  17  0.39 0.28
  166 C   -1  1 -3 -4  8  0 -1 -1 -3 -1 -2 -1 -3 -3  1 -1 -1 -4  0  0    4   9   0   0  37   4   4   6   0   4   4   4   0   0   7   4   4   0   4   5  0.71 0.40
  167 N   -1  0  1  1 -3  0  0  0  3 -2 -2  0 -2 -2  4 -1  0 -4 -2 -1    5   6   8   9   0   3   3   8   9   3   3   5   0   2  20   3   6   0   0   5  0.27 0.20
  168 C   -4 -1 -5 -6 11 -2 -5 -5  0 -4 -1 -1 -4 -5 -2 -4 -1 -5 -5 -4    1   3   0   0  72   2   0   1   2   0   6   4   0   0   3   0   4   0   0   0  2.52 0.92
  169 H   -2  1  0 -2 -4  3  1 -2  4 -2 -1  3 -1 -3  2 -1  0 -4 -1 -2    1   6   4   0   0  13   7   2  13   1   8  19   2   0  11   4   5   0   1   2  0.37 0.28
  170 A    1 -2  0  0 -1 -1  0 -2  0 -2 -3 -2 -1 -3  5  0  1 -4 -2 -2   13   1   3   6   1   2   5   3   2   2   2   2   1   1  35   6  11   0   1   2  0.62 0.35
  171 G   -1 -2  0  0 -1 -1 -2  5 -1 -4 -3 -2 -1 -1 -3  0  0 -4 -3 -1    2   2   5   5   1   2   2  54   1   1   3   3   1   3   1   6   5   0   0   4  0.73 0.37
  172 F   -3 -1 -3 -2 -4 -3 -2 -3  4 -3 -2 -3  1  6 -2 -1  3  1  2 -2    1   4   0   2   0   0   2   2   9   1   3   1   3  35   2   3  21   2   7   2  0.80 0.46
  173 F   -3 -2 -2  0 -2 -1 -1 -3 -1 -1 -3 -4 -3  6 -1 -2 -2 -2  5 -2    2   2   1   5   1   3   4   2   1   3   1   1   0  39   3   2   2   0  23   3  0.98 0.49
  174 L    0  1 -1 -2 -1  0  2 -2 -2 -1  1 -1  0 -2 -1  2  0 -1 -1 -1    6   9   3   1   1   3  13   2   0   4  18   2   2   1   3  21   4   1   2   4  0.14 0.18
  175 S    0  1  1  1 -2  0  1 -1  2 -2 -2  0 -2 -2  1  1  0 -3  0 -1    8   7   5   9   1   2  10   4   8   2   4   7   0   1   7   9   6   0   4   6  0.12 0.10
  176 G   -1 -1  2  0 -2  1  1  3 -1 -2 -3  0 -2 -2  0  1 -1 -3 -3 -2    4   3   9   5   1   8   7  27   1   2   2   5   1   2   4  13   2   0   1   2  0.30 0.21
  177 N   -1 -1  5  1 -3 -1  0  1  0 -3 -3  0 -3 -2 -1  1 -1 -4 -3 -1    3   3  33   8   0   2   6  12   2   1   2   6   0   2   3   8   4   0   1   4  0.44 0.29
  178 E    0 -1  0  0 -2  0  1  1 -1 -1 -2  2  0 -2  0  1  1 -3 -2  0    6   2   5   4   0   2  12   9   1   2   3  14   4   1   4   9  12   0   1   8  0.12 0.13
  179 C   -1 -4 -4 -4  9  0 -4 -4 -4 -2 -1 -4 -3 -4 -2  1  0 -4 -1 -1    5   1   1   1  50   4   1   1   0   2   7   1   0   1   2  12   5   0   2   4  1.48 0.60
  180 T   -1 -1 -1  2 -3  0  1 -1  0  0 -1  1  1 -1 -1  2  0 -3 -1  0    4   3   2  13   0   3   9   3   2   5   4   8   4   2   3  18   7   0   2   7  0.12 0.17
  181 P   -1 -1 -3 -2 -4 -1 -1 -2  0 -2  0 -1  0  1  5  1 -1 -4  1 -2    4   4   0   2   0   3   3   3   2   2   8   3   2   5  33  13   4   0   6   2  0.54 0.39
  182 C   -3 -2 -1 -2  9 -1 -4 -1  0 -2 -2 -2 -4 -1  0 -1 -2  4  1 -1    1   3   3   3  43   3   0   4   2   2   3   3   0   2   4   6   3   6   5   3  1.13 0.62
  183 S    2 -1  1 -1  0  1  0 -3  1 -2 -2 -1 -3 -2  2  2  2 -4 -3 -1   18   2   8   3   2   7   5   1   4   2   2   3   0   2   9  14  15   0   0   3  0.25 0.27
  184 H   -1  3  1 -1 -3  0  0 -2  4 -2 -2  0 -1 -3  2  1  0 -4 -2 -1    4  15   8   3   0   4   4   2  11   2   4   6   2   0  10  14   5   0   0   5  0.25 0.23
  185 C   -1 -4 -4 -2  9 -2 -3 -1 -1 -1 -1 -3 -1 -4  0 -1 -2  1 -2 -2    4   1   1   3  50   2   2   4   2   4   6   2   2   1   5   4   2   2   1   3  1.37 0.62
  186 K    0  0  0  0 -2  1  0  0  1  0  0  0  1  0  1  0  0 -3 -1  0    6   6   6   6   0   6   6   6   6   6   6   6   6   6   6   6   6   0   0   6  0.04 0.07
  187 K    0  0  0  0  1  0  0 -1  0 -1 -1  0 -2  0  4  0  0  2 -2 -1    6   4   4   5   4   4   7   5   3   3   5   7   0   5  19   6   6   3   0   4  0.19 0.16
  188 N   -1 -1  1  1  0  0  0  1  4 -2 -2 -1 -3  0  2  0 -1  4  0 -2    3   4   8   8   2   3   5  10  11   3   5   3   0   4   9   7   4   6   3   3  0.19 0.19
  189 Q   -1  0  0  0 -3  0  0 -1  2  0 -1  0  1  0  0  0  0  3  1  0    5   5   5   5   0   5   5   5   5   5   5   5   5   5   5   5   5   5   5   5  0.06 0.08
  190 E   -1  0  0  1  0  1  2 -1 -2 -1  0  0  0  0  0  0 -1  1  0  0    4   5   4   6   3   6  16   3   0   3   9   4   3   4   4   7   4   2   3   6  0.06 0.13
  191 C   -3 -3 -2 -4 10 -4 -3 -1 -6 -2 -2 -2 -2 -4 -4 -1  2 -6 -2 -1    2   2   2   1  50   1   2   6   0   2   4   3   1   1   1   4  11   0   2   5  1.72 0.85
  192 M   -1 -1 -1 -1 -4  1  2  0 -2 -2  1  1  0 -2  1  1  0 -4 -4  0    5   2   3   3   0   5  15   8   1   2  15   7   2   1   7   9   7   0   0   6  0.14 0.18
  193 K    0  0 -2  1 -1  2  0  1  2 -3 -3  3 -1 -2  1 -1  0  1 -4 -2    8   5   2   8   1   8   7  11   5   1   3  20   1   2   6   3   5   2   0   3  0.24 0.24
  194 L   -1  0 -1 -1  2  1  1 -2  0 -1  1 -1 -1 -1  0  1 -1  4 -1  0    5   5   2   2   5   6   8   2   3   3  16   4   1   3   4  12   4   6   1   8  0.11 0.15
  195 C   -3 -4 -4 -3  9  0 -4  2  2 -4 -1 -4 -2 -1  0 -2 -1 -1 -3 -2    2   1   1   2  38   4   2  18   4   1   6   1   1   3   6   3   3   1   1   3  1.24 0.68
  196 L   -1 -1 -2 -2 -4  2 -1  1  0 -2  1 -2 -1 -4  3  1  1 -1 -2 -1    6   3   2   2   0   8   3  10   2   2  16   2   1   0  17  11   9   1   1   4  0.26 0.27
  197 P   -1 -1 -2 -3 -1 -1  1 -2 -1 -2 -2  1 -4 -3  4  1  2  0 -3  2    4   4   2   1   1   2   8   3   1   2   3   8   0   1  20  10  12   1   1  15  0.37 0.34
  198 P   -2 -1 -2 -2  0  0  2 -3  1 -1 -1 -1 -2 -4  4  0  1  1 -3  1    3   3   2   2   2   4  12   2   3   3   6   3   1   1  24   7   8   2   1  11  0.39 0.34
  199 V    1 -2 -4 -3  5 -2 -2  0 -5 -1 -1 -2 -2 -3  0  2  2 -5 -5  1   11   2   0   2  14   2   3   7   0   4   6   3   1   1   5  16  15   0   0   9  0.38 0.34
  200 A    2 -2 -1  1 -1 -1  1  1  0 -1 -3 -1 -2 -3 -1  0  2 -5 -1  0   17   2   3   9   1   3  10  11   2   3   2   2   1   1   3   8  16   0   2   7  0.21 0.24
  201 N    1 -2  1  1  0 -1 -2 -1 -1 -1 -3 -2 -4 -5  4  1  2 -5 -2  1   14   2   6   7   2   2   2   4   2   3   3   2   0   0  18  12  11   0   1  10  0.33 0.31
  202 V   -1 -2 -2 -3 -2 -3 -2  3 -2  0 -3 -2 -2 -3  2  0  1 -5 -3  3    4   3   1   1   1   1   2  22   1   6   2   3   1   1  11   8   9   0   1  22  0.38 0.34
  203 T    0 -2  1 -3  6 -1 -4  0 -1 -2 -1 -1 -3 -5 -2 -1  4 -6 -5  0    7   3   6   2  15   2   1   6   1   2   5   5   0   0   3   5  29   0   0   8  0.57 0.45
  204 N    0 -2  1  0  2 -2 -2  2  0 -1 -3 -1 -4 -4  1  3  0 -5 -5 -1    8   2   6   5   5   2   2  17   3   3   3   3   0   1   8  23   5   0   0   4  0.31 0.30
  205 P   -1 -2 -2 -2 -3  2 -2 -2  1 -1 -2  0 -4 -3  4  3  0  3 -2  0    4   2   1   2   1   8   2   4   4   3   3   5   0   1  19  23   5   4   1   7  0.42 0.37
  206 Q   -1  1  0 -2 -4  2  0  0 -2 -1 -2 -1 -3 -2  1  2  1  0 -2 -1    5   6   4   1   0  11   6   8   1   4   4   4   0   2   8  19   9   1   1   5  0.19 0.23
  207 D   -1 -1  0  5 -2  0 -1  0  1 -1 -1 -3 -3 -2  2  0 -2  1 -4  0    4   3   4  30   1   3   4   6   3   3   6   1   0   2  10   7   2   2   0   7  0.38 0.30
  208 S    0 -1  1 -1 -1 -1 -1  0 -1 -1 -1 -1  0 -2  1  1  2  2 -2  1    8   3   7   3   1   3   3   7   2   3   5   2   2   2   7  13  15   3   1  10  0.12 0.15
  209 G   -1  0  0  0  2  0  0 -1  2  0 -1  0  2  1  0 -1  0  4  1 -1    5   5   5   5   5   5   5   5   5   5   5   5   5   5   5   5   5   5   5   5  0.09 0.08
  210 T   -2  1 -1 -1  6 -1 -2 -1  0  1 -1 -1  0 -1 -1  0  0  2  1  0    4   7   3   3  13   3   3   5   3   8   7   4   2   3   4   6   6   3   5   6  0.20 0.17
  211 A   -1  0  0  0  2  0  0 -1  2  0 -1  0  2  1  0 -1  0  4  1 -1    5   5   5   5   5   5   5   5   5   5   5   5   5   5   5   5   5   5   5   5  0.09 0.08
  212 V    0  0  0  0  2  0  0 -1 -2  0 -1  0  1  0  0  0  0  3  1  0    5   5   5   5   5   5   5   5   0   5   5   5   5   5   5   5   5   5   5   5  0.05 0.08
  213 L   -1  0 -1 -3  1 -2  0 -2  0  1  1 -1  1  1  2 -1 -1  3  0  0    4   6   4   0   3   0   6   3   3   7  16   3   5   6  11   4   3   4   3   8  0.10 0.13
  214 L   -1 -3  0 -3  1  0 -1  0 -3  0  1 -1  2  1  0 -1  0  5  1  1    5   0   4   0   3   4   3   6   0   5  16   3   5   6   4   5   6  11   4   9  0.19 0.19
  215 P   -1 -1  0 -3  0 -2  0 -1 -3  1 -1 -1  0 -1  3  0  0  4  0  2    5   2   5   0   2   0   5   6   0  11   4   3   2   3  14   6   4   6   3  16  0.19 0.20
  216 L    0 -2 -1 -3  0  1 -1  0 -3  2  1 -2  1  0  1 -1  0 -3 -1  1    6   0   2   1   2   9   2   9   0  12  18   1   3   4   7   4   6   0   2  10  0.11 0.15
  217 V    0 -2 -2 -1  0 -1 -2 -1 -1  1  1 -2  1  0 -1  0  0  0  0  3    7   1   1   3   2   3   2   6   2   8  14   1   3   4   3   7   6   1   3  25  0.12 0.15
  218 I    0 -4 -4 -4  1 -1 -3 -1 -4  2  2 -3  2  0  1  0 -1  1 -1  2   10   0   0   0   3   2   0   4   0  14  25   0   5   4   6   6   2   2   1  13  0.28 0.24
  219 F   -1 -2 -3 -3  1 -2 -3 -1 -3  2  2 -3 -1  2  1 -1  0  3 -1  2    5   2   0   1   3   1   0   4   0  12  21   0   0   9   7   4   6   4   2  16  0.25 0.22
  220 L    1 -3 -3 -2  1 -2  0 -2 -3  0  2 -2  1  2 -2  0  0  1 -1  1   15   0   0   1   3   0   8   3   0   4  20   2   3   9   2   5   7   2   1  13  0.14 0.17
  221 G    0 -3 -3 -3  0 -3 -3  4 -1  0  0 -1  2  0  0 -1  0 -3 -3  1    7   1   0   1   2   0   1  35   2   7   8   4   6   3   4   4   6   0   0  10  0.35 0.27
  222 L    0 -2 -3 -3  0 -1 -2  0 -2  2  2 -3  0  1  0  0  0 -1 -2  2    8   2   0   1   2   2   2   6   1  13  26   1   1   6   5   6   4   1   0  13  0.18 0.18
  223 C    1 -2 -3 -3  4 -2 -2  0 -3  2  1 -2  0 -1 -1  0  0 -1 -3  3   10   3   0   0  11   2   2   8   0  13  10   1   2   3   2   6   4   1   0  22  0.23 0.21
  224 L   -1 -1 -3 -3  1 -2 -2  0 -3  1  2 -1  0  1 -1  0  1  0 -2  2    5   3   0   1   3   0   1   7   0   8  18   3   2   7   2   7   9   1   0  22  0.16 0.18
  225 L    0 -2 -3 -3 -3 -2 -3 -1 -3  2  2 -1  2  0  2 -2  0  1 -1  1    7   1   0   1   0   1   1   4   0  12  25   4   5   4  11   2   6   2   2  11  0.23 0.20
  226 F    0 -2 -3 -3 -1 -1 -2 -1 -1  1  2 -2  0  2  0 -1 -1  1  0  1    8   1   0   0   1   2   2   4   2   8  29   2   2  12   5   6   3   2   3   8  0.19 0.18
  227 F   -1 -1 -3 -4  0 -3 -3 -1 -1  0  3 -2  1  3  0 -1 -2  3  0  1    5   4   0   0   3   0   1   5   1   4  28   2   3  13   5   4   1   5   3  12  0.25 0.22
  228 I   -1 -2 -3 -4 -1 -3 -3 -1 -2  2  3 -1  0  0  0 -2 -1 -1 -1  2    5   2   1   0   1   0   1   4   1  13  32   4   1   4   4   2   3   1   2  17  0.28 0.23
  229 C    1 -2 -2 -2  0 -2 -2  2 -1  1  1 -2 -1  1 -2  0  0 -3 -1  2   14   2   1   1   2   1   1  16   1   7  13   2   1   8   1   8   5   0   1  15  0.12 0.16
  230 I    1 -1 -1 -3  0 -2 -2 -1 -3  2  1  0  0  0 -2 -1  0  1 -1  1   15   4   3   0   2   0   1   5   0  17  16   6   2   4   1   4   5   3   2   9  0.11 0.15
  231 S    0  0 -1 -2  0 -1 -2  0  0  1  1  1  0 -1  0  0  0 -1 -1  1    7   5   1   1   2   2   2   8   2   9  17   9   2   2   4   8   7   1   1  10  0.05 0.08
  232 L   -1  0 -4 -4  1 -2 -3 -2  0  0  4 -2  1  1 -3 -2 -1  3 -1  1    5   4   0   0   2   2   1   4   3   5  39   3   2   5   1   3   3   3   2  10  0.39 0.28
  233 L    1 -1 -2 -2  0 -2 -3 -2  0  2  2  1  2  0  0 -1  1  0 -1  0   10   4   2   2   2   2   2   3   2  11  16   8   5   4   4   4  10   2   2   6  0.14 0.12
  234 C   -1 -1 -3 -7  6 -2 -3 -3 -1 -1  1  0  1  0 -1  0 -1  3  4  1    5   3   1   0  15   2   2   3   1   4  12   6   3   3   3   8   4   3  11   9  0.47 0.30
  235 R   -1  1 -2 -2  2  0 -2  0  1  1  0  0  0 -1 -1 -2  3  3 -1  1    5   8   2   2   4   4   3   7   3   8   8   5   2   3   3   3  15   4   2   8  0.15 0.14
  236 Y   -1  1 -3 -2  3 -2 -3 -3  1  1 -2  1 -1  1 -3 -2 -1  4  5  1    5   7   2   3   5   2   2   2   3   7   4   9   2   5   2   3   4   5  20  10  0.48 0.32
  237 P   -1  3 -2 -3  2  1 -2 -3  2  0 -1  2 -1  1  1  0 -2  3 -2  0    5  13   2   2   4   6   2   2   4   5   7  12   1   5   7   8   3   4   2   6  0.23 0.19
  238 Q   -1  4 -2 -1  2  0 -2 -3  0 -1 -1  2  0 -1  0  0  0  2 -1 -1    6  21   2   3   4   4   3   2   2   4   7  11   3   2   5   6   5   2   2   4  0.28 0.22
  239 W   -1  3 -1  0  5 -1 -4 -1 -1 -3 -1  0 -1 -2 -2 -1  0  7 -1 -1    6  14   3   5  11   3   1   5   2   1   7   6   2   2   2   5   7  12   2   4  0.52 0.35
  240 R   -3  4 -2 -3  0  2 -1 -2 -1 -1  0  4  0 -2 -2  0 -1  2 -6 -1    3  17   2   2   2   8   4   4   2   4   9  19   2   2   2   6   4   3   0   5  0.38 0.28
  241 P   -2  3 -1 -1 -1 -1 -2 -2 -1 -2 -1  2 -5 -1  4  1  1  3 -3 -2    4  12   3   3   1   3   3   4   2   2   7  10   0   3  17   9   8   4   1   4  0.32 0.27
  242 R   -1  2 -1 -1  1  0 -2  0  1 -1 -1  4 -2 -2 -2  0  0  1 -2 -2    5  11   3   4   3   4   2   8   4   3   6  21   1   2   3   7   7   2   2   3  0.25 0.19
  243 V   -1  2 -1 -1  0 -1 -1 -1  1 -1  1  0  0 -1  0  1  0  1 -2  0    4  11   3   3   2   3   4   5   4   3  14   6   3   3   4  12   6   2   1   6  0.09 0.09
  244 Y   -1  0 -1  0  2 -1 -1 -2  5 -1 -1  0 -2  1  0  0 -1  0  2  0    5   4   3   4   4   3   5   3  12   4   7   7   1   5   4   7   5   1   8   7  0.20 0.15
  245 S    0  1 -1  0  1  0 -3 -1 -5 -1 -2  1 -3  0  2  3 -1 -1 -2  0    7   7   3   5   3   4   2   5   0   3   5   8   1   4   9  22   4   1   1   6  0.22 0.22
  246 I    0  0 -1 -2  3 -1  0 -2 -1  1  0 -3 -2  1  0  2  0 -1  1  1    9   6   3   2   5   2   5   3   1   7   8   1   1   5   4  16   5   1   4  10  0.15 0.14
  247 I   -1 -1 -1 -1  2 -1 -1 -1 -1  1  1 -1  0  0  0  1  0 -4 -2  1    4   3   3   3   4   2   5   6   1   8  16   4   2   3   5  13   5   0   2  11  0.10 0.09
  248 C    1 -2 -2 -2  7 -1 -1 -2 -6 -2 -3 -2 -6 -2  0  2 -2  3 -2  2    9   2   2   3  22   3   5   3   0   2   3   3   0   2   5  16   3   4   2  11  0.68 0.42
  249 R   -2  3 -1 -2  1  0  0  1  0 -1 -2  2 -2 -3  0  0  1  3 -3 -1    4  15   3   2   2   5   5  11   2   4   4  11   1   1   5   8   8   4   1   5  0.21 0.18
  250 D   -1  0 -1  0  0  0  1 -2  0 -3 -3  3 -1 -4  1  2 -1  0 -3  1    4   4   3   6   2   3   9   4   2   2   3  16   1   1   8  16   4   1   1   9  0.26 0.23
  251 S   -1  0  0 -2  1  0 -2 -1  2 -2  0  1  1 -3  1  3 -1 -2 -5 -3    5   4   5   3   3   5   3   4   4   3  11   9   3   1   7  23   4   1   0   2  0.25 0.23
  252 A    0 -1 -4 -1  1  0  0  1  0  0  0  1 -3 -1  0  0  1 -3 -2  1    7   4   0   3   3   5   7  11   2   6   9   9   0   3   6   7   8   0   1   9  0.08 0.09
  253 P   -3 -2 -1 -5 -1  0 -2 -1  0 -1 -2 -2 -6 -3  6  2  0 -6 -6  0    2   3   3   1   2   4   3   5   2   4   5   3   0   1  36  13   5   0   0   7  0.77 0.52
  254 V    0  0 -4 -1  0 -1  0 -1  0  0  1  0 -1 -1  0 -1  1 -3 -3  2    7   6   0   4   2   2   7   5   2   6  14   5   1   3   4   6   8   0   1  16  0.12 0.11
  255 K    0 -1 -2  2  1  2 -1 -2 -1 -1  0  3  0 -4  1 -1 -1 -6 -5  0    7   4   2  11   3   8   4   3   2   4   8  20   2   1   7   5   5   0   0   6  0.27 0.22
  256 E   -1  0 -2  0  1  3  4 -2 -3 -3 -1  1  1 -4  1 -2  0 -2 -4 -4    5   6   2   4   3  10  26   3   1   2   7   8   3   1   6   3   7   1   1   2  0.41 0.32
  257 V    1  1 -2 -1  1  0  0  1 -4 -1 -1  0 -1 -4  1  1  0 -1 -2  1   11   9   1   3   2   4   5  11   0   3   7   5   2   0   6   9   6   1   1  12  0.11 0.13
  258 E    0  0  0  0  2  0  0 -1  1  0 -1  0  1  0  0  0  0  3 -2  0    5   5   5   5   5   5   5   5   5   5   5   5   5   5   5   5   5   5   0   5  0.05 0.09
  259 G    0  0 -1 -1  0  0  1  0  0 -2 -1  0  0 -1  3  0  0  1 -1  0    8   4   3   3   2   4  10   7   2   2   6   7   3   2  15   6   4   2   2   7  0.14 0.15
  260 E   -1  0  1  2  1  1  3 -2  0 -2 -2  0 -4 -2  0  1  0  0 -1 -2    6   5   6   9   3   5  23   3   2   2   5   4   0   2   5   9   4   1   2   2  0.24 0.25
  261 G    1 -1  0 -1 -1  1  0  2  0 -1 -1 -1 -1 -1  2  0  0 -4 -3 -1   10   4   5   4   2   6   6  19   3   3   6   3   2   2  10   7   5   0   0   4  0.15 0.16
  262 I    0 -1  0 -1  0 -1  1 -1 -1  1  1 -1  1 -2  1 -1  1 -3 -2  1    9   3   4   2   2   2   9   5   2   8  18   2   4   0   6   4   8   0   1  11  0.08 0.12
  263 V    0 -1 -1 -1  0  0  1  0  0  0 -1  0 -1 -1  1  0  1 -3 -1  1   10   3   3   3   2   3  10   8   2   6   7   5   1   2   7   8   8   0   2  10  0.05 0.07
  264 T    0  1  0 -1 -1  1  0 -2 -1 -2 -2  0  1 -4  2  2  2 -1 -3  0    5   7   4   3   1   6   7   3   1   2   4   6   4   0   9  16  14   1   0   6  0.19 0.22
  265 K    0  0  1 -1  1  1  1 -1  1 -1 -1  0  0 -1  0  0 -1  1  0  0    8   4   7   3   3   6  10   5   4   4   7   6   3   3   4   8   3   2   3   7  0.05 0.06
  266 P    0  0  2 -1  1  1 -1 -3  1 -1 -1 -2 -1  1  3 -1  0  1 -1  0    6   5   8   4   3   7   5   2   3   4   6   2   2   6  16   6   6   2   2   5  0.19 0.19
  267 L    0 -1 -1  1  1  1  0 -2  0 -1  0 -2  1  0  1  1  0  2  1  0    8   3   3   7   2   6   7   3   2   3   8   3   3   4   7   9   6   3   5   6  0.07 0.09
  268 T    0  0  0  1  1  1  0  1  0 -2 -2 -2 -5 -2  1  1  2  1  0 -2    6   4   5   8   2   5   7  11   2   2   5   3   0   2   6  11  13   2   3   3  0.15 0.17
  269 P   -2 -1  1 -2  4  1  2  0  1 -3 -1  0  0 -2  3  1  0  2 -3 -3    3   3   6   3   7   5  12   7   3   1   6   5   2   2  16   9   6   2   1   2  0.28 0.26
  270 A    1 -1  0 -1 -1  1  0  0  0 -1  0 -1 -1 -1  1  0  0  0 -1  2   12   4   5   3   1   6   6   6   2   3  11   3   1   2   7   7   6   2   2  12  0.07 0.09
  271 S   -1 -2 -1 -1 -6  2  1  1 -1 -3 -2 -1 -1 -1  2  2 -1  5 -2 -2    5   2   3   3   0   9   9  11   2   1   5   4   1   3  11  17   4   6   1   3  0.31 0.29
  272 I    1 -1  0 -1  1  0  0 -1  1 -1  0 -1  2  0 -1  0  1  3  0  0   11   4   4   3   3   4   7   5   3   4   7   3   5   5   4   5  10   4   3   5  0.07 0.08
  273 P    0 -1 -1 -1  1  0  0 -2  1 -2 -2 -1  0  1  4  1  1  3 -6 -2    7   3   4   3   3   4   7   3   3   3   4   4   3   5  20   9   7   4   0   4  0.30 0.27
  274 A    1  0 -2 -1  3  1 -1  0  3 -1  0 -2  0 -1  1  0 -1  3  0  0   10   5   2   3   5   6   4   6   7   3   8   2   2   3   6   7   4   3   3   8  0.10 0.10
  275 F    0 -2  0 -2  1  0 -1 -3  0 -2  2 -1  0  1  1  0  1  1 -2 -1    8   2   4   3   3   4   5   3   3   2  21   4   3   5   7   6  10   2   2   4  0.15 0.14
  276 S    0  0  0  0  2  0  0 -1  1  0 -1  0  1  0  0  0  0  3 -2  0    5   5   5   5   5   5   5   5   5   5   5   5   5   5   5   5   5   5   0   5  0.05 0.09
  277 P    0  0  2  0  1  0  1 -1 -3 -3 -1  0 -3 -1  3  0  0  2 -3  0    6   5   9   5   3   4   9   5   0   0   7   5   0   3  18   6   5   4   0   6  0.22 0.22
  278 N    0 -1  0  0  1  0  1 -1  2 -2 -1 -1 -1 -2  3  0  1  2  0  0    6   4   5   6   3   4   8   4   5   2   8   3   1   1  14   5  10   3   3   6  0.13 0.15
  279 P   -1  1 -1  1  1  0  0 -1  2 -3 -3 -1 -1 -2  5  0 -1 -6 -1 -3    4   8   3   8   3   4   6   5   5   2   3   3   2   2  28   6   5   0   3   2  0.47 0.37
  280 G    0  0  0 -1  0  1  0  1 -1 -1 -2  1 -2 -1  0  1  0  1 -3  0    7   5   3   3   2   7   6  14   1   4   3   8   0   3   4  13   4   3   0  10  0.09 0.14
  281 F    1 -1 -1  0  1 -1  0 -1 -1 -1  0 -1  0  2  1  1  1 -3 -1 -1   10   3   2   4   4   2   6   3   2   2  11   4   2   9   8  10  10   0   1   5  0.08 0.13
  282 N   -1  0  2  1  0  0  1 -2  4 -2 -1 -2  0 -3 -1  1  0 -5 -2 -1    3   5  11   8   2   4  10   3  13   2   8   2   2   1   2  13   6   0   1   4  0.25 0.26
  283 P    0 -1 -2 -2  1 -1 -1  0 -2 -2  1 -2 -1 -2  4 -1  1  1 -4  1    7   4   2   2   3   3   5   6   1   2  13   2   1   2  22   5   9   2   0  10  0.28 0.26
  284 T   -1 -1  0 -1  1  0  2 -2  1 -1  0  0 -1 -2  0  1  1 -1  0  0    5   2   4   3   3   4  14   2   4   3  12   6   1   1   4  10  10   1   3   8  0.09 0.14
  285 L   -1 -1 -2 -2 -1  0  0 -2 -1 -1  2 -1  0  0  3  0 -1  1 -1  1    5   4   1   2   1   4   6   3   2   3  20   4   2   4  14   6   3   2   2  11  0.16 0.17
  286 G    0 -1  0 -1  1 -1  0  1 -2 -2  0  0 -1 -4  3  2  0  2 -3 -1    7   3   4   3   3   2   5  11   1   2  10   5   2   0  13  14   7   3   0   4  0.17 0.19
  287 F   -1  0 -1  2  0  0  0 -2 -3 -1  1 -1 -1  1  2  0 -1 -1 -1  0    5   6   3  13   2   3   7   3   0   3  16   2   1   7   9   6   4   1   2   6  0.11 0.14
  288 S   -1  0  1  0  1  1  0 -2 -1 -2  1 -1 -1 -3  1  3  1 -1 -2 -1    3   4   6   4   3   6   7   3   1   1  17   2   1   1   8  20   7   1   1   3  0.19 0.23
  289 T    0 -1  0  0 -2  1  1 -2  1 -2 -2 -1 -1 -1  3  0  0  1  0  1    9   3   4   4   1   7  10   3   3   1   3   3   1   3  15   7   5   2   3  13  0.18 0.20
  290 T    0  0  0 -1  0  0  0 -1  2  1  0  0  0 -3  0  1  1 -4 -1  0    5   4   5   2   2   5   7   4   7   7  10   5   2   0   5  11  11   0   2   6  0.09 0.12
  291 P   -1 -2 -2 -2 -2  1  0 -2 -4 -3 -1 -2 -2 -5  6  1  1 -5 -5 -1    5   2   2   2   1   6   6   4   0   2   6   3   1   0  36   9   8   0   0   5  0.69 0.47
  292 R   -1  1  0  0  0  0  1  2  0 -1  1  0 -2 -2  0  0  0  0 -2 -1    3   7   4   6   2   5  10  14   2   2  18   5   1   1   5   6   4   2   1   4  0.09 0.13
  293 F    0 -1  0  0  0 -2  0 -1 -2 -1  1  0  0  0  1  1 -1  2  0 -1    8   2   4   7   2   1   6   4   1   3  19   7   2   5   6  11   4   3   3   4  0.07 0.11
  294 S    1 -1  0 -1  2  0  0 -3  0 -2 -2 -2 -2 -3  1  3  1 -4 -2  1   10   4   5   4   4   4   5   2   2   2   5   2   1   1   7  20  10   0   2  11  0.21 0.23
  295 H   -1  0  0 -2  2 -1  1 -1  1 -1 -1  0 -2  0  4  0  0  0 -2 -2    6   4   4   2   5   3   8   4   4   3   6   5   1   4  20   8   7   1   1   3  0.24 0.21
  296 P    0 -2  0 -1 -2 -1 -1 -1 -4 -2  0 -1 -1 -4  4  1  2 -2 -2  0    6   2   4   3   1   3   4   5   0   2   9   4   2   0  20  12  12   1   2   7  0.29 0.26
  297 V    0 -2 -1  1  1 -1 -1  1 -3  0  1 -2 -1 -2  1  2 -1 -1 -2  2    7   2   2   8   3   3   4   9   0   6  13   2   1   2   7  14   2   1   1  13  0.11 0.15
  298 S   -1  0  2  1  2  2  0 -1 -1 -2 -2 -2  0 -3  1  3  0  1 -4 -1    5   4   8   8   4   9   5   5   1   2   5   1   2   1   7  21   5   2   0   4  0.22 0.24
  299 S    1 -1 -1 -1 -2  0  0 -1 -3 -1  0 -1 -3 -2  1  3  1 -1 -2 -1   11   3   3   3   1   4   6   5   0   3   9   3   0   2   6  25   9   1   1   4  0.20 0.23
  300 T   -1 -1 -1 -1  0  1  2 -1 -1 -1 -1 -1 -3 -2  1  2  1 -1 -2  0    3   4   3   3   2   5  14   6   1   3   7   3   0   2   6  18  10   1   1   9  0.15 0.18
  301 P   -1 -1  0 -1 -1 -1  1 -2 -1 -3 -1  2 -2 -3  5  0  0 -4 -2 -1    6   3   4   3   1   3   9   3   2   2   8  11   1   1  26   6   6   0   1   5  0.39 0.29
  302 I   -1  0  0 -1  3  0  0  0 -1  0 -1 -1 -1 -2  2  1  0 -3 -3  2    4   5   4   3   6   3   8   6   1   7   6   4   1   2  12   9   4   0   1  14  0.13 0.13
  303 S    0 -1 -1 -1  4 -1  0  0  0 -2 -1 -1 -3 -2  1  3  1 -2  0 -2    5   4   3   4   8   3   6   9   3   3   5   2   0   2   6  22  10   1   3   3  0.21 0.21
  304 P   -1 -1 -1 -1  0 -1  0 -1 -1 -1 -1 -1 -2 -3  4  1  2 -4 -4  0    4   3   3   3   2   3   7   5   1   3   6   3   1   1  20  12  14   0   0   6  0.30 0.26
  305 V    0 -1  0  0 -1  3 -1  0 -1  0  0 -1 -2 -3  2  0  0 -4 -3  1    8   4   3   5   1  13   2   7   1   5  10   2   1   0   9   8   6   0   1  13  0.14 0.17
  306 F   -1 -2 -2 -1  2  1  0  0  0 -2  3 -2 -1  2  1  0 -2 -2 -1 -1    4   2   2   4   4   7   5   7   2   1  32   2   1   7   6   7   2   1   2   4  0.23 0.24
  307 G    0 -2 -1  0 -2  0 -1  0  0 -1  1 -2 -2 -3  1  1  1 -2 -2  2    6   1   3   6   1   4   4   6   2   2  16   1   1   0   7  10  11   1   1  16  0.13 0.18
  308 P   -1  0 -2  0 -2  0  1  2  0 -3 -2 -1 -3 -5  4  0 -1  1 -4  0    4   5   1   5   1   5  10  15   2   1   4   4   1   0  23   6   4   2   0   7  0.39 0.32
  309 S   -1  0  3  0  0  1  2  1  1 -3 -3 -2 -4 -4 -1  2 -1 -5 -4 -2    5   6  13   5   2   7  14  12   3   2   3   2   0   0   3  18   3   0   0   2  0.32 0.29
  310 N   -2 -1  3  2 -2  1  0  0 -1 -4 -2 -2 -2 -3 -1  4 -1 -1 -2 -2    3   4  12   9   1   5   6   9   1   1   4   2   1   1   3  31   3   1   1   3  0.40 0.34
  311 W    0 -1 -3 -3  0  1 -1 -3  0 -3  0 -1 -2  1  1  2 -1  8 -2 -1    7   3   1   2   2   6   4   2   2   1   8   3   1   6   7  13   4  22   1   5  0.62 0.41
  312 H   -1  1 -1 -2  0  1  0  0  3 -1  0  0 -2 -3  1  1  2  2 -2 -2    3   9   2   2   2   7   6   7   6   3   8   4   1   1   7  10  16   3   1   3  0.18 0.21
  313 N    0  0  1  0  2  1  0  0  2 -2 -1  0  1 -3  1  0  0  3 -2 -1    6   6   6   6   6   6   6   6   6   0   6   6   6   0   6   6   6   6   0   6  0.10 0.14
  314 F    0 -1 -1 -1  0  1  0  1  0 -1 -1 -1  1  1  2  0  0 -3  0  0    5   3   2   3   3   7   6  11   2   3   7   2   5   8   9   9   7   0   2   5  0.07 0.11
  315 V    1  0 -1 -1  0  0  0  1  0  0  0 -1  1 -1  0  1  0 -3  0  0   12   4   3   3   2   5   6   9   2   5   9   3   4   2   4  13   4   0   3   7  0.04 0.07
  316 P   -1  0 -2 -1  1  0 -2 -1  0 -2 -1 -1 -1 -2  5  1  1  0 -2 -1    6   5   2   3   2   3   3   4   2   2   7   3   1   2  26  12   8   1   2   5  0.36 0.31
  317 P   -1 -2 -2 -2  3  3 -1 -1  0 -5  0 -3  0 -2  5  0 -1  1 -1 -3    4   2   2   2   7  12   5   4   2   0   9   2   2   2  30   7   3   2   2   2  0.59 0.46
  318 V    0  1 -1 -2  1  2 -1  0  1 -1  0 -2 -1 -2  0  1  2  2 -3  0    6   8   2   2   3  10   3   7   4   3   9   2   1   2   4  11  13   3   0   8  0.12 0.18
  319 R   -2  2  0 -1 -4  4  2 -1 -1 -1 -1 -1  1 -4 -2  1  1  0 -4 -1    2  12   4   3   0  17  12   5   2   3   7   3   3   0   2  11   8   2   0   3  0.27 0.29
  320 E    0  0 -1 -1  1  3  4 -2 -1 -2 -3 -2  2 -3  0  0  0 -5 -2  0    8   5   2   3   3  12  26   3   2   2   2   1   5   1   4   8   5   0   1   8  0.33 0.32
  321 V    3 -1 -1 -3  0  0  1 -1 -4  0 -1 -1  0 -4 -2  0  1 -4 -4  2   26   3   2   0   2   5  10   4   0   5   7   3   3   0   2   7   7   0   0  14  0.24 0.26
  322 V    1  0 -3 -2  0 -1  1 -2 -4 -2  0 -2 -1 -2  4  1 -1 -4 -2  1   13   6   0   1   2   3   8   3   0   1  11   1   2   2  21  11   4   0   1   9  0.31 0.28
  323 P   -1 -2 -4 -3  4 -1  1 -1 -4 -2 -1 -2 -2 -3  5 -1  0  3 -2 -1    6   2   0   1   9   3   8   4   0   2   7   2   1   1  33   6   6   4   2   4  0.67 0.45
  324 T    0 -1 -1 -1  2  0 -1 -1  1 -2  0 -1 -3 -2  3  1  2 -4  0 -1    9   3   3   2   4   3   3   5   4   1   8   3   0   1  16  13  13   0   4   5  0.22 0.22
  325 Q    1  0 -2 -1 -2  5  1 -2  2 -3 -1  0 -3 -3  0  1 -1 -1 -2 -2   11   6   1   2   1  27   9   2   4   2   6   5   0   1   6  10   3   1   1   2  0.40 0.36
  326 G    1 -1 -1 -1 -2  2  1  1 -1 -1 -1  0 -1 -3  1  0  0 -1 -3  0   11   3   3   2   1  10  10  13   1   5   8   5   2   0   7   7   5   1   0   6  0.11 0.15
  327 A    3  0 -3 -3 -2  2  0 -2 -2 -2 -1 -1 -3 -4  3  1  1  1 -4  0   24   6   0   0   1   8   7   2   1   3   5   3   0   0  12   9  10   2   0   6  0.31 0.31
  328 D    0 -1  0  1  0  1  2  1 -1 -2 -1 -1 -1 -2  1  1 -1  4 -3 -2    6   2   5  10   3   5  13   9   1   3   5   4   1   1   8   9   3   7   0   3  0.19 0.19
  329 P   -1 -3 -1 -3  2  1 -1 -1  0 -4 -1 -2 -2 -5  6  0 -2 -1 -5 -2    5   1   3   1   4   6   4   5   3   0   8   3   1   0  42   6   2   1   0   3  0.86 0.54
  330 L   -1 -2  0 -1  0  0  0 -3 -1  1  1 -1  0 -1  1  1  0  4 -2  0    4   1   4   3   2   5   7   1   2   7  16   2   2   3   8  13   5   6   0   8  0.15 0.17
  331 L   -1 -1 -1  0 -2  1 -1 -1  0 -1  2 -2  0  0  0  1 -1  4 -2  0    6   3   3   6   1   6   4   4   3   2  21   1   3   5   5  11   4   7   1   8  0.14 0.17
  332 Y    0 -1  1  0 -1  3  1  0 -1 -3 -3 -2 -1 -2  3  1  1  1  1 -3    8   2   7   4   1  13   8   6   1   1   3   2   1   2  12  10   7   2   5   2  0.22 0.24
  333 G    2  0  1 -2  0  3 -1 -1  1 -3  0 -1 -1 -2  2  0 -1  3 -3 -2   17   5   6   2   2  15   3   5   3   1  10   3   1   2   9   5   4   4   0   2  0.22 0.24
  334 S    1  1 -1 -1 -1  1 -1 -1  0 -2 -1 -1 -2 -2  3  1 -1 -2 -3  0   14   7   2   2   1   7   4   5   3   1   7   4   1   1  15  13   3   1   0   8  0.20 0.21
  335 L    1 -2  1 -3 -2 -1  0 -4 -2 -1  2 -3 -2 -2  4  1  0  3 -3 -1   11   2   7   1   1   3   8   1   1   3  19   1   1   1  18   9   7   4   0   4  0.33 0.30
  336 N    0  2  0  0 -1  0  0  0  1 -2 -1 -1 -2 -1  3  1  0 -4 -2 -2    9  10   4   5   1   5   7   7   3   1   6   3   1   2  14  12   6   0   1   3  0.16 0.17
  337 P    1  1  0 -2 -2  1  0  0  2 -3 -1 -1 -2 -3  2  2  0  1 -2 -1   10   6   4   1   1   8   7   8   5   1   5   3   1   1  12  17   5   2   1   4  0.21 0.23
  338 V    3 -1 -1 -1 -2  1 -2 -2 -2 -2  1 -2 -1 -2  1  1  2 -4 -3  0   22   4   3   3   1   6   2   2   1   2  14   2   1   1   6   9  13   0   1   7  0.21 0.24
  339 P   -1 -1 -1 -2 -3  0  0  0  1 -5  0 -1 -1 -3  6 -1 -3 -5 -5 -3    6   3   3   2   1   4   5   7   3   0  10   3   1   1  41   6   1   0   0   1  0.81 0.53
  340 I    1 -1 -2 -1 -2 -1 -2  0  0  1  2 -2  0 -2  1  0 -1  1 -2  0   12   4   1   4   1   3   2   7   3  11  19   2   2   1   6   9   2   2   1   8  0.09 0.12
  341 P    0  1 -4 -3  1 -1  0 -1  0 -4 -1 -4 -4 -5  6  1 -2 -5 -5 -1    7   7   1   1   3   3   5   4   2   1   6   1   0   0  40  11   2   0   0   4  0.85 0.54
  342 A    1  0 -1  0 -1  2  0  0 -1 -3 -2 -1  0 -4  2  2  2 -4 -4 -1   10   4   2   5   1  10   6   7   1   1   3   3   3   0  11  13  15   0   0   3  0.24 0.25
  343 P    0 -2 -3 -2 -1  0  0  0 -1 -4  1 -3  0 -4  5  1 -2  0 -4 -2    7   3   1   3   2   4   6   6   2   0  13   1   3   0  31  12   2   1   0   3  0.54 0.41
  344 V    1  0 -1 -2 -2 -1 -1  1 -2 -1  0 -1 -1 -3  3  1  0 -4 -2  1   11   6   3   2   1   2   4  10   1   4  10   3   1   1  15  13   4   0   1   9  0.18 0.19
  345 R   -1  2 -2 -1 -2  3  0 -3  3 -3 -1 -1  2 -4  3  1 -1 -5 -3 -2    6  11   2   4   1  16   6   2   8   1   6   2   5   0  14   9   3   0   1   2  0.38 0.33
  346 K   -1  2 -2  1  0  1  2 -3  0 -3 -1  2 -2 -4  3 -1 -1 -4 -1 -3    5   9   2   7   2   7  12   1   2   1   6  14   1   0  17   5   4   0   2   2  0.34 0.28
  347 W    0  1 -2 -2 -4 -2  1 -1 -1 -3  2 -1  0 -2  3  0 -1  5 -2 -2    9   7   2   2   0   1  10   5   1   1  19   4   3   1  13   7   3   8   1   2  0.25 0.24
  348 E    0 -2  0  0 -2 -1  3 -1 -2 -4 -1  0 -1 -4  4  1 -1 -2  0 -2    7   2   3   4   1   2  18   5   1   1   7   5   1   0  22  11   3   0   4   3  0.36 0.30
  349 D    0  0 -1  4 -1  1  2 -2  1 -4 -2 -1 -2 -2  3 -1 -2 -1 -3 -2    9   5   2  22   1   6  11   3   3   1   4   4   1   2  15   3   2   1   0   3  0.36 0.29
  350 V    1 -2 -2 -3  5 -1 -1 -1  0 -1  0  0  2 -2  2  1 -1 -2 -1  0   11   2   1   1  13   2   4   4   2   2   8   6   5   2  12  12   3   1   2   6  0.25 0.23
  351 V    0  0  0  0 -2  0 -1 -1  0  0  0 -1  0  0  2  0  1 -3  0  1    8   5   5   5   0   5   4   3   2   4   8   3   3   5  10   4   9   0   3  12  0.04 0.11
  352 A    0  0 -2  0  1  0 -1 -1  2 -1 -1 -1 -2  0  2  0 -1  2  1 -1   10   6   0   4   3   5   3   4   6   4   7   3   0   4  13   6   3   3   5   5  0.08 0.16
  353 A    0  0 -1 -1  2  0  0 -1  1  0 -1 -1 -2  0  3  0  0  1 -2 -1    9   4   2   4   5   4   6   4   4   5   7   3   0   4  16   5   6   2   0   5  0.10 0.16
  354 Q    1  1 -1  0 -3  1  0  0  1 -1  0  0  0 -2  2  0 -2  0 -1  0   13   7   3   4   0   7   4   8   4   2   8   4   3   1  10   6   0   2   2   7  0.06 0.14
  355 P    0  2  0  0  0  0  0  0  0 -2 -1  1 -1 -3  1  1 -1  0 -1 -1    7  12   3   7   2   3   6   7   2   2   6   8   2   0   8  10   2   1   2   5  0.07 0.13
  356 Q    0  0  0  0  0  1  0  0  1 -1 -1  0 -1 -3  3 -1  0 -4 -1  1    9   4   3   7   2   7   5   6   3   2   5   7   1   0  15   4   7   0   2  11  0.15 0.17
  357 R    1  2  0  0 -1  0  0  0  1 -2 -1  0  0 -3  1  0  1 -3 -1 -1   13  12   5   6   2   5   6   7   4   2   5   4   2   0   6   6  11   0   1   5  0.11 0.14
  358 L    0  0 -1  0  0  1  1 -1 -2 -1  0  0  1 -1  1  1 -1  2 -1 -1    9   4   2   4   2   8   8   5   0   4  10   4   4   2   8  15   2   3   2   4  0.08 0.13
  359 D    1 -2 -1  1  0  0  2  0 -1  0  0 -1  0 -1  0  0 -1 -3 -3  0   12   0   2   9   2   3  15   6   1   6  13   3   2   3   4   7   3   0   0   5  0.08 0.14
  360 T   -1  0 -1  1 -4  1  0 -2 -1  0  2 -1  0 -2  3 -2  1 -4 -3  0    3   4   3   8   0   6   6   3   1   4  21   3   2   1  14   2  11   0   0   8  0.19 0.23
  361 A    1 -1 -1  2 -2  2  1 -1 -1 -2  0  1 -1 -3  0  1 -1  1 -3 -3   12   3   2  11   1  12   7   3   1   1  12   8   1   0   4  13   3   2   0   0  0.19 0.24
  362 D   -2 -1  1  3 -1  1 -1 -3 -2 -1  1  0 -3 -4  4  0  0 -5 -4 -3    3   3   6  17   2   8   4   1   1   4  18   4   0   0  19   5   5   0   0   0  0.38 0.35
  363 P   -1  2 -1 -4  1 -4 -4  3 -2 -3 -1  0 -2 -5  4  1 -1 -6 -5 -5    3  13   2   0   4   0   0  25   1   1   6   4   1   0  24  11   3   0   0   0  0.67 0.50
  364 A    2  1 -2  1  0  0  0 -3 -3 -2 -2  1 -1  0  3  1  0 -4 -3 -1   16   7   1   7   2   4   7   0   0   2   3  11   1   4  17  11   4   0   0   3  0.28 0.28
  365 M   -2 -2 -3 -4  1  4  0 -3 -4  2  0 -1  1  0 -4  1  2 -5 -4  0    2   1   0   0   3  22   5   1   0  11  10   3   3   4   0  11  15   0   0   6  0.38 0.38
  366 L   -4 -3 -5 -4  2 -5 -4 -4  0  1  4  0 -2  4 -3 -3 -4 -4  3 -3    0   1   0   1   4   0   1   2   2   6  46   5   0  17   1   2   0   0  11   0  0.84 0.53
  367 Y   -4 -2 -5  2 -2 -2 -1 -4  1 -4 -4 -5 -5  4 -6 -3 -5  2  8 -5    1   3   0  10   1   1   4   1   2   1   1   0   0  16   0   2   0   2  52   0  1.61 0.77
  368 A    2 -2 -1  4 -4 -2  1 -1  0  0 -1 -3 -2 -3 -4 -1  1 -4  1 -1   23   1   2  21   0   1  11   4   2   6   5   0   1   1   0   3  11   0   5   3  0.34 0.31
  369 V   -4 -6 -6 -6 -5 -5 -2 -6 -5  0  2 -6  0  6 -6 -5 -4 -4 -3  5    0   0   0   0   0   0   3   0   0   5  15   0   2  33   0   0   0   0   0  40  1.29 0.65
  370 V   -1 -2 -4 -1 -4 -3 -1 -2 -4  3  1 -4  4  3 -1 -3 -1 -4 -2  3    4   2   0   5   0   0   5   3   0  16  12   0  13  13   3   1   3   0   0  20  0.40 0.30
  371 D   -5 -2  2  6 -6  1  3 -3  2 -6 -6  1 -5 -6 -5 -4  0 -7 -5 -6    0   2   8  48   0   5  16   1   4   0   0   8   0   0   0   0   5   0   0   0  1.22 0.65
  372 G    2  0 -1 -1 -1  0  3  1  3 -2 -2 -1  0 -2 -3  0 -1 -4 -1 -1   16   5   2   3   1   3  25  10   7   2   3   1   3   2   0   8   3   0   2   4  0.26 0.26
  373 V   -2 -1 -3 -3 -2 -3 -3 -2 -3  2  1 -3 -1 -1  1 -1 -2 -2  3  4    1   4   0   1   0   0   1   3   0  12  10   1   0   0   7   3   1   0  12  43  0.43 0.25
  374 P   -1 -2 -1  1 -3 -2 -2 -2 -3 -3  1 -2  0 -3  6 -1 -1 -4 -1 -3    4   2   3   8   0   0   2   3   0   0  18   0   3   0  44   5   3   0   3   1  0.80 0.32
  375 P    0 -3 -2  1 -1 -1 -2 -1  0  0  0 -2  0  1  2 -1 -1 -3  1  3    5   0   0   9   1   1   1   6   2   3   7   2   2   9  12   2   1   0   4  30  0.17 0.16
  376 T   -1  3  3  2 -1  1 -1 -2  0 -3 -2  2 -2 -2  0  0  0 -4 -2 -1    2  19  18  12   1   5   0   2   2   0   4  13   0   2   4   7   4   0   0   6  0.26 0.18
  377 R   -2  4  1  3 -1  1  1 -3  1 -2 -3  1 -2 -1 -3 -1 -2 -3  1 -3    0  26   6  22   1   7   6   0   3   3   0   9   1   3   0   4   0   0   6   0  0.43 0.24
  378 W   -4 -2 -4 -4  0 -1 -4 -4  5  0 -1 -4  1  0 -4 -4 -3 10 -1 -1    1   2   0   1   2   4   1   1  15   5   7   1   3   2   1   1   1  49   0   6  1.71 0.52
  379 K   -1  1  2  0 -4 -1  0 -3  2 -3 -1  5 -2 -4 -3 -1 -1 -4 -3 -3    3   3  13   4   0   0   4   1   5   0   7  51   0   0   1   2   3   0   0   1  0.63 0.32
  380 E    0  2  1 -1 -4  1  3 -3 -2 -3 -3  2  3 -3 -1 -1 -1  0 -3 -3    6  15   8   0   0   6  29   1   0   0   1  13  10   0   3   2   3   1   0   1  0.41 0.24
  381 F   -4 -4 -4 -5 -4 -4 -4 -5 -3 -2  3  0 -2  7 -5 -2 -4 -2  1 -2    0   0   0   0   0   0   0   0   0   0  26   6   0  59   0   4   0   0   2   0  1.24 0.48
  382 M    0 -3 -4 -4 -3 -3 -4  0 -3  0  1 -3  6  4 -1 -3 -2 -2 -1  2    7   0   0   0   0   0   0   7   0   1  10   0  29  20   4   0   0   0   0  20  0.54 0.29
  383 R   -1  7 -3 -3 -5 -1 -2 -4 -2 -4 -4  0 -3 -4  0 -3 -1 -4 -4 -4    4  81   0   0   0   0   0   1   0   0   1   2   0   0   5   1   3   0   0   0  1.57 0.51
  384 L    0  2  0 -2  2  0 -1 -2  2 -1  1  0  0 -1 -2  1  1 -3 -1 -1    6  16   5   0   5   5   0   1   8   2  16   5   3   1   0  10  12   0   2   3  0.12 0.12
  385 L   -1 -3 -4 -4  0 -3 -3 -4  2  3  4 -3  3 -1 -4 -3 -2 -3 -2  0    5   0   0   0   2   0   0   0   7  19  49   0   9   0   0   0   0   0   0   4  0.59 0.27
  386 G   -1 -3 -2 -1 -3 -1  0  5  2 -4 -3 -1 -3 -4  1  0 -2 -3 -3 -4    2   1   0   3   0   2   6  60   5   1   3   2   0   0   7   5   1   0   0   1  0.83 0.29
  387 L   -3 -2 -4 -5 -3 -3 -4 -5 -4  2  5 -4  0 -2  0 -4 -2 -3 -3  2    0   1   0   0   0   0   0   0   0  10  64   0   0   0   4   0   0   0   0  16  0.78 0.32
  388 S    0  1  0  0 -3  0  1 -2 -1 -3 -2  0 -2 -3 -1  3  2  1 -3 -2    8  10   4   3   0   3   9   2   1   0   4   5   0   0   1  28  17   2   0   0  0.28 0.19
  389 E   -3 -3  0  6 -5  0  4 -2 -3 -5 -5 -2 -4 -5  0 -2 -3 -5 -4 -4    0   0   3  49   0   3  34   3   0   0   1   0   0   0   4   0   0   0   0   0  1.16 0.42
  390 H    1 -2  6 -1 -2  0 -2  0  3 -2 -4 -1 -2 -3 -3 -1  2 -2  0 -3   12   1  43   1   1   3   0   6   9   3   1   2   1   1   0   1  12   0   3   0  0.61 0.31
  391 E   -1 -2 -1  4 -4  0  5 -3  2 -3 -4 -1 -2 -4 -3 -1 -2 -4 -1  0    5   0   1  25   0   2  42   1   7   0   1   2   1   0   0   2   2   0   2   8  0.71 0.34
  392 I   -3 -5 -5 -5 -3 -4 -5 -5 -5  7  0 -4  2  1 -5 -4 -3 -4 -3  0    1   0   0   0   0   0   0   1   0  80   5   0   4   5   0   0   0   0   0   2  1.48 0.52
  393 E   -1  1 -1  2 -4  0  5 -3  0 -3  0  2 -3 -4 -3 -2 -2 -4 -2 -2    4   7   2   9   0   1  45   1   2   1  10  12   0   0   0   0   1   0   1   2  0.56 0.30
  394 R    0  3 -1 -2 -3  1 -1 -3 -2  1  0  1  1 -2 -3  1  0 -3 -2 -1    8  23   1   0   0   8   0   1   0  11   9  10   5   1   0  14   3   0   0   3  0.23 0.18
  395 L    3 -1 -2 -3  3 -2 -2 -2  1  2  0 -1 -1 -2 -2 -1  0 -3 -2  2   29   2   0   1   8   0   1   1   4  13  11   4   1   0   1   3   7   0   0  14  0.24 0.18
  396 E   -1  1 -2 -1 -4  0  6 -3 -2 -1 -3  0 -3 -4  0 -2 -1 -4 -3 -2    4   8   0   1   0   1  62   1   0   4   2   3   0   0   5   1   3   0   0   2  0.88 0.39
  397 L   -1  0 -1 -2  0 -1 -2 -2  2  0  2 -1  3  1 -2 -1  0 -1  2  0    3   5   3   1   3   1   2   3   6   2  20   4  15   5   1   4   4   0   9   8  0.13 0.12
  398 Q   -2 -1  1  4 -3  2  4 -1 -2 -3 -2  1 -2 -3 -2 -1 -2  3 -2 -3    1   2   6  23   0  11  29   4   0   1   4   7   0   1   1   3   1   4   1   1  0.49 0.23
  399 N    0 -1  3  1 -3  0  0 -2  5  0 -2 -2 -2  1 -2 -1 -2 -1  0  0    9   2  20   8   0   3   6   2  20   5   3   1   0   7   1   1   1   1   3   8  0.30 0.18
  400 G    0  2  0 -2 -1 -1 -2  2  3 -3 -2  0 -2 -3  4  0 -1  1 -2 -2    7  15   4   1   1   2   1  16   8   1   3   4   0   1  23   5   2   3   0   2  0.40 0.19
  401 R   -1  4  1 -1 -3 -1 -2  1  2 -2 -1  0 -2 -2 -1  0 -1 -3  1 -3    5  33   8   3   0   1   1  12   6   1   7   2   0   0   3   8   2   0   5   1  0.32 0.20
  402 C   -1 -2  2  2  5 -1 -1 -1  0 -2 -2 -2 -2 -2  4  1 -1 -3 -2 -2    5   1  11  12  17   1   2   3   2   1   2   2   1   2  19  13   3   0   1   2  0.44 0.17
  403 L   -1 -1 -2 -2  0 -2 -2 -3  0  2  2 -2  0  2 -1 -1  0 -1  2  0    2   4   2   1   2   1   1   2   3  12  32   1   1   9   3   4   4   0   9   6  0.17 0.10
  404 R   -2  5 -1 -1 -4  0  3 -2 -2 -2 -2  1  1 -3 -3 -2 -1 -3 -2 -2    2  45   2   3   0   2  20   3   0   3   2   4   4   0   1   2   4   0   1   2  0.64 0.28
  405 E   -3 -3 -2  6 -5 -1  5  0 -3 -5 -5 -2 -5 -5 -4 -3 -3 -5 -5 -5    0   0   0  43   0   0  45   8   0   0   0   0   0   0   0   0   0   0   0   0  1.33 0.48
  406 A    3  1 -3 -2 -4  4 -1  1 -3 -4 -4  2 -2 -5  0 -2 -2 -4 -4 -2   34   8   0   1   0  24   1   9   0   0   0  14   1   0   4   0   1   0   0   2  0.56 0.32
  407 H   -3 -1 -2 -3 -2  5 -2  0  5  1 -1 -2 -1  1 -4 -1 -3 -4  0  1    0   3   1   0   1  32   0   8  18   8   4   0   1   6   0   5   0   0   3  11  0.52 0.32
  408 Y   -5 -5 -5 -6 -6 -4 -5 -6  6 -5 -4 -5 -4  1 -6 -5 -5  5  9 -5    0   0   0   0   0   0   0   0  17   0   0   0   0   3   0   0   0   8  72   0  2.42 0.72
  409 S    0 -1 -2  0 -5  5  5 -4 -2 -5 -4  0 -3 -5 -3  1 -3 -5 -1 -4    9   1   1   4   0  28  42   0   0   0   1   3   0   0   0   9   0   0   2   0  0.90 0.41
  410 M   -4 -5 -5 -6 -4 -4 -5  0 -5 -2  3 -5  9 -3 -6 -4 -1 -5 -4 -2    0   0   0   0   0   0   0   8   0   0  21   0  66   0   0   0   4   0   0   1  1.80 0.64
  411 L   -4  1 -6 -6 -4 -4 -5 -6 -5 -1  6 -4 -1 -2 -6 -5 -4 -4 -4 -1    0   8   0   0   0   0   0   0   0   0  91   0   0   0   0   0   0   0   0   1  1.53 0.55
  412 E    0  3  1 -2 -2 -1  0 -3  0 -1  0  3 -2 -1  1 -1 -1 -4 -3 -2    6  18   8   0   1   1   6   0   2   4  11  27   0   3   8   2   2   0   0   2  0.28 0.20
  413 A    0  2  1 -2 -3 -1  1 -2 -1  1  0 -1  0 -2 -3 -1  2 -3 -1  1    9  16   7   0   0   1  13   1   1   9  10   0   2   1   0   1  17   0   2  11  0.16 0.16
  414 W   -6 -7 -8 -8 -6 -6 -7 -7 -6 -6  0 -7 -5 -3 -8 -7 -6 12 -2 -6    0   0   0   0   0   0   0   0   0   0  10   0   0   0   0   0   0  90   0   0  4.22 1.00
  415 R    0  5 -2 -3  1  1 -2 -4 -1 -2  0  2  3 -3 -4 -1 -2 -4 -3  0    7  38   0   0   3   7   0   0   1   2   8  12   9   0   0   5   1   0   0   7  0.51 0.28
  416 R   -1  1  3  0 -2  4  2 -3 -2 -3  0  0 -2 -4 -3 -1 -1 -4 -3 -3    5   6  17   3   1  29  14   1   0   0  13   5   0   0   0   4   2   0   0   0  0.45 0.27
  417 R   -2  4 -1 -1 -4  4 -1 -1  1 -3 -1  3 -1 -3 -3  0  0 -3 -3 -3    1  23   2   2   0  20   1   4   4   0   6  22   1   0   0   5   7   0   0   1  0.48 0.25
  418 T   -1 -1 -1 -2  2  2  1 -1 -2 -1  1  1  2 -1 -2  0  1 -3 -2  0    4   2   1   0   5  15  10   5   0   1  17   8   7   3   0   6  11   0   0   5  0.14 0.14
  419 P    1 -4 -3 -3 -4 -3 -3  6 -4 -3 -5 -3 -4 -5  3 -1 -3 -4 -4 -3   10   0   0   0   0   0   0  64   0   1   1   0   0   0  16   4   0   0   0   1  1.21 0.41
  420 R   -1  4  0 -2 -3  1  0  0 -1 -1  0  2  1 -2 -1 -1 -2 -3 -2 -2    2  33   5   1   0   6   6   7   1   4  10  10   5   1   2   1   1   0   1   2  0.30 0.16
  421 H   -1  2  1  0 -1  0  0  1  4 -2 -2  1 -1 -2 -1  0 -1 -2  0 -2    4  15   9   4   2   4   3  10  17   2   4   9   1   2   2   6   3   1   3   3  0.19 0.08
  422 E    0  0 -1  1 -3  2  3  2  0 -3 -3  1 -2 -3 -2  0 -2 -2 -3 -3   10   5   1   8   0   8  27  18   2   1   2   9   0   1   1   5   1   1   0   1  0.35 0.17
  423 A    6 -2 -2 -3  0 -2 -3 -1 -4 -4 -4 -3 -4 -5 -1  0 -2 -5 -4 -3   80   2   1   1   2   1   0   3   0   0   0   1   0   0   3   6   1   0   0   1  1.20 0.50
  424 T   -1 -3  0  1 -2 -2 -1  1 -3  0 -2 -2 -3 -3 -3  3  4 -4 -3 -2    0   0   4   9   1   0   2  12   0   6   4   2   0   1   0  28  29   0   0   1  0.43 0.27
  425 L   -3 -2 -5 -5 -3 -4 -5 -5 -5  3  4 -4  4 -1 -5 -4 -3 -4 -3  3    0   2   0   0   0   0   0   0   0  19  46   0  10   2   0   0   0   0   0  21  0.83 0.34
  426 D   -3 -2  5  1 -1  1  3  0  0 -2 -4  0 -3  1 -4 -1 -2 -4 -1 -4    0   0  32   8   2   5  25   8   2   2   0   6   0   7   0   1   0   0   2   0  0.57 0.30
  427 V    0  1  0  2 -3  0  1 -2  2 -2  1  1  0 -3 -2 -1  0 -4 -2 -2   10   9   3  14   0   2  11   1   8   0  17  12   2   0   1   1   8   0   0   2  0.17 0.15
  428 V   -3 -5 -6 -6 -3 -5 -5 -6 -5  3  5 -5  0  0 -3 -5 -3 -4 -3  2    0   0   0   0   0   0   0   0   0  16  68   0   0   2   1   0   0   0   0  13  1.08 0.41
  429 G   -2 -2 -3 -4 -1 -3 -3  1 -2  0  4 -3  1  1 -4  1 -2 -2  3 -1    1   1   0   0   1   0   0  12   1   4  45   0   4   5   0  12   0   0  11   2  0.41 0.25
  430 R    2  2 -1  2  3  2  2 -2 -1 -3 -2  0 -2 -4 -3  0 -2 -4 -2 -2   20  12   2  16   7  10  13   1   0   0   3   5   0   0   0   7   0   0   1   2  0.32 0.19
  431 V    4 -3 -3 -3 -3 -2 -1 -2 -2 -1 -2  1 -2 -4 -3  0  1 -4 -3  3   41   0   1   0   0   1   2   2   1   0   0   8   0   0   0   3  10   0   0  30  0.52 0.30
  432 L   -4 -5 -6 -7 -4 -5 -6 -7 -6 -1  6 -5 -1 -2 -6 -5 -4 -4 -4 -2    0   0   0   0   0   0   0   0   0   0 100   0   0   0   0   0   0   0   0   0  1.80 0.59
  433 C   -3  3  2 -1  1  0  2 -3  4 -3  1  0 -1 -2 -3 -1 -2  3 -2 -3    0  23  10   2   4   1  17   1  12   0  15   4   1   1   0   4   0   5   0   0  0.39 0.24
  434 D   -2  2  1  3 -4  3  1 -3  1 -3 -3  2 -3 -4 -3  0 -1 -4  0 -3    1  14   7  23   0  15   8   0   3   1   2  13   0   0   0   7   3   0   3   1  0.44 0.22
  435 M   -4 -3 -5 -6 -4 -4 -5 -6 -5  2  2 -4  9 -1 -6 -5 -4 -4 -4 -2    0   1   0   0   0   0   0   0   0  11  19   0  66   2   0   0   0   0   0   0  1.81 0.61
  436 N   -2 -2  3  5 -1  0  2  2  3 -5 -5 -1 -4 -5 -3 -2 -3 -5 -2 -5    1   1  14  33   2   4  16  19   8   0   0   3   0   0   0   0   0   0   1   0  0.72 0.31
  437 L   -4 -3 -4 -5 -4  4 -2 -5 -4 -1  5 -3 -1 -2 -5 -4 -3 -4 -3 -2    0   1   0   0   0  21   3   0   0   0  74   0   0   0   0   0   0   0   0   0  1.15 0.46
  438 R    0  4  0  1 -1  0 -1  1  0 -3 -1  0 -1 -3 -2  1 -1 -4 -3 -2    6  32   4   7   2   4   1  13   3   0   8   2   2   0   1  13   1   0   0   2  0.31 0.20
  439 G   -2  3 -1 -2 -1 -2 -2  5 -3 -4 -2  0  1 -4 -4 -1 -1 -1 -2 -4    1  18   2   1   1   1   2  52   0   0   3   5   4   0   0   3   4   1   2   0  0.75 0.31
  440 C    2 -5 -4 -5  9 -4 -4 -4 -1  0 -4 -4 -3 -4 -4  1  1 -1 -1 -1   17   0   0   0  50   0   0   0   2   4   0   0   0   0   0  11  10   1   3   3  1.37 0.46
  441 L    4 -3 -3 -4 -3 -3 -3 -2 -1  0  2 -1  0 -3 -3  1 -2 -4  0 -1   51   0   0   0   0   0   0   1   1   5  21   3   2   0   0   9   0   0   4   2  0.54 0.31
  442 E   -3 -3 -3  1 -7  2  7 -5 -3 -6 -6 -2 -5 -6 -4 -3 -4 -6 -5 -5    1   0   0   6   0   7  86   0   0   0   0   0   0   0   0   0   0   0   0   0  1.86 0.61
  443 N    1 -1  4  3  0  0  2 -2 -2 -2 -4  0 -2 -4 -3  0  0 -5 -4 -2   11   2  27  21   3   2  13   0   0   3   0   6   1   0   0   6   6   0   0   1  0.47 0.24
  444 I   -4 -5 -6 -6 -4 -5 -5 -6 -6  6  3 -5 -1 -2 -5 -5 -2 -5 -4  2    0   0   0   0   0   0   0   0   0  65  27   0   0   0   0   0   1   0   0   8  1.31 0.44
  445 R   -1  3 -2 -2 -1  4  3 -4  0  1 -2  0 -1 -4 -3  0 -1 -4 -3  0    4  16   0   0   1  23  25   0   3  10   1   3   1   0   0   5   2   0   0   6  0.45 0.25
  446 E   -1 -1  3  1 -3  1  4 -3  0 -4 -4  0 -3 -5 -3  2  1 -5 -3 -4    2   2  17   6   0   5  35   0   2   0   1   3   0   0   0  18   8   0   0   0  0.60 0.28
  447 T    3  2  0 -1  0 -1 -1 -2  0 -2 -3  4 -3 -3 -3  0  0 -4 -1 -2   31  14   3   2   2   0   2   1   2   1   0  29   0   1   0   4   4   0   2   1  0.41 0.24
  448 L   -2 -4 -6 -6 -4 -4 -5 -6 -5  0  6 -5  0  1 -5 -5 -3  0  0 -1    2   0   0   0   0   0   0   0   0   3  87   0   0   4   0   0   0   1   2   0  1.27 0.42
  449 E   -2  1 -2 -3  2  3  0  0 -2  2  1  0 -1 -3 -2 -1 -2 -4 -3  0    0  10   0   0   6  23   6  10   0  15  16   3   0   0   1   3   0   0   0   7  0.24 0.19
  450 S    2  4  2 -2 -3  1 -2  3 -2 -4 -4  0 -3 -4 -3  2 -2 -4 -3 -3   17  26  10   0   0   5   0  21   0   0   0   3   0   0   0  17   0   0   0   0  0.50 0.23
  451 P    0 -2  0 -1 -4  4 -1  4 -2 -4 -4 -1 -3 -4  3  1 -2 -4 -3 -3    6   1   4   2   0  25   2  34   0   0   0   0   0   0  15   9   0   0   0   1  0.60 0.22
  452 A    3 -2  3  0  0 -2 -2  2 -2 -3 -3 -2 -2 -3 -1  1 -1 -3  0 -2   43   0  18   4   2   0   0  16   0   0   0   0   0   0   1   8   1   0   5   1  0.38 0.15
  453 H    0  1  0 -2 -1  0 -1 -2  3 -3 -3 -1 -2 -2  3  3  1 -3  1 -3    3   9   2   0   1   2   0   0   9   0   1   0   0   1  17  43   5   0   6   0  0.45 0.16
  454 S    1  0 -2 -2 -2 -1 -1 -1 -1 -2  0 -1 -1 -2  4  2  0 -2  1 -1   14   6   0   0   0   1   1   2   1   0  13   0   0   0  22  25   2   0   9   4  0.30 0.10
  455 S    1 -2 -1 -2 -2  1 -1 -2 -2 -1  0 -1 -1 -3  4  2  1 -3 -2  0   12   0   0   0   0   7   0   0   0   0  10   0   0   0  27  27   8   0   0   9  0.44 0.11
  456 T    2  0 -1 -1  0  0  2 -2 -2 -2 -1 -1 -2 -3  0  2  2 -3 -2 -1   24   3   0   0   2   3  22   0   0   0   4   0   0   0   3  22  16   0   0   1  0.27 0.10
  457 T   -1 -3 -2 -2  3 -2 -2 -3 -3 -2 -2 -2 -2 -3  6  1  0 -4 -3  0    1   0   0   0   9   0   0   0   0   0   4   0   0   0  51  17   7   0   0  11  0.96 0.15
  458 H   -1  4 -1 -1  5  0 -1 -2  4 -3 -2  0 -2 -3  0  1 -1 -3 -1 -3    3  39   0   2  21   1   0   1  14   0   2   0   0   0   4  12   0   0   2   0  0.48 0.11
  459 L   -2 -3 -4 -4 -2 -3 -3 -4 -3  1  5 -2  1  1 -4 -2 -2 -2 -1  0    0   0   0   0   0   0   1   0   0   2  89   1   0   4   0   2   0   0   0   0  0.65 0.13
  460 P   -1 -2 -3 -3 -3 -2 -2 -3  1 -1  2 -2  0 -2  6 -1 -2 -3 -2 -1    1   0   0   0   0   1   0   0   6   0  39   0   0   0  48   5   0   0   0   0  0.85 0.10
  461 R   -2  7 -1 -2 -4  0 -1 -3 -1 -4 -3  1 -2 -4 -3 -2 -2 -4 -3 -3    0 100   0   0   0   0   0   0   0   0   0   0   0   0   0   0   0   0   0   0  1.24 0.15

                      K         Lambda
Standard Ungapped    0.1380     0.3223
Standard Gapped      0.0372     0.2670
PSI Ungapped         0.1216     0.3088
PSI Gapped           0.0372     0.2670
