
Last position-specific scoring matrix computed, weighted observed percentages rounded down, information per position, and relative weight of gapless real matches to pseudocounts
           A  R  N  D  C  Q  E  G  H  I  L  K  M  F  P  S  T  W  Y  V   A   R   N   D   C   Q   E   G   H   I   L   K   M   F   P   S   T   W   Y   V
    1 M   -4 -4 -5 -6 -4 -3 -5 -5 -4  0  0 -4 10 -3 -5 -4 -3 -4 -4 -2    0   0   0   0   0   0   0   0   0   3   3   0  94   0   0   0   0   0   0   0  2.36 0.58
    2 A    6 -3 -3 -4 -3 -3 -2 -2 -4 -4 -4 -2 -3 -5 -3  3 -2 -5 -4 -3   75   0   0   0   0   0   1   0   0   0   0   1   0   0   0  23   0   0   0   0  1.20 0.43
    3 Q    0 -2 -2 -2 -2  4  2 -3 -1 -2  2 -2 -1 -2 -3  2  0 -4 -3 -1    9   0   0   0   1  23  16   1   1   0  25   0   0   1   0  16   4   0   0   2  0.37 0.24
    4 Q   -1 -3 -3 -2 -4  3 -1 -2  4 -4 -4 -1 -3 -5  6  1  1 -5 -3 -2    4   0   0   2   0  17   2   2  10   0   1   2   0   0  37   9  11   0   0   4  0.85 0.33
    5 G    2 -2 -2 -1 -3 -1 -1  5 -3 -2 -2 -2  0 -3 -1  0 -1 -3 -2 -2   22   2   1   3   0   3   4  43   0   2   2   1   3   1   2   4   3   0   1   3  0.51 0.20
    6 K   -3 -3 -3 -3 -5 -1 -1 -3 -3 -4 -4  3 -4 -5  7 -2 -1 -5 -4 -4    1   1   0   0   0   3   3   2   0   1   1  19   0   0  60   2   3   0   0   1  1.54 0.46
    7 I    0 -3 -1  2 -3 -2 -2 -2 -3  0  0 -2 -2 -2 -3  4  3 -4 -3 -1    7   0   1  15   0   0   1   1   0   6  12   0   0   1   0  33  17   0   0   2  0.39 0.25
    8 L    2 -2  0  3 -3 -1  2 -2 -2 -3  0 -2  0 -2 -2  2 -1 -4 -3 -2   19   0   5  18   0   1  17   1   1   0  12   1   3   1   1  15   3   0   0   1  0.30 0.20
    9 K   -4  1 -3 -2 -5 -1 -2 -4  0 -5 -5  7 -4 -5 -3 -3 -4 -5 -4 -5    1   4   0   2   0   1   1   0   2   0   1  84   0   0   1   0   0   0   0   0  1.77 0.59
   10 E   -2 -2  1 -2 -5  0  6 -4 -3 -5 -5  1 -1 -6 -4  1  2 -6 -5 -5    3   1   7   0   0   2  54   0   0   0   0   9   2   0   0   8  15   0   0   0  1.00 0.45
   11 Q   -2  5 -1 -3 -5  5 -1 -4 -2 -2 -4  3 -3 -5 -4 -2  1 -5 -4 -2    2  31   2   0   0  26   2   0   0   2   0  21   0   0   0   2  10   0   0   3  0.90 0.41
   12 K   -5  4 -4 -5 -7  0 -3 -5 -4 -7 -6  7 -5 -7 -5 -4 -4 -7 -5 -6    0  22   0   0   0   3   0   0   0   0   0  75   0   0   0   0   0   0   0   0  1.97 0.68
   13 Y   -6 -6 -6 -7 -7 -6 -6 -7 -3 -6 -5 -6 -5 -1 -7 -6 -6 -2 10 -6    0   0   0   0   0   0   0   0   0   0   0   0   0   1   0   0   0   0  99   0  3.46 0.98
   14 D   -6 -6 -3  9 -8 -4 -2 -6 -5 -7 -8 -5 -7 -8 -6 -4 -5 -9 -7 -8    0   0   0 100   0   0   0   0   0   0   0   0   0   0   0   0   0   0   0   0  2.94 0.87
   15 R   -6  9 -5 -6 -8 -3 -4 -7 -4 -7 -6 -2 -6 -7 -6 -5 -5 -7 -6 -7    0 100   0   0   0   0   0   0   0   0   0   0   0   0   0   0   0   0   0   0  2.91 0.88
   16 Q   -5 -3 -4 -5 -8  9 -2 -5 -4 -7 -7 -3 -5 -8 -6 -5 -5 -7 -6 -7    0   0   0   0   0  99   0   1   0   0   0   0   0   0   0   0   0   0   0   0  3.07 1.01
   17 L   -5 -6 -7 -7 -5 -6 -7 -7 -6  1  6 -6 -1 -3 -7 -6 -5 -5 -4 -1    0   0   0   0   0   0   0   0   0   5  92   0   0   0   0   0   0   0   0   3  1.83 0.64
   18 R   -5  8 -4 -5 -7 -3 -4 -6 -4 -6 -6 -2 -5 -6 -6 -5 -5 -6 -5 -6    0  93   0   0   0   0   0   0   0   0   0   0   0   0   0   0   0   0   0   0  2.57 0.84
   19 L   -4 -5 -6 -6 -4 -5 -6 -6 -6  2  6 -5 -1 -3 -6 -5 -4 -5 -4 -2    0   0   0   0   0   0   0   0   0  12  82   0   1   0   0   0   0   0   0   0  1.54 0.58
   20 W   -7 -7 -8 -8 -7 -6 -7 -7 -7 -7 -6 -7 -6 -4 -7 -7 -7 13 -3 -7    0   0   0   0   0   0   0   0   0   0   0   0   0   0   0   0   0  93   0   0  4.67 1.21
   21 G    4 -4 -2 -4 -4 -3 -3  5 -3 -5 -5 -3 -5 -5 -4 -3 -4 -5 -5 -4   40   0   1   1   0   1   1  49   0   0   0   1   0   0   0   0   0   0   0   0  1.23 0.51
   22 D    4 -3 -2  4 -4 -1  2 -3 -4 -4 -5 -2 -4 -5 -2  0 -1 -5 -4 -3   40   1   1  25   0   1  14   0   0   0   0   1   0   0   1   6   4   0   0   1  0.73 0.40
   23 H   -1 -2  0 -2 -3  1  1 -3  7 -4 -2 -3 -2 -4 -3  3  1 -5 -3 -4    5   2   3   2   0   5   7   1  29   0   3   0   1   0   0  28   9   0   0   1  0.73 0.39
   24 G   -4 -6 -4 -5 -6 -5 -6  7 -5 -7 -7 -5 -6 -6 -6 -4 -5 -6 -6 -6    0   0   0   0   0   0   0  94   0   0   0   0   0   0   0   0   0   0   0   0  2.36 0.75
   25 Q   -5 -3 -4 -4 -6  9 -2 -6 -4 -6 -6 -3 -4 -7 -5 -4 -5 -6 -5 -6    0   0   0   0   0  93   0   0   0   0   0   0   0   0   0   0   0   0   0   0  2.71 0.94
   26 E    3  1  0 -1 -3  2  2 -2 -2 -2 -3  0 -3 -4 -3  1  0 -4 -2 -2   28   7   4   2   0  12  14   1   0   2   1   3   0   0   0  13   5   0   1   1  0.33 0.25
   27 A    6  0 -1 -3  0 -2 -3 -2 -4 -3 -1  0 -3 -3 -4  0 -2 -5 -4 -3   64   4   3   1   1   1   1   1   0   1   5   5   0   1   0   6   1   0   0   1  0.85 0.44
   28 L   -4 -5 -6 -6 -4 -5 -6 -6 -6  1  6 -5 -1 -3 -6 -5 -4 -5 -4 -2    0   0   0   0   0   0   0   0   0   6  87   0   1   0   0   0   0   0   0   1  1.61 0.60
   29 E   -3 -3 -4 -2 -6 -2  7 -3 -3 -6 -6 -3 -2 -6 -5 -3 -3 -6 -5 -5    2   1   0   1   0   0  85   2   0   0   0   0   1   0   0   1   1   0   0   0  1.92 0.72
   30 S    0  0  3  1 -4  1  2 -2  0 -4 -3  1 -3 -4 -3  4  0 -4 -3 -4    5   3  13   5   0   5  12   2   2   0   2   9   0   0   0  32   3   0   0   0  0.40 0.27
   31 A    6 -4 -4 -4  0 -4 -4 -2 -4 -4 -4 -4 -4 -5 -4  3  0 -5 -5 -3   60   0   0   0   1   0   0   1   0   0   0   0   0   0   0  26   5   0   0   0  1.14 0.53
   32 H   -4  3  3 -3 -5  0 -2 -4  8 -5 -5  1 -4 -5 -4  2 -2 -5 -2 -5    0  15  13   1   0   3   1   0  39   0   0   7   0   0   0  15   2   0   0   0  1.15 0.49
   33 V   -3 -5 -5 -6 -4 -5 -5 -6 -6  6  0 -5 -2 -3 -5 -5 -3 -5 -4  5    1   0   0   0   0   0   0   0   0  42   5   0   0   0   0   0   0   0   0  46  1.30 0.51
   34 C   -2 -6 -6 -6  9 -5 -6 -6 -6 -3  4 -6 -3 -4 -6 -5 -4 -5 -5 -3    3   0   0   0  50   0   0   0   0   0  40   0   0   0   0   0   0   0   0   1  1.96 0.65
   35 L   -4 -5 -6 -6 -2 -5 -5 -6 -5 -1  6 -5 -1 -2 -5 -5 -4 -5 -4  2    1   0   0   0   1   0   0   0   0   1  75   0   1   0   0   0   0   0   0  15  1.32 0.52
   36 I   -3 -5 -5 -5 -4 -5 -5 -4 -5  5  3 -5 -1 -1 -5 -4 -3 -4 -3  3    1   0   0   0   0   0   0   1   0  40  28   0   0   2   0   0   0   0   0  22  0.97 0.41
   37 N   -4 -4  8 -2 -4 -3 -3  1  0 -6 -6 -3 -5 -6 -4  0 -3 -6 -3 -6    0   0  71   0   0   1   1  11   2   0   0   1   0   0   1   7   1   0   1   0  1.70 0.64
   38 A    4 -4 -2 -4  5 -3 -3  1 -3 -3 -4 -3 -4 -5 -2  3 -2 -5 -4 -1   40   0   2   0  12   0   0   8   0   1   0   0   0   0   1  27   1   0   0   3  0.79 0.41
   39 T   -2 -4  1  1 -1 -3 -3  4 -4 -4 -5 -3 -4 -5 -4  2  5 -5 -4 -4    1   0   6   9   1   0   0  28   0   1   0   0   0   0   0  15  34   0   0   0  0.75 0.40
   40 A    5 -4 -3 -4 -2 -3 -3  1 -4 -3 -4 -3 -4 -5  3  1  0 -5 -4 -1   47   0   0   0   1   0   0  10   0   1   0   0   0   0  17   9   6   0   0   4  0.74 0.39
   41 T    0 -4 -3 -4 -3 -4 -4 -4 -4 -1  0 -4 -2 -4 -3 -1  6 -5 -4  3    9   0   0   0   0   0   0   0   0   2  10   0   0   0   1   3  48   0   0  22  0.82 0.44
   42 G    0 -5 -4 -4 -2 -5 -5  7 -5 -6 -6 -4 -5 -6 -5  0 -4 -2 -6 -5    6   0   0   0   1   0   0  79   0   0   1   0   0   0   0   6   0   1   0   0  1.73 0.60
   43 T    0 -4 -3 -3  5 -3 -4 -4 -4 -1 -3 -4 -3 -4 -4  2  5 -5 -4  3    6   0   0   1  12   0   0   0   0   3   0   0   0   0   0  17  37   0   0  19  0.80 0.43
   44 E   -4 -4 -4 -2 -6  0  7 -5 -4 -6 -6 -3 -5 -6 -5  0 -4 -6 -5 -6    1   0   0   1   0   3  82   0   0   0   0   0   0   0   0   7   0   0   0   0  1.89 0.72
   45 I    2 -4 -4 -4 -4 -4 -3 -4 -5  5 -1 -4 -2 -4 -4 -2  5 -5 -4  0   15   0   0   0   0   0   1   0   0  34   2   0   0   0   0   2  36   0   0   5  0.85 0.44
   46 L   -3 -5 -6 -6 -4 -5 -6 -6 -6  0  6 -5  0 -3 -6 -5 -4 -5 -4 -2    2   0   0   0   0   0   0   0   0   3  88   0   1   0   0   0   0   0   0   1  1.64 0.61
   47 K   -5 -2 -4 -4 -7 -3 -3 -5 -5 -6 -6  8 -5 -7 -5 -4 -4 -6 -6 -6    0   0   0   0   0   0   0   0   0   0   0  97   0   0   0   0   0   0   0   0  2.50 0.83
   48 N   -5 -4  8 -2 -3 -4 -4 -2 -3 -6 -7 -4 -6 -6 -5  2 -3 -7 -6 -6    0   0  81   1   1   0   0   3   0   0   0   0   0   0   0  12   0   0   0   0  2.20 0.75
   49 L   -4 -5 -6 -6 -4 -5 -6 -2 -6  0  6 -5 -1 -3 -6 -5 -3 -5 -4 -2    0   0   0   0   0   0   0   4   0   3  89   0   0   0   0   0   1   0   0   1  1.65 0.60
   50 V   -4 -6 -6 -1 -4 -5 -5 -6 -6  3 -2 -5 -3 -4 -5 -5 -3 -6 -4  7    0   0   0   4   0   0   0   0   0  15   0   0   0   0   0   0   1   0   0  78  1.69 0.61
   51 L   -6 -6 -7 -8 -5 -6 -7 -8 -7 -2  7 -6 -1 -3 -7 -6 -5 -6 -5 -3    0   0   0   0   0   0   0   0   0   0  98   0   0   1   0   0   0   0   0   0  2.18 0.79
   52 P   -2 -7 -6 -6 -7 -6 -6  1 -7 -7 -7 -5 -7 -8  8 -4 -5 -8 -7 -7    4   0   0   0   0   0   0  10   0   0   0   0   0   0  84   1   0   0   0   0  2.71 0.93
   53 G   -4 -7 -4 -6 -2 -6 -6  8 -6 -8 -8 -6 -7 -8 -7 -1 -6 -7 -7 -8    0   0   1   0   1   0   0  94   0   0   0   0   0   0   0   5   0   0   0   0  2.51 0.87
   54 I   -5 -7 -7 -7 -3 -7 -7 -8 -7  8 -3 -4 -2 -3 -7 -6 -5 -7 -5  4    0   0   0   0   0   0   0   0   0  76   0   1   1   1   0   0   0   0   0  21  2.06 0.76
   55 G   -3 -3 -5 -6 -7 -3 -6  7 -1 -8 -8 -3 -7 -7 -6 -3 -6 -7 -7 -7    2   1   0   0   0   1   0  92   1   0   0   1   0   0   0   1   0   0   0   0  2.38 0.84
   56 S    1  1  1 -3  0  1 -1  1  3 -5 -5  1 -4 -5 -4  4 -1 -4 -4 -4   10   6   5   0   2   7   2  10   8   0   0  10   0   0   0  37   1   0   0   0  0.58 0.38
   57 F   -5 -7 -7 -8 -6 -7 -7 -7 -5  1 -3 -7 -4  9 -8 -6 -6 -3  1 -1    0   0   0   0   0   0   0   0   0   8   0   0   0  83   0   0   0   0   3   4  2.58 0.86
   58 T   -2 -5 -4 -5 -2 -5 -3 -6 -4 -4 -5 -5 -5 -4 -5 -1  8 -6 -2 -3    2   0   0   0   1   0   2   0   0   1   1   0   0   1   0   2  88   0   1   1  2.16 0.88
   59 I   -4 -7 -7 -7 -1 -6 -7 -7 -7  8 -2 -6 -2 -3 -6 -6 -4 -6 -5  3    0   0   0   0   1   0   0   0   0  76   2   0   0   0   0   0   1   0   0  18  2.01 0.73
   60 I    1 -5 -5 -6 -1 -2 -5 -5 -3  3  2 -3 -1  0 -5 -4 -3 -5 -1  5   12   0   0   0   1   2   0   0   1  19  15   1   1   3   0   0   0   0   2  43  0.80 0.40
   61 D   -6 -6 -3  9 -8 -5 -2 -6 -6 -8 -8 -5 -8 -8 -6 -3 -6 -9 -8 -8    0   0   0  96   0   0   1   0   0   0   0   0   0   0   0   2   0   0   0   0  2.94 1.03
   62 G   -2 -4  1  3 -5 -2  0  4  1 -6 -6 -1 -5 -6  2  2 -3 -6 -5 -5    3   0   6  16   0   1   6  36   3   0   0   3   0   0  12  14   1   0   0   0  0.76 0.40
   63 N    4 -1  3 -1 -2  0 -1 -1  2 -5 -4  1 -4 -5 -4  2 -1 -5 -4 -3   34   3  12   3   1   3   3   4   5   0   1  10   0   0   0  16   4   0   0   1  0.51 0.34
   64 Q   -2  0 -1 -3 -4  2 -2 -4 -3  2  0  4 -2 -2 -2 -1  2 -4 -4  2    2   4   2   1   0   9   2   0   0  12   7  27   0   1   1   4  14   0   0  13  0.38 0.30
   65 V   -3 -7 -7 -5 -5 -6 -7 -7 -7  1 -2 -7 -3 -5 -7 -6 -1 -7 -6  7    2   0   0   1   0   0   0   0   0   5   2   0   0   0   0   0   3   0   0  88  2.11 0.83
   66 S   -2 -2  0  0  0  0  2 -3 -1 -5 -3 -1 -3 -5 -4  3  5 -6 -5 -4    2   1   4   4   2   4  15   1   1   0   2   3   0   0   0  22  37   0   0   0  0.72 0.45
   67 G   -1 -3 -1  1 -5  1  4  2  1 -1 -1 -1 -4 -3  1 -1 -2 -5 -2 -2    3   0   3   8   0   4  33  16   3   3   6   3   0   1   8   2   2   0   1   2  0.42 0.30
   68 E    3 -1 -2  0 -4  1  4  0 -2 -4 -4 -1 -2 -3 -1  1 -2 -5 -4 -2   23   3   1   4   0   5  29   7   0   1   0   3   1   1   3  13   1   0   0   3  0.46 0.33
   69 D   -6 -3 -2  8 -8 -5 -1 -6 -2 -8 -8 -5 -3 -8 -6 -2 -6 -9 -8 -8    0   1   1  92   0   0   2   0   1   0   0   0   1   0   0   3   0   0   0   0  2.71 0.99
   70 V    2 -4 -6 -3 -1 -5 -5 -4 -6  2  5 -5 -1 -3 -5 -4 -3 -5 -4  2   16   1   0   2   1   0   0   1   0  10  57   0   1   0   0   0   0   0   0  11  0.94 0.47
   71 G   -2 -4 -4 -5 -6 -4 -3  7 -6 -4 -7 -4 -6 -7 -6  0 -3 -6 -7 -7    2   1   0   0   0   1   2  83   0   1   0   1   0   0   0   7   1   0   0   0  2.01 0.77
   72 N   -1 -2  6 -3  0 -1 -3 -2 -2 -1 -4 -3 -3 -5 -5  1 -1 -6 -5  4    4   2  40   0   2   2   1   2   1   3   1   1   1   0   0   8   3   0   0  29  0.92 0.51
   73 N   -6 -5  9 -4 -8 -5 -5 -5 -4 -8 -8 -4 -7 -8 -7 -3 -4 -9 -7 -8    0   0  97   0   0   0   0   0   0   0   0   0   0   0   0   1   1   0   0   0  3.13 1.12
   74 F   -7 -8 -8 -8 -3 -8 -8 -8 -6 -5 -4 -8 -3 10 -9 -7 -7 -4  0 -6    0   0   0   0   1   0   0   0   0   0   0   0   1  96   0   0   0   0   2   0  3.35 1.12
   75 F   -7 -7 -8 -8 -7 -5 -8 -8 -6 -5 -2 -8  4  9 -8 -7 -7 -4 -1 -5    0   0   0   0   0   0   0   0   0   0   3   0   8  87   0   0   0   0   1   0  2.92 1.02
   76 L   -5 -6 -7 -7 -4 -6 -7 -4 -7  0  6 -6 -2 -2 -7 -6 -4 -6 -5  2    0   0   0   0   0   0   0   2   0   3  77   0   0   1   0   0   0   0   0  15  1.60 0.69
   77 Q   -3 -2 -1  6 -6  3  4 -5  0 -6 -5 -1 -4 -6 -5  0  1 -6 -5 -5    1   2   2  38   0  11  26   0   2   0   1   3   0   0   0   6   7   0   0   0  1.03 0.53
   78 K    0  2 -1  1 -3  1  4 -2  1 -4 -4  1 -3 -3  2  0 -1 -3 -2 -3    9  12   2   8   1   5  27   2   3   1   1   7   0   1  10   5   3   0   1   2  0.38 0.28
   79 C    0 -2  0  4 -4  1  2 -2 -1 -5 -5 -1 -4 -2 -4  4  0 -6 -4 -5    8   1   4  23   0   5  13   2   1   0   1   3   0   2   0  31   4   0   0   0  0.64 0.41
   80 S   -2 -3 -2  2  4 -1 -3 -4  1 -6 -6 -3 -3 -4 -5  6 -2  0 -3 -5    3   1   1  11   8   3   0   1   4   0   0   1   1   0   0  63   1   1   1   0  1.26 0.67
   81 I   -4 -3 -6 -6 -3 -4 -4 -7 -3  5  4 -4 -1 -3 -5 -4 -4 -5 -2  2    0   2   0   0   0   0   1   0   1  32  44   1   1   0   0   1   0   0   1  14  1.06 0.50
   82 G   -4 -4 -1 -4 -6 -6 -5  7  1 -7 -7 -5 -7 -7 -6 -4 -6 -6 -7 -7    0   1   3   1   0   0   1  89   3   0   0   0   0   0   0   0   0   0   0   0  2.31 0.86
   83 K   -4  2 -3 -3 -3  3  0 -3  0 -6 -3  6 -2 -6 -5 -1 -2 -6 -5 -5    0  11   1   1   1  14   5   1   2   0   3  54   1   0   0   3   2   0   0   0  1.16 0.58
   84 N   -3 -3  3 -3 -5 -3 -1 -4 -4 -6 -5 -2 -5  0  4  5 -3 -6  0 -5    0   1  12   1   0   1   3   0   0   0   1   2   0   4  19  52   0   0   3   0  1.10 0.61
   85 R   -4  8 -1 -5 -6 -3 -4 -6 -4 -3 -3  2 -5 -6 -5 -4 -4 -6 -5 -5    1  75   3   0   0   0   0   0   0   2   3  13   0   0   0   0   1   0   0   1  1.99 0.79
   86 A    7 -5 -5 -6 -5 -5 -5 -1 -5 -2 -5 -5 -5 -6 -5 -1 -4 -6 -1 -4   86   0   0   0   0   0   0   3   0   3   0   0   0   0   0   3   0   0   2   0  1.88 0.82
   87 Q   -2 -1 -2  0 -5  5  4 -4 -1 -2 -3  3 -4 -4 -3 -1 -2 -5 -4 -1    3   3   1   4   0  24  30   0   1   3   2  16   0   1   1   5   2   0   0   4  0.71 0.43
   88 A    2 -2 -4 -3  6 -1  4 -4 -1 -2 -3 -2 -2 -5 -2  1 -1 -5 -4  1   19   2   0   0  17   2  25   1   2   1   1   2   1   0   2  10   3   0   0  10  0.60 0.39
   89 A    3 -5 -4 -5  6 -4 -3 -4 -5 -1 -1 -4  1 -4 -4 -1  3 -5 -1  2   27   0   0   0  17   0   1   0   0   2   4   0   3   0   0   3  21   0   3  17  0.76 0.44
   90 M    0 -1 -3 -4  7 -2 -2 -4 -5 -2 -2 -1  2 -2 -4 -1  4 -5 -4  2    9   4   0   0  21   1   2   0   0   1   4   4   6   2   0   4  26   0   0  15  0.70 0.41
   91 E    0  4  0 -1 -4  2  4 -3  1 -5 -5  2 -3 -5 -3 -1 -1 -5 -4 -5    7  23   4   2   0   9  31   2   3   0   0  10   0   0   1   4   3   0   0   0  0.71 0.41
   92 F   -4 -3  0 -6 -2 -4 -5 -6  1 -2  5 -3  1  4 -6 -3 -4 -1  2 -3    1   1   4   0   1   0   1   0   3   1  54   2   3  18   0   2   1   1   7   0  0.97 0.48
   93 L   -5 -6 -7 -7 -5 -6 -6 -7 -6  0  7 -6 -1 -4 -3 -6 -2 -5 -5 -3    1   0   0   0   0   0   0   0   0   3  88   0   1   0   2   0   2   0   0   1  1.85 0.76
   94 Q   -1  1  0 -3  0  5 -1 -1 -3 -3  2  1  1 -4 -4 -1 -1 -4 -4 -1    4   7   4   0   2  28   3   6   0   1  22   8   4   0   0   5   3   0   0   5  0.41 0.32
   95 E   -3 -5 -5 -2 -7 -1  8 -6 -5 -7 -7 -4 -3 -7 -2 -5 -5 -7 -6 -6    2   0   0   1   0   1  91   0   0   0   0   0   1   0   2   0   0   0   0   0  2.43 0.98
   96 L   -5 -6 -7 -7 -5 -6 -6 -7 -6 -2  7 -6  3 -4 -6 -6 -5 -6 -5 -3    0   0   0   0   0   0   0   0   0   1  91   0   5   0   0   0   0   0   0   0  2.06 0.81
   97 N   -6 -5  9 -4  0 -5 -5 -5 -4 -7 -7 -5 -1 -7 -6 -4 -5 -7 -6 -7    0   0  93   0   2   0   0   0   0   0   0   0   2   0   0   0   0   0   0   0  2.96 1.09
   98 S   -2 -4 -1  3 -6 -2  1 -4 -5 -3 -5 -4 -5 -2  7  1 -2 -6 -5 -5    2   1   3  16   0   1   8   1   0   2   1   0   0   2  48  10   2   0   0   0  1.28 0.60
   99 D    0 -3 -2  7 -6 -3  3 -1 -2 -6 -4 -4 -4 -5 -5  1 -4 -6 -6 -5    9   1   1  52   0   0  16   5   1   0   2   0   1   1   0  10   0   0   0   0  1.20 0.57
  100 V   -1 -6 -6 -7  1 -6 -6 -6 -7 -2 -2 -6 -4 -5 -6 -5 -3 -6 -5  7    5   0   0   0   2   0   0   0   0   0   2   0   0   0   0   1   1   0   0  86  2.07 0.84
  101 S   -1  1  1  0 -2  2  2 -3  0 -3 -2  3 -2 -4 -3  1  1 -5 -4 -2    3   8   6   5   1  10  16   1   3   2   3  20   1   0   0  11   9   0   0   2  0.36 0.26
  102 G    1 -6 -4 -5 -6 -5 -6  7 -6 -5 -6 -2 -2 -6 -6 -3 -4 -6 -6 -3    9   0   0   0   0   0   0  81   0   1   0   2   1   0   0   1   1   0   0   2  1.94 0.76
  103 S   -2 -1  2  4 -4 -1  1 -2  5 -4 -4  1 -3 -1 -4  1  0 -3 -1 -2    3   3  11  21   0   2   9   2  15   1   1   8   0   2   0  13   6   0   2   2  0.48 0.31
  104 F    3 -5 -5 -6 -2 -5 -5 -3 -1 -5 -4 -5 -4  6 -5  0 -4  7  5 -4   21   0   0   0   1   0   0   2   1   0   0   0   0  32   1   8   1  16  16   0  1.33 0.60
  105 V   -2  0 -2  1 -1 -2 -2 -4 -1  4  0 -3 -1  1 -4 -2 -2 -2  3  3    2   5   2   9   1   1   2   0   2  25   7   1   1   5   0   3   1   1   9  21  0.37 0.26
  106 E   -1 -3 -1  2 -1 -1  3 -4  0 -1 -2 -2 -2 -2  3  0  2 -5 -4  0    3   1   2  10   1   2  24   1   2   3   3   1   1   2  13   7  16   0   0   7  0.39 0.29
  107 E   -1  1 -1  0 -5  1  5 -3 -1 -4 -4  3 -1 -5 -4 -1 -2 -5 -5 -4    6   6   2   4   0   5  42   2   1   1   2  20   2   0   0   5   2   0   0   1  0.79 0.44
  108 S   -2 -2  3  2 -1 -2  0 -2  0 -4 -4 -2 -4 -2  4  3  0 -5 -1 -4    2   2  12  11   2   1   4   3   3   1   1   1   0   2  19  27   6   0   2   1  0.55 0.38
  109 P   -3 -5 -3 -2 -3 -3 -3 -5 -3  2  3 -2 -2 -3  5 -2 -3 -5 -4  2    2   0   1   3   0   1   1   1   1  13  24   2   0   1  34   3   1   0   0  12  0.82 0.45
  110 E    1 -2 -1  3 -5  0  5 -2 -2 -3 -1 -1 -2 -5 -3  1  0 -5 -1 -2   11   1   2  16   0   3  35   2   0   1   6   2   1   0   1   8   5   0   2   3  0.52 0.37
  111 N    0 -1  2  2 -3  3  2 -3  1 -3 -4  1 -2 -4 -1  2  1 -2 -1 -2    7   1   9  12   0  12  16   1   4   1   1   7   1   0   3  14   7   0   2   2  0.34 0.27
  112 L   -3 -4 -4 -5 -4 -5 -5 -5 -5  3  4 -4 -1  2 -4 -4 -2  5  0  2    2   1   1   1   0   0   0   0   0  14  46   1   1   8   1   1   1   8   3  11  0.83 0.42
  113 L   -2 -5 -6 -6 -4 -5 -5 -6 -5  4  5 -5  0  0 -5 -3 -2 -5 -4  0    3   0   0   0   0   0   0   0   0  19  63   0   1   3   0   2   2   0   0   4  1.17 0.55
  114 D    0 -1  0  3 -3  2  3 -2 -1 -2 -3  0 -2 -4  1  1  0 -4 -2 -2    9   2   4  18   0   9  19   3   1   2   2   4   1   0   6  10   5   0   1   2  0.33 0.24
  115 N   -1  0  4  0 -4  1  1 -3  0 -2 -3  2 -2 -4 -3  1  2 -4 -2 -1    3   3  22   4   0   6   8   1   2   2   2  13   1   0   0  12  13   0   1   5  0.39 0.29
  116 D   -2 -1  3  5 -4  1  2 -3 -2 -3 -1 -1 -4 -4 -2  1 -2 -5 -3 -2    2   4  16  30   0   6  11   2   1   1   6   4   0   1   2  10   1   0   1   3  0.54 0.33
  117 P   -2 -3 -3 -1 -4 -2 -1 -1 -3 -1 -1 -2 -3 -2  7 -2 -2 -5 -5  0    3   1   1   4   0   2   4   5   1   3   8   3   1   2  52   3   2   0   0   6  1.10 0.52
  118 S    0 -2  1  3 -4  0  2 -1 -1 -3 -4 -1 -3 -2 -2  3  1 -3 -1 -3    9   1   7  17   0   3  16   5   2   1   0   3   0   2   1  24   7   0   2   1  0.40 0.30
  119 F   -2 -3 -5 -5 -5 -3 -4 -4 -4 -2  1 -2  0  7 -4 -1 -3  3  2 -2    4   2   0   0   0   1   1   1   0   1  13   3   2  53   1   4   1   3   7   3  1.19 0.53
  120 F   -3 -3 -3 -4 -4 -2 -4 -3 -4 -1  2 -1 -1  7 -3 -1 -2  3  1 -2    1   1   1   1   0   2   1   2   0   2  23   4   1  42   2   6   2   4   3   2  0.86 0.42
  121 C    0  0  0  1  2  0  0 -2  2 -3 -2  0 -2 -3  3  2  1 -4 -3 -3    6   6   5   9   5   3   4   2   5   1   4   7   0   1  15  15   9   0   0   1  0.26 0.20
  122 R   -1  2  1 -1 -3  4 -1 -2  1 -3 -3  0 -3 -2  2  1  0 -3  2 -3    5  11   6   3   1  20   3   2   3   1   1   4   0   1  11  12   6   0   9   2  0.36 0.28
  123 F   -5 -4  0 -6  0 -6 -6 -6  2 -4 -4 -4 -4  8 -6 -3  0 -3  4 -5    1   1   5   0   2   0   0   0   5   0   0   1   0  64   0   2   7   0  11   0  1.82 0.73
  124 T   -2 -2  1  0 -4 -1 -3 -4  0 -4  0 -1  2 -4 -4  3  5 -5 -1 -4    1   2   7   5   0   2   0   1   2   0   8   4   5   0   0  18  42   0   2   0  0.70 0.46
  125 I   -2 -5 -6 -6 -1 -5 -5 -6 -3  4  4 -5  2 -1 -5 -5 -2 -5 -3  3    3   0   0   0   1   0   0   0   1  26  40   0   4   2   0   0   2   0   1  20  0.94 0.44
  126 V   -3 -6 -6 -6  0 -6 -6 -7 -6  5  0 -6  0 -4 -6 -5 -4 -6 -5  6    1   0   0   0   2   0   0   0   0  25   8   0   2   0   0   0   0   0   0  59  1.48 0.63
  127 V   -2 -6 -6 -6 -4 -5 -6 -6 -5  6  2 -5  2 -2 -6 -5 -4 -5  1  4    2   0   0   0   0   0   0   0   0  45  16   0   4   1   0   0   0   0   5  25  1.16 0.52
  128 A    5 -4 -3 -4  3 -4 -2  0 -2  0 -2 -4 -2 -4 -4  0  0 -4  3  1   47   0   1   0   5   0   2   6   1   4   2   0   1   0   0   6   4   0  10   9  0.64 0.41
  129 T    1 -4 -2 -3  0 -4 -3 -2  4 -2 -2 -4 -2 -5 -4  2  5 -5 -3  0   11   0   1   1   2   0   0   3   9   2   3   0   1   0   0  18  40   0   1   7  0.73 0.46
  130 Q    0 -2  4  0 -4  5 -2 -2 -1 -5 -3 -3 -4 -2  5 -1 -2 -5 -2 -5    7   1  19   4   0  25   2   2   1   0   2   0   0   2  26   3   2   0   2   0  0.84 0.48
  131 L   -3 -5 -5 -6 -4 -2 -5 -6 -5  3  4 -5  3 -2  2 -4 -2 -2 -2  1    2   0   0   0   0   2   0   0   0  13  46   0   8   1  11   1   3   1   1  10  0.80 0.44
  132 L   -1  1  0  1 -2 -1  0 -3  1  1 -1  0 -1 -3  4  1  0 -4 -2  0    4   7   4   7   1   2   4   1   4   8   4   7   1   1  22   9   6   0   1   6  0.28 0.21
  133 E   -2  2  0  0 -3  2  5 -3 -1 -4 -3 -2 -2 -4  3 -1  0 -5 -3 -4    4   9   3   5   1   7  40   1   1   1   2   1   1   1  13   4   5   0   1   1  0.67 0.43
  134 S   -1  1  0  2 -3  0  2 -2  0 -4 -3  2 -4 -5  2  2 -1 -5 -3 -3    5   8   3  12   1   4  14   2   2   1   3  11   0   0  10  21   2   0   1   2  0.34 0.27
  135 T    0 -2 -1  1 -2  0  0 -3  0  1 -1 -1 -1 -1  0  2  2 -2 -1  0    8   1   2   9   1   5   5   1   2   8   7   2   1   2   3  15  18   0   1   6  0.15 0.17
  136 L   -1 -2 -4 -2  1 -2 -2 -5 -1  1  5 -3  3 -1 -4 -4 -1 -4 -2  0    4   3   0   3   2   2   2   0   1   6  53   1   8   2   0   0   3   0   1   6  0.64 0.35
  137 L   -1 -1 -1  0 -2  2  0 -2 -1  1  2 -1  0 -1 -3 -1  0 -2 -2  1    5   3   2   6   1  10   8   2   2   6  27   3   1   1   0   4   5   0   1  13  0.14 0.15
  138 R    1  3 -1 -1 -2  1 -1 -2 -1 -1  0  3 -2 -4  0  0  0 -2 -3 -1   12  18   2   3   1   7   3   2   1   3   9  22   0   0   4   4   6   1   0   3  0.25 0.21
  139 L   -3 -5 -6 -6 -4 -5 -5 -6 -5  4  5 -5  0 -1 -5 -5 -4 -4 -4  0    2   0   0   0   0   0   0   0   0  20  65   0   2   2   0   0   0   0   0   5  1.23 0.53
  140 A    2 -2 -1  2  3  0  1  0 -2 -1 -2 -1 -3 -4 -3  3 -1 -1 -4 -3   21   1   1  11   6   4   8   6   1   4   4   3   0   0   0  26   3   1   0   1  0.34 0.27
  141 D    0  1  1  2 -3  2  2 -1  0 -3 -2  1 -2 -3 -2  1  0 -4 -3 -3    8   8   5  10   0  11  14   4   2   1   4  10   1   1   2  12   6   0   0   1  0.25 0.18
  142 V   -1 -1 -2 -4 -1 -2 -2 -3  3  2  1 -1 -1  1 -4 -2 -1  1  4  1    6   4   2   0   1   1   3   1   8  16  15   3   0   4   0   2   3   2  19   9  0.32 0.22
  143 L    3 -4 -4 -4  6 -4 -4 -1 -4 -2  4 -4 -2 -3 -4 -1 -1 -4 -1 -2   23   0   0   0  19   0   1   5   0   1  36   0   0   0   0   4   3   0   2   2  0.75 0.40
  144 W   -2  3 -3 -1 -5  1 -1 -2  1 -4 -2  0 -2 -1 -4 -1 -2  9  1 -3    4  18   1   3   0   8   3   3   4   0   3   5   1   2   0   6   2  31   4   1  1.06 0.47
  145 N    0  0  2  1 -4  3  3 -2  1 -3 -3  1 -3 -4  0  1  0 -4 -3 -3    8   4   9   8   0  13  24   2   3   1   2   7   0   0   3  11   4   0   1   1  0.38 0.26
  146 S    2  0  0 -1 -2  0 -2 -3  4 -1  1  1 -1 -1 -2  1 -1 -3  1 -2   19   5   5   3   1   4   1   0  14   3  15   9   1   2   1   9   2   0   4   1  0.22 0.21
  147 Q   -2  1  4  0 -2  1 -1  2  3 -4 -4  2 -4 -4 -3  1 -2 -2 -2 -4    2   6  25   5   1   6   3  13   7   0   2  11   0   0   1  13   1   1   1   1  0.46 0.29
  148 I   -2 -5 -5 -4 -4 -4 -5 -5 -5  6 -1 -2 -1 -2  0 -4  2 -5 -4  4    3   0   0   1   0   0   0   0   0  46   3   2   1   1   5   0  11   0   0  24  0.96 0.46
  149 P   -3 -5 -5 -5 -2 -5 -5 -5 -5 -2 -4 -2  1 -6  8 -2 -2 -6 -6 -4    2   0   0   0   1   0   0   0   0   2   1   3   4   0  78   3   3   0   0   1  2.27 0.84
  150 L   -2 -5 -5 -5 -4 -4 -5 -5 -5  0  5 -5  1  3 -5 -4  0  0 -2  1    2   0   0   0   0   0   0   0   0   4  61   0   2  10   0   0   5   1   1  10  0.97 0.46
  151 L   -2 -5 -5 -5 -4 -5 -5 -5 -5  5  2 -5  0  3 -5 -4 -3 -4 -3  3    2   0   0   0   0   0   0   0   0  39  21   0   2  11   0   0   0   0   0  21  0.97 0.44
  152 I    1 -4 -3 -4  0 -3 -4 -3  1  1 -1 -2 -2  2 -4  0 -2 -1  5  3   14   0   1   0   2   1   0   1   4   8   6   2   1   7   0   8   2   1  21  23  0.46 0.30
  153 C    1 -4 -4 -5  6 -4 -4 -4 -5  4  0 -4  1 -2 -4 -3  0 -4 -3  4   12   0   0   0  17   0   0   1   0  21   6   0   3   1   0   1   6   0   1  28  0.75 0.38
  154 R   -4  6  2 -2 -6  1 -2 -5  6 -6 -5  2 -5 -5 -5 -3 -3 -6 -1 -4    0  50   8   1   0   5   1   0  19   0   0  11   0   0   0   1   1   0   2   1  1.33 0.55
  155 T    0 -4 -1 -4  2 -3 -4 -4 -5 -5 -5 -4 -5 -6 -4  6  4 -6 -5 -3    5   0   2   0   3   1   0   0   0   0   0   0   0   0   0  65  22   0   0   2  1.39 0.64
  156 Y    1 -4 -1 -5 -1 -4 -4 -5 -2  1 -1 -3 -2  1 -5 -1 -3 -2  7  3   13   0   3   0   1   0   0   0   1   8   6   1   0   4   0   5   1   0  36  20  0.78 0.40
  157 G   -4 -6 -4 -5 -7 -6 -6  8 -6 -8 -8 -6 -7 -7 -6 -4 -6 -7 -7 -7    0   0   0   0   0   0   0  98   0   0   0   0   0   0   0   0   0   0   0   0  2.63 0.85
  158 L   -5 -6 -6 -7 -5 -4 -6 -7 -5 -3  4 -6  1  8 -7 -6 -5 -1  1 -3    0   0   0   0   0   1   0   0   0   0  34   0   3  57   0   0   0   1   4   0  1.75 0.63
  159 V   -1 -4 -5 -5 -2 -4 -5 -5 -3  3  1 -4  0  1 -5 -2  1 -3  5  2    5   0   0   0   1   0   0   0   0  21  14   0   1   6   0   2   8   0  26  16  0.70 0.35
  160 G    2 -5 -4 -4 -3 -4 -5  6 -5 -4 -6 -4 -4 -6 -5  2 -3 -6 -6 -5   17   0   0   0   1   0   0  63   0   1   0   0   0   0   0  16   1   0   0   0  1.45 0.58
  161 Y   -2 -2 -4 -3 -3 -3  0 -5  1 -2 -1 -4  1  2 -5  2  0 -2  7 -1    2   2   0   1   0   1   7   0   3   2   6   0   4   6   0  15   6   0  41   3  0.83 0.43
  162 M   -2 -5 -6 -6  0 -5 -5 -6 -5  3  2 -5  5  5 -6 -5 -3 -4 -2  2    2   0   0   0   2   0   0   0   0  14  19   0  17  29   0   0   0   0   0  16  0.98 0.43
  163 R   -3  7  0 -4 -6  0 -3 -4 -2 -6 -6  0 -5  0 -5  1 -2 -6  0 -6    1  67   4   0   0   3   1   1   1   0   0   3   0   4   0  11   2   0   3   0  1.49 0.61
  164 I   -3 -5 -4 -6 -4 -5 -6 -6 -6  6  3 -5 -1 -2 -6 -4 -1 -5 -4  3    1   0   1   0   0   0   0   0   0  46  29   0   0   1   0   1   5   0   0  16  1.12 0.46
  165 I   -1 -2 -2 -3  1  6 -2 -3  0  1 -3 -2 -1 -2 -4  2 -1 -5 -1  1    4   2   1   1   3  37   0   1   2  10   1   1   1   1   0  19   4   0   3  10  0.61 0.40
  166 I   -1 -4 -5 -5 -3 -3 -5 -5 -5  3  3 -3  0  1 -4 -3  0 -4  0  4    5   1   0   0   0   1   0   0   0  19  29   1   1   6   0   1   5   0   2  29  0.64 0.32
  167 K   -2  2  0 -4 -6  1 -2 -3  3 -6 -5  5 -4 -6  5 -2 -2 -6 -4 -4    3  10   4   0   0   5   1   1   8   0   0  34   0   0  30   2   2   0   0   1  1.00 0.46
  168 E   -1 -3 -1 -1 -7 -1  7 -3 -3 -7 -6 -3 -6 -7 -3 -2  0 -7 -6 -6    6   1   2   2   0   1  78   2   0   0   0   0   0   0   1   2   5   0   0   0  1.71 0.70
  169 H   -5 -3 -4 -6 -7 -3 -5 -6 10 -4 -4 -5 -4  4 -7 -4 -2 -5  1 -6    1   1   0   0   0   1   0   0  69   1   1   0   0  18   0   1   3   0   4   0  2.53 0.84
  170 P    0 -3 -2 -3  4 -2 -4 -4 -3 -4 -5 -4 -3 -6  5 -2  5 -6 -5 -2    8   1   1   1   9   2   0   1   1   0   0   0   0   0  27   2  44   0   0   2  1.15 0.54
  171 V   -3 -6 -6 -6 -4 -6 -6 -7 -7  6 -2 -6 -2 -4 -6 -5 -2 -6 -5  5    1   0   0   0   0   0   0   0   0  52   0   0   0   0   0   0   2   0   0  43  1.66 0.62
  172 I   -2 -6 -6 -6 -1 -6 -6 -6 -6  6 -1 -6 -2  0 -6 -5 -1 -6 -4  5    3   0   0   0   1   0   0   0   0  46   1   0   0   3   0   0   3   0   0  42  1.38 0.55
  173 E   -5 -4 -1  5 -7  1  7 -5 -4 -7 -7 -3 -6 -7 -5 -4 -3 -7 -6 -6    0   0   2  28   0   5  62   0   0   0   0   0   0   0   0   0   1   0   0   0  1.73 0.69
  174 S    0 -4 -3 -3 -4 -4 -3 -4 -5 -4 -4 -4 -3 -6 -3  5  5 -6 -5 -4    5   0   1   1   0   0   1   0   0   1   1   0   1   0   1  49  41   0   0   1  1.36 0.64
  175 H   -6 -2 -3 -5 -7 -1 -4 -6 10 -7 -5  3 -6 -6 -6 -4 -6 -7 -1 -7    0   1   1   0   0   2   0   0  75   0   1  18   0   0   0   1   0   0   1   0  2.78 0.90
  176 P   -4 -5 -4 -1 -6 -3 -1 -4 -3 -6 -3 -5 -6 -7  8 -1 -3 -7 -6 -6    1   0   0   4   0   1   4   1   1   0   3   0   0   0  78   6   1   0   0   0  2.24 0.76
  177 D   -4 -4 -2  7 -6 -3  4 -3 -4 -5 -6 -4 -6 -6  0 -3 -4 -7 -6 -6    1   0   1  62   0   0  26   2   0   1   0   0   0   0   5   1   0   0   0   0  1.70 0.64
  178 N   -1 -3  5  0 -1 -1  1 -3  4 -3 -3 -3 -3 -3 -1  1  3 -5 -1 -2    3   0  30   4   1   2   8   1  10   1   2   0   0   1   2   9  20   0   2   2  0.60 0.34
  179 A    3 -1 -1 -2 -3 -1  0 -2 -2 -2 -2  0 -2  2  3  2  0 -4 -2 -2   28   3   2   2   0   2   7   1   0   1   2   5   1   9  13  15   7   0   1   2  0.32 0.24
  180 L   -2 -1 -2 -3 -3  0 -3 -4  1  1  3 -2  1  1 -2 -1  3 -2 -2  0    1   3   2   1   0   5   0   1   4   8  33   2   3   6   2   2  22   0   0   5  0.35 0.24
  181 E   -2 -3 -1  3 -4  2  2 -3  2 -3 -3 -2 -3 -1  4 -1  2 -4  0 -1    2   0   2  16   0   9  14   1   4   1   1   0   0   3  19   4  15   0   4   4  0.46 0.28
  182 D   -5 -5 -1  8 -7 -4 -1 -5 -5 -7 -7 -4 -6 -7 -5  1 -4 -7 -6 -6    0   0   2  85   0   0   2   0   0   0   0   0   0   0   0   8   0   0   0   0  2.31 0.79
  183 L   -5 -6 -7 -7 -5 -6 -6 -7 -5 -1  7 -6 -2  0 -6 -6 -5 -5 -3 -2    0   0   0   0   0   0   0   0   0   2  93   0   0   3   0   0   0   0   0   1  1.91 0.70
  184 R   -5  8 -5 -6 -7 -1 -4 -5 -3 -7 -6 -1  1 -7 -6 -5 -5 -7 -6 -4    0  91   0   0   0   2   0   1   0   0   0   1   3   0   0   0   0   0   0   1  2.51 0.86
  185 L   -5 -6 -7 -7 -5 -6 -6 -7 -2  4  6 -6 -1 -2 -6 -6 -4 -5 -4 -1    0   0   0   0   0   0   0   0   1  19  76   0   0   1   0   0   0   0   0   2  1.55 0.59
  186 D   -3 -3  2  6 -1 -2 -1 -4  1 -3  1 -2 -3 -3 -4 -1  0 -5 -2 -2    1   1   9  44   1   1   3   1   4   1  18   1   0   1   0   4   5   0   2   2  0.71 0.37
  187 K    0  1  4 -1  2  2 -1 -3  2 -4 -4  3 -3 -3 -4  0 -1 -5 -1 -3    9   6  23   2   5  10   3   0   5   1   0  22   0   1   0   5   4   0   2   1  0.48 0.30
  188 P   -2 -6 -6 -6 -7 -5 -5 -6 -6 -7 -4 -5 -3 -8  9 -4 -4 -8 -7 -6    3   0   0   0   0   0   0   0   0   0   2   0   1   0  91   1   1   0   0   0  2.96 0.95
  189 F   -5 -7 -7 -5 -7 -7 -7 -7 -6 -2 -4 -7 -5  7 -3 -7 -4 10 -1 -4    1   0   0   1   0   0   0   0   0   2   0   0   0  50   2   0   1  43   0   1  2.82 0.88
  190 P   -2 -4 -4 -1 -6 -1  0 -4 -2 -6 -5  0 -5 -7  8 -2 -2 -7 -6 -5    4   1   0   3   0   3   7   1   1   0   1   5   0   0  69   3   2   0   0   0  1.89 0.69
  191 E    2 -3 -4 -1 -6  0  6 -2 -1 -5 -5 -1 -5 -6 -3  0 -1 -6 -5 -4   18   0   0   1   0   3  59   3   1   0   0   3   0   0   1   6   4   0   0   0  1.15 0.55
  192 L   -5 -6 -7 -7 -5 -6 -6 -7 -6 -2  7 -6 -2  0 -6 -5 -5 -5 -4 -2    0   0   0   0   0   0   0   0   0   0  93   0   0   4   0   1   0   0   0   2  1.92 0.70
  193 R   -1  2 -2 -2  0  1  1 -3  0  0  1  3 -1 -2 -3  0  0 -4 -2  0    5  12   0   1   2   7   7   0   2   6  15  21   0   1   0   7   5   0   0   8  0.20 0.17
  194 E    1  0  1  1 -1  2  4 -2 -2 -5 -4  2 -4 -5 -3  1 -1 -5 -4 -3   13   5   6   7   1   9  34   2   0   0   0  10   0   0   0   8   2   0   0   1  0.55 0.32
  195 H   -1 -4 -4 -5 -3 -4 -4 -5  6 -3  0 -5  1  6 -5 -3 -4 -3  6 -3    5   1   0   0   0   0   1   0  23   1   7   0   3  31   0   1   1   0  24   1  1.29 0.52
  196 F    4 -4 -4 -5  0 -4 -3 -3 -4  1  0 -4  0  1 -4  0 -1 -5 -3  3   43   0   0   0   2   0   1   1   0   6   7   0   2   5   0   5   2   0   0  25  0.64 0.37
  197 Q    0  0  1  4 -3  3  3 -3 -2 -4 -2  1  0 -4 -3  0 -1 -5 -4 -2    9   5   8  22   0  13  16   0   1   0   4  10   2   0   0   5   3   0   0   2  0.42 0.26
  198 S    0 -3  0 -1 -3  0  1 -2 -3 -4 -4 -2 -4 -5 -3  5  3 -5 -4 -3    6   1   4   2   0   3   7   3   0   0   1   2   0   0   0  50  20   0   0   1  0.83 0.46
  199 Y   -2 -3 -2 -4 -1 -3 -3 -4 -2  4  2 -1  1  3 -4 -2  0 -3  2  1    3   1   1   0   1   1   1   1   1  25  19   5   4  12   0   2   7   0   9   9  0.39 0.23
  200 D   -4 -4  4  7 -6 -2  0 -3 -1 -5 -6 -2 -5 -6 -5 -2 -3 -7 -6 -4    1   0  18  65   0   1   6   1   1   1   1   2   0   0   0   1   1   0   0   1  1.65 0.62
  201 L   -3 -4 -6 -6 -4 -4 -5 -6 -5  3  5 -4  1  3 -5 -5 -4 -4 -1  0    1   0   0   0   0   0   0   0   0  19  57   0   3  11   0   0   0   0   2   4  1.06 0.44
  202 D   -1 -3  2  6 -3 -1  3 -2 -1 -5 -5  0 -5 -5 -3  0  0 -4 -4 -5    5   0  10  43   1   2  18   2   1   0   1   4   0   0   0   7   5   0   0   0  0.88 0.41
  203 H    1 -2  3  0 -3  0  1 -1  2 -2 -3  0 -3 -4 -2  2  2 -4 -3  0    9   1  14   4   0   3   9   4   5   1   2   6   0   0   1  21  12   0   0   7  0.26 0.20
  204 M   -3 -4 -5 -5 -2 -1 -3 -5 -4  0  4 -3  8 -2 -2 -1 -2 -4 -3 -1    2   1   0   0   1   3   1   0   0   4  37   1  38   1   2   4   2   0   1   2  1.09 0.48
  205 E   -3 -4  2  7 -5 -2  1 -3 -2 -5 -6 -2 -5 -6 -1  1  1 -6 -5 -5    1   0   8  55   0   1   7   1   1   0   0   2   0   0   3  12   8   0   0   0  1.18 0.49
  206 K    0 -1  1  3 -3 -1 -1 -2  0 -2 -1  1 -2 -1  3  1 -1 -4 -1 -1    6   2   6  20   0   2   1   2   2   1   7  12   0   3  13  13   3   0   2   5  0.25 0.19
  207 K   -1 -2  0 -1 -4  0  0 -4  6 -1 -3  3  2 -2 -4 -1  2 -4 -1  1    6   1   4   3   0   4   6   0  20   3   1  18   6   1   0   2  13   0   1  10  0.41 0.28
  208 D    1 -2 -2  5 -5  2  4 -3 -2 -3 -4 -1 -4 -5 -4 -1 -2 -5 -4 -1   11   1   1  31   0   8  30   1   0   2   1   4   0   0   0   3   2   0   0   4  0.75 0.38
  209 H   -5 -1 -4 -5 -6 -3 -4 -6 10 -4 -1 -4 -1  0 -6 -5 -4 -5  1 -3    0   3   0   0   0   1   0   0  74   1   7   1   2   4   0   0   1   0   3   2  2.48 0.79
  210 S    1  0 -1 -3  0 -3 -3  4 -4 -3 -4  2 -3 -5 -3  3 -2 -5 -4 -4   13   4   2   0   2   0   0  32   0   1   1  15   0   0   1  28   1   0   0   0  0.69 0.37
  211 H   -6 -4 -3 -3 -7  0 -3 -3 11 -7 -7 -1 -6 -6 -6 -5 -6 -7 -3 -7    0   0   1   1   0   4   1   2  87   0   0   3   0   0   0   0   0   0   0   0  3.25 0.99
  212 T   -3 -5 -5 -5 -4 -5 -5 -6 -6  5  0 -5  1 -2 -5 -4  3 -5 -4  4    0   0   0   0   0   0   0   0   0  34   6   0   3   1   0   0  20   0   0  34  1.06 0.46
  213 P   -4 -6 -6 -6 -7 -6 -5 -6 -6 -7 -7 -5 -7 -8  9 -5 -4 -8 -7 -7    1   0   0   0   0   0   0   0   0   0   0   0   0   0  96   0   1   0   0   0  3.27 1.01
  214 W   -3 -6 -4 -7 -4 -5 -6 -6 -1 -5 -3 -6 -1  3 -7 -3 -5  8  9 -5    2   0   1   0   0   0   0   0   1   0   3   0   2  10   0   2   0  17  61   0  2.25 0.76
  215 I   -2 -5 -4 -6 -4 -5 -5 -5 -6  4  2 -5 -2 -3 -2 -4 -3 -5 -4  5    2   0   1   0   0   0   0   1   0  27  21   0   0   0   2   0   0   0   0  45  1.09 0.46
  216 V   -1 -5 -5 -6 -1 -5 -4 -6 -6  4  2 -5 -1 -3 -5 -4 -2 -5 -2  6    5   0   0   0   1   0   1   0   0  19  17   0   0   0   0   0   1   0   1  53  1.05 0.45
  217 I   -4 -6 -6 -6 -4 -6 -6 -7 -6  7  4 -6 -2 -3 -4 -5 -4  2 -4  1    0   0   0   0   0   0   0   0   0  57  32   0   0   0   1   0   0   2   0   6  1.47 0.56
  218 I   -4 -5 -6 -6 -4 -5 -6 -6 -2  2  6 -5  0  1 -6 -5 -4 -4 -1  1    0   0   0   0   0   0   0   0   1   8  73   0   1   5   0   0   0   0   2   8  1.31 0.52
  219 A    0 -5 -3 -5 -2 -4 -5 -5 -2  3  4 -4 -1  0 -5 -3 -3 -3  3  3    7   0   1   0   1   0   0   0   1  18  36   0   1   2   0   1   0   0  11  21  0.70 0.34
  220 K   -4  3 -2 -4 -6  1 -3 -5  6 -3 -5  6 -4 -5 -5 -4 -4 -5  1 -5    0  12   1   0   0   5   0   0  20   2   1  53   0   0   0   0   0   0   5   0  1.43 0.59
  221 Y    3 -4 -4 -5  1 -3 -4 -4 -1 -1 -1 -4  2  3 -5 -2 -2 -2  6 -1   27   0   1   0   3   1   1   1   1   3   4   0   6  11   0   1   2   0  34   5  0.89 0.43
  222 L    1 -5 -6 -6 -1 -5 -5 -6 -5  0  6 -5  3 -2 -5 -4 -2 -5 -4  0   12   0   0   0   1   0   0   0   0   3  69   0   6   1   0   1   2   0   0   4  1.15 0.49
  223 A   -1 -1  0  3 -5  3  5 -4  1 -4 -2  1 -4 -5 -4  0 -2 -5 -3 -5    4   3   3  15   0  13  40   0   3   0   4   6   0   0   0   5   2   0   1   0  0.74 0.38
  224 Q   -1  1 -1  1 -1  3  3 -4  1 -1 -2  3 -2 -2 -3 -2 -2 -3 -3 -1    4   6   2   6   2  13  25   0   3   5   4  22   0   2   0   1   1   0   0   4  0.43 0.27
  225 W   -7 -6 -8 -8 -7 -6 -7 -7 -7 -7 -6 -7 -6  1 -8 -7 -7 13  0 -7    0   0   0   0   0   0   0   0   0   0   0   0   0   4   0   0   0  90   2   0  4.54 1.21
  226 Y    0  4 -3 -4 -4  1 -2 -4 -3 -2 -3  6 -3 -2 -4 -2 -2 -5  0 -2    8  19   1   0   0   6   1   0   0   3   2  48   0   2   0   1   1   0   4   3  0.88 0.44
  227 S    1  0  1  0 -3  2  1 -3 -1 -3 -1  3 -3 -3 -3  2 -1 -4 -3 -2   15   3   6   3   0  12  10   0   1   1   8  20   0   1   0  15   3   0   0   2  0.30 0.23
  228 E    1 -2  1  0 -2  1  3 -2 -1 -2 -3  1 -2 -4 -2  2  2 -5 -3 -3   12   0   5   4   1   6  23   1   1   2   2   8   1   0   1  19  13   0   0   1  0.37 0.26
  229 T   -4 -2  2 -5 -7 -2 -4 -5 10 -2 -5 -1 -5 -5 -6 -4 -1 -6  0 -5    1   2   9   0   0   1   0   0  71   3   1   3   0   0   0   0   4   0   3   1  2.38 0.81
  230 N   -2 -3  4  4 -4 -1  0  3  1 -5 -5 -2 -4 -5 -3  1 -2 -5 -3 -4    2   1  24  21   0   2   6  26   3   0   1   1   0   0   1  10   1   0   1   1  0.74 0.35
  231 G   -2 -5  2  1 -3 -4 -3  7 -4 -7 -6 -2 -6 -5 -4 -2 -3 -6 -5 -6    2   0  10   8   1   0   1  71   0   0   0   2   0   0   1   2   1   0   0   0  1.53 0.58
  232 R    1  2  2 -1 -1  3  0 -3  0 -3 -3  2 -3 -5 -3  1  0 -5 -4 -3   15  13  12   3   1  16   4   1   1   1   2  16   0   0   0   8   6   0   0   1  0.38 0.26
  233 I   -1 -4 -2 -5 -3 -3 -4 -4 -2  1  3 -3  1  2  3 -2 -2  1  2  0    6   0   3   0   0   1   0   1   1   7  33   1   3  10  17   2   1   2   8   6  0.47 0.27
  234 P   -6 -7 -7 -6 -8 -6 -6 -7 -7 -8 -6 -6 -7 -8  9 -4 -6 -9 -8 -7    0   0   0   0   0   0   0   0   0   0   1   0   0   0  98   1   0   0   0   0  3.38 1.06
  235 K   -1  0 -1 -1 -2  2  1 -3 -2 -2 -2  4 -2 -5 -2  3  2 -5 -4 -3    3   4   1   3   1   8   7   1   1   3   3  24   1   0   1  27  11   0   0   1  0.44 0.31
  236 S   -2 -4  5 -2 -3 -4 -2 -3 -4 -5 -5 -3 -5 -6 -4  3  6 -6 -5 -4    2   0  24   2   0   0   2   1   0   0   0   1   0   0   1  19  47   0   0   0  1.20 0.57
  237 Y   -3  3 -3 -4 -6 -3 -5 -5  0 -4 -4 -3 -3  3 -3  0 -1 -2  8 -4    2  15   1   1   0   1   0   0   1   0   1   1   0   9   1   6   3   0  56   1  1.50 0.61
  238 K    2  0 -1  0 -4  1  2 -3 -2 -2 -4  4 -4 -5  0  1 -1 -5 -4 -2   17   4   3   3   0   5  14   1   1   2   0  34   0   0   3   8   2   0   0   2  0.52 0.32
  239 E   -4 -4 -4  3 -7  1  7 -6 -4 -7 -7 -1 -6 -7 -5 -3 -5 -7 -6 -6    1   0   0  16   0   4  75   0   0   0   0   3   0   0   0   1   0   0   0   0  1.88 0.73
  240 K   -5  3 -2 -5 -1 -1 -3 -5 -2 -6 -6  8 -5 -7 -5 -4 -5 -7 -6 -5    0  12   2   0   1   1   0   0   1   0   0  81   0   0   0   0   0   0   0   1  2.03 0.76
  241 E    0  0  1  0 -2  2  2 -3 -2 -2 -3  3 -3 -5 -3  0  2 -5 -4 -1    6   4   7   4   1  10  15   0   1   2   1  24   0   0   0   7  15   0   0   3  0.40 0.27
  242 D    2 -3 -3  1 -5  3  5 -4 -1 -2 -2 -1 -1 -4 -4 -1 -2 -5 -4 -2   21   0   0   6   0  13  40   0   1   2   3   2   2   1   0   3   2   0   0   3  0.71 0.41
  243 F   -6 -6 -7 -7 -6 -7 -7 -7 -5  0  1 -7 -3  9 -7 -6 -6 -2  0 -1    0   0   0   0   0   0   0   0   0   6  13   0   0  76   0   0   0   0   1   3  2.19 0.73
  244 R   -4  6 -4 -5 -7 -1 -2 -5 -4 -5 -4  6 -3 -6 -5 -4 -3 -6 -5 -4    1  45   0   0   0   2   2   0   0   1   2  46   1   0   0   0   1   0   0   1  1.61 0.64
  245 E    0 -1  0  4 -5  3  3 -3 -1 -5 -4  3 -3 -5 -4  0 -1 -5 -4 -4    9   2   3  20   0  12  23   1   1   0   1  19   0   0   0   6   4   0   0   0  0.62 0.34
  246 L   -1 -3 -2 -4 -1 -2 -3 -3 -2  2  3 -2  5  1 -4  0  0 -3  0 -1    4   1   1   0   1   2   1   2   1  12  34   2  16   6   0   7   5   0   3   2  0.43 0.27
  247 I   -4 -6 -6 -6 -2 -5 -6 -6 -6  6  2 -5  0  1 -6 -5 -4 -5 -3  4    0   0   0   0   1   0   0   0   0  42  17   0   2   6   0   0   0   0   0  32  1.18 0.47
  248 R    0  5 -1 -1 -4  1  1 -3 -3 -3  0  3  0 -4 -3  0 -2  0 -3 -2    7  31   2   2   0   6   9   1   0   1   8  19   2   0   0   6   2   1   0   2  0.47 0.28
  249 Q    2 -1  0  1 -4  3  1 -1 -1 -4 -4  1 -3 -4 -3  3 -1 -4 -4 -4   19   2   4   6   0  13   9   3   1   0   1  10   0   0   0  29   2   0   0   0  0.48 0.30
  250 G    1  0 -1 -2 -2 -1 -1  4  0 -3 -1  1  3  0 -3 -1 -2  0  0 -2   12   4   2   2   1   2   2  31   3   1   6   8  12   4   1   4   1   1   3   1  0.30 0.21
  251 I    1  2 -3 -4 -2 -2 -2 -4 -3  3  0  1  6 -3 -3 -1 -1 -4 -3 -1   14  13   0   1   0   1   1   1   0  16   5  10  25   0   1   5   3   0   0   3  0.52 0.32
  252 L   -2  6 -2 -3 -4 -1 -2 -3 -1 -1  1  1  0 -2 -3 -1 -2  1 -2 -1    2  47   1   1   0   2   2   1   2   3  13   6   3   1   1   5   1   2   1   5  0.67 0.31
  253 K    0  2 -1 -1 -2  0  0 -2 -2 -1 -2  4 -2 -2  0  0  1 -2 -2 -2    8  12   2   2   1   3   4   2   1   3   3  33   1   1   4   5  10   0   1   3  0.33 0.16
  254 N   -1 -1  3  3  0  0  0  0  1 -1 -1  0 -1  0 -1  1  0 -2 -1 -1    4   3  15  18   2   3   3   7   3   5   5   5   1   4   2  10   5   1   1   3  0.14 0.07
  255 E   -1  0  0  0  1  0  3 -1  0 -1 -1  0 -1 -1  0  0  1  0 -1 -1    5   4   3   5   4   2  26   4   2   5   5   5   1   2   4   5  10   1   2   5  0.14 0.07
  256 N   -1 -1  4  1 -2  0  1 -1  2 -2 -1 -1 -1 -1  1  0  0 -1  0 -1    5   3  23   8   1   3   8   4   7   3   5   3   1   2   7   7   5   1   3   3  0.20 0.08
  257 G   -1 -1  3  1 -1  0  0  3 -1 -2 -2 -1 -1 -2 -1  0 -1 -2 -1 -2    4   3  18   8   1   3   4  27   1   3   4   4   1   2   3   5   3   1   2   3  0.27 0.11
  258 A    0 -1  1  0 -2  0 -1  1 -2  0 -1 -1 -1 -1  3  1  0 -1 -2  1    9   2   7   4   1   3   3  10   1   8   5   2   1   2  14   9   7   1   1  10  0.12 0.07
  259 P    0 -1 -1 -1 -3 -1  2 -1 -1 -1 -1 -1 -2  0  4  1  1 -3 -1 -2    7   2   3   3   0   2  18   3   2   3   5   3   0   5  18  13   9   0   2   3  0.26 0.15
  260 E    0 -2  0 -1  0  0  2  3  0  0  0 -1  1 -2  0 -1 -2 -3 -1  0    7   1   5   1   2   3  17  22   3   7   9   2   4   1   5   3   1   0   2   6  0.15 0.13
  261 D   -3 -3 -1  6 -5 -2  1  2 -1 -4 -3 -2 -4 -2 -3  0 -3 -5 -4 -3    1   1   2  49   0   2   7  18   1   1   3   1   0   2   1   6   1   0   0   2  0.89 0.39
  262 E   -3 -4 -2  0 -7 -1  8 -5 -4 -6 -5 -3 -5 -6 -5 -1 -4 -6 -6 -6    2   0   2   3   0   1  85   0   0   0   1   0   0   0   0   4   0   0   0   0  2.03 0.76
  263 E   -4 -2 -4  2 -6  0  7 -5 -4 -6 -3 -3 -4 -4 -5 -3  0 -6 -4 -3    1   2   0  11   0   2  71   0   0   0   3   0   0   1   0   1   5   0   1   2  1.50 0.63
  264 N   -6 -3  9 -3 -7 -4 -4 -5 -4 -2 -7 -4 -6 -7 -6 -4 -4 -7 -6 -7    0   1  94   0   0   0   0   0   0   3   0   0   0   0   0   0   0   0   0   0  2.83 0.93
  265 F   -6 -6 -6 -7 -6 -6 -6 -7 -2 -1 -2 -6 -4  8 -7 -6 -6 -3  5 -3    0   0   0   0   0   0   0   0   1   4   2   0   0  71   0   0   0   0  20   1  2.31 0.75
  266 E   -2 -1 -1  5 -5  0  5 -4 -3 -1 -4  2 -4 -5 -4 -2 -1 -6 -3 -1    3   2   2  29   0   3  35   0   0   4   1  11   0   0   0   2   3   0   1   4  0.78 0.39
  267 E   -3 -4 -4 -2 -8 -2  8 -6 -4 -7 -7 -3 -6 -7 -5 -3 -5 -7 -6 -7    2   0   0   1   0   0  95   0   0   0   0   0   0   0   0   1   0   0   0   0  2.51 0.90
  268 A    7 -5 -5 -6 -4 -5 -5 -1 -6 -5 -5 -5 -5 -6 -5 -3 -2 -6 -6 -3   93   0   0   0   0   0   0   3   0   0   0   0   0   0   0   0   2   0   0   1  2.04 0.78
  269 I    0 -2 -4 -3  1 -2  0 -4 -2  4  1 -1  2 -2 -4 -1 -1 -4 -2  3    6   2   0   1   3   1   6   0   1  30  13   3   5   1   0   4   2   0   1  21  0.40 0.24
  270 K    4  1 -1  0 -4  0  1 -2 -3 -4 -4  3 -3 -5 -3  0  0 -5 -4 -3   34   8   2   5   0   2  11   3   0   0   0  21   0   0   0   7   7   0   0   0  0.52 0.32
  271 N    5 -4  4 -4 -4  3 -3 -2 -1 -4 -4 -2 -2 -4 -4  1 -3 -5 -3 -4   52   0  18   0   0  12   0   2   1   0   1   2   1   1   0   8   0   0   1   0  0.91 0.48
  272 V    3 -4 -5 -5  0 -4 -5 -4 -2  1 -1 -4  1 -2 -5  1 -2 -5 -1  5   22   1   0   0   2   0   0   0   1   5   3   0   3   1   0   9   1   0   2  50  0.80 0.42
  273 N   -2 -1  5 -4 -5 -3 -3 -3  2 -2  1 -4  2  3 -5 -3 -3  5  4 -2    2   3  27   0   0   0   1   2   5   1  16   0   7  13   0   0   1   7  15   2  0.71 0.38
  274 T   -4  5 -3 -4 -5 -2 -3 -4  0 -2 -3  5 -2 -2 -4 -2  3 -6 -4 -4    0  27   0   0   0   0   0   0   2   2   2  40   1   2   0   2  20   0   0   1  1.03 0.50
  275 A    4 -4 -1 -4  4 -3 -3 -3  1 -1 -1 -3 -2 -4 -2  2  1 -5  0  2   35   0   2   0   8   0   0   0   4   2   4   0   1   0   2  15   7   0   3  15  0.50 0.33
  276 L   -3 -5 -5 -6  0 -5 -5 -4 -2  3  3 -5 -1  4 -5 -1 -3  6  1  1    0   0   0   0   2   0   0   1   1  15  28   0   1  20   0   5   0  12   4  11  0.78 0.36
  277 N    1  0  3 -2 -3  2 -2  0  1 -2 -2  0 -2 -3 -3  1  2 -4 -2  0   10   4  16   0   0  11   1   6   4   2   2   6   1   1   1  12  14   0   1   8  0.24 0.21
  278 T    0  0 -3 -3 -3 -1  1 -3 -2 -3 -2  2 -4 -5  6  0  2 -6 -4 -2    6   5   0   1   1   3   9   2   1   1   3  12   0   0  36   5  12   0   0   3  0.72 0.36
  279 T   -2  1 -2 -3 -3 -1 -4 -2  0 -4 -4 -3 -4 -1  4  1  5  0  2 -4    1   7   1   0   0   2   0   3   2   1   1   1   0   3  20  10  38   2   8   0  0.75 0.43
  280 Q   -1  0 -1  0 -4  2  1  1 -1 -3 -3  2 -2 -3 -1  2  2 -4 -4 -2    2   3   2   5   0  10  10  13   2   1   1  16   1   1   3  16  13   0   0   2  0.30 0.22
  281 I   -3 -6 -6 -6 -4 -5 -6 -6 -6  6  2 -5  1 -3 -2 -5 -3 -5 -4  4    2   0   0   0   0   0   0   0   0  46  20   0   2   0   3   0   0   0   0  27  1.19 0.48
  282 P   -3 -1 -3 -4 -6 -5 -4 -1 -5 -6 -7 -3 -6 -7  8  2 -3 -7 -6 -6    1   4   1   1   0   0   1   4   0   0   0   1   0   0  69  18   1   0   0   0  2.01 0.73
  283 S   -1  0 -1  1 -4 -1  0 -1 -2 -4 -4 -2 -3 -2  1  5 -1 -1 -2 -3    4   4   1   9   0   2   5   4   1   0   1   1   0   2   6  52   2   1   2   2  0.67 0.41
  284 S    0 -2  2  3  0 -1  3  0  1 -5 -5 -2 -4 -5 -3  3 -1 -5 -3 -4    5   1  11  15   2   2  23   7   4   0   0   1   0   0   0  24   3   0   0   0  0.56 0.33
  285 I   -2 -5 -6 -6  0 -5 -5 -6 -6  5  2 -5 -2 -3 -5 -4 -1 -5 -4  5    3   0   0   0   2   0   0   0   0  33  18   0   0   0   0   0   3   0   0  39  1.08 0.45
  286 E   -1  3 -2 -2 -4  4  1 -4 -1 -2 -1  4  1 -4 -4  0 -2  0 -2 -2    6  16   0   1   0  19   9   0   1   2   6  24   3   0   0   6   1   1   1   2  0.50 0.31
  287 D    1 -2  1  3 -3  4  4 -3 -2 -5 -4  1 -4 -5 -3  0 -1 -3 -2 -4   14   1   6  14   1  19  26   1   1   0   1   6   0   0   1   5   3   0   1   0  0.59 0.34
  288 I   -3 -5 -6 -6 -4 -5 -6 -6 -6  6  3 -5  1 -3 -6 -5 -3 -5 -4  4    1   0   0   0   0   0   0   0   0  42  31   0   2   0   0   0   1   0   0  23  1.21 0.48
  289 F   -5 -6 -6 -7 -1 -6 -6 -6 -5  1  4 -6  1  7 -6 -5 -5 -3 -1 -2    0   0   0   0   2   0   0   0   0   8  34   0   3  49   0   0   0   0   1   1  1.48 0.55
  290 N   -1 -2  5  2 -5  1  4 -3  0 -4 -4  1 -3 -4 -4  0 -1 -5 -2 -4    5   1  28  13   0   6  24   1   2   0   1   7   1   0   0   7   3   0   1   0  0.66 0.34
  291 D   -1 -3 -1  7 -3 -3 -1 -4  2 -4 -3 -3  2 -3 -5 -1 -3 -5  2 -4    5   1   1  59   1   0   3   0   5   1   2   1   6   1   0   5   1   0   8   0  1.20 0.52
  292 D    0 -2  0  3 -2 -1  2 -2 -2 -2 -3 -1 -3 -4  5  0 -1 -4 -3 -3    7   1   4  21   1   2  15   2   1   2   2   2   0   0  26   8   3   0   1   1  0.59 0.28
  293 R    1  2  0 -1  2  2  1 -2  2 -3 -3  2 -2 -3 -1  2 -1 -4 -3 -3   11  12   4   3   5   9   9   2   5   1   1  12   1   1   3  19   3   0   0   0  0.27 0.20
  294 C    2 -4 -4 -4  9 -3 -3 -4 -2 -1 -1 -3 -3 -4 -4  0  0 -4 -4  0   15   1   0   1  48   1   2   1   1   3   7   1   0   1   1   6   4   0   0   6  1.35 0.50
  295 I    0  0  0  0 -1  2  1 -2 -1  1  0  1 -1 -3 -2  0  1 -3 -2  0    9   4   3   6   1  10   8   1   1  12   7  11   1   0   1   7   9   0   0   7  0.10 0.11
  296 N   -3 -2  6  2 -2  1  2 -2  2 -5 -3  0 -3 -5 -2  1 -1 -5 -4 -4    1   0  40   9   1   6  13   2   5   0   2   5   0   0   2   8   4   0   0   1  0.75 0.38
  297 I   -2 -3 -4 -3 -2 -2 -2 -2 -4  3  4 -3  0 -2  0 -2 -2 -4 -3  3    3   1   0   2   0   2   2   3   0  18  41   1   1   0   5   3   1   0   0  18  0.52 0.28
  298 T   -1 -1  3  1 -2  0 -1 -2  1 -4 -4 -1 -2 -4 -3  3  4 -5 -3 -3    4   3  13   9   1   4   2   3   3   0   1   2   1   1   1  20  33   0   0   0  0.56 0.34
  299 K    2 -1 -1 -2 -4  1  2 -2  1 -3 -3  2 -3 -4  3  3  0 -3 -4 -2   16   2   1   1   0   4  15   1   3   1   1  12   0   0  12  21   4   0   0   3  0.39 0.26
  300 Q   -1 -1  3  2 -1  3  1 -2 -2 -4 -3  2 -2 -5 -2  2  1 -5 -4 -4    3   1  15  10   1  14  10   2   1   1   2  13   1   0   1  17   9   0   0   0  0.42 0.28
  301 T   -2 -2 -1 -2 -4 -3 -4 -3 -3 -4 -4 -1 -3 -5 -3  6  3 -6 -3 -3    0   2   2   1   0   1   0   1   0   1   2   4   0   0   1  65  17   0   1   2  1.20 0.59
  302 P    0 -3 -1  0 -4  0 -1 -1 -2 -5 -3  1 -3 -4  4  4  0 -5 -4 -4    7   1   2   6   0   3   3   3   1   0   2   8   0   0  18  39   6   0   0   0  0.63 0.37
  303 S   -1 -3  3  3 -4 -1 -1 -2 -2 -1 -3 -2 -2 -4  4  3  0 -5 -2 -2    5   1  15  16   0   2   3   3   1   4   1   1   1   0  19  21   5   0   1   2  0.49 0.29
  304 F   -7 -7 -7 -8 -7 -7 -8 -8 -6 -4 -2 -7 -4  9 -8 -7 -6 -3  0 -5    0   0   0   0   0   0   0   0   0   0   2   0   0  95   0   0   0   0   1   0  3.11 0.95
  305 W   -8 -8 -8 -9 -7 -5 -8 -8  0 -7 -6 -8 -6  2 -9 -8 -7 13 -1 -8    0   0   0   0   0   1   0   0   2   0   0   0   0   6   0   0   0  89   1   0  4.52 1.24
  306 I   -3 -5 -4 -6 -4 -4 -6 -6  2  6  1 -4 -1  0 -6 -5 -3 -5 -3  4    1   0   1   0   0   0   0   0   6  50  12   0   0   4   0   0   1   0   1  24  1.14 0.47
  307 L   -4 -5 -6 -6 -3 -4 -6 -7 -5  5  4 -4  6 -1 -6 -5 -4 -5 -1  0    0   0   0   0   0   1   0   0   0  30  42   1  18   2   0   0   0   0   2   3  1.18 0.49
  308 A    5 -5 -5 -5  3 -4 -4 -4 -5  1  1 -4 -2 -4 -4 -1  0 -5 -4  3   45   0   0   0   7   0   0   0   0   6  11   0   0   0   0   2   5   0   0  24  0.81 0.43
  309 R    3  4  1 -1 -3 -2  0 -3  4 -5 -4  2 -3 -5 -4  0 -3 -5 -4 -4   29  22   6   3   0   1   5   1  12   0   1  13   1   0   0   7   0   0   0   0  0.62 0.36
  310 A    7 -5 -5 -6 -1 -5 -5 -1 -6 -5 -6 -5 -5 -6 -5 -1 -1 -7 -6 -4   89   0   0   0   1   0   0   3   0   0   0   0   0   0   0   3   3   0   0   0  1.90 0.76
  311 L   -4 -6 -7 -7 -4 -6 -6 -7 -6  2  5 -6 -1 -3 -6 -5 -4 -5 -4  4    0   0   0   0   0   0   0   0   0  11  59   0   1   0   0   0   0   0   0  29  1.33 0.54
  312 K   -2  4 -2 -4 -6 -1 -2 -3 -1 -6 -6  6 -4 -6 -5  0 -4 -6 -5 -6    3  25   2   0   0   2   1   1   2   0   0  57   0   0   0   7   0   0   0   0  1.39 0.59
  313 E   -1  2 -1  3 -3  3  4 -3  0 -4 -3  0 -1 -5 -4 -1 -1 -5 -4 -3    6  13   2  16   1  13  30   1   2   0   3   5   1   0   0   3   3   0   0   1  0.58 0.33
  314 F   -7 -7 -7 -8 -7 -8 -8 -8 -5 -5 -4 -8 -4  9 -8 -7 -7 -3  2 -5    0   0   0   0   0   0   0   0   0   0   0   0   0  94   0   0   0   0   6   0  3.14 0.95
  315 V   -2 -4 -5 -5 -3 -4 -5 -5  0  2  0 -4  1 -2 -5 -3  1 -2  5  5    2   1   0   0   0   0   0   0   2  12   6   0   3   1   0   1   8   0  21  41  0.85 0.41
  316 A    2 -1  0  2 -3  1  3 -2 -1 -1 -2 -1 -2 -3 -3  1  0 -4 -2 -2   21   3   5  11   0   5  23   1   2   4   4   2   1   1   0   8   5   0   1   3  0.28 0.20
  317 K   -1  0  5 -1 -3  1  1 -3  1 -3 -3  3 -3 -4 -2  0  0 -5 -4 -3    5   4  33   2   0   6   7   1   3   1   2  21   0   0   1   5   5   0   0   2  0.60 0.32
  318 E   -3 -3  0 -1 -5  0  6 -4  6 -5 -4 -2 -4 -4  0 -1 -3 -4 -1 -4    2   1   4   3   0   2  49   1  22   1   2   2   0   1   5   4   1   0   1   1  1.10 0.46
  319 G   -1 -2  3 -1 -2 -2 -1  5 -2 -3 -3 -2 -3 -3  2  0 -1 -3 -3 -2    4   2  14   2   1   1   4  46   1   1   2   2   1   1   9   5   4   0   1   3  0.67 0.26
  320 Q    0  0  2  2 -1  2  0  1  2 -3 -2  0 -2 -2 -1  0  0 -2  0 -2    8   3  14  10   1  12   3  12   7   1   3   6   1   1   3   4   5   0   3   2  0.19 0.12
  321 G   -2 -3  0 -3 -4  1 -2  6  1 -5 -4 -1 -4 -4 -4 -2 -3 -4 -3 -4    2   1   5   1   0   5   3  66   4   1   2   4   0   0   1   2   1   0   1   1  1.20 0.44
  322 N   -1  1  1 -1  2  0  1 -3 -2  0  1 -1  0 -1 -2  0  1 -3  0  1    5   7   7   2   5   3  12   0   0   2  17   3   1   2   1   6   8   0   3  14  0.09 0.12
  323 L   -1 -5 -6 -7 -5 -5 -6 -6 -6 -2  6 -6  1 -2  0 -5 -4 -5 -4 -1    6   0   0   0   0   0   0   0   0   0  82   0   2   1   5   0   1   0   0   2  1.49 0.60
  324 P   -5 -7 -6 -6 -7 -6 -6 -7 -7 -7 -5 -6 -7 -8  9 -5 -6 -8 -7 -7    0   0   0   0   0   0   0   0   0   0   1   0   0   0  98   0   0   0   0   0  3.34 1.03
  325 V   -4 -5 -6 -6 -4 -4 -6 -7 -1 -1  6 -5  0 -3 -6 -4 -3 -5 -4  3    0   0   0   0   0   1   0   0   2   1  70   0   1   0   0   1   1   0   0  22  1.33 0.55
  326 R   -2  4 -3 -2 -5 -1  1 -4 -1 -4 -4  0 -4 -5  5  2  1 -5 -5 -3    3  21   0   1   0   2  11   0   1   0   1   5   0   0  29  16   8   0   0   1  0.77 0.39
  327 G   -2 -6 -4 -5 -6 -5 -6  7 -6 -7 -7 -5 -6 -7 -2 -1 -3 -6 -4 -7    2   0   0   0   0   0   0  89   0   0   0   0   0   0   2   5   1   0   1   0  2.18 0.74
  328 T    1 -3  0 -2 -3 -3 -3  0 -2 -2 -2 -1 -2 -4 -4  4  4 -5 -4  1   11   1   4   2   0   0   1   5   1   2   2   4   0   0   0  32  26   0   0   9  0.52 0.34
  329 I   -4 -5 -6 -6 -4 -5 -6 -7 -6  5  5 -5  0 -2 -4 -5 -4 -5 -4  2    0   0   0   0   0   0   0   0   0  33  51   0   1   0   1   0   0   0   0  12  1.24 0.49
  330 P   -5 -6 -6 -6 -7 -6 -5 -6 -6 -7 -6 -5 -7 -8  9 -5 -5 -8 -7 -7    1   0   0   0   0   0   0   0   0   0   0   0   0   0  97   0   0   0   0   0  3.30 1.01
  331 D   -6 -6 -3  9 -8 -5 -3 -6 -5 -7 -8 -5 -7 -8 -6 -5 -5 -8 -7 -7    0   0   0  99   0   0   0   0   0   0   0   0   0   0   0   0   0   0   0   0  2.97 0.95
  332 M   -6 -6 -7 -8 -6 -5 -7 -7 -6 -2 -2 -6 11 -5 -7 -6 -5 -6 -6 -4    0   0   0   0   0   0   0   0   0   1   2   0  96   0   0   0   0   0   0   0  3.62 1.13
  333 I   -1 -2 -1 -4 -5 -2 -1 -4  3  2 -4  5 -3 -3 -4 -2  4 -5 -4 -3    6   1   2   0   0   1   3   0   8  11   0  34   0   1   0   1  33   0   0   1  0.82 0.45
  334 A    6 -5 -4 -5  0 -4 -4 -4 -5 -5 -6 -4 -5 -6 -5  5 -1 -6 -5 -4   58   0   0   0   2   0   0   0   0   0   0   0   0   0   0  37   3   0   0   0  1.47 0.66
  335 D   -3 -2  0  6 -5  3  0 -4 -1 -5 -4 -2 -4 -2 -4  3  0 -6 -5 -5    1   2   3  44   0  13   5   0   1   0   2   2   0   2   0  20   5   0   0   0  0.93 0.46
  336 S   -3 -5 -4 -5 -5 -4 -4 -5 -5 -5 -6 -4 -5 -6 -4  5  6 -7 -6 -5    0   0   0   0   0   0   0   0   0   0   0   0   0   0   0  43  56   0   0   0  1.81 0.77
  337 N    1 -2  2  2 -3  1  4  0 -1 -4 -4  1 -4 -4 -3  1  0 -5 -4 -3   10   1   8  10   0   7  30   6   1   1   1   7   0   0   0  11   4   0   0   2  0.44 0.27
  338 K   -1  2  1  1 -2  0 -1 -2  2 -2 -2  2 -2 -3 -3  2  0 -4  0  0    3  13   6   8   1   3   2   2   6   1   2  15   1   1   0  18   6   0   3  10  0.21 0.19
  339 Y   -6 -6 -7 -8 -7 -6 -7 -7 -3 -6 -5 -6 -5  3 -7 -6 -6 -2 10 -6    0   0   0   0   0   0   0   0   0   0   0   0   0  10   0   0   0   0  89   0  3.21 1.01
  340 I   -4 -6 -6 -6 -4 -6 -6 -7 -6  7  0 -6 -2 -4 -6 -4 -1 -6 -5  5    0   0   0   0   0   0   0   0   0  55   5   0   0   0   0   1   3   0   0  35  1.56 0.58
  341 K    1  1  2 -2 -2  2 -1 -2  3 -4 -4  4 -3 -4 -3  0  2 -1 -3 -3   11   6  10   0   1  11   3   2   8   0   1  25   0   0   0   7  12   1   0   2  0.44 0.29
  342 L   -5 -6 -7 -7 -5 -6 -7 -7 -7  0  7 -6 -1 -3 -7 -6 -5 -5 -5 -2    0   0   0   0   0   0   0   0   0   3  95   0   1   0   0   0   0   0   0   1  2.00 0.72
  343 Q   -1 -3 -4 -5 -7  9 -3 -6 -4 -7 -4 -2 -5 -7 -6 -3 -5 -6 -6 -6    5   0   0   0   0  90   0   0   0   0   1   2   0   0   0   1   0   0   0   0  2.64 0.97
  344 N   -3  1  6 -2 -5  2 -1 -2  1 -5 -5  3 -3 -5 -4  0  1 -6 -4 -3    1   7  38   0   0  11   2   3   3   0   0  17   0   0   0   6   9   0   0   2  0.82 0.42
  345 V   -3 -5 -6 -6 -3 -5 -6 -6 -4  6  2 -4  1 -3 -6 -5 -2 -5 -4  3    1   0   0   0   0   0   0   0   0  53  19   1   3   0   0   0   2   0   0  19  1.22 0.49
  346 Y   -6 -5 -7 -7 -7 -6 -7 -7 -1 -6 -5 -6 -5  2 -7 -6 -6 -2 10 -6    0   0   0   0   0   0   0   0   1   0   0   0   0   7   0   0   0   0  90   0  3.21 1.01
  347 R   -2  5 -2 -4 -6  3 -3 -5  4 -5 -3  5 -3 -5 -5 -3 -4 -6 -2 -4    3  29   1   0   0  12   0   0   9   0   3  39   0   0   0   1   0   0   1   1  1.14 0.53
  348 E    2  0  0  1 -4  2  3 -3 -2 -4 -4  2 -3 -5 -2  1  1 -5 -4 -4   20   3   4   8   0  10  22   1   1   0   0  10   0   0   1   9  10   0   0   0  0.46 0.30
  349 K   -3  2 -4 -5 -7  5 -2 -6 -2 -7 -6  7 -5 -7 -5 -3 -5 -7 -6 -6    2   9   0   0   0  22   1   0   1   0   0  65   0   0   0   1   0   0   0   0  1.77 0.73
  350 A    7 -6 -6 -6 -5 -5 -5 -4 -1 -6 -6 -5 -5 -3 -5  0 -4 -7 -3 -4   90   0   0   0   0   0   0   0   1   0   0   0   0   1   0   7   0   0   1   0  1.97 0.81
  351 K    0  4 -1  0 -5  1  3 -4 -1 -2  0  2  0 -4 -4 -2 -3 -3 -3 -1    8  25   2   4   0   5  22   0   1   2  10  12   3   0   0   2   0   0   0   4  0.45 0.30
  352 K    2  1 -1 -2 -4  3  2 -3  1 -4 -3  3 -2 -5 -4  1 -1 -5 -3 -2   21   7   2   1   0  14  14   0   3   1   1  20   1   0   0  10   2   0   0   2  0.48 0.32
  353 D   -4 -6 -3  8 -3 -4  1 -6 -3 -7 -8 -5 -7 -8 -6 -5 -5 -8 -7 -7    1   0   0  88   1   0   8   0   1   0   0   0   0   0   0   0   0   0   0   0  2.53 0.88
  354 A    4 -2 -4 -4  2  0 -3 -4 -4  1  1  0 -1  1 -4 -2 -2 -4 -1  2   35   2   0   0   4   6   0   0   0   6  11   7   1   7   0   1   1   0   2  17  0.40 0.29
  355 A    3 -2 -1  1 -3  1  2 -2 -1 -2  0  0 -3 -3 -3  1 -1 -5 -4 -2   30   1   3   7   0   7  17   2   1   2  11   7   0   0   0   8   3   0   0   1  0.31 0.25
  356 A    3 -2 -1 -1 -1  1  3 -3 -2  1 -1 -1 -2 -2 -3 -1 -2 -4 -3  1   24   1   2   3   1   6  26   0   1   8   7   4   0   1   0   3   2   0   0  10  0.33 0.26
  357 V   -4 -6 -6 -6 -4 -5 -6 -6 -6  2  0 -5  2  4 -6 -5 -3 -5 -2  6    0   0   0   0   0   0   0   0   0  10   5   0   5  20   0   0   0   0   0  57  1.31 0.54
  358 G   -1  0 -2 -2 -2 -1  1 -1  2 -2  1  2 -1  0 -3  0  1  3  1 -1    5   5   0   0   1   2  13   5   6   1  14  13   1   4   0   5  12   5   6   2  0.14 0.16
  359 N    0  2  2  0 -4  2  2  0  1 -4 -3  2 -3 -4 -3  1 -1 -4 -2 -3    8  12  10   5   0  10  13   7   4   1   1  10   0   0   0  13   3   0   1   2  0.32 0.21
  360 H   -2  3 -2 -4 -1 -1 -2 -4  5  1  0  0 -2 -1 -4 -1  1 -3  3 -2    2  20   1   0   2   2   2   1  17  10   9   5   1   2   0   3  10   0  12   1  0.47 0.29
  361 V    1 -5 -5 -6  0 -5 -5 -5 -5  1  2 -5 -1 -4 -5 -3  1 -5 -4  6    9   0   0   0   2   0   0   0   0   4  18   0   1   0   0   1   8   0   0  56  1.01 0.47
  362 A    0  5 -1 -1 -2  3  0 -3  1 -2 -1  2 -2 -3 -4  0 -2 -4 -1 -4    9  30   3   3   1  16   5   1   3   2   6  10   1   1   0   6   2   0   2   0  0.47 0.29
  363 K    0  1  2  0 -2  4  2 -1  0 -4 -4  2 -2 -3 -3  1 -1 -4 -3 -3    8   6   8   5   1  18  14   4   2   0   1  15   1   1   0  12   2   0   0   1  0.38 0.24
  364 L   -1 -2 -3 -3 -2 -3 -3 -4  0  4  3 -3  0  0 -4 -3  1 -3  0  1    4   2   1   1   1   0   1   1   2  28  33   1   1   3   1   1   8   0   3   8  0.50 0.26
  365 L   -1 -3 -4 -3 -1 -2  2 -4 -3  0  5 -3  0 -2 -3 -3 -2 -3 -3  1    4   1   1   1   1   1  14   1   0   3  57   1   1   1   1   2   2   0   1   8  0.68 0.32
  366 Q    0  1  0  0 -1  3  1 -1  1 -3 -2  3 -2 -3 -2  0  0 -3 -2 -1    9   8   3   5   1  15   8   4   3   1   2  19   0   1   1   8   5   0   1   4  0.25 0.16
  367 S   -1  1  0  0 -1  3  2 -1 -2 -2 -3  2 -2 -3 -2  2 -1 -3 -3 -2    5   7   4   3   1  17  12   5   1   2   2  13   1   1   1  20   2   0   1   2  0.31 0.20
  368 C    0  0 -3 -3 -2 -1 -2 -3 -2  3  3 -2  0 -1 -3 -2 -1 -3 -2  2    6   5   1   1   1   3   2   2   1  21  33   1   1   2   1   2   3   0   1  13  0.35 0.19
  369 G   -1 -2  1 -1 -3 -1 -2  6 -1 -4 -4 -1 -2 -4 -2  0 -2 -4 -4 -3    4   2   7   2   0   3   3  59   2   1   2   4   1   1   2   5   2   0   1   2  0.93 0.35
  370 Q   -2  5 -2 -2 -4  2 -1 -2 -2 -2  0  3  0 -3  1 -1 -2 -2 -3 -1    3  32   1   2   0   8   2   2   1   1  12  16   3   1   7   3   2   0   0   5  0.46 0.25
  371 A    1 -1 -1  2 -2 -1 -1  1 -1 -2 -3 -2 -3 -4  4  2 -1 -4 -3 -2   11   4   1  14   1   3   3   9   2   3   2   1   0   0  23  15   4   0   0   3  0.42 0.23
  372 P    0  0 -1 -1 -1  0  0  1  1 -2 -2 -1 -2 -3  4  1  1 -2 -2 -1    6   5   2   3   1   3   7  11   3   2   3   2   1   0  25  10   8   1   1   6  0.33 0.18
  373 E   -1  0  1  4 -3 -1  3 -2 -1 -3 -4 -1 -3 -4 -1  1 -1 -4 -3 -1    4   4   7  30   1   2  19   3   1   1   1   3   0   0   3  10   3   0   1   6  0.47 0.26
  374 S    0 -1 -1  0 -1  0  1 -2  0 -2 -2 -1 -2 -2  2  4  1 -4 -3 -2    7   3   2   4   1   5   8   1   2   3   4   3   1   1  10  34   8   0   1   3  0.32 0.25
  375 I   -4 -6 -7 -7 -5 -4 -6 -7 -7  7 -1 -6 -2 -1 -6 -6 -4 -6 -5  4    1   0   0   0   0   1   0   0   0  68   4   0   0   2   0   0   0   0   0  23  1.73 0.64
  376 S   -1 -3  0  3 -1 -2 -1 -3 -3 -5 -4 -1 -3 -4  3  4  2 -6 -5 -4    3   1   3  15   1   1   4   1   0   0   2   3   0   0  16  38  11   0   0   0  0.71 0.42
  377 E   -2  0 -1  3 -5  0  4 -4 -1 -4 -2  1 -3  0  1 -1 -3 -5 -2 -3    2   5   2  19   0   3  34   0   1   1   5  10   0   4   6   3   0   0   1   1  0.57 0.33
  378 K    1  1 -1  3 -3  0  3 -2 -1 -4 -4  3 -2 -4  0  0 -1 -5 -4 -3   14   5   1  14   0   4  21   2   1   0   1  18   1   0   5   8   2   0   0   1  0.42 0.27
  379 E   -2 -3 -2  3 -4  0  5 -4 -3 -3 -2 -1  1 -5 -4 -1  2 -5 -1 -1    3   1   1  19   0   2  38   0   0   1   5   3   5   0   0   4  11   0   2   4  0.65 0.38
  380 L   -3 -6 -6 -6  1 -6 -6 -7 -6  6  1 -6 -2 -4 -6 -4 -1 -6 -5  5    1   0   0   0   3   0   0   0   0  41   9   0   0   0   0   1   4   0   0  40  1.31 0.54
  381 K   -1  2 -3  2 -6 -1  4 -4 -1 -5 -4  5 -3 -5 -4 -2 -2 -6 -1 -4    5   9   0  11   0   1  26   0   1   0   1  38   0   0   0   2   2   0   2   1  0.84 0.44
  382 L    0  0 -1 -1 -3  0 -1 -2  0  0  3 -1  0 -2 -4  1  1 -4 -3 -1    7   7   2   2   0   4   3   2   3   4  33   2   1   1   0  15  10   0   0   3  0.21 0.21
  383 L   -7 -7 -7 -8 -7 -7 -8 -8 -6 -4  0 -7 -4  9 -6 -7 -6 -1  1 -4    0   0   0   0   0   0   0   0   0   1   7   0   0  88   0   0   0   1   2   1  2.79 0.90
  384 C   -3 -8 -7 -8 11 -7 -8 -7 -8 -4 -5 -7 -6 -7 -7 -2 -4 -7 -7  2    2   0   0   0  81   0   0   0   0   1   1   0   0   0   0   3   0   0   0  12  3.30 1.00
  385 S   -4  4 -4 -5 -7 -2 -3 -5 -3 -7 -5  7 -5 -7 -5  0 -3 -7 -6 -6    0  20   0   0   0   1   0   0   1   0   1  70   0   0   0   6   1   0   0   0  1.81 0.72
  386 N   -6 -4  8 -3 -7 -3 -1 -3  5 -7 -7 -3 -5 -6 -6 -3 -4 -7 -1 -7    0   1  74   0   0   1   3   2  14   0   0   1   0   0   0   1   0   0   2   0  2.19 0.81
  387 S    6 -5 -5 -5  1 -4 -4 -3 -5 -3 -5 -4 -4 -4 -4  2 -1 -6 -5 -1   71   0   0   0   3   0   0   0   0   1   0   0   0   1   0  17   3   0   0   3  1.40 0.63
  388 A    4  3 -1 -2 -3 -1 -3 -1  4 -5 -3 -2 -4 -3 -1  2 -2 -5 -2 -4   32  18   2   1   0   2   0   4  12   0   3   1   0   1   2  18   1   0   1   0  0.61 0.38
  389 F   -1 -2  1 -1 -1 -2 -2  0  4 -3 -2  1 -2  5 -4 -1 -3  0  2 -4    6   2   8   4   1   1   2   8  12   1   3  10   0  31   0   4   1   1   5   0  0.52 0.31
  390 L   -3 -6 -6 -6 -4 -5 -6 -7 -6  5  5 -6 -1 -3 -6 -5 -4 -5 -4  2    1   0   0   0   0   0   0   0   0  32  52   0   0   0   0   0   0   0   0  13  1.27 0.52
  391 R   -1  5 -2 -3 -2  0 -2 -2  3 -5 -5  5 -3 -2 -4 -2 -2 -5 -1 -3    6  30   1   1   1   3   1   4   7   0   0  37   0   2   0   1   2   0   2   2  0.87 0.44
  392 V   -3 -4 -6 -7 -3 -6 -6 -7 -6  2  3 -6  1 -3 -6 -5 -3 -6 -5  6    2   1   0   0   0   0   0   0   0   7  26   0   2   1   0   0   0   0   0  59  1.35 0.58
  393 V   -3 -5 -4 -5  4  0 -2 -6 -5  5  2 -4  1 -2 -5 -4 -1 -5 -3  3    1   0   1   0  10   6   3   0   0  30  17   1   3   1   0   0   3   0   0  22  0.73 0.37
  394 R   -4  7  1 -2 -2  1 -2 -5  3 -6 -4  2 -5 -6 -5 -3 -2 -6 -3 -4    0  57   7   2   1   5   2   1   6   0   1  12   0   0   0   1   3   0   1   1  1.30 0.56
  395 C   -2 -5 -2 -5  5 -4 -5  5 -4 -4 -4 -4 -4  0 -5 -2  1  0  5 -4    3   0   2   0  12   0   0  45   0   1   2   0   0   3   0   2   8   1  20   1  1.08 0.48
  396 R   -3  6 -1 -2 -5 -2 -1 -4 -3 -4 -5  2 -4 -5 -2  1  2 -5 -5 -4    2  47   2   2   0   1   2   1   0   1   0  13   0   0   2  12  14   0   0   1  0.99 0.48
  397 S   -1  1 -1  0  2 -2 -1 -2 -3 -3 -1  1  0 -3  2  4  1 -4 -4 -3    4   7   2   4   5   1   4   2   0   1   6   7   2   1  10  37   6   0   0   1  0.41 0.29
  398 L   -2 -3 -2 -3 -3 -3 -3 -4 -3  4  4 -2  1  0 -2 -3 -2  1 -3  1    2   1   2   1   0   1   2   1   1  29  37   2   3   3   2   2   1   2   0   9  0.59 0.28
  399 A    3  0 -1 -1 -3  0  2 -1  0 -2 -2  0 -1 -2  2  0 -1 -2 -2 -2   29   4   2   3   0   2  16   5   3   1   3   5   1   2   9   7   3   1   1   3  0.26 0.19
  400 E   -2 -1 -1  5 -2  2  4 -3 -1 -3 -3 -1 -2 -4 -1 -1 -1 -3 -2 -3    3   2   3  29   1  11  26   2   1   1   2   2   1   0   3   5   3   0   1   2  0.62 0.32
  401 E   -2 -2 -2  0 -5  0  6 -4 -1 -1 -2  0 -3 -4 -2 -1 -2 -5 -4 -2    2   1   1   3   0   4  61   1   1   3   4   5   0   1   1   5   2   0   0   4  1.04 0.49
  402 Y   -2 -1 -2 -1 -3 -2 -2 -3  1 -1  0 -1 -1  3 -1 -2 -2  5  6 -1    2   3   2   3   0   2   2   2   3   4   8   3   1  12   3   2   3   6  35   3  0.69 0.34
  403 G    0  0  2  2 -2  0  1  2 -2 -2 -2  1 -2 -3 -2  1  0 -3 -3 -2    6   5  11  12   1   3  10  17   0   2   3   7   0   1   1  11   4   0   0   3  0.23 0.15
  404 L    1 -1  0 -1 -2  0  0 -1 -1 -1  0 -1 -1 -1  2  2  0  1 -1 -1   11   3   5   3   0   3   6   4   1   4  14   3   1   2  11  16   5   2   1   5  0.11 0.10
  405 H   -1  0  1  2 -1  1  1 -2 -1 -2 -2  2 -2 -1  3  0 -1 -2 -2 -2    4   4   7  11   1   6   9   2   1   2   4  18   0   4  14   7   3   1   1   2  0.25 0.18
  406 T    0 -1  1  1 -1  1  1  0 -1 -1 -1  0 -1 -3 -1  1  2 -3 -1  0    7   2   6   8   1   7   8   5   1   4   7   5   1   0   3  12  15   0   2   6  0.10 0.11
  407 V    1 -1 -2 -1 -1  0 -1 -1 -2  1  1 -1  0  1  1  0  0 -2 -1  1   14   3   1   3   1   4   3   3   1   7  19   2   2   8   6   6   5   0   1  11  0.08 0.10
  408 N    0  1  4  2 -1  0  0 -2 -1 -2 -2  0 -1 -3  0  1  1 -4 -3 -2    7   8  20  13   1   3   5   2   1   2   5   6   1   1   4   9   8   0   0   3  0.23 0.18
  409 K    0  0  1  1 -3 -1  1 -1 -1 -1  0  1 -1 -2  0  1  1 -2 -2  0   10   3   8   6   0   1  12   3   1   3   9  13   1   2   4   9   8   1   0   8  0.09 0.10
  410 D    0 -2  2  4 -4  0  1 -1 -1 -2  0  1 -2 -2 -2  1 -1 -4 -3 -1    6   1  10  25   0   5   7   3   1   2  10   9   0   1   2  10   3   0   0   4  0.27 0.20
  411 E    1 -1  0  2 -4  2  3 -2 -1 -1 -2  0 -1 -2 -1  0  0 -4 -1  0   14   2   3  10   0  10  22   2   1   3   4   5   1   1   2   6   5   0   2   6  0.22 0.18
  412 I   -1 -2 -2 -3 -4 -3 -4 -5 -5  5  3  1  2 -2 -3 -2 -3 -5 -4  0    4   1   3   1   0   1   0   0   0  37  28  10   5   1   1   2   1   0   0   3  0.65 0.35
  413 I    2  1 -1 -1  0 -1  0 -1 -1  1 -1  0 -2 -1 -2  0  1 -3  2  1   21   8   3   4   2   1   7   4   1   9   4   4   0   1   1   5   7   0   8  11  0.10 0.13
  414 S    0  0  3  0 -1  2  1 -1 -2 -2  0 -1 -1 -1 -3  2  0 -2 -2 -2    8   6  14   3   1   9   9   3   0   2  11   2   1   2   1  20   5   1   1   1  0.20 0.19
  415 S    2 -2  1  0  0  0  2  0  2 -2 -1 -2  0 -1 -3  2  1  0 -1 -2   17   1   8   3   2   4  14   5   5   2   4   0   2   3   0  15   8   1   2   1  0.17 0.18
  416 M   -2 -3 -2  2 -4 -2 -2 -3 -4  0  3 -3  4  1  0 -1 -1 -1 -2 -1    3   1   2  14   0   1   3   2   0   4  38   1  10   5   5   3   3   1   1   4  0.38 0.26
  417 D   -1 -3  0  3 -5  1  5 -1 -2 -3 -3 -1  1 -2 -2  0 -1 -5 -3 -3    6   0   3  15   0   6  39   4   1   2   1   2   4   2   2   7   4   0   1   2  0.58 0.36
  418 N   -1 -3  4  4 -3  0  1 -2 -1 -2 -1 -2  3 -1 -1  0  0 -5 -2 -2    3   0  21  21   0   3   8   2   1   2   5   1   8   2   3   7   6   0   1   3  0.38 0.27
  419 P   -1 -4 -2 -1 -5  1  2 -2 -3 -3 -4 -3 -4 -4  6  1 -1  0  3 -5    4   0   2   4   0   6  14   3   0   1   1   1   0   0  41   9   3   1  10   0  0.95 0.48
  420 D   -2 -3  1  4 -2  0  2 -1 -3 -4 -1 -2 -2 -4  3  1 -1 -5 -4 -3    2   0   5  28   1   3  16   5   0   0   7   2   1   1  12  13   3   0   0   1  0.51 0.32
  421 N   -1  0  2  0 -3 -3 -3 -1  0 -3 -5  0 -4 -3 -2  5  0 -3 -2 -1    3   5   9   5   0   0   1   5   2   1   0   6   0   1   1  50   5   0   1   4  0.68 0.44
  422 E    1 -3 -1 -1 -1  0  2 -3  1 -2  3 -2  2 -2  1 -1 -1 -4 -3 -2   15   0   3   3   1   3  15   1   4   1  31   1   5   1   6   3   4   0   0   1  0.28 0.25
  423 I    1 -5 -5 -6 -2 -4 -5 -4 -5  4  3 -4  5  1 -3 -3  0 -3 -2  1   10   0   0   0   1   0   0   1   0  22  23   1  18   6   1   1   6   0   1   9  0.66 0.36
  424 V    1 -4 -1 -4  1 -3 -2  1  0  1 -1 -3 -2 -2  4  0 -1 -2 -2  2   14   0   2   0   3   0   2  12   3   8   5   0   0   1  20   7   2   0   1  18  0.38 0.26
  425 L   -4 -5 -5 -5 -5 -5 -5 -6  2  4  2 -5 -1  4 -4 -4  0  7  3  0    0   0   0   1   0   0   0   0   6  23  17   0   1  16   1   0   6  14  10   5  0.91 0.43
  426 Y   -6 -5 -3 -7 -3 -6 -6 -7  4 -6 -4 -6 -2  2 -7 -5 -6 -3  9 -5    0   1   1   0   1   0   0   0  10   0   1   0   1   7   0   1   0   0  76   0  2.69 0.96
  427 L   -3 -6 -6 -6 -4 -5 -6 -6 -6  4  4 -6 -1  2 -6 -5 -3 -1 -3  3    1   0   0   0   0   0   0   0   0  25  41   0   0   9   0   0   1   1   0  20  1.05 0.47
  428 M    4 -4 -5 -5 -1 -4 -5 -1 -5 -1  3 -4  5 -4 -5 -1 -2 -5 -4  0   42   1   0   0   1   0   0   3   0   2  26   0  14   0   0   3   2   0   0   5  0.82 0.46
  429 L   -5 -6 -7 -7 -3 -6 -6 -7 -6  1  6 -5  0  3 -6 -4 -3 -5 -3 -2    0   0   0   0   1   0   0   0   0   7  72   0   2  12   0   2   1   0   0   2  1.44 0.61
  430 R   -3  7 -1 -5 -3  0 -3 -5 -2 -3  0  0 -1 -5 -4  1 -2 -6 -2 -3    1  58   2   0   1   4   1   1   1   2  11   4   1   0   1   9   2   0   1   1  1.16 0.56
  431 A    6 -5 -5 -5 -1 -5 -5  1 -5  0 -4 -4 -4 -6 -4  0 -1 -6 -5 -2   70   0   0   0   1   0   0  10   0   5   1   0   0   0   0   5   4   0   0   2  1.28 0.62
  432 V    1 -3 -4 -4 -1 -4 -3 -4 -4  1  1 -4 -1  0 -4  0  1  2  1  4   12   1   0   0   1   0   1   0   0   5  14   0   0   3   0   9   9   3   6  33  0.44 0.30
  433 D   -1 -4  1  6 -5 -1  2 -3  0 -5 -4 -3 -3 -3 -4  2 -3 -6 -3 -5    5   0   7  47   0   3  14   2   2   0   2   1   1   1   0  13   1   0   1   0  1.01 0.48
  434 R    0  5 -1 -1 -4  0 -1 -2  3 -2 -2  2 -1 -4 -3  0  0 -3 -2 -2    9  35   2   3   0   2   3   2   7   2   5  12   1   0   0   8   5   0   1   2  0.50 0.30
  435 F   -3 -5 -4 -4 -4 -4 -5 -5 -2 -1  0 -5 -3  8 -5 -3 -4  0  3 -1    2   1   1   1   0   1   1   1   1   3   9   1   0  64   1   2   1   1   7   4  1.62 0.58
  436 H    1  0 -1 -2 -1  1 -1 -3  4  0  0 -1 -1  1 -2 -1 -1 -2  3  1   14   5   2   1   1   8   3   1  10   7   7   3   1   6   1   3   3   0  13   9  0.19 0.16
  437 K    2 -1  0  1 -3  0  2 -1 -2 -3 -2  2 -3 -3 -2  2  1 -4 -3 -2   23   2   3   7   0   4  12   3   1   1   3  11   0   1   1  15  10   0   0   2  0.28 0.21
  438 Q   -1 -1  2 -1 -2  3  4 -3 -1 -3 -2  2 -2 -4 -2  0  1 -4 -3 -2    4   2   9   2   1  16  27   1   1   1   4  10   0   0   2   5   9   0   1   2  0.43 0.27
  439 H   -2 -2  1 -3  1 -1 -1 -4  7 -2 -3  0 -3  2 -4 -2 -2 -2  6 -3    2   2   7   1   3   3   4   1  24   2   3   5   0   8   1   3   2   0  28   1  0.89 0.41
  440 G   -1 -1  4 -1 -1  0 -2  4  2 -4 -3  0 -4 -4  1  1 -2 -4 -3 -4    5   2  23   3   2   4   1  30   4   1   2   4   0   0   6   8   1   0   1   1  0.55 0.29
  441 R   -1  6  0 -2 -1 -1 -1 -2  3 -3 -3  2 -4 -4 -4  1 -2 -4 -1 -3    4  43   4   2   1   1   3   2   7   2   2   9   0   0   1  11   2   0   2   2  0.76 0.38
  442 Y    0 -2 -2 -3 -2 -1 -3 -3  0  0  0 -2 -2  4 -1 -1 -2  3  6 -1    8   1   2   1   1   2   1   2   2   4   8   2   0  16   3   4   2   3  30   4  0.58 0.30
  443 P   -1 -5 -4 -3 -3 -4 -4 -3 -4 -3 -4 -4 -5 -5  8 -3 -3 -5 -5 -3    5   1   1   2   1   1   1   2   0   2   2   1   0   0  78   2   1   0   0   2  2.23 0.76
  444 G    0 -3 -1 -3 -3 -2 -3  6 -3 -4 -4 -3 -2 -5 -2  0  0 -5 -4 -3    6   1   2   1   0   2   1  64   1   1   2   1   1   0   2   6   6   0   1   2  1.15 0.47
  445 V    1 -2 -1 -1 -2  2  1 -2 -2  0 -1 -1 -1 -1 -1  1  2 -1 -1  1   15   1   1   2   1  11  10   2   1   6   5   1   1   3   2   9  12   1   2  14  0.14 0.16
  446 S    0 -2  1  0  0 -1  0 -1 -1 -2 -2 -1 -2  3 -1  2  1  0  2 -2    6   1   8   4   2   2   7   5   1   2   3   3   0  17   3  17   9   1   7   2  0.19 0.18
  447 N    0 -3  3  5 -3  0  1  0 -3 -3 -4 -1 -3 -5 -1  0  0 -5 -2 -2    9   1  12  34   0   3  10   6   0   1   1   2   1   0   3   7   5   0   1   3  0.56 0.32
  448 Y    1 -2 -1  2  1 -1  1  1  1 -2 -2 -1 -2 -1 -1  0  0  0  2 -1   10   2   2  16   3   2   9  10   4   1   4   3   1   2   3   8   4   1  10   5  0.14 0.14
  449 Q    0 -2  0  3 -4  4  2 -1  1 -3 -3 -1 -2 -4  1  1  1 -4 -2 -3    7   0   3  15   0  20  14   5   3   2   2   2   1   1   6   8   8   0   1   2  0.38 0.27
  450 V    0 -3 -3 -3  1 -2 -2 -4 -3  2  1 -3  3  1 -1 -2 -2  1  0  4   10   1   1   1   3   2   2   1   1  12  10   1   8   6   3   2   2   2   3  29  0.34 0.23
  451 E   -2 -2 -1  4 -5  0  5 -4 -3 -3 -1 -1 -2 -1 -2  0  0 -5 -4 -3    3   1   2  19   0   4  40   1   0   1   6   2   1   3   1   5   7   0   0   1  0.69 0.40
  452 E    1 -2 -1  1 -4  1  4 -1 -2  0 -2 -1 -3 -4  2  1 -1  1 -4 -3   12   2   2   9   0   6  26   3   1   6   3   3   0   0  10  10   4   2   0   1  0.34 0.26
  453 D   -3 -5 -1  7 -6 -3  0 -4 -3  0 -4 -3 -1 -3 -5 -2 -1 -6 -3 -3    2   0   2  67   0   1   5   1   1   6   2   1   1   1   0   2   4   0   1   2  1.52 0.65
  454 I    1 -4 -3 -4 -2 -2 -4 -3 -4  5  0 -1  2 -1 -4 -2  1  0 -2  2   10   0   1   1   0   2   1   1   0  38   7   3   4   3   1   3   7   2   1  15  0.53 0.32
  455 G    1 -1 -1  1 -3  1  1  1 -2 -2 -2 -1 -1 -3  2  2  0 -3 -1 -1    9   2   2   7   0   5  12  11   1   2   3   1   1   1   8  20   5   0   2   6  0.20 0.18
  456 K    1  3 -1  0 -3  0  1 -3 -2 -2 -1  4 -2 -3 -3 -1 -1  2 -4 -2   11  18   3   5   1   3   8   1   0   2   7  27   1   1   1   4   2   3   0   2  0.40 0.28
  457 L   -2 -5 -4 -5 -5 -5 -5 -6 -4  1  6 -5  1  0 -5 -5 -3 -1 -2  1    3   0   1   1   0   0   1   0   0   7  68   0   3   3   0   0   2   1   1   8  1.16 0.53
  458 K   -1  2 -2 -3 -3  0  0 -1 -2 -1 -2  5 -3 -4 -3 -1  1 -5 -2  0    4   9   1   1   0   4   5   4   1   4   4  43   0   0   0   3   8   0   1   6  0.57 0.36
  459 S    1 -1  1 -1 -2  1  0 -1 -1 -2 -2  1 -2 -4  1  2  2 -4 -3 -2   14   3   6   2   1   7   4   4   2   2   3   7   1   0   6  20  15   0   0   2  0.25 0.22
  460 C   -1  0 -2 -2  6  0  0 -3  1  3 -1 -1  0 -1 -3 -1  1 -2 -1  0    4   6   2   2  19   4   6   2   4  18   6   4   2   2   1   3   8   0   2   5  0.32 0.23
  461 L    4 -5 -3 -4 -3 -4 -4 -3 -5  2  2 -4  0 -1 -3 -3  0 -5 -2  3   32   0   1   1   0   0   1   2   0  11  16   0   1   3   1   1   5   0   1  25  0.56 0.36
  462 T    0 -1  1  1 -1  1  0 -2  0 -1 -1  0 -2 -3  1  1  2 -4 -2  0    8   2   8   7   1   7   4   2   2   2   7   4   0   0   7  12  15   0   1   9  0.14 0.15
  463 G    0  0  0  1 -3  0  1  2 -2 -5 -4  3 -4 -4 -2  3 -1 -5 -4 -3    8   4   4   8   0   4   7  16   1   0   1  18   0   1   1  21   3   0   0   1  0.39 0.28
  464 F   -1 -3 -3 -5 -4 -3 -4 -4 -4  2  4 -3  2  2 -3 -3 -2 -3 -1  0    5   1   2   1   0   1   1   1   0  13  46   1   6   9   2   2   2   0   2   6  0.65 0.34
  465 L    0 -4 -4 -3 -1 -4 -3 -4 -3  1  5 -3  1 -1 -1 -1 -2 -4 -3  1    7   1   0   1   1   0   1   1   0   8  53   1   3   2   4   5   2   0   1   8  0.63 0.35
  466 Q    0  0  2  1 -4  3  0  1  0 -3 -4  0 -2 -4  0  2  1 -3 -4 -3    8   5  11   6   0  13   6   9   2   1   1   6   1   0   4  18   7   0   0   1  0.29 0.23
  467 E   -2 -2  1  3 -5  1  5 -1 -2 -4 -4 -1 -2 -5 -1  0 -1 -5 -5 -3    3   2   6  19   0   5  39   4   1   1   2   3   1   0   3   7   3   0   0   1  0.71 0.40
  468 Y    0 -2 -2 -1 -4 -2  1 -1  0  0  1 -3  1  0 -1  0 -2  6  3 -1    7   2   2   4   0   1   9   4   2   5  16   1   4   4   3   7   1  13  11   4  0.30 0.22
  469 G    0  0  0  1 -3 -2 -1  5 -2 -4 -4 -1 -3 -4 -1  1 -1 -5 -5 -2    6   6   3   7   1   1   4  46   1   1   1   3   0   0   3  10   4   0   0   4  0.66 0.35
  470 L   -1 -1 -3 -1  6 -1  0 -3 -4  1  3 -3  1 -2 -2 -1 -1 -1 -2  1    4   3   1   3  16   3   7   2   0   8  27   1   3   1   2   3   4   1   1   9  0.34 0.23
  471 S    0 -1  2  1 -3  0  0  1  0 -2 -1 -1 -1 -2  2  2  0 -3 -3 -1    7   2  13   7   0   3   4   9   2   2   7   3   1   2  10  18   5   0   0   3  0.19 0.16
  472 V    0 -1 -1  0 -3  0  1 -1 -1  0 -1  0 -2 -3  3  1  0 -2 -2  1    9   3   3   5   0   4  11   4   1   5   4   6   0   1  14  12   4   0   1  12  0.16 0.14
  473 M   -1  0  1  0 -2  0  2 -2  0  0  0  0  0 -1 -1  0  1  0 -2  0    3   4   7   5   1   2  15   1   2   6  11   4   3   3   3   7  13   1   1   7  0.08 0.10
  474 V    0 -1 -2 -2  0 -2  0 -2 -2  3  2 -2  0 -2 -1 -1 -1 -3 -1  3    7   4   1   2   2   1   7   2   1  16  19   2   1   1   3   4   4   0   2  22  0.20 0.16
  475 K   -1 -1 -1 -1 -2 -1 -1 -2 -2 -1  0  3 -1 -1  2  1  1 -4 -2  0    3   1   2   3   1   2   2   2   1   4   8  25   1   3  10  13  11   0   1   6  0.25 0.21
  476 D   -1 -2 -1  6 -4  0  4 -2 -2 -4 -3 -1 -2 -4 -1 -1 -1 -4 -2 -3    4   1   1  42   0   3  23   2   1   1   2   3   1   1   3   5   3   0   1   2  0.83 0.39
  477 D   -2 -2  3  6 -4  1  2 -3 -2 -4 -5  1 -2 -5 -4 -1 -2 -6 -5 -5    3   2  12  45   0   7  10   1   1   1   1  10   1   0   0   4   2   0   0   0  0.97 0.47
  478 Y    3 -4 -4 -5 -1 -4 -4 -4  2  0  1 -4  0  1 -5 -2 -2  1  5  1   28   0   0   0   1   0   0   1   4   5  15   0   2   5   0   2   2   2  21  10  0.58 0.36
  479 V    2 -5 -5 -6  1 -4 -5 -4 -5  5  0 -5 -2  0 -5 -3 -1 -5 -3  4   15   0   0   0   3   1   0   1   0  33   9   0   0   4   0   1   3   0   1  28  0.81 0.42
  480 H   -1  0  2 -1 -3  3  1  1  6 -3 -3  1 -3 -4 -4 -1  0 -5 -2 -3    6   5   8   3   1  13   9  11  23   1   2   8   0   0   0   3   5   0   1   1  0.54 0.34
  481 E   -6 -5 -3 -3 -9 -3  8 -7 -5 -5 -8 -4 -7 -8 -6 -5 -6 -8 -7 -8    0   0   1   1   0   0  97   0   0   1   0   0   0   0   0   0   0   0   0   0  2.83 1.13
  482 F   -3 -6 -6 -6 -5 -5 -6 -6 -6  4  2 -5  6  3 -6 -5 -1 -5 -1  4    2   0   0   0   0   0   0   0   0  19  16   0  19  14   0   0   4   0   1  24  0.99 0.48
  483 C    2  0 -5 -4  9 -2 -1 -5 -3 -1 -1 -5 -3 -4 -6  0 -1 -6 -5  2   15   5   0   1  41   1   5   0   0   3   5   0   0   1   0   7   3   0   0  12  1.23 0.56
  484 R   -7  9 -5 -7 -9 -4 -5 -8 -2 -8 -7 -2 -3 -8 -7 -3 -4 -8 -7 -5    0  94   0   0   0   0   0   0   1   0   0   1   1   0   0   2   1   0   0   1  2.87 1.09
  485 Y    4 -5 -4 -6 -1 -5 -4 -2  2 -4 -4 -5 -4  4 -5  0 -1  0  5 -2   32   0   1   0   1   0   1   3   5   0   1   0   0  19   0   6   4   1  23   3  0.94 0.52
  486 G    0 -4  0 -3 -3 -1 -1  6 -5 -7 -5 -2 -6 -7  2 -1 -5 -6 -5 -6    7   1   5   1   1   3   5  60   0   0   1   3   0   0  10   3   0   0   0   0  1.22 0.58
  487 A    3 -5 -2 -2 -3 -3 -2  5 -2 -3 -6 -4 -5 -1 -4  0  1 -6 -4 -3   25   0   1   2   0   1   2  46   1   1   0   0   0   3   0   6   8   0   0   1  0.93 0.49
  488 A    4 -3 -3 -5  0 -3 -3  4 -2 -5 -4 -3 -5 -4 -3  2 -1 -6 -4 -2   37   1   1   0   2   0   1  29   1   0   2   1   0   0   1  18   3   0   0   2  0.83 0.47
  489 E   -6 -5 -1  2 -8 -1  8 -7 -3 -8 -8 -4 -7 -8 -6 -3 -2 -8 -7 -7    0   0   3   9   0   1  81   0   0   0   0   0   0   0   0   1   3   0   0   0  2.16 0.91
  490 P   -5 -6 -7 -7 -5 -6 -6 -7 -4  1  6 -6  0 -3  1 -6 -3 -5  1  0    0   0   0   0   0   0   0   0   0   8  70   0   2   0   8   0   2   0   5   5  1.34 0.61
  491 H   -4 -6 -3 -6 -8 -3 -5 -7 11 -8 -8 -6 -7 -7  3 -5 -5 -8 -3 -8    1   0   1   0   0   1   0   0  81   0   0   0   0   0  14   0   1   0   0   0  3.34 1.16
  492 T    0 -5  7 -3  1 -2 -4 -4 -4 -5 -6 -4 -4 -6 -2  2  2 -7 -4  1    9   0  48   0   3   1   0   0   0   0   0   0   0   0   2  12  14   0   0   9  1.16 0.60
  493 V   -4 -6 -6 -7 -5 -6 -6 -7 -7  6 -1 -6 -1 -4 -6 -5  3 -6 -5  4    1   0   0   0   0   0   0   0   0  48   3   0   1   0   0   0  16   0   0  31  1.48 0.64
  494 A    5 -5 -3 -5  0 -5 -5 -2 -6 -4 -6 -5 -5 -7 -5  5 -4 -7 -6 -5   53   0   1   0   2   0   0   2   0   1   0   0   0   0   0  41   0   0   0   0  1.53 0.75
  495 A    6 -6 -5 -6 -5 -5 -5 -4 -6 -6 -6 -5 -6 -7 -5  4 -3 -7 -6 -5   67   0   0   0   0   0   0   0   0   0   0   0   0   0   0  32   0   0   0   0  1.80 0.83
  496 F   -4 -6 -7 -7 -5 -6 -7 -7 -5  1  4 -6  0  6 -7 -6 -3 -4  1  2    1   0   0   0   0   0   0   0   0   6  36   0   2  38   0   0   1   0   3  12  1.29 0.56
  497 L   -2 -5 -5 -6 -4 -4 -5 -6 -6  4  3 -5  5 -3 -5 -3  3 -5 -4  2    4   0   0   0   0   0   0   0   0  20  30   0  16   0   0   1  17   0   0  12  0.91 0.47
  498 G   -2 -7 -5 -6 -7 -7 -7  8 -7 -8 -7 -6 -7 -8 -7 -4 -6 -7 -8 -8    3   0   0   0   0   0   0  96   0   0   0   0   0   0   0   0   0   0   0   0  2.71 0.98
  499 G   -4 -7 -4 -6 -7 -7 -7  8 -7 -9 -9 -6 -8 -8 -7 -4 -6 -7 -8 -8    1   0   0   0   0   0   0  98   0   0   0   0   0   0   0   0   0   0   0   0  2.81 1.00
  500 A   -1 -5 -6 -6  4 -5 -6 -6 -6  4  2 -5  6 -2 -6 -3 -3 -5 -5  2    6   0   0   0   8   0   0   0   0  27  20   0  22   1   0   2   0   0   0  13  1.04 0.49
  501 A    5 -5 -6 -6 -2 -5 -5 -2 -6  0 -3 -5 -2 -5 -4 -4 -1 -7 -5  5   43   0   0   0   1   0   0   3   0   4   1   0   1   0   0   0   3   0   0  44  1.26 0.62
  502 A    6 -6 -5 -6 -5 -5 -5 -3 -6 -6 -5 -5 -6 -7 -5  4 -4 -7 -6 -5   72   0   0   0   0   0   0   1   0   0   0   0   0   0   0  26   0   0   0   0  1.80 0.82
  503 Q   -6 -4 -5 -6 -8  9 -3 -7  2 -8 -8 -4 -6 -9 -7 -6 -6 -7 -7 -8    0   0   0   0   0  94   0   0   5   0   0   0   0   0   0   0   0   0   0   0  3.19 1.23
  504 E   -6 -5 -5 -4 -9 -3  8 -7 -5 -8 -8 -4 -7 -8 -6 -4 -6 -8 -7 -8    0   0   0   0   0   0  99   0   0   0   0   0   0   0   0   1   0   0   0   0  2.91 1.12
  505 V    4 -5 -5 -6 -1 -5 -5 -5 -6  2 -2 -5  2 -4 -5 -2  1 -6 -5  5   34   0   0   0   1   0   0   0   0  10   3   0   4   0   0   2   7   0   0  38  0.96 0.50
  506 I   -5 -7 -7 -7 -5 -7 -7 -6 -7  8  1 -7 -3 -4 -7 -6 -5 -7 -6  1    0   0   0   0   0   0   0   1   0  79  11   0   0   0   0   0   0   0   0   9  2.12 0.78
  507 K   -6 -3 -5 -6 -8 -4 -3 -6 -6 -7 -7  8 -6 -8 -6 -4 -6 -8 -7 -7    0   0   0   0   0   0   1   0   0   0   0  98   0   0   0   1   0   0   0   0  2.84 1.05
  508 I   -3 -6 -6 -7 -5 -6 -6 -7 -6  5  4 -6  3  0 -5 -4 -4 -5 -4  3    1   0   0   0   0   0   0   0   0  27  41   0   6   4   0   1   0   0   0  18  1.10 0.49
  509 I   -2 -7 -7 -7 -3 -6 -7 -7 -7  7  2 -6 -1 -4 -6 -6  0 -6 -5  3    3   0   0   0   0   0   0   0   0  59  14   0   1   0   0   0   5   0   0  18  1.51 0.62
  510 T   -4 -6 -5 -6 -6 -6 -6 -7 -7 -4 -6 -6 -6 -7 -6 -2  8 -8 -7 -3    1   0   0   0   0   0   0   0   0   1   0   0   0   0   0   2  95   0   0   2  2.71 1.06
  511 K   -1  4  2 -4 -4  0 -3  0  4 -5 -5  5 -5 -6 -5 -2 -4 -6 -5 -6    4  23   8   0   0   4   1   8  11   1   0  37   0   0   0   3   0   0   0   0  0.98 0.50
  512 Q   -6 -4 -5 -6 -9  9 -3 -7 -2 -8 -8 -4 -6 -9 -7 -6 -6 -8 -7 -8    0   0   0   0   0  99   0   0   1   0   0   0   0   0   0   0   0   0   0   0  3.40 1.26
  513 F   -7 -5 -7 -8 -6 -7 -7 -8 -4 -6 -6 -7 -6  6 -8 -7 -7 -1  9 -6    0   1   0   0   0   0   0   0   0   0   0   0   0  26   0   0   0   1  72   0  3.00 1.03
  514 V   -3 -3 -6 -6 -5 -4 -4 -3 -6  4 -1  1 -1 -4 -6 -4  0 -6 -5  6    1   1   0   0   0   0   1   2   0  22   3   9   1   0   0   1   5   0   0  53  1.11 0.52
  515 I   -5 -7 -7 -7 -8 -7 -6 -7 -8  0 -6 -6 -7 -9  9 -5 -6 -9 -8 -6    0   0   0   0   0   0   0   0   0   5   1   0   0   0  93   0   0   0   0   0  3.22 1.12
  516 F   -3 -6 -6 -7 -1 -4 -6 -7 -6  5  3 -5  3  3 -6 -5 -4 -5 -3  3    1   0   0   0   1   0   0   0   0  32  29   0   8  11   0   0   0   0   0  17  1.03 0.45
  517 N   -3 -2  6  6 -2 -2  0 -3  2 -5 -4 -2 -5 -6 -5 -1 -3 -7 -5 -3    2   2  32  38   1   2   5   1   5   0   2   2   0   0   0   5   1   0   0   2  1.14 0.53
  518 N   -5 -5  8 -2 -7 -4 -5  3  2 -8 -8 -3 -7 -7 -6 -3 -4 -8 -6 -7    0   0  66   2   0   0   0  24   4   0   0   1   0   0   0   1   0   0   0   0  2.02 0.80
  519 T   -4 -6 -5 -6 -4 -5 -6 -6 -6 -3 -1 -5 -5 -6 -4 -2  8 -7  1 -2    0   0   0   0   0   0   0   0   0   1   5   0   0   0   1   2  82   0   5   3  2.03 0.87
  520 Y   -4 -6 -7 -8  9 -7 -7 -7 -4 -4 -1 -7 -4  6 -7 -5 -4 -1  4 -1    1   0   0   0  36   0   0   0   0   1   6   0   0  35   0   0   1   1  14   5  1.95 0.72
  521 I   -3 -7 -7 -7 -5 -7 -7 -8 -7  7  0 -7 -2 -3 -7 -6 -3 -7 -5  4    1   0   0   0   0   0   0   0   0  58   7   0   0   0   0   0   1   0   0  31  1.71 0.66
  522 Y   -5 -7 -7 -8 -5 -7 -7 -8 -2  0 -2 -7 -4  8 -8 -6 -6  1  7 -1    1   0   0   0   0   0   0   0   1   6   3   0   0  55   0   0   0   1  30   4  2.12 0.77
  523 S   -6 -6  6  7 -8 -5 -3 -5 -5 -8 -8 -5 -7 -8 -6 -1 -5 -9 -6 -8    0   0  33  62   0   0   0   0   0   0   0   0   0   0   0   5   0   0   0   0  2.18 0.83
  524 G    2 -6 -5 -6 -3 -6 -6  7 -6 -6  0 -6 -3 -6 -6 -3 -4 -7 -7 -6   16   0   0   0   1   0   0  70   0   0  11   0   1   0   0   1   1   0   0   0  1.67 0.68
  525 M   -2 -5 -7 -7 -5 -5 -6 -7  0  7 -1 -6  4 -4 -6 -4 -4 -6 -5  4    3   0   0   0   0   0   0   0   3  55   2   0  11   0   0   1   0   0   0  23  1.50 0.61
  526 S   -1  2  1  2 -4  0  1  0  2 -3 -4  2 -4 -5 -4  2  3 -5 -4 -3    3  11   5  12   0   3   9   6   4   1   1  10   0   0   0  17  17   0   0   0  0.39 0.28
  527 Q   -1 -4 -1 -4  0  3 -4  0  3 -6 -5 -4 -5 -6 -5  6  1 -6 -5 -5    3   0   3   0   2  15   0   6   7   0   1   0   0   0   0  55   7   0   0   0  1.16 0.61
  528 T   -3  4  1 -1 -1  0  0 -3 -3 -2 -4  3 -3 -5 -4 -1  3  4 -4 -2    1  25   5   2   1   3   5   2   0   2   0  18   0   0   0   4  22   5   0   3  0.61 0.38
  529 S    0 -5 -4 -5  4 -4 -5 -1 -5 -2 -5 -4 -4 -6 -5  5  4 -7 -6 -3    7   0   0   0   9   0   0   5   0   2   0   0   0   0   0  48  27   0   0   2  1.20 0.61
  530 A    2 -1 -2 -2 -5  4  3  2 -3 -3 -3 -2 -1 -4 -4  0  0 -1 -4 -2   20   3   2   1   0  24  17  15   0   1   2   0   2   1   0   6   5   1   0   2  0.51 0.36
  531 T   -2 -2 -3 -5 -3 -4 -5 -5 -5  1  0  0  3 -4 -4 -1  4 -6 -5  4    2   2   1   0   0   0   0   0   0   6   8   5   7   0   0   4  31   0   0  33  0.79 0.44
  532 F   -5 -6 -7 -7 -3 -6 -7 -5 -5 -1  4 -6 -2  7 -7 -6 -5  4  4 -1    0   0   0   0   1   0   0   1   0   3  33   0   0  40   0   0   0   5  14   4  1.44 0.58
  533 Q   -1  4  0 -2 -4  3  2 -5 -1 -5 -4  4 -3 -4 -4 -1  0 -6 -3 -4    4  23   4   1   0  12  12   0   1   0   1  30   0   0   0   3   5   0   0   1  0.73 0.39
  534 L   -5 -6 -7 -7 -5 -6 -7 -7 -6  3  6 -6  0  3 -7 -6 -5 -5 -4  1    0   0   0   0   0   0   0   0   0  13  67   0   2  10   0   0   0   0   0   8  1.39 0.56

                      K         Lambda
Standard Ungapped    0.1350     0.3181
Standard Gapped      0.0529     0.2670
PSI Ungapped         0.1729     0.3146
PSI Gapped           0.0529     0.2670
