
Last position-specific scoring matrix computed, weighted observed percentages rounded down, information per position, and relative weight of gapless real matches to pseudocounts
           A  R  N  D  C  Q  E  G  H  I  L  K  M  F  P  S  T  W  Y  V   A   R   N   D   C   Q   E   G   H   I   L   K   M   F   P   S   T   W   Y   V
    1 M   -3 -4 -5 -5 -4 -3 -4 -5 -4  0  0 -4 10 -2 -5 -4 -3 -4 -3  1    0   0   0   0   0   0   0   0   0   3   2   0  89   0   0   0   0   0   0   6  1.97 0.48
    2 A    6 -3 -3 -4 -3 -3 -3 -1 -4 -4 -4 -2 -3 -4 -3  2 -2 -5 -4 -3   80   0   0   0   0   0   0   2   0   0   0   1   0   0   0  17   1   0   0   0  1.16 0.40
    3 Q    0 -2 -2 -2 -3  4  2 -3  1 -2  2 -2 -1 -2 -3  2 -1 -4 -3 -1   10   0   0   0   0  24  15   0   3   1  25   0   0   1   0  16   1   0   0   4  0.35 0.23
    4 L    0 -3 -3 -2 -4  3 -2 -2  0 -3 -2 -2  0 -3  6  1  0 -5 -4  0    8   0   0   1   0  15   1   2   2   1   3   0   3   1  41   9   7   0   0   7  0.80 0.29
    5 G    3 -2 -2 -1 -3  0 -1  5 -3 -2 -3 -2 -3 -3 -2  0 -1 -3 -2 -2   24   1   1   2   0   4   3  46   0   2   1   1   0   1   1   4   3   0   1   3  0.61 0.22
    6 K   -3 -3 -3 -3 -5 -1 -2 -3 -3 -5 -4  3 -4 -5  7 -3 -2 -5 -5 -4    1   1   1   1   0   3   2   2   0   0   1  19   0   0  64   1   2   0   0   1  1.68 0.48
    7 L    0 -3 -1  3 -3 -2 -2 -2 -3  0  0 -2 -2 -2 -3  4  3 -4 -3 -2    7   0   1  16   0   0   1   1   0   6  13   0   0   1   0  35  17   0   0   1  0.44 0.26
    8 L    2 -2  0  3 -3 -1  2 -2 -2 -3  0 -2  0 -3 -2  2 -1 -4 -3 -2   20   1   4  19   0   1  15   1   1   0  12   1   3   0   1  16   3   0   0   1  0.30 0.20
    9 K   -4  1 -3 -2 -6 -1 -1 -4  0 -5 -5  8 -4 -6 -3 -3 -4 -5 -5 -5    0   4   0   2   0   1   2   0   2   0   0  85   0   0   1   0   0   0   0   0  1.81 0.60
   10 E   -2 -2  1 -2 -5  0  6 -4 -3 -5 -5  1 -1 -6 -4  1  2 -6 -5 -5    3   1   7   0   0   2  53   0   0   0   0   9   2   0   0   8  16   0   0   0  0.98 0.45
   11 Q   -2  5 -1 -3 -5  5 -1 -4 -2 -2 -4  3 -3 -5 -4 -2  1 -5 -4 -2    2  31   2   0   0  26   2   0   0   2   0  21   0   0   0   2  10   0   0   3  0.90 0.41
   12 K   -4  4 -4 -4 -7  0 -3 -5 -4 -6 -6  7 -5 -7 -5 -4 -4 -7 -5 -6    0  23   0   0   0   3   0   0   0   0   0  74   0   0   0   0   0   0   0   0  1.95 0.67
   13 Y   -6 -6 -6 -7 -7 -6 -6 -7 -3 -6 -5 -6 -5 -1 -7 -6 -6 -2 10 -6    0   0   0   0   0   0   0   0   0   0   0   0   0   1   0   0   0   0  99   0  3.44 0.97
   14 D   -6 -6 -3  9 -8 -4 -2 -5 -5 -7 -8 -5 -7 -8 -6 -4 -5 -9 -7 -7    0   0   0 100   0   0   0   0   0   0   0   0   0   0   0   0   0   0   0   0  2.93 0.86
   15 R   -6  9 -5 -6 -8 -3 -4 -7 -4 -7 -6 -2 -6 -7 -6 -5 -5 -7 -6 -7    0 100   0   0   0   0   0   0   0   0   0   0   0   0   0   0   0   0   0   0  2.90 0.87
   16 Q   -5 -3 -4 -5 -8  9 -2 -5 -4 -7 -7 -3 -5 -8 -6 -5 -5 -7 -6 -7    0   0   0   0   0  99   0   1   0   0   0   0   0   0   0   0   0   0   0   0  3.05 1.00
   17 L   -5 -6 -7 -7 -5 -6 -6 -7 -6  1  6 -6 -1 -3 -6 -6 -5 -5 -4 -1    0   0   0   0   0   0   0   0   0   5  92   0   0   0   0   0   0   0   0   3  1.82 0.64
   18 R   -5  8 -4 -5 -7 -3 -4 -6 -4 -6 -6 -2 -5 -6 -6 -5 -5 -6 -5 -6    0  93   0   0   0   0   0   0   0   0   0   0   0   0   0   0   0   0   0   0  2.56 0.83
   19 L   -4 -5 -6 -6 -4 -5 -6 -6 -6  2  6 -5 -1 -3 -6 -5 -4 -5 -4 -2    0   0   0   0   0   0   0   0   0  11  82   0   1   0   0   0   0   0   0   0  1.53 0.58
   20 W   -7 -7 -7 -8 -7 -6 -7 -7 -7 -7 -6 -7 -6 -4 -7 -7 -7 13 -3 -7    0   0   0   0   0   0   0   0   0   0   0   0   0   0   0   0   0  93   0   0  4.66 1.20
   21 G    4 -4 -2 -4 -3 -3 -3  5 -3 -5 -5 -2 -5 -5 -4 -2 -4 -5 -5 -4   39   0   2   1   0   1   1  49   0   0   0   1   0   0   0   0   0   0   0   0  1.19 0.50
   22 D    4 -3 -2  4 -4 -1  2 -3 -2 -4 -4 -2 -4 -5 -2  0  0 -5 -4 -3   40   1   1  24   0   1  14   0   1   0   0   1   0   0   1   6   4   0   0   1  0.70 0.38
   23 H   -1 -2  0 -2 -4  1  1 -3  7 -4 -3 -3 -2 -4 -3  4  1 -5 -3 -4    5   2   3   1   0   5   7   1  28   0   3   0   1   0   0  29   9   0   0   1  0.74 0.40
   24 G   -3 -6 -4 -5 -6 -5 -5  7 -5 -7 -7 -5 -6 -6 -5 -4 -5 -6 -6 -6    0   0   0   0   0   0   0  94   0   0   0   0   0   0   0   0   0   0   0   0  2.35 0.75
   25 Q   -5 -3 -4 -4 -6  9 -2 -5 -4 -6 -6 -3 -4 -7 -5 -4 -5 -6 -5 -6    0   0   0   0   0  93   0   0   0   0   0   0   0   0   0   0   0   0   0   0  2.69 0.93
   26 E    3  1  0 -1 -2  2  2 -2 -2 -2 -3  0 -2 -4 -3  2  0 -4 -2 -2   28   8   4   2   0  12  14   1   0   2   1   3   0   0   0  13   5   0   1   1  0.32 0.25
   27 A    6  0 -1 -3  0 -2 -3 -2 -4 -4 -1  0 -3 -3 -4  0 -2 -5 -4 -3   65   4   3   1   1   1   1   1   0   0   5   5   0   1   0   6   1   0   0   1  0.86 0.44
   28 L   -4 -5 -6 -6 -4 -5 -6 -6 -6  1  6 -5 -1 -3 -6 -5 -4 -5 -4 -2    0   0   0   0   0   0   0   0   0   6  87   0   1   0   0   0   0   0   0   1  1.60 0.59
   29 E   -3 -3 -4 -2 -6 -2  7 -3 -3 -6 -6 -3 -1 -6 -4 -3 -3 -6 -5 -5    2   1   0   1   0   0  85   2   0   0   0   0   1   0   0   1   1   0   0   0  1.93 0.72
   30 S    0  0  3  1 -4  1  2 -2  0 -4 -3  1 -3 -4 -3  3  0 -4 -3 -3    5   3  13   6   0   4  13   2   2   0   2   8   0   0   0  31   3   0   0   0  0.39 0.27
   31 A    6 -4 -4 -4  0 -3 -4 -2 -4 -4 -4 -3 -4 -5 -4  3  0 -5 -4 -3   60   0   0   0   1   0   0   1   0   0   0   0   0   0   0  25   5   0   0   0  1.13 0.53
   32 H   -4  3  3 -3 -5  0 -2 -4  8 -5 -5  1 -4 -5 -4  2 -2 -5 -2 -5    0  15  14   0   0   3   1   0  39   0   0   6   0   0   0  14   2   0   0   0  1.16 0.49
   33 V   -3 -5 -5 -5 -4 -5 -5 -6 -6  6  0 -5 -2 -3 -5 -5 -3 -5 -4  5    1   0   0   0   0   0   0   0   0  41   5   0   0   0   0   0   0   0   0  46  1.28 0.50
   34 C   -2 -6 -6 -6  9 -5 -6 -6 -6 -3  4 -6 -3 -4 -6 -4 -4 -5 -5 -3    3   0   0   0  49   0   0   0   0   0  41   0   0   0   0   0   0   0   0   1  1.92 0.64
   35 L   -4 -5 -6 -6 -2 -5 -5 -6 -5 -1  6 -5 -1 -2 -5 -5 -4 -4 -4  2    1   0   0   0   1   0   0   0   0   1  74   0   1   1   0   0   0   0   0  16  1.29 0.52
   36 I   -3 -5 -5 -5 -4 -5 -5 -4 -5  5  3 -5 -1 -1 -5 -4 -3 -4 -3  3    1   0   0   0   0   0   0   1   0  40  28   0   0   2   0   0   0   0   0  22  0.96 0.40
   37 N   -4 -4  8 -2 -4 -3 -3  1  0 -6 -6 -3 -5 -6 -4  0 -3 -6 -3 -6    0   0  70   0   0   1   1  11   2   0   0   1   0   0   1   7   1   0   1   0  1.67 0.63
   38 A    4 -4 -2 -4  5 -3 -3  1 -3 -3 -4 -3 -4 -5 -2  3 -2 -5 -4 -1   40   0   2   0  12   0   0   8   0   1   0   0   0   0   1  26   0   0   0   3  0.78 0.41
   39 T   -2 -4  1  1 -1 -3 -3  4 -4 -3 -4 -3 -4 -5 -4  2  4 -5 -4 -4    1   0   7   9   1   0   0  28   0   1   0   0   0   0   0  15  33   0   0   0  0.74 0.39
   40 A    5 -4 -3 -4 -2 -3 -3  1 -4 -3 -4 -3 -4 -5  3  1  0 -5 -4 -1   46   0   0   0   1   0   0  10   0   1   0   0   0   0  17   9   6   0   0   5  0.72 0.38
   41 T    0 -4 -3 -4 -3 -4 -4 -4 -4 -1  1 -4 -2 -4 -3 -1  6 -5 -4  3    9   0   0   0   0   0   0   0   0   2  11   0   0   0   1   3  47   0   0  22  0.81 0.43
   42 G    0 -5 -4 -4 -2 -5 -5  7 -5 -6 -6 -4 -5 -6 -5  0 -4 -2 -5 -5    7   0   0   0   1   0   0  78   0   0   1   0   0   0   0   6   0   1   0   0  1.69 0.59
   43 T    0 -4 -3 -3  5 -3 -4 -3 -4 -1 -3 -4 -3 -4 -4  2  5 -5 -4  3    6   0   0   1  12   0   0   1   0   3   0   0   0   0   0  17  36   0   0  19  0.77 0.42
   44 E   -4 -4 -4 -2 -6  1  7 -5 -4 -6 -6 -3 -5 -6 -4  0 -4 -6 -5 -6    1   0   0   1   0   4  81   0   0   0   0   0   0   0   0   8   0   0   0   0  1.84 0.71
   45 I    2 -4 -4 -4 -4 -4 -3 -4 -5  5 -2 -4 -2 -4 -4 -1  5 -5 -4  1   15   0   0   0   0   0   1   0   0  33   2   0   0   0   0   2  36   0   0   6  0.83 0.43
   46 L   -3 -5 -6 -6 -4 -5 -6 -6 -6  0  6 -5  0 -3 -6 -5 -4 -5 -4 -2    2   0   0   0   0   0   0   0   0   3  88   0   1   0   0   0   0   0   0   1  1.63 0.61
   47 K   -4 -2 -4 -4 -7 -3 -3 -5 -4 -6 -6  8 -5 -7 -5 -4 -4 -6 -5 -6    0   0   0   0   0   0   0   0   0   0   0  97   0   0   0   0   0   0   0   0  2.48 0.82
   48 N   -5 -4  8 -2 -3 -4 -4 -2 -3 -6 -6 -4 -6 -6 -5  2 -3 -7 -5 -6    0   0  81   1   1   0   0   3   0   0   0   0   0   0   0  12   0   0   0   0  2.18 0.74
   49 L   -4 -5 -6 -6 -4 -5 -6 -2 -6  0  6 -5 -1 -3 -6 -5 -3 -5 -4 -2    0   0   0   0   0   0   0   4   0   3  89   0   0   0   0   0   1   0   0   1  1.63 0.59
   50 V   -4 -6 -6 -1 -4 -5 -5 -6 -6  3 -2 -5 -3 -4 -5 -5 -3 -6 -4  7    0   0   0   4   0   0   0   0   0  15   0   0   0   0   0   0   1   0   0  78  1.68 0.61
   51 L   -6 -6 -7 -8 -5 -6 -7 -8 -7 -2  7 -6 -1 -3 -7 -6 -5 -6 -5 -3    0   0   0   0   0   0   0   0   0   0  98   0   0   1   0   0   0   0   0   0  2.18 0.79
   52 P   -2 -7 -6 -6 -7 -6 -6  1 -7 -7 -7 -5 -7 -8  8 -4 -5 -8 -7 -7    4   0   0   0   0   0   0  10   0   0   0   0   0   0  84   1   0   0   0   0  2.72 0.92
   53 G   -4 -7 -4 -6 -2 -6 -6  8 -6 -8 -8 -6 -7 -8 -7 -1 -6 -7 -7 -8    0   0   1   0   1   0   0  94   0   0   0   0   0   0   0   5   0   0   0   0  2.50 0.86
   54 I   -5 -7 -7 -7 -3 -7 -7 -8 -7  8 -2 -4 -2 -3 -7 -6 -5 -7 -5  4    0   0   0   0   0   0   0   0   0  75   1   1   1   1   0   0   0   0   0  21  2.02 0.74
   55 G   -3 -3 -5 -6 -7 -3 -6  7 -1 -8 -8 -3 -7 -7 -6 -3 -6 -7 -7 -7    2   1   0   0   0   1   0  92   1   0   0   1   0   0   0   1   0   0   0   0  2.37 0.83
   56 S    1  1  1 -3  0  2 -1  1  3 -5 -5  1 -4 -5 -4  4 -1 -4 -4 -4   10   6   5   0   2   8   2   9   8   0   0   9   0   0   0  38   2   0   0   0  0.59 0.38
   57 F   -5 -7 -7 -8 -6 -7 -7 -7 -5  1 -3 -7 -4  9 -8 -6 -6 -3  1 -1    0   0   0   0   0   0   0   0   0   7   0   0   0  83   0   0   0   0   3   5  2.60 0.86
   58 T   -2 -5 -4 -5 -2 -5 -3 -6 -4 -4 -5 -5 -5 -4 -5 -1  8 -6 -2 -3    2   0   0   0   1   0   2   0   0   0   1   0   0   1   0   2  88   0   1   1  2.18 0.88
   59 I   -4 -7 -7 -7 -1 -6 -7 -7 -7  8 -2 -6 -2 -3 -6 -6 -4 -6 -5  3    1   0   0   0   1   0   0   0   0  76   2   0   0   0   0   0   1   0   0  19  2.00 0.72
   60 I    1 -5 -5 -6 -1 -2 -5 -5 -3  3  2 -3 -1  0 -5 -4 -3 -5 -1  5   12   0   0   0   1   2   0   0   1  18  16   1   1   3   0   0   0   0   2  44  0.80 0.40
   61 D   -6 -6 -3  9 -8 -5 -2 -6 -6 -8 -8 -5 -8 -8 -6 -3 -6 -9 -8 -8    0   0   0  96   0   0   1   0   0   0   0   0   0   0   0   2   0   0   0   0  2.93 1.02
   62 G   -1 -4  1  3 -5 -2  0  4  1 -6 -6 -1 -5 -6  2  2 -3 -6 -5 -5    3   0   6  17   0   1   6  35   3   0   0   3   0   0  12  14   1   0   0   0  0.75 0.40
   63 N    4  0  2 -1 -2  0 -1 -1  2 -5 -4  1 -4 -5 -4  2 -1 -5 -4 -3   35   3  11   3   1   3   3   4   5   0   1  10   0   0   0  15   4   0   0   1  0.50 0.34
   64 Q   -2  0 -1 -3 -4  2 -2 -4 -4  2  0  4 -2 -2 -2 -1  2 -4 -4  2    2   4   2   1   0   8   2   0   0  12   7  28   0   1   1   4  14   0   0  14  0.38 0.29
   65 V   -3 -7 -7 -5 -5 -6 -7 -7 -7  1 -2 -7 -3 -5 -7 -6 -1 -7 -6  7    1   0   0   1   0   0   0   0   0   5   2   0   0   0   0   0   3   0   0  88  2.11 0.82
   66 S   -2 -2  0 -1  0  0  2 -3 -1 -5 -3 -1 -3 -5 -4  3  5 -6 -5 -4    2   2   4   3   2   4  15   1   1   0   2   3   0   0   0  22  38   0   0   0  0.73 0.45
   67 G   -1 -3 -1  1 -5  1  4  2  1 -2 -1 -1 -4 -3  1 -1 -2 -5 -2 -2    4   0   2   8   0   5  33  15   4   3   6   3   0   1   8   2   2   0   1   2  0.43 0.30
   68 E    3 -1 -2  0 -4  1  4  0 -2 -4 -4 -1 -2 -3  0  1 -2 -5 -4 -2   24   3   1   4   0   6  29   7   0   0   0   3   1   1   3  12   1   0   0   2  0.47 0.33
   69 D   -6 -3 -2  8 -8 -5 -2 -6 -2 -8 -8 -5 -3 -8 -6 -2 -6 -9 -8 -8    0   1   1  92   0   0   2   0   1   0   0   0   1   0   0   3   0   0   0   0  2.72 0.98
   70 A    2 -4 -6 -3 -1 -5 -5 -4 -6  2  5 -5 -1 -3 -5 -4 -3 -5 -4  2   16   1   0   2   1   0   0   1   0  10  56   0   1   0   0   0   0   0   0  11  0.93 0.46
   71 G   -2 -3 -4 -5 -6 -2 -3  7 -6 -4 -7 -4 -6 -7 -6  0 -3 -6 -7 -7    2   1   0   0   0   2   2  82   0   1   0   1   0   0   0   7   1   0   0   0  1.97 0.75
   72 N   -1 -2  6 -3  0 -1 -3 -2 -1 -1 -3 -3 -2 -5 -5  0 -1 -6 -5  4    4   1  39   0   2   2   1   2   2   3   1   1   1   0   0   8   4   0   0  29  0.88 0.49
   73 N   -6 -5  9 -3 -7 -5 -5 -5 -4 -8 -8 -4 -7 -8 -7 -3 -4 -8 -7 -8    0   0  96   1   0   0   0   0   0   0   0   0   0   0   0   1   1   0   0   0  3.09 1.10
   74 F   -7 -8 -8 -8 -3 -8 -8 -8 -6 -5 -4 -8 -3 10 -8 -7 -7 -4  0 -6    0   0   0   0   1   0   0   0   0   0   0   0   1  96   0   0   0   0   2   0  3.35 1.10
   75 F   -7 -7 -8 -8 -7 -5 -8 -8 -6 -5 -2 -8  4  9 -8 -7 -7 -4 -1 -5    0   0   0   0   0   0   0   0   0   0   3   0   8  87   0   0   0   0   1   0  2.92 1.01
   76 L   -5 -6 -7 -7 -4 -6 -7 -3 -7  0  6 -6 -2 -2 -7 -6 -4 -6 -5  2    0   0   0   0   0   0   0   2   0   3  77   0   0   1   0   0   0   0   0  15  1.59 0.68
   77 Q   -3 -2 -1  6 -6  2  4 -5  0 -6 -4 -1 -4 -6 -5  0  1 -6 -5 -5    1   2   2  38   0  10  26   0   3   0   1   3   0   0   0   6   7   0   0   0  1.02 0.52
   78 R    1  2 -1  1 -3  1  4 -3  1 -4 -3  1 -3 -3  2  0 -1 -3 -1 -3   10  11   2   8   1   5  26   1   3   1   2   7   1   1  10   6   2   0   2   2  0.36 0.26
   79 S    0 -2  0  4 -5  1  2 -2 -1 -5 -5 -1 -4 -2 -4  4  0 -6 -4 -5    7   1   4  24   0   6  14   2   1   0   1   2   0   2   0  31   4   0   0   0  0.65 0.41
   80 S   -2 -3 -2  2  4  0 -3 -4  1 -6 -6 -3 -3 -4 -5  6 -2  0 -3 -5    3   1   1  10   7   3   0   1   4   0   0   1   1   0   0  63   1   1   1   0  1.23 0.65
   81 I   -4 -3 -6 -6 -3 -4 -4 -7 -3  5  4 -3 -1 -3 -5 -4 -4 -5 -2  2    0   2   0   0   0   0   1   0   1  33  45   1   0   0   0   1   0   0   1  13  1.07 0.50
   82 G   -4 -5 -1 -4 -7 -6 -5  7  1 -8 -7 -5 -7 -7 -6 -4 -6 -7 -7 -7    0   1   3   1   0   0   1  89   4   0   0   0   0   0   0   0   0   0   0   0  2.32 0.85
   83 K   -3  2 -3 -3 -3  3  0 -3 -1 -6 -2  6 -2 -6 -5 -1 -2 -6 -5 -5    1  11   1   1   1  15   5   2   1   0   4  52   1   0   0   4   3   0   0   0  1.11 0.55
   84 N   -3 -3  3 -3 -5 -2 -3 -4 -4 -5 -4 -2 -5  0  4  6 -3 -6  0 -5    1   1  12   1   0   1   1   1   0   0   1   2   0   4  19  52   0   0   3   1  1.12 0.60
   85 R   -4  8 -4 -5 -6 -3 -4 -5 -4 -2 -2  2 -5 -6 -5 -4 -4 -6 -3 -5    1  75   0   0   0   0   0   0   0   2   4  12   0   0   0   0   1   0   1   0  1.99 0.76
   86 A    7 -5 -5 -5 -4 -5 -5 -1 -5 -5 -5 -5 -5 -6 -5 -1 -4 -6 -1 -4   87   0   0   0   0   0   0   4   0   0   0   0   0   0   0   3   0   0   2   0  1.91 0.80
   87 E   -1  0 -2  0 -5  5  4 -4 -1 -2 -3  3 -4 -4 -2  0 -2 -5 -4 -3    4   3   1   4   0  24  30   1   1   3   2  16   0   1   1   5   2   0   0   2  0.73 0.42
   88 A    2 -2 -3 -3  6 -1  4 -3  0 -2 -3 -2 -2 -4 -1  1 -1 -5 -3  1   17   2   0   1  15   2  26   1   2   2   2   2   1   0   2  11   3   0   0  11  0.54 0.35
   89 A    3 -4 -4 -5  6 -4 -3 -4 -5 -1 -1 -4  1 -4 -4 -1  3 -5 -4  2   28   0   0   0  16   0   1   0   0   2   5   0   4   0   0   3  21   0   0  17  0.76 0.42
   90 M    0 -1 -3 -5  7 -3 -4 -5 -5 -2 -2 -1  2 -2 -4 -1  4 -5 -4  2    9   4   0   0  20   1   0   0   0   1   4   4   6   2   0   4  26   0   0  17  0.74 0.42
   91 E    0  4  1 -1 -4  2  4 -3 -2 -5 -5  2 -3 -5 -3 -1 -1 -5 -4 -5    6  22   6   2   0  10  31   2   1   0   0  11   0   0   1   4   3   0   0   0  0.73 0.41
   92 F   -4 -3  0 -5 -3 -4 -4 -5  1 -2  5 -3  1  4 -5 -3 -4 -1  2 -3    1   1   6   0   0   0   1   1   4   1  52   2   3  17   0   2   1   1   8   1  0.91 0.46
   93 L   -5 -6 -7 -7 -5 -6 -6 -7 -6 -1  7 -6 -1 -4 -3 -6 -5 -6 -5 -3    0   0   0   0   0   0   0   0   0   3  91   0   1   0   2   0   0   0   0   1  1.98 0.78
   94 Q   -1  1  0 -4  1  5 -1 -1 -3 -3  2  1  0 -4 -4 -1 -1 -5 -4 -1    4   7   4   0   3  28   3   6   0   1  24   7   2   0   0   5   3   0   0   4  0.44 0.33
   95 E   -3 -5 -5 -2 -7 -1  8 -6 -5 -7 -7 -4 -3 -7 -5 -5 -5 -7 -6 -6    2   0   0   1   0   1  92   0   0   0   0   0   1   0   0   0   0   0   0   0  2.53 0.99
   96 L   -5 -6 -7 -7 -5 -6 -6 -7 -6 -2  7 -6  3 -4 -6 -6 -5 -6 -5 -3    0   0   0   0   0   0   0   0   0   1  91   0   5   0   0   0   0   0   0   0  2.05 0.80
   97 N   -6 -5  9 -4  0 -5 -5 -5 -4 -7 -7 -5 -1 -7 -6 -4 -5 -7 -6 -7    0   0  93   0   2   0   0   0   0   0   0   0   2   0   0   0   0   0   0   0  2.97 1.07
   98 S   -3 -5  0  3 -6 -2  1 -4 -5 -3 -5 -4 -5 -2  7  1 -2 -6 -6 -5    2   0   4  16   0   1   9   1   0   2   1   0   0   2  49  10   2   0   0   0  1.32 0.60
   99 D    0 -3 -2  7 -6 -3  3 -1 -2 -6 -4 -4 -4 -5 -5  1 -4 -6 -6 -5    9   1   1  52   0   0  15   5   1   0   2   0   1   1   0  10   0   0   0   0  1.19 0.56
  100 V   -1 -6 -6 -7  0 -6 -6 -6 -7 -2 -2 -6 -4 -5 -6 -5 -3 -6 -5  7    6   0   0   0   2   0   0   0   0   0   2   0   0   0   0   1   1   0   0  86  2.07 0.82
  101 S   -1  1  1  0 -2  2  2 -3  0 -3 -3  3 -2 -4 -3  1  1 -5 -4 -2    3   7   6   5   1  11  15   1   2   2   3  21   1   0   0  12  10   0   0   2  0.37 0.27
  102 G    1 -6 -4 -5 -6 -5 -6  7 -6 -5 -6 -3 -2 -6 -6 -3 -4 -6 -6 -3    9   0   0   0   0   0   0  81   0   1   0   2   1   0   0   1   1   0   0   2  1.95 0.75
  103 S   -2 -1  2  3 -4 -1  1 -3  5 -4 -4  1 -3 -1 -4  1  0 -3 -1 -2    3   3  11  20   0   2   8   2  15   1   1   8   0   3   0  12   7   0   2   2  0.47 0.30
  104 F    3 -5 -5 -6 -1 -5 -5 -3 -1 -5 -4 -5 -4  6 -5  0 -4  7  4 -4   22   0   0   0   1   0   0   2   1   0   0   0   0  32   0   8   1  15  15   0  1.31 0.59
  105 V   -2  0 -2  1 -1 -2 -2 -5 -2  4  0 -3 -1  0 -4 -2 -2 -2  3  3    2   5   2   9   2   1   2   0   1  26   7   1   1   4   0   3   1   0  10  21  0.39 0.26
  106 E   -1 -3 -1  2 -1 -1  3 -3  0 -1 -2 -2 -2 -2  3  0  2 -5 -4  0    4   1   3  10   2   2  24   1   2   3   3   1   1   2  12   7  16   0   0   7  0.37 0.28
  107 E   -1  1 -1  0 -5  1  5 -3 -1 -4 -4  3  0 -5 -4 -1 -2 -5 -5 -4    6   6   2   4   0   5  41   2   1   1   2  21   2   0   0   5   2   0   0   1  0.78 0.43
  108 S   -2 -2  2  2 -1 -1  0 -2  0 -5 -4 -2 -4 -1  4  4  0 -5 -1 -4    2   1  11  12   2   2   4   3   3   0   1   1   0   2  18  29   6   0   2   1  0.55 0.38
  109 P   -3 -5 -3 -2 -3 -2 -2 -5 -4  2  3 -3 -2 -2  5 -2 -3 -5 -4  1    2   0   1   2   0   2   2   1   0  13  26   2   0   1  32   3   1   0   0  11  0.79 0.44
  110 E    1 -2 -2  3 -5  0  5 -2 -2 -3 -2 -1 -2 -5 -3  1  0 -5 -1 -2   11   1   1  16   0   4  36   2   0   1   5   3   1   0   1   8   5   0   2   2  0.55 0.38
  111 N    0 -1  2  2 -3  3  3 -3  1 -3 -4  0 -3 -4 -1  2  0 -2 -1 -3    7   1   9  11   0  13  17   1   4   1   1   6   1   0   3  14   6   0   2   2  0.35 0.28
  112 L   -3 -4 -4 -6 -4 -5 -5 -6 -5  3  4 -4 -1  2 -4 -5 -2  5  0  2    2   1   1   0   0   0   0   0   0  14  46   1   1   8   1   0   2   9   3  11  0.89 0.43
  113 L   -2 -5 -6 -6 -4 -4 -6 -6 -6  4  5 -5 -1  0 -6 -3 -3 -5 -4 -1    4   0   0   0   0   1   0   0   0  19  63   0   1   3   0   2   1   0   0   3  1.20 0.55
  114 D    0 -1  0  3 -3  2  3 -2  0 -3 -3  0 -1 -4  1  1  0 -4 -2 -2    9   2   4  19   0   8  19   3   2   1   2   4   1   0   6  11   5   0   1   2  0.34 0.24
  115 N   -1  0  4  0 -4  1  1 -3  0 -3 -3  2 -2 -4 -3  1  2 -5 -2 -1    3   3  23   4   0   7   8   1   2   1   1  15   1   0   0  13  12   0   1   5  0.42 0.30
  116 D   -2  0  3  5 -5  1  2 -2 -2 -3 -2  0 -4 -4 -2  1 -2 -5 -3 -2    2   4  15  31   0   6  12   2   1   1   5   4   0   1   2  10   1   0   1   3  0.57 0.34
  117 P   -2 -3 -2 -1 -4 -2 -1 -2 -2 -1 -1 -1 -3 -3  7 -1 -2 -5 -5 -1    3   1   2   3   0   1   4   4   1   3   7   3   1   1  52   5   2   0   0   5  1.10 0.51
  118 S    0 -2  1  3 -4  0  2 -1 -1 -3 -4 -1 -3 -2 -2  3  0 -3 -4 -2    8   1   6  16   0   3  17   5   2   1   1   3   0   2   1  25   6   0   0   2  0.40 0.29
  119 F   -2 -3 -5 -5 -5 -3 -4 -5 -2 -2  1 -2 -3  7 -4 -1 -2  3  3 -1    3   2   0   0   0   1   1   1   1   1  11   2   0  52   1   5   3   4   9   4  1.17 0.51
  120 F   -3 -3 -4 -4 -4 -2 -4 -3 -4 -1  3 -1  0  7 -3 -1 -2  3 -1 -2    2   1   1   1   0   1   1   2   0   3  25   4   2  42   1   5   2   4   1   2  0.91 0.42
  121 C    0  0  1  1  2  0  0 -2  2 -3 -2  0 -2 -3  3  2  0 -4 -1 -2    6   6   5   9   6   3   4   2   5   0   4   7   0   1  15  14   7   0   2   2  0.24 0.18
  122 R   -1  2  1 -1 -3  4 -1 -2 -1 -3 -3  0 -3 -3  3  1  1 -4  2 -3    4  11   6   3   1  19   3   2   1   1   2   5   0   1  12  11   7   0   9   1  0.36 0.28
  123 F   -6 -6  0 -6 -6 -6 -6 -6  3 -5 -4 -6 -4  8 -7 -3 -1 -3  4 -5    0   0   6   0   0   0   0   0   7   0   0   0   0  66   0   2   5   0  12   0  2.05 0.78
  124 T   -2 -2  1  0 -1 -1 -3 -4  0 -3 -1 -1  0 -4 -4  2  6 -5 -4 -4    1   2   7   5   1   2   0   1   2   1   8   4   2   0   0  18  45   0   0   0  0.77 0.48
  125 V   -2 -5 -6 -6 -2 -5 -5 -6 -3  4  4 -5  2 -1 -5 -5 -2 -5 -1  3    3   0   0   0   1   0   0   0   1  23  41   0   6   2   0   0   2   0   2  19  0.90 0.42
  126 V   -3 -6 -6 -6 -4 -6 -6 -6 -6  5  0 -6 -1 -4 -6 -5 -4 -6 -5  6    1   0   0   0   0   0   0   0   0  27   9   0   1   0   0   0   0   0   0  59  1.54 0.63
  127 V   -3 -5 -6 -6 -1 -5 -6 -6 -6  6  2 -5  2 -2 -6 -5 -4 -5  0  4    1   0   0   0   1   0   0   0   0  47  17   0   5   1   0   0   0   0   3  23  1.19 0.51
  128 A    5 -4 -4 -5  3 -4 -4  0 -2  0 -2 -4 -2 -4 -4 -1 -1 -4  3  1   49   0   0   0   6   0   0   7   1   4   2   0   1   0   0   4   3   0  11  10  0.77 0.45
  129 T    1 -4 -2 -3  0 -4 -3 -2  3 -2 -2 -4 -4 -5 -4  3  5 -5 -4  0   10   0   2   1   2   0   1   3   8   2   3   0   0   0   0  20  40   0   0   7  0.78 0.47
  130 Q    0 -2  4  0 -3  4 -2 -1 -1 -5 -4 -3 -3 -2  5 -1 -1 -5 -2 -5    7   1  20   4   1  24   2   4   1   0   1   0   0   2  24   3   3   0   1   0  0.78 0.45
  131 L   -3 -5 -6 -6 -5 -2 -5 -6 -3  2  5 -5  3 -2  3 -4 -2 -2 -1  1    2   0   0   0   0   2   0   0   1  13  48   0   7   1  13   0   2   1   2   9  0.88 0.48
  132 P   -1  0  0  1 -2 -1 -1 -3  1  1 -2  0 -1 -3  4  0  0 -5 -3  0    3   6   5   8   1   2   4   1   4   9   4   6   1   0  23   9   7   0   0   7  0.31 0.23
  133 E   -1  1 -1  0 -3  1  5 -3 -1 -4 -3 -1 -3 -6  3 -1 -1 -6 -4 -4    4   8   3   5   1   6  40   1   1   1   2   2   1   0  14   5   4   0   1   1  0.70 0.45
  134 S   -1  1  0  2 -3  1  2 -2  1 -4 -3  2 -4 -5  1  2 -1 -5 -3 -3    4   9   4  13   1   5  14   2   3   1   2  10   0   0   8  19   2   0   1   2  0.34 0.27
  135 T    0 -2 -1  1 -2  0  0 -2 -1  1  0 -1 -1 -1  0  2  2 -2 -1  0    7   1   1   9   0   5   5   1   2   9   8   2   1   2   4  16  17   0   2   6  0.13 0.17
  136 S   -1 -2 -4 -1  1 -1 -2 -5 -2  1  4 -4  3 -1 -4 -3 -1 -4 -2  0    5   3   0   3   2   3   3   0   1   7  51   0   8   1   0   1   4   0   1   6  0.59 0.34
  137 L   -1 -1 -1  0 -2  1  0 -3 -1  1  3 -1  0 -2 -3 -1  0 -2 -2  1    6   2   2   6   1   9   7   1   2   5  31   2   1   1   0   4   5   0   1  12  0.18 0.18
  138 R    1  3 -1 -2 -4  1  0 -2 -1 -1 -1  3 -2 -3 -1 -1  0 -2 -3 -1   11  20   2   2   0   7   4   2   1   4   8  23   1   1   3   4   5   1   0   3  0.31 0.23
  139 L   -3 -5 -6 -6 -4 -5 -5 -6 -5  4  6 -5  0 -1 -5 -5 -3 -5 -4  0    2   0   0   0   0   0   0   0   0  20  65   0   1   2   0   0   1   0   0   5  1.28 0.55
  140 A    2 -2 -2  2  3  1  1  0 -2 -2 -2 -1 -3 -4 -3  3 -1 -5 -4 -2   20   1   1  11   6   5   9   6   1   2   3   3   0   0   0  26   3   0   0   2  0.38 0.29
  141 D    0  1  1  2 -4  2  2 -1  0 -3 -2  2 -2 -3 -2  1  0 -4 -3 -3    9   7   6  12   0   9  14   3   2   1   3  11   1   1   2  12   5   0   0   1  0.26 0.19
  142 V   -1 -1 -3 -4 -1 -2 -2 -3  3  2  1 -1 -2  1 -4 -2 -1  1  5  1    5   4   1   0   1   1   3   1   8  16  15   3   0   4   0   2   2   2  20   9  0.37 0.25
  143 L    3 -4 -4 -5  7 -4 -4 -1 -4 -2  4 -4 -2 -3 -4 -1 -1 -4 -3 -2   22   0   0   0  20   0   0   6   0   1  37   0   0   0   0   4   3   0   1   2  0.83 0.43
  144 W   -2  3 -3 -1 -5  2 -1 -4  1 -5 -2  0 -2 -1 -5 -1 -2  9  1 -4    4  18   1   3   0   9   3   1   4   0   3   4   1   2   0   6   2  32   4   1  1.15 0.51
  145 N    0  0  2  1 -4  3  3 -2  1 -4 -3  1 -3 -4 -1  1  0 -4 -3 -3    9   4   9   7   0  12  25   2   4   1   2   8   0   0   3  10   5   0   1   1  0.39 0.26
  146 S    2  0  1 -1 -2  0 -2 -3  5 -1  1  1 -1 -2 -2  1 -1 -4  1 -2   19   5   6   3   1   4   1   0  16   3  15   7   1   1   1   9   2   0   4   1  0.25 0.23
  147 Q   -2  1  4  0 -2  1 -1  1  3 -4 -3  2 -3 -4 -3  2 -2 -2 -2 -4    2   6  23   5   1   7   3  13   7   0   2  12   0   1   1  13   1   1   1   1  0.43 0.28
  148 I   -2 -5 -5 -4 -4 -5 -5 -5 -5  6 -1 -2 -1 -2  0 -4  2 -5 -4  4    3   0   0   1   0   0   0   0   0  46   2   3   1   1   6   0  11   0   0  24  1.00 0.48
  149 P   -3 -5 -5 -5 -2 -5 -5 -6 -6 -2 -5 -2  1 -6  8 -2 -2 -7 -6 -4    2   0   0   0   1   0   0   0   0   2   1   3   4   0  78   3   2   0   0   1  2.32 0.87
  150 L   -2 -5 -5 -6 -4 -5 -5 -6 -5  0  5 -5  1  3 -5 -4  0  0 -2  1    2   0   0   0   0   0   0   0   0   4  62   0   2  10   0   0   6   1   1   9  1.03 0.48
  151 L   -3 -5 -5 -6 -4 -5 -5 -6 -5  5  2 -5  0  3 -5 -5 -3 -4 -3  3    2   0   0   0   0   0   0   0   0  39  20   0   2  11   0   0   0   0   0  22  1.02 0.46
  152 I    1 -4 -3 -4  0 -3 -4 -4  1  1 -1 -3 -2  2 -4  0 -2 -1  5  3   14   0   1   0   2   1   0   1   4   8   5   2   1   7   0   8   1   1  21  23  0.49 0.32
  153 C    1 -5 -5 -5  6 -4 -5 -4 -5  4  0 -4  1 -2 -5 -3  0 -5 -3  4   12   0   0   0  17   0   0   1   0  23   6   0   3   1   0   1   6   0   1  28  0.81 0.40
  154 R   -4  6  1 -2 -6  1 -2 -5  6 -6 -6  2 -5 -5 -5 -3 -3 -6 -2 -4    0  50   8   1   0   5   1   0  19   0   0  11   0   0   0   1   1   0   1   1  1.35 0.56
  155 T    0 -4 -1 -4  2 -3 -4 -4 -5 -5 -5 -4 -5 -6 -4  6  4 -6 -5 -3    5   0   2   0   4   1   0   0   0   0   0   0   0   0   0  65  21   0   0   1  1.38 0.64
  156 Y    1 -4 -1 -5 -1 -4 -4 -5 -2  1 -1 -3 -2  1 -5  0 -3 -2  7  3   13   0   3   0   1   0   0   0   1   8   6   1   0   4   0   6   1   0  36  19  0.77 0.40
  157 G   -4 -6 -4 -5 -7 -6 -6  8 -6 -8 -8 -6 -7 -7 -6 -4 -6 -7 -7 -7    0   0   0   0   0   0   0  98   0   0   0   0   0   0   0   0   0   0   0   0  2.63 0.85
  158 L   -5 -6 -6 -7 -5 -5 -6 -7 -5 -3  4 -6  1  8 -7 -6 -5 -1  1 -3    0   0   0   0   0   0   0   0   0   0  34   0   3  57   0   0   0   1   4   0  1.75 0.63
  159 V   -1 -4 -5 -5 -2 -3 -5 -5 -3  3  1 -4  0  1 -5 -2  1 -3  5  2    5   0   0   0   0   1   0   0   0  21  14   0   1   5   0   2   8   0  26  16  0.68 0.35
  160 G    2 -5 -4 -4 -3 -4 -5  6 -5 -4 -6 -4 -4 -6 -5  2 -3 -6 -6 -5   17   0   0   0   1   0   0  63   0   1   0   0   0   0   0  17   1   0   0   0  1.43 0.57
  161 Y   -2 -2 -4 -3 -3 -3  0 -5  1 -2 -1 -4  1  1 -5  2  0 -2  7 -1    2   2   0   1   0   1   7   0   3   2   6   0   4   5   0  15   6   0  41   3  0.80 0.42
  162 M   -2 -5 -6 -6  0 -5 -5 -6 -5  3  2 -5  5  5 -6 -5 -3 -4 -2  2    2   0   0   0   2   0   0   0   0  14  18   0  17  29   0   0   0   0   0  17  0.97 0.43
  163 R   -3  7  0 -4 -6  0 -3 -4 -1 -6 -5  0 -5  0 -5  1 -2 -6  0 -6    1  67   3   0   0   3   1   1   1   0   0   3   0   4   0  11   2   0   3   0  1.46 0.61
  164 I   -3 -5 -4 -6 -4 -5 -6 -6 -6  6  3 -5 -1 -2 -6 -4  0 -5 -4  3    1   0   1   0   0   0   0   0   0  47  29   0   0   1   0   0   5   0   0  16  1.12 0.47
  165 I   -1 -2 -2 -3  1  6 -2 -3  0  1 -3 -2 -1 -2 -4  2 -1 -5 -1  1    4   2   1   1   3  38   0   1   2  10   1   1   1   1   0  19   4   0   3  10  0.62 0.41
  166 I   -1 -4 -5 -5 -3 -3 -5 -5 -5  3  3 -3  0  1 -4 -3  0 -4  0  4    5   1   0   0   0   1   0   0   0  19  29   1   1   6   0   1   5   0   2  29  0.64 0.32
  167 K   -2  2  0 -4 -6  1 -2 -3  3 -6 -5  5 -4 -6  5 -2 -2 -6 -4 -4    3  10   4   0   0   5   1   2   8   0   0  34   0   0  29   1   2   0   0   1  1.00 0.46
  168 E   -1 -3 -1 -1 -7 -1  7 -3 -3 -7 -6 -3 -6 -7 -3 -2  0 -7 -6 -6    6   1   2   2   0   1  78   2   0   0   0   0   0   0   1   2   5   0   0   0  1.68 0.70
  169 H   -5 -3 -4 -6 -7 -3 -5 -6 10 -4 -4 -5 -4  4 -6 -4 -2 -5  1 -6    1   1   0   0   0   1   0   0  69   1   2   0   0  18   0   1   3   0   4   0  2.51 0.84
  170 P    0 -3 -2 -3  4 -1 -4 -3 -3 -4 -5 -4 -3 -6  5 -2  5 -6 -5 -2    8   1   1   1   9   2   0   1   1   0   0   0   0   0  27   2  43   0   0   3  1.11 0.53
  171 V   -3 -6 -6 -6 -4 -6 -6 -7 -6  6 -2 -6 -2 -4 -6 -5 -2 -6 -5  5    1   0   0   0   0   0   0   0   0  52   0   0   0   0   0   0   2   0   0  43  1.63 0.61
  172 I   -2 -6 -6 -6 -1 -5 -6 -6 -6  6 -1 -5 -2  0 -6 -5 -1 -6 -4  5    3   0   0   0   1   0   0   0   0  45   1   0   0   3   0   0   3   0   0  42  1.34 0.53
  173 E   -5 -4 -1  5 -7  1  7 -5 -4 -7 -7 -3 -6 -7 -5 -4 -2 -7 -6 -6    0   0   2  27   0   5  62   1   0   0   0   0   0   0   0   0   2   0   0   0  1.69 0.67
  174 S    0 -4 -2 -3 -4 -4 -3 -4 -5 -4 -4 -4 -3 -6 -3  5  5 -6 -5 -4    5   0   1   1   0   0   1   0   0   1   1   0   1   0   1  48  40   0   0   1  1.32 0.63
  175 H   -6 -2 -3 -5 -7 -1 -4 -6 10 -7 -5  3 -6 -6 -6 -4 -6 -7 -1 -7    0   1   1   0   0   2   0   0  74   0   1  19   0   0   0   1   0   0   1   0  2.75 0.90
  176 P   -4 -5 -4 -1 -6 -3 -1 -4 -3 -6 -3 -4 -6 -7  8  0 -3 -7 -6 -6    1   0   0   4   0   1   4   1   1   0   3   0   0   0  77   6   1   0   0   0  2.22 0.76
  177 D   -4 -4 -2  7 -6 -3  4 -3 -4 -5 -6 -4 -6 -6  0 -3 -4 -6 -6 -6    1   0   1  62   0   0  26   2   0   1   0   0   0   0   4   1   0   0   0   0  1.69 0.63
  178 N   -1 -3  5  0 -1 -1  1 -3  4 -3 -3 -3 -3 -3 -1  1  3 -5 -1 -2    4   0  30   4   1   2   8   1  11   1   2   0   0   1   2   9  20   0   2   2  0.60 0.34
  179 A    3 -1 -2 -2 -3 -1  0 -2 -2 -2 -2  0 -2  2  3  2  0 -4 -2 -2   28   3   1   2   0   2   7   1   0   1   2   5   1   9  13  15   7   0   1   2  0.33 0.24
  180 L   -2 -1 -2 -3 -3  0 -3 -3  1  1  3 -2  1  1 -2 -2  3 -2 -2  0    1   3   2   1   0   5   0   1   4   8  33   1   3   6   2   2  22   0   0   5  0.35 0.24
  181 E   -2 -3 -1  3 -4  2  2 -3  1 -3 -3 -2 -3 -1  4 -1  2 -4  0 -1    2   0   2  16   0   9  14   1   4   1   1   0   0   3  19   4  15   0   3   5  0.45 0.28
  182 D   -5 -5 -1  8 -6 -4 -1 -5 -5 -6 -7 -4 -6 -7 -5  1 -4 -7 -6 -6    0   0   2  85   0   0   2   0   0   0   0   0   0   0   0   9   0   0   0   0  2.28 0.77
  183 L   -5 -6 -7 -7 -5 -6 -6 -7 -5 -1  7 -6 -2  0 -6 -6 -5 -5 -3 -2    0   0   0   0   0   0   0   0   0   2  93   0   0   3   0   0   0   0   0   1  1.91 0.70
  184 R   -5  8 -5 -6 -7 -1 -4 -5 -3 -7 -6 -1  1 -7 -6 -5 -5 -7 -6 -4    0  91   0   0   0   2   0   1   0   0   0   1   3   0   0   0   0   0   0   1  2.50 0.86
  185 L   -5 -6 -6 -7 -5 -5 -6 -7 -2  4  6 -6 -1 -2 -6 -6 -4 -5 -4 -1    0   0   0   0   0   0   0   0   1  20  75   0   0   1   0   0   0   0   0   2  1.53 0.59
  186 D   -3 -3  2  6 -1 -2 -1 -3  1 -2  1 -2 -3 -2 -4 -1  0 -5 -1 -2    1   1  10  44   1   1   3   1   4   1  17   1   0   1   0   4   6   0   2   2  0.69 0.37
  187 K    0  1  4 -1  2  2  0 -3  2 -4 -4  3 -3 -3 -4  0 -1 -5 -1 -3    9   7  23   2   5   9   3   0   4   1   0  22   0   1   0   5   4   0   2   1  0.46 0.29
  188 P   -2 -6 -6 -6 -7 -5 -5 -6 -6 -7 -4 -5 -3 -7  9 -4 -4 -8 -7 -6    3   0   0   0   0   0   0   0   0   0   2   0   1   0  91   1   1   0   0   0  2.95 0.94
  189 F   -5 -7 -7 -5 -6 -7 -7 -7 -6 -2 -4 -7 -5  7 -4 -7 -4 10 -1 -4    1   0   0   1   0   0   0   0   0   2   0   0   0  50   1   0   1  42   0   1  2.82 0.88
  190 P   -2 -4 -4 -1 -6 -1  0 -4 -2 -6 -4 -1 -5 -7  8 -2 -2 -7 -6 -5    4   1   0   3   0   3   7   1   1   0   1   4   0   0  69   3   2   0   0   0  1.87 0.68
  191 E    2 -3 -3 -1 -6  0  6 -2 -1 -5 -5 -1 -5 -6 -3  0 -1 -6 -5 -4   18   0   0   1   0   3  59   3   1   0   0   3   0   0   1   6   4   0   0   0  1.14 0.54
  192 L   -5 -6 -7 -7 -5 -6 -6 -7 -6 -2  7 -6 -2  0 -6 -5 -5 -5 -4 -2    0   0   0   0   0   0   0   0   0   0  93   0   0   4   0   0   0   0   0   2  1.91 0.70
  193 R   -1  2 -2 -2  0  1  1 -3  0  0  1  3 -1 -2 -3  0  0 -4 -2  0    5  11   0   1   2   8   8   0   2   6  15  21   0   1   0   7   5   0   0   8  0.20 0.18
  194 E    1  0  1  1 -1  2  4 -2 -2 -4 -4  2 -4 -5 -3  1 -1 -5 -4 -3   13   5   6   7   1   9  34   2   0   0   0  10   0   0   0   8   2   0   0   1  0.54 0.31
  195 H   -1 -4 -4 -5 -4 -4 -4 -5  7 -3 -1 -5  1  6 -5 -3 -4 -3  6 -3    5   1   0   0   0   0   1   0  24   1   7   0   3  31   0   1   1   0  23   1  1.29 0.52
  196 F    4 -4 -4 -5  0 -4 -3 -3 -4  1  0 -4  0  1 -4  0 -1 -5 -3  3   43   0   0   0   2   0   1   1   0   6   7   0   2   5   0   5   2   0   0  25  0.63 0.36
  197 Q    0  1  1  4 -3  3  2 -3 -2 -4 -2  1  0 -4 -3  0 -1 -5 -4 -3    9   6   7  23   0  12  16   0   1   0   4   9   2   1   0   5   3   0   0   2  0.42 0.25
  198 S    0 -3  0 -1 -3  0  1 -2 -3 -4 -4 -1 -4 -5 -3  5  3 -5 -4 -3    6   1   3   2   0   3   8   3   0   0   1   2   0   0   0  50  18   0   0   1  0.81 0.45
  199 Y   -2 -3 -3 -4 -2 -3 -3 -4 -2  4  2 -1  2  3 -4 -3  0 -3  3  1    3   1   1   0   0   1   1   1   1  25  20   4   5  12   0   1   7   0   9   9  0.42 0.24
  200 D   -4 -4  4  7 -6 -2  1 -3 -1 -5 -5 -2 -5 -6 -5 -2 -3 -7 -6 -4    1   0  18  64   0   1   6   1   1   1   1   2   0   0   0   1   1   0   0   1  1.61 0.61
  201 L   -3 -4 -6 -6 -4 -4 -5 -6 -5  3  5 -4  1  3 -5 -5 -4 -4 -1  0    1   0   0   0   0   0   0   0   0  18  58   0   3  11   0   0   0   0   2   5  1.06 0.44
  202 D   -1 -3  2  6 -3 -1  3 -2 -1 -5 -5 -1 -5 -6 -3  0  0 -4 -4 -5    6   0  10  42   1   2  18   2   1   0   0   4   0   0   1   7   5   0   0   0  0.88 0.41
  203 H    1 -2  3  0 -3  0  1 -1  2 -2 -3  0 -3 -4 -2  2  2 -4 -3  0   10   1  14   5   0   3   9   3   5   1   1   6   0   0   1  20  12   0   0   7  0.27 0.21
  204 M   -3 -4 -5 -4 -1 -1 -3 -5 -4  0  4 -3  8 -2 -2 -1 -2 -4 -3 -1    2   0   0   1   1   3   1   0   0   4  36   1  38   1   2   5   2   0   1   2  1.07 0.48
  205 E   -3 -4  2  7 -5 -3  1 -3 -2 -5 -5 -2 -5 -6 -1  1  1 -6 -5 -5    1   0   8  56   0   0   7   1   1   0   0   2   0   0   2  12   8   0   0   0  1.19 0.49
  206 K   -1 -1  1  3 -3 -1 -1 -2  0 -2 -1  2 -2 -1  3  1 -1 -4 -1 -1    5   2   6  18   0   2   1   2   2   1   7  13   0   3  13  13   3   0   2   5  0.23 0.18
  207 K   -1 -1  0 -1 -4  0  1 -4  6 -1 -2  2  2 -2 -3 -1  2 -4 -1  1    6   1   4   3   0   3   8   0  20   3   2  17   6   1   0   2  13   0   2  10  0.37 0.26
  208 D    1 -2 -2  5 -5  2  4 -3 -2 -3 -4 -1 -4 -5 -4 -1 -2 -5 -4 -1   12   1   1  34   0   8  28   1   1   2   1   3   0   0   0   3   2   0   0   4  0.76 0.38
  209 H   -5 -1 -4 -5 -6 -3 -4 -6 10 -4 -1 -4  0  0 -6 -5 -4 -5  0 -3    0   3   0   0   0   0   0   0  75   1   6   1   2   5   0   0   1   0   2   2  2.51 0.80
  210 S    1 -1 -1 -3 -1 -3 -3  4 -4 -4 -4  2 -3 -5 -4  4 -2 -5 -4 -4   13   4   1   0   2   0   0  31   0   1   1  15   0   0   0  30   1   0   0   0  0.71 0.38
  211 H   -6 -4 -3 -4 -7  0 -3 -3 11 -7 -7 -1 -6 -6 -6 -5 -6 -7 -3 -7    0   0   1   1   0   3   1   2  88   0   0   3   0   0   0   0   0   0   0   0  3.29 1.00
  212 T   -3 -5 -5 -5 -4 -5 -5 -6 -6  5  0 -5  1 -2 -5 -4  3 -5 -4  4    0   0   0   0   0   0   0   0   0  33   6   0   3   1   0   0  22   0   0  34  1.04 0.47
  213 P   -4 -6 -6 -6 -7 -6 -5 -6 -6 -7 -7 -5 -7 -8  9 -5 -4 -8 -7 -7    1   0   0   0   0   0   0   0   0   0   0   0   0   0  97   0   1   0   0   0  3.28 1.02
  214 W   -3 -6 -4 -7 -3 -5 -6 -6 -2 -5 -3 -6 -1  3 -7 -3 -5  8  9 -5    2   0   1   0   0   0   0   0   1   0   2   0   1  10   0   2   0  18  60   0  2.26 0.77
  215 I   -2 -5 -4 -6 -4 -5 -5 -5 -6  5  2 -5 -2 -3 -3 -4 -3 -5 -4  5    2   0   1   0   0   0   0   1   0  28  20   0   0   0   2   0   0   0   0  45  1.10 0.47
  216 V   -1 -5 -5 -6 -1 -5 -4 -6 -6  3  2 -5 -1 -3 -5 -4 -2 -5 -2  6    5   0   0   0   1   0   1   0   0  17  18   0   0   0   0   0   1   0   1  54  1.05 0.46
  217 I   -4 -6 -6 -6 -4 -6 -6 -7 -6  7  4 -6 -2 -3 -4 -5 -4  2 -4  1    0   0   0   0   0   0   0   0   0  57  33   0   0   0   1   0   0   2   0   6  1.45 0.55
  218 I   -4 -5 -6 -6 -4 -5 -6 -7 -2  2  6 -5  0  0 -6 -5 -4 -5 -1  1    0   0   0   0   0   0   0   0   1   9  73   0   1   4   0   0   0   0   2   8  1.30 0.52
  219 A    0 -4 -3 -5 -2 -4 -5 -5 -2  3  4 -4 -1  0 -5 -3 -3 -3  3  3    9   0   1   0   1   0   0   0   1  16  37   0   1   2   0   1   0   0  11  21  0.67 0.34
  220 K   -4  3 -2 -4 -6  1 -3 -5  6 -3 -5  6 -4 -5 -5 -4 -4 -5  1 -5    0  12   1   0   0   5   0   0  19   2   0  54   0   0   0   0   0   0   5   0  1.41 0.59
  221 Y    3 -4 -4 -5  0 -3 -4 -4 -1 -1 -1 -4  2  3 -5 -2 -2 -2  7 -1   27   0   1   0   2   1   0   1   1   3   4   0   5  11   0   2   2   0  36   5  0.92 0.45
  222 L    1 -5 -6 -6 -1 -5 -5 -6 -5  0  6 -5  3 -2 -5 -4 -2 -5 -4  0   12   0   0   0   1   0   0   0   0   4  69   0   6   1   0   1   2   0   0   4  1.14 0.49
  223 A   -1 -1  0  3 -5  3  5 -4  1 -4 -3  1 -4 -5 -4  0 -2 -5 -4 -5    6   3   3  14   0  14  40   0   3   0   3   6   0   0   0   5   2   0   0   0  0.74 0.39
  224 Q   -1  1 -1  1 -1  3  3 -4  0 -1 -2  3 -2 -2 -3 -2 -2 -3 -3 -1    4   6   1   6   2  14  25   0   2   4   4  22   0   2   0   1   1   0   0   4  0.45 0.28
  225 W   -7 -4 -8 -8 -7 -6 -7 -7 -7 -7 -6 -7 -6  0 -8 -7 -7 13  0 -7    0   1   0   0   0   0   0   0   0   0   0   0   0   4   0   0   0  91   2   0  4.54 1.22
  226 Y    0  4 -3 -4 -4  1 -2 -4 -3 -2 -3  6 -3 -2 -4 -2 -2 -5  1 -2    8  20   0   0   0   6   1   0   0   3   2  47   0   2   0   1   2   0   5   3  0.85 0.43
  227 S    1  0  1  0 -3  2  1 -3 -1 -3 -1  3 -3 -3 -3  2 -1 -4 -3 -2   14   3   7   3   0  11  10   0   1   1   7  20   0   1   0  16   3   0   0   2  0.30 0.23
  228 E    1 -2  1  0 -2  1  3 -3 -2 -2 -3  1 -2 -4 -2  2  2 -5 -3 -3   12   0   5   4   1   6  25   1   1   2   2   7   1   0   1  19  13   0   0   1  0.40 0.27
  229 T   -4 -2  2 -5 -7 -2 -4 -5 10 -2 -5 -1 -5 -5 -6 -4  0 -6  0 -5    1   2  10   0   0   1   0   0  69   3   1   3   0   0   0   0   6   0   2   1  2.29 0.79
  230 N   -2 -3  5  4 -4 -1  0  3  1 -5 -5 -2 -4 -5 -3  1 -2 -5 -4 -4    2   1  26  22   0   2   5  25   3   0   1   1   0   0   1  10   1   0   1   1  0.77 0.36
  231 G   -2 -5  2  1 -3 -4 -3  7 -4 -7 -6 -2 -6 -5 -4 -2 -4 -6 -5 -6    2   0  10   8   1   0   1  72   0   0   0   2   0   0   1   2   0   0   0   0  1.55 0.58
  232 R    1  2  2 -1 -1  3  0 -3  0 -3 -3  2 -3 -4 -3  1  0 -5 -4 -3   15  14  12   3   1  15   5   1   2   1   2  16   0   0   0   8   5   0   0   1  0.38 0.25
  233 I   -1 -4 -2 -4 -3 -3 -4 -4 -2  2  3 -3  1  2  3 -2 -2  1  2  0    6   0   3   0   0   1   0   1   1  10  32   1   3  10  15   2   1   2   8   6  0.44 0.26
  234 P   -5 -7 -7 -6 -8 -6 -6 -7 -7 -7 -6 -6 -7 -8  9 -4 -6 -9 -8 -7    0   0   0   0   0   0   0   0   0   0   1   0   0   0  98   1   0   0   0   0  3.38 1.05
  235 K   -1  0 -2 -1 -2  2  1 -3 -2 -2 -2  4 -2 -5 -2  3  1 -5 -4 -3    4   4   1   3   1   8   8   1   1   3   3  26   1   0   1  26  10   0   0   1  0.44 0.30
  236 T   -2 -4  5 -2 -3 -4 -2 -3 -4 -5 -5 -3 -5 -6 -4  3  6 -6 -5 -4    1   0  24   2   0   0   2   1   0   0   0   1   0   0   0  20  48   0   0   0  1.23 0.59
  237 Y   -3  3 -4 -5 -6 -3 -5 -5 -1 -4 -4 -3 -3  3 -2  0 -1 -2  8 -4    2  15   1   0   0   1   0   0   1   0   1   1   0  10   2   7   3   0  55   1  1.47 0.61
  238 K    2  0  0 -1 -4  1  2 -3 -2 -3 -4  5 -4 -5  0  0 -1 -5 -4 -3   17   3   3   3   0   5  14   1   1   2   0  36   0   0   4   7   2   0   0   2  0.54 0.33
  239 E   -4 -4 -4  3 -7  0  7 -6 -4 -7 -7 -1 -6 -7 -5 -3 -4 -7 -6 -6    1   0   0  14   0   4  77   0   0   0   0   3   0   0   0   1   1   0   0   0  1.89 0.74
  240 K   -4  3 -2 -5 -2 -1 -3 -5 -2 -7 -6  8 -5 -7 -5 -4 -5 -7 -6 -5    1  12   2   0   1   1   0   0   1   0   0  82   0   0   0   0   0   0   0   1  2.01 0.76
  241 E    0  0  1  0 -2  2  2 -3 -2 -3 -3  3 -3 -5 -3  0  2 -5 -4 -2    6   5   8   4   1   9  16   0   1   1   1  23   0   0   0   7  15   0   0   3  0.40 0.27
  242 D    2 -3 -3  1 -5  3  5 -4 -1 -2 -3 -1 -1 -4 -4 -1 -2 -5 -4 -2   21   0   0   7   0  13  39   0   1   2   3   2   1   1   0   3   2   0   0   3  0.70 0.40
  243 F   -6 -6 -7 -7 -6 -7 -7 -7 -5  0  1 -7 -3  9 -7 -6 -6 -2  0 -1    0   0   0   0   0   0   0   0   0   5  13   0   0  76   0   0   0   0   1   3  2.20 0.73
  244 R   -4  6 -4 -5 -7 -1 -2 -5 -4 -5 -4  6 -3 -6 -5 -4 -3 -6 -5 -4    1  45   0   0   0   2   2   0   0   1   2  46   1   0   0   0   1   0   0   1  1.59 0.63
  245 D    0 -1  0  4 -5  3  3 -3 -1 -4 -4  3 -3 -5 -4  0 -1 -5 -4 -4    8   2   3  22   0  12  23   1   1   0   1  18   0   0   0   6   3   0   0   0  0.63 0.34
  246 L   -1 -3 -2 -4 -1 -2 -3 -3 -2  2  3 -2  5  1 -4  0  0 -3 -1 -1    4   1   1   0   1   1   1   2   1  12  35   2  16   7   0   7   5   0   2   2  0.43 0.27
  247 I   -4 -5 -6 -6 -2 -5 -5 -6 -6  6  2 -5  0  1 -6 -5 -3 -5 -3  4    0   0   0   0   1   0   1   0   0  43  18   0   2   6   0   0   0   0   0  29  1.15 0.46
  248 R    0  5 -1 -2 -4  1  1 -3 -3 -2 -1  3  0 -4 -4  0 -2  0 -3 -2    6  34   2   2   0   5   8   1   0   2   8  18   2   0   0   6   2   1   0   2  0.50 0.29
  249 Q    2 -1  0  1 -4  3  1 -2 -1 -4 -4  2 -3 -4 -3  3 -1 -5 -4 -4   19   1   4   6   0  14   9   2   1   0   0  11   0   1   0  28   2   0   0   0  0.49 0.32
  250 G    1  0 -1 -2 -2 -1 -1  4  0 -3 -1  1  3  0 -3  0 -2  0  0 -2   11   4   2   1   1   2   3  31   3   1   6   9  11   4   1   5   1   1   4   2  0.31 0.21
  251 I    1  2 -3 -4 -2 -2 -3 -4 -3  3  0  1  6 -3 -3 -1 -1 -4 -3 -1   13  12   0   1   1   1   1   0   0  17   5  11  27   0   1   4   3   0   0   3  0.54 0.32
  252 L   -2  6 -2 -3 -4 -1 -2 -2 -1 -1  1  1  0 -2 -3 -1 -2  1 -2 -1    3  45   1   1   0   2   1   2   1   4  14   6   3   1   1   4   1   2   1   5  0.62 0.29
  253 K    0  2 -2 -2 -3  0 -1 -2 -2 -2 -2  4 -2 -3  0  0  2 -1 -2 -2    7  12   1   2   0   3   3   2   1   3   3  35   1   1   4   4  16   1   1   2  0.43 0.22
  254 N   -1 -1  4  3  1 -1  0  0  1 -1 -2  0 -2 -1 -2  1 -1 -2 -2 -2    3   2  23  18   3   2   4   7   4   5   3   5   1   3   2   8   4   0   1   2  0.28 0.13
  255 E   -1  0  2  0  1  0  3 -1  0  0 -1  0 -1 -2  0  0  0 -1 -1 -1    4   4  13   4   3   3  24   5   2   6   5   5   1   2   5   5   4   1   1   5  0.15 0.07
  256 N   -1 -1  3  1 -2  0  1 -1  2 -2 -2 -1 -1 -2  3  0  0 -2 -1 -2    5   3  16   7   1   3   8   4   7   2   5   3   1   2  17   6   4   1   2   3  0.25 0.09
  257 G   -1 -1  1  1 -1  0  0  3 -1 -1 -1 -1 -1 -2  0  0  0 -1 -1 -1    4   4   9   9   1   4   5  28   1   3   6   3   2   2   4   7   4   1   2   3  0.18 0.06
  258 A    1 -1  1  0 -1  0  0  1 -1  0 -1 -1  0 -1  0  0  0 -1 -1  1   11   3   7   6   1   4   4  10   1   9   6   3   1   2   5   8   7   1   1  12  0.03 0.02
  259 P    0 -1  0 -1 -2 -1  2 -1 -1 -2 -1 -1 -2  0  4  1  1 -2 -1 -1    6   2   3   3   1   2  17   4   1   2   5   2   1   5  20  14   8   0   2   3  0.28 0.15
  260 E    0 -2  0 -1 -2  0  2  2 -1  0  0 -1  1 -2  0 -1 -1 -3 -1  0    7   1   5   2   0   3  19  19   2   7  10   3   4   1   5   3   2   0   2   7  0.14 0.11
  261 D   -3 -3 -1  6 -5 -2  1  2 -1 -4 -3 -2 -3 -2 -3  0 -3 -5 -4 -3    1   1   2  50   0   1   8  17   2   1   2   1   0   2   1   6   1   0   0   2  0.93 0.40
  262 E   -3 -4 -2  0 -7 -1  7 -5 -4 -6 -5 -3 -5 -6 -5 -1 -4 -6 -5 -6    2   0   1   3   0   1  85   0   0   0   1   0   0   0   0   4   1   0   0   0  1.99 0.75
  263 E   -4 -2 -3  2 -6  0  7 -5 -4 -6 -3 -3 -4 -4 -5 -3 -1 -6 -4 -3    1   2   0  10   0   2  72   0   0   0   3   0   0   1   0   1   4   0   0   2  1.50 0.63
  264 N   -6 -3  9 -3 -7 -4 -4 -5 -4 -2 -7 -4 -6 -7 -6 -4 -4 -7 -6 -6    0   1  94   0   0   0   0   0   0   3   0   0   0   0   0   0   0   0   0   0  2.80 0.93
  265 F   -6 -6 -6 -7 -6 -6 -6 -7 -2 -1 -2 -6 -3  8 -7 -6 -5 -3  5 -3    0   0   0   0   0   0   0   0   1   4   2   0   0  70   0   0   0   0  20   2  2.26 0.74
  266 E   -2 -1 -1  5 -5  0  5 -4 -3 -1 -4  2 -3 -5 -4 -2 -1 -6 -5 -1    3   2   2  29   0   3  35   0   0   4   1  11   0   0   0   1   3   0   0   4  0.79 0.40
  267 E   -3 -4 -4 -2 -7 -2  8 -6 -4 -7 -7 -3 -6 -7 -5 -3 -5 -7 -6 -6    2   0   0   1   0   0  95   0   0   0   0   0   0   0   0   1   0   0   0   0  2.47 0.89
  268 A    7 -5 -5 -6 -4 -5 -5 -1 -5 -5 -5 -5 -5 -6 -5 -3 -2 -6 -6 -3   93   0   0   0   0   0   0   3   0   0   0   0   0   0   0   0   2   0   0   1  2.00 0.78
  269 I   -1 -2 -4 -3  1 -2  0 -4 -2  4  1 -1  2 -2 -4 -1 -1 -4 -2  3    5   2   0   1   4   1   6   0   1  31  14   3   5   1   0   3   2   0   1  20  0.42 0.25
  270 K    4  1 -1  0 -4 -1  1 -1 -3 -4 -4  3 -3 -5 -3  0  0 -5 -4 -3   34   8   3   5   0   2  10   3   0   0   0  22   0   0   0   6   6   0   0   0  0.53 0.33
  271 N    5 -4  4 -4 -4  3 -3 -2 -1 -4 -4 -2 -2 -4 -4  1 -3 -5 -3 -4   52   0  18   0   0  12   0   2   2   1   1   2   1   1   0   7   0   0   1   0  0.90 0.48
  272 V    3 -4 -5 -5 -1 -4 -4 -4 -2  1 -1 -4  1 -2 -5  0 -2 -5 -1  5   23   0   0   0   1   0   0   0   1   5   4   0   3   1   0   9   1   0   2  50  0.81 0.42
  273 N   -2 -1  5 -3 -5 -3 -3 -3  2 -2  1 -4  2  3 -5 -3 -3  5  4 -2    2   3  28   0   0   0   1   2   4   1  16   0   6  12   0   0   1   7  15   2  0.70 0.38
  274 T   -4  4 -3 -4 -5 -2 -3 -4  0 -2 -3  5 -2 -2 -3 -2  3 -6 -4 -4    0  26   0   0   0   0   0   0   2   2   2  40   1   2   1   2  21   0   0   1  1.00 0.49
  275 A    4 -4 -2 -3  4 -3 -3 -3  1 -1 -1 -3 -2 -4 -1  2  1 -4  0  2   36   0   2   0   9   0   0   0   4   2   4   0   1   0   2  15   7   0   3  14  0.49 0.32
  276 L   -3 -5 -5 -6  0 -5 -5 -4 -2  2  3 -5 -1  4 -5 -1 -3  6  1  1    1   0   0   0   2   0   0   1   1  14  30   0   1  19   0   5   0  11   4  10  0.76 0.35
  277 N    1  0  3 -2 -3  2 -1  0  1 -2 -3  0 -1 -3 -3  1  2 -4 -2  0   10   4  18   0   0  11   1   7   4   2   1   5   1   1   1  12  14   0   1   8  0.25 0.21
  278 T    0  0 -2 -3 -3 -1  1 -2 -2 -2 -3  2 -4 -5  6  0  2 -5 -4 -2    7   5   1   1   1   2   8   2   1   2   3  12   0   0  36   6  12   0   0   3  0.70 0.35
  279 T   -2  0 -2 -3 -3 -1 -4 -2 -1 -4 -3 -3 -4 -1  4  1  5  0  2 -4    2   7   1   0   0   2   0   3   2   1   1   1   0   3  20  10  39   1   7   0  0.74 0.43
  280 Q   -1  0 -1  0 -4  2  1  1 -1 -3 -3  2 -2 -3  0  2  2 -4 -3 -2    2   3   2   4   0  12  10  13   1   1   2  14   1   1   3  16  12   0   0   2  0.28 0.22
  281 I   -2 -6 -6 -6 -4 -5 -6 -6 -6  6  2 -5  1 -3 -1 -5 -3 -5 -4  4    2   0   0   0   0   0   0   0   0  46  18   0   2   0   3   0   0   0   0  28  1.17 0.48
  282 P   -3 -1 -3 -4 -6 -4 -4 -1 -5 -6 -6 -3 -6 -7  8  2 -3 -7 -6 -6    1   4   1   1   0   0   1   4   0   0   0   1   0   0  68  18   1   0   0   0  1.98 0.72
  283 S   -1  0 -1  1 -4 -1  0 -1 -2 -4 -4 -2 -3 -2  1  5 -1 -1 -2 -2    4   4   1   9   0   2   5   4   1   0   1   1   0   2   6  53   2   1   2   2  0.66 0.41
  284 S    0 -2  2  3 -1 -1  3  0  1 -5 -5 -2 -4 -5 -3  3 -1 -5 -3 -4    5   1  11  15   2   2  22   8   4   0   0   1   0   0   0  25   3   0   0   0  0.55 0.32
  285 I   -2 -5 -6 -6  1 -5 -5 -6 -6  5  2 -5 -2 -3 -5 -4 -1 -5 -4  5    3   0   0   0   2   0   0   0   0  33  18   0   0   0   0   0   3   0   0  39  1.07 0.45
  286 E   -1  3 -2 -2 -4  4  2 -4 -1 -2 -1  3  1 -4 -4  0 -2 -1 -2 -2    6  16   0   1   0  19  11   0   1   2   6  23   3   0   0   6   2   1   1   2  0.49 0.30
  287 D    1 -2  1  3 -3  4  4 -3 -2 -5 -4  0 -4 -5 -2  0 -1 -3 -2 -4   14   1   7  17   1  18  25   1   0   0   1   6   0   0   1   5   3   0   1   0  0.58 0.33
  288 I   -3 -5 -6 -6 -4 -5 -6 -6 -6  6  3 -5  1 -3 -6 -5 -3 -5 -4  3    1   0   0   0   0   0   0   0   0  43  30   0   2   0   0   0   1   0   0  22  1.21 0.48
  289 F   -5 -6 -6 -6 -1 -6 -6 -6 -5  1  4 -6  1  7 -6 -5 -5 -3 -1 -2    0   0   0   0   1   0   0   0   0   8  35   0   3  49   0   0   0   0   1   1  1.47 0.55
  290 N   -1 -2  5  3 -5  1  3 -3  0 -5 -5  1 -3 -4 -4  0 -1 -5 -2 -4    5   1  30  13   0   6  22   1   2   0   1   7   1   0   0   7   3   0   1   0  0.68 0.34
  291 D   -1 -3 -1  7 -3 -3 -1 -4  2 -4 -4 -3  2 -3 -5 -1 -3 -5  2 -5    6   1   1  61   1   0   2   0   4   1   1   1   6   1   0   5   1   0   8   0  1.26 0.54
  292 D    0 -2  0  4 -2 -1  2 -2 -2 -2 -3 -1 -4 -4  5  0 -1 -5 -4 -3    8   1   4  21   1   2  15   2   1   2   2   2   0   0  27   7   3   0   0   1  0.62 0.30
  293 R    1  2  0 -1  2  2  1 -2  2 -3 -3  2 -2 -3 -1  2 -1 -4 -3 -3   11  13   4   3   6   9   9   2   5   1   1  12   1   1   2  18   3   0   0   0  0.30 0.21
  294 C    2 -5 -4 -4  9 -3 -3 -4 -3 -1 -1 -4 -3 -4 -4  0  0 -4 -3  0   15   0   0   1  50   1   2   1   0   3   7   1   0   1   1   7   5   0   1   6  1.42 0.52
  295 I    0  0  0  0 -1  2  1 -2 -1  1  0  1 -1 -3 -2  0  1 -3 -2  0    9   5   3   6   1  10   9   1   2  13   7  11   1   0   1   6   9   0   0   6  0.10 0.11
  296 N   -2 -2  6  2 -2  1  2 -2  2 -5 -4  0 -3 -5 -2  1 -1 -5 -4 -4    2   0  41   9   1   6  12   2   5   0   1   5   0   0   1   8   3   0   0   1  0.78 0.39
  297 I   -2 -3 -4 -3 -3 -3 -2 -2 -4  3  4 -3  0 -2  0 -2 -2 -4 -3  2    2   1   0   2   0   1   2   3   0  18  42   1   1   0   6   3   1   0   0  17  0.54 0.29
  298 T   -1 -1  3  1 -1  0 -1 -2  1 -4 -4 -1 -3 -4 -3  3  5 -5 -4 -3    3   3  12   9   1   3   2   3   3   0   1   2   1   1   1  21  34   0   0   0  0.59 0.35
  299 K    2 -1 -2 -2 -4  1  2 -2  1 -3 -3  2 -3 -4  2  3  0 -3 -4 -2   16   2   1   1   0   5  14   2   3   1   1  14   0   0  12  21   5   0   0   2  0.38 0.26
  300 Q   -1 -1  3  2 -1  3  2 -2 -2 -4 -3  2 -2 -5 -2  2  1 -5 -4 -4    3   1  15   9   1  16  11   2   1   0   2  12   1   0   1  17   9   0   0   0  0.44 0.29
  301 T   -2 -1 -1 -2 -4 -3 -3 -4 -3 -5 -4 -1 -3 -5 -3  6  3 -6 -3 -3    0   3   2   1   0   0   0   0   0   0   2   4   0   0   1  65  18   0   1   2  1.21 0.59
  302 P    0 -2 -1  0 -4  0 -1 -1 -2 -5 -3  1 -3 -4  4  4  0 -5 -4 -4    7   1   2   6   0   3   3   3   1   0   2   9   0   0  20  37   5   0   0   0  0.61 0.36
  303 S   -1 -3  3  3 -4 -1 -1 -2 -2 -1 -3 -2 -2 -4  4  3  0 -5 -3 -2    5   0  14  16   0   2   3   2   1   4   1   1   1   0  20  21   4   0   1   2  0.52 0.30
  304 F   -7 -7 -7 -8 -7 -7 -8 -7 -6 -4 -2 -7 -4  9 -8 -7 -6 -3  0 -5    0   0   0   0   0   0   0   0   0   0   2   0   0  95   0   0   0   0   1   0  3.10 0.95
  305 W   -8 -8 -8 -9 -7 -5 -8 -8  0 -7 -6 -8 -6  2 -9 -8 -7 13 -1 -8    0   0   0   0   0   1   0   0   2   0   0   0   0   6   0   0   0  89   1   0  4.51 1.24
  306 I   -3 -5 -6 -6 -4 -4 -6 -6  2  6  1 -4 -1  0 -6 -5 -3 -5 -3  4    1   0   0   0   0   0   0   0   6  51  12   1   0   3   0   0   1   0   1  23  1.15 0.48
  307 L   -4 -5 -6 -6 -3 -4 -6 -6 -5  5  4 -4  6 -1 -6 -5 -4 -5 -1  0    0   0   0   0   0   1   0   0   0  29  43   1  18   2   0   0   0   0   2   3  1.18 0.49
  308 A    5 -5 -5 -5  3 -4 -4 -4 -5  0  0 -4 -2 -4 -4 -1  0 -5 -4  3   47   0   0   0   7   0   0   0   0   5  11   0   0   0   0   2   5   0   0  24  0.83 0.44
  309 R    3  4  1 -1 -3 -2  0 -3  5 -5 -4  2 -3 -5 -4  0 -3 -5 -4 -4   27  23   6   3   0   1   5   1  13   0   1  13   1   0   0   7   0   0   0   0  0.63 0.37
  310 A    7 -5 -5 -6 -1 -5 -5 -1 -6 -5 -5 -5 -5 -6 -5 -1 -1 -7 -6 -4   90   0   0   0   1   0   0   3   0   0   0   0   0   0   0   3   3   0   0   0  1.90 0.76
  311 L   -4 -6 -7 -7 -4 -5 -6 -7 -6  2  5 -6 -1 -3 -6 -5 -4 -5 -4  4    0   0   0   0   0   0   0   0   0  11  60   0   1   0   0   0   0   0   0  28  1.32 0.53
  312 K   -2  5 -1 -4 -6 -1 -2 -3 -1 -6 -6  6 -4 -6 -5  0 -4 -6 -5 -6    3  25   2   0   0   2   1   1   2   0   0  56   0   0   0   6   0   0   0   0  1.35 0.58
  313 E   -1  2 -1  3 -3  3  4 -3  0 -4 -3  0 -2 -5 -4 -1 -1 -5 -4 -3    6  12   1  17   1  13  30   1   2   0   3   5   1   0   0   3   3   0   0   1  0.59 0.33
  314 F   -7 -7 -8 -8 -7 -8 -8 -8 -5 -4 -4 -8 -4  9 -8 -7 -7 -3  2 -5    0   0   0   0   0   0   0   0   0   0   0   0   0  95   0   0   0   0   5   0  3.15 0.96
  315 V   -2 -4 -5 -5 -3 -4 -5 -5 -1  2  0 -4  1 -1 -5 -4  1 -2  5  5    2   1   0   0   0   0   0   0   1  12   5   0   3   1   0   0   8   0  20  44  0.88 0.42
  316 A    2 -1  0  2 -3  1  3 -2  0 -1 -2 -1 -2 -3 -2  1  0 -4 -2 -1   21   3   4  10   0   5  23   1   2   4   4   2   1   0   1   8   6   0   1   3  0.27 0.19
  317 K   -1  0  5 -1 -3  1  0 -2  1 -3 -3  3 -3 -4 -2  0  0 -4 -3 -2    5   3  33   2   0   6   6   1   3   1   2  22   0   0   2   6   4   0   0   2  0.58 0.31
  318 E   -3 -3  1  0 -5  0  6 -4  6 -5 -4 -2 -4 -4  0 -1 -3 -5 -2 -4    2   0   7   3   0   3  51   1  19   0   1   2   0   1   4   4   0   0   1   1  1.12 0.48
  319 G   -1 -1  2  0 -2 -2 -1  5 -3 -4 -4 -2 -3 -4  2 -1 -1 -3 -3 -3    3   3  11   4   1   1   5  48   0   1   2   1   0   1   9   4   4   0   1   2  0.69 0.27
  320 Q    0 -1  3  1 -1  2  0  1  3 -3 -3  0 -2 -2 -1  0  0 -3  0 -2    8   3  15   7   2  14   3  11   9   1   2   6   1   1   3   4   5   0   3   1  0.23 0.14
  321 G   -2 -3 -1 -3 -4  0 -2  6  1 -4 -2 -1 -4 -4 -3 -2 -3 -4 -3 -4    2   1   3   1   0   5   2  67   4   1   4   4   0   0   1   2   1   0   1   1  1.20 0.44
  322 N   -1  1  1 -1  2  0  1 -3 -2 -1  1 -1  0 -1 -1  0  1 -3  0  1    4   7   8   2   5   4  12   1   0   2  15   3   1   2   3   6   9   0   3  14  0.08 0.11
  323 L   -1 -5 -6 -6 -4 -5 -5 -6 -6 -2  6 -5  1 -2 -2 -5 -3 -5 -4 -1    6   0   0   0   0   0   0   0   0   0  83   0   2   1   2   0   1   0   0   2  1.47 0.58
  324 P   -5 -6 -6 -6 -7 -6 -6 -7 -7 -7 -7 -5 -7 -8  9 -5 -5 -8 -7 -7    0   0   0   0   0   0   0   0   0   0   0   0   0   0  98   0   0   0   0   0  3.38 1.04
  325 V   -4 -5 -6 -7 -4 -4 -6 -7 -1 -1  6 -5  0 -3 -6 -5 -2 -5 -4  3    0   0   0   0   0   1   0   0   2   0  70   0   1   0   0   0   2   0   0  23  1.36 0.56
  326 R   -1  4 -3 -2 -5 -1  1 -4 -2 -4 -4  0 -4 -5  5  2  1 -5 -4 -3    3  22   0   1   0   2  11   0   1   0   1   5   0   0  27  17   8   0   0   1  0.74 0.38
  327 G   -2 -6 -4 -5 -6 -5 -6  7 -6 -7 -7 -5 -6 -7 -2 -1 -5 -6 -4 -7    2   0   0   0   0   0   0  89   0   0   0   0   0   0   3   5   0   0   1   0  2.17 0.74
  328 T    1 -3  0 -2 -3 -3 -3 -1 -2 -2 -3 -1 -2 -4 -4  4  4 -5 -4  1   11   1   4   1   0   0   1   5   1   2   1   3   0   0   0  31  29   0   0   9  0.58 0.37
  329 I   -4 -5 -6 -6 -4 -5 -6 -7 -6  5  5 -6  0 -2 -6 -5 -4 -5 -4  2    0   0   0   0   0   0   0   0   0  35  51   0   1   0   0   0   0   0   0  13  1.28 0.51
  330 P   -5 -7 -6 -6 -7 -6 -6 -7 -7 -7 -7 -5 -7 -8  9 -5 -6 -8 -7 -7    0   0   0   0   0   0   0   0   0   0   0   0   0   0  98   0   0   0   0   0  3.38 1.04
  331 D   -6 -6 -3  9 -8 -5 -3 -6 -5 -7 -8 -5 -7 -8 -6 -5 -5 -8 -7 -7    0   0   0  99   0   0   0   0   0   0   0   0   0   0   0   0   0   0   0   0  2.96 0.95
  332 M   -6 -6 -7 -8 -6 -5 -7 -7 -6 -2 -2 -6 11 -5 -7 -6 -5 -6 -6 -4    0   0   0   0   0   0   0   0   0   1   2   0  96   0   0   0   0   0   0   0  3.63 1.14
  333 I   -1 -2 -2 -4 -5 -2 -1 -5  3  2 -4  5 -3 -3 -4 -2  5 -5 -4 -2    5   1   2   0   0   1   3   0   7  12   0  34   0   1   0   1  33   0   0   1  0.83 0.46
  334 A    6 -5 -4 -5  0 -4 -4 -4 -5 -5 -5 -4 -5 -6 -4  4 -1 -6 -5 -4   61   0   0   0   2   0   0   0   0   0   0   0   0   0   0  36   2   0   0   0  1.49 0.67
  335 D   -3 -2 -1  6 -5  3  0 -4 -1 -5 -4 -2 -3 -2 -4  2  0 -6 -5 -5    1   2   2  46   0  12   5   0   1   0   2   2   0   2   0  19   5   0   0   0  0.96 0.47
  336 S   -3 -5 -4 -5 -5 -4 -4 -5 -5 -5 -6 -4 -5 -6 -4  5  6 -7 -6 -5    0   0   0   0   0   0   0   0   0   0   0   0   0   0   0  44  55   0   0   0  1.78 0.76
  337 G    1 -1  2  2 -3  1  4  0 -1 -4 -4  1 -3 -4 -3  1  0 -5 -4 -3   10   1   9  10   0   7  28   6   1   1   1   8   0   0   0  12   4   0   0   2  0.41 0.26
  338 K   -1  2  1  1 -2  0 -1 -2  2 -2 -2  2 -2 -3 -3  2  0 -4  0  0    2  13   6   8   1   3   2   2   6   1   2  16   1   1   1  18   5   0   3   9  0.22 0.19
  339 Y   -6 -6 -7 -8 -7 -6 -7 -7 -3 -6 -5 -6 -5  3 -7 -6 -6 -2 10 -6    0   0   0   0   0   0   0   0   0   0   0   0   0  10   0   0   0   0  89   0  3.18 1.00
  340 I   -4 -6 -6 -6 -4 -6 -6 -7 -6  7  0 -6 -1 -4 -6 -4 -2 -6 -5  5    0   0   0   0   0   0   0   0   0  57   4   0   0   0   0   1   2   0   0  35  1.59 0.60
  341 K    1  1  2 -2 -3  2  0 -2  3 -4 -4  4 -3 -4 -3  1  1 -1 -3 -3   12   5  10   0   1  11   3   2   8   0   1  26   0   0   0   8  11   1   0   1  0.45 0.29
  342 L   -5 -6 -7 -7 -5 -6 -7 -7 -7 -1  7 -6 -1 -3 -7 -6 -5 -5 -5 -2    0   0   0   0   0   0   0   0   0   2  95   0   1   0   0   0   0   0   0   1  2.00 0.72
  343 Q   -1 -3 -4 -5 -7  9 -3 -6 -4 -7 -5 -2 -5 -7 -6 -3 -5 -6 -6 -6    5   0   0   0   0  92   0   0   0   0   1   1   0   0   0   1   0   0   0   0  2.70 0.99
  344 N   -3  1  6 -2 -5  2 -1 -2  1 -5 -5  3 -3 -6 -4  0  1 -6 -4 -3    1   7  40   0   0  11   2   3   3   0   0  16   0   0   0   6   8   0   0   2  0.86 0.43
  345 V   -3 -5 -6 -6 -3 -5 -6 -6 -4  6  2 -4  1 -3 -6 -5 -2 -5 -4  3    1   0   0   0   0   0   0   0   1  51  19   1   3   0   0   0   2   0   0  21  1.21 0.48
  346 Y   -6 -5 -7 -7 -7 -6 -7 -7 -1 -6 -5 -6 -5  2 -7 -6 -6 -2 10 -6    0   0   0   0   0   0   0   0   1   0   0   0   0   7   0   0   0   0  91   0  3.22 1.01
  347 R   -2  5 -2 -4 -6  3 -3 -5  4 -5 -3  5 -3 -5 -5 -3 -4 -6 -2 -4    3  30   1   0   0  12   0   0   9   0   3  37   1   0   0   1   0   0   1   1  1.11 0.52
  348 E    2 -1  0  1 -4  2  3 -2 -2 -4 -5  2 -3 -5 -3  1  1 -5 -4 -3   19   3   4   8   0  10  23   1   1   0   0  10   0   0   1   9  10   0   0   1  0.46 0.30
  349 K   -3  2 -4 -5 -7  5 -2 -6 -2 -7 -6  7 -5 -7 -5 -3 -5 -7 -6 -6    1   8   0   0   0  22   1   0   1   0   0  65   0   0   0   1   0   0   0   0  1.78 0.73
  350 A    7 -5 -5 -6 -5 -5 -5 -4 -2 -5 -6 -5 -5 -3 -5  0 -4 -7 -2 -4   90   0   0   0   0   0   0   0   1   0   0   0   0   1   0   6   0   0   1   0  1.96 0.80
  351 K    0  4 -1  0 -5  1  3 -4 -1 -2  0  2  0 -4 -4 -2 -2 -3 -3 -1    8  25   2   4   0   5  21   0   1   2   9  13   3   0   0   2   1   0   0   4  0.43 0.29
  352 K    2  1 -1 -2 -4  3  2 -3  1 -4 -3  3 -2 -4 -3  1 -1 -5 -3 -2   22   7   2   1   0  13  14   0   3   1   2  21   1   0   0  10   2   0   0   2  0.47 0.31
  353 D   -6 -6 -2  8 -3 -4  1 -6 -3 -7 -8 -5 -7 -8 -6 -4 -5 -8 -7 -7    0   0   0  89   1   0   8   0   1   0   0   0   0   0   0   0   0   0   0   0  2.56 0.88
  354 A    4 -2 -4 -4  2  0 -3 -3 -4  0  1  0 -1  1 -4 -2 -2 -4 -1  2   35   1   0   0   4   5   0   0   0   6  12   7   1   7   0   2   1   0   2  16  0.39 0.29
  355 A    3 -2  0  1 -3  1  2 -2 -1 -2  0  1 -2 -3 -3  0 -1 -4 -3 -2   32   1   3   7   0   7  15   2   1   1  11   7   0   0   0   7   3   0   0   1  0.31 0.25
  356 A    3 -2 -1 -1 -1  1  3 -3 -2  1 -1  0 -2 -2 -3 -1 -2 -3 -3  1   27   2   2   3   1   6  25   0   0   8   6   4   0   1   0   3   1   0   0  10  0.34 0.26
  357 V   -4 -5 -6 -6 -4 -5 -6 -6 -5  2  0 -5  2  4 -6 -5 -3 -4 -2  6    0   0   0   0   0   0   0   0   0  10   5   0   5  20   0   0   0   0   0  58  1.32 0.54
  358 G   -1  0 -2 -2 -2 -1  1  0  2 -2  1  2 -1  0 -3  0  1  3  1 -1    3   4   0   0   1   2  13   7   6   1  14  13   1   3   0   6  12   5   6   3  0.15 0.16
  359 N    0  2  2  0 -4  2  2  0  1 -4 -3  2 -3 -4 -3  1 -1 -4 -2 -2    8  13  11   4   0   9  13   8   4   1   1  10   0   0   0  12   3   0   1   2  0.30 0.20
  360 H   -2  3 -2 -3 -1 -1 -2 -3  6  1  0  0 -2 -1 -4 -1  1 -3  3 -2    2  20   1   1   1   2   2   1  19  10   9   5   1   2   0   3  10   0  12   1  0.47 0.30
  361 V    1 -5 -5 -5  0 -5 -5 -5 -5  1  2 -5 -1 -4 -5 -3  1 -5 -4  6   10   0   0   0   2   0   0   0   0   4  17   0   1   0   0   1   8   0   0  55  0.98 0.46
  362 A    1  4  0 -1 -2  3  0 -3  1 -2 -1  1 -2 -3 -4  0 -2 -4 -1 -3   10  30   3   3   1  16   5   1   3   2   6   9   1   1   0   5   2   0   2   1  0.46 0.28
  363 K    0  1  1  0 -2  3  2 -1  0 -4 -4  3 -2 -3 -3  1 -1 -4 -3 -3    9   5   8   5   1  18  14   4   2   0   1  17   1   1   0  12   2   0   0   1  0.38 0.25
  364 L   -2 -2 -3 -4 -2 -3 -4 -4  0  4  3 -3  0  0 -4 -3  0 -3  0  1    3   2   1   1   1   0   1   1   3  27  35   1   1   3   0   1   7   0   3   9  0.52 0.27
  365 L   -2 -3 -4 -3 -1 -3  2 -4 -4  0  5 -3  0 -2 -2 -3 -2 -4 -3  1    4   1   1   1   1   1  14   1   0   3  58   1   1   1   2   1   1   0   0   8  0.72 0.35
  366 Q    1  1  0  0 -1  3  1 -1  0 -3 -2  3 -2 -3 -2  0  0 -3 -2 -1   10   8   3   5   1  17   7   4   3   1   3  19   0   1   1   8   5   0   1   4  0.26 0.17
  367 S   -1  1  0  0 -1  3  2  0 -2 -2 -3  2 -2 -3 -2  2 -1 -3 -3 -2    4   7   5   4   1  17  12   6   1   2   2  12   1   1   1  21   2   0   1   2  0.33 0.21
  368 I   -1  0 -3 -3 -2 -1 -2 -2 -2  3  3 -2  0 -1 -3 -2 -1 -3 -2  2    6   6   1   1   0   2   2   2   1  21  34   1   1   2   1   2   3   0   1  14  0.36 0.20
  369 G   -1 -2  1 -1 -3 -1 -2  6 -1 -4 -4 -1 -4 -4 -2  0 -3 -4 -4 -3    4   2   6   3   0   3   2  60   2   1   2   3   0   1   1   5   1   0   0   2  0.97 0.37
  370 Q   -2  5 -2 -3 -4  2 -1 -2 -2 -2  0  3  0 -3  0 -1 -2 -2 -3  0    3  32   1   1   0   9   2   2   1   1  11  16   3   1   5   4   2   0   0   6  0.45 0.25
  371 A    1 -1 -1  2 -1 -1 -1  1  0 -2 -3 -2 -3 -4  4  2 -1 -4 -3 -2   12   3   1  14   1   3   3   9   2   2   2   1   0   0  23  15   4   0   0   2  0.43 0.23
  372 P    0  0 -1 -1 -1  0  0  0  1 -2 -2 -1 -1 -3  5  1  1 -2 -2 -1    6   5   2   4   1   4   7   8   3   2   3   2   1   0  26  10   8   1   1   5  0.35 0.19
  373 E   -1  0  1  5 -3 -1  3 -2 -1 -3 -4 -1 -3 -4 -1  1 -1 -4 -3 -1    5   4   6  31   1   1  20   3   1   1   1   3   0   0   3  11   2   0   1   6  0.50 0.27
  374 S    0 -1 -1  0 -1  0  1 -3  0 -2 -2 -1 -2 -2  2  4  1 -4 -3 -2    6   2   2   4   1   5   7   1   2   2   5   3   1   1  10  36   9   0   1   3  0.36 0.27
  375 I   -4 -6 -6 -7 -5 -4 -6 -7 -6  7 -1 -6 -2 -1 -6 -6 -4 -6 -5  4    1   0   0   0   0   1   0   0   0  69   4   0   0   2   0   0   0   0   0  22  1.73 0.64
  376 S   -1 -2  0  3 -1 -2 -1 -3 -3 -5 -4 -1 -3 -5  3  4  2 -6 -5 -4    3   1   3  15   1   1   3   1   0   0   2   3   0   0  15  39  12   0   0   0  0.72 0.42
  377 E   -2  0 -1  3 -5  0  5 -4 -1 -4 -2  1 -3  0  0 -1 -3 -5 -3 -3    2   5   2  19   0   3  36   0   1   1   5   9   0   4   6   4   0   0   1   2  0.59 0.34
  378 K    1  0 -1  2 -3  0  3 -2 -1 -4 -4  3 -1 -4  0  0 -1 -5 -4 -3   14   5   1  14   0   4  20   2   1   0   1  20   2   0   4   8   2   0   0   1  0.41 0.27
  379 E   -2 -2 -2  3 -4  0  5 -4 -3 -3 -2 -1  1 -5 -3 -1  1 -5 -1 -1    3   1   1  19   0   2  38   0   0   1   5   3   5   0   0   4  11   0   2   4  0.64 0.38
  380 L   -3 -6 -6 -6  1 -6 -6 -7 -6  6  1 -6 -2 -4 -6 -4 -1 -6 -4  5    1   0   0   0   3   0   0   0   0  40  10   0   0   0   0   1   4   0   0  41  1.28 0.53
  381 K   -1  2 -3  2 -6 -1  4 -4 -1 -5 -4  5 -3 -5 -4 -2 -2 -6 -1 -4    5   9   0  11   0   1  25   0   1   0   1  39   0   0   0   2   1   0   2   1  0.85 0.44
  382 L    0  0 -1 -1 -3  0 -1 -2  0  0  3 -1  0 -1 -4  1  1 -4 -3  0    7   7   2   3   0   4   3   2   2   4  34   2   1   1   0  14  10   0   0   4  0.21 0.20
  383 L   -6 -7 -7 -8 -7 -7 -8 -8 -6 -3  0 -7 -4  9 -8 -7 -6 -1  0 -4    0   0   0   0   0   0   0   0   0   1   9   0   0  87   0   0   0   1   2   1  2.76 0.89
  384 C   -3 -8 -7 -8 11 -7 -8 -7 -7 -4 -5 -7 -6 -7 -7 -2 -4 -7 -7  2    2   0   0   0  81   0   0   0   0   0   1   0   0   0   0   3   0   0   0  13  3.32 1.00
  385 S   -4  4 -4 -5 -7 -2 -3 -5 -2 -6 -5  7 -5 -7 -5  0 -3 -7 -6 -6    0  19   0   0   0   1   0   0   1   0   1  70   0   0   0   7   1   0   0   0  1.77 0.71
  386 N   -5 -4  8 -3 -7 -3 -1 -3  5 -7 -7 -2 -5 -6 -6 -3 -4 -7  0 -7    0   1  74   0   0   1   3   2  14   0   0   1   0   0   0   0   0   0   3   0  2.15 0.80
  387 S    6 -5 -4 -5  1 -4 -4 -3 -5 -4 -5 -4 -4 -4 -4  3 -1 -6 -5 -1   71   0   0   0   3   0   0   0   0   1   0   0   0   1   0  18   3   0   0   4  1.38 0.63
  388 A    4  3 -1 -2 -4 -1 -3 -1  4 -4 -3 -2 -4 -3 -1  2 -2 -5 -2 -4   33  18   2   1   0   2   0   4  12   0   3   1   0   1   2  19   1   0   1   0  0.61 0.38
  389 F   -1 -1  1 -1 -1 -2 -2  0  4 -3 -2  1 -2  5 -4 -1 -3  0  2 -4    6   2   8   4   1   1   2   8  12   1   2  10   0  32   0   4   1   1   5   0  0.53 0.31
  390 L   -3 -5 -6 -6 -4 -5 -6 -6 -6  5  5 -5 -1 -3 -6 -5 -3 -5 -4  2    1   0   0   0   0   0   0   0   0  30  53   0   0   0   0   0   0   0   0  14  1.24 0.51
  391 R   -1  5 -2 -3 -1  0 -2 -2  3 -5 -5  5 -3 -2 -4 -2 -2 -5 -1 -3    6  31   1   1   1   3   1   4   7   0   0  36   0   2   0   1   2   0   2   2  0.86 0.43
  392 V   -3 -4 -6 -7 -3 -5 -6 -7 -6  2  3 -6  1 -2 -6 -5 -3 -6 -4  6    1   1   0   0   0   0   0   0   0   8  26   0   2   1   0   0   1   0   0  59  1.33 0.56
  393 V   -3 -5 -4 -5  4  1 -2 -6 -5  5  2 -4  1 -2 -5 -4 -1 -5 -3  3    1   0   1   0  10   6   3   0   0  30  17   1   3   1   0   0   3   0   0  23  0.73 0.37
  394 R   -4  7  1 -3 -2  1 -2 -4  3 -6 -4  2 -5 -6 -5 -3 -1 -6 -3 -4    0  59   8   1   1   4   2   1   6   0   1  11   0   0   0   1   3   0   1   1  1.33 0.57
  395 C   -2 -5 -1 -5  5 -5 -5  5 -4 -4 -5 -5 -5  0 -3 -2  0  0  5 -4    3   0   2   0  12   0   0  45   0   0   1   0   0   3   1   3   7   1  19   1  1.09 0.49
  396 R   -3  6 -1 -1 -5 -2 -2 -4 -3 -4 -5  2 -4 -5 -2  1  2 -5 -5 -4    1  47   2   3   0   1   2   1   0   1   0  13   0   0   2  12  15   0   0   0  0.99 0.48
  397 S   -1  1  0  0  2 -1  0 -2 -3 -3 -2  1 -1 -3  2  4  1 -5 -3 -3    3   6   3   4   4   1   4   2   0   1   5   9   2   1  11  36   6   0   0   1  0.41 0.30
  398 L   -2 -3 -2 -4 -3 -3 -3 -3 -3  4  4 -2  1  0 -2 -3 -2  3 -3  1    2   1   3   1   0   0   1   2   1  28  37   3   2   3   2   2   2   4   0   7  0.56 0.29
  399 A    3  0 -1  0 -3  0  2  0  0 -2 -2  0 -1 -2  2  0 -1 -2 -3 -2   29   4   2   4   0   2  16   6   2   2   3   5   1   2   9   7   2   1   0   2  0.27 0.20
  400 E   -2 -2 -1  4 -2  3  4 -3 -1 -2 -3 -1 -2 -4  0 -1 -1 -4 -1 -2    3   2   2  28   1  12  26   1   1   3   2   2   1   0   4   4   4   0   2   3  0.58 0.32
  401 E   -2 -2 -1  0 -5  0  6 -4 -2 -2 -2 -2 -3 -3 -2  0 -2 -5 -4 -1    3   2   2   4   0   4  59   1   1   3   5   1   0   1   2   6   2   0   0   6  0.94 0.46
  402 Y   -3  0 -2 -1 -4 -1 -2 -3  1 -1 -1 -1  0  3 -2 -2 -1  4  6 -2    2   5   2   4   0   2   2   2   3   4   6   4   2  12   2   3   3   5  35   3  0.65 0.34
  403 G    0  0  2  2 -2  0  1  2 -1 -3 -2  0 -2 -3 -1  1  0 -4 -3 -2    7   4  10  11   0   3  11  17   1   1   4   6   1   1   2  13   5   0   0   3  0.22 0.15
  404 L    1 -1  0  0 -2 -1  0 -1 -1  0  1 -1 -1 -1  2  1  0  1 -1  0   10   2   5   4   0   2   5   4   2   4  15   2   1   3  11  16   5   2   1   5  0.10 0.10
  405 D   -1  0  1  2 -1  1  1 -2 -2 -3 -2  2 -3 -1  3  0 -1 -4 -3 -2    4   4   6  14   2   6  10   2   0   1   3  16   0   3  16   5   3   0   1   2  0.32 0.21
  406 T    0 -1  1  1 -2  1  1 -1 -1 -1 -1  0 -2 -3 -1  1  2 -4 -2 -1    7   2   5   8   0   6  10   5   1   3   7   6   0   0   3  13  16   0   1   5  0.13 0.12
  407 I    1 -1 -2 -2 -1 -1 -1 -2 -1  1  2 -1  1  2  0  0 -1 -3 -1  1   13   3   1   2   1   3   3   3   1   8  20   2   3   9   4   6   3   0   1  13  0.09 0.10
  408 N    0  1  3  2 -1  0  0 -1 -1 -2 -1  0 -1 -2  0  0  1 -4 -2 -1    9   7  20  11   1   2   4   3   1   2   6   5   1   1   4   7  10   0   1   4  0.18 0.14
  409 K    0  0  1  0 -3 -1  1 -1 -2 -1  0  2 -1 -2  0  1  1  1 -2  0   10   3   9   5   0   1  12   3   0   2  10  14   1   1   4   8   7   2   1   8  0.10 0.11
  410 D   -1 -2  2  4 -4  0  0 -1 -2 -2  0  1 -2 -2 -2  1 -1 -4 -3 -1    5   1  10  27   0   4   5   5   1   2   9  12   0   1   1  10   3   0   0   4  0.30 0.21
  411 E    1 -1 -1  1 -4  2  3 -2 -1 -1 -2  0 -1 -2 -1  0  0 -4 -1  0   14   2   3   8   0  12  24   2   1   3   3   5   1   1   2   6   5   0   2   6  0.25 0.20
  412 I   -2 -2 -1 -3 -4 -3 -4 -5 -4  5  3  1  2 -2 -3 -2 -2 -4 -4  0    3   2   3   1   0   1   1   1   0  38  27  10   4   1   1   2   2   0   0   4  0.63 0.34
  413 I    2  1 -1 -1  0 -1  0 -1 -1  1 -1 -1 -1 -2 -2  0  1 -3  1  1   21   7   3   3   2   2   7   4   1  10   4   4   0   1   1   5   7   0   7  11  0.10 0.13
  414 S    0  0  3  0 -1  1  1 -1 -2 -2  0 -1 -1 -1 -2  2  0 -1 -2 -2    8   5  14   3   1   8   8   4   0   2  11   2   1   2   1  22   5   1   1   1  0.20 0.19
  415 S    2 -2  1  0  0  0  2 -1  2 -2 -2 -2 -1 -1 -3  2  1  0 -1 -2   18   1   8   5   2   3  14   5   5   2   4   0   2   3   0  17   7   1   2   1  0.20 0.19
  416 M   -2 -3 -2  2 -4 -3 -1 -3 -4  0  4 -3  4  1  0 -2 -1 -1 -2  0    3   1   2  13   0   1   3   2   0   4  39   1  12   5   5   3   3   1   1   4  0.44 0.29
  417 D    0 -3  0  3 -5  1  5 -1 -2 -3 -4 -1  1 -3 -2  0 -1 -5 -3 -3    6   0   4  15   0   6  39   5   1   2   1   2   3   1   2   7   3   0   1   1  0.61 0.36
  418 N   -1 -3  4  4 -3  0  1 -2 -1 -2 -1 -2  2 -1 -1  0  0 -5 -3 -2    4   0  24  22   0   3   7   3   1   2   5   1   7   2   3   6   6   0   1   3  0.42 0.28
  419 P   -1 -4 -1 -1 -5  1  2 -3 -3 -3 -4 -3 -4 -4  6  0 -2  0  3 -5    4   0   3   4   0   5  14   2   0   1   1   0   0   0  41   8   2   2  10   0  0.96 0.47
  420 D   -2 -3  0  5 -2 -1  3 -1 -3 -4 -1 -2 -2 -4  2  1 -1 -4 -4 -3    1   0   4  30   1   2  17   4   0   0   6   1   1   1  12  13   4   0   0   1  0.56 0.34
  421 N   -1  0  2 -1 -3 -3 -3  0  0 -3 -5  0 -4 -3 -3  5  0 -3 -2 -1    3   5  10   4   0   0   1   6   2   2   0   6   0   1   1  50   5   0   1   4  0.69 0.43
  422 E    1 -3 -1 -1 -1  0  2 -3  1 -2  3 -3  2 -3  1 -1 -1 -4 -3 -2   16   0   3   4   1   3  17   1   4   1  30   0   6   0   6   2   4   0   0   1  0.31 0.27
  423 I    0 -5 -5 -5 -2 -4 -5 -4 -5  4  2 -4  5  2 -3 -3  0 -3 -2  1   10   0   0   0   1   0   0   1   0  23  21   0  19   7   1   1   6   0   1  10  0.67 0.36
  424 V    1 -4 -1 -4  1 -3 -2  1  0  1 -1 -3 -2 -2  4  0 -1 -2 -2  2   14   0   2   0   3   0   2  11   3   9   4   0   0   1  20   7   2   0   1  19  0.38 0.26
  425 L   -4 -5 -5 -5 -5 -5 -5 -6  3  4  2 -5 -1  4 -5 -5  0  7  3  0    0   0   0   0   0   0   0   0   6  22  18   0   1  16   0   0   6  14  11   5  0.92 0.43
  426 Y   -6 -6 -3 -7 -3 -6 -6 -7  4 -6 -4 -6 -2  3 -7 -5 -6 -3  9 -5    0   0   1   0   1   0   0   0  10   0   2   0   1   8   0   0   0   0  76   0  2.69 0.95
  427 L   -3 -5 -6 -6 -4 -5 -6 -6 -6  4  4 -5 -1  2 -6 -5 -3 -2 -3  3    1   0   0   0   0   0   0   0   0  25  42   0   0   9   0   0   1   0   0  21  1.04 0.46
  428 M    4 -5 -5 -5  0 -4 -5 -2 -5 -1  3 -4  5 -4 -5 -2 -2 -5 -4  0   41   0   0   0   1   0   0   3   0   2  27   0  15   0   0   2   2   0   0   5  0.84 0.46
  429 L   -5 -6 -7 -7 -3 -6 -6 -7 -6  1  6 -5  0  3 -6 -5 -3 -5 -3 -2    0   0   0   0   1   0   0   0   0   6  73   0   2  13   0   1   1   0   0   2  1.46 0.60
  430 R   -3  7 -1 -5 -3  0 -3 -5 -2 -3  0  0 -2 -5 -4  1 -2 -5 -2 -4    1  59   2   0   1   4   1   1   1   1  10   3   1   0   1   9   2   0   1   1  1.18 0.55
  431 A    6 -5 -5 -5 -1 -4 -4  1 -5  0 -4 -4 -4 -5 -4  0 -1 -6 -5 -2   72   0   0   0   1   0   0  10   0   5   1   0   0   0   0   5   3   0   0   2  1.32 0.62
  432 V    1 -3 -4 -4 -1 -4 -4 -4 -4  1  1 -4 -1  0 -4  0  1  2  1  4   12   1   0   0   1   0   0   0   0   5  14   0   0   3   0   9   8   3   6  35  0.47 0.30
  433 D   -1 -3  1  6 -5 -1  2 -3  0 -5 -4 -3 -3 -3 -4  1 -3 -5 -2 -5    5   1   5  49   0   3  15   2   2   0   1   1   1   1   0  12   1   0   1   0  1.02 0.47
  434 R    0  5 -1 -2 -4  0 -1 -3  3 -2 -1  2 -1 -4 -4  0  0 -3 -3 -2    9  37   2   2   0   2   2   1   8   2   5  11   1   0   0   8   5   0   1   2  0.57 0.32
  435 F   -3 -5 -3 -5 -5 -4 -5 -5 -2 -1  0 -5 -3  8 -5 -3 -4 -3  2 -1    2   1   2   1   0   1   1   1   1   3   9   1   0  66   1   2   1   0   6   4  1.69 0.60
  436 H    1  0 -1 -3 -1  1 -1 -3  4  0  0 -1 -1  1 -3 -1 -1 -2  3  1   14   5   2   1   1   9   2   1  11   7   7   3   1   7   1   3   4   0  13   9  0.21 0.17
  437 K    2 -1  0  1 -2  0  2 -1 -2 -3 -2  2 -3 -4 -2  2  1 -4 -3 -2   23   3   3   7   0   4  12   3   1   1   3  11   0   0   1  15  10   0   0   2  0.27 0.21
  438 Q   -1 -1  2 -1 -2  4  4 -3 -1 -3 -2  2 -3 -4 -2  0  1 -4 -3 -2    5   3   9   3   1  17  28   1   1   1   3  11   0   0   1   5   8   0   1   2  0.46 0.28
  439 Q   -3 -2  1 -3  1 -1 -1 -4  7 -2 -3  0 -3  2 -4 -1 -2 -2  6 -3    2   2   7   1   3   3   4   1  24   2   2   5   1   8   1   4   2   0  28   1  0.89 0.40
  440 G   -1 -2  4 -1 -1  0 -2  4  2 -4 -3  0 -3 -4  0  1 -2 -4 -3 -4    5   2  23   3   2   4   1  30   5   1   2   5   0   0   5   9   1   0   1   1  0.53 0.28
  441 R   -2  6  0 -2 -1 -1 -2 -2  2 -3 -3  1 -3 -4 -3  1 -2 -4 -1 -3    3  46   4   2   1   2   2   2   5   2   2   9   0   1   1  12   2   0   2   1  0.77 0.37
  442 Y    0 -3 -2 -3 -1 -1 -3 -3  0 -1  0 -2 -2  4  0 -1 -2  3  6 -1    8   1   1   1   1   2   1   2   2   4   8   2   1  16   4   4   1   3  32   4  0.60 0.30
  443 P   -1 -4 -4 -3 -3 -4 -4 -4 -4 -4 -4 -3 -5 -5  8 -3 -3 -5 -5 -3    4   1   1   1   1   1   1   2   0   1   2   1   0   1  78   2   1   0   0   2  2.26 0.75
  444 G   -1 -3 -1 -3 -4 -2 -3  6 -3 -4 -4 -3 -2 -5 -2 -1  0 -4 -4 -4    5   1   3   1   0   2   1  67   0   1   2   1   1   0   2   5   5   0   1   1  1.23 0.48
  445 V    1 -2 -1 -1 -2  2  1 -2 -1  0 -1 -1 -1 -1 -1  1  2 -1 -1  2   15   1   2   2   1  11  10   2   1   5   3   2   1   3   3   9  13   1   2  15  0.15 0.16
  446 S    0 -2  1  0  0 -1  0 -1 -1 -2 -2 -1 -2  3  0  2  1  0  2 -2    6   0   9   4   2   2   6   5   1   2   3   3   0  17   4  17   9   1   7   2  0.19 0.18
  447 N    0 -3  3  5 -3  0  1  0 -3 -3 -4 -1 -4 -5 -2  0  0 -5 -2 -2    9   1  13  35   0   3   9   6   0   1   1   2   0   0   2   7   6   0   1   2  0.60 0.33
  448 Y    1 -2 -1  3  1 -1  1  1  1 -2 -2 -1 -2 -1 -1  0 -1  0  3 -1   10   2   2  17   3   2   9  11   3   1   3   3   1   2   2   8   4   1  11   5  0.17 0.15
  449 Q    0 -2  0  2 -4  4  2 -1  1 -3 -3 -1 -2 -4  1  1  1 -4 -2 -2    8   0   4  12   0  21  14   5   3   1   2   1   1   1   7   9   8   0   1   2  0.37 0.26
  450 V    0 -3 -3 -2  1 -2 -3 -4 -3  2  1 -3  3  1 -1 -2 -1  1  0  4   10   0   1   2   3   1   2   1   1  11  11   1   8   5   3   2   2   2   3  31  0.34 0.22
  451 E   -1 -3 -1  4 -5  0  5 -4 -2 -3 -1 -1 -3 -1 -3  0  0 -5 -4 -3    4   1   2  19   0   4  40   1   0   1   6   2   1   4   1   5   7   0   0   2  0.69 0.39
  452 E    1 -2 -1  2 -4  1  4 -1 -2  0 -3 -1 -3 -4  2  0 -1  2 -4 -3   12   1   2  10   0   6  27   4   1   6   3   3   0   0  11   8   4   3   0   1  0.37 0.27
  453 D   -3 -5 -1  7 -6 -3  0 -4 -3  0 -4 -3 -2 -4 -5 -2 -1 -6 -6 -3    2   0   2  69   0   1   4   1   0   7   2   1   1   1   0   2   4   0   0   2  1.55 0.65
  454 I    0 -4 -2 -4 -2 -2 -3 -3 -4  5  0 -1  1 -1 -4 -2  1  0 -2  2   10   0   2   1   0   2   1   1   0  38   7   4   3   2   1   3   7   1   1  15  0.51 0.30
  455 G    1 -1 -1  1 -3  1  2  1 -1 -2 -2 -1 -1 -3  1  2  0 -3 -1  0   10   2   2   7   0   6  12  12   1   2   3   2   2   1   7  19   5   0   2   6  0.18 0.17
  456 K    1  3 -1  0 -3  0  1 -3 -2 -2 -1  4 -2 -3 -3 -1 -2  2 -4 -2   12  18   3   5   1   3   8   1   0   2   7  29   1   1   1   3   2   3   0   2  0.41 0.28
  457 L   -2 -5 -4 -5 -4 -4 -5 -6 -5  1  6 -5  2 -1 -6 -5 -3  0 -2  1    3   0   1   1   0   0   1   0   0   7  69   0   3   2   0   0   1   1   1   7  1.19 0.53
  458 K   -1  2 -2 -2 -3  0  0 -1 -2 -1 -2  5 -3 -4 -3 -1  0 -3 -2 -1    4   9   1   1   0   4   5   4   1   3   5  45   0   0   0   3   7   0   1   5  0.61 0.37
  459 S    1 -1  1 -1 -2  1  0 -1 -1 -2 -2  1 -2 -4  0  3  2 -4 -3 -2   14   3   6   2   1   7   4   4   2   2   4   7   1   0   5  21  16   0   0   2  0.25 0.22
  460 C   -1  0 -2 -2  6  0  0 -3  1  3 -1 -1  0 -2 -3 -1  1 -3 -1  0    4   5   2   2  21   4   7   1   4  19   5   4   2   2   1   3   8   0   2   5  0.38 0.25
  461 L    4 -4 -3 -4 -2 -4 -4 -3 -4  2  2 -4  0 -1 -3 -2  0 -5 -2  3   32   0   1   1   0   0   0   1   0  11  17   0   1   3   1   1   5   0   1  24  0.57 0.35
  462 T    0 -1  1  1  0  1  0 -2  0 -2 -1  0 -2 -3  1  1  2 -4 -2  0    7   3   8   8   2   7   4   2   2   1   7   4   0   0   8  12  15   0   1   9  0.14 0.15
  463 G    0  0  0  1 -3  0  1  2 -2 -5 -4  3 -4 -4 -2  3 -1 -5 -4 -3    8   4   3   9   0   5   7  17   1   0   1  18   0   0   1  21   3   0   0   1  0.40 0.28
  464 F   -1 -3 -4 -5 -4 -3 -4 -4 -4  2  4 -3  3  3 -3 -3 -2 -2  0  0    6   1   1   1   0   1   1   1   0  13  46   1   6  10   1   2   2   0   3   6  0.65 0.34
  465 L    0 -4 -5 -4 -1 -4 -4 -4 -4  2  5 -4  1  0 -1 -1 -2 -4 -3  1    7   1   0   1   1   0   1   1   0   9  55   1   2   3   3   4   2   0   1   7  0.68 0.36
  466 Q    0  0  2  0 -4  3  0  1  0 -3 -4  0 -2 -4  0  2  0 -2 -4 -3    9   4  11   6   0  14   6   9   2   1   1   6   1   0   5  19   6   0   0   1  0.30 0.23
  467 E   -2 -2  1  3 -5  0  5 -1 -2 -4 -4  0 -2 -5 -1  0 -1 -5 -5 -4    3   1   7  18   0   3  42   4   1   1   1   4   1   0   3   7   3   0   0   1  0.76 0.41
  468 Y    0 -2 -2 -1 -4 -2  0 -1  0  0  1 -3  1  1 -1  0 -2  6  3 -1    7   2   2   4   0   0   7   5   2   6  16   1   3   5   3   7   1  13  11   4  0.30 0.22
  469 G    0  1  0  1 -2 -2 -1  5 -3 -4 -4 -2 -4 -4 -2  1 -1 -5 -5 -2    5   7   4   7   1   1   4  46   1   1   1   2   0   0   2  10   4   0   0   3  0.66 0.35
  470 L   -1 -2 -3 -1  6 -1  0 -3 -4  1  3 -3  1 -2 -2 -2  0 -1 -2  1    4   2   1   4  17   3   8   2   0   8  27   0   3   1   2   3   5   1   1   9  0.35 0.24
  471 S    0 -1  2  0 -3  0  0  1  0 -2 -1 -1 -1 -2  2  2  0 -2 -3 -2    7   3  13   6   0   3   4  11   2   1   7   3   1   2  10  18   5   0   0   3  0.18 0.16
  472 V    1 -1 -1 -1 -3  0  1 -1 -1  0 -1  0 -2 -3  3  1  0 -2 -2  1   10   3   3   3   0   4   9   4   2   5   4   6   0   1  16  12   5   0   1  13  0.18 0.14
  473 M   -1 -1  1  0 -2  0  2 -2  0  0  0  0  1  0 -1  1  1  0 -2  0    4   3   6   4   0   2  15   1   2   6  12   4   4   4   3   9  13   1   1   7  0.08 0.11
  474 V    0 -1 -2 -2 -1 -2  0 -3 -2  3  2 -2  0 -2 -1 -1 -1 -3 -1  3    8   4   2   2   1   1   7   2   1  16  19   1   1   1   3   5   3   0   1  22  0.20 0.16
  475 K   -1 -1 -1 -1 -2 -1 -1 -2 -2 -1  0  4 -1  0  2  1  1 -4 -2  0    3   1   1   4   1   2   2   2   1   3   8  26   1   4  11  13  10   0   1   5  0.26 0.21
  476 D   -2 -3 -1  6 -4  0  3 -2 -2 -3 -3 -1 -2 -4 -1 -1 -1 -4 -2 -3    3   1   1  44   0   3  22   2   1   1   2   3   1   1   3   5   3   0   1   2  0.88 0.40
  477 D   -2 -2  3  6 -4  1  1 -3 -1 -4 -5  1 -2 -6 -4 -1 -2 -6 -5 -5    3   1  11  47   0   7  10   1   1   1   1   9   1   0   0   3   2   0   0   0  1.01 0.48
  478 Y    3 -4 -4 -5 -1 -4 -4 -4  2  0  1 -4  0  0 -4 -2 -2  1  5  1   27   0   0   0   1   0   0   1   5   5  15   0   2   3   0   3   1   2  23   9  0.59 0.37
  479 V    2 -5 -5 -6  1 -4 -5 -4 -5  5  1 -5 -2  0 -5 -3 -1 -5 -3  4   15   0   0   0   3   1   0   1   0  32   9   0   0   4   0   1   3   0   1  30  0.83 0.42
  480 H   -1  0  2 -1 -3  3  1  1  6 -3 -3  1 -3 -4 -4 -1  0 -5 -2 -3    5   5   8   4   1  13   9  12  24   1   2   7   0   0   0   3   5   0   1   1  0.56 0.34
  481 E   -6 -5 -3 -3 -9 -3  8 -7 -5 -5 -8 -4 -7 -8 -6 -5 -6 -8 -7 -7    0   0   1   1   0   0  97   0   0   1   0   0   0   0   0   0   0   0   0   0  2.78 1.10
  482 F   -3 -5 -6 -6 -5 -5 -6 -6 -5  3  2 -5  6  4 -6 -4 -1 -5 -1  3    2   0   0   0   0   0   0   0   0  19  16   0  20  15   0   0   4   0   1  23  0.97 0.47
  483 C    2  0 -5 -4  9 -2 -1 -5 -3 -1 -1 -5 -3 -4 -6  0 -1 -6 -5  2   15   5   0   1  42   2   4   0   0   3   5   0   0   1   0   6   3   0   0  13  1.27 0.57
  484 R   -6  9 -5 -7 -8 -4 -5 -7 -2 -8 -7 -2 -3 -8 -7 -3 -4 -8 -7 -5    0  94   0   0   0   0   0   0   1   0   0   1   1   0   0   2   1   0   0   1  2.86 1.06
  485 Y    4 -5 -4 -5 -1 -5 -4 -1  2 -4 -4 -5 -4  4 -5  0 -1  0  6 -2   31   0   1   0   1   0   1   4   5   0   1   0   0  19   0   6   4   1  24   3  0.93 0.50
  486 G    0 -4  0 -3 -2 -1 -1  6 -5 -7 -5 -2 -6 -7  2 -1 -5 -6 -5 -6    7   0   4   1   1   3   4  62   0   0   1   2   0   0  10   3   0   0   0   0  1.26 0.58
  487 A    3 -4 -2 -2 -2 -3 -2  5 -2 -4 -5 -4 -5 -1 -4  0  1 -6 -4 -3   27   0   1   2   1   1   2  45   1   1   0   0   0   3   0   6   8   0   0   1  0.90 0.48
  488 A    4 -3 -3 -4  0 -3 -3  4 -2 -5 -4 -3 -5 -4 -3  2 -1 -6 -4 -2   39   1   1   0   2   0   1  27   1   0   2   1   0   0   1  17   3   0   0   2  0.82 0.47
  489 E   -5 -5 -1  2 -8 -1  7 -6 -3 -8 -7 -4 -7 -8 -6 -3 -2 -8 -7 -7    0   0   3   9   0   1  82   0   0   0   0   0   0   0   0   1   3   0   0   0  2.13 0.89
  490 P   -4 -6 -7 -7 -5 -6 -6 -7 -6  1  6 -6  0 -3  2 -6 -2 -5  1  0    0   0   0   0   0   0   0   0   0   8  69   0   2   0   9   0   2   0   4   5  1.30 0.59
  491 H   -4 -6 -3 -6 -8 -3 -5 -7 11 -8 -8 -6 -7 -7  3 -5 -5 -8 -3 -8    1   0   1   0   0   1   0   0  80   0   0   0   0   0  15   0   0   0   0   0  3.30 1.13
  492 T    0 -4  7 -3  1 -2 -4 -4 -4 -4 -6 -4 -4 -6 -2  2  3 -7 -4  1    9   0  46   0   3   1   0   0   0   0   0   0   0   0   2  13  15   0   0   9  1.10 0.58
  493 I   -4 -6 -6 -6 -5 -6 -6 -7 -7  6 -1 -6 -1 -4 -6 -5  3 -6 -5  4    1   0   0   0   0   0   0   0   0  47   3   0   1   0   0   0  17   0   0  31  1.45 0.63
  494 A    6 -5 -3 -5  0 -5 -5 -2 -5 -4 -6 -5 -5 -6 -5  5 -3 -7 -6 -5   55   0   1   0   2   0   0   2   0   1   0   0   0   0   0  39   0   0   0   0  1.52 0.74
  495 A    6 -6 -5 -6 -5 -5 -5 -4 -6 -6 -6 -5 -5 -7 -5  4 -4 -7 -6 -5   69   0   0   0   0   0   0   0   0   0   0   0   0   0   0  31   0   0   0   0  1.78 0.81
  496 F   -4 -6 -7 -7 -5 -6 -6 -7 -5  1  4 -6  0  7 -7 -6 -4 -4  1  2    1   0   0   0   0   0   0   0   0   6  36   0   2  39   0   0   1   0   3  11  1.31 0.56
  497 L   -2 -5 -5 -6 -4 -4 -5 -6 -6  4  3 -5  5 -3 -5 -3  3 -5 -4  2    3   0   0   0   0   0   0   0   0  20  31   0  16   0   0   1  17   0   0  12  0.89 0.45
  498 G   -2 -7 -5 -6 -7 -6 -7  8 -7 -8 -7 -6 -7 -8 -7 -4 -6 -7 -8 -8    3   0   0   0   0   0   0  96   0   0   0   0   0   0   0   0   0   0   0   0  2.68 0.96
  499 G   -4 -7 -5 -6 -7 -7 -7  8 -7 -8 -8 -6 -7 -8 -7 -4 -6 -7 -8 -8    1   0   0   0   0   0   0  98   0   0   0   0   0   0   0   0   0   0   0   0  2.79 0.98
  500 A    0 -5 -6 -6  4 -5 -6 -6 -6  4  2 -5  6 -3 -6 -3 -3 -5 -4  2    7   0   0   0   8   0   0   0   0  26  20   0  21   1   0   2   1   0   0  13  0.97 0.46
  501 A    5 -5 -6 -6 -2 -5 -5 -2 -6  0 -3 -5 -2 -5 -5 -4 -1 -6 -5  5   43   0   0   0   1   0   0   3   0   4   1   0   1   0   0   0   3   0   0  43  1.22 0.60
  502 A    6 -6 -5 -6 -5 -5 -5 -3 -6 -6 -6 -5 -5 -7 -5  4 -4 -7 -6 -5   72   0   0   0   0   0   0   2   0   0   0   0   0   0   0  26   0   0   0   0  1.78 0.80
  503 Q   -6 -4 -5 -6 -8  9 -3 -6  2 -8 -7 -4 -6 -8 -7 -5 -6 -7 -6 -8    0   0   0   0   0  94   0   0   5   0   0   0   0   0   0   0   0   0   0   0  3.12 1.19
  504 E   -6 -5 -5 -3 -9 -3  8 -7 -5 -8 -8 -4 -7 -8 -6 -4 -6 -8 -7 -8    0   0   0   0   0   0  99   0   0   0   0   0   0   0   0   1   0   0   0   0  2.87 1.09
  505 V    4 -5 -5 -6 -1 -5 -5 -5 -6  2 -2 -5  1 -4 -5 -2  0 -6 -5  5   34   0   0   0   1   0   0   0   0  10   3   0   4   0   0   2   6   0   0  39  0.95 0.49
  506 I   -5 -7 -7 -7 -5 -7 -7 -6 -7  8  1 -7 -3 -4 -7 -6 -5 -7 -5  1    0   0   0   0   0   0   0   1   0  80  10   0   0   0   0   0   0   0   0   8  2.11 0.77
  507 K   -5 -3 -5 -5 -8 -3 -3 -6 -5 -7 -7  8 -6 -8 -6 -4 -5 -8 -7 -7    0   0   0   0   0   0   1   0   0   0   0  98   0   0   0   0   0   0   0   0  2.80 1.03
  508 I   -3 -6 -6 -7 -4 -5 -6 -7 -6  5  4 -6  3  1 -5 -4 -4 -5 -4  3    1   0   0   0   0   0   0   0   0  28  40   0   6   4   0   1   0   0   0  18  1.07 0.48
  509 I   -2 -6 -7 -7 -3 -6 -7 -7 -7  7  2 -6 -1 -4 -6 -6 -1 -6 -5  3    3   0   0   0   0   0   0   0   0  60  14   0   1   0   0   0   5   0   0  18  1.50 0.61
  510 T   -4 -6 -5 -6 -6 -6 -6 -7 -7 -4 -6 -6 -6 -7 -6 -2  8 -8 -7 -3    1   0   0   0   0   0   0   0   0   1   0   0   0   0   0   2  95   0   0   2  2.66 1.04
  511 K   -2  4  2 -4 -4  0 -2  1  4 -5 -5  5 -5 -6 -5 -1 -3 -6 -4 -5    4  22   9   0   0   3   1   9  11   1   0  37   0   0   0   3   0   0   0   0  0.94 0.48
  512 Q   -6 -4 -5 -6 -8  9 -3 -7 -2 -8 -8 -4 -6 -9 -7 -5 -6 -7 -7 -8    0   0   0   0   0  99   0   0   1   0   0   0   0   0   0   0   0   0   0   0  3.35 1.23
  513 F   -7 -5 -7 -8 -6 -7 -7 -8 -4 -6 -5 -7 -6  6 -8 -7 -7 -1  9 -6    0   1   0   0   0   0   0   0   0   0   0   0   0  27   0   0   0   1  72   0  2.95 1.01
  514 V   -3 -3 -6 -6 -5 -4 -4 -4 -6  4 -1  1 -1 -4 -6 -4  0 -6 -5  6    1   1   0   0   0   0   1   2   0  22   4   9   1   0   0   1   6   0   0  53  1.08 0.51
  515 I   -5 -7 -7 -7 -8 -6 -6 -6 -7  0 -6 -6 -7 -8  9 -5 -6 -9 -8 -6    0   0   0   0   0   0   0   0   0   6   1   0   0   0  92   0   0   0   0   0  3.16 1.09
  516 F   -3 -6 -6 -6 -1 -4 -6 -7 -6  5  3 -5  3  3 -6 -5 -4 -5 -3  3    2   0   0   0   1   0   0   0   0  31  29   0   8  12   0   0   0   0   0  16  1.00 0.44
  517 N   -3 -2  6  5 -3 -1  0 -3  2 -5 -4 -2 -5 -6 -5 -1 -3 -7 -5 -3    2   2  33  37   1   2   5   1   5   0   2   2   0   0   0   5   1   0   0   2  1.13 0.53
  518 N   -5 -4  8 -2 -7 -3 -5  3  2 -8 -8 -3 -7 -7 -6 -3 -4 -8 -6 -7    0   0  66   2   0   1   0  24   4   0   0   1   0   0   0   1   0   0   0   0  2.00 0.79
  519 T   -4 -6 -5 -6 -4 -5 -6 -6 -6 -3 -1 -5 -5 -6 -4 -2  8 -6  1 -1    0   0   0   0   0   0   0   0   0   1   5   0   0   0   1   2  82   0   5   3  2.03 0.86
  520 Y   -4 -6 -7 -8  9 -7 -7 -7 -4 -3 -1 -7 -4  6 -7 -5 -4 -1  4  0    1   0   0   0  36   0   0   0   0   1   6   0   0  35   0   0   1   1  14   5  1.92 0.71
  521 I   -3 -7 -7 -7 -5 -6 -7 -7 -7  7  0 -6 -2 -3 -7 -6 -3 -7 -5  4    2   0   0   0   0   0   0   0   0  59   8   0   0   0   0   0   1   0   0  30  1.68 0.65
  522 Y   -5 -7 -7 -8 -5 -7 -7 -7 -2  0 -2 -7 -4  8 -8 -6 -6  1  7 -1    1   0   0   0   0   0   0   0   1   6   3   0   0  53   0   0   0   1  31   4  2.07 0.75
  523 S   -6 -5  6  7 -7 -4 -3 -5 -5 -8 -8 -5 -7 -8 -6  0 -5 -8 -6 -7    0   0  33  60   0   0   0   0   0   0   0   0   0   0   0   6   0   0   0   0  2.11 0.81
  524 G    2 -6 -5 -6 -3 -6 -6  7 -6 -6  0 -5 -3 -6 -6 -3 -4 -6 -6 -6   17   0   0   0   1   0   0  69   0   0  11   0   1   0   0   1   1   0   0   0  1.62 0.66
  525 M   -2 -5 -6 -7 -5 -5 -6 -7  1  7 -1 -6  5 -4 -6 -4 -4 -6 -5  4    3   0   0   0   0   0   0   0   3  54   2   0  12   0   0   1   0   0   0  23  1.47 0.60
  526 S   -1  2  1  2 -4  0  1  0  1 -3 -4  1 -4 -5 -4  2  2 -5 -3 -3    3  11   5  12   0   3   9   5   4   1   1  10   0   0   0  18  17   0   0   1  0.38 0.27
  527 Q   -1 -4 -1 -4  1  4 -3  0  3 -6 -5 -4 -5 -6 -5  6  1 -6 -5 -5    3   0   3   0   2  16   0   6   7   0   1   0   0   0   0  53   8   0   0   0  1.11 0.59
  528 T   -2  4  1 -1 -1 -1  0 -2 -3 -2 -4  3 -3 -5 -4 -1  3  4 -4 -2    2  24   5   3   1   2   5   2   0   2   0  17   0   0   0   4  24   6   0   3  0.60 0.37
  529 S    0 -5 -4 -5  4 -4 -4 -1 -5 -2 -5 -4 -5 -6 -5  5  4 -6 -5 -2    7   0   0   0   9   0   0   5   0   2   0   0   0   0   0  48  27   0   0   2  1.17 0.60
  530 A    2 -1 -1 -2 -4  4  2  2 -3 -3 -3 -2 -1 -4 -4  0  0 -1 -4 -2   21   2   2   1   0  23  16  14   0   1   2   0   2   1   0   7   4   1   0   2  0.49 0.34
  531 T   -2 -2 -3 -5 -3 -4 -5 -5 -5  1  0  0  3 -4 -4 -1  5 -6 -4  4    2   2   1   0   0   0   0   0   0   6   8   5   7   0   0   4  33   0   0  32  0.80 0.45
  532 F   -5 -6 -7 -7 -3 -6 -6 -5 -5 -1  3 -6 -2  7 -7 -6 -5  4  4 -1    0   0   0   0   1   0   0   1   0   3  32   0   0  41   0   0   0   4  14   4  1.42 0.57
  533 Q   -1  4  0 -2 -4  3  2 -4 -1 -5 -4  4 -3 -4 -4 -1  0 -5 -3 -4    4  23   4   1   0  13  13   0   1   0   1  29   0   0   0   3   5   0   1   1  0.71 0.38
  534 L   -5 -6 -7 -7 -5 -6 -6 -7 -6  2  6 -6  0  3 -6 -6 -4 -5 -4  1    0   0   0   0   0   0   0   0   0  12  69   0   2  10   0   0   0   0   0   8  1.39 0.55

                      K         Lambda
Standard Ungapped    0.1349     0.3176
Standard Gapped      0.0534     0.2670
PSI Ungapped         0.1744     0.3162
PSI Gapped           0.0534     0.2670
