
Last position-specific scoring matrix computed, weighted observed percentages rounded down, information per position, and relative weight of gapless real matches to pseudocounts
           A  R  N  D  C  Q  E  G  H  I  L  K  M  F  P  S  T  W  Y  V   A   R   N   D   C   Q   E   G   H   I   L   K   M   F   P   S   T   W   Y   V
    1 M   -2 -2 -3 -4 -3 -1 -3 -4 -3  0  1 -2  9 -1 -4 -3 -2 -3 -2  0    0   0   0   0   0   0   0   0   0   0   0   0 100   0   0   0   0   0   0   0  1.28 0.22
    2 Q   -1  3 -1 -1 -4  3  1  2  0 -4 -3  2 -2 -3 -2 -1 -2  6 -1 -3    0  20   0   0   0  18  12  23   2   0   0  12   0   0   0   0   0  13   0   0  0.48 0.09
    3 I    1 -2 -2 -3 -1 -2 -2 -2 -3  2  1 -2  0 -1 -1  0  2 -3 -2  2   11   0   0   0   0   0   0   2   0  16  18   0   0   0   1   1  26   0   0  23  0.22 0.07
    4 P   -2  0 -3 -3 -3 -1 -2 -3 -3 -1  2 -2 -1 -2  6  0 -2  2 -2 -2    0   6   0   0   0   3   0   0   0   0  29   0   0   0  51   6   0   4   0   0  0.91 0.13
    5 Q   -2  4 -1 -2 -4  4  0  0  3 -4 -3  1 -2 -3 -3 -1 -2  4 -1 -3    0  42   0   0   0  27   0   8  12   0   0   2   0   0   0   0   0   9   0   0  0.61 0.12
    6 A    3 -3 -3 -3 -1 -2 -2 -1 -3  0  0 -2 -1 -2  0  0 -1 -3 -2  3   52   0   0   0   0   0   0   3   0   0   4   0   0   0   3   0   0   0   0  39  0.36 0.11
    7 P   -1 -3 -2 -2  0 -2 -2 -3 -3 -2  0 -2 -2 -3  7  0  1 -4 -3 -2    0   0   0   0   3   0   0   0   0   0  16   0   0   0  61   6  14   0   0   0  1.15 0.14
    8 W   -3 -4 -5 -5  0 -3 -4 -4 -4 -2 -2 -4 -2  3 -5 -4 -3 11  1  0    0   0   0   0   3   0   0   0   0   0   0   0   0  12   0   0   0  75   0  11  2.33 0.26
    9 P    1 -3 -3 -2 -3 -1 -2 -3 -3 -2  0 -2 -2 -3  7  0 -1 -4 -3 -1   12   0   0   0   0   2   0   0   0   0  11   0   0   0  61   8   2   0   0   5  1.14 0.16
   10 V    0 -3 -3 -4 -2 -3 -3 -1 -3  2  3 -3  1  1 -2 -2 -1 -2 -1  2    9   0   0   0   0   0   0   4   0  10  43   0   0   7   2   0   0   0   0  25  0.30 0.09
   11 V    0  0 -3 -3 -2 -2 -3 -3 -3  2  2 -2  0  1 -3 -2  0 -2 -1  2    9   7   0   0   0   0   0   0   0   7  29   0   0   9   0   0   9   0   0  30  0.22 0.08
   12 W   -4 -4 -5 -6 -4 -4 -4 -4 -3 -4 -3 -5 -3  0 -5 -4 -4 12  3 -4    0   0   0   0   0   0   0   0   0   0   0   0   0   0   0   0   0  91   9   0  3.27 0.39
   13 A    4 -2 -2 -2 -1 -1 -1  2 -2 -2 -1 -1 -1 -2 -2  0  1 -3 -2  0   54   0   0   0   0   0   2  19   0   0   4   1   0   0   0   1  11   0   0   5  0.36 0.11
   14 V   -1 -2 -3 -3 -2 -2 -2 -3 -3  1  1 -2  1  2 -2 -2 -1 -2 -1  4    4   1   1   1   0   1   1   1   0   1   9   1   5  15   1   1   1   0   0  57  0.35 0.12
   15 L   -2 -3 -4 -4 -2 -3 -4 -4 -4  1  5 -3  1 -1 -3 -3 -2 -2 -2  0    0   0   0   0   0   0   0   0   0   0  95   0   0   0   0   0   0   0   0   0  0.87 0.21
   16 Q   -1  1 -1 -1 -3  6  1 -2 -1 -2 -1  0 -1 -3 -1 -1  0 -2 -2 -2    2   7   1   1   0  65   1   2   1   1   5   1   1   1   1   2   6   0   1   1  0.65 0.16
   17 L   -2 -3 -3 -4 -2 -3 -3 -2 -3  1  5 -3  1  1 -3 -3 -2 -2 -1  1    1   1   0   1   0   0   1   4   0   1  80   1   0   4   1   1   1   0   0   5  0.61 0.19
   18 G    0 -1 -1 -2  1 -2 -2  5 -2 -3 -3 -1 -2 -3  0  2  0 -3 -3 -2    3   5   0   1   4   0   1  52   0   1   1   1   0   0   5  19   5   0   0   3  0.56 0.14
   19 W   -4 -5 -5 -6  5 -4 -5 -4 -4 -4 -3 -5 -3  2 -5 -4 -4 11  2 -4    0   0   0   0  16   0   0   0   0   0   0   0   0   9   0   0   0  71   4   0  2.69 0.47
   20 R   -1  5 -2 -3 -4  2 -1 -3 -1 -2 -1  0 -1  3 -3 -2 -1  4 -1 -1    5  44   0   0   0  14   0   0   1   0   5   1   0  18   0   0   2   7   0   4  0.52 0.20
   21 P   -1 -2 -3 -3 -4 -1 -2 -3 -3 -4 -2 -2 -3 -4  7  1 -1 -5 -4 -3    2   2   0   0   0   1   0   0   0   0   6   0   0   0  72  16   1   0   0   0  1.64 0.35
   22 G    0  1 -2 -2 -3 -1 -3  6 -3 -4 -4 -2 -3 -4 -3  0 -2 -4 -4 -2    7   8   0   0   0   2   0  71   0   0   0   0   0   0   0   8   0   0   0   4  0.97 0.26
   23 W    0  1 -3 -3 -3  1 -2 -1 -1 -2  1 -2 -1  0 -3 -2 -2  9  0 -2    9   8   1   1   0  10   1   5   1   1  15   1   0   2   1   1   1  42   0   1  0.99 0.25
   24 F   -2 -2 -3 -3 -2  0 -2 -3 -3  0  4 -2  0  3 -1 -1 -2 -2 -1 -1    1   1   1   1   0   7   1   1   0   1  62   1   0  14   3   5   1   0   0   1  0.47 0.20
   25 L   -2  1 -1 -3 -2  2 -2 -3 -2  0  4 -1  0 -1 -1 -1 -1 -2 -2 -1    1   7   3   1   0  12   1   1   0   1  58   3   0   0   2   5   2   0   0   1  0.36 0.19
   26 D    1 -2  0  3 -3 -1  3  1 -2 -3 -3 -1 -2 -3  1  1 -1 -3 -3 -2   15   1   3  23   0   0  23  11   0   1   1   1   0   0   8   9   1   0   0   3  0.37 0.16
   27 S    1  1 -1  0  2  1 -1 -2 -2 -2 -1  2 -1 -3  1  2  0 -3 -2  0   14   6   0   4   6   8   1   1   0   1   5  16   0   0   8  17   4   0   0   8  0.17 0.11
   28 P    0 -1 -3 -3 -3 -1 -2 -3 -1  0 -2 -2 -3 -4  7  1 -2 -4 -3 -2    6   4   0   1   0   3   1   1   1   7   3   1   0   0  59  11   1   0   0   1  1.21 0.32
   29 D   -1 -1  2  2 -3 -1  2 -1 -1 -2 -1  0 -2  1  1  1 -1 -3 -1 -1    3   2  14  16   0   0  16   3   0   0   5   6   0   8   7  14   0   0   1   5  0.20 0.12
   30 R    2  4  0 -2 -3  1 -1  0 -2 -3 -3  1 -2 -3 -3  1 -1  0  0 -1   20  38   4   0   0   4   0   6   0   0   0   6   0   0   0   9   2   1   3   5  0.39 0.20
   31 P   -1 -1  1 -2  3 -1  0 -1  0 -2 -3 -2  1 -3  5  1 -1 -3 -3 -2    3   3  10   1   8   1   6   3   2   3   1   1   5   0  38  11   1   0   0   1  0.65 0.20
   32 W    0 -1 -2  0  4 -2  0  0 -2 -2 -2 -2 -2  2 -2  1  0  7  0 -2    9   3   1   6  12   1   7   7   0   1   1   1   0  10   1  10   7  19   2   3  0.42 0.16
   33 N    0  2  0 -2  0  1 -1  0  4 -1 -2 -1 -2 -2 -2  2  0 -3  1 -1    5  16   4   0   2   7   1   5  15   4   1   0   0   0   0  27   4   0   5   3  0.24 0.14
   34 P   -1  0  0 -2  2  3 -1 -2  1 -3 -1 -1 -2 -3  5  0  0  1 -2 -2    2   4   3   0   7  22   0   2   5   0   7   0   0   0  31   5   7   2   0   0  0.53 0.17
   35 P   -1 -2 -3 -3 -2 -2 -2 -3 -3  0  3 -2  3  0  4 -1 -1 -2 -2  1    1   0   0   0   0   0   1   1   0   0  36   1  10   4  22   6   1   0   0  16  0.40 0.13
   36 T    0 -2 -1 -2  3  3  0 -1 -2 -2 -3  0 -2 -3 -2  1  5 -3 -3 -2    6   0   0   0   7  16   3   5   0   0   0   3   0   0   0   7  50   0   0   0  0.53 0.22
   37 F   -2 -2 -3 -3  5  2 -2 -3 -2  2  0 -1 -1  4 -1 -1 -1 -2 -1 -1    0   0   0   0  18  17   0   0   0  17   7   4   0  26   4   4   4   0   0   0  0.38 0.18
   38 S   -1 -2  2 -1  5  0 -2  0  1 -3 -2 -2 -2  2 -3  3  0  2  0 -3    0   0  14   3  15   3   0   5   3   0   3   0   0  12   0  32   3   3   3   0  0.34 0.17
   39 P    0 -1 -1 -1 -2 -1 -1  3 -1 -2 -2 -1 -2 -2  5  0 -1 -2 -2 -2    3   2   1   2   1   1   2  36   1   2   3   2   1   1  35   2   2   0   1   2  0.58 0.00
   40 A    4 -3 -2 -2 -2 -1 -1 -1 -3 -4 -3 -2 -1 -4  1  4  0 -5 -4 -2   37   0   0   1   0   2   3   4   0   0   1   0   1   0   8  36   4   0   0   2  0.64 0.33
   41 L   -1  1 -2 -3 -3  3 -1 -3 -2 -2 -1  0  1 -2 -3  4  1  1 -3  0    2   7   0   0   0  15   1   0   0   1   5   6   4   1   0  36  10   2   0   9  0.39 0.27
   42 L   -3 -5 -6 -6 -4 -5 -5 -6 -5  0  6 -5 -1 -2 -5 -4 -4 -4 -4  0    1   0   0   0   0   0   0   0   0   3  90   0   0   1   0   1   0   0   0   3  1.46 0.49
   43 V   -1 -3 -1 -3 -3 -2 -1 -3 -3 -2 -2 -2 -2 -1 -3  5  4 -5 -4 -1    1   0   2   0   0   0   3   0   0   2   3   1   1   2   0  54  26   0   0   3  0.83 0.41
   44 V    3  0 -4 -4  0 -2 -3 -2 -3 -1  2 -1 -1 -2 -3 -2 -2 -4 -3  3   33   6   0   0   2   2   0   3   0   0  23   3   0   0   0   0   0   0   0  28  0.44 0.28
   45 T   -1 -1 -2 -3 -4  1 -2 -3  0 -5 -4 -1 -4 -4  5  5  1 -5 -4 -4    4   3   0   0   0   7   0   0   3   0   1   3   0   0  26  46   7   0   0   0  0.91 0.41
   46 E    1 -2 -3 -2  1 -2  4 -4 -3 -1 -3 -1 -3 -4  2 -2 -1 -5 -4  4   11   1   0   0   3   0  36   0   0   1   0   2   0   0   9   0   3   0   0  34  0.65 0.36
   47 G   -3 -5 -4 -5 -6 -5 -5  7 -2 -7 -7 -4 -6 -6 -5 -3 -5 -6 -6 -6    0   0   0   0   0   0   0  98   1   0   0   0   0   0   0   0   0   0   0   0  2.39 0.67
   48 D    1 -3 -1  5 -5  0  3  1 -2 -5 -5 -1 -4 -5 -3  0  0 -5 -4 -4   12   0   1  41   0   3  19  11   0   0   0   3   0   0   0   5   4   0   0   0  0.76 0.33
   49 N   -3  5  4 -2 -4 -2 -1 -2 -3 -2 -4  0 -4 -5 -4  2  2 -5 -4 -4    0  38  22   1   0   0   2   1   0   2   0   4   0   0   0  16  14   0   0   0  0.81 0.38
   50 A    5 -4 -4 -5 -3 -4 -4 -3 -5 -1 -3 -4 -3 -2 -4  0 -3 -5 -4  4   57   0   0   0   0   0   0   0   0   1   0   0   0   2   0   4   0   0   0  36  1.08 0.47
   51 T   -3 -3 -3 -4 -4 -3 -2 -5 -5 -1 -4 -2 -4 -5 -4  1  7 -6 -5  0    0   1   0   0   0   0   3   0   0   3   0   2   0   0   0   8  79   0   0   5  1.51 0.59
   52 F   -4 -6 -6 -6 -5 -6 -6 -6 -5  5  1 -6  1  7 -6 -5 -4 -3 -1 -1    0   0   0   0   0   0   0   0   0  34  10   0   3  53   0   0   0   0   0   0  1.52 0.51
   53 T   -3 -4 -1 -4 -4 -4 -4 -4  1  0 -3 -4 -3  4 -4  0  6  1 -2 -2    0   0   3   0   0   0   0   0   4   4   1   0   0  23   0   7  54   2   0   2  1.01 0.46
   54 C   -4 -7 -7 -8 11 -7 -8 -7 -7 -5 -5 -7 -5 -6 -7 -5 -5 -6 -6 -5    0   0   0   0 100   0   0   0   0   0   0   0   0   0   0   0   0   0   0   0  4.09 0.97
   55 S   -3  5  4 -3 -5  0 -2 -3  0 -2 -5  0 -4 -5 -4  3 -1 -5 -4 -4    0  36  26   0   0   2   0   0   2   3   0   3   0   0   0  25   2   0   0   0  0.94 0.42
   56 F    4 -4 -4 -5 -3 -4 -4 -4 -4  4  0 -4 -2  4 -4 -2 -2 -3  0  0   38   0   0   0   0   0   0   0   0  25   8   0   0  19   0   1   1   0   3   5  0.67 0.34
   57 S   -2 -4 -3 -3 -4 -3 -2 -3 -3 -6 -6 -3 -5 -6  1  7 -1 -6 -5 -5    1   0   0   0   0   0   2   0   0   0   0   0   0   0   8  87   1   0   0   0  1.67 0.64
   58 N   -2  0  5 -1 -2  5 -1 -4 -1 -4 -4 -1  3 -5 -4  0 -1 -5 -4 -3    3   4  28   2   1  36   1   0   1   0   0   1  10   0   0   7   4   0   0   1  0.89 0.44
   59 T    0 -2 -1  0 -3 -1  2  1 -2 -2 -2  0  0 -3 -1  3  1  2 -2 -2    6   1   1   5   0   0  16   9   0   1   3   4   3   0   2  33   9   4   1   2  0.33 0.25
   60 S   -2 -4  3 -2 -3 -3 -3 -2 -3  4 -2 -3 -2 -3  1  3  0 -5 -3  2    2   0  16   2   0   0   0   1   0  28   2   0   0   0   8  24   4   0   0  12  0.48 0.31
   61 E   -1 -1  1  2 -3 -1  2  0 -2 -3 -3  0 -2  3 -3  3  0 -3 -2 -3    3   3   6  10   0   1  17   7   0   1   1   4   1  15   0  25   4   0   0   1  0.30 0.22
   62 S   -1 -1  3  1 -4 -1  1 -1  3 -4 -5 -1 -4 -3 -1  4  0 -5 -3 -4    1   2  13   9   0   1   7   3   9   1   0   2   0   1   3  44   4   0   0   0  0.62 0.35
   63 F   -2 -1 -2 -2 -4 -3 -4 -4 -2 -2  0 -3 -2  4  0 -1  0  1  7 -3    4   3   1   2   0   0   0   1   0   1   9   0   0  16   5   4   7   1  44   1  0.91 0.38
   64 V   -1 -1  0 -1 -1 -1 -1 -1  2  0 -1 -1  1 -1 -2  2  1  1  1  2    3   2   4   2   1   3   2   3   7   3   5   2   4   2   1  23   7   2   5  19  0.13 0.11
   65 L   -4 -5 -6 -6 -4 -5 -6 -6 -6  0  6 -5  0  0 -6 -5 -4 -4 -4 -1    0   0   0   0   0   0   0   0   0   3  89   0   1   3   0   0   0   0   0   3  1.61 0.56
   66 N    1 -2  8 -2 -5 -3 -4 -3 -1 -6 -6 -3 -5 -5 -2 -2 -3 -7 -5 -2   13   2  77   0   0   0   0   0   1   0   0   0   0   0   2   1   0   0   0   3  1.80 0.65
   67 W   -7 -7 -8 -9 -7 -6 -7 -7 -7 -7 -3 -8 -6 -3 -8 -7 -7 13 -2 -7    0   0   0   0   0   0   0   0   0   0   3   0   0   0   0   0   0  97   0   0  4.82 1.16
   68 Y   -6 -6 -3 -7 -6 -5 -6 -7 -2 -5 -5 -6 -5  0 -7 -2 -5 -2 10 -5    0   0   1   0   0   0   0   0   0   0   0   0   0   1   0   3   0   0  95   0  3.11 0.91
   69 R   -4  5 -3 -4 -6  6 -2 -4 -2 -6 -4  4 -4 -6 -4 -3 -4 -5 -5 -5    0  31   0   0   0  39   0   1   0   0   1  28   0   0   0   0   0   0   0   0  1.44 0.57
   70 M   -2 -2 -3 -2 -5  6  2 -2 -1 -3  0  0  3 -2 -4 -2 -1 -4  1 -3    2   1   0   1   0  42  15   3   1   1  12   5   7   2   0   1   3   0   5   1  0.70 0.39
   71 S   -2 -1 -1 -2 -1 -2 -1 -2  0  0 -4  5 -3 -2 -3  2  2 -5 -1 -3    0   1   2   2   1   0   2   2   3   8   0  39   0   2   0  21  15   0   2   1  0.55 0.34
   72 P   -1 -5  4 -4 -6 -4 -3 -5 -2 -6 -5 -4 -5 -6  7 -3 -4 -6 -2 -5    5   0  25   0   0   0   1   0   1   0   1   0   0   0  66   0   0   0   2   0  2.02 0.65
   73 S   -2 -1  2 -2 -4 -3 -3  5  4 -5 -5 -1 -4 -5 -4  2 -3 -5 -3 -5    1   4   9   2   0   0   0  49  13   0   0   3   0   0   0  19   0   0   1   0  0.97 0.40
   74 N   -1  0  5 -1 -2 -1 -1  0  1 -2 -2  0 -1 -2 -1  2  1 -2 -2 -2    3   4  31   2   1   2   3   6   3   2   3   6   1   1   2  18   8   0   1   2  0.35 0.15
   75 Q   -3  1 -2 -3 -5  7 -1 -2  2 -5 -5  4 -3 -5 -4 -2 -3 -5 -2 -4    0   5   1   1   0  53   1   2   4   0   0  29   0   0   0   1   0   0   1   1  1.35 0.54
   76 T    4 -1 -2 -4 -3 -3 -3 -2 -3 -4 -3 -2 -2 -5  2  0  3 -1 -4 -2   47   4   1   0   0   0   0   1   0   0   2   2   1   0  11   6  23   1   0   1  0.72 0.39
   77 D   -3 -3 -3  2 -5  4  1 -3 -2 -2 -3 -2 -4 -5  6 -1 -3 -5 -3 -1    0   0   0  14   0  19  10   2   1   3   2   1   0   0  39   3   0   0   1   6  0.96 0.40
   78 K   -4  1 -2 -4 -6 -2 -2 -5  0 -6 -4  7 -5 -6 -4 -3 -4 -6 -5 -6    0   6   1   0   0   0   0   0   2   0   2  87   0   0   0   0   0   0   0   0  1.94 0.68
   79 L   -4 -4 -5 -6 -4 -1 -5 -6 -5  4  5 -5  0  0 -4 -4 -2 -4 -3  0    0   0   0   0   0   3   0   0   0  24  63   0   1   3   1   1   2   0   0   2  1.06 0.42
   80 A    5 -4 -4 -1 -3 -4 -4 -2 -5 -1  3 -4 -2 -1 -4 -2 -3 -2 -4 -2   51   0   0   3   0   0   0   3   0   2  38   0   0   2   0   0   0   0   0   1  0.84 0.43
   81 A    3 -4 -3 -1 -4 -2  3 -1 -4  5 -2 -3 -2 -3 -4 -1 -1 -5 -1 -1   25   0   0   4   0   1  20   4   0  38   0   0   0   0   0   4   2   0   2   1  0.55 0.34
   82 F   -4 -3 -5 -6 -5 -5 -5 -6 -1  3 -1 -5 -2  5 -6 -3 -4 -2  7 -1    0   2   0   0   0   0   0   0   1  21   5   0   1  27   0   2   0   0  39   2  1.33 0.49
   83 P    2 -1  2  0  0  0 -2  1 -1 -3 -3  0 -3 -3  4  2 -1 -3 -2 -3   22   3  10   4   2   4   0   9   2   1   1   4   0   1  19  16   1   0   1   1  0.39 0.22
   84 E    3  3 -1 -2 -3  0  1  0 -2 -4 -2  2 -2 -4 -1  1 -1 -1 -3 -2   35  16   2   0   0   2  11   5   0   0   3  12   1   0   2   7   2   1   0   1  0.40 0.26
   85 D   -2 -2  4  3 -4 -2 -1  0 -2 -4 -4  1 -4 -4 -3  4 -1 -5 -2 -2    0   1  19  18   0   0   2   6   0   0   1   7   0   0   0  39   1   0   1   3  0.67 0.35
   86 R   -1  2  3 -1 -3  0  0 -2  1 -2 -2  0 -2 -2 -3  3  2 -4  0 -2    3  11  17   1   0   3   5   1   4   3   4   6   0   1   0  23  14   0   3   1  0.30 0.21
   87 S   -2  1  0 -1 -3  0 -2  0 -1 -1  3  0 -1 -1  2  2 -1 -3 -2 -2    0   8   4   2   0   4   0   7   1   2  33   4   0   1  12  17   2   0   1   1  0.23 0.20
   88 Q    0 -1  0  0 -4  6  1 -4  1 -4 -3  0 -1 -2  0 -2 -3 -4 -1 -3    8   1   3   4   0  52   9   0   3   0   2   4   1   2   4   2   1   0   2   2  0.87 0.41
   89 P   -1 -2 -1 -2 -3 -2 -2 -2 -1 -2 -3 -1  1 -2  4  4  3 -4 -3 -2    2   1   1   1   0   1   2   2   1   2   2   3   5   1  21  32  21   0   0   2  0.60 0.31
   90 G   -1 -2 -2 -2 -3 -1 -1  5 -1 -4 -4  3 -2 -4 -1 -1 -1 -4 -1 -2    4   1   1   1   0   1   4  49   1   0   1  20   1   0   3   2   4   0   2   4  0.71 0.31
   91 Q   -1  1 -3 -1 -3  1 -1 -2  0  1  0 -1  0 -2 -1 -2  2  0 -3  3    3   9   0   3   0   6   2   2   3   7   5   3   2   0   3   1  17   2   0  33  0.26 0.21
   92 D   -1 -2 -2  4 -5 -1  2 -2 -3 -5 -5 -2 -5 -6  6 -2 -1 -6 -5 -4    4   1   1  27   0   3  16   2   0   0   0   1   0   0  38   2   3   0   0   1  1.09 0.42
   93 C    0  1  1  0 -2  0 -1  0 -3 -4 -4  3 -3 -4  1  4 -2  1 -4 -4    5   7   7   5   1   2   1   7   0   0   0  21   0   0   7  34   0   2   0   0  0.48 0.29
   94 R   -4  7 -1 -4 -6 -2 -3 -5  1 -5 -5  0 -4 -2 -5 -4 -4 -4  4 -5    0  70   3   0   0   0   0   0   3   0   0   3   0   1   0   0   0   0  17   0  1.67 0.58
   95 F   -4 -1 -5 -5 -5 -4 -5 -5  1 -1  1 -5 -2  8 -5 -5 -4 -2  1  0    0   4   0   0   0   1   0   0   4   3  10   0   0  66   0   0   0   0   4   6  1.50 0.50
   96 R   -2  2  0 -3 -3  2 -1 -3  4 -3  1 -2 -2 -3 -3  4  0 -4 -3 -3    0  11   3   0   0   9   2   1  10   0  18   0   0   0   0  41   4   0   0   1  0.55 0.34
   97 V   -1 -4 -3 -4 -3 -3 -4  4 -4  3 -1 -3 -1  0 -4 -1  1 -4 -3  2    5   0   0   0   0   0   0  36   0  21   3   0   1   3   0   3  10   0   0  16  0.55 0.28
   98 T   -1 -3  4 -2 -4 -3 -1 -2 -3 -2 -2 -3 -3 -2 -3  4  4 -2 -4 -3    3   0  18   0   0   0   3   1   0   2   3   0   0   2   0  41  25   1   0   1  0.79 0.41
   99 Q   -2  1  0 -3 -4  2 -2  4  5 -2 -2  0 -2 -2  0 -2 -1  2 -2 -4    0   9   4   1   0  10   0  38  14   2   3   4   1   2   5   0   3   3   1   0  0.57 0.29
  100 L    0 -1  1 -1  0 -1 -1 -1 -1  0  2 -1  0 -1 -1  0  2 -1 -1  0    5   3   8   2   3   2   3   3   1   4  29   3   1   2   2   7  14   1   2   5  0.09 0.07
  101 P    0 -1  0 -1 -2 -1 -1  0 -2 -1 -2 -1 -2 -2  6  0 -1  2 -2 -1    6   2   4   2   1   2   4   8   1   4   4   4   1   2  38   7   2   3   1   3  0.59 0.15
  102 N    1 -3  3  2 -3 -1 -2 -1  1 -4 -4 -2 -3 -4 -1  4 -1 -4 -3 -3   12   0  16  11   0   2   1   4   3   0   1   0   0   0   3  43   1   0   0   1  0.63 0.32
  103 G   -1  0 -2 -2 -3 -1 -1  5 -3 -4 -4  0 -3 -4 -3  0  1 -3 -3 -3    2   4   1   1   0   2   3  57   0   1   2   6   0   1   1   7   9   0   1   1  0.82 0.29
  104 R   -1  3 -2 -2  0  1 -2 -3  2 -2 -1 -1 -1 -2  0  1  4 -3 -2 -2    2  16   1   1   2   7   1   1   6   1   5   3   1   1   4   8  38   0   1   1  0.45 0.24
  105 D   -2 -1  0  6 -4 -1  0 -2  1 -1 -3 -2 -1 -2 -3  0  0 -4 -3  0    3   3   2  47   0   1   5   2   3   3   1   1   2   1   1   8   7   0   0   9  0.63 0.28
  106 F   -1 -6 -6 -6 -5 -6 -6 -6 -4 -2 -3 -6 -3  9 -6 -3 -5 -2  2 -1    5   0   0   0   0   0   0   0   0   2   0   0   0  82   0   2   0   0   5   3  2.19 0.68
  107 H   -2  0 -1 -3 -4  0  2 -4  5 -3 -2  3 -3 -4 -3  0  4 -5 -3 -3    0   5   1   0   0   3  15   0  14   0   3  17   0   0   0   6  36   0   0   0  0.71 0.38
  108 M   -4 -5 -6 -6 -4 -4 -5 -6 -5  3  5 -5  6 -1 -6 -5 -3 -4 -4 -1    0   0   0   0   0   0   0   0   0  18  52   0  27   2   0   0   1   0   0   0  1.31 0.50
  109 S   -3  0  0 -3 -4 -2  2 -4  3 -4 -4  0 -4 -5 -4  2  5 -5 -4 -4    0   5   5   0   0   0  16   0   9   0   0   6   0   0   0  16  43   0   0   0  0.81 0.42
  110 V   -4 -6 -6 -6 -4 -6 -6 -6 -6  8  0 -6 -1 -2 -6 -5 -4 -6 -4  2    0   0   0   0   0   0   0   1   0  85   5   0   1   1   0   0   0   0   0   8  1.92 0.63
  111 V   -2  0 -1 -4 -3 -3 -3 -4 -3 -1  3 -3  1 -3 -4  4 -2 -5 -4  0    0   5   2   0   0   0   1   0   0   2  35   0   3   0   0  44   1   0   0   7  0.67 0.39
  112 R    1  0  4  0 -3 -1 -1  0  1 -4 -5 -2 -4 -5 -2  4 -1 -5 -4 -4   12   5  24   3   0   2   2   5   4   0   0   0   0   0   1  39   3   0   0   0  0.67 0.36
  113 A    1 -4 -5 -5 -4 -4 -5 -5 -5 -1  5 -4 -1 -3 -5 -1  0 -4 -4  2   13   0   0   0   0   0   0   0   0   0  67   0   0   0   0   4   5   0   0  12  0.94 0.42
  114 R   -4  2 -3 -3 -6  7  1 -5  5 -5 -3  0 -4 -5 -4 -3  0 -5 -2 -5    0  12   0   0   0  53   9   0  15   0   3   3   0   0   0   0   6   0   1   0  1.31 0.55
  115 R   -3  3 -3 -4 -5  3 -1 -5  0 -4 -1  0 -3 -5  6 -2  0 -5 -4 -2    0  19   0   0   0  16   2   0   2   0   6   6   0   0  39   2   5   0   0   3  0.97 0.41
  116 N   -4 -3  6  0 -6 -2  5 -2 -1 -6 -6 -2 -5 -6 -4  0 -2 -6 -5 -5    0   0  50   2   0   0  37   2   1   0   0   1   0   0   0   5   2   0   0   0  1.42 0.56
  117 D   -5 -4  1  8 -6 -3 -1 -4  1 -6 -7 -4 -6 -6 -5 -3 -4 -7 -6 -6    0   0   5  91   0   0   0   0   4   0   0   0   0   0   0   0   0   0   0   0  2.26 0.56
  118 S   -2 -4 -3 -4 -1 -4 -4 -4 -3 -1 -2 -4 -3  6 -4  4  1 -3 -1 -1    2   0   0   0   1   0   0   0   0   3   2   0   0  42   0  39   7   0   0   4  0.96 0.37
  119 G    5 -4 -1 -2 -3 -3 -4  5 -4 -4 -4 -3 -4 -5 -4 -2 -3 -5 -5 -2   53   0   2   2   0   0   0  41   0   0   0   0   0   0   0   0   0   0   0   2  1.12 0.37
  120 T   -2 -2 -2 -3 -3 -2  0 -3 -2  0 -2 -2 -1 -2 -3  1  5 -4 -2  1    1   1   1   0   0   0   7   1   1   6   3   1   1   2   0  11  52   0   1  12  0.65 0.30
  121 Y   -5 -5 -6 -7 -6 -5 -5 -7 -2 -5 -4 -5 -4  2 -6 -5 -5 -1 10 -5    0   0   0   0   0   0   0   0   0   0   0   0   0   5   0   0   0   0  95   0  2.95 0.69
  122 L   -4 -2 -5 -6 -5 -4 -5 -1  1 -3  0 -4 -3  4 -6 -2 -4 -1  8 -4    0   2   0   0   0   0   0   5   3   0   9   0   0  14   0   2   0   0  65   0  1.66 0.47
  123 C   -4 -7 -6 -7 11 -6 -7 -6 -6 -5 -5 -7 -5 -5 -6 -4 -4 -5  1 -4    0   0   0   0  95   0   0   0   0   0   0   0   0   0   0   0   0   0   5   0  3.61 0.73
  124 G   -1 -2 -2 -3 -5  6  2  3  0 -3 -3 -1 -3 -5 -4 -2 -3  0 -4 -3    3   1   0   0   0  47  12  28   2   1   3   1   0   0   0   1   0   1   0   1  0.94 0.35
  125 A    2 -1 -3 -3 -4  6 -1 -3 -1 -2  1 -1 -2 -1 -2 -2 -3 -4 -1 -2   22   1   0   0   0  45   2   0   1   2  17   3   0   2   1   0   0   0   2   2  0.68 0.32
  126 I   -1 -2 -1 -3 -3 -2 -2 -3  0  4 -1 -3 -1  0 -3  1  0  0  4  1    2   1   3   1   0   2   1   2   2  36   3   0   1   2   0  15   4   1  17   7  0.37 0.20
  127 S   -1 -2  3  0 -3 -1  0  0  2 -3 -3 -2 -3 -1 -2  1  1  0  5 -3    5   1  14   4   0   1   7   6   6   1   1   1   0   1   2  14   8   1  27   1  0.39 0.20
  128 L   -2 -2  0 -2 -3 -1 -2 -2 -3 -1  2 -2  0  4 -3  2  1  1 -1 -1    1   2   6   2   0   2   2   3   0   3  24   1   1  18   0  20   8   2   1   4  0.26 0.18
  129 A    0 -2  2 -2 -3 -1 -1 -3  2 -2 -1 -2 -2  1  2  2  2  2  1 -2    7   1  11   1   0   2   2   1   5   2   6   2   1   8   9  23  12   3   4   2  0.25 0.18
  130 P   -2 -2  0 -4 -5 -2  0 -5 -2 -4 -4 -3 -2 -6  7  0  1 -6 -5 -4    2   2   5   0   0   1   5   0   1   1   2   1   1   0  59   7  10   0   0   1  1.46 0.48
  131 K   -1  2  0 -2 -3  0  0 -2 -1 -3 -2  1 -1 -2  5  1 -1 -2 -2 -3    3  11   4   2   0   3   7   3   1   1   3  10   2   2  30  13   3   1   2   1  0.51 0.20
  132 A    0 -2 -1  0 -2 -3 -3 -1  0  1  0 -3  1  1 -1 -1  2  5  2  0    8   1   3   5   0   0   1   4   2   7  10   0   5   5   3   4  17  10   9   5  0.25 0.18
  133 Q   -2 -2  0 -2 -4  3 -1 -2  1 -3 -3  3  0 -4 -3  0  5 -4 -4 -2    1   0   4   1   0  13   2   2   3   0   1  18   2   0   0   5  43   0   0   2  0.75 0.37
  134 I   -5 -6 -6 -7 -5 -6 -6 -6 -5  4 -1 -6 -3  7 -6 -5 -5 -3 -1  2    0   0   0   0   0   0   0   0   0  25   3   0   0  56   0   0   0   0   0  15  1.71 0.57
  135 K   -3 -2 -1 -4 -5 -3 -3  5 -1 -2 -2  1  3 -5 -5 -2  0  3 -3 -3    0   1   3   0   0   1   2  55   2   2   4   8   8   0   0   1   7   4   1   1  0.91 0.40
  136 E   -4  0 -3 -2 -6  6  5  0 -2 -6 -4  0 -4 -6  0 -3 -4 -6 -5 -5    0   5   0   1   0  39  37   7   1   0   2   4   0   0   4   0   0   0   0   0  1.20 0.52
  137 S   -3 -5 -3 -1 -5 -4 -3  5 -5 -6 -6 -4 -5 -6 -5  5 -2  0 -5 -6    0   0   0   4   0   0   1  52   0   0   0   0   0   0   0  41   1   1   0   0  1.41 0.55
  138 L   -3 -2  3 -2  0  0 -3 -2 -1 -4 -2 -3 -4 -5  3 -1  6 -5 -5 -4    0   1  16   1   2   4   0   2   2   0   3   1   0   0  12   2  53   0   0   0  1.02 0.47
  139 R   -4  5 -2 -4  3 -1 -3 -3  2 -5 -5  5 -4 -5  1 -3 -3  0 -3 -3    0  33   1   0   6   2   0   2   5   0   0  40   0   0   6   1   1   1   1   2  1.04 0.44
  140 A    2 -4 -4 -4 -1 -3 -4 -1 -4  0  1 -3  0 -3 -4  2  1 -5 -3  4   18   0   0   0   1   0   0   4   0   2  15   0   2   0   0  15   7   0   0  36  0.50 0.29
  141 E   -4 -1  1  1 -6  2  6 -5  2 -3 -2 -1 -3 -4 -4 -3 -4 -5 -4 -5    0   2   6   5   0   9  64   0   6   1   4   2   1   0   0   0   0   0   0   0  1.23 0.50
  142 L   -4 -5 -6 -6  0 -5 -5 -6 -5  6  4 -4  0 -2 -5 -5 -3 -4 -4 -1    0   0   0   0   2   0   0   0   0  45  48   1   1   1   0   0   1   0   0   1  1.24 0.45
  143 R   -3  1  1 -3 -4 -2 -2 -4 -3 -1 -2  5  0 -4 -4 -2  3 -5 -4  1    0   5   8   0   0   0   1   0   0   4   2  47   3   0   0   1  19   0   0  10  0.73 0.37
  144 V   -3  6 -4 -5 -4 -3 -4 -2 -4 -2 -3 -2 -3 -4 -5 -4 -3 -5 -4  5    0  45   0   0   0   0   0   3   0   0   0   0   0   0   0   0   0   0   0  49  1.29 0.49
  145 T   -2 -3 -3 -4 -4 -1 -4 -4 -4 -3 -4 -2 -4 -5 -4 -2  7 -5 -4 -3    2   1   0   0   0   3   0   0   0   1   0   2   0   0   0   0  89   0   0   0  1.84 0.62
  146 E    1 -1  2  2 -2  0  1  1 -1 -1 -1 -1  2 -2 -2  1  0 -3 -2  0   12   1  12  12   0   0  12  12   0   1   1   1  11   0   1  12   1   0   0  12  0.13 0.08
  147 R    2  1  0  0 -2  0  1  0  1 -1 -2  0 -2 -3  0  1  0 -3 -2 -2   24  12   5   5   0   0  10   5   5   5   1   5   0   0   4  11   5   0   0   1  0.16 0.11
  148 R    1  0  0  0 -2  1 -1  0 -2  1 -1 -1 -1 -2  2  0  0 -3 -2  1   18   7   6   4   0   8   1   8   0  11   5   1   0   0  10   3   4   0   0  12  0.10 0.09
  149 A    0 -1 -2 -1 -3  0  2 -1 -2 -1  0 -1  0 -2  4  0  1  2 -2  0    6   3   0   0   0   3  19   5   0   0  14   2   3   0  20   5   9   3   0   7  0.26 0.17
  150 E    0 -1  0  2 -3  0  3 -1  0 -2 -3  2  0 -3 -2  1 -1 -3  0 -1    8   0   4   9   0   2  30   4   2   2   1  13   3   0   0  12   2   0   4   4  0.29 0.20
  151 V    0  0  1 -2 -2  0 -2 -2 -2 -1  0 -1 -1 -2  3  0  1  3 -1  1    8   4   8   0   0   6   1   1   0   2   9   3   0   0  15   8  11   5   2  16  0.20 0.15
  152 P    0  0  1 -2 -3 -2  0 -1 -3 -3 -1  0 -1  1  5  0  2 -4 -2 -3    6   6   7   0   0   0   6   3   0   0   5   4   1   9  30   5  17   0   0   0  0.49 0.28
  153 T   -1 -3  1  1 -3 -2  0 -3 -3  1 -3 -1 -3 -4 -3  1  6 -5 -4 -2    2   0   8   6   0   0   6   0   0  10   0   2   0   0   0   9  57   0   0   0  0.77 0.43
  154 A    2  0 -2  2 -3 -1  2 -1 -2 -1 -2 -1 -1  2 -1 -1  0 -3  1 -2   19   4   0  13   0   1  19   4   0   5   0   2   1  13   2   2   7   0   5   1  0.19 0.19
  155 H   -3  0 -1  1 -4  1  1 -2  5 -3 -3 -1 -3 -4  4 -1  1 -4  0 -1    0   4   2   7   0   7  10   2  21   1   1   1   0   0  22   2  13   0   3   4  0.56 0.31
  156 P   -3 -4  0  1 -5 -3  2 -5 -4 -5 -2 -3 -4 -6  7 -3 -1 -6 -5 -5    0   0   4   7   0   0  17   0   0   0   6   0   0   0  63   0   3   0   0   0  1.63 0.56
  157 S   -1  1  0 -1 -3 -1  2 -1 -2 -3 -2 -1  2 -2  0  4  0 -4 -3 -1    3   7   4   2   0   2  13   2   0   0   3   1   8   1   4  40   3   0   0   5  0.35 0.27
  158 P   -2 -3  0  1  2 -1  3 -1 -3 -2 -3 -1 -3 -4  5  0  0 -4 -4  0    0   0   3  10   6   0  24   5   0   2   0   3   0   0  27   5   6   0   0   8  0.55 0.27
  159 S    0 -2 -2  0 -4  0  4 -3  2 -2 -2  0 -3 -4  1  1  2 -4 -3 -3    5   0   0   3   0   2  40   0   6   2   3   4   0   0   6  12  16   0   0   0  0.52 0.30
  160 P   -2 -2  0  0 -3  2  1  2 -2 -3 -3 -2  2 -3  5  0 -2 -3 -3 -1    1   1   4   5   0  13   8  16   0   1   1   1   8   0  29   5   1   0   0   5  0.54 0.25
  161 R   -1  3  3  1 -3 -1  2 -1 -1 -2  0  0 -1 -3 -2  1 -1 -1 -3 -2    2  19  19   5   0   0  17   4   0   3   9   4   2   0   1   9   2   1   0   2  0.26 0.18
  162 P   -1 -2  0  1 -3  0  0 -2 -1 -3 -3  1 -3 -4  6  0  0  0 -3 -3    5   1   4   7   0   3   5   2   1   2   3  11   0   0  41   4   7   2   0   1  0.75 0.28
  163 A    1 -2  0 -2 -2  0  0 -1 -2 -1 -1 -1  0 -3  4  2  1 -3 -3  0   12   1   4   1   0   3   5   5   0   1   8   3   3   0  20  19   8   0   0   8  0.28 0.16
  164 G    0 -3  1  3 -4 -2  0  5 -3 -4 -4 -2 -4 -4 -3  0 -2 -4 -4 -4    5   1   7  18   0   0   7  53   0   1   1   1   0   0   1   4   1   0   0   1  0.84 0.32
  165 Q   -3 -1  1  2 -4  4 -1 -2  7 -4 -4  1 -3 -3 -1 -1 -1 -3  0 -4    1   2   5  12   0  25   1   2  31   1   1   7   0   0   2   3   3   0   3   1  0.78 0.35
  166 F   -2 -1 -1 -3 -2 -2 -3 -1 -2  3  2 -2  1  3 -2 -1 -1 -2  0  1    1   4   3   1   0   1   1   5   0  20  21   1   2  19   2   5   2   0   2  10  0.24 0.16
  167 Q   -2  1 -1 -1 -4  4  0 -3 -2 -2 -2  4 -2 -3  0 -1 -1  3 -1 -3    1   4   2   3   0  27   3   1   0   2   4  34   0   0   4   3   3   5   2   1  0.54 0.30
  168 T    3 -2 -1 -1 -2 -2 -2  2  0  0 -2 -1 -2  0  0  0  0  0 -2  1   33   0   2   4   0   0   0  18   3   7   1   2   0   4   3   4   3   2   0  12  0.23 0.18
  169 L   -1 -3 -3 -4 -2 -2 -3 -4 -3  1  3 -1  3 -2  1 -2  0 -3 -2  3    4   0   0   0   0   1   0   1   0   6  39   3   9   0   7   1   5   0   0  22  0.41 0.23
  170 V   -1 -3 -3 -4 -2 -2 -3 -3 -3  1  3  0  1 -1 -3 -2 -2 -3 -2  4    4   0   0   0   0   0   1   1   0   4  35   7   3   2   0   3   1   0   0  38  0.44 0.24
  171 V    0 -3 -3 -3 -2 -2 -3 -2 -3  3  2 -3  1 -1  1 -1 -1 -3 -2  2    9   0   0   0   0   2   1   2   0  22  26   1   2   0   7   4   2   0   0  21  0.31 0.18
  172 G   -1 -2 -2 -3 -3 -3 -3  5 -3  1 -1 -2 -2 -3 -3  1 -1 -3 -3  1    3   1   0   0   0   0   1  51   0   9   6   1   0   0   0  12   1   0   0  12  0.60 0.27
  173 V   -1 -3 -3 -3 -2 -2 -3 -1 -3  4  0 -1 -1  0 -1  0  0  2 -2  3    5   0   0   0   0   0   1   5   0  34   4   5   0   4   2   9   5   4   0  21  0.28 0.19
  174 V   -1 -2 -2 -3 -2 -2 -2 -2 -3  1  3 -2  2 -1  0  0  2 -3 -2  1    3   0   2   0   0   0   1   3   0   6  36   1   8   0   4   9  17   0   0   8  0.27 0.19
  175 G   -1 -2 -2  1 -2 -2 -2  0 -3  0  2 -2  0 -2  0  3 -1 -3 -3  0    2   2   0   8   0   0   1   7   0   3  29   1   1   0   4  35   1   0   0   5  0.26 0.23
  176 G    0 -2 -3 -1 -2 -2 -2 -1 -3  2  3 -1  0 -1 -3 -2  0  0 -2  2    8   0   0   4   0   1   0   6   0  11  34   4   0   1   0   0   6   1   0  21  0.23 0.16
  177 L    2 -3 -2 -3  0 -2 -2  2 -3 -1  1 -2 -1 -2 -2  1  0 -3 -3  1   25   0   0   0   2   0   0  18   0   0  21   0   0   0   0  10   7   0   0  13  0.25 0.18
  178 L    0 -3 -2 -3  0 -3 -3  4 -3  1  1 -3 -1 -2 -3 -2  0 -1 -3  2    6   0   0   0   2   0   0  36   0   6  17   0   0   0   0   0   7   1   0  21  0.39 0.22
  179 G    2 -3 -3 -3 -2 -2 -3  2 -3  0  2 -2  0  0  1 -1 -1 -3 -2  2   25   0   0   0   0   0   0  16   0   3  20   0   1   3   6   0   1   0   0  22  0.26 0.19
  180 S    0 -3 -3 -3  2 -2 -1 -3 -3  1  2 -3  1 -1 -3  0 -1 -3 -2  4   10   0   0   0   6   0   4   1   0   6  22   0   2   1   0   7   1   0   0  38  0.32 0.20
  181 L    0 -3 -3 -3  0 -3 -2 -1 -3  2  3 -3  0 -1 -1 -2 -2 -3 -2  3    8   1   0   1   2   0   2   4   0   9  40   1   0   0   4   1   1   0   0  25  0.34 0.20
  182 V   -1 -3 -4 -4 -2 -3 -3 -4 -3  0  5 -3  0  1 -2 -3 -2 -3 -2  2    6   1   0   1   0   0   1   1   0   1  67   1   0   6   1   1   1   0   0  13  0.69 0.30
  183 L   -3 -3 -1 -4 -3 -3 -4 -1 -4  0  5 -3  1 -1 -2 -3 -2 -3 -3  1    1   0   4   0   0   0   1   4   0   0  75   0   2   0   2   1   0   0   0   7  0.80 0.35
  184 L   -2 -3 -1 -3  0 -3 -3 -4 -3  3  3 -3  0  0 -2 -2  0  1 -2  2    1   0   4   0   2   0   1   1   0  21  41   0   1   2   2   1   6   2   0  14  0.40 0.21
  185 V    1 -1 -3 -3 -1 -1 -3 -3 -1  1  2 -2  0  4 -3 -2  0 -2  1  0   14   2   0   0   1   4   0   0   2   7  26   0   0  27   0   0   4   0   3   7  0.30 0.19
  186 W   -2 -3 -3 -4  0 -3 -3  3 -3 -1  0 -3 -2  1 -4  0  0  8  1 -3    2   0   0   0   3   0   0  28   0   3  13   0   0   4   0   7   5  29   4   0  0.87 0.32
  187 V   -1 -3 -3 -3 -1 -3 -3 -2 -2  0  0 -3 -1  0  1 -1  0  4  5  2    4   0   0   0   1   0   0   3   0   4  11   0   0   0   7   4   8   6  28  22  0.39 0.24
  188 L   -1 -1 -3 -3  0 -1 -3 -3 -3  2  3 -2  0  1 -3 -1 -1  0  0  1    6   4   0   0   1   4   0   0   0  12  43   0   0   7   0   3   2   1   3  10  0.30 0.18
  189 A    2 -2 -2 -3 -2 -1 -2  0 -3  0  1 -1  0 -1 -2  0  3 -3 -2  0   21   1   0   0   0   2   0   9   0   4  20   2   3   1   1   3  24   0   0   6  0.20 0.17
  190 V    2 -3 -3 -3 -2 -2 -3 -2 -2  1  1 -2  0  1 -3 -1  1 -2  2  2   21   0   0   0   0   0   0   2   0   8  18   0   0   7   0   4   8   0  10  20  0.21 0.16
  191 I    0 -2 -1 -3 -2 -1 -2 -3 -3  2  0 -1  1  1 -3  0  2  5 -1  1    7   0   3   0   0   2   0   0   0  12   9   4   5   6   0   5  23   9   0  12  0.23 0.16
  192 C   -2 -1 -2 -3  4 -2 -2 -3 -1  0  1 -3 -1  2 -1 -2  1  3  4  0    2   3   2   0  13   0   2   0   1   5  14   0   0  11   3   0  10   5  20   8  0.33 0.19
  193 S    0  3 -2 -2 -3  1 -1 -3  0  0  0  0 -1 -3  3  1 -1 -3 -2  0    4  24   0   0   0   8   2   0   3   7   8   1   0   0  14  18   2   0   0   6  0.28 0.18
  194 R   -2  5 -2 -3  0  0 -2 -1 -2 -3 -2  1  0 -2  1 -2  1  3 -2 -3    1  49   0   0   2   3   1   5   0   0   4   7   3   2   6   1  10   6   0   1  0.61 0.29
  195 A    2  1 -1 -2 -3  1 -1  3  0 -3 -3  1 -2 -3  0 -1  0 -3  0 -2   23   9   1   1   0   5   1  29   3   0   1  11   0   0   5   1   4   0   4   2  0.32 0.18
  196 A    0  2 -1  3 -3  0  1 -1 -2 -2 -1 -1  0 -3 -1  0  2 -3 -3  0    7  16   0  20   0   4   7   5   0   1   4   1   3   0   3   2  18   0   0   7  0.21 0.16
  197 R   -1  4  1  0 -3  1 -1 -1 -2 -2 -2  0 -1 -3  1  0 -1 -3 -2  1    1  31   7   4   0   9   1   6   0   1   1   2   1   1   9   6   3   0   0  18  0.30 0.20
  198 G    0 -1  1 -2 -2  3  1  5 -2 -4 -4  0 -3 -4 -3 -1 -2 -3 -3 -3    4   1   6   0   1  21   9  48   0   0   1   3   0   0   0   1   0   0   0   2  0.71 0.30
  199 T    2 -1 -1  1 -3  1 -1  0 -2 -1 -2  3 -2 -3 -1  0  2 -2 -3  0   21   1   2   7   0   5   1   6   0   3   1  26   0   0   2   1  15   1   0   7  0.23 0.19
  200 I    0  1 -1 -1  3  1  0  0 -2 -1 -1  0  0 -2  3 -1 -1 -3 -2  0    5  13   3   3  10  10   6   7   0   3   7   2   2   1  14   2   1   0   1   9  0.17 0.11
  201 G    0  0 -1 -1 -1  2  0  2  0 -2 -1  1  0 -3  3  0 -1 -3 -2 -2   10   5   2   2   1  14   5  17   2   1   5  10   2   1  13   5   2   0   1   2  0.21 0.11
  202 A    2 -1  0 -2  3 -2 -2 -1 -1 -2 -3  0 -2 -3  4  2  0 -4 -3 -1   17   2   4   0   9   0   0   3   1   0   1   6   0   0  22  20   6   0   0   5  0.42 0.21
  203 R   -2  4 -2 -2 -4  1  2  0  1 -2 -3  1 -3 -4  4 -1 -2 -4 -3 -3    1  27   0   0   0   8  14  10   4   4   2   5   0   0  20   4   0   0   0   0  0.50 0.24
  204 R    0  2  3 -1  1  2 -1 -1 -2 -4 -4 -1 -2 -4 -1  4 -1 -4 -3 -3    4  14  16   2   3   9   0   2   0   0   1   1   1   0   3  42   1   0   0   0  0.51 0.30
  205 T    1 -1 -1  1 -2  0  4 -2 -1 -3 -3  1 -2 -4 -1  2  1 -4 -3 -1   11   2   1   9   1   3  31   1   1   0   2   8   0   0   1  19   8   0   0   3  0.36 0.21
  206 G    0 -1  4  3 -3  0  1  2 -1 -3 -3 -1 -3 -3  1  1 -1 -3 -3 -2    6   1  24  21   0   4   6  15   0   1   1   2   0   0   5   9   1   0   0   3  0.39 0.19
  207 Q    1  0  0  0 -3  4  1 -2 -1 -1 -1  0  0 -3  1  0 -1 -3 -2 -1   14   5   5   3   0  28  11   1   0   3   7   2   3   0   6   4   3   0   0   5  0.25 0.18
  208 P    1 -3 -3 -3  1 -2 -3 -3 -3 -3 -1 -2 -3 -4  7  1  1 -4 -4 -3   11   0   0   0   3   1   0   1   0   0   6   0   0   0  54  13   9   0   0   1  1.15 0.38
  209 L    0  1 -1 -1  3  1  1  0 -2 -1  0  1 -1 -2  2 -1  1 -3 -2  0    9   9   0   0   8   9   9   9   0   0   9   9   0   0   9   1   9   0   0   9  0.12 0.10
  210 K    1  0 -1 -1 -3  1  2 -1 -2 -2 -3  4 -2 -3 -2  0  0 -3 -3  0   11   0   2   2   0   4  16   3   0   0   1  38   0   0   0   7   5   0   0  10  0.34 0.23
  211 E   -2  1 -2  0 -4  1  6 -1 -2 -3 -2  0  0 -4 -3 -1 -2 -4 -3 -1    2   6   0   3   0   2  62   4   0   0   4   5   3   0   0   2   0   0   0   5  0.73 0.37
  212 D    0  0 -1  3 -4  1  2  2  2 -3 -3  3 -3 -4  0 -1 -2 -4 -3 -2    6   4   0  21   0   4  13  16   5   0   0  22   0   0   4   0   0   0   0   2  0.37 0.21
  213 P   -1 -3 -2  1  1 -2  0 -3  0 -4 -3  0 -3 -4  7  0 -1 -5 -4 -3    4   0   0   7   4   0   5   0   2   0   3   5   0   0  58   8   2   0   0   0  1.22 0.41
  214 S    0 -1 -2 -1  2  0  0  0 -1 -2 -2 -1 -2 -3  5  2  0 -4 -3 -2    6   4   0   1   5   3   5   6   1   3   4   0   0   0  32  23   6   0   0   0  0.53 0.24
  215 A    2 -2 -2 -2  1  0  0  1 -2 -1 -2  0  2 -3  1  1  0 -3 -3  1   27   0   0   0   3   6   5   9   0   1   0   4   7   0   8   8   4   0   0  16  0.19 0.17
  216 V    1 -2 -1  0 -2 -2 -2  1 -3  1  0 -2  0 -2  1 -2 -1 -3 -2  4   13   2   3   6   0   0   0  11   0   2   7   0   3   0   6   0   1   0   0  43  0.25 0.21
  217 P   -1 -3 -2 -3 -3 -2 -2 -2 -3 -3 -3 -2 -3 -1  6  3  1 -4 -3 -1    2   0   0   0   0   0   0   2   0   0   2   0   0   4  42  35   8   0   0   5  0.97 0.40
  218 V    1 -3 -3 -4 -2 -3 -3 -2 -4  2 -1 -3  1 -2  0  0  1 -4 -3  4   11   0   0   0   0   0   0   1   0  12   1   0   4   0   4   7  11   0   0  49  0.46 0.27
  219 F    0 -2 -1 -3  1 -2 -3 -2 -2 -1 -1 -2 -2  3  2  2 -1  3  3  0    5   1   3   0   3   0   0   2   0   2   5   0   0  19  12  26   0   5  11   6  0.34 0.22
  220 S    0 -3  1 -2 -2 -2 -2 -3 -3 -1 -3 -2 -2 -4  0  3  5 -4 -3 -2    4   0   5   0   0   0   0   0   0   2   0   0   0   0   4  24  58   0   0   0  0.81 0.38
  221 V   -2 -4 -4 -5  3 -4 -4 -5 -5  1  0 -4  2 -3 -4 -1  0 -4 -3  6    0   0   0   0   6   0   0   0   0   0   3   0   6   0   0   3   5   0   0  77  0.95 0.40
  222 D   -1 -3 -1  7 -5 -2  0 -3 -3 -4 -5 -2 -4 -5 -3 -2  1 -6 -5 -1    6   0   0  81   0   0   0   0   0   0   0   0   0   0   0   0   8   0   0   5  1.38 0.38
  223 Y   -4  1 -4 -5 -5 -3 -4 -5  0 -4 -3 -3 -3  1 -5 -4 -4  0  9 -3    0   7   0   0   0   0   0   0   0   0   0   0   0   0   0   0   0   0  93   0  2.21 0.53
  224 G    0 -3 -2 -2 -3 -2  0  6 -3 -4 -4 -2 -4 -4 -3 -1 -3 -4 -4 -4    5   0   0   0   0   0   7  81   0   0   1   0   0   0   0   1   0   0   0   1  1.28 0.30
  225 E   -2 -2 -2 -1 -3  2  4 -4 -2  0 -2 -1 -2 -3 -3 -2 -2 -4 -3  4    0   0   0   0   0  10  43   0   0   0   0   0   0   0   0   0   0   0   0  47  0.65 0.24
  226 L   -3 -3  1 -4 -3 -3 -4 -5 -4  0  5 -4  1 -1 -4 -3 -2 -3 -3 -1    0   0   9   0   0   0   0   0   0   0  91   0   0   0   0   0   0   0   0   0  0.97 0.27
  227 D   -2 -2 -1  6 -5  0  4 -3 -2 -4 -5  1 -4 -5 -3 -1 -2 -5 -4 -4    3   0   0  54   0   1  35   0   0   0   0   7   0   0   0   0   0   0   0   0  1.05 0.25
  228 F   -1 -4 -5 -5 -4 -5 -5 -5 -3 -2 -1 -5 -2  8 -5 -4 -4 -1  1 -2    7   0   0   0   0   0   0   0   0   0   0   0   0  93   0   0   0   0   0   0  1.77 0.36
  229 Q   -2 -1 -2 -2 -5  7  1 -4 -2 -5 -4 -1 -2 -5  4 -2 -2 -4 -3 -4    0   0   0   0   0  75   6   0   0   0   0   0   0   0  19   0   0   0   0   0  1.37 0.34
  230 W   -2  3 -1 -3  2  1 -2  1 -3 -4 -2 -1 -3 -2 -4 -2 -3  9 -1 -3    2  25   4   0   6   6   0  15   0   0   2   0   0   0   0   1   0  37   0   1  1.07 0.24
  231 R   -2  5  1  4 -4 -1  0 -2 -1 -4 -4  0 -3 -3  0 -2 -2 -3  2 -4    2  48   5  27   0   0   3   2   0   0   0   0   0   0   4   0   0   0   9   0  0.66 0.20
  232 E   -2  1 -2 -1  1  4  5 -3 -1 -1 -3  0 -2 -4  1 -1 -1 -4 -3 -3    0   8   0   0   3  21  48   0   1   7   1   2   0   0   6   1   1   0   0   0  0.62 0.21
  233 K   -1  2 -1  0  3  2  0 -3  4 -4 -3  4 -2 -4  0 -1 -2 -4 -1 -3    5  11   1   6  10   9   1   0  13   0   0  38   0   0   3   1   0   0   1   0  0.47 0.17
  234 T    0 -3 -1 -3 -3 -2 -2 -3 -2 -2 -2 -2 -2 -2  3  1  5 -3  2 -2    5   0   1   0   0   0   0   0   0   1   3   0   0   0  16   8  55   0  11   0  0.66 0.24
  235 P   -2  0 -2 -2 -4  4  1 -4  1 -4 -4  0 -3 -5  6 -2 -2 -4 -2 -4    0   5   0   0   0  23   9   0   3   0   0   4   0   0  54   1   0   0   2   0  1.27 0.29
  236 E    0 -1  0 -1 -3  2  3 -3 -2  0 -1  0 -1 -2 -1 -1 -1 -4 -2  2    9   0   6   0   0  10  34   0   0   3   2   5   1   1   2   0   1   0   0  27  0.29 0.16
  237 P   -1 -4 -3 -3 -1 -3 -3  1 -2 -4 -2 -3 -3 -4  7  0 -2 -5 -4 -4    1   0   0   0   1   0   0  13   1   0   5   0   0   1  70   7   1   0   0   0  1.58 0.32
  238 P   -1 -3 -3 -3 -4 -2 -2  0 -3 -3 -2 -2 -3 -2  7 -1  0 -4 -4  0    2   0   0   0   0   1   1   7   0   0   4   0   0   1  63   4   6   0   0   9  1.28 0.27
  239 V    2 -1 -2  0 -3  0  4 -1 -2 -2 -1  0 -2 -3 -1 -1  0 -4 -3 -1   28   1   0   2   0   0  45   3   0   1   6   4   0   0   1   0   6   0   0   4  0.44 0.20
  240 P    0 -2 -2 -2 -3 -2 -1 -3 -3 -2 -2 -1 -2 -4  5  2  3 -4 -3 -2    6   0   0   0   0   0   3   0   0   2   3   1   1   0  30  23  31   0   0   0  0.69 0.22
  241 C   -1  2 -3 -3  8  1 -2 -3 -1 -3 -2 -2 -2  1 -2  0 -2  2  1 -2    5  16   0   1  41  10   0   0   1   0   1   0   0   8   1   7   0   3   5   0  0.74 0.20
  242 V    0 -3 -2 -2  1 -2 -2 -3 -3  0  0 -2 -1 -1  5 -1  1 -3 -2  3    5   0   2   1   4   0   0   0   0   2  10   0   0   3  31   4   8   0   0  30  0.49 0.13
  243 P    0 -2 -2 -1  0 -2 -2 -2 -1  0  1 -2 -1 -2  5  0 -1 -3 -2  2    9   1   1   4   2   0   1   2   2   3  15   1   0   0  29   5   1   0   0  23  0.39 0.10
  244 E   -2 -2 -1  5 -4  0  4 -2 -2 -2 -4 -1 -3 -4 -2 -1 -1 -4 -3 -2    1   0   0  45   0   0  41   1   0   2   1   0   0   0   1   1   2   0   0   3  0.87 0.20
  245 Q   -3 -1  0  1 -5  7  0 -3  4 -4 -3 -1 -2 -4  0 -2 -2 -4 -2 -4    0   0   3   8   0  68   1   0  14   0   2   0   0   0   4   0   1   0   0   0  1.09 0.29
  246 T   -2 -3 -2 -3 -3 -2 -3 -3 -3 -2 -3 -2 -2 -4  1  0  7 -4 -3  0    0   0   0   0   0   0   0   0   0   0   0   0   0   0   8   0  88   0   0   4  1.24 0.32
  247 E   -3 -2 -2  0  3  0  7 -4 -2 -5 -5 -1 -4 -5 -3 -2 -3 -5 -4 -4    0   0   0   0   8   0  92   0   0   0   0   0   0   0   0   0   0   0   0   0  1.49 0.34
  248 Y   -4 -4 -4 -5 -5 -3 -4 -5  0 -3 -3 -4 -3  1 -5 -4 -4  0  9 -3    0   0   0   0   0   0   0   0   0   0   0   0   0   0   0   0   0   0 100   0  2.36 0.43
  249 A    6 -3 -3 -3 -2 -2 -3 -1 -3 -3 -3 -2 -3 -4 -2  0 -2 -4 -3 -2  100   0   0   0   0   0   0   0   0   0   0   0   0   0   0   0   0   0   0   0  1.27 0.32
  250 T   -2 -3 -2 -3 -3 -2 -3 -3 -4 -1 -3 -2 -2 -4 -3  0  7 -4 -3  0    0   0   0   0   0   0   0   0   0   4   0   0   0   0   0   0  93   0   0   4  1.33 0.33
  251 I   -3 -5 -5 -5 -3 -4 -5 -5 -5  7  0 -4  0 -2 -4 -4 -2 -4 -3  2    0   0   0   0   0   0   0   0   0  91   0   0   0   0   0   0   0   0   0   9  1.29 0.30
  252 V   -2 -4 -4 -5 -2 -4 -4 -5 -5  4  0 -4  2 -2 -4 -3 -2 -4 -3  5    0   0   0   0   0   0   0   0   0  28   0   0   4   0   0   0   0   0   0  68  0.92 0.24
  253 F   -4 -5 -5 -6 -4 -5 -5 -5 -3 -2 -1 -5 -2  9 -6 -4 -4 -1  1 -3    0   0   0   0   0   0   0   0   0   0   0   0   0 100   0   0   0   0   0   0  2.09 0.38
  254 P   -1 -3 -3 -3 -4 -2 -3 -3 -2 -4 -3 -2 -4 -5  8  1  0 -5 -4 -4    2   0   0   0   0   1   0   0   1   0   1   0   0   0  79  11   5   0   0   0  1.90 0.31
  255 S   -1 -2  0  1 -4  1  4  1 -2 -4 -4 -1 -3 -4  2  0 -1 -4 -3 -3    0   0   2   6   0   6  48  14   0   0   0   0   0   0  12   8   2   0   0   0  0.60 0.17
  256 G   -1  2 -1  1 -2  0  4  2 -2 -4 -3  0 -2 -4 -1 -1 -1 -3 -3 -3    0  13   0   4   1   0  48  22   0   0   2   2   1   0   2   2   1   0   0   1  0.54 0.17
  257 M   -1  0 -2 -2 -3  1 -1 -3 -2 -2  1  4  0 -3  3 -1  0 -3 -3 -1    2   1   0   0   0   7   0   0   0   0  15  46   3   0  17   0   5   0   0   3  0.45 0.16
  258 G   -1 -3 -2 -1 -4  1 -2  3 -3 -4 -4 -2 -3 -4  6 -2 -2 -4 -4 -3    3   0   0   2   0   8   0  30   0   0   1   0   0   0  53   0   0   0   0   0  1.22 0.22
  259 T    2 -2 -1 -2 -1 -2 -2  0 -2  2  0 -2  0 -2  0  0  0 -2 -2  2   19   1   2   1   0   1   1   8   0  12   3   1   0   1   4   9   5   0   1  30  0.14 0.07
  260 S    1 -1  0 -1  0  0  0  1 -1 -1  0 -1 -1 -1  1  2  0 -1 -1 -1   13   2   2   2   1   2   4  11   1   2  14   3   1   2   7  24   4   1   1   3  0.10 0.03
  261 S    0 -2 -1 -2 -1 -1 -1  0  0 -2 -2 -1 -2 -1  0  3  4 -3 -2 -1    4   0   0   0   1   0   1   5   2   0   1   0   0   2   4  37  36   0   1   3  0.44 0.16
  262 P   -2 -3 -1 -2 -3 -1  0 -3 -3 -2 -2 -2 -1 -3  7 -1 -1 -4 -3 -2    1   1   2   1   0   2   6   1   0   2   5   1   2   0  69   5   2   0   0   1  1.43 0.22
  263 A   -1  0 -1  0 -4  0  4  4  2 -4 -3 -1 -1 -3 -2  0 -2 -3 -3 -3    3   5   0   2   0   0  38  35   8   0   2   1   2   0   0   3   0   0   0   0  0.53 0.16
  264 R   -3  7 -2 -3 -2  0 -1 -4  0 -4 -3  1 -3 -4 -4  0 -2 -1 -2 -4    0  84   0   0   1   1   2   0   2   0   1   0   0   0   0   7   0   1   1   0  1.27 0.29
  265 R   -2  5  0 -2 -2 -1 -2  4 -2 -4 -4  1 -3 -4 -3 -1 -2 -2 -3 -4    0  50   4   0   1   0   0  39   0   0   0   4   0   0   0   1   0   1   0   0  0.86 0.21
  266 G    1  0 -1 -2 -3 -1 -1  3 -2 -3 -2  4 -2 -4 -2 -1  0 -4 -3 -2   17   0   0   0   0   0   0  27   0   0   3  44   0   0   0   1   4   0   0   2  0.47 0.16
  267 S   -1  2 -1  0 -3  1 -1 -1 -2 -4 -4  3 -3 -4 -2  4  0 -4 -3 -3    0  10   0   5   0   3   0   2   0   0   0  30   0   0   0  49   0   0   0   0  0.55 0.19
  268 A    4 -1  0 -2 -2 -1 -2 -2  6 -3 -2 -1 -2 -3 -2  0  0 -3 -1 -2   52   3   3   0   0   1   0   0  26   0   3   2   0   0   0   0   6   0   1   0  0.55 0.19
  269 D   -1 -1  0  4 -3  3  1  0  0 -3  0  1 -2 -3 -1 -1 -2 -2 -3 -3    5   0   2  35   0  24   3   6   2   0  11   8   0   0   2   1   0   0   0   0  0.40 0.14
  270 G   -1 -2  1  4  2 -1  0  3  2 -3 -4 -1 -3 -3 -2  2 -1 -4 -3 -3    2   0   4  32   6   0   3  23   6   0   0   0   0   0   0  21   0   0   0   1  0.45 0.13
  271 P   -2 -2  0 -1 -4  1  3 -3 -2 -2  0 -1 -2 -2  6 -1 -2 -4 -3 -2    0   0   5   2   0   7  25   0   0   0  14   2   0   1  41   1   0   0   0   1  0.77 0.17
  272 R   -2  5 -1 -2 -4  5  0 -1 -1 -4 -3  1 -2 -4 -3 -1 -2  2 -2 -3    0  48   0   0   0  38   0   3   1   0   1   2   0   0   0   2   0   3   0   0  0.87 0.23
  273 S    0 -2  0 -1 -1 -2 -1  4 -2 -2 -3 -2 -1 -3 -2  1  3 -3 -3 -1    3   0   3   2   1   0   2  40   0   0   0   0   1   0   0  11  31   0   0   5  0.49 0.15
  274 A    0  1 -3 -3  2  1 -2 -3 -3 -3 -1 -1 -2 -3  6 -1 -2  5 -2 -3    8   9   0   0   6   7   0   0   0   0   6   0   0   0  47   4   0  12   0   0  0.94 0.18
  275 Q   -2  5 -1 -2 -4  5  0 -3 -1 -4 -2  1 -2 -4 -3 -2 -2  3 -2 -3    0  41   0   0   0  46   0   0   0   0   2   4   0   0   0   0   0   5   0   0  0.92 0.24
  276 P   -2 -3 -3 -2 -3 -1 -2 -3 -3 -3 -3 -2 -3 -4  8  0 -2 -4 -3 -1    0   0   0   0   0   3   0   0   0   0   2   0   0   0  79   5   0   0   0   7  1.73 0.22
  277 L   -1 -3 -3 -3  3 -2 -2 -3 -3 -1  3 -2  0 -2  5  0 -1 -3 -3 -1    2   0   0   0   7   1   0   0   0   0  44   0   1   0  32  12   0   0   0   0  0.59 0.14
  278 R   -2  6 -1 -2 -4  3 -1 -3 -1 -4 -3  1 -2 -4  0  1 -2  0 -3 -3    0  65   0   0   0  16   0   0   0   0   0   1   0   0   5  11   0   2   0   0  0.82 0.18
  279 P   -2 -2 -2 -2 -3  2 -1 -3  3 -3 -1 -1 -2 -3  6  0  1 -4 -2 -3    0   0   0   0   0  12   0   0  13   0   8   0   0   0  54   4   9   0   0   0  1.03 0.15
  280 E   -2 -1 -1  1 -4  4  6 -3 -1 -4 -4  0 -2 -4 -2 -1 -2 -4 -3 -3    0   0   0   2   0  21  77   0   0   0   0   0   0   0   0   0   0   0   0   0  0.98 0.16
  281 D   -2 -2  1  7 -4 -1  2 -2 -1 -4 -4 -1 -4 -4 -2 -1 -2 -5 -4 -4    0   0   0  92   0   0   6   0   2   0   0   0   0   0   0   0   0   0   0   0  1.24 0.14
  282 G    0 -2 -1 -2 -3 -2 -3  6 -3 -4 -4 -2 -3 -4 -3 -1  0 -3 -4 -3    5   1   0   0   0   0   0  87   0   0   0   0   0   0   0   0   7   0   0   0  1.09 0.11
  283 H   -2 -1  0 -2 -4  1 -1 -3  9 -4 -4 -1 -2 -2  2 -2 -2 -3  1 -4    0   0   0   0   0   4   0   0  85   0   0   0   0   0  11   0   0   0   0   0  1.35 0.17
  284 C   -1 -4 -3 -4 10 -4 -4 -2 -4 -2 -2 -4 -2 -3 -4 -1 -2 -3 -2 -2    0   0   0   0  94   0   0   2   0   0   0   0   0   0   0   3   0   0   1   0  1.88 0.18
  285 S    0 -1  0 -1 -2 -1 -1 -1 -2 -3 -2 -1 -2 -3  2  5  1 -4 -3 -2    0   1   0   0   0   0   0   0   0   0   2   0   0   0   8  89   0   0   0   0  0.68 0.13
  286 W   -4 -4 -5 -6 -4 -3 -4 -4 -4 -4 -3 -4 -3  0 -5 -4 -4 12  1 -4    0   0   0   0   0   0   0   0   0   0   0   0   0   0   0   0   0 100   0   0  3.25 0.24
  287 P   -2 -3 -3 -2 -4 -2 -2 -3 -3 -4 -4 -2 -3 -5  8 -2 -2 -5 -4 -3    0   0   0   0   0   0   0   0   0   0   0   0   0   0 100   0   0   0   0   0  2.40 0.17
  288 L   -2 -3 -4 -4 -2 -3 -4 -4 -3  1  5 -3  1  1 -4 -3 -2 -2 -1  0    0   0   0   0   0   0   0   0   0   0  96   0   0   4   0   0   0   0   0   0  0.72 0.11

                      K         Lambda
Standard Ungapped    0.1347     0.3184
Standard Gapped      0.0452     0.2670
PSI Ungapped         0.1473     0.3066
PSI Gapped           0.0452     0.2670
