
Last position-specific scoring matrix computed, weighted observed percentages rounded down, information per position, and relative weight of gapless real matches to pseudocounts
           A  R  N  D  C  Q  E  G  H  I  L  K  M  F  P  S  T  W  Y  V   A   R   N   D   C   Q   E   G   H   I   L   K   M   F   P   S   T   W   Y   V
    1 M   -2 -2 -3 -4 -2 -1 -3 -3 -2  0  1 -2  8 -1 -3 -2 -1 -2 -2  0    0   0   0   0   0   0   0   0   0   0   0   0 100   0   0   0   0   0   0   0  0.95 0.18
    2 A    5 -2 -2 -2 -1 -1 -1  0 -2 -2 -2 -1 -1 -3 -1  1  0 -3 -2 -1  100   0   0   0   0   0   0   0   0   0   0   0   0   0   0   0   0   0   0   0  0.65 0.12
    3 K   -1  2 -1 -1 -4  1  0 -2 -1 -3 -3  6 -2 -4 -2 -1 -1 -3 -2 -3    0   0   0   0   0   0   0   0   0   0   0 100   0   0   0   0   0   0   0   0  0.82 0.13
    4 Q   -1  0 -1 -1 -4  7  1 -2  0 -3 -3  1 -1 -4 -2 -1 -1 -3 -2 -3    0   0   0   0   0 100   0   0   0   0   0   0   0   0   0   0   0   0   0   0  1.06 0.16
    5 P   -1 -3 -3 -2 -3 -2 -2 -3 -3 -3 -4 -2 -3 -4  8 -1 -2 -4 -2 -3    0   0   0   0   0   0   0   0   0   0   0   0   0   0  96   3   0   0   1   0  2.19 0.19
    6 S    0 -2  0 -1 -2 -1 -1 -1 -2 -3 -3 -1 -2 -3  2  5  2 -4 -3 -2    0   0   0   0   0   0   0   0   0   0   0   0   0   0   9  83   8   0   0   0  0.71 0.20
    7 D   -2 -2  0  6 -4 -1  2 -2 -2 -3 -4 -1 -3 -4 -2 -1 -2 -5 -4 -1    0   0   0  79   0   0  15   0   0   0   0   0   0   0   0   0   0   0   0   6  1.06 0.22
    8 V    0 -2 -2 -2 -1 -2 -2  0 -3  1  1 -2  1 -1 -2  0  0 -3 -2  3    6   0   0   0   0   0   0   6   0   0  19   0   3   0   0  11   6   0   0  46  0.19 0.09
    9 S    0 -1  2 -1  0 -1 -1  0 -1 -3 -3  1 -2 -3 -1  4  1 -3 -2 -2    0   0  14   0   2   0   0   3   0   0   1   7   0   0   0  62   8   0   0   0  0.47 0.15
   10 S    1  2  0 -1  0 -1 -1 -1 -1 -3 -3  0 -2 -3  1  4  0 -3 -2 -2   11  20   0   0   2   0   0   0   0   0   1   0   0   0   5  57   0   0   0   0  0.43 0.15
   11 E   -1  0 -1  2 -4  1  5 -2 -1 -3 -3  0 -2 -3  2 -1 -1 -3 -3 -2    0   6   0   8   0   3  62   0   0   0   0   3   0   0  11   0   0   0   0   4  0.66 0.17
   12 C   -1  0 -2 -2  8  2  0 -3 -2 -2 -2 -1 -2 -3 -3 -1 -1 -3 -3  0    0   7   0   0  57  18   8   0   0   0   0   0   0   0   0   0   0   0   0   6  0.97 0.22
   13 D   -2 -1  3  5 -3  0  1  1 -1 -3 -3  0 -3 -3 -2  0  0 -4 -3 -3    0   0  17  48   0   0   9  10   0   0   0   6   0   0   0   0   6   0   0   0  0.59 0.14
   14 R    0  4 -1 -2 -3  1 -1  0 -1 -2 -1  1 -1 -3 -2  1  1 -3 -2 -2    6  48   0   0   0   8   0   9   0   0   6   0   0   0   0  10  11   0   0   0  0.38 0.13
   15 E    0  0 -1  0 -3  1  5 -2 -1 -3 -3  0 -2 -3 -2  1  0 -3 -2 -2    6   4   0   0   0   0  67   0   0   0   0   0   0   0   0  13   6   0   0   0  0.65 0.18
   16 G    0 -2  3  0 -3 -2 -1  5 -2 -4 -4 -2 -3 -4 -3 -1 -2 -3 -3 -3    4   0  19   2   0   0   5  67   0   0   0   0   0   0   0   0   0   0   0   0  0.87 0.18
   17 G   -1  0 -1  1 -3 -2 -2  6 -2 -4 -4 -2 -3 -4 -3 -1 -2 -3 -4 -4    0   6   0   8   0   0   1  82   0   0   0   0   0   0   0   0   0   0   0   0  1.09 0.22
   18 Q   -1  1 -1 -1 -3  5  1 -2 -1 -3 -3  0 -1 -3  2  1  1 -3 -2 -2    1   9   0   0   0  48   6   1   0   0   1   0   0   0  12  12   8   0   0   0  0.54 0.16
   19 L    0 -2 -2 -3 -2 -2 -2 -3 -3  0  4 -2  2  0 -2 -1  1 -2 -1  0    8   1   0   1   0   0   1   1   0   1  61   1   6   4   1   1  15   0   0   1  0.37 0.15
   20 Q    0  1 -1 -1 -3  5  1 -2  0 -1 -2  0 -1 -3  3 -1  1 -3 -2 -2    8   6   0   1   0  44   5   1   1   4   1   1   0   0  15   1  11   0   0   1  0.47 0.17
   21 P   -1 -2 -2 -2 -3 -2 -2 -2 -3 -2  1 -2 -1 -3  6  1 -1 -3 -3 -2    2   2   0   0   0   0   0   0   0   0  20   0   0   0  55  15   1   0   0   0  1.02 0.21
   22 A    4 -2 -2 -2 -1 -2 -2  0 -2  1 -1 -2 -1 -2  0  1  2 -3 -2  0   52   0   0   0   0   0   0   4   0  14   0   0   0   0   4   5  14   0   0   4  0.35 0.18
   23 E    0 -1 -1  0 -3  0  4  1 -1 -3 -3 -1 -2 -3 -2  2  0 -3 -3 -3    3   1   0   1   0   0  51  10   0   1   1   1   0   0   1  25   5   0   0   1  0.56 0.22
   24 R   -2  7 -2 -3 -4  0 -1 -1 -2 -4 -3  1 -2  0 -3 -2 -2 -3 -2 -3    0  82   0   0   0   2   0   5   0   0   1   2   0   4   0   0   0   0   0   0  1.22 0.37
   25 P   -2 -1 -3 -2 -4 -1  0  1 -3 -4 -4  0 -3 -4  7 -2 -2 -4 -4 -3    0   2   0   0   0   2   4  13   0   0   1   5   0   0  68   0   0   0   0   0  1.54 0.38
   26 P    0 -2 -2 -2 -3  0 -2  1  1 -3 -3  0 -3 -4  6  0 -1 -4 -3 -3    7   0   0   0   0   4   0  13   5   0   1   6   0   0  54   4   3   0   0   0  1.09 0.29
   27 Q   -1  1  3 -1 -3  5  1 -1 -1 -1 -3  0 -2 -3  0  1  0 -3 -2 -2    1   6  17   0   0  41   5   4   0   5   1   0   0   0   5   9   5   0   0   1  0.47 0.24
   28 L   -1 -1 -2 -2 -2 -2 -1  1  1  0  3 -2  0 -1  0 -1 -2 -2 -2  0    1   3   0   1   0   0   4  16   4   1  53   1   0   0   5   5   1   0   0   5  0.26 0.17
   29 R    0  5  0 -1  0  0  1 -2  0 -3 -2  0 -2 -3  1  1 -1 -3 -2 -3    8  44   5   0   3   3  10   1   2   0   3   0   0   0   6  14   0   0   0   1  0.44 0.21
   30 P    1  0  0  2 -3  0 -1 -1 -2 -3 -3  0 -3 -4  5  0 -1 -4 -3 -3   12   4   5  13   0   3   0   3   0   0   1   6   0   0  43   7   0   0   0   0  0.78 0.23
   31 G    0  0 -1 -2 -3  0 -2  5  1 -3 -2 -2 -3 -3 -3  0 -2 -3 -3 -3    8   6   0   0   0   5   1  65   5   0   4   0   0   0   0   4   0   0   0   1  0.81 0.26
   32 A    2  1  0 -2 -2  0 -1  1 -2 -2 -2 -1 -2 -3  2  2 -1 -3 -2 -1   33  10   5   0   0   4   1   9   0   0   4   1   0   0  12  17   1   0   0   3  0.28 0.15
   33 P    0 -2 -2 -2  1 -1  0  2 -2 -3 -2 -1 -2 -3  5  0  1 -3 -3 -2    9   1   1   1   5   1   6  17   0   1   2   3   0   1  37   5  10   0   0   1  0.62 0.18
   34 T    2  0  0 -1 -2 -1  0  2 -2 -2 -1 -1 -1 -2  1  1  2 -2 -2 -1   20   6   4   1   0   1   4  17   0   1   6   1   0   1   6  10  22   0   0   1  0.21 0.11
   35 S    1 -1 -1 -2  0  0 -1  1 -2 -1 -1 -1 -1  0 -2  3  0 -2 -2  1   14   3   1   1   3   5   1  12   0   1   4   1   0   5   1  33   1   0   0  15  0.18 0.14
   36 L    0 -2 -1 -2  2 -1 -1  0 -2  0  2 -1  0 -1  0  1  1 -2 -2  0    9   1   3   1   5   1   4   9   0   4  30   3   0   1   3  11   9   0   0   6  0.08 0.08
   37 Q    1  1 -1 -1 -2  2 -1  2 -1 -2 -2  0 -1 -3  1  1  1 -2 -2 -2   13  10   1   1   0  16   1  18   1   1   4   2   0   1   8  12   8   0   0   1  0.23 0.11
   38 T    2 -2 -1  0  0 -1  0  1 -2 -1 -1 -1 -1 -2  0  2  3 -3 -2 -1   21   1   1   3   2   1   5   9   0   3   6   1   0   0   3  15  27   0   0   1  0.21 0.13
   39 E    0  1 -1  0 -2  2  3 -1 -1 -2 -2  0 -2 -3  2  0  0 -3 -2 -2    9   8   1   1   0  11  36   4   0   1   4   1   0   1   9   7   5   0   0   2  0.34 0.15
   40 P   -1  0 -1 -2 -2 -1 -1  1  0 -2 -1 -1 -2  0  5  1 -1 -2  0 -2    1   6   1   1   0   2   1  13   3   1   7   1   0   5  33  17   1   0   5   1  0.48 0.16
   41 Q    0  0 -1 -1 -2  3  1  1 -1 -2 -1  0 -1 -1 -1  2  1 -2  0 -1    3   5   1   1   0  24   6  11   0   1   4   5   0   4   1  18  10   0   3   3  0.19 0.12
   42 G    1  0 -1  1 -2 -1 -1  4 -2 -2 -1 -1 -2 -2  0  0 -1 -3 -2 -2   16   6   1  11   0   1   2  41   0   1  10   1   0   1   4   3   1   0   0   2  0.35 0.14
   43 N    1  0  3  0  0 -1 -1  2  1 -3 -2 -1 -2 -1 -1  1 -1 -3 -2 -2   19   5  24   3   2   1   1  14   4   1   1   1   0   4   2  16   1   0   0   1  0.26 0.14
   44 P   -1  0  0  1 -2  1  0  1  2 -2 -1 -1  0 -2  3  0 -1 -3 -2 -2    4   5   3  12   0   7   5  14   7   2   8   1   3   1  21   5   3   0   0   1  0.26 0.10
   45 D   -1  1 -1  0 -1  2  1 -1 -1 -2 -1  0 -2 -2  3  1  1 -2  0 -2    3   9   1   6   1  15   9   4   0   1   5   1   0   1  16  15   8   0   5   1  0.25 0.12
   46 G    1 -1 -1  0  2  0 -1  2 -1 -2 -1 -1 -2 -1  3  1  0 -2 -2 -1   16   3   1   4   6   6   2  17   1   1   5   1   0   3  17  10   4   0   0   3  0.23 0.11
   47 E   -1 -1 -1 -1  1  1  2  2 -1 -2 -2 -1 -1 -1  2  2 -1 -1 -2 -1    2   2   1   1   3   8  22  16   0   1   1   1   2   3  11  19   1   1   0   5  0.26 0.16
   48 G    0  0 -1 -1 -2  1  1  3  2 -2 -2 -1 -1 -1 -1  1  0 -2 -2 -1    6   4   1   1   0   9  14  24   6   1   1   1   1   3   2  17   3   0   0   4  0.23 0.13
   49 D    1 -1 -1  2  3 -1  0  2 -2 -2 -1 -1 -2  0  2  0 -1 -2 -2 -1   12   4   1  16   8   1   6  19   0   1   4   1   0   6  10   6   3   0   0   2  0.20 0.12
   50 R    0  2  0  2 -1  1  2  1  0 -2 -2  0 -1 -2 -2  1 -1 -3 -2 -2    6  20   4  11   2   4  15  11   3   2   3   1   2   1   1  11   1   0   1   2  0.19 0.12
   51 C    0 -1 -1  1  4 -1 -1  0 -2 -2 -1 -1 -1  0  3  1  0 -2 -2 -1    6   3   1  10  14   1   3   8   0   1   7   3   0   6  16  11   6   0   1   2  0.22 0.12
   52 P    1  0  1 -1 -1  0 -1  2 -2 -2 -2 -1 -1 -2  4  1 -1  0 -2 -1   12   4   7   1   1   3   2  15   0   1   4   2   2   2  23  12   2   2   1   3  0.31 0.13
   53 H    0  2 -1  3 -3  3  0  1  2 -3 -3 -1 -2 -3  1 -1 -1 -3 -2 -2   10  14   1  20   0  18   2  11   5   1   1   1   0   1   9   2   3   0   0   1  0.32 0.18
   54 G    0 -1 -1 -1 -3  2  0  3 -1 -2 -1 -1  0 -3  2  1 -1 -3 -2 -2    3   1   1   3   0  13   4  32   2   1   7   2   4   0  10  13   3   0   0   1  0.32 0.18
   55 S    0  1 -1  1 -2  2  0  1 -2 -3 -3 -1 -2 -3  1  3  1 -3 -2 -2    7  10   1   7   0  12   4  10   0   1   1   1   0   0   5  30   9   0   0   1  0.30 0.19
   56 P    0  0  0  0 -3  0  0  0 -2 -1 -2  0 -2  0  4  1  0 -3 -2 -1    5   4   4   4   0   5   4   6   0   5   1   4   0   6  27  14   6   0   0   5  0.36 0.21
   57 Q    0  0 -1  0  1  1  0  2 -2 -3 -1 -1  0 -3  1  1  1  3 -2 -2    6   6   0   4   4   9   5  23   0   0   5   0   4   0   8  11   8   5   0   0  0.24 0.20
   58 G    0  0 -1  0 -3 -1  0  3 -2  0 -2  0  1 -3  2  2  0 -3 -3 -2    8   4   0   6   0   0   6  23   0   7   1   5   4   0  11  18   6   0   0   0  0.26 0.20
   59 P    0  1  0  0  2  0 -1  1 -2 -1 -1 -1 -2 -3  4  0 -2  3 -2 -1    5   9   3   5   5   3   4  12   0   4   7   0   0   0  24  10   0   5   0   4  0.32 0.20
   60 L   -1  1 -1  0  1  1 -1  0  0  1  1  0  1 -1  1  0  0 -2 -2 -1    3   8   0   6   5   8   1   9   3  10  16   5   4   2   7   9   3   0   0   1  0.05 0.10
   61 A    2  2 -2 -2 -2 -1  0  1 -2  0 -1  0  1 -2 -2  0  1  3 -2 -1   21  13   0   1   0   0   7  11   0   5   6   5   7   0   1   6   9   5   0   3  0.15 0.13
   62 P    1  0 -1 -1  0  0  1  0 -2  0 -1 -1  0 -2  3  1  0 -3 -2 -1   12   7   0   1   2   5  11   7   0   7   4   1   4   0  19  12   7   0   0   1  0.22 0.10
   63 P    1  0 -2 -2 -3 -1  0  1  0 -3 -3 -1 -2 -3  5  0  0 -3 -3 -2   14   4   0   0   0   2   7  12   3   0   1   1   0   0  39   6   7   0   0   1  0.70 0.21
   64 A    1 -1  1  1 -2  0  0  1  0  0 -1 -1 -1 -2 -1  0  0 -2 -1  0   15   3   9  11   0   5   6  15   2   7   5   1   0   1   1   7   3   0   2   7  0.09 0.05
   65 S    1  2  0  1 -2  0  1 -1 -1 -2 -2  0 -2 -2 -1  3  1 -2 -2 -2   14  13   1   6   0   1  14   1   0   1   1   1   0   1   1  38   5   0   1   1  0.28 0.11
   66 P   -1  1 -2 -1  2 -1 -2 -2 -2 -2  0 -1  1  0  5 -1 -1 -2 -2 -2    1  14   1   4   8   0   1   1   0   1  12   1   6   7  41   1   1   0   0   1  0.63 0.16
   67 G   -1  1  2  1 -2 -1 -1  1 -1  0  0 -1 -1 -2 -2  1  1 -3 -2 -1    1  12  11   7   0   0   1  13   0   6  11   1   0   0   1  19  14   0   0   1  0.13 0.09
   68 P    0 -2  0 -1 -2 -1 -1  1 -2 -1 -1 -1 -1 -2  3  2  1  3 -2  0    8   1   6   1   0   0   1  10   0   1   8   1   0   0  20  23   6   6   0   9  0.29 0.12
   69 F   -2  1  0 -2  2 -2  0 -3  2 -1  0 -1 -1  4  3 -1 -2 -1  2 -2    0  12   4   0   6   0   6   0   7   2   8   0   0  29  15   2   0   0   7   0  0.33 0.15
   70 A    2  2 -2 -2  5  3 -1 -2 -2 -2 -2 -1 -2 -3 -1  1 -1 -3  0 -1   26  16   0   0  17  20   0   0   0   0   0   0   0   0   2  10   0   0   4   3  0.39 0.18
   71 T    1  0  0 -1 -2  1  0 -2  2 -2 -2 -1 -2 -3  0  1  3 -3 -2 -1   12   6   5   0   0   8   6   0   7   1   0   1   0   0   2  12  34   0   0   4  0.28 0.14
   72 R    0  4 -1 -1  2  0  0  0 -2 -2 -3  1 -2 -3  0 -1  0 -3 -3 -1    8  44   2   3   6   2   7   7   0   2   0   5   0   0   4   0   4   0   0   5  0.37 0.15
   73 S    0  2 -1  1 -3  0  0 -1 -1 -3 -3  2 -2  1  1  3 -1 -3  0 -2    4  12   0   8   0   1   3   1   0   0   0  16   0   9   6  35   0   0   2   0  0.28 0.14
   74 P   -1  0  1 -1 -3 -1  0  0 -2 -2 -3 -1 -2 -3  5  0 -1  3 -2 -1    1   6   8   2   0   0   8   8   0   3   1   1   0   0  42   6   3   6   0   4  0.69 0.16
   75 L   -1  0  0 -2 -2 -1 -2 -1  2  0  2 -1  2  0 -2 -1 -1 -2 -1  2    3   7   4   1   0   1   1   5  11   1  25   1   9   4   2   5   1   0   0  21  0.11 0.08
   76 F   -1 -2 -1  0  3 -1 -1  0 -1 -1 -1 -2  0  3 -2  0  0  4  2 -1    5   1   1   7  12   1   5   6   0   1   4   1   4  21   1   5   7   6   9   3  0.18 0.08
   77 I   -1 -1 -1 -2  1 -1 -1  1 -2  1  1  0  1  0 -1 -1 -1 -1 -1  1    2   1   1   1   5   3   2  12   1  12  22   8   5   5   1   3   2   0   1  14  0.05 0.03
   78 F   -1 -1 -1  0 -2  0  1 -1  1 -1 -1  1 -1  3  1  1 -1 -1  1 -1    2   1   1   5   1   1  12   2   4   1   5  10   1  26   7  14   2   0   2   2  0.15 0.06
   79 V    1  1 -1  0 -1  0 -1  0 -1  0  0 -1  0 -1  0  0  0 -2 -1  2   18  10   1   7   1   6   2   5   1   1   6   2   1   1   4   2   2   0   1  29  0.06 0.05
   80 R    0  3 -1 -1  1  1 -1 -2 -1 -1 -1  0  2  2  0  0  0 -1  0 -1    4  23   1   2   4   7   2   2   1   1   3   3  15  12   5   8   5   0   1   2  0.12 0.07
   81 R    1  3 -1 -1 -2  0 -1 -1 -1 -1 -1  0  1 -2  2  0  1 -2 -1 -1   13  34   1   2   1   3   2   4   1   3   3   2   6   1   9   2  11   0   1   2  0.23 0.08
   82 S    0  0  0 -1 -1  0  1  0 -1 -1 -2  1 -1  0 -1  2  0 -2 -1  0    7   3   3   1   1   1   9   8   0   1   2  14   0   5   1  30   2   0   1   9  0.13 0.06
   83 S   -1  3  0 -2 -3  0 -1 -2  1 -2  0  2 -1 -2  2  1 -1 -3 -2 -2    1  29   2   1   0   0   1   1   5   1  12  19   0   0  13  14   1   0   0   1  0.33 0.11
   84 L   -1 -1  1  1 -2  0 -1 -2 -1 -1  1 -1  0  2  2  0  1 -2 -1 -1    3   3   9  13   0   6   1   1   0   1  23   1   0  13  12   4  11   0   0   1  0.14 0.07
   85 L   -1  0  0 -2 -2  1 -1 -2 -1  0  1 -1  0  1  2  0  1 -1  1 -1    1   7   4   1   0  13   1   1   0   4  19   1   0   6  14   9  10   0   8   3  0.14 0.07
   86 S   -1  3 -1 -2 -2  0 -1 -2 -1  0 -1  1  2 -1  1  2  0 -3 -2 -1    1  21   0   1   0   1   1   1   1   9   1   9  13   2   6  32   1   0   0   1  0.22 0.12
   87 R    2  5 -1  0 -2  0 -1 -2 -1 -2 -2  1 -2 -2 -2  0 -1 -2 -2 -2   22  49   1   7   0   1   1   1   0   1   2   3   0   1   1   4   2   0   1   1  0.45 0.14
   88 S    0  1 -1 -1 -2  0 -1  1 -1 -2 -2  1 -1 -2  0  3  1 -3 -2 -1    3   7   0   1   0   3   1   9   0   1   3  15   0   0   4  42   5   0   0   6  0.24 0.11
   89 S    0 -1 -1 -1 -2  3 -1 -1 -1 -3 -3 -1 -2 -3 -2  5  0 -3 -2 -2    1   1   0   1   0  21   1   1   0   1   1   1   0   0   1  70   1   0   0   1  0.70 0.24
   90 S    1 -2 -1 -1 -1 -1 -1 -1 -2 -2 -2 -1 -2 -3  2  4  1 -3 -2  0    8   1   0   1   0   0   1   1   0   1   1   1   0   0  13  60   3   0   0  10  0.45 0.15
   91 G    2 -2 -1 -1 -2 -1  0  4 -2 -2 -2 -1 -2 -3 -2  1 -1 -3 -2 -2   25   1   0   1   0   0   6  46   0   1   3   1   0   0   1  13   1   0   0   1  0.48 0.11
   92 Y   -2 -2 -2  1  2 -2 -2 -3  0 -1 -2 -2 -2  1  1 -2 -2  0  6  0    1   0   0  13   5   0   1   1   0   0   1   1   0   0   7   1   1   0  58   9  0.68 0.18
   93 F   -2 -2 -3 -1 -2  0 -2 -3 -2  1  0 -2 -1  5 -3 -2 -2  5  1  1    1   0   0   5   0   8   1   1   0   9   1   0   0  50   0   1   0  10   0  12  0.55 0.15
   94 S    0 -1  0 -1 -2 -1 -1 -1 -2 -3 -3  0 -2 -3 -2  5  2 -3 -2 -2    1   0   0   0   0   0   0   2   0   0   1   7   0   0   0  68  17   0   0   0  0.60 0.20
   95 F   -1 -2  0 -2  0 -2 -1 -2 -2 -1 -1 -2 -1  4 -2  1  2 -1  0  1    2   0   3   0   2   0   4   1   0   0   2   0   0  33   0  17  18   0   0  14  0.24 0.11
   96 D   -2 -2  0  4 -3  0  3 -1 -2  0 -1 -1 -2 -3 -2 -1 -1 -3 -3 -2    1   0   0  43   0   0  30   4   0  10   8   0   0   0   0   1   0   0   0   0  0.51 0.15
   97 T    0  1 -1 -1  5  1  0  0 -2 -1 -2 -1 -2 -3 -2  2  1 -3 -2 -1    4   9   0   0  22   7   8   9   0   3   0   0   0   0   0  26   8   0   0   4  0.30 0.12
   98 D   -2 -2  0  6 -4  0  2 -2 -2 -2 -3 -1 -3 -4 -2 -1 -2 -5 -4 -3    0   0   0  79   0   4  12   0   0   2   2   0   0   0   0   0   0   0   0   0  1.15 0.25
   99 R   -1  5  2 -1 -3  0 -1 -2 -1 -2 -2  0 -2 -3  0  2 -1 -3 -2 -2    1  46  14   0   0   0   0   0   0   3   4   1   0   0   4  26   0   0   0   0  0.49 0.17
  100 S    0 -2 -1 -1  3  1  1 -1 -2  0  0 -1 -1 -2 -2  3  0 -3 -2  0    0   0   0   0   8  10   9   2   0   5   8   0   0   0   0  47   1   0   0   9  0.26 0.15
  101 P   -1 -3 -3 -2 -3 -2 -2  0 -3  0 -3 -2 -3 -4  7 -1 -2 -4 -3 -2    2   0   0   0   0   0   0   7   0   9   0   0   0   0  74   4   0   0   0   0  1.59 0.27
  102 A    3  0  1 -1 -2 -1 -1  1  0 -2 -2  0 -2 -3  0  2  0 -3 -2  0   36   5  10   0   0   0   0   7   3   0   0   3   0   0   4  21   2   0   0   9  0.25 0.12
  103 P   -1 -2 -2 -1  3  1  2 -3 -2 -3 -3 -1 -2 -4  6  0  1 -4 -3 -2    2   0   0   0   8   6  17   0   0   0   2   0   0   0  48   9   9   0   0   0  0.93 0.20
  104 M   -1  2 -3 -3  3 -2 -2 -3 -3  1  2 -1  3 -1 -3 -2 -1 -3 -2  2    3  18   0   0   9   0   0   0   0   5  33   0  15   0   0   0   1   0   0  16  0.29 0.13
  105 S   -1 -1  0 -2  4  0 -1 -2 -2 -2 -1 -1  2 -3  3  2  1 -3 -2 -2    0   2   3   0  17   5   0   1   0   0   2   2  14   0  18  29   7   0   0   0  0.40 0.16
  106 C    2 -2 -1 -1  5 -2 -2 -2  0 -2 -1 -1 -2 -3  4  1  0 -3 -3 -2   27   0   1   1  17   0   0   0   2   0   5   1   0   0  30  12   3   0   0   0  0.58 0.15
  107 D   -1  0  2  3 -3  3  2 -2 -1 -3 -3  1 -2 -3 -2  0  0 -3 -2 -3    1   4  14  29   0  19  10   1   0   0   1   9   0   0   0   7   3   0   0   1  0.42 0.10
  108 K    1  1 -1 -1 -2  1  1 -1 -1  0 -1  2 -1 -2  1  0 -1 -2 -2 -1   16   9   1   1   0   3  13   2   0  11   2  27   0   1   8   1   1   0   1   1  0.18 0.06
  109 S    1  0  0  0 -1  2  1 -1 -1 -2 -2  0 -1 -2  1  2  1 -2 -2 -1   17   3   1   1   0  18  11   2   0   1   2   1   0   1   5  28   6   0   1   1  0.23 0.07
  110 T    1  1  1  0 -1  1  1 -1  0 -1 -1  0 -1 -2 -1  0  2 -2 -1 -1   12  11   7   1   0   5  16   2   2   3   2   1   1   1   1   2  30   0   1   2  0.17 0.06
  111 Q    1 -1 -1 -1 -2  4  0 -2 -1  1  1  0  0 -2  0  1 -1 -2 -2 -1   11   0   0   0   0  36   1   1   0  10  21   1   0   0   4  11   1   0   0   1  0.21 0.11
  112 T   -1  2 -1 -1 -2  1 -1  1 -1  0 -1  0 -1 -2 -2  1  3 -2 -2 -1    1  21   0   0   0  11   1  11   0  10   1   1   0   0   0  10  31   0   0   1  0.22 0.10
  113 P   -1 -1 -1  1 -2 -1 -1 -2 -2  0 -2 -1 -2  0  6  0 -1 -3 -2 -1    3   2   0  11   0   0   1   1   0  10   1   1   0   6  51  11   1   0   0   1  0.84 0.15
  114 S    0 -2  0  0 -2 -1 -1  4 -2 -3 -3 -1 -2 -3 -2  3  1 -3 -3 -2    1   0   0   5   0   0   1  39   0   0   1   0   0   0   0  41   8   0   0   1  0.53 0.15
  115 P    2 -2  1 -1 -2 -1 -1 -1 -2 -2 -1 -1 -1  0  5  1 -1 -2 -2 -1   23   1   8   1   0   1   1   1   0   1   8   1   0   5  35   9   1   0   1   1  0.51 0.10
  116 P    0 -2 -1 -1 -2 -1 -1 -2  0  0 -1 -1 -1 -2  6  1  1 -3 -2 -1    6   1   1   1   0   1   1   1   3   8   4   1   0   1  46  14   9   0   1   1  0.73 0.13
  117 C    0 -1 -1 -2  5 -1 -1  1 -2 -1  0  0 -1  0 -2  0  2 -2 -1 -1    4   1   1   1  21   1   1  11   0   3   9   6   0   5   1   6  26   0   1   1  0.22 0.09
  118 Q   -1  0 -1 -1 -3  5  2 -2 -1 -3 -3  0 -2 -3  0  2 -1  3 -2 -3    1   0   0   0   0  52  11   1   0   0   1   0   0   0   5  22   0   5   0   1  0.60 0.20
  119 A    2 -1  1  1 -1 -1 -1 -1 -2  0  1 -1  0 -1 -1  1  0 -2 -2  1   27   1  10   9   0   1   1   1   0   3  16   1   0   0   1   8   6   0   0  15  0.10 0.06
  120 F   -1 -1 -1  1 -2  1 -1 -2  3  1  1 -1  2  2 -2 -1 -1 -2  0  1    1   1   0  12   0  12   1   1  11  12  12   1  11  12   1   1   1   0   0  12  0.12 0.09
  121 N    0 -1  3  0  1  1  1 -1 -1 -1 -2  0 -2 -2 -2  1  2 -2  0 -2   10   1  25   1   3   7  12   3   0   3   1   3   0   0   1   7  19   0   4   1  0.25 0.14
  122 H   -2  1  1 -2 -2  0 -1 -2  7  0  0 -1 -1 -2 -2 -1 -1 -2  0  0    2   7   7   1   0   3   3   2  42   5  12   1   0   1   1   1   1   0   1  11  0.48 0.20
  123 Y    2 -2 -2 -2  3 -2 -2 -2 -1 -2 -1 -2 -1  0 -2  0 -1  6  4 -1   27   1   1   1   9   1   1   2   0   1   7   1   0   1   1   8   1  17  18   1  0.47 0.18
  124 L    0 -1 -2 -3  2  0 -2 -3 -2  1  3 -1  2  2 -2 -2 -1 -2 -1  0    6   4   1   1   7   4   1   1   0   6  42   4   9   9   1   1   1   0   0   1  0.25 0.15
  125 S    0  1  0  0 -3  4  2  0  0 -3 -1 -1 -2 -3  0  2 -1 -3 -2 -3    4   7   3   4   0  28  13   6   3   0   6   0   0   0   4  21   0   0   0   0  0.35 0.23
  126 A    2  2 -1  0  0  1  1 -2  0 -2 -2  0  0 -3  1  1  0 -3 -2 -2   28  15   0   5   3   5   9   0   3   0   1   4   5   0   7   7   6   0   0   0  0.24 0.17
  127 M   -1 -2 -2 -2 -2  1  1 -3  1  0  0  0  6 -2  0 -1  0 -3 -2  0    5   0   0   1   0   8  11   1   5   5   6   5  34   0   5   5   5   0   0   5  0.33 0.24
  128 A    1 -2 -1  1 -2 -1  1  1 -2 -1  0 -1 -1 -2  2  1  1 -3 -2  0   11   1   0  11   0   0  11  11   0   1  11   1   0   0  11  11  11   0   0  11  0.13 0.07
  129 S    0  1  1  1 -2  1  1 -2  2 -2 -2  1 -1  1 -2  0  0 -2  1  0    8   8   7   8   0   7   8   1   7   0   1   8   0   7   0   8   8   0   7   8  0.13 0.12
  130 I    0  1 -2 -2 -2  1  0 -2  2  0  0 -1  2 -2  1  0  0  4 -1  0    8   8   0   0   0   7   8   1   7   8   8   0   7   0   8   8   8   7   0   8  0.14 0.15
  131 R    0  2 -2 -2  2  2  0 -3  3 -3 -1 -1 -2 -2  1  0  0  4  2 -2    7  18   0   0   5  15   6   1   8   0   5   0   0   0   6   7   6   8   8   0  0.31 0.23
  132 Q   -1  2  1  0 -3  3  0  1  2 -2 -1 -1  1 -3  0  0  0 -3 -2 -1    4  14   7   4   0  20   6  10   6   0   4   0   5   0   4   5   5   0   0   4  0.20 0.20
  133 S    0  0 -1  0 -3  2 -1  0 -2 -2 -1 -1 -2  0  0  2  1  2  0 -1    6   7   0   4   0  16   0   9   0   0   7   0   0   4   5  17  12   4   4   4  0.16 0.20
  134 Q   -1  2  1 -2 -3  4 -1 -1  3 -1 -1 -1  1 -3  0 -1  0  3 -2 -2    5  15   8   0   0  28   0   5  10   5   4   0   4   0   5   0   4   5   0   0  0.34 0.25
  135 E    1  1  2  0 -3  2  0  0 -1 -3 -2 -1 -2  0  1  2 -1 -3 -2 -2   15  11  13   5   0  10   5   5   0   0   5   0   0   5   6  22   0   0   0   0  0.22 0.19
  136 E    1 -1 -2  0 -2  0  1  0  0  0  0 -1  1 -2  0  0 -1  3 -2  1   16   3   0   6   0   3  13   6   3   7  11   0   7   0   5   6   0   6   0  10  0.10 0.13
  137 P    2 -2  0 -3 -3 -2 -1  0 -3 -2 -3 -2 -3  0  5 -1 -2 -3  0  0   26   2   5   0   0   0   2   8   0   0   0   0   0   6  38   1   0   0   5   8  0.69 0.26
  138 E    2  1  0  1 -3  1  3 -1  2 -1 -3 -1 -2 -1  1 -1 -1 -3 -2 -1   23  11   2   6   0   6  24   3   7   5   0   0   0   3   6   0   1   0   0   3  0.24 0.16
  139 D    0 -2  2  5 -3  1  1  0  0 -3 -3 -1  1 -4 -2  1 -1 -4 -3 -3    7   0  14  46   0   5   4   5   2   0   0   0   6   0   0   9   0   0   0   0  0.60 0.19
  140 L   -2 -3 -3 -4 -3 -2 -3 -4 -3  2  2 -3  7 -1 -4 -3  1 -3 -2  1    0   0   0   0   0   0   0   0   0  12  21   0  50   0   0   0  10   0   0   7  0.82 0.28
  141 R    0  2  2 -2 -4  5  0 -1  4 -4 -3  0 -2 -3 -1  0 -1  2 -2 -3    6  14  11   0   0  37   0   3  17   0   0   0   0   0   3   4   3   3   0   0  0.59 0.24
  142 P    1 -1 -3 -2 -3 -2  0  1 -3 -3 -3 -2  1 -4  6 -1 -1 -4 -3  0   13   4   0   0   0   0   5  11   0   0   0   0   6   0  49   3   4   0   0   7  0.90 0.24
  143 E   -2 -2 -1  2 -5  0  6 -3  3 -5 -4 -1 -3 -4 -3  1 -2 -4 -3 -4    0   0   0  11   0   0  70   0   9   0   0   0   0   0   0  11   0   0   0   0  1.08 0.34
  144 I    1  0 -2 -2 -2  0 -1 -2 -2  1  0 -1  2 -2 -2  1  1  4 -1  0   21   7   0   0   0   5   3   0   0  13   7   0   8   0   0  11  10   9   0   4  0.18 0.11
  145 R    0  1 -3 -3 -3 -2 -1 -3 -2 -2  0 -2 -1 -1 -3 -2  1  8  3 -1    9  11   0   0   0   0   5   1   0   0   9   1   0   0   0   1  10  35  11   5  0.83 0.22
  146 I   -1 -3 -3 -4 -2 -3 -3 -4 -2  4  0 -3  1  3 -3 -3 -2 -2  2  3    4   0   0   0   0   0   0   0   0  41   0   0   4  16   0   0   0   0  10  23  0.51 0.19
  147 A    4 -2 -2 -2 -2 -2 -2  4 -2 -3 -3 -2 -2 -3 -2  0 -1 -3 -3 -2   57   0   0   0   0   0   0  43   0   0   0   0   0   0   0   0   0   0   0   0  0.66 0.09
  148 Q   -2  4 -1 -1 -4  6  1 -3  1 -4 -3  1 -1 -4 -2 -1 -1 -3 -2 -3    0  30   0   0   0  68   0   0   2   0   0   0   0   0   0   0   0   0   0   0  0.88 0.12
  149 E    0 -1 -1  1 -4  3  5 -2  2 -4 -3  0 -2 -4 -2 -1 -1 -3 -2 -3    6   0   0   0   0  14  74   0   5   0   0   0   0   0   0   0   0   0   0   0  0.80 0.11
  150 L   -1 -3 -4 -4 -2 -3 -3 -4 -3  1  5 -3  1  0 -3 -3 -2 -2 -2  0    5   0   0   0   0   0   0   0   0   0  95   0   0   0   0   0   0   0   0   0  0.69 0.10
  151 R   -2  6 -1 -2 -4  2 -1 -3 -1 -4 -3  1 -2 -4 -3 -1 -2 -3 -2 -3    0  92   0   0   0   8   0   0   0   0   0   0   0   0   0   0   0   0   0   0  1.13 0.13
  152 R   -1  6  0 -2 -4  0 -1 -3 -1 -3 -2  1 -2 -3 -3 -1 -1 -3 -2 -3    6  83   5   0   0   0   0   0   0   0   3   0   0   0   0   0   3   0   0   0  0.85 0.11
  153 I   -2 -4 -4 -4 -2 -4 -4 -4 -4  6  1 -3  0 -1 -3 -3 -1 -3 -2  2    0   0   0   0   0   0   0   0   0 100   0   0   0   0   0   0   0   0   0   0  0.86 0.13
  154 G   -1 -3 -1 -2 -3 -2 -3  6 -3 -4 -4 -2 -3 -4 -3 -1 -2 -3 -4 -4    0   0   0   0   0   0   0 100   0   0   0   0   0   0   0   0   0   0   0   0  1.42 0.13
  155 D   -3 -2  1  7 -4 -1  1 -2 -2 -4 -4 -1 -4 -4 -2 -1 -2 -5 -4 -4    0   0   0 100   0   0   0   0   0   0   0   0   0   0   0   0   0   0   0   0  1.41 0.14
  156 E   -2 -1 -1  3 -4  1  5 -3 -1 -4 -4  0 -3 -4 -2 -1 -2 -4 -3 -3    0   0   0  20   0   0  80   0   0   0   0   0   0   0   0   0   0   0   0   0  0.97 0.12
  157 F   -1 -3 -3 -4 -3 -3 -3 -3 -1 -1 -1 -3 -1  6 -4 -3 -2  1  5 -2    5   0   0   0   0   0   0   0   0   0   0   0   0  67   0   0   0   0  28   0  1.00 0.11
  158 N   -1 -1  3  3 -2  0  0 -1 -1 -2 -3 -1 -2 -3 -2  1  2 -3 -2 -2    0   0  33  33   0   0   0   0   0   0   0   0   0   0   0   0  33   0   0   0  0.45 0.02
  159 E    2  2  2  2 -2 -1  1 -1  1 -3 -2  0 -2 -3 -2  1  0 -4 -2 -2   32  16  11  16   0   0   6   0   3   0   3   0   0   0   0   9   3   0   0   0  0.29 0.12
  160 T   -1  0 -2 -1 -2 -1 -2 -3  2  0  2 -1  0  1 -3  2  0 -1  3 -1    0   7   0   3   0   3   0   0   6   4  31   0   0   6   0  23   4   0  13   0  0.18 0.11
  161 Y   -2 -3 -3 -4 -3 -2 -3 -4  4  1  1 -3 -1  2 -4 -2  0  0  6  0    0   0   0   0   0   0   0   0  12   8  15   0   0   5   0   0   7   0  49   4  0.76 0.21
  162 T   -1  0 -2 -2  4 -1  0 -1 -2  0  0 -2  3 -1  3 -1  0 -3 -1 -1    3   7   0   0  15   0   8   4   0   7  11   0  13   3  18   2   6   0   2   0  0.29 0.14
  163 R   -1  4  1 -2 -4  1  0 -2  3 -3 -2  1 -2 -4  3 -2 -1 -4 -2 -1    3  36   6   0   0   7   3   2  10   0   3   7   0   0  14   0   2   0   0   6  0.50 0.20
  164 R   -1  6 -2 -3 -4 -1 -2  0 -2 -3  0  0 -2 -4 -3 -2 -2 -4 -3 -3    6  74   0   0   0   0   0   8   0   0  10   0   0   0   0   0   0   0   0   0  1.08 0.32
  165 V    1  3 -2 -1 -2 -1 -2  0 -2 -1 -1  1  0 -3  2 -1 -1 -3 -2  2   14  26   0   2   0   0   0   7   0   2   5   7   2   0  13   0   0   0   0  21  0.26 0.14
  166 F    0 -3  0 -2 -2 -2 -3  1 -2  0  0 -2  4  3 -3 -1 -1  1  0  1    9   0   4   2   0   0   0  14   0   4   5   0  18  20   0   2   0   2   2  17  0.22 0.14
  167 A    2 -1 -2 -1 -2 -2 -2  0 -2 -1  1 -1  0  3  1 -1 -1  3 -1  0   26   2   0   4   0   0   0   7   0   0  16   2   3  17   6   0   3   4   0   9  0.16 0.12
  168 N   -1  3  4  0 -3 -1 -1  1  0 -2 -1 -1 -2 -1 -1 -1 -2  0 -2 -1    2  26  28   4   0   0   0  15   2   0   7   0   0   2   2   0   0   1   0   7  0.35 0.19
  169 D   -1  2  4  2 -3  0  0  1  0 -3 -2  0 -2 -3  0 -1 -1 -4 -3 -2    3  15  35  12   0   3   4  10   2   0   3   1   0   0   4   2   0   0   0   3  0.43 0.19
  170 Y   -1  0  1 -2 -3  0 -2  1  6 -2 -1 -2 -2  1 -2 -2 -2 -1  4 -1    5   5   8   2   0   3   0  11  28   0   7   0   0   4   2   0   0   0  22   3  0.49 0.22
  171 R   -1  4  0 -2 -4  6  1 -3  0 -1 -2  0 -2 -4  0 -2 -2 -3 -3 -3    3  24   3   0   0  48   4   0   1   4   2   3   0   0   5   0   0   0   0   0  0.79 0.33
  172 E    3  1 -2 -1 -2 -1  0  0  1 -1 -1  0 -1 -3  0  0 -1 -3 -2  1   34  10   0   3   0   0   8   5   4   0   5   3   0   0   4   2   2   0   0  18  0.17 0.15
  173 A    3 -1 -2  1 -2  1 -1 -2  1 -1 -2 -2 -2  0  3 -1 -1 -3 -2  1   41   2   0   9   0   7   0   1   4   1   1   0   0   5  16   1   0   0   0  10  0.36 0.20
  174 E    0  0  2  1 -3  2  3  0 -1 -3 -2  0 -2 -3  0  0 -1 -3 -2 -2    5   4  15   4   0  10  32   9   0   0   5   1   0   0   4   6   1   0   0   2  0.32 0.15
  175 D    0 -2  2  3 -3  0  1  3  1 -3 -3 -1 -3 -3  1  0 -2 -4 -3 -3    7   0  11  21   0   5   8  30   6   0   3   0   0   0   8   3   0   0   0   0  0.42 0.16
  176 H   -3  0  4 -2 -4  0  1 -3  7 -3 -1 -2 -2 -3 -3 -2 -2 -4 -1 -1    0   4  25   0   0   3   8   0  46   0   8   0   0   0   0   0   0   0   0   5  0.93 0.34
  177 P   -1 -3  1 -1 -3 -2  0 -1  1 -1 -1 -2 -3 -4  6 -1  0 -4 -3 -3    5   0   8   2   0   0   7   3   5   4   5   0   0   0  54   0   6   0   0   0  1.01 0.27
  178 Q   -2  1  0  0 -4  6  2 -3  2 -4 -1  0 -2 -4  0 -2 -2 -3 -2 -3    0   7   3   3   0  61   9   0   6   0   6   0   0   0   5   0   0   0   0   0  0.86 0.32
  179 M    0 -2 -3 -3 -2  2 -2 -3 -3  2  1 -2  6 -2 -3 -2 -2 -3 -2  2   10   0   0   0   0  14   0   0   0  17   8   0  35   0   0   0   0   0   0  16  0.51 0.25
  180 V    0 -3 -4 -4  3 -3 -3 -2 -3  3  0 -3  2  1 -3 -2 -1 -3 -1  4    5   0   0   0   7   0   0   3   0  21   3   0   6   7   0   0   0   0   0  47  0.45 0.18
  181 I   -2 -4 -4 -4 -2 -4 -4 -5 -4  5  2 -4  0  0 -1 -3 -2 -3 -2  2    0   0   0   0   0   0   0   0   0  65  17   0   0   3   3   0   0   0   0  12  0.72 0.24
  182 L   -2 -3 -4 -4 -2 -3 -4  1 -4  1  4 -3  1 -1 -4 -3 -2  2 -2  1    0   0   0   0   0   0   0  13   0   4  73   0   0   0   0   0   0   3   0   7  0.61 0.21
  183 Q   -3  6  0 -3 -4  2 -1 -3  1 -3 -1  0 -2 -3 -3 -2 -2  6 -2 -3    0  63   4   0   0   8   0   0   3   0   7   0   0   0   0   0   0  14   0   0  0.97 0.27
  184 L   -2 -3 -4 -4 -2 -3 -4 -4 -4  1  4 -3  4 -1 -4 -3 -2 -3 -2  2    0   0   0   0   0   0   0   0   0   0  73   0  14   0   0   0   0   0   0  12  0.79 0.24
  185 L   -2 -3 -1 -4 -2 -3 -3  0 -3  0  5 -3  1 -1 -4 -3 -2 -3 -2  0    0   0   5   0   0   0   0  11   0   0  80   0   0   0   0   0   0   0   0   4  0.63 0.21
  186 R   -2  5 -1  0 -4  0 -1 -3  4  0  0  0 -1 -3 -3 -2 -2 -3 -1 -2    0  57   0   5   0   3   0   0  16   7  11   0   0   0   0   0   0   0   1   0  0.65 0.21
  187 F   -3 -3 -3 -3  0 -3 -3 -4  3  0  2 -3 -1  3 -4 -2 -2  0  6 -1    0   0   0   1   2   0   0   0   7   3  24   0   0  15   0   1   0   0  46   0  0.74 0.21
  188 I   -2 -4 -4 -4 -2 -4 -4 -5 -4  6  1 -4  0  2 -4 -3 -2 -3 -2  2    0   0   0   0   0   0   0   0   0  82   3   0   0  11   0   0   0   0   0   4  0.93 0.26
  189 F   -1 -3 -3 -3 -2 -2 -1  1 -3  3  1 -3  0  0 -3 -2 -1 -3 -2  2    2   0   0   0   0   0   6  18   0  35  14   0   0   3   0   0   0   0   0  21  0.28 0.11
  190 R   -3  7 -2 -3 -5  0 -1 -4 -2 -4 -3  1 -3 -4 -3 -1 -2 -4 -3 -4    0  96   0   0   0   0   0   0   0   0   0   0   0   0   0   4   0   0   0   0  1.51 0.32
  191 L   -2  0 -4 -4 -2 -3 -3 -4 -3  0  4 -3  1  0 -4 -3 -2  4 -1  1    0   8   0   0   0   0   0   0   0   0  75   0   0   2   0   0   0   9   0   6  0.66 0.18
  192 V   -1 -3 -4 -4 -2 -3 -4 -4 -4  4  1 -3  0 -1 -3 -3 -1 -3 -2  4    0   0   0   0   0   0   0   0   0  40   6   0   0   0   0   0   0   0   0  54  0.67 0.16
  193 W   -4 -2 -5 -6 -4 -3 -4 -4 -4 -4 -2 -4 -3 -1 -5 -4 -4 11  1 -4    0   2   0   0   0   0   0   0   0   0   3   0   0   0   0   0   0  95   0   0  3.25 0.35
  194 R   -2  7 -1 -2 -4  0 -1 -3 -1 -4 -3  1 -2 -4 -3 -2 -2 -4 -3 -3    0 100   0   0   0   0   0   0   0   0   0   0   0   0   0   0   0   0   0   0  1.32 0.19
  195 R   -1  3 -2 -3 -2 -1 -2 -3 -2  0  2 -1  6 -1 -3 -2 -1 -2 -2  0    5  24   0   0   0   0   0   0   0   0  24   0  47   0   0   0   0   0   0   0  0.48 0.13
  196 H   -2  0  0 -1 -4  6  1 -3  5 -3 -3  0 -1 -3 -2 -1 -2 -2  0 -3    0   0   0   0   0  67   0   0  30   0   0   0   0   0   0   0   0   0   3   0  0.86 0.13

                      K         Lambda
Standard Ungapped    0.1337     0.3169
Standard Gapped      0.0358     0.2670
PSI Ungapped         0.1152     0.2962
PSI Gapped           0.0358     0.2670
