
Last position-specific scoring matrix computed, weighted observed percentages rounded down, information per position, and relative weight of gapless real matches to pseudocounts
           A  R  N  D  C  Q  E  G  H  I  L  K  M  F  P  S  T  W  Y  V   A   R   N   D   C   Q   E   G   H   I   L   K   M   F   P   S   T   W   Y   V
    1 M   -2 -3 -4 -5 -3 -2 -4 -4 -3  0  1 -3  9 -2 -4 -3 -2 -3 -3  2    0   0   0   0   0   0   0   0   0   0   0   0  85   0   0   0   0   0   0  15  1.35 0.30
    2 S    2 -2 -1 -1 -2 -1  0 -1  1 -3 -3 -1 -2 -4  3  3  2 -4 -3 -2   25   0   0   1   0   0   3   1   4   0   0   0   0   0  18  36  11   0   0   0  0.51 0.15
    3 E   -2 -1  0  2  1  1  5 -3 -1 -2 -2  0 -3 -2 -1 -1 -1 -4 -3 -2    0   2   2  13   4   5  54   1   1   2   3   3   0   3   3   1   2   0   0   3  0.55 0.17
    4 P   -1 -1 -1 -1 -4  1 -1 -2 -3 -3 -2  2 -2 -4  7 -1 -1 -4 -4 -2    2   2   3   3   0   8   1   2   0   0   4  13   0   0  54   2   4   0   0   2  1.05 0.23
    5 Q    1 -1 -1 -1 -3  3  2  0  1 -1 -1  2 -2 -3  1  1 -1 -3 -2 -1   13   0   0   0   0  19  13   6   4   5   4  16   0   0   7   9   1   0   0   3  0.22 0.12
    6 P   -1 -1 -1 -1 -4  1  2 -2 -2 -3 -2  2 -3 -4  5  0 -1 -4 -2 -3    2   2   2   1   0   4  18   1   0   1   4  19   0   0  37   5   2   0   1   1  0.73 0.21
    7 R   -1  2 -1  2 -3  1  2 -1 -1  0 -2  1 -1 -3  0  0  0 -3 -2  0    2  12   1  12   0   3  20   5   0   7   1  12   1   0   3   3   8   0   1   9  0.17 0.08
    8 G    1  0  1  0 -1  0  0  3 -2 -2 -1  1 -1 -3  1  1  0 -3 -2 -2   15   4   6   3   1   2   5  23   0   1   5   9   1   0   5   9   8   0   0   1  0.19 0.07
    9 A    2  1 -1 -1 -3  0  1  1  0 -2 -3  3 -2 -3 -1  0  1 -3 -3 -2   22   4   0   1   0   1   9  10   2   2   1  31   0   0   2   4   8   0   0   2  0.27 0.13
   10 E   -2  0  0  2 -5  2  5 -3  1 -4 -4  0 -3 -3  0 -1 -1 -4  1 -3    1   3   4   9   0   6  59   1   3   0   0   2   0   0   3   1   2   0   6   0  0.75 0.23
   11 R   -1  3 -2 -2 -2  0 -1 -3 -1  1  0  1  0 -1 -1 -1  0 -3  1  2    0  23   0   1   0   4   1   0   1  11   3   8   1   1   3   4   6   0   6  27  0.19 0.12
   12 D   -4 -4  1  8 -6 -2 -1 -4 -3 -5 -6 -2 -5 -6 -2 -2 -1 -7 -5 -5    0   0   4  88   0   0   0   0   0   0   0   1   0   0   2   0   4   0   0   0  1.80 0.46
   13 L   -2 -3 -3 -4 -3 -3 -4 -4 -4  4  2 -3  0  0  4 -3 -2  0  0  2    1   0   1   0   0   0   0   0   0  30  25   0   1   2  20   0   0   1   4  15  0.55 0.21
   14 Y   -2 -4 -5 -5 -4 -4 -4 -5 -2 -2  1 -4 -2  6 -5 -3 -3  4  6 -1    2   0   0   0   0   0   0   0   0   0  14   0   0  38   0   1   0   6  36   2  1.20 0.35
   15 R   -1  7 -3 -4 -5 -1 -2 -4  1 -4 -3  1  2 -5 -4 -3 -1 -5 -4 -4    5  78   0   0   0   0   0   0   3   0   1   4   5   0   0   0   3   0   0   0  1.39 0.43
   16 D    0 -2  1  5 -4  1  1 -2  0 -2 -4 -1 -3 -3 -3  0 -2 -4  0 -2    7   0   5  49   0   7   7   1   2   3   0   3   0   0   0   7   0   0   4   4  0.61 0.24
   17 T   -1 -3 -2 -3 -3 -2 -3 -1 -3  0 -1 -3 -2 -2 -3  3  5  4  1 -1    2   0   0   0   0   0   0   4   0   4   6   0   0   0   0  23  43   7   7   3  0.58 0.30
   18 W   -1 -4 -2 -3 -4 -2 -1 -1  0 -3 -2 -2 -3 -1  6  0 -2  7  0 -3    5   0   1   0   0   1   3   6   3   1   4   2   0   2  47   7   1  15   2   1  1.09 0.34
   19 V   -1 -3 -4 -4 -2 -3 -3 -3 -1  2  2 -3  1  2 -3 -2 -1 -3 -1  3    5   0   0   0   0   0   0   1   2  13  25   0   2  12   0   2   2   0   1  33  0.41 0.19
   20 R   -4  8 -3 -4 -6 -2 -3 -5 -3 -5 -5  0 -4 -5 -2 -3 -3 -5 -4 -2    0  91   0   0   0   0   0   0   0   0   0   2   0   0   2   1   1   0   0   3  2.00 0.63
   21 Y   -2 -4 -4 -5  2 -4 -4 -1 -1 -2 -2 -4  1  2 -4 -3 -4 -1  8 -2    3   0   0   0   4   0   0   5   0   1   3   0   4   6   1   1   0   0  69   2  1.55 0.53
   22 L    0 -4 -4 -4  1 -3 -4 -2 -4  1  4 -4  2  1 -4 -3 -1 -3 -2  3    6   0   0   0   3   0   0   2   0   6  42   0   5   4   0   1   3   0   0  26  0.51 0.25
   23 G    4 -4 -3 -4 -2 -3 -3  5 -4 -4 -4 -3 -4 -5 -3  0 -3 -5 -4 -2   43   0   0   0   1   0   0  47   0   0   0   0   0   0   0   6   0   0   0   2  1.07 0.41
   24 Y   -5 -5 -5 -6 -5 -4 -3 -6 -1 -4 -4 -5 -1  2 -6 -4 -4  2  9 -2    0   0   0   0   0   0   2   0   0   0   0   0   1   4   0   0   0   2  86   2  2.38 0.71
   25 A    4 -3 -3 -3 -1 -3 -3  1 -4 -2 -3 -3 -3 -4 -3  1  4  1 -4 -2   41   0   0   0   1   0   0  10   0   1   2   0   0   0   0  11  33   2   0   0  0.70 0.37
   26 N   -1 -2  6 -2  0 -2 -3 -2 -2 -5 -5 -3 -4  1 -4  4 -1 -5 -2 -4    3   1  50   0   2   0   0   1   0   0   0   0   0   6   0  33   2   0   1   0  1.07 0.47
   27 E   -1 -1 -2  5 -5 -1  5 -2 -3 -5 -5 -2 -4 -5 -1  0 -1 -5 -4 -3    6   3   0  36   0   0  41   2   0   0   0   0   0   0   2   5   2   0   0   2  0.93 0.40
   28 V   -2 -5 -5 -5  0 -4 -5 -5 -5  4  1 -4  1 -1 -5 -2 -2 -5 -3  5    2   0   0   0   1   0   0   0   0  27  10   0   3   2   0   2   0   0   0  54  0.93 0.39
   29 G   -2 -2 -3 -4 -5 -2 -5  7 -5 -6 -3 -4 -5 -6 -5 -2 -4 -5 -6 -6    1   3   0   0   0   2   0  89   0   0   3   0   0   0   0   2   0   0   0   0  1.86 0.59
   30 E   -1 -3 -3 -1 -6 -1  7 -3  0 -3 -3 -2 -4 -6 -4 -3 -1 -6 -5 -3    5   0   0   0   0   0  82   2   2   2   2   0   0   0   0   0   4   0   0   2  1.50 0.59
   31 A    5 -4 -3 -4 -3 -3 -3 -2 -4 -4 -4 -3  0 -5 -3  4 -1 -5 -4 -3   60   0   0   0   0   0   0   1   0   0   0   0   2   0   0  36   1   0   0   0  1.14 0.51
   32 F   -4 -5 -5 -5 -1 -5 -4 -5 -1  1  2 -5 -1  7 -5 -4 -2 -2  0  0    0   0   0   0   1   0   1   0   2   7  17   0   1  60   0   0   3   0   0   6  1.20 0.44
   33 R   -2  8 -2 -4 -3 -2 -2 -3 -3 -5 -5  1 -4 -5 -5 -1 -2 -5 -4 -3    3  77   1   0   0   0   1   1   0   0   0   7   0   0   0   4   1   0   0   2  1.63 0.61
   34 S    1 -3 -1 -2 -3 -3  1 -1 -4 -5 -5 -3 -4 -4  7  1 -2 -5 -2 -3   15   1   3   1   1   0   9   5   0   0   0   0   0   0  48  12   1   0   2   1  1.10 0.45
   35 L   -1 -1 -1 -4 -3 -3 -4 -4  0  2  2 -3  1  0 -3 -2 -1  1 -1  4    3   3   3   0   0   1   0   0   2  13  22   0   2   4   1   2   3   2   1  37  0.43 0.26
   36 V    3 -4 -4 -4 -3 -3 -1 -4 -4  2  1 -3  2  1 -4 -2 -1 -4 -3  4   26   0   0   0   0   0   4   0   0  13   9   0   5   6   0   1   4   0   0  33  0.50 0.31
   37 P   -2 -2 -2 -3  0 -3 -4 -1  6 -5 -5 -2 -5 -1  7  0 -3 -6 -3 -5    2   2   1   1   2   0   0   5  21   0   0   2   0   4  53   6   1   0   0   0  1.45 0.55
   38 A   -1  1  0 -1 -4 -1 -1 -2 -2 -2 -1  1 -3 -1  5 -1  0 -3 -3  1    3  10   5   2   0   1   2   3   0   0   5  11   0   3  32   2   5   0   0  14  0.50 0.26
   39 A    1  1  0 -1 -3  0  0 -2 -1 -1 -1 -1 -2  0 -2  1  0  6  3 -2   11   9   5   3   0   4   7   2   1   3   5   3   0   3   2  11   4  14  11   2  0.26 0.18
   40 V    0 -3 -4 -4  1 -3 -3  0 -4  2  2 -1  1  1 -2 -2 -2  2 -1  2    7   0   0   0   3   0   0   8   0  12  27   5   3   7   1   1   1   3   1  21  0.27 0.19
   41 V   -1 -5 -5 -5 -3 -4 -5 -5 -5  1 -1 -2  2 -3 -5 -4 -3 -5  0  7    3   0   0   0   0   0   0   0   0   5   2   2   4   0   0   0   0   0   4  77  1.28 0.53
   42 W   -2  4  1 -1 -4 -1 -2 -1  0 -3 -1  1 -3 -2  0 -1  1  7  0 -3    2  26   6   3   0   1   0   4   2   0   7   9   0   1   5   2  12  15   3   1  0.47 0.27
   43 L    3 -3 -3 -1 -2 -2 -2  1 -3 -1  1 -2  0  0 -2  0  0  5 -2 -1   33   0   0   4   0   0   0  10   0   3  18   0   2   5   1   7   6  10   0   1  0.31 0.22
   44 S    2 -2 -2 -3  2 -2 -2  0 -3 -3 -1 -2  0 -2 -3  4  2 -4 -3 -2   21   1   0   0   5   0   2   4   0   0   4   0   3   1   0  45  13   0   0   0  0.54 0.33
   45 Y   -4 -1 -4 -5 -1 -1 -4 -5  0 -4 -3 -1 -3  0 -5 -4 -4  5  9 -2    0   4   0   0   2   3   0   0   1   0   0   5   0   0   0   0   0   7  74   2  1.81 0.59
   46 G    2 -3 -2 -3  0 -2 -3  4 -3 -1 -1 -3 -1  0 -3 -1  0 -3 -2  0   23   0   0   0   2   2   0  39   0   4   6   0   1   5   0   1   7   0   1   9  0.42 0.23
   47 V   -1 -4 -4 -4 -3 -3 -4 -4 -4  4  1 -3  3 -2  0 -3 -1 -4 -3  4    5   0   0   0   0   0   0   0   0  32   9   0   8   0   6   0   2   0   0  35  0.62 0.29
   48 A    4 -3 -2 -3  0 -2 -2  1 -3 -3 -3 -2 -3 -4 -3  4  1 -4 -3 -2   41   0   0   0   2   0   0   9   0   0   1   0   0   0   0  35   7   0   0   2  0.66 0.34
   49 S    0 -3 -2 -3  1 -3 -3  1  1  1 -1 -3  0  1 -3  1  1  8  0 -1    8   0   1   0   3   0   0  10   4  12   3   0   3   6   0  10   9  24   1   3  0.55 0.26
   50 S    2 -3 -2 -3  1 -2 -2  2 -3 -1  1 -2  1 -2 -1  1  1 -3 -2  0   23   0   0   0   3   0   0  18   0   1  18   0   3   1   3  13   8   0   1   5  0.21 0.16
   51 Y   -1 -4  0 -5 -4 -4 -4 -5 -1 -4 -1 -4 -3  2 -5 -1 -4 -1  9 -4    5   0   5   0   0   0   0   0   0   0   6   0   0   6   0   6   0   0  70   0  1.67 0.62
   52 V   -1 -3 -4 -4  3 -3 -3 -3 -4  3  1 -3  1 -1  0 -3  0 -3 -2  4    2   0   0   0   7   0   1   2   0  23  11   1   2   3   6   1   4   0   0  37  0.48 0.25
   53 L    0  0 -2 -3  1 -2 -2  1 -3  1  2 -2  1  1 -3  0  0 -2 -2  1    8   5   0   0   3   0   1  12   0   9  29   1   4   7   0   9   5   0   0   8  0.14 0.13
   54 A    3 -3 -2 -2  2 -1  0  4 -3 -2 -1 -2 -2 -1 -3  0  0 -3 -2 -1   29   0   0   0   5   2   6  34   0   2   6   1   0   2   0   3   5   0   1   3  0.42 0.24
   55 D   -1 -3 -1  6 -4 -2  0 -3  2 -4 -4  0 -4 -4  2 -1  0 -5 -4 -4    4   0   0  58   0   0   3   1   6   0   1   6   0   0  10   3   5   0   0   1  1.01 0.41
   56 A    1 -3 -1 -3  0 -2 -2 -3 -3  1  0 -2 -1 -1 -1  0  2 -3 -2  4   15   0   3   0   2   0   2   1   0   4   7   1   0   3   2   4  17   0   0  37  0.32 0.23
   57 I    1 -1  0 -2  0 -1  0  1 -2  0  0 -1 -1  0 -2  1  1  2  1  0   12   1   4   0   3   1   6  11   0   7   8   1   1   4   0  14   9   3   6   7  0.06 0.08
   58 D   -1 -2  0  3 -2 -1  0 -3  3  0  0 -1 -2  1 -3  1  0  0  4 -2    2   0   3  19   1   3   5   1   9   5   8   2   0   5   0  10   5   1  19   1  0.26 0.19
   59 K    0  0  2  0 -3  0  2 -1  0 -3 -3  4 -2 -4 -2  0  0 -4 -3 -2    7   2  11   4   0   1  16   4   2   1   1  37   1   0   0   4   4   0   0   2  0.42 0.25
   60 G    1 -2  0 -1  1 -2 -2  4  0 -2 -2  0 -1 -1 -1  1  1 -1  1 -2   12   1   4   2   4   0   1  33   2   1   3   6   2   2   2   9   8   1   7   1  0.31 0.20
   61 K    0  0  0  0 -3  1  0  0  2  0 -1  0  1  1 -3  0  0  3  1  0    6   6   5   6   0   5   6   6   5   6   6   6   5   5   0   6   6   5   5   6  0.06 0.10
   62 K    0  1  0  0  1  0  0 -1  1 -1 -2  4  0 -4  0 -1  0 -4 -3 -1    8   8   4   4   3   4   5   3   4   4   4  29   3   0   4   4   5   0   0   4  0.25 0.25
   63 A    4  0  0 -1 -1  0  1 -2 -1 -1 -2 -1  2 -2 -1  0  0  1 -2  0   33   4   4   3   1   4   8   2   1   2   3   4   5   1   3   4   6   2   1   7  0.26 0.28
   64 G    0  0  0 -1 -4  0 -1  0  3 -1 -2  1  0  0 -4  0 -1  3  4 -4   10   6   4   4   0   4   4   8   8   3   4   7   3   3   0   6   4   4  18   0  0.28 0.27
   65 E   -1  0  0  0  2  0  0 -1  2  0 -1  0  1 -2  0  0  0  3  1  0    5   5   5   5   5   5   5   5   5   5   5   5   5   0   5   5   5   5   5   5  0.07 0.11
   66 V    1  1  0 -1  0  0  0 -1  1  0  0  0  0 -1 -1  0  0 -3  0  0   12  10   4   3   3   5   5   4   5   5   8   7   3   3   3   6   5   0   3   8  0.03 0.06
   67 P    0 -1  3  0  0  0 -1 -1  3 -2 -3 -1 -4 -2  4 -1 -1  1  1 -3    7   3  15   5   2   4   5   4   8   2   3   3   0   2  21   4   3   2   4   2  0.40 0.34
   68 S    1 -1  1 -1  0  2  0  1  1 -2 -4  0 -1 -3 -1  1  1  3  1 -2   11   3   6   3   2   8   7   9   4   2   1   7   2   0   2  13   7   4   6   3  0.18 0.22
   69 P   -1 -2  0  1 -1  0  1 -1  1 -2 -2 -1 -1 -2  5  0  0 -5 -2 -2    6   2   4   9   1   4   9   5   4   2   4   3   2   2  28   6   5   0   1   3  0.43 0.34
   70 E   -1 -2  3  2 -5  0  3 -3  2 -2 -1  1 -1 -3 -1  0  0 -5 -2 -2    4   1  12  13   0   3  20   2   6   2   6   9   2   1   4   8   5   0   1   3  0.30 0.30
   71 A    2 -1 -1  0 -1 -2 -1  0 -1 -3 -2 -1 -1  0  4  1  0 -4 -2 -2   20   3   2   5   2   2   4   7   1   1   5   3   1   5  18  12   5   0   2   3  0.28 0.28
   72 G    0  0  0  0  2  0  0 -1  2  0 -1  0 -2  0  0  0  0  3  1 -1    5   5   5   5   5   5   5   5   5   5   5   5   0   5   5   5   5   5   5   5  0.06 0.08
   73 R   -1  3 -1  1 -1  0  2 -2  1 -2 -2  2 -1 -4  0  0  0  0 -2 -2    5  19   2   7   1   4  12   3   3   2   5  13   2   0   5   6   5   1   1   3  0.25 0.24
   74 S    0  0  1  1 -3  0 -1 -2 -1 -1 -1  0  0 -1  1  1  2  0  0  0    9   4   8   7   0   3   3   3   1   4   6   6   2   2   8  11  13   1   3   5  0.09 0.13
   75 A    1  1  0 -1 -3  0 -1 -1  2 -1 -1  1  1  0 -1  0  2  2  0 -1   12   7   4   3   0   4   4   4   5   3   4  11   4   4   3   5  13   3   3   4  0.10 0.14
   76 R    0  0  0  0  2  1  0  0  2  0 -1  0  1 -2  1  0  0 -3  1  0    6   6   5   6   5   5   6   6   5   6   6   6   5   0   6   6   6   0   5   6  0.04 0.08
   77 V    1 -2 -4 -4  2  0 -2 -2 -2  2  0 -2  0 -3 -1 -2  0  2 -1  3   15   1   0   0   5   5   3   3   1  10  10   2   1   0   2   2   5   3   1  27  0.28 0.25
   78 T    2  0 -1 -3 -1  0 -1  1 -1 -1  0 -1 -1 -2 -1  0  1  1 -2  0   24   6   1   0   1   4   3  11   2   3   8   3   1   2   3   6  11   2   1   8  0.14 0.17
   79 V    0  0 -1 -1 -2 -1 -1  0  0  1  1 -1  2  0  1 -1  0  0 -1  1    6   6   3   2   0   2   3   8   3   8  14   4   8   3   6   3   4   1   2  14  0.04 0.07
   80 A    1  0 -1 -2 -2  1 -1  0 -1  0 -1  0  0 -2  0  0  1 -3  0  1   18   3   2   1   0   7   3   5   1   5   5   5   3   0   5   7  13   0   3  14  0.08 0.11
   81 V    1 -2  0 -2  1 -2 -2  1 -2  0  0 -1  4  0 -1  1  0 -3 -2  1   16   0   6   0   3   0   0  12   0   3   6   2  18   3   2  10   6   0   0  10  0.15 0.18
   82 V    1 -2 -2 -2  0 -2 -2  2 -2  1  0 -1  0  0 -2  0  0 -2  1  1   12   0   0   0   2   0   0  16   0   7  10   3   2   5   0  10   6   0   8  16  0.11 0.13
   83 D   -2  0  1  4 -4  1  1  0  1 -3 -3  2 -3 -1 -2  0  0 -3  0 -3    1   4   6  34   0   7   5   7   3   0   3  14   0   2   0   5   4   0   4   0  0.39 0.24
   84 T    0  4  1 -2  0  1 -1 -1  1 -3 -3  0 -2 -3  0  1  2 -3 -2 -1    7  28   6   0   2   6   3   3   5   0   1   2   0   0   4   9  19   0   0   4  0.31 0.24
   85 F    2 -3 -3 -2  0 -2 -3  1 -3 -1  2 -3  1  3 -3  0  0 -2 -1  0   21   0   0   2   2   0   0  10   0   1  26   0   3  20   0   5   5   0   0   4  0.23 0.16
   86 V    1 -2 -2 -3  2 -2 -2 -1 -3  2  2 -2  1  0 -2 -1  0 -2 -1  2   14   1   0   1   6   0   1   6   0  17  21   1   3   3   1   2   6   0   0  17  0.15 0.08
   87 W    0 -3 -3 -3 -3 -3 -2 -3 -2 -1 -1 -3  1  5 -3 -2 -2  9  2 -2    8   1   1   1   0   1   3   1   0   4   1   1   5  30   1   1   1  36   3   1  1.11 0.25
   88 Q   -2 -1 -1  1 -4  7  1 -3  2 -3 -2  0 -2 -4 -2 -1 -2 -3 -2 -3    1   1   0   7   0  70   5   1   6   1   3   1   0   0   1   1   1   0   0   1  1.01 0.31
   89 A    2 -2  0  0  0  1 -1  1 -2 -1 -1 -1  0 -1 -2  1  1 -3 -2  0   24   0   4   6   2   7   0  11   0   2   6   0   4   3   0  14   9   0   0   6  0.12 0.08
   90 L   -1 -2 -3 -3 -2 -1 -2 -3 -2  1  3 -2  1  1  1 -2  0 -2  1  1    4   0   0   0   0   3   0   1   0   9  42   0   3   5   7   1   6   0   5  12  0.25 0.11
   91 A    5 -2 -2 -2 -2  1 -2  0 -2 -2 -2 -2 -2 -3 -2  0  0 -3 -3 -1   74   1   0   1   0   8   1   5   0   1   1   1   0   0   1   1   6   0   0   1  0.66 0.24
   92 S    0  0  0 -1 -2 -1 -1 -2 -2 -3 -3  0 -2 -3 -2  5  1 -3 -3 -3    1   6   3   1   0   0   1   1   0   1   1   5   0   0   1  74   4   0   0   1  0.74 0.27
   93 V   -1 -1 -1 -3 -1 -2 -3 -1 -3  1  1 -2  4  0 -2 -2 -1 -3 -1  4    1   5   3   1   1   0   1   5   0   5   9   1  16   3   2   1   3   0   2  41  0.28 0.16
   94 A    3 -2 -2 -2 -2 -2 -2  1 -2  1  1 -1  0  0 -2  0 -1 -3 -1  1   34   0   0   0   0   0   0   9   0  14  13   5   1   4   0   7   2   0   1   8  0.16 0.11
   95 I   -1 -3 -4 -4 -1 -3 -3 -4 -3  4  3 -3  1  2 -3 -3 -2  3 -1  1    3   0   0   0   1   0   0   1   0  34  35   0   2   9   0   1   0   5   0   6  0.47 0.18
   96 P   -2 -1 -3 -3 -4 -3 -3 -4 -4 -4 -4 -2 -4 -5  8  0 -2 -5 -4 -4    0   3   0   0   0   0   0   0   0   0   1   0   0   0  85   7   0   0   0   0  2.16 0.41
   97 G    3 -2 -2 -2  0  0 -2  4 -2 -2 -2 -2 -1 -2 -2  0  1 -3 -3 -2   33   0   0   0   2   5   0  35   0   1   4   0   2   2   1   3   9   0   0   0  0.42 0.17
   98 F   -1 -4 -4 -4 -3 -3 -4 -3 -3  1  1 -4  0  6 -4  0 -2  3  2  1    5   0   0   0   0   0   0   1   0   8  12   0   2  45   0  11   0   5   3   9  0.59 0.23
   99 T   -1 -3 -2 -3  0 -2  0 -3 -3  0 -1 -1  0 -1 -3  0  5 -4 -3  1    2   0   0   0   2   0   6   0   0   6   4   2   3   3   0   2  58   0   0  11  0.58 0.28
  100 I   -2 -4 -4  0  0 -3 -1 -3 -4  6  0 -4 -1 -2 -4 -3 -2 -4 -3  1    2   0   0   6   2   0   5   2   0  74   2   0   0   0   0   1   0   0   0   5  0.82 0.32
  101 N    0  1  1 -1 -2 -1 -1  1  3 -2 -2  1 -2  2 -2  1 -1 -1  2 -2   11  11  10   1   0   0   1  11  10   1   1  11   0  10   1  11   1   0  10   1  0.16 0.10
  102 R    0  2  0 -2  1  0 -1  0  3 -1 -1 -1  0  0 -3  1  0  2 -1  0    9  16   4   0   4   3   3   9   9   3   6   0   3   4   0  10   5   4   0   6  0.11 0.13
  103 V    0 -2 -2 -2  3  1  0  0 -2  0  0 -2  2  1 -3  0  0  4  1  0    7   0   0   0   7   7   7   7   0   7   7   0   7   7   0   7   7   7   7   7  0.12 0.15
  104 C    1  0 -2 -3  6 -2 -2 -3 -3  1 -2  1 -1 -3 -3  0  1 -3 -3  3   10   7   0   0  18   0   1   1   0   7   1   9   0   0   0   6  11   0   0  27  0.36 0.21
  105 A    3  2  0 -2 -4  0 -2 -3  3 -4 -3  2  0  1 -3 -1  0  3  0 -2   28  14   3   1   0   3   0   0   8   0   1  13   2   7   0   4   6   5   3   1  0.38 0.32
  106 A    2 -1 -1 -3 -3  0 -2 -2  0  0  0 -1  0  2 -3  0  0 -2  4 -1   24   4   3   0   0   5   1   3   2   5  11   3   3   8   0   5   4   0  17   3  0.23 0.23
  107 S    1 -4 -3 -4  0 -1 -3 -3 -4 -2 -2 -3 -1 -2 -4  5  3 -5 -4  1   12   0   0   0   2   2   0   0   0   2   3   0   2   2   0  47  19   0   0  10  0.76 0.50
  108 L    1  1  0  0 -3  1 -1  2  0 -2  0  1  0 -1 -3  1  0 -4 -3 -2   12   6   4   4   0   7   2  17   2   2  10  10   2   3   0  10   7   0   0   2  0.13 0.16
  109 Y   -1  2  0 -1 -1  0 -1 -1  0 -1 -1  2  0  2 -1 -1  0  1  3 -2    5  11   4   3   2   3   2   5   2   3   5  14   2  10   3   3   5   2  13   3  0.16 0.18
  110 V    2 -1 -3 -2  0 -3 -3 -1 -1  1  2 -3  2  1 -4 -1 -1  1  0  1   22   4   0   3   2   0   0   4   2   8  21   0   6   7   0   4   3   2   3   7  0.22 0.23
  111 L   -2 -2 -4 -5  0  0 -2 -5 -4  0  4 -2  3  4 -5 -1  0  1 -2  0    3   3   0   0   2   5   2   0   0   4  37   2   8  15   0   4   6   2   0   7  0.52 0.36
  112 G    1  1  0 -1  0  1 -1  1 -1 -1 -3  4  0 -1 -2  0  0 -4 -2 -1   11   6   5   4   2   7   2  10   1   4   1  26   3   3   1   6   5   0   1   3  0.24 0.24
  113 T   -2  3  3  1 -1 -1 -1 -2  3 -5 -4  3 -4 -5 -2 -1  0  0 -1 -2    3  18  16   6   1   2   3   3   6   0   2  21   0   0   2   4   6   1   2   3  0.49 0.37
  114 A    2 -2 -1 -2 -3  0 -2 -1 -1  0 -1  1  1  0 -1  1  1 -1  0  1   17   2   3   1   0   3   2   5   1   4   5   8   5   4   2  13   8   1   3  13  0.12 0.17
  115 T    0 -1  0 -2  1  0 -1  0 -2 -2 -1  2  0 -1  1  0  3 -4 -2 -2    9   3   5   2   3   3   4   6   1   2   5  15   3   3   6   7  21   0   1   3  0.20 0.22
  116 R   -1  3  4 -1 -1  0 -3 -3  0 -1 -2  3 -3 -1  0  0 -3  1 -2 -2    6  16  17   3   1   3   1   2   2   4   4  18   1   3   5   6   1   2   1   3  0.37 0.30
  117 W   -1  0  1 -1 -1  0 -1 -2  0 -1  1  1  0  0 -1 -1  0  6 -1  0    5   5   8   3   1   4   3   3   2   3  15  10   3   3   3   4   6  11   1   8  0.19 0.16
  118 P   -1 -2  2  0 -4 -1 -2  0 -1 -4 -2  0  0 -3  5  2 -1 -4 -4 -3    5   2   8   4   0   3   2   8   2   1   4   6   3   2  31  13   4   0   1   2  0.57 0.36
  119 L    0 -1 -2 -3 -3 -2 -2  0 -2  0  2 -2  0 -1  3  0 -1  0 -3  2    8   3   2   1   0   2   3   6   1   5  20   3   2   2  14   8   4   2   0  16  0.21 0.20
  120 A    0  1  0 -1 -3  0 -1  0  0  0  0  1  0  1  2  0  0  1 -1 -1    8   9   4   4   0   4   2   8   2   5   8   9   4  10  10   4   6   2   0   3  0.07 0.10
  121 V    0  0 -2 -2  0 -3 -3 -2 -3  2  1 -1  1  1 -1 -1  0  1  0  3    8   7   2   3   2   0   0   3   0  10  13   3   3   7   2   3   4   2   3  26  0.18 0.19
  122 R   -1  6  0 -4  0  0 -1 -2  0 -2 -2  1 -4 -1 -4  0 -2 -5 -1 -2    4  44   5   0   2   4   3   3   2   2   4   8   0   3   0   7   2   0   2   2  0.67 0.48
  123 K   -1  2 -1  0  1  0 -1 -2  0 -4 -3  4 -1 -4  1  0  2 -4 -1 -2    5   9   3   5   3   4   2   2   3   0   3  29   2   0   7   4  15   0   2   2  0.38 0.34
  124 W   -1 -6 -6 -6  0 -5 -6 -3 -5  0 -1 -6  0  2 -3 -2  0 11  2 -1    5   0   0   0   2   0   0   2   0   6   7   0   2   7   2   4   6  48   5   4  1.81 0.83
  125 T    0 -4 -4 -4 -4 -4 -4  3 -4  3  1 -4  3 -1 -4 -2  1 -4 -4  1    8   0   0   0   0   0   0  25   0  17  16   0   7   3   0   2  11   0   0   9  0.46 0.33
  126 T   -3 -5 -5 -5  0  0 -4 -5 -5 -5 -4 -3 -5 -6  7  0  3 -7 -6 -1    2   0   0   0   2   4   0   0   0   0   1   2   0   0  58   6  20   0   0   5  1.62 0.68
  127 T   -2 -5 -4 -5 -1 -1 -4 -5 -5  2 -3 -4 -3 -2 -5 -1  6 -6 -5  2    2   0   0   0   1   3   0   0   0  12   1   0   0   2   0   3  60   0   0  15  1.19 0.61
  128 A    3 -4 -4 -4  1 -4 -4  2 -4  1  2 -4  0 -1 -4 -1 -1 -4 -2  1   33   0   0   0   3   0   0  16   0  10  19   0   2   2   0   2   2   0   1  10  0.43 0.30
  129 L    0 -4 -5 -5  2 -4 -5 -5 -5  4  2 -4  1 -1 -5 -2  1 -4 -3  3    8   0   0   0   5   0   0   0   0  23  23   0   4   2   0   2   9   0   0  24  0.60 0.32
  130 G   -1 -5 -4 -4 -5 -5 -5  7 -5 -7 -6 -5 -6 -6 -5  0 -4 -6 -6 -6    3   0   0   0   0   0   0  88   0   0   0   0   0   0   0   7   0   0   0   0  2.05 0.67
  131 L   -4 -5 -6 -6 -4 -5 -5 -6 -5  0  6 -5  1  0 -5 -5 -4 -4 -3 -1    0   0   0   0   0   0   0   0   0   3  89   0   1   2   0   0   0   0   0   2  1.42 0.47
  132 L    4 -3 -2 -3  1 -2 -2  1 -3  0  1 -2  0 -2 -2  1 -1 -3 -3  0   43   0   0   0   2   0   1  12   0   4  14   0   2   1   0  12   1   0   0   5  0.37 0.21
  133 T    2 -3 -3 -3  1 -2 -3 -3 -3  2  1 -2  0  0 -3  1  1 -3 -2  2   17   0   0   0   3   0   0   0   0  15  10   0   1   4   0  15   9   0   0  21  0.26 0.17
  134 I   -3 -4 -5 -5 -3 -4 -4 -5 -5  6  1 -4  0 -2 -4 -4 -2 -4 -3  4    0   0   0   0   0   0   0   0   0  54   7   0   1   0   0   0   2   0   0  31  1.07 0.37
  135 P    0 -4 -4 -4 -5 -4 -4 -4 -4 -5 -5 -4 -5 -5  8 -3 -3 -5 -5 -4    7   0   0   0   0   0   0   1   0   0   1   0   0   0  86   1   0   0   0   1  2.47 0.60
  136 I    0 -4 -4 -4  0 -3 -4 -3 -3  1  1 -3  0  6 -4 -2 -2 -2  0  2   11   0   0   0   2   1   1   2   0   6  15   0   2  43   0   2   1   0   1  14  0.63 0.26
  137 I   -3 -4 -5 -5 -3 -4 -4 -5 -4  5  4 -4  2 -1 -4 -3 -3 -4 -3  1    0   0   0   0   0   0   0   0   0  42  44   0   4   1   0   2   0   0   0   3  0.91 0.33
  138 I   -2 -4 -4 -4  1 -3 -4 -4 -4  4 -2 -3  1 -3  6 -1 -2 -5 -4  2    1   0   0   0   3   0   0   0   0  31   1   0   4   0  37   6   0   0   0  15  0.95 0.34
  139 H   -2  0 -2 -3 -4  0 -1 -2  6 -2 -2  2 -1  1 -2 -2  0 -1  4 -1    1   4   0   0   0   3   4   3  27   2   2  14   1   6   2   2   6   0  18   5  0.52 0.25
  140 P   -2 -4 -2 -4 -4 -2 -3 -4 -2  1  1 -3  1 -3  7 -3 -3 -5 -4 -1    2   0   2   0   0   2   0   0   1   8  15   0   4   1  58   0   0   0   0   4  1.31 0.39
  141 I   -2 -4 -5 -5 -1 -4 -5 -5 -4  5  1 -4 -1  5 -4 -4 -3 -3  0  1    3   0   0   0   2   0   0   0   0  45   9   0   0  31   0   0   0   0   1   6  0.93 0.34
  142 D   -4 -4 -2  8 -6 -3  0 -4 -4 -5 -6 -3 -5 -6 -4 -3 -4 -6 -5 -5    0   0   0  90   0   0   5   0   0   0   1   0   0   0   0   0   0   0   0   0  2.14 0.59
  143 R   -1  2  1  0 -2  0  2  0  5 -3 -3  1 -2 -3 -3  0 -1  0 -1 -2    3  13   5   5   1   3  19   6  16   1   2  11   0   0   0   5   4   1   2   3  0.30 0.16
  144 S    1 -3 -3 -3 -2 -3 -3  0 -3 -2  1 -2 -1  1  5  1  0 -2 -2 -1   16   0   0   0   1   0   0   6   0   1  15   0   1   6  32  11   5   1   1   3  0.52 0.22
  145 V    0 -4 -4 -5  1 -4 -4 -4 -5  2 -1 -4  1 -3 -4 -3  0  0 -3  6    6   0   0   0   2   0   0   0   0   7   1   0   3   0   0   1   5   2   0  70  0.98 0.38
  146 D   -3 -2  2  5 -5 -1  5 -3  2 -4 -5 -2 -4 -4 -3 -2 -1 -5 -2 -4    0   0   9  36   0   0  39   1   6   0   1   0   0   0   0   1   4   0   1   0  0.95 0.35
  147 F   -1  0  1 -1 -3  0  1 -1  4 -1 -1  1 -1  1 -2 -1  0  1  1 -1    6   6   6   2   0   3   9   3  15   4   6  10   1   9   0   3   5   2   6   4  0.12 0.10
  148 L    3 -3 -3 -3 -2 -3 -3 -1 -3  1  2 -3  1  1 -3 -1  0 -1 -1  2   29   0   0   0   0   0   0   5   0   6  23   0   4   7   0   1   4   1   1  16  0.27 0.18
  149 L   -2 -4 -4 -4 -3 -3 -4 -4 -4  1  2 -3  7  1 -4 -3  0 -3 -3  3    2   0   0   0   0   0   0   1   0   4  17   0  40   5   0   0   6   0   0  22  0.84 0.35
  150 D   -3 -3  3  6 -6 -1  3 -2 -3 -5 -6 -1 -5 -3 -4 -1 -2 -6 -5 -5    0   0  16  54   0   2  20   1   0   0   0   2   0   1   0   2   1   0   0   0  1.19 0.42
  151 S    0  0  0 -1 -1 -1 -1 -2  1 -1 -1  1 -1 -1 -3  2 -1  7  0  0    7   6   5   4   1   2   3   1   3   4   4   8   1   2   0  21   2  17   3   6  0.32 0.19
  152 S    1 -3 -3 -3 -3 -3 -3 -2 -2  1 -1 -3 -2  2 -3  2  5 -4 -2  1   11   1   0   0   0   0   0   2   1   9   3   0   0   8   0  17  39   0   1   8  0.50 0.30
  153 L   -3 -2 -5 -5 -4 -4 -3 -5 -3  2  2 -4 -1  6 -4 -4 -2  0  4  1    1   2   0   0   0   0   2   0   0  10  16   0   0  41   1   1   2   1  15   8  0.85 0.34
  154 R   -3  6 -1  1 -2 -1  1  0  3 -5 -5  0 -4 -4 -4 -2 -2 -3  0 -5    1  53   1   9   1   1   9   8   9   0   0   1   0   0   0   2   1   0   3   0  0.93 0.40
  155 K   -3  1  0 -3 -5  1 -1 -4 -2 -5 -5  6 -2 -4  3 -1  0  4 -4 -2    1   5   3   0   0   5   1   0   1   0   0  52   1   0  14   3   6   6   0   2  0.87 0.39
  156 L    0 -2 -4 -5 -2 -3 -4  0 -3  2  2 -4  0  2 -4 -3 -2  6  1  1    9   2   0   0   0   0   0   9   0  13  27   0   2   9   0   0   1  13   6   8  0.46 0.22
  157 Y   -2 -2 -4 -4 -2 -1  1 -3  0  0 -1 -2 -2  4 -5 -2 -3  4  6 -2    2   1   0   0   1   2  10   1   1   6   4   2   0  22   0   2   1   6  37   2  0.81 0.32
  158 P   -1  2 -1 -1 -4  0  3  1  1 -4 -3  1 -3 -4  5 -1 -2 -4 -3 -4    3  11   1   1   0   2  26  10   4   0   1  10   0   0  26   4   1   0   0   0  0.61 0.24
  159 T    1  1  0  0 -2  1  1 -1 -1 -2 -2  1  0 -2 -2  1  2 -3 -1 -1   16   9   4   4   0   6   9   2   1   1   2   8   2   1   0  11  15   0   2   5  0.15 0.10
  160 V   -1 -3 -2 -1 -3 -1 -1 -1 -2  2  0 -2  1  2 -1  0 -1  1  3  2    4   0   1   3   0   2   4   4   0  20   4   1   5   9   3   7   1   1  14  17  0.18 0.15
  161 G    1 -1 -2  0 -4 -1  3  4 -2 -4 -3  1 -3 -4 -3  0 -2 -4 -2 -3   14   3   1   3   0   1  23  36   1   0   2   8   0   0   0   4   1   0   1   1  0.52 0.25
  162 K    0 -1 -2 -1 -4 -1  1  4 -3 -4 -3  4 -3  1 -1  0 -2 -4 -3 -4    5   2   0   2   0   1   8  35   0   0   2  30   0   7   2   6   0   0   0   0  0.53 0.25
  163 P   -2 -1 -2  0 -3  0  2 -1  3 -4 -3  1 -4 -5  6 -1 -1 -5 -3 -4    1   3   1   6   0   2  18   5   9   0   2  10   0   0  38   2   2   0   0   0  0.82 0.28
  164 S    0  1  0  1 -4  2  3 -2 -2 -4 -4  1 -3 -4  2  2  0 -4 -3 -3    8   6   2   7   0  11  27   0   0   0   0   7   0   0   9  21   3   0   0   0  0.46 0.21
  165 S    5 -3 -2 -1 -2 -2 -2 -1  0 -3 -3 -2 -3 -4 -1  3  1 -4 -3 -1   57   0   0   2   0   1   0   1   3   0   0   1   0   0   1  26   6   0   0   2  0.68 0.28
  166 S    3 -2 -1 -2 -2 -1 -1 -1 -2 -3 -3 -1 -2 -3 -2  5  2 -4 -3 -2   33   0   0   0   0   0   0   0   0   0   0   0   0   0   0  57  10   0   0   0  0.66 0.20

                      K         Lambda
Standard Ungapped    0.1339     0.3195
Standard Gapped      0.0488     0.2670
PSI Ungapped         0.1588     0.3128
PSI Gapped           0.0488     0.2670
