
Last position-specific scoring matrix computed, weighted observed percentages rounded down, information per position, and relative weight of gapless real matches to pseudocounts
           A  R  N  D  C  Q  E  G  H  I  L  K  M  F  P  S  T  W  Y  V   A   R   N   D   C   Q   E   G   H   I   L   K   M   F   P   S   T   W   Y   V
    1 M   -2 -3 -4 -4 -3 -2 -3 -4 -3  0  1 -3  9 -1 -4 -3 -2 -3 -2  0    0   0   0   0   0   0   0   0   0   0   0   0 100   0   0   0   0   0   0   0  1.43 0.26
    2 A    4 -2 -2 -1  4 -2 -2 -1 -2 -2 -2 -2 -1 -3  0  1  1 -3 -3  0   63   0   0   3  11   0   0   0   0   0   0   0   1   0   2   7   6   0   0   6  0.43 0.11
    3 V   -1 -2  1 -2 -1 -2 -2 -3 -3  2  0 -2  0 -1 -2 -1  0 -3 -2  4    1   1   9   1   0   0   1   1   0   9   1   1   0   0   1   4   1   0   0  68  0.38 0.10
    4 P   -2 -4 -3 -3 -4 -3 -3 -4 -4 -4 -4 -2 -4 -5  8 -2  0 -5 -4 -4    0   0   0   0   0   0   0   0   0   0   0   0   0   0  94   0   5   0   0   0  2.40 0.30
    5 P   -2 -4 -4 -3 -4 -3 -3 -4 -4 -4 -4 -3 -4 -5  8 -2 -3 -5 -5 -3    0   0   0   0   0   0   0   0   0   0   0   0   0   0  97   1   0   0   0   2  2.49 0.31
    6 T    2 -2 -1 -2  2  0 -1 -1 -2 -2 -2  0 -2 -1  1  2  3 -3 -1 -1   20   0   1   0   7   3   0   1   0   0   2   3   0   2   5  23  28   0   2   3  0.28 0.10
    7 Y   -3 -2 -4 -5 -4 -3 -4 -5  0 -3 -2 -3 -2  3 -5 -3 -3  1  9 -3    0   2   0   0   0   0   0   0   0   0   0   0   0   7   0   0   0   0  91   0  1.79 0.31
    8 A    3 -2  0 -1  3 -1 -1  1 -2 -2 -3 -1 -2 -3 -1  3  0 -3 -3 -1   41   0   3   2   9   0   1   9   0   0   0   1   0   0   1  27   4   0   0   2  0.38 0.12
    9 D   -3 -2  0  7 -5 -2  0 -3 -2 -5 -5 -2 -5 -5 -3 -2 -2 -6 -5 -5    0   2   0  98   0   0   1   0   0   0   0   0   0   0   0   0   0   0   0   0  1.66 0.28
   10 L   -3 -3 -5 -5 -2 -3 -4 -5 -4  1  5 -4  2 -1 -4 -4 -2 -3 -2  0    0   0   0   0   0   0   0   0   0   0  97   0   3   0   0   0   0   0   0   0  0.99 0.22
   11 G   -1 -4 -2 -3 -4 -3 -3  7 -3 -5 -5 -3 -4 -5 -2 -1 -3 -4 -4 -5    0   0   0   0   0   0   0  98   0   0   0   0   0   0   2   1   0   0   0   0  1.59 0.25
   12 K   -2  1 -2 -2 -5  0  0 -3 -2 -4 -4  7 -3 -5 -1 -2 -2 -4 -3 -4    0   1   0   0   0   0   0   0   0   0   0  97   0   0   1   0   0   0   0   0  1.25 0.27
   13 S    2 -1  1  1 -1  1  0 -1 -2 -3 -3  0 -2 -3 -1  4  0 -4 -3 -2   24   0   4   7   0   7   3   2   0   0   0   6   0   0   1  45   2   0   0   0  0.39 0.13
   14 A    6 -3 -3 -3 -2 -2 -2 -1 -3 -3 -2 -2 -2 -3 -2  1 -1 -4 -3 -1   93   0   0   0   0   0   0   0   0   0   1   0   0   0   0   6   0   0   0   0  0.93 0.24
   15 R   -2  6  0 -2 -4  0  0 -3 -1 -4 -3  4 -2 -4 -3 -2 -2 -4 -3 -4    0  59   5   0   0   0   2   0   0   0   0  34   1   0   0   0   0   0   0   0  0.95 0.20
   16 D   -3 -3  0  7 -5 -2  0 -3 -2 -5 -5 -2 -4 -5 -3 -2 -2 -6 -4 -5    0   0   1  98   0   0   0   0   0   0   0   0   0   0   0   0   0   0   0   0  1.66 0.28
   17 V   -2 -4 -4 -4 -2 -3 -4 -4 -4  4  1 -3  1 -1 -3 -3 -1 -4 -2  4    0   0   0   0   0   0   0   0   0  39   9   0   1   0   0   0   0   0   0  51  0.66 0.16
   18 F   -4 -4 -5 -5 -4 -5 -5 -5 -3 -2 -1 -5 -1  8 -5 -4 -4  0  2 -2    0   0   0   0   0   0   0   0   0   0   1   0   0  99   0   0   0   0   0   0  1.76 0.30
   19 T   -1 -2  4  0 -3 -1 -1  2 -1 -3 -4 -1 -3 -4 -2  3  2 -4 -3 -3    0   0  35   1   0   0   2  18   0   0   0   0   0   0   0  29  15   0   0   0  0.53 0.15
   20 K   -2  1 -1 -2 -4  1  0 -3 -2 -4 -4  7 -3 -4 -2 -1 -2 -4 -3 -4    0   0   1   0   0   2   2   0   0   0   0  94   0   0   0   1   0   0   0   0  1.17 0.26
   21 G   -1 -3  1 -2 -4 -3 -3  7 -3 -5 -5 -2 -4 -4 -3 -1 -3 -4 -4 -4    0   0   6   0   0   0   0  91   0   0   0   2   0   0   0   0   0   0   0   0  1.43 0.23
   22 Y   -3 -3 -4 -5 -2 -3 -4 -5  0 -3 -2 -3 -2  4 -5 -3 -3  1  8 -3    0   0   0   0   1   0   0   0   0   0   0   0   0  14   0   0   0   0  84   0  1.68 0.29
   23 G   -1 -2  2 -2 -4 -2 -2  5  6 -5 -4 -2 -3 -3 -3 -1 -2 -4 -2 -4    0   0  11   0   0   0   0  59  28   0   0   0   0   0   0   0   0   0   0   0  1.00 0.20
   24 F   -3 -4 -4 -4 -3 -4 -4 -4 -2 -1 -1 -4 -1  7 -3 -3 -3  2  4 -2    0   0   0   0   0   0   0   0   0   0   2   0   0  77   1   0   0   2  14   0  1.29 0.23
   25 G   -1 -3 -1 -2 -4 -3 -3  7 -3 -5 -5 -3 -4 -4 -3 -1 -3 -4 -4 -4    0   0   2   0   0   0   0  94   0   0   0   0   0   0   0   1   0   0   0   0  1.48 0.23
   26 L   -1 -3 -3 -3 -1 -2 -2 -2 -3  1  3 -3  3  2 -3 -2 -1 -2 -1  2    4   0   0   0   1   2   2   2   0   5  46   0  11  10   0   0   2   0   0  15  0.31 0.09
   27 I   -1 -3 -4 -4 -1 -3 -3 -4 -3  3  1 -3  2  1 -3 -2 -1  4  0  3    2   0   0   0   1   0   0   0   0  24  12   0   5   8   0   0   1   7   2  38  0.40 0.11
   28 K   -2  1 -1 -2 -4  0  0 -3 -2 -4 -4  7 -3 -4 -2 -1 -1 -4 -3 -3    0   1   0   0   0   0   0   0   0   0   0  93   0   0   0   3   1   0   0   0  1.14 0.26
   29 L   -2 -3 -4 -4 -2 -3 -2 -4 -4  2  5 -3  1  0 -4 -3 -2 -3 -2  0    0   0   0   0   0   0   2   0   0   7  84   0   0   1   0   0   1   0   0   3  0.74 0.18
   30 D   -3 -2  1  7 -5 -1  3 -3 -2 -4 -5 -1 -4 -5 -3 -1 -2 -5 -4 -4    0   0   2  77   0   0  18   0   0   0   0   2   0   0   0   1   0   0   0   0  1.26 0.23
   31 L    0 -3 -4 -4  5 -3 -3 -4 -3  1  3 -3  0 -1 -3 -2 -1 -3 -1  3    6   0   0   0  17   0   0   0   0   5  40   0   0   1   0   1   2   0   2  26  0.43 0.12
   32 K   -1  1 -1 -2 -4  0  0 -3 -2 -4 -4  7 -3 -4 -2 -1 -2 -4 -3 -3    2   1   0   0   0   0   1   0   0   0   0  92   0   0   0   3   0   0   0   0  1.12 0.26
   33 T   -1 -2 -1 -2 -2 -2 -2 -3 -3 -2 -3 -2 -2 -3 -2  1  7 -4 -3 -1    0   0   0   0   0   0   0   0   0   0   0   1   0   0   0   4  93   0   0   1  1.15 0.27
   34 K   -2  1 -1 -2 -4  0  0 -3 -2 -3 -3  6  0 -4 -2 -1  0 -4 -3 -2    0   3   0   0   0   1   0   0   0   1   0  84   3   0   0   0   6   0   0   2  0.91 0.23
   35 S    0 -2  0 -2 -1 -1 -1 -2 -2 -3 -3 -1 -2 -3 -2  5  4 -4 -3 -2    3   0   2   0   1   0   0   1   0   0   0   0   0   0   0  57  36   0   0   0  0.70 0.20
   36 E    0 -1  0  1  2  2  2 -2  1 -3 -3  1 -2 -3 -1  2  0 -3 -2 -2    8   0   1   9   6  14  20   1   3   0   1   9   0   0   1  26   1   0   0   0  0.31 0.10
   37 N   -1 -2  5 -1 -2 -1 -1 -1 -1 -4 -4  0 -3 -4 -2  4  1 -4 -3 -3    0   0  33   0   1   1   0   2   0   0   0   2   0   0   0  53   7   0   0   0  0.67 0.19
   38 G   -1 -3  0 -1 -4 -3 -2  6 -3 -5 -5 -3 -4 -2 -3 -1 -3 -4 -3 -4    1   1   4   3   0   0   1  88   0   0   0   0   0   2   0   0   0   0   0   0  1.30 0.22
   39 L   -1 -3 -4 -4 -2 -3 -4 -3 -4  2  2 -3  1 -2 -3 -3 -1  0 -2  5    0   0   0   0   0   1   0   1   0   4  14   0   3   0   0   0   0   2   0  75  0.67 0.18
   40 E   -2 -1 -1  1 -5  1  7 -3 -1 -5 -4  0 -3 -5 -2 -1 -2 -4 -3 -4    0   0   1   2   0   1  92   1   0   0   0   2   0   0   0   1   0   0   0   0  1.29 0.27
   41 F   -4 -4 -5 -5 -4 -5 -5 -5 -3 -1 -1 -5 -1  8 -5 -4 -4  0  2 -2    0   0   0   0   0   0   0   0   0   2   2   0   0  96   0   0   0   0   0   0  1.71 0.30
   42 T    0 -1  2 -1 -1 -1 -1 -2  0 -1 -2  1 -2 -3 -2  2  4 -4 -2 -1    5   0  11   0   1   0   0   0   2   4   0  12   0   0   0  24  38   0   0   3  0.36 0.13
   43 S    1 -2 -1 -2  0 -2 -2 -2 -2 -1 -2 -2 -2 -3 -2  3  5 -3 -1  0    9   0   0   0   2   0   0   0   0   1   0   0   0   0   0  27  52   0   2   8  0.54 0.17
   44 S    1 -2  0 -1 -2 -1 -1  3 -2 -3 -3 -1 -3 -4 -2  4  2 -4 -3 -2    6   0   1   0   0   0   2  23   0   0   0   1   0   0   0  55  10   0   0   1  0.56 0.16
   45 G   -1 -4 -2 -3 -1 -3 -3  7 -3 -1 -4 -3 -3 -4 -3 -1 -3 -4 -4 -4    0   0   0   0   1   0   0  91   0   6   1   0   0   0   0   1   0   0   0   0  1.39 0.24
   46 S    0 -2  0 -2 -2 -1 -1 -2  3 -1 -2 -1 -2  0 -2  4  2 -3 -1  0    3   0   2   0   0   1   0   0   8   2   0   0   0   5   0  58   9   0   1   9  0.42 0.16
   47 A    2 -2  1 -1 -1 -1 -1 -1 -2 -3 -3 -1 -3 -4 -2  5  0 -4 -3 -3   18   0   7   0   1   0   0   1   0   0   0   0   0   0   0  72   2   0   0   0  0.72 0.21
   48 N   -2 -2  7  0  0 -1 -2 -2  0 -4 -3 -2 -2 -3 -3  0 -1 -4  1 -4    2   0  84   0   2   0   0   0   1   0   2   0   1   0   0   2   0   0   6   0  1.19 0.27
   49 T   -1 -1  2 -2 -2  3 -1 -2  1 -1 -2 -1  0 -3 -2  1  4 -3 -2 -1    0   2  10   0   0  21   0   0   3   5   2   0   3   0   0   5  48   0   0   2  0.44 0.16
   50 E   -3 -2  0  6 -5 -1  4 -3 -2 -5 -5 -1 -4 -5 -3 -1 -2 -5 -4 -4    0   0   0  66   0   0  34   0   0   0   0   0   0   0   0   0   0   0   0   0  1.24 0.24
   51 T   -1 -2 -1 -2 -2 -2 -2 -3 -3 -2 -3 -1 -2 -4 -2  3  6 -4 -3 -2    0   0   1   0   0   0   0   0   0   0   0   1   0   0   0  21  76   0   0   0  0.93 0.25
   52 T   -1 -3 -1 -2 -3 -3 -3  6 -3 -4 -4 -2 -3 -4 -3  1  1 -4 -4 -4    1   0   1   0   0   0   0  80   0   0   0   0   0   0   0  11   9   0   0   0  1.16 0.21
   53 K   -2  2  0 -2 -4  0 -1 -3 -2 -3 -4  7 -3 -4 -2 -2 -2 -4 -3 -3    0   4   3   0   0   0   0   0   0   1   0  91   0   0   0   0   0   0   0   1  1.11 0.26
   54 V    2 -3 -3 -4 -2 -3 -3 -3 -4  1  0 -3 -1 -2 -3  0 -1 -4 -2  5   24   0   0   0   0   0   0   0   0   4   1   0   0   0   0   8   0   0   0  63  0.52 0.17
   55 T    0 -2  1 -1 -2 -1 -2  1 -2 -1 -1 -2 -1  3 -2  2  2 -2  0 -1    8   0   9   1   0   1   0  11   0   1   1   0   1  24   0  22  17   0   0   3  0.22 0.10
   56 G    1 -4 -2 -3 -4 -3 -3  7 -3 -5 -5 -3 -4 -4 -3 -1 -3 -4 -4 -4    8   0   0   0   0   0   0  91   0   0   0   0   0   0   0   1   0   0   0   0  1.45 0.24
   57 S    0 -2  3 -1 -2 -1 -1 -1  2 -3 -3 -1 -2 -3 -2  4  2 -4 -2 -3    1   0  21   0   0   0   0   0   7   0   2   1   0   0   0  55  13   0   0   0  0.59 0.18
   58 L   -3 -3 -5 -5 -3 -3 -4 -5 -4  0  6 -4  1  0 -4 -4 -2 -3 -2  0    0   0   0   0   0   0   0   0   0   0  98   0   0   2   0   0   0   0   0   0  1.02 0.23
   59 E   -2 -1 -2  1 -5  1  7 -3 -2 -5 -4 -1 -3 -5 -3  0 -2 -4 -3 -4    0   0   0   1   0   1  94   0   0   0   0   0   0   0   0   4   0   0   0   0  1.36 0.28
   60 T   -1 -3 -1 -2 -2 -2 -2 -3 -3 -2 -3 -2 -2 -4 -2  1  7 -4 -3 -2    0   0   0   0   0   0   0   0   0   0   0   0   0   0   0   9  91   0   0   0  1.17 0.28
   61 K   -2  1 -2 -2 -5  0  0 -3 -2 -4 -4  7 -3 -5 -2 -2 -1 -5 -3 -4    0   0   0   0   0   0   2   0   0   0   0  97   0   0   0   0   1   0   0   0  1.27 0.29
   62 Y   -3 -3 -4 -5  1 -3 -4 -5  0 -3 -3 -4 -3  2 -5 -3 -3  1  9 -3    0   0   0   0   3   0   0   0   0   0   0   0   0   1   0   0   0   0  96   0  1.95 0.35
   63 R   -1  2 -1 -2 -4  0  0 -2 -2 -4 -4  6 -3 -4 -2 -1 -2 -4 -3 -3    5  10   2   0   0   0   2   1   0   0   0  79   0   0   0   2   0   0   0   0  0.90 0.22
   64 W   -2 -2 -4 -4 -1 -2 -3 -4 -3  2  1 -3  2  0 -4 -3 -2  8  1  3    0   2   0   0   1   1   0   0   0  13   8   0   8   2   0   0   0  29   4  31  0.75 0.16
   65 T    0  0  1 -1  3  0 -1 -1 -2 -3 -3  4 -2 -3  1  1  1 -4 -3 -2    8   0   5   1   8   0   1   2   0   0   0  40   0   0   7  14  13   0   0   1  0.33 0.12
   66 E   -2 -2  2  5 -3  0  5 -2 -1 -4 -4  0 -3 -4 -2 -1 -2 -5 -4 -4    1   0   9  36   0   0  52   1   0   0   0   1   0   0   0   0   0   0   0   0  0.91 0.20
   67 Y   -3 -2 -3 -4 -4 -2 -3 -4  4 -2  1 -3 -1  1 -2 -3 -3  0  8 -2    0   1   0   0   0   1   0   0  10   1  17   0   0   0   2   0   0   0  68   0  1.13 0.25
   68 G   -1 -4 -1 -3 -4 -3 -3  7 -3 -5 -5 -3 -4 -5 -3 -1 -3 -4 -4 -5    1   0   1   0   0   0   0  97   0   0   0   0   0   0   0   1   0   0   0   0  1.60 0.26
   69 L   -2 -3 -5 -5 -2 -3 -4 -5 -4  1  5 -4  1  0 -4 -4 -2 -3 -2  1    0   0   0   0   0   0   0   0   0   4  88   0   1   2   0   0   0   0   0   5  0.87 0.20
   70 T   -1 -2  0 -2 -2 -2 -2 -2 -3 -1 -3 -2 -1 -3 -2  2  6 -4 -3 -1    0   0   3   0   0   0   0   0   0   2   0   1   1   0   0  15  78   0   0   0  0.89 0.24
   71 F   -3 -4 -4 -5 -3 -4 -5 -5 -3  0  1 -4 -1  8 -5 -4 -3 -1  1 -1    0   0   0   0   0   0   0   0   0   2  14   0   0  81   0   0   0   0   0   3  1.29 0.25
   72 T   -1 -1  2 -2 -2 -1 -1 -2 -2 -2 -3  1 -2 -3 -2  2  5 -4 -3 -1    1   0  10   0   0   0   0   0   0   1   0  10   0   0   0  19  57   0   0   2  0.59 0.18
   73 E   -2 -1 -1  0 -5  5  6 -3 -1 -4 -4  0 -3 -5 -2 -1 -2 -4 -3 -4    0   0   0   2   0  30  68   0   0   0   0   0   0   0   0   0   0   0   0   0  1.12 0.25
   74 K   -2  1 -1 -2 -5  0 -1 -3 -2 -4 -4  7 -3 -5 -2 -2 -2 -5 -3 -4    0   0   1   0   0   0   0   0   0   0   0  99   0   0   0   0   0   0   0   0  1.33 0.30
   75 W   -5 -3 -6 -6 -4 -4 -5 -5 -4 -5 -4 -5 -3 -1 -6 -5 -5 12  0 -5    0   2   0   0   0   0   0   0   0   0   0   0   0   0   0   0   0  98   0   0  3.72 0.45
   76 N   -3 -2  7  0 -4 -1 -2 -2 -1 -3 -4 -2 -3 -4 -3  0  1 -5 -3 -4    0   0  84   1   0   0   0   0   0   2   0   0   0   0   0   1  11   0   0   0  1.27 0.27
   77 T   -1 -3 -1 -2 -2 -2 -2 -3 -3 -2 -3 -2 -2 -4 -3  1  7 -4 -3 -2    0   0   0   0   0   0   0   0   0   0   0   0   0   0   0   4  96   0   0   0  1.25 0.30
   78 D   -3 -3  1  7 -5 -1  1 -3 -2 -5 -5 -2 -4 -5 -3 -1 -2 -6 -4 -5    0   0   3  90   0   0   5   0   0   0   0   0   0   0   0   2   0   0   0   0  1.52 0.27
   79 N   -3 -2  8  0 -4 -2 -2 -2 -1 -5 -5 -2 -4 -5 -4 -1 -2 -5 -4 -5    0   0 100   0   0   0   0   0   0   0   0   0   0   0   0   0   0   0   0   0  1.73 0.33
   80 T   -1 -3 -1 -3 -2 -2 -2 -3 -3  0 -1 -2  0 -3 -3  0  6 -4 -3  1    0   0   2   0   0   0   0   0   0   4   1   0   2   0   0   0  79   0   0  12  0.84 0.24
   81 L   -3 -3 -5 -5 -3 -3 -4 -5 -4  1  6 -4  1 -1 -4 -4 -2 -3 -2  0    0   0   0   0   0   0   0   0   0   1  99   0   0   0   0   0   0   0   0   0  1.05 0.24
   82 G    2 -2  0 -2 -2 -2 -2  4 -2 -3 -3 -2 -2 -1 -2  1  1 -3 -3 -1   21   0   4   0   0   0   0  44   0   0   0   0   0   4   0  11  13   0   0   3  0.49 0.12
   83 T   -1 -2  0 -2 -2 -2 -2 -3 -3 -2 -2 -2 -1 -3 -2  1  6 -4 -3 -1    2   0   3   0   0   0   0   0   0   0   0   0   2   0   0   4  87   0   0   3  1.02 0.26
   84 E   -2 -2 -1  4 -5  1  6 -3 -1 -5 -4 -1 -2 -5 -2 -1 -2 -4 -4 -4    0   0   1  20   0   1  77   0   0   0   0   0   1   0   0   0   0   0   0   0  1.14 0.24
   85 I   -1 -4 -4 -4 -2 -4 -4 -4 -4  5  1 -4  0 -1 -4 -3 -1 -4 -2  4    3   0   0   0   0   0   0   0   0  59   3   0   1   1   0   0   0   0   0  31  0.69 0.18
   86 T    2 -2 -1 -2  2 -2 -2 -2 -3 -2 -3 -1 -2 -3 -2  3  5 -4 -3 -1   15   0   0   0   5   0   0   0   0   1   0   2   0   0   0  24  53   0   0   0  0.60 0.18
   87 V   -1 -3 -4 -4 -1 -3 -3 -4 -4  4  2 -3  3 -1 -3 -2 -1  0 -2  3    2   0   0   0   1   0   0   0   0  31  15   0  12   1   0   1   0   1   0  35  0.48 0.13
   88 E    0 -1 -1  1 -2  3  6 -3 -1 -4 -4  0 -3 -4 -2 -1 -2 -4 -3 -3    7   0   0   2   1  12  77   0   0   0   0   1   0   0   0   0   0   0   0   0  1.01 0.23
   89 D   -3 -3  2  7 -5 -2  0 -3 -2 -5 -5 -2 -4 -5 -3 -1 -2 -6 -4 -5    0   0  11  87   0   0   1   0   0   0   0   0   0   0   0   1   0   0   0   0  1.48 0.27
   90 Q   -2  0 -1 -2 -4  6  0 -3 -1 -4 -4  4 -2 -4 -2 -1 -2 -3 -1 -3    0   0   0   0   0  65   0   0   0   0   0  30   0   0   0   0   0   0   2   0  1.04 0.25
   91 L   -2 -3 -4 -4 -1 -3 -4 -3 -4  3  4 -3  1  0 -2 -3 -2 -3 -2  1    0   0   0   0   1   0   0   1   0  24  65   0   1   2   2   0   0   0   0   4  0.61 0.15
   92 A    4 -3 -3 -3  2 -2 -2 -1 -3  0  1 -2  0 -2 -2  0  1 -3 -2  1   60   0   0   0   5   0   0   1   0   2  13   0   2   0   0   2   8   0   0   8  0.39 0.14
   93 R    0  2 -1 -1 -4  3  2 -2  0 -3 -3  4 -2 -4 -2  0  0 -4 -2 -2    5  11   1   1   0  14  17   1   2   0   0  40   0   0   0   1   7   0   0   1  0.46 0.13
   94 G   -1 -3 -2 -3 -4 -3 -3  7 -3 -5 -5 -3 -4 -5 -4 -1 -3 -4 -4 -4    0   1   0   0   0   0   0  97   0   0   0   0   0   0   0   1   0   0   0   1  1.59 0.26
   95 L   -3 -2 -4 -5 -2 -3 -4 -5 -4  1  5 -3  2  0 -4 -3 -2  0 -2  0    0   1   0   0   0   0   0   0   0   0  91   0   2   1   0   1   0   1   0   3  0.88 0.21
   96 K   -2  1 -1 -1 -4  0  0 -3 -2 -4 -3  6 -3 -4 -2 -1  0 -4 -3 -3    0   0   0   2   0   0   1   0   0   0   1  89   0   0   0   2   5   0   0   0  1.05 0.26
   97 L   -2 -3 -3 -4 -2 -3 -3 -4 -4  2  4 -3  2  0 -4 -3 -2 -3 -2  2    0   0   1   0   0   0   1   1   0   7  68   0   3   1   0   0   0   0   0  18  0.59 0.15
   98 T    1 -2  0 -1 -2 -1 -1  3 -2 -2 -3 -1 -2 -3 -2  1  4 -3 -3 -1   14   0   2   2   0   2   4  24   0   0   0   0   0   0   0  11  41   0   0   2  0.41 0.13
   99 F   -2 -3 -4 -4 -3 -3 -4 -4 -1  0  3 -4  1  6 -4 -3 -2 -1  3  0    2   0   0   0   0   0   0   0   1   1  39   0   1  45   0   1   1   0   7   3  0.69 0.16
  100 D   -2 -2  1  6  0 -1  2 -2 -1 -3 -4 -1 -4 -4 -3  0 -2 -5 -4 -3    0   0   4  67   3   0  15   1   1   1   1   0   0   0   0   6   0   0   0   1  0.95 0.20
  101 S    1 -2 -1 -2  3 -2 -2  1 -3 -2 -2 -2 -2 -3 -2  2  5 -3 -3 -1    8   1   1   0   7   0   0  11   0   0   2   0   0   0   0  19  51   0   0   0  0.50 0.16
  102 S    0 -1  0 -1 -2 -1 -1 -2 -2 -1 -1 -1  1 -3 -2  4  4 -4 -3 -1    0   1   4   1   0   2   0   0   0   3   3   0   6   0   0  46  33   0   0   1  0.47 0.17
  103 F   -4 -4 -5 -5 -3 -5 -5 -5 -3 -1  0 -5 -1  8 -5 -4 -4  0  2 -2    0   0   0   0   0   0   0   0   0   0   4   0   0  94   0   0   0   0   1   0  1.66 0.30
  104 S    3 -2 -2 -2 -2 -2 -1 -2 -3  0 -1 -1 -1 -3 -2  3  0 -4 -2  3   27   0   0   0   0   0   1   0   0   1   1   2   1   0   0  36   0   0   0  32  0.35 0.15
  105 P   -2 -4 -3 -3 -2 -3 -3 -4 -4 -4 -4 -3 -4 -5  8 -1 -2 -5 -4 -4    0   0   0   0   1   0   0   0   0   0   0   0   0   0  95   3   0   0   0   0  2.45 0.32
  106 N   -2  0  6  0 -4  4  0 -2  2 -4 -4 -1 -3 -4 -2  0 -1 -4 -3 -3    0   2  54   2   0  32   0   1   4   0   0   0   0   0   1   4   0   0   0   2  0.84 0.21
  107 T   -1 -3 -1 -2 -2 -2 -2 -3 -3 -2 -3 -2 -2 -4 -2  1  7 -4 -3 -2    1   0   0   1   0   0   0   0   0   0   0   0   0   0   0   7  90   0   0   0  1.13 0.28
  108 G   -1 -3 -2 -3 -2 -3 -3  7 -3 -5 -5 -2 -4 -5 -4 -2 -3 -4 -4 -5    0   1   0   0   1   0   0  96   0   0   0   1   0   0   0   0   0   0   0   0  1.58 0.26
  109 K   -2  1  1 -1 -4  0  0 -2 -2 -4 -4  6 -2 -4 -2  1  0 -4 -3 -3    0   0   5   2   0   1   1   1   0   0   0  74   0   0   0  11   4   0   0   0  0.77 0.21
  110 K   -2  2 -2 -2 -5  0 -1 -2 -2 -4 -4  7 -3 -5 -2 -2 -2 -4 -3 -4    0   4   0   0   0   0   0   2   0   0   0  95   0   0   0   0   0   0   0   0  1.23 0.28
  111 N    0 -2  2 -1 -2 -1 -1 -1 -2 -3 -3 -1 -2 -4 -2  5  3 -4 -3 -2    0   0  12   0   0   0   0   2   0   0   0   1   0   0   0  63  22   0   0   0  0.69 0.20
  112 A    2 -3 -2 -3 -3 -3 -3  6 -3 -4 -3 -2 -3 -4 -3 -1 -2 -4 -4 -3   23   0   0   0   0   0   0  75   0   0   2   0   0   0   0   0   0   0   0   0  1.13 0.21
  113 K   -1  2 -1 -2 -2  1  0 -3 -1 -2 -3  6 -2 -4 -2 -1 -1 -4 -3 -2    3   4   1   0   1   2   0   0   1   2   0  81   0   0   0   0   1   0   0   3  0.86 0.23
  114 I   -2 -3 -4 -4 -2 -3 -4 -4 -4  4  4 -3  1  1 -4 -3 -2 -3 -2  2    2   0   0   0   0   0   0   0   0  30  51   0   0   4   0   0   0   0   0  13  0.56 0.14
  115 K   -2  1 -2 -2 -5  0 -1 -3 -2 -4 -4  7 -3 -5 -2 -2 -2 -5 -3 -4    0   0   0   0   0   0   0   0   0   0   0 100   0   0   0   0   0   0   0   0  1.36 0.30
  116 T    1 -2 -1 -2 -2 -2 -2 -2 -3 -2 -3 -2 -2 -3 -2  3  5 -4 -3 -1   13   0   0   0   0   0   0   1   0   0   0   0   0   0   0  22  62   0   0   2  0.70 0.20
  117 G    3 -2 -1 -2 -2 -1  0  3 -2 -3 -3 -1 -2 -3 -2  2  1 -3 -3 -2   35   0   1   0   0   1   5  28   0   0   0   0   0   0   0  22   9   0   0   0  0.45 0.13
  118 Y   -3 -3 -4 -5 -4 -3 -4 -5  0 -3 -2 -4 -2  4 -5 -3 -3  1  9 -3    0   0   0   0   0   0   0   0   0   0   0   0   0  12   0   0   0   0  88   0  1.81 0.32
  119 K   -1  2 -1 -2 -4  1  0 -2 -2 -4 -4  6 -3 -4 -2 -1 -1 -4 -3 -3    3   4   0   0   0   2   0   2   0   0   0  84   0   0   0   2   1   0   0   1  0.96 0.24
  120 R   -2  5  2 -2  1  1 -1 -3  4 -3 -2  0  1 -2 -3 -1 -1  2 -2 -3    1  54  11   0   4   4   0   0  12   0   1   0   5   1   0   0   3   3   0   1  0.61 0.17
  121 E   -2 -2  1  5 -5  1  4 -3  0 -4 -4  0 -4 -4 -1 -1 -2 -5 -4 -4    0   0   4  48   0   2  40   0   1   0   0   3   0   0   1   0   0   0   0   0  0.94 0.19
  122 H   -2 -1  2 -2  3 -1 -2 -3  5 -2 -2 -2 -1  2 -3 -1  0 -1  5 -2    2   1  16   0  10   1   0   0  22   1   1   1   1   7   0   1   5   0  31   1  0.55 0.16
  123 I   -1 -3 -4 -4 -1 -3 -4 -4 -3  4  1 -3  3  2 -3 -3 -1 -3 -1  3    2   0   0   0   1   0   0   0   0  31  11   0  10  10   0   0   1   0   0  35  0.45 0.13
  124 N    0 -1  6  0 -3 -1 -1 -2  4 -4 -4 -1 -3 -4 -3  2 -1 -4 -2 -3    9   1  58   0   0   0   0   0  12   0   0   2   0   0   0  16   1   0   0   0  0.78 0.20
  125 L    0 -3 -4 -4  0 -3 -3 -2 -3  2  3 -3  1  0 -3 -2 -1 -3 -2  3    9   0   0   0   1   0   0   3   0   7  49   0   1   2   0   0   1   0   0  26  0.38 0.11
  126 G   -1 -2  4  0 -3 -2 -2  5 -2 -4 -4 -2 -3 -4 -3  0  0 -4 -4 -4    3   0  29   3   0   0   0  55   0   0   0   0   0   0   0   2   8   0   0   0  0.83 0.17
  127 C    1 -4 -3 -4  9 -3 -3 -2 -3 -1 -1 -3 -1 -3 -3  1  1 -3 -2  0   13   0   0   0  54   0   0   2   0   1   4   0   1   0   0   9  10   0   1   4  0.97 0.20
  128 D   -3 -3  3  7 -5 -1  0 -3 -2 -4 -5 -2 -4 -5 -3 -1 -2 -6 -4 -4    0   0  12  84   0   0   1   0   0   1   0   0   0   0   0   1   0   0   0   0  1.40 0.26
  129 V   -1 -3 -4 -4 -2 -3 -3 -4 -3  2  2 -3  2  1 -3 -2  0 -3 -1  4    3   0   0   0   0   0   0   0   0   9  17   0   8   7   0   2   3   0   0  52  0.43 0.13
  130 D   -3 -3  1  7 -5 -2  0 -3 -2 -5 -5 -2 -4 -5 -3 -1 -2 -6 -4 -4    1   0   5  91   0   0   1   0   0   0   0   0   0   0   0   0   2   0   0   0  1.52 0.27
  131 F   -3 -4 -4 -5 -3 -4 -4 -4 -3  2  3 -4  0  6 -4 -3 -2 -1  2  0    0   0   0   0   0   0   0   0   0  11  34   0   0  48   0   0   0   0   3   4  0.74 0.17
  132 D   -2 -2  1  6 -4 -1  1 -1 -2 -4 -4 -1 -4 -4 -2  1 -2 -5 -4 -3    0   0   5  72   0   0   6   4   0   0   0   2   0   0   0   9   0   0   0   2  1.00 0.20
  133 I   -2 -1 -3 -3 -2 -2 -3 -3 -2  2  2 -1  2  5 -1 -2 -1 -1  0  0    2   4   0   0   0   0   0   1   0  16  25   3   5  35   3   1   2   0   0   1  0.34 0.10
  134 A    4 -2  0 -2 -2 -1 -1  1 -2 -2 -2 -1 -2 -3 -1  2  0 -3 -3 -1   63   0   5   0   0   1   2   6   0   0   2   2   0   0   1  14   2   0   0   0  0.47 0.15
  135 G    0 -3 -2 -3 -4 -3 -3  7 -3 -5 -5 -3 -4 -4 -3 -1 -3 -4 -4 -4    6   1   0   0   0   0   0  92   0   0   0   0   0   0   0   0   0   0   0   0  1.48 0.25
  136 P   -2 -4 -3 -3 -4 -3 -3 -4 -2 -3 -4 -3 -4 -5  8 -2 -1 -5 -4 -4    0   0   0   0   0   0   0   0   1   1   1   0   0   0  93   1   2   0   0   0  2.35 0.31
  137 S    1 -2 -1 -2 -2 -1 -2 -2 -3  1  1 -1 -1 -2 -2  1  4 -3 -2  1    9   0   1   0   0   1   0   0   0  10  14   1   0   0   0  11  44   0   0   8  0.32 0.12
  138 I   -2 -4 -4 -4 -2 -4 -4 -5 -4  5  1 -4  0 -1 -4 -3 -1 -4 -2  4    1   0   0   0   0   0   0   0   0  49   5   0   0   1   0   0   0   0   0  43  0.71 0.18
  139 R   -3  2  2  0 -3  1 -1 -3  7 -4 -2 -1 -2 -1 -3 -2 -2  0  3 -4    0  12  12   5   0   6   0   0  49   0   3   1   0   1   0   0   0   1  10   0  0.79 0.19
  140 G    3 -2 -2 -2  0 -2 -2  5 -3 -3 -3 -2 -2 -3 -2  1 -1 -3 -3 -1   34   2   0   0   1   0   0  50   0   0   1   0   0   0   0   6   3   0   0   3  0.65 0.15
  141 A    4 -2 -2 -2 -1 -2 -2 -1 -3 -3 -3 -2 -2 -3 -2  3  0  5 -2 -2   56   0   1   0   1   0   0   1   0   0   0   0   0   0   0  24   5  11   0   0  0.61 0.18
  142 L    5 -3 -2 -3  0 -2 -2  1 -3 -1  0 -2 -1 -2 -2  0  0 -3 -3  0   69   0   0   0   1   0   0   7   0   0   9   0   1   1   0   0   5   0   0   6  0.49 0.16
  143 V   -1 -4 -4 -4 -2 -3 -4 -4 -4  1  0 -4 -1 -2 -4 -3 -1 -4 -3  6    2   0   0   0   0   0   0   0   0   0   0   0   0   0   0   0   1   0   0  96  1.02 0.26
  144 L   -1 -3 -4 -4 -1 -3 -4 -3 -4  1  4 -3  1  2 -4 -3 -2 -2 -1  2    5   0   0   0   1   0   0   1   0   3  63   0   1   8   0   0   0   0   0  18  0.52 0.14
  145 G    1 -3  0 -2 -3 -2 -3  6  1 -4 -4 -1 -3 -4 -3 -1 -2 -4 -3 -2    9   0   2   0   0   0   0  77   5   0   0   2   0   0   0   2   0   0   0   3  1.05 0.19
  146 Y   -3 -3 -4 -5 -1 -3 -4 -5  2 -2 -1 -3 -2  3 -4 -3 -3  1  8 -2    0   0   0   0   1   0   0   0   4   2   3   0   0  11   0   0   0   0  79   0  1.48 0.28
  147 E   -2 -1  1  1 -4  3  5 -3  1 -4 -3  1 -2 -4 -2  0 -1 -4 -3 -3    0   0   5   2   0  19  56   0   3   0   1   6   1   0   0   6   1   0   0   0  0.71 0.17
  148 G   -1 -4 -1 -3 -4 -3 -3  7 -3 -5 -5 -3 -4 -5 -3 -1 -3 -4 -4 -5    0   0   2   0   0   0   0  95   0   0   0   0   0   0   0   3   0   0   0   0  1.56 0.25
  149 W   -5 -5 -6 -6 -4 -4 -5 -5 -4 -4 -2 -5 -3 -1 -6 -5 -4 12  0 -5    0   0   0   0   0   0   0   0   0   0   4   0   0   0   0   0   0  96   0   0  3.59 0.44
  150 L   -3 -3 -4 -5 -2 -3 -4 -5 -2  1  5 -4  2 -1 -4 -4 -2 -3 -2  1    0   0   0   0   0   0   0   0   1   1  91   0   2   0   0   0   0   0   0   4  0.89 0.21
  151 A    5 -3 -3 -3 -2 -2 -2  1 -3 -2 -2 -2 -2 -3 -2  0 -1 -4 -3  0   79   0   0   0   0   0   0   9   0   0   1   0   0   0   0   1   1   0   0   8  0.68 0.20
  152 G   -1 -4 -2 -3 -4 -3 -4  7 -3 -5 -5 -3 -4 -5 -4 -2 -3 -4 -5 -5    1   0   0   0   0   0   0  99   0   0   0   0   0   0   0   0   0   0   0   0  1.69 0.27
  153 Y   -1 -3 -4 -4  2 -3 -4 -2  0 -2 -2 -3 -2  2 -4 -3 -3  0  8 -1    6   0   0   0   5   0   0   2   0   1   0   0   0   2   0   0   0   0  81   2  1.40 0.28
  154 Q   -2 -1 -1 -2 -5  8  0 -3  1 -4 -4  0 -2 -3 -3 -1 -2 -4 -3 -4    0   0   1   0   0  93   0   0   3   0   0   0   0   1   0   2   0   0   0   0  1.49 0.33
  155 M    0 -3 -3 -4 -2 -2 -3 -1 -3  0  1 -2  7  0 -3 -1  1 -3 -2  0    8   0   0   0   0   0   0   4   0   2   5   0  58   3   0   3  13   0   0   5  0.64 0.21
  156 N    3 -1  1 -1  0  0 -1  0 -2 -2 -2 -1 -2 -3 -2  3  2 -3 -2 -1   33   1   9   0   1   5   0   2   0   0   2   2   0   0   0  29  14   0   0   2  0.33 0.12
  157 F   -4 -4 -4 -5 -4 -4 -5 -5 -2 -1 -1 -4 -1  8 -5 -4 -3  0  4 -2    0   0   0   0   0   0   0   0   0   2   0   0   0  85   0   0   0   0  13   0  1.55 0.28
  158 E   -3 -3  0  7 -5 -1  3 -3 -2 -5 -5 -2 -4 -5 -3 -1 -2 -5 -4 -4    0   0   1  81   0   0  18   0   0   0   0   0   0   0   0   0   0   0   0   0  1.39 0.25
  159 T    0 -2 -1 -2 -2 -2 -2 -2 -3  0 -2 -2 -1 -3 -2  3  5 -4 -3 -1    6   0   0   0   0   0   0   0   0   4   0   0   1   0   0  21  66   0   0   1  0.72 0.21
  160 A    4 -1  0 -2 -2  3 -1  0 -2 -3 -3 -1 -2 -3 -2  2  1 -3 -3 -2   51   0   4   0   0  19   0   3   0   0   0   2   0   0   0  13   7   0   0   0  0.42 0.14
  161 K   -2  2  1 -2 -4  0  0 -3 -1 -4 -4  6 -3 -4 -2 -1 -2 -4 -3 -4    0   8   6   0   0   1   1   0   1   0   0  83   0   0   0   0   1   0   0   0  1.02 0.24
  162 S    0 -2  2 -1 -2 -1 -1 -1 -1 -4 -4 -1 -3 -3 -2  5  1 -4  0 -3    3   0   9   0   0   0   0   1   1   0   0   1   0   0   0  80   3   0   3   0  0.79 0.23
  163 R   -2  3 -1 -2 -4  0  0 -3 -2 -4 -3  6 -1 -4 -2 -1 -1 -4 -3 -3    1  16   0   0   0   1   0   0   0   0   0  77   1   0   0   1   2   0   0   0  0.94 0.23
  164 V   -2 -3 -4 -4 -2 -3 -4 -4 -4  2  4 -3  3  1 -1 -3 -1 -3 -2  2    0   0   0   0   0   0   0   0   0   9  60   0   9   4   2   0   2   0   0  14  0.53 0.14
  165 T    1 -2 -1 -2 -1 -2 -2 -2 -3  0 -2 -1 -2 -3 -2  2  5 -4 -3  0   10   0   0   0   1   0   0   0   0   4   0   3   0   0   0  21  56   0   0   5  0.55 0.17
  166 Q   -1  2 -1 -2 -4  5  0 -2  1 -4 -3  4 -2 -4 -2 -1 -1 -4 -2 -3    4  11   0   0   0  41   0   2   4   0   0  36   0   0   0   0   2   0   0   0  0.70 0.19
  167 S   -1 -1  6  0 -1 -1 -1 -2  1 -4 -4 -1 -3 -3 -3  2  0 -4  0 -3    1   1  65   0   1   0   0   0   2   0   0   0   0   0   0  22   2   0   4   0  0.87 0.22
  168 N   -3 -2  8  0 -4 -1 -2 -2 -1 -5 -5 -2 -4 -5 -4  0 -1 -5 -4 -4    0   0  96   0   0   0   0   0   0   0   0   0   0   0   0   2   2   0   0   0  1.60 0.31
  169 F   -4 -4 -5 -5 -4 -5 -5 -5 -3 -1 -1 -5 -1  8 -5 -4 -4  3  2 -1    0   0   0   0   0   0   0   0   0   1   1   0   0  93   0   0   0   3   0   3  1.63 0.29
  170 A    6 -3 -2 -3 -2 -2 -2  0 -3 -3 -3 -2 -2 -4 -2  1 -1 -4 -3 -1   88   0   0   0   0   0   0   2   0   0   0   0   0   0   0   9   2   0   0   0  0.87 0.23
  171 V   -1 -3 -4 -4 -2 -3 -4 -4 -4  2  4 -3  1  1 -2 -3 -2 -3 -1  3    2   0   0   0   0   0   0   0   0   5  49   0   0   8   2   0   0   0   0  34  0.49 0.14
  172 G   -1 -4 -2 -3 -1 -3 -4  7 -3 -5 -5 -3 -4 -5 -4 -2 -3 -4 -5 -5    1   0   0   0   1   0   0  98   0   0   0   0   0   0   0   0   0   0   0   0  1.64 0.26
  173 Y   -3 -3 -4 -5 -2 -3 -4 -5  0 -3 -2 -4 -2  4 -5 -3 -3  1  8 -3    0   0   0   0   1   0   0   0   0   0   1   0   0  14   0   0   0   0  85   0  1.73 0.31
  174 K    0  2  0 -1 -3  2  1 -2 -1 -3 -3  4 -2 -4 -2  1  2 -4 -3 -3    4  10   3   0   0  11   4   0   0   0   0  44   0   0   0  10  14   0   0   0  0.45 0.13
  175 T    3 -2 -1 -2 -2 -2 -2  1 -2 -2 -3 -1 -2 -3 -2  1  4 -4 -3 -1   43   0   2   0   0   0   0   9   0   0   0   2   0   0   0   9  36   0   0   0  0.49 0.16
  176 D    1 -2  0  2 -3 -1  0  4 -2 -4 -4  0 -3 -3 -1  1 -1 -4 -2 -3   11   0   2  18   0   0   2  38   0   0   0   9   0   0   2  17   1   0   1   0  0.44 0.11
  177 E   -3 -3  0  7 -5 -1  2 -3 -2 -5 -5 -2 -4 -5 -3 -2 -2 -6 -4 -5    0   0   0  86   0   0  14   0   0   0   0   0   0   0   0   0   0   0   0   0  1.47 0.27
  178 F   -4 -4 -5 -5 -4 -5 -5 -5 -3 -2  0 -5 -1  8 -5 -4 -4 -1  2 -2    0   0   0   0   0   0   0   0   0   0   3   0   0  97   0   0   0   0   0   0  1.73 0.31
  179 Q    0 -1  0 -2 -3  6  0 -2  1  0 -2  0 -1 -4 -3 -1  0 -3 -2  0    8   0   3   0   0  60   0   2   4   6   0   0   0   0   0   2   7   0   0   9  0.58 0.20
  180 L   -2 -3 -4 -5 -2 -3 -4 -5 -4  1  5 -4  1  1 -4 -3 -2 -3 -2  1    2   0   0   0   0   0   0   0   0   5  80   0   0   5   0   0   0   0   0   9  0.73 0.18
  181 H   -3 -2 -1 -3 -5 -1 -2 -4 10 -5 -3 -2 -3 -3 -4 -2 -2 -4  0 -5    0   0   0   0   0   0   0   0  96   0   2   0   0   0   0   1   2   0   0   0  2.18 0.37
  182 T    0 -3 -1 -2 -2 -2 -2 -3 -3 -2 -3 -2 -2 -4 -2  1  6 -4 -3 -1    6   0   0   0   0   0   0   0   0   0   0   0   0   0   0   3  89   0   0   0  1.07 0.27
  183 N    0 -2  6  0  0 -1 -1 -2  4 -4 -4 -1 -3 -2 -3  1  0 -4 -1 -3    9   0  60   0   3   0   0   0  12   0   0   0   0   1   0  10   4   0   2   0  0.76 0.20
  184 V   -1 -4 -4 -5 -2 -3 -4 -4 -4  2  0 -4  1 -2 -4 -3 -1 -4 -2  6    2   0   0   0   0   0   0   0   0   4   2   0   3   0   0   0   0   0   0  90  0.93 0.24
  185 N   -3 -2  7  2 -4 -1 -1 -2 -1 -5 -5 -1 -4 -4 -3  0 -1 -5 -4 -4    0   0  80  12   0   0   2   0   0   0   0   2   0   0   0   3   2   0   0   0  1.23 0.26
  186 D   -3 -3  3  7 -5 -1  1 -2 -2 -4 -5 -2 -1 -5 -3 -1 -2 -5 -4 -4    0   0  16  78   0   0   4   0   0   0   0   0   3   0   0   0   0   0   0   0  1.27 0.24
  187 G    0 -3 -2 -2 -4 -3 -2  6 -3 -5 -5 -3 -4 -4 -3 -1 -3 -4 -4 -4    6   0   0   0   0   0   2  90   0   0   0   0   0   0   0   2   0   0   0   0  1.40 0.23
  188 T    0  1 -1 -2 -1  3  0 -2 -2 -2 -3  1 -2 -3 -2  2  4 -3 -3 -2    6   7   0   0   1  19   3   0   0   0   0   5   0   0   0  17  42   0   0   0  0.44 0.15
  189 E   -2  0 -1  2 -5  1  6 -3 -1 -5 -4  0 -3 -5 -2 -1 -2 -4 -3 -4    0   2   1   9   0   0  86   0   0   0   0   1   0   0   0   0   0   0   0   0  1.20 0.26
  190 F   -4 -4 -4 -5 -4 -5 -5 -5 -2 -2 -1 -5 -1  8 -5 -3 -4  0  3 -2    0   0   0   0   0   0   0   0   0   0   0   0   0  94   0   1   0   0   5   0  1.68 0.30
  191 G    0 -3  0 -2  1 -2 -2  6 -3 -4 -4 -2 -3 -4 -3  1 -1 -4 -4 -3    6   0   2   0   3   1   0  74   0   0   0   0   0   0   0   9   3   0   0   1  1.00 0.19
  192 G    0 -3 -2 -3 -4 -1 -3  6 -3 -5 -5 -3 -4 -4 -3 -1 -3 -4 -4 -4    5   0   0   0   0   3   0  90   0   0   0   0   0   0   0   3   0   0   0   0  1.39 0.23
  193 S    1 -2 -1 -2 -2 -1 -1 -2 -2 -3 -3 -1 -3 -3 -1  6  0 -4 -2 -3    4   0   0   0   0   0   0   0   0   0   2   0   0   0   2  90   0   0   1   0  0.93 0.25
  194 I   -2 -4 -4 -4 -2 -4 -4 -5 -4  6  1 -4  0 -1 -4 -3 -2 -4 -2  2    0   0   0   0   0   0   0   0   0  84   4   0   0   0   0   0   0   0   0   9  0.94 0.22
  195 Y   -3 -3 -4 -5 -4 -3 -4 -5  2 -3 -2 -3 -2  3 -5 -3 -3  1  9 -2    0   0   0   0   0   0   0   0   2   0   0   0   0   5   0   0   0   0  90   3  1.78 0.32
  196 Q   -2 -1 -1 -1 -5  7  0 -3  5 -4 -4  0 -2 -4 -3 -2 -2 -4 -2 -4    0   0   0   3   0  80   0   0  17   0   0   0   0   0   0   0   0   0   0   0  1.33 0.30
  197 K   -2  2 -1 -2 -4  1  0 -3 -1 -4 -3  6 -3 -4 -2 -1 -2 -4 -3 -4    0   8   0   0   0   2   3   0   1   0   1  83   0   0   0   1   0   0   0   0  1.01 0.24
  198 V   -1 -4 -4 -4  1 -3 -4 -4 -4  3  0 -3  1 -2 -3 -3 -1 -4 -2  5    2   0   0   0   3   0   0   0   0  13   1   0   3   0   0   0   1   0   0  78  0.77 0.20
  199 N   -1 -1  6  1  0 -1 -1 -2 -1 -4 -4  1 -3 -4 -3  2  0 -5 -3 -3    1   2  60   3   3   0   0   0   0   0   0   7   0   0   0  22   3   0   0   0  0.79 0.20
  200 K   -2  0  1  4  0  0  2 -1 -2 -4 -4  2 -3 -4  4  0 -1 -4 -3 -3    0   3   6  35   3   0  10   2   0   0   0  16   0   0  20   4   0   0   0   0  0.59 0.13
  201 K   -1  1  3  2 -2  2  1  0 -1 -4 -4  4 -2 -4 -2  0 -1 -4 -3 -3    0   2  20  11   1   8   6   7   1   0   0  39   0   0   0   5   0   0   0   0  0.44 0.12
  202 L   -2 -3 -4 -5 -2 -3 -4 -5 -4  2  5 -4  1  0 -4 -3 -2 -3 -2  1    0   0   0   0   0   0   0   0   0   8  80   0   1   3   0   0   0   0   0   8  0.76 0.18
  203 E   -2 -1 -1  3 -5  1  6 -3 -1 -5 -4 -1 -3 -5 -2 -1 -2 -4 -3 -4    1   0   0  13   0   2  81   0   0   0   0   0   0   0   0   3   0   0   0   0  1.13 0.24
  204 T    1 -2 -1 -2  2 -2 -2  1 -3 -1 -2 -2  0 -3 -2  1  5 -4 -3  0    9   0   0   0   5   0   0  10   0   1   0   0   3   0   0   3  66   0   0   3  0.61 0.19
  205 A    4 -2 -2 -2 -2 -2 -1  3 -3 -3 -3 -2 -2 -3 -1  2 -1 -4 -3 -2   63   0   0   0   0   0   3  21   0   0   0   0   0   0   2  12   0   0   0   0  0.60 0.17
  206 V   -1 -4 -4 -4 -2 -3 -4 -4 -4  4  0 -3  0 -2 -4 -3 -1 -4 -2  5    3   0   0   0   0   0   0   0   0  25   0   0   0   0   0   0   0   0   0  72  0.80 0.20
  207 N   -2 -1  6  1 -3  3 -1 -2  0 -4 -3  0 -2 -4 -3  1  1 -4 -3 -3    0   0  51   3   0  18   0   0   2   0   3   1   0   0   0  13   9   0   0   0  0.66 0.18
  208 L   -3 -3 -5 -5 -2 -3 -4 -5 -4  1  5 -4  2 -1 -4 -4 -2 -3 -2  0    0   0   0   0   0   0   0   0   0   1  91   0   5   0   0   0   0   0   0   3  0.93 0.21
  209 A    5 -2  1 -2 -2 -1 -1 -1 -2 -3 -2  0 -2 -3 -2  2 -1 -4 -3 -2   69   1   9   0   0   0   1   1   0   0   3   4   0   0   0  13   0   0   0   0  0.55 0.18
  210 W   -4 -3 -6 -6 -1 -1 -5 -5 -4 -5 -4 -5 -3 -1 -6 -5 -4 12  0 -5    0   1   0   0   2   3   0   0   0   0   0   0   0   0   0   0   0  95   0   0  3.51 0.44
  211 T    0 -2  1 -2 -2 -2 -1 -2 -2 -2 -3 -2 -2 -2 -2  2  6 -4 -3 -1    5   0   8   0   0   0   3   0   0   0   0   0   0   1   0  13  69   0   0   1  0.71 0.21
  212 A    5 -2 -2 -2 -2 -2 -2 -1 -3 -3 -3 -2 -2 -3 -2  3  0 -4 -3 -1   71   0   0   0   0   0   0   0   0   0   0   0   0   0   0  26   2   0   0   1  0.73 0.21
  213 G   -1 -3 -1 -2 -4 -3 -3  7 -3 -5 -5 -3 -4 -4 -3  0 -2 -4 -4 -4    1   0   1   0   0   0   0  91   0   0   0   0   0   0   0   6   1   0   0   0  1.44 0.24
  214 N   -1 -2  4  0 -2 -1 -1 -1 -2 -3 -4 -1 -3 -4 -2  4  2 -4 -3 -3    0   0  24   1   0   1   0   1   0   0   0   1   0   0   0  58  13   0   0   0  0.67 0.19
  215 S   -1 -2  7  0 -3 -1 -2 -1 -1 -4 -4 -1 -3 -4 -3  2 -1 -5 -3 -2    3   0  73   0   0   0   0   2   0   0   0   0   0   0   0  19   0   0   0   3  1.03 0.24
  216 N    0 -2  5  1  0 -1  0 -1 -1 -2 -3 -1 -2 -3 -1  1  0 -4 -3 -1   11   0  50   6   3   1   3   3   0   0   0   0   0   0   3   8   3   0   0   7  0.46 0.14
  217 T   -1 -3 -1 -2 -2 -2 -2 -3 -3 -2 -3 -2 -2 -4 -3  0  7 -4 -3 -1    0   0   0   0   0   0   0   0   0   0   0   0   0   0   0   2  97   0   0   0  1.28 0.30
  218 R   -2  6  0 -2 -3  2 -1 -3  0 -3 -2  2 -2 -3 -3  0 -1 -3 -2 -3    2  64   2   0   0   8   0   0   2   0   5   8   0   0   0   6   2   0   0   0  0.74 0.17
  219 F   -3 -4 -4 -5 -4 -4 -4 -4 -3 -1  0 -4 -1  8 -5 -4 -3  0  2 -2    0   0   0   0   0   0   0   0   0   0   3   0   0  93   0   0   0   0   0   0  1.59 0.28
  220 G    0 -2 -1 -1 -3 -1 -1  6 -3 -4 -4 -2 -3 -4 -3 -1 -2 -3 -4 -4    5   1   2   1   0   3   3  80   0   0   0   0   0   0   0   2   0   0   0   0  1.09 0.19
  221 I   -2 -3 -4 -4 -2 -3 -4 -3 -4  5  2 -3  1 -1 -3 -3 -2 -3 -2  3    0   0   0   0   0   0   0   1   0  60  21   0   1   1   0   0   0   0   0  14  0.62 0.15
  222 A    4 -3 -2 -2 -2 -2 -2  5 -3 -2 -3 -2 -3 -3 -2  0 -2 -3 -3 -2   46   0   0   0   0   0   0  49   0   1   0   0   0   0   0   0   0   0   0   1  0.77 0.17
  223 A    4 -2 -2 -3  5 -2 -2  1 -3 -2 -2 -2 -2 -2 -2  0  1 -3 -3 -1   57   0   0   0  14   0   0   9   0   0   0   0   0   2   0   3  13   0   0   0  0.51 0.15
  224 K   -1  1 -1 -2 -4  0 -1 -3 -2 -3 -3  6 -2 -4 -2 -1 -1 -4 -3 -2    2   0   0   0   0   0   0   0   0   1   0  89   0   0   0   0   2   0   0   3  1.01 0.24
  225 Y   -3 -3 -3 -4 -4 -3 -3 -4  1 -3 -2 -3 -2  2 -4 -3 -3  1  9 -3    0   0   0   0   0   0   0   0   2   0   0   0   0   4   0   0   0   0  91   0  1.77 0.31
  226 Q    0  0  1  2 -3  5  1 -2  1 -2 -2  2  0 -3 -2  0  0 -3 -2 -2    5   1   8  12   0  40   1   0   3   1   3  14   2   0   0   2   4   0   0   1  0.39 0.13
  227 I   -2 -3 -4 -4 -2 -3 -4 -5 -4  3  5 -3  2  0 -3 -3 -2 -3 -2  1    0   0   0   0   0   0   0   0   0  16  72   0   3   1   1   0   0   0   0   6  0.68 0.16
  228 D   -3 -3  0  7 -5 -2  0 -2  0 -5 -5 -2 -4 -5 -3 -1 -2 -5 -4 -4    1   0   1  91   0   0   0   1   3   0   0   0   0   0   0   3   0   0   0   0  1.50 0.27
  229 P    0  1  1  1  2  1  0 -1  0 -3 -3  3 -2 -3  3  1 -1 -4 -2 -3    6   4   7   6   6   4   4   2   2   0   0  31   1   0  13  13   1   0   0   0  0.32 0.09
  230 D   -2  0  2  6 -4  0  1 -1 -1 -4 -4  0 -3 -4 -2  0  0 -5 -4 -4    1   5   7  63   0   3   3   2   0   0   0   5   0   0   0   4   5   0   0   0  0.81 0.17
  231 A    4 -2 -2 -2 -1  0 -2 -1 -2 -2 -2 -1 -2 -3 -2  2  3 -3 -3 -1   52   0   0   0   0   3   0   0   0   1   0   0   0   0   0  14  29   0   0   1  0.52 0.17
  232 C    1 -2 -1 -2  3 -1 -2 -2 -2 -3 -3 -1 -2 -3 -2  5  1  1 -1 -2    9   0   0   0   9   0   0   0   0   0   0   2   0   0   0  72   4   3   2   0  0.68 0.21
  233 F   -2 -3 -4 -4 -2 -3 -4 -4 -3  3  3 -3  1  2 -4 -3 -1 -2 -1  3    0   0   0   0   0   0   0   0   0  22  39   0   2  11   0   0   0   0   0  26  0.48 0.12
  234 S    0  4  0 -2 -3  0 -1 -2  1 -3 -3  0 -2 -3 -2  4  0 -4 -2 -1    1  30   4   0   0   3   0   0   5   0   0   1   0   0   0  52   0   0   0   4  0.53 0.17
  235 A    6 -3 -3 -3 -2 -2 -2  0 -3 -2 -2 -2 -2 -2 -2  0  0 -4 -3 -1   89   0   0   0   0   0   0   3   0   0   1   0   0   1   0   0   3   0   0   3  0.82 0.22
  236 K   -2  1 -2 -2 -4  0 -1 -3 -2 -4 -4  7 -3 -5 -2 -1 -2 -4 -3 -4    0   1   0   0   0   0   0   0   0   0   0  97   0   0   0   1   0   0   0   0  1.27 0.28
  237 V   -1 -4 -4 -4 -2 -3 -4 -4 -4  2  0 -3  0 -2 -3 -2 -1 -4 -2  6    2   0   0   0   0   0   0   1   0   8   1   0   0   0   0   1   0   0   0  86  0.85 0.22
  238 N   -3 -2  8  1 -4 -1 -2 -2 -1 -4 -5 -2 -3 -4 -3  0 -1 -5 -3 -4    0   0  91   3   0   0   0   0   0   1   0   0   0   0   0   1   2   0   0   0  1.43 0.28
  239 N   -3 -2  7  0 -4 -1 -2 -1 -1 -5 -5 -2 -3 -4 -3  1 -1 -5 -3 -4    0   0  89   0   0   0   0   1   0   0   0   0   0   0   0   9   0   0   0   0  1.39 0.28
  240 S    3 -1  1 -1 -1  1 -1 -1  0 -2 -2  0 -2 -3 -2  3  0 -3 -2 -1   35   0   6   0   0   5   0   0   3   0   2   5   0   0   0  36   4   0   0   3  0.34 0.12
  241 S    0 -2 -1 -2  2 -1 -2  1 -2 -3 -1 -2 -2 -3 -2  5  0 -4 -3 -2    2   0   0   0   5   0   0   8   0   0   8   0   0   0   0  76   1   0   0   0  0.65 0.21
  242 L   -2 -1 -2 -3 -3  4 -1 -4  1  0  4 -1  0 -1 -3 -2 -2 -3 -2  0    0   2   0   0   0  33   0   0   4   2  54   0   0   0   0   0   0   0   0   3  0.47 0.16
  243 I   -2 -4 -4 -4 -2 -3 -4 -4 -4  5  1 -3  0 -1 -3 -3 -1 -3 -2  4    0   0   0   0   0   0   0   0   0  60   6   0   0   0   0   0   0   0   0  31  0.70 0.17
  244 G   -1 -3 -2 -2 -4 -3 -3  7 -3 -5 -5 -3 -4 -4 -3 -1 -3 -4 -4 -4    0   0   0   0   0   0   0  97   0   0   0   0   0   0   0   0   0   0   0   0  1.57 0.24
  245 L   -2 -3 -4 -4 -2 -3 -4 -4 -4  2  4 -3  1  0 -4 -3 -2 -3 -2  2    0   0   0   0   0   0   0   0   0  12  63   0   2   2   0   0   0   0   0  20  0.59 0.14
  246 G    0 -3 -2 -2 -3 -3 -3  6 -3 -5 -5 -3 -4 -4 -3 -1 -3 -4 -4 -4    5   0   0   0   0   0   0  90   0   0   0   0   0   0   0   2   0   0   0   0  1.40 0.23
  247 Y   -3 -3 -3 -4 -1 -3 -3 -4  0 -2 -2 -3 -2  2 -4 -2 -3  1  9 -2    0   0   0   0   2   0   0   0   0   2   0   0   0   4   0   2   0   0  89   0  1.65 0.30
  248 T    0 -2 -1 -2 -2  3 -1 -3 -2 -2 -3 -1 -2 -3 -2  1  5 -3 -3 -2    3   0   0   0   0  22   0   0   0   0   0   0   0   0   0   7  66   0   0   0  0.73 0.21
  249 Q   -2  0 -1 -2 -4  7  0 -3  5 -4 -4  0 -2 -4 -3 -2 -1 -3 -2 -4    0   3   0   0   0  78   0   0  16   0   0   0   0   0   0   0   2   0   0   0  1.22 0.28
  250 T   -1  1 -1 -2  0  0  0 -2 -2 -2 -2  3 -2 -3 -2  1  4 -3 -2 -1    2   7   1   0   2   3   2   1   0   1   0  28   0   0   0   9  41   0   0   2  0.39 0.13
  251 L   -2 -3 -4 -5 -2 -3 -4 -5 -4  1  5 -3  2 -1 -4 -3 -2 -3 -2  0    0   0   0   0   0   0   0   0   0   4  90   0   2   0   0   0   0   0   0   2  0.87 0.20
  252 K   -2  7 -2 -3 -3  0 -1 -3  0 -4 -3  3 -3 -4 -3 -2 -2 -4 -3 -4    0  79   0   0   1   0   0   0   1   0   0  17   0   0   0   0   0   0   0   0  1.20 0.24
  253 P   -1 -2 -1  3 -4  0  1 -3 -3 -4 -4 -1 -3 -4  7 -1 -2 -5 -4 -3    2   0   1  22   0   3   7   0   0   0   0   2   0   0  59   2   1   0   0   0  1.30 0.20
  254 G   -1 -2 -2 -2 -4 -3 -3  7 -3 -5 -5 -3 -4 -4 -3 -1 -3 -4 -4 -4    0   2   0   0   0   0   0  96   0   0   0   0   0   0   0   0   0   0   0   0  1.54 0.24
  255 I   -1 -4 -4 -4 -2 -3 -4 -4 -4  4  0 -3  2 -2 -3 -3 -1 -4 -2  5    0   0   0   0   0   0   0   0   0  28   0   0   5   0   0   0   0   0   0  66  0.73 0.18
  256 K   -1  0  1 -2 -3  1  0 -3 -2 -3 -3  5 -2 -4 -2  0  3 -4 -3 -2    0   0   5   0   0   5   0   0   0   0   0  61   0   0   0   3  24   0   0   2  0.63 0.19
  257 L   -2 -3 -4 -5 -1 -3 -4 -5 -4  1  5 -3  1 -1 -4 -3 -2 -3 -2  1    2   0   0   0   1   0   0   0   0   4  83   0   1   0   0   0   0   0   0   9  0.75 0.18
  258 T   -1 -2 -1 -2 -2 -2 -2 -3 -3 -2 -2 -2 -2 -3 -2  1  6 -4 -2 -1    0   0   2   0   0   0   0   0   0   0   1   0   0   0   0   9  86   0   1   1  1.00 0.25
  259 L   -2 -3 -5 -5 -2 -3 -4 -5 -4  1  5 -3  1 -1 -2 -4 -2 -3 -2  0    0   0   0   0   0   0   0   0   0   1  93   1   1   0   1   0   0   0   0   3  0.88 0.20
  260 S    0 -2 -1 -2 -2 -1 -1 -2 -2 -4 -4 -2 -3 -4 -2  6  0 -4 -3 -3    1   0   0   0   0   0   0   0   0   0   0   0   0   0   0  99   0   0   0   0  1.13 0.28
  261 A    4 -2 -2 -2  0 -2 -2  1 -3 -2 -2 -2 -2 -3 -2  1  2 -4 -3 -1   60   0   0   0   1   0   0   9   0   0   0   0   0   0   0  10  19   0   0   2  0.51 0.16
  262 L   -1 -3  0 -4 -2 -2 -3 -4 -1  0  5 -3  3 -1 -4 -2 -2 -3 -2  0    5   0   6   0   0   1   0   0   2   0  74   0  11   0   0   1   0   0   0   0  0.57 0.16
  263 L   -2 -4 -4 -4 -1 -4 -4 -5 -4  5  2 -4  1 -1 -3 -3 -2 -3 -2  3    0   0   0   0   1   0   0   0   0  62  15   0   0   0   0   0   0   0   0  21  0.69 0.17
  264 D   -3 -3  1  7 -5 -1  1 -2 -2 -4 -4 -2 -4 -5 -3 -1 -2 -5 -2 -4    0   0   4  89   0   0   5   1   0   0   1   0   0   0   0   0   0   0   1   0  1.42 0.25
  265 G    0 -3 -2 -2 -4 -3 -3  6 -3 -5 -4 -2 -4 -4 -3 -1 -1 -2 -4 -4    5   0   0   0   0   0   0  89   0   0   1   1   0   0   0   1   3   1   0   0  1.34 0.22
  266 K   -2  1 -1 -2 -5  1  0 -3 -2 -4 -4  7 -3 -5 -2 -1 -2 -4 -3 -4    0   1   0   0   0   5   0   0   0   0   0  94   0   0   0   0   0   0   0   0  1.19 0.27
  267 N   -2 -2  7  0 -4 -1 -1 -2 -1 -4 -5 -1 -3 -4 -3  1 -1 -5 -3 -4    0   0  84   0   0   0   0   0   0   0   0   2   0   0   0  12   1   0   0   0  1.25 0.26
  268 V   -2 -4 -4 -4 -1 -4 -4 -3 -3  2  1 -4  0  6 -4 -3 -2 -1  1  2    0   0   0   0   1   0   0   1   0  18   8   0   0  55   0   0   0   0   0  16  0.72 0.17
  269 N   -2 -2  7  0 -4 -1 -2  1 -1 -4 -5 -1 -3 -4 -3  1 -1 -5 -3 -4    0   0  78   0   0   0   0   8   0   0   0   0   0   0   0  12   1   0   0   0  1.12 0.24
  270 A    4 -2 -1 -2 -2  2 -1  0 -2 -3 -3 -1 -2 -3 -2  2  1 -3 -3 -1   54   0   1   0   0  15   1   4   0   0   0   0   0   0   0  18   5   0   0   1  0.46 0.15
  271 G   -1 -4 -2 -3 -4 -3 -3  7 -3 -5 -5 -3 -4 -5 -4 -2 -3 -4 -4 -5    0   0   0   0   0   0   0 100   0   0   0   0   0   0   0   0   0   0   0   0  1.68 0.26
  272 G   -1 -4 -2 -3 -4 -3 -3  7 -3 -5 -5 -3 -4 -5 -3 -1 -3 -4 -4 -5    0   0   0   0   0   0   0  99   0   0   0   0   0   0   0   0   0   0   0   0  1.64 0.25
  273 H   -3 -2 -1 -3 -5 -1 -2 -4 10 -5 -5 -2 -3 -3 -4 -3 -3 -4  0 -5    0   0   0   0   0   0   0   0 100   0   0   0   0   0   0   0   0   0   0   0  2.29 0.36
  274 K   -2  1 -1 -2 -5  1  0 -3 -2 -4 -4  7 -3 -5 -2 -1 -2 -4 -3 -4    0   1   0   0   0   1   0   0   0   0   0  97   0   0   0   0   0   0   0   0  1.24 0.27
  275 L   -2 -3 -4 -4 -2 -3 -4 -4 -4  3  3 -3  1  0 -3 -3 -1 -3 -1  3    0   0   0   0   0   0   0   0   0  19  41   0   0   1   0   0   0   0   2  37  0.52 0.12
  276 G   -1 -4 -2 -3 -4 -3 -3  7 -3 -5 -5 -3 -4 -4 -3 -1 -3 -4 -4 -4    1   0   0   0   0   0   0  99   0   0   0   0   0   0   0   0   0   0   0   0  1.62 0.24
  277 L   -2 -3 -4 -4 -2 -3 -4 -4 -3  1  4 -3  4  1 -4 -3 -2 -2 -1  1    1   0   0   0   0   0   0   0   0   3  67   0  15   5   0   0   0   0   0   9  0.62 0.15
  278 G    3 -3 -2 -2 -3 -2 -3  6 -3 -4 -4 -2 -3 -4 -3  0 -2 -4 -4 -3   28   0   0   1   0   0   0  67   0   0   0   0   0   0   0   4   0   0   0   0  0.94 0.17
  279 L   -3 -3 -4 -5 -3 -3 -4 -5 -3  1  4 -4  1  5 -4 -3 -2 -1  0  0    0   0   0   0   0   0   0   0   0   2  62   0   0  34   0   0   0   0   0   2  0.74 0.17
  280 E   -2 -1  0  3 -5  1  6 -3 -1 -5 -4 -1 -3 -5 -2 -1 -2 -4 -3 -4    0   0   1  18   0   0  80   0   0   0   0   0   0   0   0   0   0   0   0   0  1.15 0.23
  281 F   -2 -3 -4 -5 -2 -3 -4 -5 -3  1  4 -3  2  4 -4 -3 -2 -2  0  1    0   0   0   0   0   0   0   0   0   0  71   0   3  20   0   0   0   0   0   5  0.69 0.16
  282 Q   -2 -1 -1  1 -5  3  6 -3 -1 -4 -4  0 -3 -4 -2  0 -2 -4 -3 -4    0   0   1   4   0  12  80   0   0   0   0   0   0   0   0   3   0   0   0   0  1.08 0.22
  283 A    6 -3 -3 -3 -1 -2 -2 -1 -3 -2 -3 -2 -2 -3 -2  0 -1 -4 -3 -1  100   0   0   0   0   0   0   0   0   0   0   0   0   0   0   0   0   0   0   0  0.94 0.21

                      K         Lambda
Standard Ungapped    0.1321     0.3132
Standard Gapped      0.0530     0.2670
PSI Ungapped         0.1727     0.3123
PSI Gapped           0.0530     0.2670
