
Last position-specific scoring matrix computed, weighted observed percentages rounded down, information per position, and relative weight of gapless real matches to pseudocounts
           A  R  N  D  C  Q  E  G  H  I  L  K  M  F  P  S  T  W  Y  V   A   R   N   D   C   Q   E   G   H   I   L   K   M   F   P   S   T   W   Y   V
    1 M   -1 -1 -2 -3 -1  0 -2 -3 -2  1  2 -1  5  0 -2 -1 -1 -1 -1  1    0   0   0   0   0   0   0   0   0   0   0   0   0   0   0   0   0   0   0   0  0.00     0.00
    2 T    0 -1  0 -1 -1 -1 -1 -2 -2 -1 -1 -1 -1 -2 -1  1  4 -2 -2  0    0   0   0   0   0   0   0   0   0   0   0   0   0   0   0   0   0   0   0   0  0.00     0.00
    3 R   -1  5  0 -2 -3  1  0 -2  0 -3 -2  2 -1 -3 -2 -1 -1 -3 -2 -2    0   0   0   0   0   0   0   0   0   0   0   0   0   0   0   0   0   0   0   0  0.00     0.00
    4 C    0 -3 -3 -3  8 -3 -4 -2 -3 -1 -1 -3 -1 -2 -3 -1 -1 -2 -2 -1    0   0   0   0   0   0   0   0   0   0   0   0   0   0   0   0   0   0   0   0  0.00     0.00
    5 T    1 -1  0 -1 -1  0 -1 -1 -1 -2 -2  0 -1 -2 -1  3  4 -3 -2 -1    0   0   0   0   0   0   0   0   0   0   0   0   0   0   0  50  50   0   0   0  0.39 0.00
    6 A    2 -2 -2 -3 -1 -1 -2 -1 -2  1  1 -1  5 -1 -2  0  0 -2 -1  0   34   0   0   0   0   0   0   0   0   0   0   0  66   0   0   0   0   0   0   0  0.21 0.00
    7 D    2 -2  1  5 -2 -1  1 -1 -1 -3 -3 -1 -2 -3 -1  0 -1 -4 -3 -2   32   0   0  68   0   0   0   0   0   0   0   0   0   0   0   0   0   0   0   0  0.54 0.00
    8 N   -1  1  5  1 -3  1  0 -1  0 -3 -3  3 -2 -3 -2  0  0 -4 -2 -3    0   0  66   0   0   0   0   0   0   0   0  34   0   0   0   0   0   0   0   0  0.51 0.00
    9 S    3 -1  0 -1 -1  0  0  0 -1 -2 -2  0 -1 -2 -1  3  1 -3 -2 -1   34   0   0   0   0   0   0   0   0   0   0   0   0   0   0  66   0   0   0   0  0.37 0.00
   10 L    2 -2 -1 -2 -1 -1 -1 -1 -2  0  2 -1  0 -1 -1  2  0 -2 -2  0   34   0   0   0   0   0   0   0   0   0  34   0   0   0   0  32   0   0   0   0  0.17 0.00
   11 T   -1 -1 -1 -1 -2  3  0 -2 -1 -2 -2  0 -1 -3  5  0  2 -3 -2 -1    0   0   0   0   0  32   0   0   0   0   0   0   0   0  34   0  34   0   0   0  0.60 0.00
   12 N   -1  0  5  1 -3  3  1 -1  1 -3 -3  0 -2 -3 -2  0  0 -3 -2 -3    0   0  66   0   0  34   0   0   0   0   0   0   0   0   0   0   0   0   0   0  0.55 0.00
   13 P   -1 -1 -1 -1 -2 -1 -1 -2 -1 -1 -1 -1 -1  4  5 -1 -1  0  1 -1    2   2   1   2   1   1   2   2   1   2   3   2   1  35  36   2   2   0   1   2  0.49 0.00
   14 A    2 -1  0 -1 -1 -1 -1  0 -1 -2 -2 -1 -1 -2 -1  3  3 -3 -2 -1   34   0   0   0   0   0   0   0   0   0   0   0   0   0   0  34  32   0   0   0  0.31 0.00
   15 Y   -2 -3 -3 -4 -3 -3 -3 -3  0 -1  0 -3  0  6 -4 -2 -2  1  5 -1    0   0   0   0   0   0   0   0   0   0   0   0   0  66   0   0   0   0  34   0  0.69 0.00
   16 R   -2  6  0 -2 -4  1  0 -2  0 -3 -2  2 -1 -3 -2 -1 -1 -3 -2 -3    0 100   0   0   0   0   0   0   0   0   0   0   0   0   0   0   0   0   0   0  0.76 0.00
   17 R   -2  6 -1 -2 -4  1  0 -3  0 -3 -2  2 -2 -3 -2 -1 -1 -3 -2 -3    0 100   0   0   0   0   0   0   0   0   0   0   0   0   0   0   0   0   0   0  0.80 0.02
   18 R   -2  5 -1 -2 -3  0 -1 -3 -1 -1  2  1  0 -1 -3 -1 -1 -2 -2 -1    0  63   0   0   0   0   0   0   0   0  37   0   0   0   0   0   0   0   0   0  0.37 0.01
   19 T    0 -1  0 -1 -1 -1 -1 -1 -2 -1 -2 -1 -1 -2 -1  2  5 -3 -2 -1    0   0   0   0   0   0   0   0   0   0   0   0   0   0   0  24  76   0   0   0  0.46 0.03
   20 M   -1 -2 -3 -4 -2 -1 -3 -3 -2  1  3 -2  5  0 -3 -2 -1 -2 -1  1    0   0   0   0   0   0   0   0   0   0  49   0  51   0   0   0   0   0   0   0  0.41 0.03
   21 A    3 -1  0 -1 -1 -1 -1  0 -1 -2 -2 -1 -1 -3 -1  3  1 -3 -2 -1   51   0   0   0   0   0   0   0   0   0   0   0   0   0   0  49   0   0   0   0  0.38 0.02
   22 T    0  2  0 -1 -1  0 -1 -2 -1 -2 -2  0 -1 -3 -1  2  4 -3 -2 -1    0  24   0   0   0   0   0   0   0   0   0   0   0   0   0  25  51   0   0   0  0.35 0.02
   23 G    1 -1  0 -1 -1 -1 -1  2 -1 -2 -2 -1 -2 -3 -1  3  3 -3 -2 -2    0   0   0   0   0   0   0  17   0   0   0   0   0   0   0  58  25   0   0   0  0.38 0.02
   24 E   -1  0  0  1 -4  2  6 -2  0 -4 -3  1 -2 -4 -1  0 -1 -3 -2 -3    0   0   0   0   0   0 100   0   0   0   0   0   0   0   0   0   0   0   0   0  0.81 0.04
   25 M   -1 -1 -1 -1 -2  0  2 -3 -1  0  1 -1  5 -1 -2  0  2 -2 -2  0    0   0   0   0   0   0  24   0   0   0   0   0  51   0   0   0  25   0   0   0  0.22 0.03
   26 K    0  3  0 -1 -3  1  0 -1 -1 -3 -3  4 -2 -3 -1  2  0 -3 -2 -2    0  16   0   0   0   0   0   0   0   0   0  60   0   0   0  24   0   0   0   0  0.42 0.02
   27 E   -2 -1 -1  0 -3  1  4 -2  4 -3 -3  0 -2 -1 -2 -1 -2  7  0 -3    0   0   0   0   0   0  51   0  25   0   0   0   0   0   0   0   0  24   0   0  0.69 0.03
   28 F   -1 -1 -1 -2 -3  2 -1  2 -1 -1 -1 -1 -1  5 -3 -1 -2  0  1 -2    0   0   0   0   0  24   0  25   0   0   0   0   0  51   0   0   0   0   0   0  0.33 0.02
   29 L   -2 -3 -4 -4 -1 -3 -3 -4 -3  3  4 -3  2  0 -3 -3 -1 -2 -1  1    0   0   0   0   0   0   0   0   0  25  75   0   0   0   0   0   0   0   0   0  0.43 0.02
   30 G    0  2  0 -1 -2  0 -1  3 -1 -3 -3  0 -2 -3 -2  3  0 -3 -2 -2    0  19   0   0   0   0   0  32   0   0   0   0   0   0   0  48   0   0   0   0  0.39 0.02
   31 I    1 -1 -1 -2 -1  1 -1 -2 -2  1  0 -1  0 -2 -2  1  4 -3 -2  0   12   0   0   0   0   8   0   0   0  11   9   0   0   0   0   9  50   0   0   0  0.24 0.04
   32 K   -1  2  0 -1 -3  1  0 -2 -1 -3 -2  5 -1 -3 -1  0  0 -3 -2 -2    1   7   0   1   0   0   1   1   0   1   1  77   0   0   1   1   7   0   0   1  0.50 0.06
   33 G    0 -2  0  1 -2 -1 -1  5 -2 -4 -4 -1 -3 -3 -2  2 -1 -3 -3 -3    0   0   0   9   0   0   0  65   0   0   0   0   0   0   0  25   0   0   0   0  0.71 0.06
   34 T    0 -1 -2 -2 -2 -1 -2  0 -2  0  2  0  1 -1  2 -1  0 -3 -2  1    9   0   0   0   0   0   0   8   0   0  40  14   0   0  10   0   9   0   0  10  0.13 0.02
   35 E    1  2 -1  0 -3  2  4 -2 -1 -3 -3  2 -2 -3 -1  0 -1 -3 -2 -2   14  10   0   0   0   8  51   0   0   0   0  17   0   0   0   0   0   0   0   0  0.47 0.05
   36 P    0 -2  2  1 -2 -1 -1 -2 -2 -2 -1 -1 -2 -3  6  1  0 -4 -3 -2   10   0  14   7   0   0   0   0   0   0   8   0   0   0  44  17   0   0   0   0  0.71 0.05
   37 T    0 -1  1 -1 -1 -1 -1 -2 -2 -1 -2 -1 -1 -3 -2  2  5 -3 -2  0    0   0   9   0   0   0   0   0   0   0   0   0   0   0   0  10  73   0   0   8  0.46 0.07
   38 D   -1  1  3  1 -3  2  0 -2 -1 -3 -3  3 -2 -4  3  0 -1 -4 -2 -3    0   0  27   9   0  10   0   0   0   0   0  40   0   0  14   0   0   0   0   0  0.45 0.05
   39 F    1 -1 -2 -2 -2 -1  0 -1 -1 -1  0  1  0  3 -2 -1 -1  4  1 -1   22   1   1   1   0   1   8   1   0   1  10  13   0  29   1   1   1   8   1   1  0.16 0.03
   40 G    0  0  2 -1 -2 -1 -1  5  1 -3 -3 -1 -2 -3 -2  0 -1 -2 -2 -3    1   7  17   1   0   1   1  58   6   1   1   1   0   1   1   1   1   0   1   1  0.53 0.05
   41 I    0 -2 -2 -3 -1 -1 -2 -2 -2  2  2 -2  4  0 -2 -1 -1 -2 -1  2    7   1   1   1   0   1   1   1   0   9  26   1  28   1   1   1   1   0   0  20  0.22 0.04
   42 N    0 -1  2  1 -2 -1 -1 -1 -1 -1  0 -1 -1 -1 -1  1  0  4  1 -1    9   1  21   9   0   1   1   2   0   1  13   1   1   1   1  18   1   8   7   1  0.15 0.03
   43 S    1  1  2  0 -1  0  0 -1 -1 -2 -2  0 -1 -1 -1  1  0  5 -1 -1   19   9  13   2   1   1   8   2   1   2   3   2   1   1   2  18   2  12   1   2  0.19 0.02
   44 D    0  2 -1  2 -2  0  0 -2  0 -1 -1  0  2  0 -1 -1 -1 -1  3 -1    9  20   1  17   0   1   1   2   0   1   2   1  17   1   1   2   1   0  19   1  0.14 0.04
   45 A    2 -2  0 -1  3 -1 -1 -1 -1  1  0 -1  0  0 -1  0  0 -2 -1  1   34   1   9   1   8   1   1   2   0  12   2   1   1   7   1   2   1   0   1  13  0.09 0.03
   46 Q   -1  0  0  1 -2  3  2  0 -1 -3 -2  0 -2 -3  3  1  0 -2 -2 -2    1   1   1   5   0  25  20   7   0   1   1   1   0   1  14  15   6   0   0   1  0.34 0.05
   47 D   -1  0  2  4 -3  0  1  1 -1 -3 -3 -1 -2 -3 -2  0  1 -3 -3 -2    1   4  14  36   0   0  11  12   0   1   1   1   0   0   1   1  16   0   0   1  0.39 0.07
   48 L   -1 -2  1  0 -2  0 -1 -2 -2  2  1 -1  0 -1  2 -1  1 -3 -2  1    1   0  11   5   0   6   1   1   0  18  21   1   0   0  10   1  17   0   0   8  0.13 0.05
   49 P   -1 -1 -1  0 -3 -1  0 -2 -2 -3 -3 -1 -3 -3  6  3 -1  2 -3 -3    2   2   0   5   0   0   7   1   0   0   1   0   0   0  44  31   0   3   0   0  0.90 0.18
   50 S   -1 -2 -1 -2 -3 -2 -2  4 -2 -3 -3 -1 -3 -2  3  2 -1 -3 -3 -3    1   1   1   1   0   1   1  47   0   1   1   3   0   2  19  19   3   0   0   1  0.67 0.16
   51 P   -1  2 -1  3 -3 -1 -1 -2 -2 -3 -1  1 -2 -3  5 -1 -2 -1 -3 -3    6  15   0  23   0   0   0   1   0   0   7   7   0   0  37   0   0   1   0   0  0.71 0.17
   52 S   -1 -1 -1 -2  2  1 -1  0 -2 -3 -2 -1 -2  1  5  2  0 -3 -2 -2    2   2   1   0   6   8   2   5   0   0   2   0   0   9  29  26   3   0   0   1  0.48 0.15
   53 R    0  3 -1  1 -3  0  1 -2 -2 -3 -1  1 -2 -3  5 -1 -2 -3 -3 -2    7  19   0   8   0   4  10   1   0   0   8   8   0   0  32   2   0   0   0   1  0.55 0.14
   54 Q   -1  3  0 -1  1  4  1 -1  2 -3 -3  0 -2 -3 -2  2  0 -3 -2 -2    0  21   3   2   3  26   5   2   6   0   0   0   0   0   0  22   5   0   0   2  0.39 0.16
   55 A    2 -2 -1 -1 -2 -1  1  2 -2  0  0 -1  1 -2 -1  0  1 -3 -2 -1   26   1   0   2   0   0  10  21   0   7  10   0   5   0   1   5   8   0   0   1  0.16 0.09
   56 S   -1 -2 -1  0  3  0  1  0  3  0 -2 -1 -2 -3  0  3  0 -3 -1 -2    1   0   0   2   9   4  13   5  12   7   1   0   0   0   4  33   5   0   1   0  0.26 0.14
   57 T    0  0 -1 -1 -2 -1  1  2 -2 -2 -2 -1  0 -3  0  2  2  3 -2 -2    5   5   0   2   0   0  11  15   0   2   1   0   4   0   4  28  16   4   0   0  0.25 0.12
   58 R   -1  5 -1 -1 -4  1  0  0  0 -1 -2  2 -2 -3  0 -2 -2 -3 -3 -2    3  50   0   2   0   4   5   8   2   6   3  10   0   0   5   1   1   0   0   0  0.53 0.19
   59 R   -1  5 -1  0 -3  1 -1 -1  2 -2 -2  1 -2 -3  1 -1  0  2 -2 -2    3  41   0   5   0   4   2   6   6   4   2   6   0   0   8   2   6   4   0   0  0.38 0.15
   60 M   -1  1  1  1 -3  0 -2  2 -2  0  0 -1  5 -2  0 -1 -1 -3 -3 -1    3   9   6   8   0   4   0  19   0   5   3   0  31   0   5   3   2   0   0   0  0.28 0.17
   61 S    0 -1  1  0 -2 -1  0 -2 -2 -2 -1  1 -2 -3  0  4  0 -4 -3 -1    4   1   9   5   0   0   6   0   0   0   6  13   0   0   4  44   0   0   0   6  0.32 0.17
   62 I    1 -2  2 -1  5  0  1 -2  1  0 -2 -1 -1  1 -1  0  0 -3 -1 -1   14   0  14   1  16   4  11   1   5   7   2   3   2   8   2   5   4   0   0   0  0.17 0.10
   63 G   -1  0  1 -2  1  0 -2  5 -2 -4 -4 -2 -3 -4 -2  1 -2 -3 -3 -3    1   7   6   0   4   5   2  57   0   0   1   0   0   0   2  13   0   0   0   0  0.72 0.21
   64 E   -1  2 -1  3 -4  1  4 -3  0 -3 -2  1 -2 -4 -2 -1  0 -4 -3 -3    4  13   1  18   0   4  39   0   2   1   5   5   0   0   0   0   6   0   0   0  0.51 0.20
   65 S   -1  3 -2  0  2 -1  1 -3 -2 -1 -3 -1 -2 -1  1  1  0  5  1 -2    2  21   0   4   5   1  11   0   0   5   0   0   0   3   8  16   4  11   4   2  0.30 0.16
   66 I    1 -1 -2 -1 -1  0  0 -2 -2  1  1  0  2  0 -1  0  0  1 -1  1   14   1   0   3   1   5   4   0   0   8  13   5  10   4   2   9   7   3   0  12  0.07 0.07
   67 D   -1  0  2  2 -3  0  0  2 -2 -3 -3 -1 -2 -3  3  1 -1 -3 -3 -2    2   4  11  14   0   2   7  20   0   1   2   1   0   0  15  17   1   0   0   4  0.35 0.13
   68 G    0  1 -1 -1 -3  3  1  2 -1 -3 -2  1 -2 -3  2  1 -1 -3 -2 -2    6   8   2   1   0  16  11  16   0   1   4   9   0   0  10  11   2   0   0   1  0.26 0.11
   69 K   -1  3 -1 -1 -3  1  1 -2 -2  1 -1  2 -1 -2  0  0 -1 -3 -2  1    1  21   0   2   0   4  13   1   0  11   4  14   0   0   5   6   1   0   0  14  0.20 0.12
   70 I    0 -2 -2 -2 -2 -2 -1 -1 -2  2  2 -1  3 -1  0 -1  1 -2 -2  1    6   2   1   1   0   1   4   4   0  14  23   2  13   0   4   3  12   0   0   9  0.16 0.10
   71 N   -1  1  5  1 -3  0  0  0  1 -2 -3 -1 -2 -3  0  1 -1 -3  0 -3    4   7  35   8   0   3   4   5   3   4   1   1   0   0   5  13   1   0   4   1  0.36 0.17
   72 D   -1 -2  2  5  4  0  1  0 -2 -3 -3 -2 -3 -4 -3  1 -1 -4 -3 -2    2   1   8  41  11   3   6   6   0   1   1   1   0   0   1  12   3   0   0   3  0.59 0.24
   73 W    0 -2 -2 -1 -3 -1  2 -3 -2 -1 -2 -2  0  3 -2  0  1  7  1 -1    6   1   1   2   0   1  18   1   0   4   2   1   3  16   1   7  10  18   5   3  0.46 0.19
   74 E   -2 -2  2  3 -4  2  5 -2 -2 -4 -2  0 -3 -4 -3 -2 -1 -4 -3 -3    3   1  10  18   0   7  45   2   0   1   5   3   0   0   1   1   3   0   0   1  0.71 0.29
   75 E   -1  0  0  3 -1  2  3 -1  0  0 -3  0 -2 -3  0 -1  0  0 -2 -1    2   3   4  18   1  11  24   3   3   7   1   4   0   0   3   3   7   1   0   5  0.28 0.16
   76 P    1 -1  1  1 -2 -1  0  0  0  0 -1 -1 -1 -1  3  0  0 -3 -2  1   12   2   6   9   0   1   4   6   3   5   4   1   1   2  19   3   6   0   0  14  0.20 0.11
   77 R    0  3  0  0 -3  0  0 -2 -2 -1 -2  1  0 -3  2  0  1 -3 -3 -1    8  26   4   4   0   1   4   2   0   3   3  10   3   0   9   7  10   0   0   5  0.24 0.14
   78 L   -2 -2 -1 -1 -3  0  1 -2 -1  0  1 -1  2  0 -3 -2 -2 -1  6  0    2   1   3   3   0   3  12   3   0   5  16   3   6   2   0   2   2   0  32   5  0.42 0.26
   79 D   -1 -3  0  5 -4  1  2  0  1 -2 -2 -3 -4 -2 -3  0 -1 -5 -4 -2    5   0   3  40   0   6  15   6   3   2   3   0   0   2   0   7   3   0   0   3  0.64 0.38
   80 I   -2 -4  4 -3 -4 -2 -3 -4 -3  2 -2 -3 -3 -2 -4  1  4 -5 -2  2    2   0  23   0   0   1   1   0   0  13   3   0   0   2   0  11  27   0   1  14  0.62 0.43
   81 E   -2  6 -2 -2 -6  2  3 -5 -4 -6 -3  0 -4 -6 -5 -1 -3 -6 -3 -3    3  52   1   1   0  10  18   0   0   0   3   5   0   0   0   3   1   0   1   2  1.22 0.65
   82 G    0 -1  0  2 -2 -1  5  1 -3 -4 -2 -1 -4 -2 -3  1 -2 -5  0 -4    9   2   5   9   1   2  38  11   0   1   4   4   0   1   1   8   1   0   3   1  0.51 0.38
   83 F   -4 -6 -6 -6 -5 -6 -6 -7 -6  4  4 -6  0  3 -6 -5 -4 -5 -1  2    0   0   0   0   0   0   0   0   0  27  40   0   2  13   0   0   0   0   2  15  1.11 0.56
   84 V    1 -6 -6 -6  1 -6 -6 -6 -6  1 -1 -6 -1  3 -6 -5 -1 -5 -4  6   14   0   0   0   3   0   0   0   0   5   3   0   1  12   0   0   3   0   0  58  1.23 0.66
   85 V    0  3 -1 -2  0  0  3 -3 -3  1  0  0  1 -3 -4 -2 -1 -1 -2  1    7  17   3   1   2   4  20   2   0   8  10   6   4   1   0   1   3   1   1  10  0.24 0.25
   86 D   -4 -3  1  6 -3 -2 -1 -4 -3 -6 -6  3 -6 -1 -5  2 -4 -7 -4 -5    1   1   5  51   1   1   3   1   0   0   0  17   0   3   0  15   0   0   1   0  1.24 0.68
   87 Y   -7 -2 -7 -8 -7 -6 -7 -8 -1 -4 -3 -7 -5  5 -8 -6 -6 -3  9 -6    0   3   0   0   0   0   0   0   1   1   2   0   0  22   0   0   0   0  70   0  2.71 1.14
   88 F   -1 -6 -6 -6 -1 -6 -5 -6 -3  6  2 -6 -1  0 -6 -4 -4 -5 -3  3    6   0   0   0   1   0   1   0   1  46  17   0   1   3   0   1   0   0   1  21  1.12 0.58
   89 T   -1  0  0 -2  1  1 -2  0  6 -1 -3 -2 -1  3 -4  2 -1 -4  1 -2    4   5   5   1   4   6   1   7  19   3   1   2   2  12   0  17   3   0   5   2  0.39 0.33
   90 H   -4 -5 -3 -2 -6 -2 -2 -5  5 -5 -4 -4 -2  1 -6 -1 -4  2  8 -4    2   0   1   3   0   2   3   1  15   0   1   1   1   4   0   5   1   2  58   1  1.82 0.86
   91 R   -5  6 -3 -3 -3 -2 -3 -5 -1 -6 -4  6 -5 -4 -5 -4 -5 -6 -5 -6    0  44   1   1   1   1   1   0   1   0   1  46   0   1   0   0   0   0   0   0  1.75 0.84
   92 I   -4 -5 -5 -5 -2 -3 -4 -6  3  1  5 -5  0 -1 -4 -4 -3 -4  2  0    1   0   0   1   1   1   1   0   6   7  65   0   1   2   1   1   1   0   6   5  1.10 0.59
   93 R    0  3 -1 -3 -3  3 -1 -1  1 -4 -1 -1 -3 -2 -3  4 -2 -2 -4 -4    6  17   2   1   0  14   2   5   3   1   6   3   0   2   1  34   1   1   0   1  0.53 0.43
   94 Q   -3  1 -1 -2 -5  7 -2 -2 -2 -2 -2  3 -2 -5 -4 -1 -3 -5 -5 -5    2   8   3   2   0  50   1   4   1   3   5  15   1   0   1   4   1   0   0   0  1.12 0.66
   95 N   -1  4  2 -1 -5 -1  3 -2  2 -4 -4  3 -3 -5 -3  0 -1 -5 -4 -4    5  26  10   2   0   1  17   2   4   1   1  20   0   0   1   6   2   0   0   1  0.64 0.42
   96 G   -3  1  2 -2 -5  0 -3  6 -1 -5 -4 -4 -5 -5 -4 -2 -3 -5 -5 -5    2   7  10   2   0   4   1  65   1   1   2   1   0   0   1   2   1   0   0   1  1.34 0.64
   97 M   -1 -4 -2 -2 -1 -2 -1 -3  2  0  1 -3 -1  3 -2 -3 -2 -2  6  0    6   0   2   2   1   2   4   2   4   6  11   1   1  10   2   2   2   0  35   5  0.65 0.41
   98 E    0  0  0  3 -1  0  3 -1 -2 -3 -2 -1 -3 -2 -1  2 -1 -4 -2  0    8   4   3  17   1   3  23   3   1   1   3   2   0   2   2  14   3   0   1   8  0.31 0.27
   99 W   -2  0 -3 -3  5 -2 -3 -1 -2 -4 -2 -4 -1 -1 -5 -1 -4 11 -2 -2    4   5   1   2  10   2   2   5   1   1   5   1   1   2   1   5   1  47   1   3  1.81 0.80
  100 F    1 -2  0  1 -2 -1  0  2 -2 -2 -2 -2 -3  0  2  2  0 -4 -1 -2   14   1   5   7   0   2   7  13   0   2   4   1   0   4  12  17   5   0   2   2  0.22 0.21
  101 G    3  1  0  1 -4  2  2  0 -1 -3 -3  0 -2 -3 -2  1  0 -4 -3 -1   24   6   4   7   0  11  13   8   1   1   2   3   1   1   1   8   5   0   0   3  0.26 0.25
  102 A    1  0 -1  1  2  0  0  2 -2 -1  0 -1  0 -1  0  0 -1 -3 -1 -1   13   5   3   8   5   4   4  17   1   3  12   1   2   3   4   8   2   0   2   3  0.09 0.12
  103 P   -1 -2  0  0 -5  0  1 -2  0 -5 -2 -3 -3 -5  6  1 -3 -6 -2 -3    6   2   4   6   0   4  10   2   2   0   4   1   1   0  46   9   0   0   1   2  0.99 0.57
  104 G    0 -1 -1  0  1  0  2  1 -1 -1 -2 -2  0 -2  3  1 -1 -3 -2 -2   10   4   2   5   3   4  16  13   2   4   3   1   2   2  14   9   3   0   1   3  0.20 0.19
  105 L    0  0 -1  1 -1  0  1 -2 -1 -1  2 -1  1  0 -1  0  0 -1 -1  0   11   5   3   7   1   4  12   3   1   2  23   1   3   4   2   5   5   1   1   7  0.08 0.13
  106 P    0 -1 -2  2 -5 -2 -2  0 -1 -4 -3 -2 -3 -5  6 -1 -2 -5 -5 -3    7   3   2  12   0   1   3   7   1   1   3   3   1   0  47   5   2   0   0   2  1.04 0.55
  107 C    1  0 -1  0  0 -1  1 -2 -1 -3 -1 -1 -2 -2  4  1  1 -4 -2  0   10   4   2   6   2   3  10   3   1   1   6   2   0   1  25   9   7   0   1   6  0.34 0.26
  108 G    0  0  1 -1 -4 -1  0  3 -3 -2 -3 -1 -3 -4  4  0 -2 -3 -4 -2    9   6   6   2   0   3   5  22   0   2   3   3   1   0  24   8   2   0   0   2  0.47 0.32
  109 V    0  0  0 -1 -2  0 -1 -2  0  0  1 -2  0 -3  4 -1  1 -4 -3  0   10   5   5   3   1   3   3   2   2   7  12   1   2   0  22   4   9   0   0   8  0.28 0.23
  110 Q    0  0  1  1 -4  1  3 -1 -2 -3 -3  0 -2 -4  0  3  0 -5 -4 -3    8   4   7   8   0   7  18   4   0   1   2   4   1   1   4  23   6   0   0   1  0.34 0.30
  111 P    2  2 -3  0  1  0  1 -3 -2 -2 -3  2 -3 -3  4  0 -1 -5 -2 -1   15  10   1   5   3   4   9   1   1   2   2  11   0   1  22   5   3   0   1   4  0.40 0.31
  112 E    0 -2 -2 -1 -3 -1  1 -3 -2  1  1 -2  0 -2  0  0  1 -2 -1  3    6   2   2   3   0   2  13   1   1   6  15   1   1   1   5   6   9   1   2  23  0.17 0.21
  113 H    2 -1  0 -3  2  1 -1 -2  6 -2 -2  1 -2 -2  0  1 -2 -4  0 -3   18   3   4   0   4   7   3   2  21   3   3   9   1   2   4  10   1   0   3   1  0.41 0.33
  114 E    2  1 -1  0 -1  2  2 -1 -1 -2  0  0 -1 -3  0  0  0 -4 -3 -1   17   7   2   4   1  12  16   3   1   2   9   6   1   0   3   6   7   0   0   3  0.19 0.20
  115 M    3 -2 -3 -2  2 -2 -2 -2 -2 -1  0 -1  1 -3 -1 -1  3 -4 -4  2   32   1   1   2   4   1   2   3   1   2   7   3   4   1   2   2  18   0   0  13  0.36 0.33
  116 M   -2 -5 -5 -3 -4 -5 -5 -4 -5  0  5 -5  6 -2 -3 -4 -3 -5 -4 -1    4   0   0   2   0   0   0   2   0   5  55   0  23   1   2   1   1   0   0   3  1.20 0.63
  117 R    0  7 -4 -3 -2  0 -2 -4 -4 -5 -2  0 -3 -4 -5 -4 -3 -2 -5 -1    8  64   0   2   1   3   1   1   0   0   4   5   1   1   0   1   2   1   0   5  1.40 0.72
  118 V    1  3 -1  1  0  2  2 -2 -1 -1 -3  0 -3 -4 -3  1 -2 -1 -2 -2   10  20   2  10   2   8  14   2   1   4   2   5   0   0   1  12   2   1   1   2  0.30 0.28
  119 M    3 -4 -4 -5 -3 -4 -4 -3 -5  3  2 -2  2 -3 -2 -1  0 -5 -4  2   29   0   0   0   0   0   0   1   0  15  21   2   6   0   2   4   4   0   0  14  0.52 0.39
  120 G    3 -5 -4 -5  1 -5 -5  5  0 -5 -4 -5 -5 -6 -5  0 -2 -6 -5  0   27   0   0   0   3   0   0  49   2   0   1   0   0   0   0   7   2   0   0   7  1.13 0.63
  121 T   -1 -3  2  6 -2  0  1 -3 -2 -6 -3 -1 -5 -6 -2 -1 -1 -3 -4 -6    6   1   8  52   1   4   7   2   1   0   3   4   0   0   2   3   4   1   1   0  1.02 0.59
  122 I   -2 -3 -2  3 -6  0  6 -2 -2  0 -3 -1 -5 -6 -5 -2 -4 -6 -6 -3    3   1   1  17   0   4  53   4   1   6   3   4   0   0   0   2   0   0   0   2  1.07 0.66
  123 F   -2 -5 -3 -6 -3 -5 -6 -6 -5  3  3 -5  3  6 -3 -4 -1 -4 -1  0    4   0   2   0   0   0   0   0   0  17  24   0   6  34   2   1   4   0   1   4  0.96 0.54
  124 E    0 -1  2  1 -6 -2  6 -4 -2 -2 -3 -3 -3 -6 -1  1 -3 -6 -2 -5    7   2   8   6   0   1  53   1   1   3   2   0   1   0   3  10   1   0   1   0  0.96 0.63
  125 K   -1  4 -1  0 -1  1  1  0 -2 -3  0  1 -1 -3 -2  1 -1 -4 -2 -4    5  26   2   6   1   7   9   7   1   1   9   7   1   1   1  10   4   0   1   0  0.30 0.28
  126 K   -2  5 -2  1 -1  2 -1 -3 -2 -2  0  2  0 -5 -4 -2 -1 -1 -4 -4    2  37   2   7   1  10   3   1   1   2   9  12   3   0   0   2   4   1   0   0  0.64 0.44
  127 H   -3 -2 -1 -5 -2 -2 -3 -4  7 -5 -4 -3 -5  3 -5 -2 -3 -3  8 -5    2   2   3   0   1   2   2   1  23   0   1   1   0  11   1   3   1   0  44   0  1.59 0.78
  128 A    0  3  0  2 -3  4  0 -2  3 -2 -4  0 -1 -5  1  0 -1 -3 -1 -4    7  18   5  10   1  18   4   3   6   2   1   5   1   0   6   5   4   0   2   0  0.38 0.33
  129 E    1  3 -1  1 -2  1  1 -1 -1 -1 -1 -1  0 -3  1  0  0 -3 -3 -2   12  17   2   9   1   8   8   4   1   5   5   1   3   0   7   8   6   0   0   2  0.17 0.20
  130 N    1  1 -1  3 -4  2  3 -2  0 -3 -1 -1 -2  0 -3  0  0 -4 -3 -1   12   7   3  15   0   8  21   2   2   1   8   3   1   5   0   6   4   0   0   4  0.27 0.27
  131 F   -3 -6 -6 -6 -2 -6 -3 -6 -1 -3  2 -6 -2  8 -6 -6 -5 -1  1 -3    2   0   0   0   1   0   2   0   2   1  18   0   1  66   0   0   0   1   3   2  1.94 0.86
  132 E    1  2  2  0 -2  3  1 -1  2 -3 -4  0 -3 -5 -3  2  1 -1 -3 -2   14  10  11   4   1  13   8   3   6   1   1   6   0   0   0  14   7   1   0   2  0.32 0.30
  133 T    0 -1  3  3 -1  1  2  1 -1 -4 -5 -1 -4 -5 -2  1  0 -2 -3 -4    7   4  13  18   1   6  15  12   1   1   0   2   0   0   2   9   6   1   1   0  0.42 0.33
  134 F   -3 -2 -6 -6  2 -1 -6 -6 -2  0  3 -5  9  0 -3 -5 -5 -5 -5 -1    2   2   0   0   3   3   0   0   1   5  27   0  46   4   2   0   0   0   0   4  1.50 0.78
  135 C    1 -2 -3 -2  5 -2 -3 -3 -2  1  0 -2 -1 -3 -3  3  0 -1 -4  2   12   2   1   2  13   2   0   1   1   8  10   2   1   1   1  25   5   1   0  14  0.42 0.35
  136 E    0  0  2  0 -4  3  1  0  1 -4 -3  0 -1 -3 -1  2  0 -4 -2 -2    6   5   8   5   0  13  11   7   4   0   2   5   1   1   2  20   4   0   1   3  0.27 0.26
  137 Q   -1  1 -1 -1 -5  6  0 -1  2 -4 -2  1 -1 -5 -1  0  0 -5 -1 -2    4   7   2   2   0  35   6   4   4   0   5   9   1   0   3   8   5   0   2   2  0.55 0.43
  138 L   -3 -4 -6 -6 -1 -5 -5 -3  1 -1  6 -5  1  1 -5 -4 -4  0 -4 -1    3   1   0   0   1   0   0   2   3   3  72   0   2   5   0   1   0   1   0   3  1.27 0.66
  139 L   -2  1  2  1  0  3  0 -2  6 -3  0 -1 -2 -4 -1 -2 -2 -4  0 -3    4   7  10   7   2  13   5   2  20   1  12   3   1   0   3   2   2   0   3   2  0.42 0.33
  140 A   -1 -3 -4 -2 -2 -1  0 -2 -1  3  2 -2  1  0  1 -2 -2 -4 -2  2    4   1   0   3   1   2   6   3   2  20  25   3   3   4   9   2   1   0   1  11  0.29 0.25
  141 V   -2 -2  2  0  2 -1 -1 -2  0 -3 -4 -4 -4 -5 -1  1  5 -5 -1 -1    3   2  10   6   4   2   3   3   2   1   1   0   0   0   4   9  44   0   2   4  0.72 0.55
  142 P   -1  0 -3 -1  0 -1  2  0  0 -5 -4  1 -5 -6  6  0 -2 -2 -5 -3    4   5   1   4   2   3  12   6   2   0   2   7   0   0  39   6   3   1   0   2  0.83 0.53
  143 R    0  0  1  2 -1  0  2  1  0 -3 -3 -1 -1  0 -1  1  0 -4 -2 -2    7   6   6  13   2   3  13  13   2   1   2   1   1   6   3  12   5   0   1   2  0.19 0.20
  144 I   -1 -2  3  0 -4 -2 -1 -2  0 -1 -2 -1  0 -3 -1  1  4  0 -4 -2    5   2  17   5   0   1   3   3   2   4   4   4   2   1   2  10  29   2   0   3  0.41 0.37
  145 S    5 -2 -4  1  0 -2 -2 -2 -1 -2 -1 -4 -1 -5 -1  0 -1 -5 -4  1   51   2   0   8   2   1   2   2   2   2   5   0   1   0   3   7   4   0   0   8  0.68 0.50
  146 F   -1  2 -1 -3  1  2 -2 -3  3 -3 -2 -1 -1  2 -1 -1  0 -3  5 -2    5  14   2   1   3  10   2   2   6   1   4   3   1   9   3   3   5   0  23   2  0.45 0.36
  147 S    0  1 -1 -1  1  3  2  0  2 -2 -2 -1 -2 -4  0  1  0 -4 -3 -2    7   7   3   3   4  14  16   8   5   2   3   2   1   0   5  13   4   0   0   2  0.24 0.26
  148 L    0  3  0 -2  0 -2 -3 -2  1 -1 -1  0  0 -2 -3  2  2 -4  1 -1    7  17   3   2   2   0   0   2   3   3   5   4   3   2   0  19  16   0   5   4  0.25 0.29
  149 Y   -5 -5 -5 -5  1 -5 -2 -6  1  0  0 -5 -3  8 -2 -3 -5 -3  2 -2    0   0   0   0   3   0   4   0   4   6   8   0   0  54   3   3   0   0   6   3  1.31 0.69
  150 Q    0  1  0 -1  0  0  1 -1  0  0 -1  0  0  0  0 -1  1 -3 -1  0   10   8   4   2   2   5  10   5   2   7   5   5   2   5   3   2  10   0   1  10  0.02 0.08
  151 D    1  1  0  0 -1  2  2  0  0 -2 -3  1 -3 -4 -1  0  0 -4 -1 -1   12   6   5   4   1  12  13   7   2   2   2  10   0   0   3   7   6   0   2   4  0.14 0.19
  152 V   -1 -4 -4 -4  0 -3 -3 -1 -4  3  0 -3  0 -2 -1 -2 -1 -4 -3  5    2   0   0   0   1   0   1   6   0  17   6   0   2   0   3   2   3   0   0  54  0.60 0.29
  153 V    2 -2 -3 -3  1 -2 -2 -1 -3  1  1 -2  3 -1  0 -1 -1  1 -2  2   28   2   0   1   3   0   1   5   0   5  10   1  11   1   4   4   2   2   0  20  0.23 0.18
  154 R   -1  1  2  4 -2  0  3  0 -1 -3 -3  0 -2 -3 -2  0 -1 -4 -2 -3    4   7  13  25   1   3  19   5   1   1   1   4   1   0   1   7   2   0   1   2  0.39 0.19
  155 T   -1 -1  0  0  0  2  5  0  0 -4 -3  0 -2 -2 -2  1 -1 -4 -3 -3    2   2   3   3   3   7  47   7   2   1   1   5   1   2   1   9   4   0   0   1  0.54 0.27
  156 V   -2 -3 -4 -4 -2 -3 -3 -2 -3  2  4 -3  3  3 -3 -3 -2 -2 -1  1    1   1   0   1   0   0   1   4   0  12  44   1   7  14   1   1   1   0   0  11  0.49 0.21
  157 G   -1 -1 -3 -2  1 -3 -3  1 -3 -2 -1 -3 -2  7 -4 -2 -2 -1  0 -1    5   3   1   3   3   0   1  12   0   1   2   1   0  59   1   2   2   0   1   4  0.90 0.33
  158 N    0  3  1 -1 -2  1  0  1  0 -1 -2  1 -1 -1  0  1 -1 -1 -1 -2    9  20   6   2   0   6   2  11   3   4   2   7   0   4   5  12   2   1   1   2  0.14 0.08
  159 A    0 -1  0  4 -2  0  1 -1  0 -2 -2  0 -2 -2  0  0  0 -2 -2 -2   11   3   4  34   1   4   8   3   2   1   3   3   1   1   4   8   6   0   1   2  0.30 0.12
  160 Q    0 -1  0  2 -1  1  1  2  0 -1 -1  0 -1 -1  0  0  0 -1 -1 -1    4   3   4  13   1  10   8  19   2   3   6   4   1   2   5   8   3   1   2   3  0.12 0.03
  161 T    0  0  0  0  0  1  2  0  1 -1  0  0 -1 -1  1  0  0 -1  0 -1    5   3   4   5   2   5  17   6   5   4   9   4   1   2   6   6   7   1   3   4  0.07 0.02
  162 D    0  0  0  1 -1  0  0  0 -1  0  0  0  0  0  1  0  0 -1  0  0    6   3   5  11   1   3   5   6   1   4   6   5   4   7   6   7   7   1   2   9  0.03 0.01
  163 Q    0  0 -1  0 -2  1  2  0  1 -1 -1  0 -1 -2  2  0 -1  2 -1  0    6   4   2   4   1   9  24   6   5   2   4   2   1   2   9   5   2   4   1   7  0.16 0.05
  164 C    0 -1  1  0  2  0  0  2  0 -2 -2  0 -1 -2  0  1  0 -2 -1 -1    5   3   7   5   5   4   5  20   3   2   3   4   1   1   5  18   5   0   1   2  0.15 0.05
  165 P    0 -1  0 -2 -3  0 -1  5  0 -4 -3 -1 -3 -3  0  0 -2 -3 -3 -3    4   3   3   1   0   5   3  61   3   1   3   2   0   0   4   8   1   0   0   1  0.73 0.22
  166 M   -2 -2 -3 -3  0 -2 -3 -2 -3  3  1 -1  3 -1 -1 -2 -1 -3 -1  3    1   2   0   0   2   0   1   4   0  24   8   3  14   0   3   1   1   0   1  32  0.33 0.16
  167 S   -2 -1  6 -1 -3 -1 -1  0  2 -4 -4  0 -3 -4 -3  2  2 -4 -3 -3    1   2  47   0   0   0   0   5   5   0   1   7   0   0   0  18  12   0   0   0  0.68 0.26
  168 Y   -4 -4 -5 -5  0 -4 -5 -4 -3 -4 -4 -5 -3 -1 -5 -4 -4 12  4 -4    1   0   0   0   2   0   0   0   0   0   1   0   0   0   0   0   0  75  16   0  3.05 0.58
  169 G    0 -4 -2 -3 -4 -3 -3  6 -3 -2 -4 -3 -4 -4 -3 -1 -3 -4 -4 -3    4   0   0   0   0   0   0  84   0   2   1   0   0   0   0   3   0   0   0   2  1.41 0.35
  170 R   -3  7  1 -3 -4 -1 -2 -3  2 -4 -3  1 -3 -4 -3 -2 -2  1 -3 -2    1  71   6   0   0   0   0   0   5   0   1   6   0   0   0   2   2   2   0   2  1.11 0.34
  171 L   -2 -4 -2 -5 -3 -4 -4 -5 -5  5  2 -4  1 -2 -4 -4 -2 -4 -3  4    0   0   2   0   0   0   0   0   0  51  18   0   2   0   0   0   0   0   0  27  0.82 0.28
  172 I   -1 -4 -5 -5 -3 -4 -4 -5 -5  3  0 -4 -1 -2 -4 -3 -2 -5 -3  6    5   0   0   0   0   0   0   0   0  17   4   0   0   0   0   0   0   0   0  74  1.03 0.35
  173 G    5 -3 -1 -3 -2 -2 -2  2 -3 -3 -3 -2  0 -4 -2  1  0 -4 -3 -1   60   0   3   0   0   0   0  17   0   0   0   0   2   0   1   7   6   0   0   3  0.61 0.25
  174 L   -2 -4 -5 -5 -3 -4 -4 -5 -3  0  4 -4  2  5 -4 -4 -3 -2  0  0    1   0   0   0   0   0   0   0   0   2  50   0   5  34   0   0   0   0   1   5  0.80 0.26
  175 I   -3 -4 -4 -5 -3 -4 -4 -5 -1  2  1 -4  0  6 -5 -4 -3 -1  3  0    0   0   0   0   0   0   0   0   1  16  13   0   2  53   0   0   0   0  11   4  0.95 0.28
  176 S    2 -2 -2 -1  0 -1  2  0 -2 -1 -2 -1 -2 -2 -2  2  1 -3 -1  1   25   0   0   1   2   0  20   7   0   2   0   0   0   1   0  19   9   0   2  13  0.24 0.15
  177 F   -4 -5 -5 -6  1 -5 -5 -5 -3 -2 -1 -5 -2  8 -6 -4 -4 -1  1  0    0   0   0   0   3   0   0   0   0   0   2   0   0  86   0   0   0   0   2   7  1.74 0.43
  178 G    2 -3 -2 -3 -3 -3 -3  6 -3 -4 -4 -3 -2 -4 -3  1  0 -4 -4 -2   20   0   0   0   0   0   0  63   0   0   0   0   1   0   0   8   5   0   0   3  0.95 0.27
  179 G    0 -3 -2 -3 -1 -3 -3  6 -3 -5 -4 -3 -4 -1 -4  0 -3 -3  2 -4    7   1   0   0   2   0   0  73   0   0   0   0   0   2   0   5   0   0  10   0  1.13 0.31
  180 F    2  2 -1 -2  0 -1  0 -1 -1  0  0  0  0 -1 -2  0  0 -3 -2  1   22  16   2   0   2   0   7   2   2   1   8   4   2   2   0   4   7   0   0  20  0.11 0.10
  181 V   -2 -3 -4 -5 -3 -3 -4 -5 -4  1  4 -3  5  1 -4 -3 -2 -3 -1  2    0   0   0   0   0   0   0   0   0   4  48   0  25   4   0   0   1   0   2  15  0.72 0.25
  182 A    5 -4 -3 -4  8 -4 -4 -2 -4 -3 -4 -4 -3 -4 -4  1 -2 -5 -2 -1   49   0   1   0  34   0   0   1   0   1   0   0   0   0   0   8   1   0   1   4  1.22 0.43
  183 A    1 -1 -3 -4  0 -1 -2 -3 -2  2  1 -1  2 -2 -3 -1  0 -4 -2  4   14   2   0   0   1   2   2   1   1  11  11   4   5   0   0   2   4   0   0  39  0.32 0.19
  184 K   -1  1 -1  1 -4  2  4 -3  5 -4 -3  1 -3 -2 -3  0 -1 -1  2 -4    6   7   1   6   0   7  29   0  16   0   1  11   0   1   0   4   2   1   8   0  0.50 0.24
  185 M    0 -3 -3 -4  7 -3 -3 -3  1 -1  1 -3  1  1 -4  2 -1 -4 -2  1    5   1   0   0  29   0   0   0   4   1  13   0   3   6   0  23   1   0   1  12  0.59 0.28
  186 M    1 -2 -3 -3  0 -1 -3 -3 -1  2  0 -2  1  0 -3 -2 -1 -1  2  4   17   2   0   1   2   3   0   0   1   9   6   2   5   2   0   1   1   1  10  36  0.29 0.19
  187 E   -1  2  0  2 -1  2  3 -1  0 -3 -2  1 -2 -2 -2  0 -1 -1 -2 -2    4  13   4  11   1  12  28   3   2   1   3   5   0   1   1   4   2   1   1   2  0.31 0.13
  188 S   -1  2  3 -1  0  1  0 -2  0 -3 -3  3  0 -3 -2  1  0 -3 -2 -3    3  14  21   1   2   7   3   1   2   2   1  25   3   0   1  11   4   0   0   1  0.39 0.19
  189 V    0  3  1  0 -1  1  1  1  2 -1 -2  0 -1 -2 -1  0  0 -2 -1 -1    6  19   6   4   1   7   8  15   6   3   3   3   1   1   1   4   4   0   1   5  0.13 0.07
  190 E   -2 -1  2  1 -1  1  4  2  2 -4 -5  1 -4 -3 -1 -2 -3 -5 -4 -4    2   3  12   8   2   6  29  20   6   0   0   7   0   1   3   1   0   0   0   0  0.53 0.28
  191 L   -1 -2  0 -2  0 -1 -2 -2 -4  0  2 -2  7 -1 -4 -2  0  1 -1 -1    5   2   6   2   2   3   3   3   0   6  17   3  31   2   1   3   7   2   2   3  0.56 0.39
  192 Q   -2  1 -1 -1 -4  2  1 -2  0 -2 -2 -1 -3  0  4  1  1  1 -2 -2    2   8   2   2   0   8  10   2   2   2   3   3   0   4  21  13   9   2   1   3  0.36 0.31
  193 G   -1  0 -1  2 -4  1  2  2  2 -3 -3 -2 -1 -4  1  0  1 -4 -2 -1    5   5   3  12   0   5  14  18   5   1   1   0   2   0   7   7   8   0   2   5  0.26 0.25
  194 Q   -2 -2 -2 -2  2  2  0 -2  0  0  3 -2  1  3 -1 -1 -1 -3  0 -1    2   1   2   2   5  10   8   2   2   4  29   2   3  13   2   4   2   0   3   3  0.25 0.25
  195 V   -2 -6 -6 -3  2 -2 -3 -6 -6  2  0 -5  1  0 -6 -2 -2 -6 -4  6    3   0   0   2   4   2   2   0   0  10   9   0   3   4   0   3   2   0   0  55  1.02 0.59
  196 R   -1  2  0  3  2  1  2  1  1 -3 -5  0 -4 -5  1  1 -2 -5 -2 -3    5  14   4  19   4   5  13  10   3   1   0   4   0   0   7   9   1   0   2   1  0.38 0.32
  197 N   -1  4  2  0 -2  2 -1 -3  1 -1 -3  1  1 -5 -2  0  0  0 -2 -4    4  27  11   5   1   8   3   1   3   3   2   8   4   0   1   8   6   1   1   0  0.42 0.34
  198 L   -3 -6 -6 -7  2 -6 -6 -7 -6  7  2 -6 -3 -1 -6 -3 -4 -6 -5  3    2   0   0   0   3   0   0   0   0  55  18   0   0   3   0   2   0   0   0  15  1.40 0.64
  199 F    5 -2 -3 -4 -1 -2 -2 -1 -4  1 -1 -3  0 -3 -1 -2  0 -5 -2  2   45   2   1   0   1   2   3   4   0   6   5   1   2   1   2   2   5   0   1  17  0.57 0.41
  200 V    0  1 -2  2 -2  0  4 -2  1 -3  0 -1 -2 -5 -3  1  0 -1 -3 -2    8   9   1  13   1   2  27   3   4   1  10   2   1   0   1   9   5   1   1   2  0.34 0.31
  201 Y   -2 -7 -7 -8  0 -3 -5 -7 -6 -3 -2 -7 -6  3 -8 -2  0 11  5 -4    4   0   0   0   2   1   1   0   0   1   4   0   0  10   0   4   6  46  18   1  2.25 0.96
  202 T    1 -5 -5 -6 -4 -4 -4 -6 -5  2  1 -5  7 -2 -5 -2  3 -5 -4  3   10   0   0   0   0   0   1   0   0  12  11   0  27   1   0   2  19   0   0  18  0.93 0.50
  203 S    3 -4 -3 -3 -1 -3 -1  2 -2 -1 -1 -4  0 -5 -3  1  3 -5 -4  1   26   0   0   1   1   0   4  13   1   2   4   0   2   0   1  11  22   0   0  11  0.47 0.35
  204 L    0  0 -1  3 -4  1  3 -3 -3 -2 -2  2 -1 -4 -3  0  1 -5 -1 -1    9   3   2  19   0   4  17   1   0   1   4  13   2   0   1   6  11   0   3   4  0.32 0.26
  205 F   -2 -6 -6 -7 -6 -4 -4 -7 -3 -3 -2 -6 -5  6 -7 -2 -6 -3  8 -5    4   0   0   0   0   1   1   0   0   1   5   0   0  29   0   3   0   0  56   0  2.13 0.83
  206 I   -2 -5 -6 -6  0 -5 -5 -4 -5  3  4 -5  5 -3 -5 -5 -2 -5  0  2    3   0   0   0   2   0   0   1   0  16  41   0  14   0   0   0   3   0   4  16  0.91 0.45
  207 K    0  0  2  3  0 -1  1  0  0 -3  0 -1 -1 -3 -3 -1  0 -4 -3 -2   10   5  13  16   2   2  12   8   2   1  12   3   2   1   0   3   7   0   1   1  0.21 0.20
  208 T   -1  2  1  1 -4  1  2  1  2 -3 -4  2 -1 -4 -3  1  1 -5 -4 -3    4  10   7   9   0   5  14  10   4   1   0  11   2   0   0  12   9   0   0   1  0.30 0.23
  209 R   -2  3  3 -2 -5  1  2 -3  6 -5 -4  2 -4 -2  0 -1 -2 -5 -2 -5    4  13  13   1   0   6  11   1  23   0   1  13   0   2   5   3   2   0   1   0  0.70 0.40
  210 I   -2  0 -3 -4  2 -2 -1 -4 -2  2  4 -2 -1 -2 -2 -2 -2 -3 -1  0    2   7   1   1   4   1   4   1   1  14  48   2   0   1   2   2   2   0   2   4  0.52 0.29
  211 R    0  1 -1 -1 -1  1  1 -1  2  2  0  1 -1 -2 -1 -1 -1 -2 -1  0    8  11   1   3   1   8   8   4   6  15  10   9   1   1   2   3   2   0   1   5  0.08 0.08
  212 N    1  1  0  0 -2  0 -1  1  0 -1  0  0 -1 -2 -2  1 -1 -2 -1  0   16   8   5   5   0   4   1  12   2   3  11   5   1   1   1  12   3   0   2   7  0.07 0.08
  213 N   -1  1  2  2 -2  2  1 -1 -1 -3 -3  0 -3 -2  3  1  1 -4 -3 -3    3   8   9  10   1  10   9   4   1   1   1   5   0   1  17   9   9   0   0   1  0.34 0.21
  214 W   -7 -7 -8 -8 -7 -7 -7 -7 -7 -7 -7 -8 -6 -4 -8 -7 -7 13 -3 -7    0   0   0   0   0   0   0   0   0   0   0   0   0   0   0   0   0  97   0   0  5.09 1.50
  215 K   -3 -5 -6 -6 -5 -5 -6 -6 -6  7  1 -2  2 -4 -2 -5 -4 -6 -5  0    1   0   0   0   0   0   0   0   0  70  13   3   4   0   2   0   0   0   0   4  1.57 0.63
  216 E    1  1  0 -1 -4  4  2 -3  2 -2 -1  1 -1 -3 -3 -1 -2 -4 -2 -2   15   6   5   3   0  26  14   0   6   2   7   6   1   1   0   3   1   0   1   3  0.41 0.30
  217 H    0 -1  0  4 -5  3  4 -3  2 -4 -5  0 -4 -5 -4  1 -1 -5 -4 -4    9   3   3  23   0  15  24   1   4   1   0   6   0   0   0   9   3   0   0   0  0.64 0.37
  218 N   -3  2  6 -1 -5  4 -1 -3  5 -4 -5 -1 -4 -5 -5 -1 -3 -5 -4 -5    2  10  35   2   0  20   4   1  16   1   0   3   0   0   0   4   0   0   0   0  1.09 0.53
  219 R   -3  1  0 -2 -6 -2 -4  7 -5 -6 -6 -2 -5 -6 -5 -3 -5 -6 -6 -6    0   9   5   2   0   2   1  77   0   0   0   2   0   0   0   1   0   0   0   0  1.72 0.65
  220 S   -3 -5 -2 -3 -6 -5 -5  7 -5 -6 -6 -4 -6 -6 -5  1 -4 -6 -6 -6    0   0   2   1   0   0   0  84   0   0   0   1   0   0   0   9   0   0   0   0  2.02 0.72
  221 W   -6 -6 -7 -7 -6 -6 -6 -6 -6 -6 -6 -6 -6 -4 -7 -6 -6 13 -3 -6    0   0   0   0   0   0   0   0   0   0   1   0   0   0   0   0   0  94   0   0  4.75 1.26
  222 D    0 -1  0  5 -2 -1  3 -3 -2 -4 -4 -1 -3 -5 -2 -1 -3 -5 -4  0   10   3   3  39   1   2  22   1   1   0   1   3   0   0   1   3   0   0   0   8  0.72 0.36
  223 D    3  0  0  0  0 -2  0  4 -1 -3 -4 -1 -2 -4 -3  0  0 -4 -4 -3   28   7   3   6   2   1   5  32   1   1   1   3   1   0   0   4   5   0   0   0  0.48 0.27
  224 F    0 -5 -5 -5 -1 -5 -4 -5 -4  0  0 -5 -1  8 -4 -4 -4 -2  0 -2    7   0   0   1   1   0   1   0   0   5   7   0   1  69   1   1   1   0   1   3  1.62 0.58
  225 M    0 -3 -3 -3  4 -3 -3 -4 -4  1  1 -3  3  0 -3 -2  1 -2 -2  4   10   0   1   1  10   0   2   1   0   5  13   1   8   5   1   2   8   0   1  31  0.37 0.24
  226 T    0  0  0  3 -3  1  4 -2  0 -3 -3  2 -3 -4 -2  0 -1 -4 -3 -3    8   5   2  18   1   5  30   2   2   1   2  12   0   0   1   5   3   0   0   1  0.47 0.26
  227 L   -3 -1 -4 -4  2 -2 -4 -3 -1  1  3 -2  0  4 -3 -3 -2 -2  3 -1    1   3   0   0   5   2   1   1   1   9  34   2   1  23   1   2   2   0   9   2  0.53 0.28
  228 G    0 -2 -2 -3 -3 -1 -2  1  0 -2 -2 -2 -2  5 -2  0 -2 -1  5 -1   10   2   2   1   0   2   2  11   2   2   2   2   0  28   2   6   2   0  20   3  0.52 0.26
  229 K    0  1  2 -1 -1  0  1  3  0 -3 -2  1 -2 -3  0  0 -1 -3 -2 -1    5   9  11   1   1   5   8  26   3   1   3   9   0   1   4   4   4   0   1   4  0.23 0.14
  230 Q    0  0  2  2 -1  2  0  0 -1 -2 -2  1 -1 -2  0  1  1 -2 -1 -1    5   3  11  13   1  10   4   8   1   2   3   8   2   2   4   8   9   0   2   3  0.14 0.09
  231 M    0 -1  1  0  0  0  0  0  0  1  0  0  1 -1  2  0  0 -1 -1  0   10   2   8   3   2   4   3   6   3  11   7   5   5   3  10   6   4   1   2   5  0.04 0.03
  232 K    0  1 -1  0  0  0  0  0  0  1  0  1  0 -1  0  0 -1 -2 -1  1    6   9   3   6   2   3   3   6   2  17   6  10   3   1   4   6   2   0   2   8  0.02 0.04
  233 E    0  2  0  1  0  1  2 -1  0 -2 -1  1 -1 -2 -1  0 -1  0 -1 -1    7  13   5   7   3   5  18   4   2   2   6   8   1   1   2   7   3   1   1   4  0.14 0.08
  234 D    0  1  1  1 -2  0  0 -1 -1 -1 -1  0 -1  0  0  0  0  1  0  0    8   7  10  10   1   3   5   4   1   2   6   7   2   6   5   5   4   2   2  10  0.04 0.03
  235 Y   -1  1  2  0 -2 -1 -1 -1  1 -1 -1 -1 -1  1  1  0  0 -1  3  0    3   9  13   4   1   2   3   5   3   2   4   3   2   6   7   8   4   0  13   8  0.12 0.09
  236 E   -1  0  0  1 -2  2  2  0  1 -2  0  1 -1  0 -1  0  0 -2 -1 -1    4   3   2  11   0  10  15   9   5   2   9   7   1   4   2   6   4   0   2   3  0.11 0.08
  237 R   -1  3  1  2 -2  1  0  0 -1 -1 -1  0 -1 -2 -1  0  0 -1 -2 -1    5  19   7  15   0   5   6   6   1   4   4   5   1   1   3   5   5   1   1   5  0.16 0.11
  238 A    1  0 -1  0 -1  2  1  1 -1 -1 -2  0 -1 -2 -1  1  0 -2 -2  0   17   4   2   5   1  11  11  10   1   2   3   4   2   1   2  13   3   0   1   9  0.14 0.11
  239 E    1  1  0  0 -1  1  1  0 -1 -2  0  0 -1 -1 -1  1  0  0 -2 -1   17   9   3   3   1   8  11   6   1   1  10   4   1   2   2  11   5   1   1   2  0.10 0.08
  240 A    2  0 -1  0  0  1  1  0 -1 -1 -1 -1  0 -1  0  1  0 -2 -2  0   23   4   2   6   2   7  10   6   1   2   4   2   2   2   5  11   5   0   1   7  0.12 0.10
  241 E    1  0 -1 -1 -1  1  3 -2  0 -2 -1  0 -1 -1 -2  0  0 -2 -1  1   10   6   3   2   1   5  29   2   2   1   6   4   1   3   1   8   4   0   2  11  0.19 0.14
  242 K    0  0  0  0 -1  1  2  0 -1 -1 -1  1  0 -2 -2  1  0 -1 -2  1    7   5   5   6   1   5  16   6   0   3   4   7   2   1   1  13   2   1   1  14  0.10 0.09
  243 V    0  1 -1 -1 -2  2  1 -1 -1  0  1 -1 -1  1 -1  0  0 -2 -1  0    6  11   2   3   0  11  13   4   1   4  14   1   1   7   2   4   5   0   2   9  0.08 0.09
  244 G    0  2  2 -1  0  0  1  2 -1 -2  0  1 -1 -1 -1  0 -1 -2 -2 -1    7  12  10   2   3   4  10  16   1   2  10   8   0   2   2   5   2   0   1   3  0.11 0.09
  245 R    0  3 -1 -1 -2  0  0  1 -1 -2 -1  1 -1  1 -1  1 -1 -1 -2 -1    4  17   2   2   0   4   6  14   1   1   6  11   1   7   2  14   2   1   1   4  0.16 0.13
  246 R   -2  3 -1 -2 -2  3 -1 -2  0  0 -1  1  1 -1 -1 -1  0  0 -1  0    2  22   3   1   1  20   1   3   2   5   6   8   4   2   3   4   5   1   2   6  0.27 0.20
  247 K   -1  1 -2 -1 -3  0  1 -1  0 -1  0  0  1  1 -1  0 -1  4 -1 -1    4  11   1   3   0   4  13   5   2   4  10   4   4   7   3  10   2   8   1   4  0.12 0.11
  248 Q    0  2  1 -1 -2  0  1 -1 -1 -1 -2  1 -2 -1  1  1  0 -3 -2  0    8  13   7   3   1   3  10   3   1   2   2   9   0   3   6  15   5   0   0  10  0.15 0.13
  249 N    0 -1  2  1  0 -1  1  0 -1 -1  0 -1 -1  1 -1  1  0 -2 -1  0    6   2  13   9   2   0   9   6   1   2   8   2   0   8   2  12   4   1   1  11  0.08 0.11
  250 R    0  3  2 -2  1 -1 -1  1 -1 -2 -1  0 -1 -1 -2  1 -1 -3 -2 -1    9  23  11   1   3   0   2  12   1   1   7   5   1   4   1  10   2   0   1   4  0.20 0.17
  251 R   -1  4  1 -1 -1 -1 -1 -1 -2  0 -1  1 -1  0  0  1 -1  2 -1 -2    3  27   8   3   1   0   2   4   0   5   6  10   1   4   5  10   2   3   2   2  0.23 0.18
  252 W   -6 -6 -6 -7 -6 -5 -4 -4 -5 -5 -4 -6  3  4 -7 -4 -6 12  0 -5    0   0   0   0   0   0   1   1   0   0   0   0   7  18   0   1   0  66   2   0  3.16 0.97
  253 S    2 -1 -3 -3 -3 -3 -3 -2 -3 -2  1 -2  0 -1  2  3  1  4 -2 -1   17   3   0   1   0   0   0   2   0   1  18   1   3   2  10  25   8   6   1   4  0.32 0.27
  254 M    1 -4 -3 -4 -3 -2 -3 -4 -4  0  3 -3  1  0 -4  3 -1  4  0 -1   12   0   0   0   0   1   0   0   0   5  31   1   4   3   0  26   3   7   3   3  0.46 0.33
  255 I    1 -1 -3 -4 -3 -2 -2 -2 -3  3  1 -1  1  1 -3 -2  1 -3 -2  2   16   3   0   0   0   1   1   2   0  23  10   5   3   8   0   0   8   0   0  19  0.29 0.22
  256 G   -1  2 -1 -2 -4 -3 -3  5 -4 -3 -3  2 -4 -5 -4  0 -1 -5 -4 -1    3  11   2   1   0   0   0  53   0   1   3  11   0   0   0   6   3   0   0   5  0.81 0.39
  257 A    2 -1 -2 -3  0 -3 -3 -3 -3  1  2 -2  2  1 -3 -1  2 -3 -1  1   17   4   1   0   2   0   0   1   0   9  19   1   7   6   0   3  19   0   1  10  0.26 0.21
  258 G    0 -2 -2 -3 -3 -2 -2  4 -3  0  0 -1 -1  0 -2  0  1 -3 -2  1    9   2   0   0   0   0   2  32   0   3  11   4   1   5   1   5  11   0   0  13  0.26 0.18
  259 V    0 -4 -4 -4  0 -3 -4 -3 -4  2  2 -3  0  2 -4 -3  1 -3 -2  4    7   0   0   0   2   0   0   2   0   8  23   0   2  11   0   0   8   0   0  35  0.46 0.26
  260 T    2 -3 -3 -3 -1 -2 -3  2 -3  2  2 -1 -1 -1 -3  0  0 -3 -2  1   20   0   0   0   1   0   0  15   0  11  24   4   0   1   0   5   5   0   0  11  0.21 0.17
  261 A    3 -3 -3 -4  2 -3 -3  0 -3  0  2 -3  1  1 -3 -1  2 -3 -1  0   26   0   0   0   5   0   0   7   0   3  20   0   3   8   0   1  18   0   2   6  0.30 0.24
  262 G    3 -4 -3 -3 -3 -3 -3  5 -4 -3  0 -3 -2 -4 -3  0  0 -4 -4 -3   32   0   0   0   0   0   0  45   0   0  11   0   1   0   0   4   5   0   0   1  0.81 0.38
  263 A    4 -4 -4 -4 -3 -3 -3  0 -4 -1  0 -3  2 -1 -3 -1 -1 -4 -1  3   40   0   0   0   0   0   0   5   0   1   8   0   6   2   0   2   3   0   3  30  0.52 0.33
  264 I   -1 -2 -4 -5 -1 -4 -4 -5 -4  2  3 -4  0  3 -4 -3 -2 -3 -2  4    3   3   0   0   1   0   0   0   0  10  28   0   1  16   0   0   1   0   0  35  0.60 0.29
  265 G    3 -3 -3 -3  0 -3 -3  4 -3 -1  1 -3 -2 -2 -3 -1 -2 -4 -2  1   26   0   0   0   2   0   0  34   0   2  20   0   0   1   0   1   1   0   2  10  0.47 0.27
  266 I    1 -3 -3 -3 -2 -3 -3  2 -3  2  2 -3  1 -2 -3 -2  0 -3 -2  2   15   0   0   0   0   0   1  16   0  12  29   0   3   0   0   1   5   0   0  15  0.28 0.18
  267 V    1 -2 -2 -3 -2 -2 -3  3 -3  0  1 -2  1 -2 -3 -2 -1 -3 -2  3   14   1   1   1   0   1   1  24   0   3  13   1   5   0   1   1   3   0   0  31  0.30 0.18
  268 G    4 -3 -2 -3 -3 -3 -3  4 -3 -3 -1 -2 -2 -3 -3  1  0 -4 -3 -2   41   0   0   0   0   0   0  36   0   0   7   0   0   1   0   9   5   0   0   0  0.65 0.29
  269 V    2 -3 -3 -4  3 -3 -3 -3 -3  2  2 -3  0  0 -3  0 -1 -3 -2  2   21   0   0   0   8   0   0   0   0  12  28   0   1   4   0   6   2   0   0  16  0.31 0.18
  270 V   -2 -3 -3 -4 -2 -3 -4 -2 -3  3  2 -3  2  3 -4 -2  1 -2  0  2    1   0   0   0   0   0   0   3   0  24  15   0   8  15   0   0  14   0   1  17  0.37 0.19
  271 V   -1 -3 -3 -3 -2 -3 -3 -4 -4  3  1 -3 -1 -2 -3 -1  5 -4 -3  2    2   0   0   0   0   0   0   0   0  26   9   0   0   0   0   0  46   0   0  18  0.65 0.29
  272 C    0 -3 -3 -4  3 -2 -3  2 -3  1  2 -3  0  0 -3 -2 -1 -3 -1  2    7   0   0   0   7   2   0  21   0  10  32   0   0   2   0   0   1   0   2  16  0.27 0.15
  273 G    1 -3 -2 -2 -3 -2 -3  5 -3 -3 -2 -1 -1 -2 -3  0  2 -3 -3 -1    9   0   0   0   0   0   0  55   0   0   3   5   2   2   0   4  16   0   0   4  0.64 0.22
  274 R    3  3 -2 -3 -2 -1 -2  0 -2 -2  0  0 -1 -3 -2  0 -1 -3 -1 -2   44  24   0   0   0   0   0   5   0   0  14   5   1   0   0   2   3   0   2   0  0.35 0.19
  275 M   -1 -3 -4 -4 -3 -3 -4 -4 -2  2  1 -3  0  5 -4 -3  0 -1  4  0    6   0   0   0   0   0   0   0   0  16  14   0   2  36   0   0   5   0  18   4  0.55 0.19
  276 M   -2 -1 -4 -4 -2 -3 -4 -4 -3  1  3 -3  2  4 -4 -2 -2 -2  0  1    0   3   0   0   0   0   0   0   0   4  47   0   7  27   0   2   0   0   0  10  0.53 0.18
  277 F    3 -3 -3 -4 -2 -2 -3 -2 -2  0  3 -2  0  3 -3 -1 -2 -2  1 -1   41   0   0   0   0   0   0   0   0   0  36   0   0  19   0   0   0   0   3   0  0.37 0.16
  278 S    1 -1 -1 -1 -2 -1 -1  1 -2 -2  0  0 -1 -3 -2  4  0 -3 -2 -2    9   0   0   0   0   0   0   9   0   0  12   8   0   0   0  62   0   0   0   0  0.40 0.15
  279 L    1  0 -2 -2 -2  2 -1 -2 -2  0  1 -1  2  2 -2  0  1 -2 -1  0   18   7   0   0   0  17   0   0   0   0  13   0   9  12   0   0  13   0   0  10  0.10 0.05
  280 K   -2  5 -1 -2 -4  1  0 -2 -1 -4 -3  5 -2 -4 -2 -1 -1 -4 -2 -3    0  37   0   0   0   0   0   0   0   0   0  63   0   0   0   0   0   0   0   0  0.77 0.12

                      K         Lambda
Standard Ungapped    0.1359     0.3213
Standard Gapped      0.0388     0.2670
PSI Ungapped         0.1260     0.3092
PSI Gapped           0.0388     0.2670
