
Last position-specific scoring matrix computed, weighted observed percentages rounded down, information per position, and relative weight of gapless real matches to pseudocounts
           A  R  N  D  C  Q  E  G  H  I  L  K  M  F  P  S  T  W  Y  V   A   R   N   D   C   Q   E   G   H   I   L   K   M   F   P   S   T   W   Y   V
    1 M   -4 -4 -5 -6 -4 -3 -5 -6 -5 -2  0 -4 10 -3 -5 -4 -4 -4 -4  0    0   0   0   0   0   0   0   0   0   0   1   0  95   0   0   0   0   0   0   4  2.62 0.71
    2 S    3 -3 -1 -3 -3 -2 -1 -2 -3 -4 -4 -2 -2 -4 -3  5  2 -5 -4 -3   24   0   1   0   0   0   4   0   0   0   0   0   1   0   0  58  12   0   0   0  0.92 0.41
    3 Q    0 -1  0  0  0  2  1 -1  1 -2 -1 -1  1 -1  0  2  2 -3 -2 -1    9   2   3   3   2  10  11   3   4   1   7   0   5   2   3  17  17   0   0   2  0.16 0.14
    4 N    0  0  2 -2 -3  0 -1 -1 -2 -4 -3 -1 -2 -4 -1  4  2 -5 -4 -3    7   6  12   1   0   4   3   3   0   0   1   1   1   0   2  43  16   0   0   0  0.54 0.30
    5 G    1  0 -1 -1 -3  1  0  3 -2 -3 -3  1 -2 -3  1  0  2 -3 -3 -2    9   3   2   2   0   7   7  26   0   0   1  11   0   0   5   6  16   0   0   3  0.30 0.16
    6 A    1  0  1 -1 -3  1 -1  0 -1 -2 -2  0 -2 -2  3  0  2 -2 -2 -1   18   4   6   1   0   9   1   7   1   2   2   5   0   2  15   6  17   1   0   2  0.25 0.15
    7 P   -1  0  0 -1 -4  0  0 -3 -3 -4 -4  2 -3 -4  6  2 -1 -4 -4 -4    3   5   5   2   0   4   5   0   0   0   1  13   0   0  39  22   1   0   0   0  0.85 0.33
    8 G    0  0  1  0 -3  2  1  2  1 -2 -2  1 -1 -1 -1  1  0 -3 -1 -2    5   4   7   5   0  12   7  16   4   2   3   9   1   4   2  11   4   0   2   3  0.14 0.09
    9 M    0 -2  1 -2  0 -2 -1 -2 -2  0  1 -2  2  0  1  2  2 -3 -2 -1    4   1   8   0   2   0   2   2   1   4  20   1   8   3   7  19  14   0   0   3  0.17 0.16
   10 Q    0  0  0 -1 -1  2  0 -1 -2 -3 -2  0 -1 -4  3  3  1 -4 -3 -2    5   4   4   2   1  13   4   4   0   0   3   3   1   0  16  30   6   0   0   2  0.38 0.23
   11 E   -3 -2  0  5 -5  1  5 -3 -3 -5 -4  0 -2 -5 -1 -1  0 -5 -4 -3    0   1   3  31   0   5  41   1   0   0   1   3   1   0   3   2   6   0   0   1  0.90 0.38
   12 E   -1 -3 -2  5 -5  1  5 -4 -1 -5 -5  0 -4 -4  0 -1 -1 -3 -4 -4    5   0   0  30   0   4  44   0   1   0   0   4   0   0   4   2   3   0   0   1  0.94 0.39
   13 S    0  0  2  0 -1  0 -1  2  0 -2 -1 -2 -2 -1 -2  3  0 -3 -2 -2    6   6  10   5   1   3   1  16   2   2   9   0   0   3   1  29   4   0   0   1  0.23 0.18
   14 L   -2 -1 -5 -5 -4 -3 -5 -5 -5 -1  6 -4  2 -1 -1 -4 -2 -4 -3  0    2   4   0   0   0   1   0   0   0   1  78   0   4   2   3   1   1   0   0   4  1.12 0.44
   15 Q   -2 -1  3 -2 -2  3 -2  2  2 -4 -3 -2 -2 -4  3  0 -1 -4  0 -4    1   3  19   1   1  17   0  20   6   1   2   0   1   0  15   6   2   0   4   0  0.50 0.28
   16 G   -3 -3 -3  2 -3 -1  4  5 -3 -6 -6 -3 -5 -5 -4  0 -3 -2 -5 -5    0   0   0  12   0   1  34  45   0   0   0   0   0   0   0   5   0   1   0   0  1.10 0.44
   17 S   -1 -4 -3 -2 -4 -4 -4 -4 -4 -6 -6 -4 -5 -3 -1  7 -2 -6 -5 -5    3   0   0   1   0   0   0   0   0   0   0   0   0   1   3  92   0   0   0   0  1.92 0.74
   18 W   -6 -6 -7 -8 -6 -1 -6 -6 -6 -7 -6 -7 -6 -3 -2 -7 -6 12 -2 -7    0   0   0   0   0   3   0   0   0   0   0   0   0   0   2   0   0  93   0   0  4.53 1.12
   19 V   -2 -5 -5 -6 -4 -5 -3 -3  0  2 -2 -5 -1 -4 -5 -4 -3 -6 -4  7    3   0   0   0   0   0   1   2   2  10   1   0   1   0   0   0   0   0   0  80  1.51 0.57
   20 E   -4 -3 -1  2 -6 -1  7 -3 -1 -6 -6 -1 -5 -6 -4 -3 -4 -6 -5 -5    0   0   3   9   0   0  79   2   1   0   0   3   0   0   0   0   0   0   0   0  1.73 0.64
   21 L   -4 -5 -6 -6 -4 -2 -5 -6 -5  0  6 -5 -1 -1 -5 -5 -4 -4 -4  0    0   0   0   0   0   2   0   0   0   3  86   0   0   2   0   0   0   0   0   6  1.49 0.55
   22 H    0  0  2  0 -1  1  1 -2  6 -3 -3 -2 -1 -3 -1  1 -1 -4  0 -2    8   6  13   5   2   5  12   2  22   0   2   0   1   0   3  10   3   0   2   3  0.39 0.24
   23 F   -1 -3 -2 -3  2 -2 -1  0  0 -2 -1 -3  3  4  2  1  1 -1  2 -2    5   0   1   0   4   1   3   7   2   1   3   0   9  19  12  14   9   1   6   2  0.29 0.21
   24 S    0  0  3  0  2  1 -1  2 -2 -3 -4 -2 -3 -4 -1  3  0 -4 -3 -2    7   4  14   4   5   5   1  17   1   1   0   0   0   0   2  31   3   0   0   3  0.40 0.26
   25 N    0  2  3  0 -1  0 -1  2 -2 -3 -2 -1 -2 -3  2  2  0 -4 -3 -3    7  14  15   3   2   2   3  15   0   0   4   1   0   1   9  16   7   0   0   0  0.29 0.20
   26 N    0  0  4 -1  3  0  0  1 -1 -3 -3 -2 -3 -4  2  1  2 -4 -3 -3    6   5  24   1   7   3   7  10   1   1   2   0   0   0  10  11  13   0   0   1  0.37 0.23
   27 G   -1 -2  1 -1  0 -2  0  4 -1 -3 -1 -2  0 -4  0  2 -1 -4 -3 -1    1   1   8   2   2   1   6  32   1   1   6   0   3   0   4  23   3   0   1   4  0.39 0.24
   28 N    0 -1  2 -1  2  0 -1  2 -1 -2  0 -1 -1 -3  2  1 -1 -3 -3 -1    9   3  11   2   6   3   3  20   1   2  11   1   1   1  10  12   2   0   0   3  0.19 0.14
   29 G    0 -1  1  0  3  0  0  3 -1 -3 -1 -2 -2 -3  1  0  1 -3 -2 -2    8   2   7   7   8   3   5  23   1   0   9   1   0   0   8   5  11   0   2   1  0.22 0.15
   30 G   -1  2 -1 -1 -1  0  2  2 -2 -1 -3  0 -3 -4  0  3  0 -4 -3 -2    2  12   2   2   1   2  16  18   0   4   1   3   0   0   4  28   3   0   0   2  0.33 0.21
   31 S    0 -1 -1 -1 -3  1  0 -1  4 -1 -2  0 -2 -3  2  2  1 -4 -2  0    6   2   1   2   0   8   6   3  13   4   2   3   0   0  10  23   7   0   0  10  0.25 0.18
   32 V   -1 -1 -2 -1 -1  0  0 -1  1  0  0 -2  0  0 -1  0  2 -3 -2  3    3   2   0   3   1   6   8   4   4   2   5   1   2   5   3   6  14   0   0  33  0.16 0.16
   33 P   -1 -2 -2  2 -4  1 -1 -3  2 -3 -3 -1 -3 -4  6 -1  0 -5 -3 -2    4   1   0  15   0   8   2   1   7   1   2   2   0   0  45   2   7   0   0   2  0.95 0.34
   34 A    1 -1 -1  1 -2 -1 -1 -1  2  1  0 -2 -1  0  0  2  1 -3 -1 -1   14   3   1   8   0   2   0   2   6   9   9   0   0   4   4  23   9   0   2   2  0.12 0.13
   35 S    0  0  1 -1 -3 -1 -2 -2  3 -1 -1 -2 -1 -3  4  3  0 -4 -3 -1    4   5   6   2   0   1   0   1   8   4   8   0   2   0  19  33   4   0   0   3  0.40 0.22
   36 V    0 -3 -2 -2 -2 -1 -2 -2 -1  1  1 -2  2  2  0  2  2 -3 -1  2    5   0   0   1   0   2   1   1   1   7  12   0   9   9   3  19  13   0   0  15  0.18 0.15
   37 S    0 -2 -1  0 -2 -2 -1  0 -2 -1 -2 -2 -2 -2  3  4  1 -4 -2  0    2   0   1   4   1   0   2   6   0   4   3   0   0   2  14  47   5   0   1   6  0.44 0.23
   38 I    1 -3 -2 -2  0 -2 -2 -1 -1  3  1 -2  0  0 -2  2  0 -3 -2  1   12   0   1   2   1   0   0   4   1  29  11   0   1   3   1  21   4   0   0   6  0.19 0.15
   39 Y   -1 -1  1 -2  1  1 -1  0  5  0  0 -1  0 -1  0 -1 -1 -2  3 -1    3   1   9   0   4   7   3   6  23   5   9   1   2   1   4   2   2   0  13   4  0.24 0.14
   40 N    0 -1  4  2 -3  1  1  0  2 -2 -3 -1 -1 -2 -2  0  0 -3 -2 -2    6   1  33  14   0   8   6   6   5   1   1   1   1   2   1   6   3   0   0   3  0.36 0.15
   41 G    1  0  0 -1 -1 -1  1  5 -1 -3 -3 -1 -3 -3 -2  0 -1 -3 -3 -2    9   5   4   3   1   1   9  53   2   1   1   1   0   1   1   3   3   0   1   2  0.57 0.17
   42 D   -1 -1  2  4 -3  0  3 -1 -1 -2 -3  0 -2 -3 -1  0 -1 -3 -2 -1    4   1  12  38   0   1  21   4   0   2   2   2   0   1   1   3   2   0   1   4  0.43 0.10
   43 M   -1 -2 -2 -3  0 -1 -2 -3 -1  1  1 -2  6  0 -2 -2 -1 -1  2  2    2   1   1   1   2   2   1   1   0   5  11   1  40   2   1   1   1   0  11  15  0.34 0.12
   44 E   -1 -1  0  0 -3  1  5 -2 -1 -1  0  0 -2 -3 -2 -1 -1 -3 -2 -2    1   1   2   1   0   2  69   1   0   3  10   3   0   1   1   1   1   0   1   1  0.61 0.16
   45 K   -1  3  0  1 -3  1  1 -2 -1 -3 -2  4 -1 -3 -1  0 -1 -3 -2 -2    1  20   2   8   0   3   7   1   0   1   1  47   2   1   1   2   1   0   1   1  0.44 0.11
   46 I    0 -2 -2 -2 -1 -1 -2 -2 -2  2  2 -2  2 -1  0  0  0 -2 -1  1    7   1   1   1   0   1   1   1   0  24  25   1   8   1   4  14   3   0   0   7  0.15 0.06
   47 L   -1 -2 -3 -3  4 -2 -3 -3 -3  1  4 -2  1 -1 -3 -2 -1 -2 -2  1    1   1   1   1  13   1   1   1   0   1  66   1   0   1   1   1   1   0   0   8  0.45 0.12
   48 L    0  1 -2 -2 -2 -1 -2 -2 -2  1  2 -1  1  2 -2 -1 -1  1  0  0   11  11   1   1   0   2   1   1   0   3  39   3   3  14   1   1   1   2   0   5  0.14 0.06
   49 D   -1  1  1  3 -3  1  4  1 -1 -3 -3  0 -2 -3 -1 -1 -1 -3 -2 -3    1  11   5  23   0   1  42  10   0   1   1   1   0   1   1   1   1   0   0   1  0.45 0.09
   50 A    3 -2 -2 -2  3 -1 -1 -1 -2  0  1 -1  0 -2 -1  0 -1 -2 -2  0   58   1   1   1   8   1   1   1   0   1  15   1   0   1   1   1   1   0   1   8  0.26 0.09
   51 Q    0  0  0 -1 -2  4  1 -1  0 -1 -1  0 -1 -2 -1  1  0 -2 -1  0    9   1   1   1   0  48   1   2   1   1   2   1   1   1   1  15   1   0   1  12  0.30 0.09
   52 H   -1  1  0 -1 -2  1  1 -2  6 -1 -1  0  0  0 -2 -1 -1 -2  0 -1    2   8   1   1   0   4  11   2  39   1   7   5   4   4   1   2   1   0   1   5  0.30 0.08
   53 E   -3 -1 -3  3 -5 -1  6 -4 -3 -5 -5 -2 -4 -5 -1  0 -3 -5 -4 -5    0   3   0  14   0   0  70   0   0   0   0   0   0   0   3   6   0   0   0   0  1.44 0.57
   54 S   -1 -3 -2 -3  2 -2 -3 -1  3 -4 -4 -3 -3 -2  0  5  2 -4 -3 -3    3   1   0   1   5   0   1   4   7   1   1   1   0   1   4  56  13   0   0   2  0.84 0.48
   55 G   -1  1  1  0  0 -1  3  3 -1 -3 -3  1 -3 -3 -2  1  0 -3  0 -3    1   7   7   4   2   0  22  22   1   1   3   7   0   0   1  12   5   0   3   1  0.31 0.22
   56 R   -1  3 -1  1  0  3 -1 -1  3 -4 -3 -1 -3 -4  1  2  0 -1 -3 -3    3  20   2   8   3  13   2   5   7   0   2   1   0   0   7  21   5   1   0   1  0.36 0.28
   57 S   -1 -3  0 -3 -4  0 -3  2 -3 -4 -4 -2 -4 -5  1  5  0 -5 -4 -4    3   0   4   0   0   3   0  17   0   0   1   2   0   0   7  57   3   0   0   1  0.92 0.53
   58 S   -1 -1  1  2 -3 -2  0 -3  1 -3 -3 -2 -3 -1 -1  5 -1 -4 -3 -4    2   3   6  12   0   0   5   1   4   1   3   1   0   3   3  54   2   0   0   1  0.73 0.46
   59 S    1  1 -1 -2  1  0 -1  1 -3 -3 -2 -2 -3 -2  0  4 -1 -4 -3  0    8   9   2   1   3   3   3  10   0   1   3   1   0   2   4  42   2   0   0   7  0.41 0.33
   60 K    2  3  1 -1 -3  0  0 -1 -2 -1 -2  2 -2 -3 -2  1  0 -3 -3 -1   20  21   6   2   0   3   4   4   0   4   2  11   0   0   1  14   4   0   0   5  0.26 0.21
   61 S   -1  0  0 -1  3 -2  0  2  1 -1  0 -2  0 -2 -3  1 -1  4 -2  0    4   4   5   3   8   0   7  17   5   2  13   1   2   0   1  11   4   6   0   8  0.16 0.18
   62 S   -2 -1  0  2  1 -3 -1 -1 -3 -3  0 -1 -3 -1  1  4 -1 -4 -4 -2    1   3   3  11   3   0   4   4   0   1  12   3   0   2   8  39   3   0   0   3  0.45 0.38
   63 H    0 -1  0  0 -3  0 -2 -1  3 -1  0 -1  0 -3 -1  4 -1  2 -3 -1    6   3   4   4   0   3   1   5   7   3  12   4   2   0   2  33   2   3   0   5  0.28 0.29
   64 C    0  1  0 -1  4  0 -1 -1  2 -1  0  0  0 -1  1  0 -1 -3  0  0    6   8   4   3  11   3   3   4   6   4   8   6   3   3   7   8   3   0   3   7  0.11 0.13
   65 D   -1 -1  0  2  4  0 -1  2  2 -1 -4  0 -3  0  0  1 -1 -4  0 -2    3   4   5  12  10   3   3  15   5   3   0   6   0   4   4  13   3   0   4   3  0.25 0.24
   66 S    0  1  0  1 -4 -3 -1  0  1 -2 -4 -3 -4  0  1  4  1 -5 -4 -4    8  10   3   9   0   0   3   7   4   3   1   0   0   4   6  34   7   0   0   0  0.44 0.37
   67 P    0  1 -3 -3 -4 -3 -1 -1  0 -2 -3 -1 -3 -4  6  2 -3 -4 -4 -1    6   8   1   1   0   1   4   4   2   2   3   4   0   0  41  17   1   0   0   4  0.86 0.45
   68 P    0  1 -3 -3  2  1 -2 -1 -3 -1 -1  1 -3 -4  5  0 -1 -4 -3 -2    8   7   1   1   5   6   1   5   0   5   5   8   0   1  34   6   4   0   0   2  0.60 0.33
   69 R    0  4  0 -1 -1  1 -1  0  1 -3 -2  0 -3 -1 -1  1 -1  4  0 -2    8  25   3   4   1   7   2   8   3   0   3   5   0   3   3  11   2   6   3   3  0.27 0.23
   70 S    1  1 -1  0 -3  1 -1 -1  0 -3 -1  0 -3 -4  3  3  0 -4 -3  0    9   8   3   5   0   7   3   3   2   0   5   5   0   0  13  24   3   0   0   9  0.26 0.27
   71 Q   -1 -1 -1  0 -5  2  1  0  2 -2 -2 -1  0 -1  4 -1 -1  3  0  0    4   3   3   4   0   9  10   7   5   3   3   3   3   3  21   3   3   4   3   7  0.28 0.28
   72 T    0  0  0  0 -4  0  0 -1  1 -1 -2 -1 -3 -4  0  2  4 -5  0 -3    6   4   4   5   0   5   5   5   4   4   4   4   0   0   5  18  25   0   3   0  0.33 0.32
   73 P   -2 -2 -4  0 -5  0 -3 -2  0 -5 -1  0 -1 -5  7  1 -2 -5 -5 -3    2   2   0   6   0   4   0   2   3   0   6   5   1   0  50  13   2   0   0   2  1.16 0.63
   74 Q   -2  1 -1  1 -4  3  1 -1  2 -2  0  0 -2 -4  2  1 -2 -4 -3 -1    2   8   2   9   0  18   8   5   5   2  12   3   0   0  10  10   0   0   0   4  0.25 0.27
   75 D   -1 -1  0  3 -3  1  1  0  2 -1  0 -1 -1 -2 -1  0 -1 -4 -3  0    4   3   3  23   0   8   7   7   5   3  11   3   2   2   3   8   2   0   0   6  0.18 0.20
   76 T    0 -1 -1  1 -3  0  0  0  0 -1  0  0  0 -3  1  2  1 -3 -1  0    4   3   2   7   0   3   6   6   2   4  11   5   2   0   6  22   8   0   2   6  0.11 0.16
   77 N   -1  0  1  0  0  1  0  1  1 -3 -2 -1 -3  0  3  0 -1  4 -1 -2    4   4   8   5   2   8   7  12   3   0   3   3   0   4  15   7   4   6   2   3  0.21 0.20
   78 R   -1  3 -1 -1 -4  3  1  0 -1  0  0  1 -2 -4 -1  0 -1 -4 -2 -2    5  22   2   2   0  15   7   6   1   5   8   9   0   0   2   8   4   0   1   2  0.27 0.26
   79 A    1 -2 -2 -2 -1 -1 -1  1  1  2  0 -3  0 -3  2  2  0 -4 -3 -1   15   2   0   1   1   2   3  11   4  13   8   0   3   0   9  19   5   0   0   3  0.21 0.25
   80 S   -1 -1 -1 -2 -1  0  0 -2 -3  1  0 -1  2  1  3  3 -1 -4 -3 -1    3   2   2   2   2   4   5   1   0   8   8   3   6   7  15  25   3   0   0   3  0.27 0.28
   81 E   -1 -1 -1  1 -4 -1  3 -3 -3 -1 -1 -1 -3  2  4  0  0 -4 -3 -1    5   2   2   8   0   1  21   1   0   4   6   3   0   8  20   8   5   0   0   5  0.38 0.30
   82 T   -1  0  1  1  0  0  0 -1  0  0  0 -1  0 -1  0  0  1  0 -2  1    5   5  10   8   2   3   6   4   2   3   9   3   2   3   5   3  12   2   0  13  0.05 0.09
   83 D   -1 -3  0  2 -4 -1  3 -2  0 -3 -2 -2 -3  1  1  2 -2 -4 -3  0    5   0   5  14   0   2  18   2   2   0   4   2   0   8   7  19   2   0   0   9  0.31 0.30
   84 T    0 -2 -1  1 -3  1  1 -1 -1 -1 -1 -1  2 -3  2  0  1 -1 -3  0    5   2   2  10   0   6  12   5   1   4   6   2   6   0  13   8  10   1   0   7  0.18 0.19
   85 H   -1  0  0 -3  0  1  0 -1  5 -2 -2  0  2 -3  1  0 -1 -4 -2  1    4   5   4   1   2   7   6   3  18   1   4   6   7   0   7   7   4   0   0  11  0.26 0.28
   86 S   -1 -2 -1  1  1  0  0  0  2 -2 -2 -1 -1 -4 -1  3  1 -4  0 -2    3   2   2   7   3   5   4   8   6   2   4   3   2   0   3  30  10   0   3   2  0.29 0.30
   87 I   -1 -1 -1 -1 -3  0  1 -1  0  1  0 -1  2 -1  2  1  0 -3 -3  1    5   3   3   2   0   5   9   3   2   8   6   3   6   2  13  12   7   0   0  10  0.12 0.17
   88 G   -1  0  1 -1  1  0 -1  1  1 -1  0 -1  0  0  2  1  0 -3  1 -1    5   5   6   3   3   3   3   9   4   3   8   3   3   4  10  15   4   0   6   3  0.09 0.12
   89 E    0  0  1  1  2  0  1  0  1  0 -1  0 -2 -3  0  1  0 -4 -3  0    7   5   6   6   5   4  12   7   4   5   8   4   0   0   4  11   5   0   0   6  0.09 0.12
   90 K   -1  2  0  1 -4  0  0 -2  0 -3 -1  1  0 -3  4 -1  0 -4  0  0    3  13   5   8   0   4   7   3   2   0   5   8   2   0  19   3   5   0   3   8  0.28 0.24
   91 N   -2  1  3  1 -4  0  0  0  3 -1 -1  0 -2  1  0  0 -1  1  0 -2    2   9  15  10   0   4   6   6   8   4   5   4   0   6   4   8   3   2   3   2  0.17 0.19
   92 S    0 -2  0  0  2  0  0  0  2  0  0 -2  1  1  1  0  0 -2  1  0    6   0   6   6   6   6   6   6   6   6   6   0   6   6   6   6   6   0   6   6  0.05 0.11
   93 S   -1  0  0  0  2  1  2  0  0  0 -2 -2 -2  0  1  1  0  2 -2 -1    4   4   5   4   6   5  15   6   3   6   3   0   0   4   6  15   5   3   0   5  0.11 0.17
   94 Q   -1  1 -2  0 -4  4  0 -1  2 -3  0  0 -2 -1  0 -1  0  2 -2 -1    4   7   0   5   0  26   5   5   5   0  11   5   0   3   5   4   6   4   0   4  0.27 0.28
   95 S   -1  1  0  1  1  2  0 -1  0  0 -1  0  0 -1  1  2 -1 -3 -1 -1    3   7   4   7   4  11   4   4   2   6   6   5   2   2   6  19   3   0   2   3  0.11 0.16
   96 E    0  0  0  0  2  0  0  0  2  0 -1  0 -1  0 -3  0  0  3  1  0    6   6   5   6   5   5   6   6   5   6   6   6   0   5   0   6   6   5   5   6  0.06 0.10
   97 E   -1  0  1  1 -3  2  2  0 -1 -1 -1 -1  0 -2  0  0  0 -3  0  0    4   6   7   7   0  13  15   6   0   0   7   0   4   0   5   5   4   0   4  12  0.12 0.16
   98 D   -1  0  0  3 -3  1  1  0 -2 -2 -3  0 -2  0  2  0 -2  3  1  0    4   4   5  21   0   5   8   6   0   0   1   5   0   4   9   5   0   4   6  12  0.20 0.19
   99 D   -1 -2 -1  1  2 -1  2 -1 -1  0 -1  0 -2  0  0  0 -1  2  2  0    4   0   3  10   6   2  14   5   1   8   4   7   0   4   4   6   3   3  10   8  0.11 0.15
  100 I    0 -2  0 -1 -3  0  0 -2 -1  1  1 -1  1  0  1 -1 -1 -3 -1  2    6   0   6   3   0   6   6   3   1   9  13   2   3   3   8   4   2   0   2  21  0.11 0.15
  101 E    0 -1  1  0 -1  0  3 -2  0 -3 -1  1 -1 -2  1 -1  0 -3  2 -1    7   3   6   4   1   4  25   3   2   0   6   7   1   1   8   4   4   0   9   3  0.23 0.22
  102 R   -2  3 -1  0 -4  0  1  1 -2  0 -1  2 -2 -3  1  0 -2  3  1 -3    1  16   3   5   0   4  12  11   0   7   6  11   0   0   7   5   2   5   5   1  0.22 0.22
  103 R   -2  3  1  0  1  1  2 -1  0 -2 -1  0 -1 -2 -3 -1  0  2 -2 -2    3  21   8   5   4   6  12   4   2   3   6   5   2   1   0   3   8   4   1   3  0.23 0.22
  104 K   -1  3 -1 -1  1  0  1 -2 -2 -2 -2  3 -1 -2 -2 -1 -1 -1  0 -1    5  19   3   2   4   4  10   3   0   2   3  23   1   1   2   3   4   1   4   6  0.30 0.26
  105 E    0  1  1  1  2  1  0  0  2  0 -2  0 -2 -2 -2  0  0 -2  1  0    7   7   7   7   6   7   7   7   6   7   1   7   0   0   0   7   7   0   6   7  0.08 0.11
  106 V    0  0  0  2 -3 -1  1  1  0  0  0 -1  1 -1 -2 -1 -1  3 -2  0    7   4   3  11   0   2   9  14   2   6   8   4   5   3   1   3   3   5   0   9  0.09 0.12
  107 E   -2  0  1  3 -4  1  3 -1  0 -2 -2  0  0 -4 -1 -1 -2 -1 -2  0    2   4   7  20   0   5  23   5   2   2   4   7   3   0   3   2   2   1   1   6  0.35 0.30
  108 S    0  0  0  1  1  0  1 -1 -1  0  0  0  0 -1  1  0  0  1  0 -1    8   6   5   7   3   4  11   5   0   5   8   6   2   3   6   8   6   2   3   3  0.05 0.05
  109 I   -1  1 -1  0  1  1  0 -2 -2  1  1 -1  1 -1  1 -1 -1  3 -2  0    5   7   3   6   3   7   5   2   0   7  18   3   4   2   7   5   3   5   0   8  0.09 0.13
  110 L   -1  2  2 -2  0  0 -1 -4 -3 -1  2 -1  3 -1  0 -1 -1 -4 -1 -1    5  12  10   2   2   5   4   0   0   3  26   3   9   2   4   3   2   0   2   4  0.23 0.25
  111 K   -1  1  0  2 -5  1  0  0  0 -2 -2  3  0 -4  1 -1 -1  1 -4 -3    5   9   4  14   0   5   6   8   3   2   4  22   3   0   7   2   3   2   0   2  0.30 0.28
  112 K    0  2  0  2 -4  0  0 -1 -3 -2  0  4 -2 -4 -1 -1 -1 -4 -2 -2    6  10   4  12   0   4   4   5   0   1  11  32   0   0   2   2   2   0   1   2  0.36 0.27
  113 N   -1  1  3  2  0  0  0  0 -1 -2 -3  0 -2 -3  2  2  0 -4 -3 -2    4   7  21  12   2   2   5   6   0   1   2   3   0   0  10  17   6   0   0   2  0.28 0.17
  114 S    2 -1  0 -2 -2 -1  1  1 -1 -2  0 -1  0 -3 -1  2  1 -3 -2  0   21   2   3   0   0   2   9  10   1   0   9   0   3   0   3  20  10   0   0   5  0.17 0.16
  115 D   -1  0  0  5 -4 -1  2 -1 -1 -4 -4 -2 -3 -4 -1  1  1 -4 -3 -4    2   4   3  46   0   2  10   5   1   0   1   0   0   0   3  13   8   0   0   0  0.68 0.32
  116 W   -1  0 -4 -5  2 -1 -4 -4 -4 -3  1 -3 -2  1 -4 -4 -3 10 -1 -3    6   6   0   0   5   4   1   1   0   0  18   1   0   6   0   1   1  50   0   1  1.67 0.53
  117 I   -1 -3 -2 -3 -2 -2 -3  0 -3  3  1 -2  2  0  2 -1  0 -3  0  2    3   0   2   0   0   0   1   9   0  20  11   1   6   3  12   2   4   0   3  22  0.23 0.16
  118 W   -1 -2  0  0  4  0 -2 -1 -2 -2  0  0 -2 -1 -3  0 -1  7  2 -1    5   0   4   5  10   6   1   5   0   0   9   5   0   0   0  10   4  20   7   4  0.40 0.23
  119 D    0 -2  2  4 -3 -1  2  1  2 -3 -4 -2 -3 -3 -2  0  1 -3  1 -3    8   0  12  30   0   0  12   9   6   0   1   0   0   0   0   7   9   0   5   0  0.42 0.24
  120 W    0 -2 -5 -5  6 -4 -4 -4 -4 -4 -2 -4 -3  0 -5 -4 -4 11 -1 -4    7   3   0   0  19   0   0   0   0   0   2   0   0   2   0   0   0  62   0   0  2.45 0.62
  121 S    2 -2  3 -1  0 -1 -2 -2 -2 -2  0 -2 -2 -3  0  3  1 -3 -3 -2   18   0  17   0   2   0   1   1   0   0  10   0   0   0   3  37   8   0   0   1  0.39 0.24
  122 S   -1  4  1 -2  2 -1 -1  0  1 -2 -3 -1 -2 -3 -2  4  0 -4 -3 -3    1  29   5   0   5   0   3   5   4   2   1   0   0   0   0  39   4   0   0   1  0.50 0.28
  123 R   -2  6 -1 -3  2  0 -2 -1  3 -4 -3  1 -3 -4 -1 -1 -1  0 -2 -3    1  56   2   0   5   1   0   5   8   0   1   7   0   0   3   3   2   1   0   0  0.77 0.33
  124 P    0 -2 -3 -3 -3 -3 -3 -1 -1 -2 -3 -2 -1 -4  7  0 -1 -4 -4 -2    6   1   0   0   0   0   0   5   1   2   2   0   2   0  64   7   4   0   0   2  1.37 0.40
  125 E   -2  1 -1  3 -4  3  5 -3 -2 -4 -2 -1 -3 -4 -1 -1 -1 -4 -3 -3    1   8   0  16   0  13  49   1   0   0   4   0   0   0   3   2   2   0   0   0  0.74 0.31
  126 N   -1  0  4 -1 -1  2  1 -2  4 -3 -3  0 -2 -1  0  0  0 -3  1 -2    3   5  24   0   1  13   9   0  17   1   1   4   0   3   3   3   5   0   5   1  0.37 0.22
  127 I   -1  0 -1 -3 -2  2 -1 -3 -1  2  2 -1  1  0 -1  0 -1 -3 -1  1    3   7   3   0   0  14   1   0   2  18  26   2   2   3   2   7   2   0   1   7  0.16 0.15
  128 P   -2 -4 -3 -3  2 -1 -3 -1 -4 -2 -4 -3 -4 -5  7  2 -1 -5 -4 -4    1   0   0   0   4   2   0   5   0   2   0   0   0   0  60  22   2   0   0   0  1.45 0.48
  129 P    0 -2 -1 -1 -4 -2 -3 -4 -2 -4 -3 -3 -4 -5  8 -2 -3 -5 -4 -3    7   3   3   4   0   1   0   0   1   0   2   0   0   0  75   2   0   0   0   1  1.85 0.54
  130 K   -2  2 -1 -2 -4 -1 -1 -2  0 -4 -3  6 -1 -2 -3 -1 -1 -4 -3 -3    0   8   2   0   0   0   2   2   2   0   2  68   2   2   0   4   3   0   0   1  0.93 0.41
  131 E    1 -1  2  2  3  2  1 -1 -1 -2 -2  0 -2 -3 -1  1  1 -3 -2 -2   12   1  12  12  11  12  12   1   0   1   1   1   0   0   1  12  12   0   0   1  0.24 0.09
  132 F   -2 -4  0 -4  1 -4 -4 -4 -1 -2  0 -4 -2  5 -1 -4 -3  9  1  0    3   0   6   0   3   0   0   0   1   2   7   0   0  30   3   0   0  31   3   8  1.25 0.51
  133 L    0  2  0 -3  1  0 -2 -2  3  0  1  3 -1 -1 -3 -1 -2 -1 -1  0    8  16   4   0   3   2   0   1  11   5  15  21   1   2   0   1   1   1   1   7  0.21 0.21
  134 F   -3 -4 -3 -4  2 -2 -2 -2 -3  1  0 -4  2  7 -1 -3 -1 -2  1 -1    0   0   1   0   5   2   2   3   0   6   9   0   7  50   3   0   4   0   4   2  0.83 0.42
  135 K   -1  4 -2 -2 -4  1  1 -1 -1 -2 -3  4 -2 -1 -3 -1 -1 -4 -3  0    5  22   0   0   0   4  10   3   1   1   1  33   1   3   0   2   4   0   0  10  0.46 0.31
  136 H   -1  0 -1 -3  4  2  0 -4  8 -4 -4 -1 -3 -2  2 -2 -2 -4  0 -3    5   5   2   0  10  11   6   1  41   0   1   2   0   2  10   1   2   0   2   2  0.95 0.47
  137 P   -2 -2 -3 -3  1 -1 -2 -4 -3 -2 -2  0 -3 -4  7  0 -3 -4  0 -2    2   1   0   1   3   2   2   1   0   2   3   6   0   0  61   8   1   0   4   2  1.37 0.53
  138 K   -1  2  1 -2 -4  1 -1  0  0 -4 -3  4 -3 -4  3 -1 -1 -4 -3 -3    4  11   6   1   0   6   2   8   3   0   2  34   0   0  15   3   2   0   0   1  0.48 0.29
  139 R   -2  5  1 -2  0  3 -1 -2  0 -3 -2  2 -3 -4  1  1 -1 -4 -3 -3    0  34   6   0   2  13   0   3   2   1   3  15   0   0   6  13   2   0   0   0  0.55 0.34
  140 T    0  1  1 -2 -2  0 -1 -2 -2 -3 -3 -1 -2 -4  4  3  2 -4 -3 -3    7  10   8   1   1   3   3   2   0   1   1   3   1   0  22  24  12   0   0   1  0.46 0.28
  141 A    0  0  0 -1 -2 -1  0  1  0 -1 -1  1 -1 -2  2  0  0 -3 -1  1    9   5   5   3   0   0   6   9   2   2   5  14   1   0  13   5   4   0   2  15  0.12 0.12
  142 T    0  1  0 -2 -3  1  0 -1 -2 -2 -1 -1  1 -3  2  1  3 -4 -3 -1    4   9   3   0   0   6   6   5   0   0   4   2   5   0  11  12  27   0   0   5  0.27 0.24
  143 L   -3 -1 -3 -4  1 -3 -1 -1 -2 -2  3 -3  0  1  0 -2 -1  6  3 -2    1   3   0   0   3   0   6   4   0   0  35   0   2   5   5   3   4  13  14   0  0.50 0.32
  144 S    0 -3  0 -3  0 -1 -1 -1 -1 -4 -2 -2 -3 -4  0  5 -1 -4  0 -4    6   0   3   0   2   2   4   3   1   0   4   0   0   0   5  64   0   0   4   0  0.83 0.51
  145 M    0 -1 -1  0 -2  1  0  0 -2  0  0  0  1  0  1  0  0 -2 -1  0    7   0   0   7   0   7   7   7   0   7   7   7   6   6   7   7   7   0   0   7  0.02 0.09
  146 R   -1  4  2 -2  0  2 -2 -3  2  0 -3 -1 -2 -3 -1  1  0 -3  0 -1    3  34   9   0   3   9   0   1   5   6   1   0   0   0   3  11   5   0   4   4  0.38 0.30
  147 N   -1  1  1  0 -3  1  0  1  4 -2 -1  1 -2 -1 -2  1  0 -3  0 -1    1  11   8   3   0   6   3  10  13   1   6   8   0   3   1  12   7   0   3   6  0.15 0.15
  148 T    0 -2 -1 -2  3 -2 -1  1 -2  0  0 -2 -1  1  0  1  2 -2  1 -1    6   0   2   0   7   0   4  12   0   5   7   0   0   6   4  15  18   0   8   3  0.14 0.16
  149 S    1  1  0 -1 -2  0  1  0 -2 -2  0  2  0 -3 -2  1 -1 -3 -2 -1   16   8   4   0   0   2   9   7   0   0  12  18   3   0   0  16   2   0   0   2  0.16 0.16
  150 V    0  0 -1 -2 -2 -2 -2 -1 -2  1 -1 -2  0 -1  0  0  0 -2  2  3    8   7   4   1   0   1   1   4   0   4   3   1   2   2   5   9   3   0   8  37  0.19 0.20
  151 M   -1 -1 -2  1  0 -1  0  1 -2  0  1 -2  4 -1  0 -2 -1 -2  0  1    3   2   1  12   2   1   6  10   0   3  13   1  22   2   5   1   3   0   5  10  0.15 0.17
  152 K   -2  4 -1 -2 -4  0  1  2 -2 -3 -3  3 -2 -4 -3 -2 -2 -4 -3  0    1  26   2   0   0   2  11  20   0   0   1  26   0   0   0   1   0   0   0   9  0.51 0.30
  153 K   -1  2  1 -1 -4  0  1 -3  1 -3 -1  5 -1 -4 -2  0 -1 -4 -3 -3    4  11   5   3   0   2   8   0   4   0   5  44   2   0   0   8   2   0   0   0  0.49 0.30
  154 G    0  0  2  2 -3  0  0  2 -2 -2 -3  1 -2 -3  1  0  1 -3 -3 -2    4   3  13  12   0   3   6  17   0   2   1  12   0   0   8   4  11   0   0   2  0.24 0.14
  155 G   -1  1 -1 -1  2  0 -2  3 -2 -3 -3  2  0 -3 -1  2 -1 -3 -3 -2    2   9   0   2   6   3   1  30   0   1   1  13   4   0   2  22   1   0   0   3  0.37 0.24
  156 I   -2 -3 -3 -3 -2 -1 -1 -4 -3  3  3 -3  0  0 -2 -1 -1  2 -2  1    1   0   0   0   0   3   4   0   0  19  44   0   1   4   1   6   2   3   0  10  0.38 0.22
  157 F   -4 -4 -4 -5 -2 -2 -4 -5 -3  0  0 -4  3  8 -5 -4 -4 -2  0 -2    1   0   0   0   1   2   0   0   0   4   6   0  10  72   0   0   0   0   0   1  1.51 0.53
  158 S   -1 -2  2  0  0 -2 -2 -2 -3 -4 -4 -1 -3 -3 -2  6 -1 -4 -3 -2    3   2  11   4   2   0   0   0   0   0   0   1   0   1   1  71   0   0   0   3  0.94 0.48
  159 A    2  3 -2 -2 -2 -1 -2 -2 -2 -1  0  0  0 -1  0  1  0  2 -1  0   19  19   0   0   0   0   0   0   0   2  13   6   3   1   3  15   6   3   2   7  0.18 0.17
  160 E   -2  0  0  3 -4  1  5  0 -2 -4 -4  0 -3 -4  1 -2 -1 -4 -4 -4    0   6   5  14   0   4  50   6   0   0   0   3   0   0   5   0   4   0   0   0  0.72 0.34
  161 F    0 -3  0 -3 -2 -3 -3 -2 -3  1  2 -3  1  4 -3 -2 -2 -2 -1  3    7   0   6   0   0   0   0   3   0   8  18   0   4  24   0   0   0   0   0  28  0.39 0.24
  162 L   -3 -3 -4 -4 -3 -3 -4 -4 -4  2  4 -4  3  0 -4 -3 -2 -3 -2  2    0   0   0   0   0   0   0   0   0  11  58   0   7   2   0   0   0   0   0  16  0.75 0.33
  163 K    0  0 -2 -3  0  0 -2 -3 -1 -1  0  2  0  1  1 -1 -1 -2  4  0    7   2   0   0   3   4   0   0   0   0  12  23   2   7   6   4   1   0  18   9  0.22 0.20
  164 V    0 -3 -2 -3 -2 -1 -2  1 -2  1  2 -2  0 -1 -1  0  1 -3 -1  2    8   0   0   0   0   3   0  14   1  10  22   0   0   1   2   7   9   0   2  19  0.16 0.15
  165 F   -3 -4 -1 -5 -3 -4 -4 -5 -3  1  3 -4  1  6 -5 -4 -3 -2  1  2    0   0   4   0   0   0   0   0   0   6  26   0   2  43   0   0   0   0   2  16  0.82 0.36
  166 L   -2 -4 -4 -4 -3 -4 -4 -3 -1  4  3 -4  0  2 -4 -3 -2 -3 -2  3    0   0   0   0   0   0   0   2   2  33  34   0   1   8   0   0   0   0   0  19  0.62 0.28
  167 P   -2 -4 -4 -4  2 -3 -3 -4 -4  1  1 -3  0  0  6 -1 -2 -4 -3  2    1   0   0   0   5   0   0   0   0   8  12   0   2   5  41   4   0   0   0  21  0.83 0.32
  168 S   -1 -3 -2 -2  1 -2 -2 -1 -3 -2 -3 -2 -3 -4  0  5  4 -4 -3 -3    2   0   0   0   3   0   0   3   0   2   2   0   0   0   4  50  32   0   0   0  0.80 0.41
  169 L   -3 -2  5 -2 -3 -2 -3 -3  1  0  3 -3 -1 -1 -4 -1 -2 -2 -3 -2    0   1  42   0   0   0   0   0   4   5  39   0   1   1   0   4   0   1   0   0  0.67 0.35
  170 L   -2 -3 -4 -4  0 -3 -4 -4 -4  3  3 -3  1  2 -4 -3 -1 -3 -2  3    2   0   0   0   2   0   0   0   0  19  37   0   2   9   0   0   3   0   0  25  0.52 0.24
  171 L   -1 -3 -4 -4  1 -3 -3 -4 -1  2  3 -3  1  1 -2 -3 -1 -2  0  2    4   0   0   0   3   0   0   0   2  15  43   0   3   6   2   0   2   0   4  14  0.40 0.20
  172 S    0 -3 -2 -2 -3 -2 -2 -2 -3 -1 -4 -2 -3 -4 -3  6  3 -4 -3 -3    5   0   0   0   0   0   0   0   0   3   0   0   0   0   0  70  18   0   0   0  1.02 0.45
  173 H   -3 -3 -1 -3 -4 -2 -3 -4  7  0  2 -3 -1  4 -4 -1 -3 -3  0 -1    0   0   1   0   0   0   0   0  42   5  24   0   0  19   0   4   0   0   0   2  0.90 0.36
  174 L   -1 -3 -4 -4  1 -3 -4 -4 -4  3  3 -3  1 -1 -3 -3 -2 -3 -2  3    4   0   0   0   4   0   0   0   0  23  39   0   3   2   0   0   0   0   0  22  0.55 0.24
  175 L   -2 -3 -4 -4  2 -3 -4 -4 -4  2  4 -3  1  1 -4 -2 -2 -3 -2  1    0   0   0   0   4   0   0   0   0  13  59   0   1   5   0   4   0   0   0   9  0.60 0.25
  176 A    2 -3 -2 -2 -2 -2 -2  5 -3 -3 -3 -2  0 -3 -3  0  2 -3 -3 -2   25   0   0   0   1   0   0  48   0   0   1   0   4   0   0   3  15   0   0   1  0.68 0.26
  177 I    3 -3 -3 -3 -2 -2 -3 -2 -3  1  2 -2  1  1 -3 -1  0 -2 -1  0   34   0   0   0   0   0   0   0   0   7  32   0   2   8   0   1   7   0   0   6  0.30 0.19
  178 G    2 -3 -2 -3  1 -3 -3  6 -3 -4 -4 -3 -3 -1 -3 -1 -2 -3 -3 -2   16   0   0   0   4   0   0  71   0   0   1   0   0   3   0   0   0   0   0   2  1.10 0.33
  179 L   -2 -3 -4 -4 -2 -3 -3 -4 -3  3  4 -3  2  1 -3 -3 -1 -3 -2  2    0   0   0   0   0   0   0   0   0  24  45   0   5   7   0   0   2   0   0  13  0.54 0.21
  180 G   -2 -4 -2 -3 -4 -3 -3  7 -3 -4 -4 -3  1 -4 -3 -2 -3 -4 -4 -4    1   0   0   0   0   0   0  87   0   0   1   0   5   0   0   0   0   0   0   0  1.55 0.42
  181 I   -1 -4 -4 -4 -2 -4 -4 -4 -4  4  1 -4  1  3 -4 -3 -2  0 -1  3    2   0   0   0   0   0   0   0   0  42  12   0   2  14   0   0   0   1   0  26  0.62 0.24
  182 Y    0 -4 -4 -5  3 -3 -4 -4 -1 -2 -1 -4 -2  3 -4 -2 -3  7  7 -3   10   0   0   0   7   0   0   0   0   1   5   0   0   8   0   1   0  19  48   0  1.26 0.39
  183 I   -3 -4 -5 -5 -3 -4 -4 -5 -4  6  3 -4  0  0 -4 -4 -2 -4 -2  2    0   0   0   0   0   0   0   0   0  63  23   0   0   3   0   0   0   0   0  11  0.90 0.31
  184 G    0 -2 -2 -3  4 -2 -3  5 -2 -3 -2 -2  0 -4 -3  1  0 -4 -4 -3    3   1   0   0  13   1   0  53   1   0   2   1   3   0   0  15   5   0   0   0  0.72 0.26
  185 R   -2  6 -2 -3 -2  0 -1 -4 -2 -4 -3  5 -3 -5 -3 -2 -3 -5 -3 -4    1  47   0   0   1   0   0   0   0   0   1  50   0   0   0   0   0   0   0   0  1.20 0.39
  186 R   -3  7 -2 -3 -3  0 -2 -4 -1 -5 -4  3 -3 -2 -4 -2 -3  0 -3 -4    0  79   0   0   0   1   0   0   1   0   0  16   0   2   0   0   0   2   0   0  1.42 0.41
  187 L   -2 -3 -4 -4 -2 -3 -4  0 -4  2  4 -3  3  0 -4 -3 -2  2 -2  0    0   0   0   0   0   0   0   9   0   9  71   0   7   1   0   0   0   3   0   0  0.65 0.23
  188 T    2  0 -1 -2 -2 -1 -1  1 -2 -1 -2 -1  0 -3 -1  2  3 -3 -2 -1   30   4   0   0   0   0   0  10   0   1   0   2   3   0   0  17  30   0   0   3  0.32 0.14
  189 T    1 -1  0 -2 -2 -1 -1 -2 -2  0 -1 -1 -1 -3 -2  2  4 -3 -2  0   17   4   5   0   0   0   2   0   0   8   1   0   0   0   0  16  42   0   0   5  0.33 0.16
  190 S    0 -1  1 -1  1  0 -1 -2  0 -3 -3 -1 -1 -2  3  3  1 -3 -2 -1    6   3   6   0   4   4   0   0   3   0   0   0   2   2  14  44   8   0   1   2  0.37 0.16
  191 T    0  0  0 -2  3  0 -1  0  0 -2 -2  0 -1 -3  0  3  3 -3 -2 -2    5   5   2   0   9   3   0   6   3   2   0   7   2   0   2  30  25   0   0   0  0.27 0.13
  192 S    2 -2 -1 -2  0 -1 -2  0 -2 -1  0 -1  0 -3 -2  3  2 -3 -2 -1   24   0   0   0   2   0   0   3   0   2   8   0   3   0   0  41  15   0   0   2  0.35 0.17
  193 T    0 -2 -1 -2 -2 -1 -1 -2 -2 -2 -3 -1 -1 -3 -1  4  4 -4 -3 -2    0   0   0   0   0   0   0   1   0   0   0   0   1   0   1  51  46   0   0   0  0.71 0.23
  194 F   -3 -3 -3 -4 -3 -4 -4 -4 -1 -1  0 -4  0  7 -4 -3 -3  1  3 -1    0   0   0   0   0   0   0   0   0   0   0   0   0  95   0   0   0   0   5   0  1.03 0.11

                      K         Lambda
Standard Ungapped    0.1267     0.3101
Standard Gapped      0.0402     0.2670
PSI Ungapped         0.1318     0.3065
PSI Gapped           0.0402     0.2670
