
Last position-specific scoring matrix computed, weighted observed percentages rounded down, information per position, and relative weight of gapless real matches to pseudocounts
           A  R  N  D  C  Q  E  G  H  I  L  K  M  F  P  S  T  W  Y  V   A   R   N   D   C   Q   E   G   H   I   L   K   M   F   P   S   T   W   Y   V
    1 M   -1 -2 -2 -3 -2 -1 -2 -3 -2  1  2 -2  6  0 -3 -2 -1 -2 -1  1    0   0   0   0   0   0   0   0   0   0   0   0 100   0   0   0   0   0   0   0  0.39 0.02
    2 S    2 -1  2  0 -1  0  0  0 -1 -3 -3  0 -2 -3 -1  4  1 -3 -2 -2   14   0  15   0   0   0   0   0   0   0   0   0   0   0   0  71   0   0   0   0  0.40 0.03
    3 S    1  2  0 -1 -1  0  0 -1 -1 -3 -3  0 -2 -3 -1  4  1 -3 -2 -2   11  15   0   0   0   0   0   0   0   0   0   0   0   0   0  73   0   0   0   0  0.40 0.04
    4 H   -2  1  1 -1 -3  0 -1 -2  5 -1 -2 -1 -2 -2  5 -1 -1 -3  0 -2    0  12   7   0   0   0   0   0  35   9   0   0   0   0  36   0   0   0   0   0  0.68 0.05
    5 L   -1 -2 -3 -3 -2 -2 -2 -3 -3  1  3 -2  4  0  1  0 -1 -2 -2  0    0   0   0   0   0   0   0   0   0   0  58   0  22   0   8  13   0   0   0   0  0.32 0.05
    6 V    1 -2 -2 -3 -1 -2 -2 -2 -3  1  1 -2  0  2 -2  0  0 -2 -1  3   16   0   0   0   0   0   0   0   0   0  15   0   0  12   0  12   0   0   0  46  0.18 0.04
    7 E   -1 -1  0  2 -4  2  5 -2  2 -4 -3  0 -2 -4 -2  0 -1 -3 -2 -3    0   0   0  12   0   9  67   0   6   0   0   0   0   0   0   6   0   0   0   0  0.69 0.09
    8 P    0 -1 -1 -2 -3  5  0 -1 -1 -3 -1  0  0 -3  5  0 -1 -3 -3 -2    8   0   0   0   0  44   0   4   0   0   4   0   4   0  30   5   0   0   0   0  0.66 0.13
    9 P    1 -1 -2 -2 -3 -1 -2 -3 -3 -2  0 -2 -2 -3  7 -1  0 -4 -3 -2   12   3   0   0   0   3   0   0   0   0  11   0   0   0  63   0   6   0   0   0  1.20 0.15
   10 P    1  0 -2 -2  1  2  0 -2 -2 -2 -3  1 -2 -4  5  0 -1 -4 -3 -1   19   3   0   0   4  15   3   0   0   0   0  11   0   0  37   3   0   0   0   4  0.64 0.11
   11 P   -2 -2 -2 -1 -3 -1 -1 -3 -3 -2 -1 -2  4 -3  6 -1  1 -4 -3 -2    0   0   0   2   0   2   2   0   0   0   0   0  26   0  53   2  12   0   0   0  1.05 0.18
   12 L    1  1 -2 -2 -2  2  0 -2  1 -1  2 -1  1  1  1 -1 -1 -2 -1 -1   14  10   0   0   0  16   3   0   4   0  29   0   3   7   8   2   2   0   0   0  0.14 0.07
   13 H   -1 -1  2  1 -3  1  0 -2  6 -3 -3  1 -2 -3 -1  2 -1 -3 -1 -3    3   0   9   9   0   7   2   0  30   0   2  13   0   0   3  21   0   0   0   0  0.40 0.12
   14 N    0 -1  5  1 -3  1  1 -2  0 -1 -3 -1 -2 -3  0  0  0 -4 -3 -2    9   0  48   3   0   8  10   0   2   6   0   0   0   0   4   4   6   0   0   0  0.45 0.13
   15 N    0  0  4  2 -3  0  1  1  1 -3 -3  0 -2 -3 -2  0  0 -4 -2 -1    5   2  32  14   0   1   7  10   5   0   0   6   0   0   0   6   7   0   0   5  0.32 0.09
   16 N   -1 -2  6  0 -3 -1  0  2 -1 -2 -1  0 -2 -4 -3  0 -1 -4 -3 -3    2   0  54   0   0   0   5  21   0   2   7   5   0   0   0   3   0   0   0   0  0.61 0.19
   17 N   -1  1  3 -1 -3  1  0  2  2 -2  0 -1  0 -2  2 -1 -1 -3 -2 -2    3   9  27   1   0   7   3  16   7   1  12   1   4   0   9   1   1   0   0   1  0.22 0.09
   18 N   -1 -2  4 -1 -3 -1  0  2 -1 -2 -1 -1 -1  1 -2  2  0  1 -1 -2    2   0  35   0   0   0   4  15   0   0   6   0   2   9   0  18   5   2   0   0  0.31 0.12
   19 C    0 -3  0 -2  7 -2 -3  1 -3  0 -2 -2 -1 -3 -1  2  0 -3 -3 -2    5   0   4   0  38   0   0  13   0   8   0   2   2   0   2  17   5   0   0   0  0.61 0.18
   20 E    0  1  1  1 -2  1  2 -1  1 -2 -2  1 -2 -2 -2  1  1 -3 -2 -2   10   6   5   5   0   4  23   4   5   0   2   8   0   2   0  11  11   0   0   2  0.20 0.07
   21 E    0  1  1 -1 -3  1  2 -2 -2 -3 -2  0 -1 -3  3  3  0 -4 -3 -1    2   8   6   0   0   8  14   0   0   0   3   3   1   0  14  31   4   0   0   4  0.34 0.15
   22 N   -1 -1  2  0 -3 -1  0  1  1 -3 -2 -1  3 -2 -1  3  1 -3 -2 -2    2   3  13   4   0   1   4  11   4   0   0   0  15   2   2  31   6   0   0   0  0.29 0.18
   23 E   -1  0  0 -1 -2  2  2  0 -2 -3 -2  2 -2 -3  1  1  2 -3 -3 -1    2   1   4   2   1  14  18   6   0   0   2  14   0   0   7  10  14   0   0   5  0.27 0.15
   24 Q    0  2  0 -1 -3  2  1  1  0 -3 -3  3  0 -3  0  0  0 -1 -2 -2    8  12   2   1   0  11   9  13   2   1   1  22   3   0   3   4   5   1   1   1  0.25 0.13
   25 S    0 -1  0  1 -3  1  0  1 -1 -3 -2  0 -2 -3  2  3 -1 -4 -3 -2    7   2   4   8   0   6   4   8   1   0   4   6   0   1  12  34   1   0   0   2  0.30 0.18
   26 L    1 -1  0 -1 -2  1  0 -1  1  0  0  0  0  0 -1  0  2 -3 -1  0   11   2   6   1   0   8   3   3   5   8   9   3   1   4   3   8  15   0   0   8  0.06 0.07
   27 P   -1 -2  0 -1 -3 -1 -1 -1 -1 -2 -1 -2  1 -3  5  2  2 -2 -3 -1    2   1   4   3   0   2   2   3   1   1   6   1   4   0  27  19  17   0   0   5  0.45 0.21
   28 P    0  0  0 -1 -3  2  0 -2 -2 -3 -2  0 -1 -3  4  2  1 -3 -1 -2    8   4   3   1   0  13   6   2   0   1   2   3   1   0  23  23   6   0   3   1  0.43 0.20
   29 P   -1 -2 -1  4 -2  0  5 -1 -2 -4 -4  0 -3 -4  2 -1 -1 -4 -4 -4    3   1   0  28   1   2  39   3   1   0   1   3   0   0  11   2   2   0   0   1  0.76 0.31
   30 A    0 -2 -2  4 -4 -1  5 -3 -3 -4 -4 -2 -3 -4  1  0 -2 -4 -4 -3    9   1   0  25   0   0  44   1   0   0   1   0   1   0   7   5   2   0   0   1  0.82 0.35
   31 G   -1 -1  2  1 -2  0 -1  3  1 -3 -2 -2 -2 -3 -2  3  0 -3 -3 -3    3   2  10   7   1   4   1  28   3   1   6   0   0   0   1  28   5   0   0   1  0.39 0.23
   32 L   -2 -4 -5 -2 -4 -4 -5 -5 -5 -1  6 -4  3 -1 -4 -3 -3 -4 -3 -1    3   1   0   3   0   0   0   1   0   0  80   0   6   1   1   1   0   0   0   1  1.17 0.46
   33 N   -2 -2  4  0 -2  3 -1  2  2 -3 -3 -2 -2 -4  1  1 -1 -4  0 -3    1   0  23   4   1  19   1  16   6   1   2   0   1   0   8  10   2   0   4   0  0.47 0.27
   34 S   -3 -3 -2  2 -3 -1  4  5 -3 -6 -5 -3 -5 -5 -4  0 -3 -3 -5 -5    0   0   0  10   1   1  37  43   0   0   0   0   0   0   0   6   0   0   0   0  1.07 0.44
   35 S   -2 -4 -3 -4 -4 -3 -3 -4 -4 -6 -6 -4 -5 -3 -4  7 -2 -6 -5 -5    0   0   0   0   0   0   0   0   0   0   0   0   0   1   0  97   0   0   0   0  2.05 0.77
   36 W   -7 -7 -8 -8 -7 -6 -7 -7 -7 -7 -6 -7 -6 -3 -8 -7 -7 13 -2 -7    0   0   0   0   0   0   0   0   0   0   0   0   0   0   0   0   0  98   0   0  4.89 1.20
   37 V   -3 -6 -6 -6 -4 -5 -4 -4 -6  1 -2 -5 -2 -4 -5 -5 -3 -6 -4  7    0   0   0   0   0   0   1   2   0   5   1   0   0   0   0   0   0   0   0  90  1.85 0.66
   38 E   -4 -3 -1  1 -6 -1  7 -5  0 -6 -5 -1 -5 -6 -4 -3 -4 -6 -5 -5    0   0   2   6   0   0  86   0   2   0   1   2   0   0   0   0   0   0   0   0  1.91 0.69
   39 L   -4 -5 -6 -6 -2 -5 -6 -7 -6  0  6 -5 -1 -1 -6 -5 -4 -5 -4  0    0   0   0   0   1   0   0   0   0   2  89   0   0   1   0   0   0   0   0   5  1.62 0.61
   40 P   -2  0  2  0  0  1  2 -1  6 -3 -3 -1 -2 -3  1 -1 -2 -3  0 -3    2   6  11   5   2   7  15   4  25   1   2   1   0   1   8   3   1   0   2   2  0.50 0.23
   41 M   -1 -2 -2 -2  1 -1 -2 -1  0  0  0 -2  4  4  0  0 -1 -1  2 -1    3   1   1   1   4   2   3   6   2   5   7   1  15  23   4   6   4   0   8   3  0.26 0.16
   42 N    1 -1  4  0 -2  1 -1  1 -1 -2 -2 -1 -1 -2 -1  3  0 -2 -2 -2   10   2  24   3   1   5   3  10   1   2   3   2   1   1   3  23   3   0   1   3  0.31 0.16
   43 S    1  0  1 -1  0  0 -1  2 -1 -2 -1 -1 -2 -2  2  2  0 -2 -2 -2   11   5   7   2   2   5   2  15   1   1   5   2   1   1   9  24   4   0   1   2  0.21 0.12
   44 S    0  0  3 -1  0  0 -1  1  0 -1 -1 -1 -1 -2 -1  1  0 -2 -2  0    7   4  22   2   2   3   3  12   2   2   6   2   1   1   2  14   5   0   1   7  0.16 0.11
   45 N    0 -1  3  0  1  0 -1  2  0 -2 -2 -1 -2 -2  0  2  1 -2 -2 -2    6   2  18   3   4   3   2  16   3   1   5   2   1   2   4  16   8   0   1   2  0.20 0.12
   46 G    1  1  2 -1 -2  0 -1  3 -1 -2 -2 -1 -1 -2  1  1  0 -2 -2 -2   11   7  10   2   1   5   3  24   1   2   4   2   2   1   6  10   6   0   1   3  0.20 0.10
   47 N    0  0  2  0 -1  0  0  1  0 -2 -2 -1 -1 -2  0  1  0 -2 -2 -1    9   6  16   5   1   4   7  14   2   2   3   2   1   1   3   9   7   0   1   5  0.13 0.07
   48 D    0  0  2  1 -2  0  2  0 -1 -1 -1 -1  0 -2  1  1  0 -2 -1 -1    6   4  10   6   1   4  16   8   1   3   4   2   4   1   7  13   7   0   2   3  0.13 0.08
   49 N    0  0  1  0 -1  1  0  1  0 -1 -1 -1 -1 -1  1  2  0 -2 -1 -1    9   4   6   6   1   6   6  10   2   3   4   3   1   3   6  20   6   1   2   3  0.11 0.06
   50 G    0  0  1  0  0  0  0  2 -1 -1  0  0 -1 -1  1  1  0 -2 -1 -1    5   4   6   6   2   3   4  22   2   2  11   4   1   2   6  10   4   1   1   5  0.10 0.05
   51 N    0 -1  1  0 -1  0  0  1 -1  0 -1 -1 -1 -1  2  1  1  0 -1  0    6   2   8   4   1   2   5  10   1   5   5   3   1   2  11  10  13   1   1   7  0.10 0.05
   52 G    0  0  0  0  2  0 -1  2 -1 -1 -1  0 -1 -1  0  1  0 -2 -1 -1    9   4   3   4   6   3   3  19   1   4   4   5   2   3   5  11   7   0   1   5  0.10 0.05
   53 K    0 -1  1  0 -2  0  0  1  2 -1 -1  1 -1 -2  2  1  0 -2 -1 -1    5   2   6   4   1   5   5  10   6   3   5   9   1   1  11  14   7   0   1   4  0.12 0.06
   54 N    0  0  2  0 -1  1  0  0  0 -2 -1  0 -1 -2  3  0  0 -2 -2 -1    8   6  15   3   1   6   5   8   3   2   5   4   1   1  15   8   4   0   1   3  0.18 0.07
   55 G    0 -1  0  1 -2 -1 -1  4 -2 -2 -1 -1 -1 -2 -1  1 -1 -2 -2 -1    6   2   3  10   1   1   4  39   1   2   5   2   1   1   3   9   3   0   1   4  0.34 0.13
   56 G    0  1  0 -1  1  0 -1  3 -1 -2 -2 -1 -2 -2 -1  2 -1 -2 -2 -1    8  10   5   2   3   3   2  28   1   2   3   2   1   1   3  17   3   0   1   4  0.24 0.11
   57 L    0 -1 -1 -1 -1  1  0 -1 -1  1  1 -1  0 -1  0  0  0 -2 -1  1    7   2   2   2   1  11   6   6   1   9  20   3   2   1   4   5   6   0   1  11  0.05 0.05
   58 E   -1  0 -1  0 -1  1  4 -1  1 -2 -2  0 -2 -2 -1  0  2 -2 -2 -1    3   6   2   3   1   5  34   5   4   3   2   2   1   1   3   7  14   0   1   3  0.29 0.15
   59 H   -1  0 -1 -1 -2  2  0 -1  5 -1 -2 -1 -2 -1  3  0 -1 -2  0 -1    5   4   1   3   1  12   5   4  22   3   4   2   1   3  17   5   2   0   3   4  0.37 0.16
   60 V    2 -2 -2 -1 -2  0 -1 -2 -3  1  0 -2 -1 -2 -1  0  2 -3 -2  3   19   1   1   3   0   5   3   2   0   7  11   1   0   0   2   5  13   0   0  27  0.19 0.14
   61 P   -2 -2 -3 -1  2 -1 -3 -3 -3 -2 -3 -3 -3 -4  7  0 -2 -4 -4 -2    2   2   1   4   5   2   1   1   0   2   3   1   0   0  66   6   2   0   0   2  1.52 0.42
   62 S    1 -1 -1  0  2 -1 -2 -2  2 -1 -2 -2 -1  1 -1  3  2 -3 -1 -1    9   2   1   4   5   2   1   2   7   4   3   1   1   9   2  30  13   0   1   3  0.21 0.17
   63 S    0  3 -1 -2 -2 -1 -1  0  3 -2 -1 -1 -2 -3  1  3  0 -3 -2 -1    6  18   2   1   1   1   2   6   8   2   8   1   0   0   7  29   5   0   0   3  0.24 0.16
   64 S    0 -1 -1 -2 -2  0 -1 -1 -1  0  0  0 -1  1 -1  2  2 -3 -2  1    7   1   1   1   0   3   3   2   1   3  10   5   0   7   2  27  15   0   0  11  0.14 0.13
   65 S    0 -2 -1 -1 -1 -1 -1 -1  2 -2 -2 -2 -2 -2  2  4  0  1 -2 -2    4   1   1   2   1   2   1   4   6   3   3   1   0   1  11  52   3   2   0   2  0.47 0.23
   66 I    0 -2 -2 -2  0 -2 -2 -1 -2  3  2 -2  1 -1 -2 -1  0 -2 -2  1    8   1   1   2   2   2   1   4   1  25  31   1   1   2   2   5   4   0   1   6  0.19 0.10
   67 H   -1 -2  0 -1  5  1  0 -2  5 -2 -1 -2 -1 -1  0  0 -1 -2  3 -2    1   1   4   1  20   6   7   2  21   2   7   1   1   1   4   6   3   0  11   1  0.40 0.18
   68 N    0 -1  4  1 -3  1  0  0  0 -3 -3 -1 -2 -3  1  3  0 -3 -3 -3    4   1  29   5   0   6   4   7   2   0   1   1   1   0   7  26   3   0   0   1  0.39 0.17
   69 G    0 -1 -1  0 -1 -2  0  5 -2 -4 -4 -2 -3 -3  0  2 -1 -3 -2 -3    5   2   1   3   1   0   8  48   0   0   1   0   0   0   5  20   1   0   2   2  0.57 0.20
   70 D   -1 -2  2  5 -4  0  3 -2 -2 -2 -3 -1 -3 -4 -2 -1 -1 -4 -3  1    2   0  10  39   0   1  26   2   0   0   0   1   0   0   0   1   1   0   0  14  0.55 0.18
   71 M   -2 -3 -2  1 -2 -1 -2 -1 -2  2  1 -2  5  0 -3 -2 -2 -2  2  2    0   0   0  13   0   1   0   5   0  12   7   0  32   1   0   0   0   0  12  15  0.30 0.16
   72 E    1 -1  2  0 -3  1  4 -2 -1 -2  0  0 -2 -3 -2 -1 -1 -3 -2 -2   18   0  10   0   0   2  51   0   0   2  11   2   0   0   0   0   0   0   0   0  0.44 0.17
   73 K   -2  3 -1  0  2  0  0 -3 -2 -3 -2  4  3 -3 -2  0 -1 -4 -3 -2    0  24   1   4   5   2   4   0   0   0   0  36  15   0   0   9   0   0   0   0  0.44 0.17
   74 I   -1 -3 -3 -3 -2 -2 -3 -3 -3  2  2 -3  3  1 -1  0 -1 -3 -1  2    0   0   0   0   0   0   0   0   0  17  28   0  15   5   3  13   2   0   0  17  0.29 0.12
   75 L   -2 -3 -4 -4  4 -3 -4 -4 -4  3  4 -3  1 -1 -4 -3 -2 -3 -2  2    0   0   0   0  13   0   0   0   0  16  57   0   0   0   0   0   0   0   0  13  0.60 0.18
   76 L    0  1 -3 -3 -2 -1 -2 -3 -3  1  3 -1  1  2 -3 -2 -1  1 -1  1   10  11   0   0   0   2   0   0   0  10  39   3   2  13   0   0   0   2   0   9  0.23 0.10
   77 D    0  2  0  4 -4  0  3 -1 -2 -3 -3  0 -3 -4 -2 -1 -2 -4 -3  0    6  13   2  34   0   0  32   4   0   0   0   0   0   0   0   0   0   0   0   9  0.50 0.16
   78 A    4 -2 -2  1  3 -1  1 -1 -2 -2 -3 -1 -2 -3 -2  1  0 -4 -3 -1   55   0   0   9   9   0  12   0   0   0   0   0   0   0   0   7   5   0   0   4  0.43 0.19
   79 Q   -2 -1 -1  1 -4  5  2 -3 -1 -3 -3  2 -2 -4  4 -1 -2 -4 -3 -1    0   0   0   8   0  45   9   0   0   0   0  12   0   0  20   0   0   0   0   6  0.70 0.23
   80 H   -2  1 -1  2 -3  1  1 -2  6 -2 -1  0  2 -1 -2  1 -1 -3 -1 -2    0   8   0  12   0   4   7   0  33   0   4   3  10   2   0  14   0   0   0   2  0.37 0.16
   81 E   -1  1 -1  2 -3  0  3  1 -1 -3 -3  2 -2 -4 -2  1  1 -3 -3 -3    0   6   0   9   0   0  31  12   0   0   0  21   0   0   0   8   9   0   0   0  0.37 0.13
   82 S    1 -1  2  2  1 -1  0 -1  2 -2 -3 -1 -2 -2  0  3  1 -3 -2 -2    9   1   9  17   4   1   2   3   7   1   1   1   0   2   3  29   7   0   0   2  0.25 0.12
   83 G   -1  0  1  0  0 -1  1  2 -1 -3 -3  1 -2 -3  1  2  0 -3  0 -3    2   5   6   3   3   1  12  20   0   1   2  12   0   1   8  16   4   0   4   1  0.23 0.14
   84 Q    0  4 -1  1 -3  2  2 -1  1 -3 -2  0 -2 -3  0  0  0 -1 -2 -3   10  28   1   7   0  10  12   5   4   0   4   3   0   0   4   5   5   1   0   0  0.31 0.19
   85 S   -1 -3  0 -2  0 -1 -1  1 -3 -4 -3 -2 -3 -4 -1  5  1 -4 -4 -4    3   0   3   0   2   2   3  11   0   0   2   0   0   0   3  62   5   0   0   0  0.83 0.49
   86 S    0  0  1  0 -3 -2 -1  1  0 -2 -4 -2 -3 -1  0  5  0 -4 -3 -3    4   5   7   4   0   0   4   8   3   3   1   0   0   3   4  50   3   0   0   0  0.51 0.38
   87 S    0  1 -1  2  1  0  0 -1  1 -3 -2 -2 -3 -3 -1  4 -1 -4 -3 -1    8   9   0  12   3   3   5   3   3   0   4   1   0   0   3  41   1   0   0   5  0.38 0.32
   88 R   -1  3  1 -1  1  0  0  0  0 -1 -2  1 -2 -3 -2  2  0 -3 -3  0    3  23   7   3   4   4   4   6   2   3   4   8   0   0   0  16   4   0   0   7  0.21 0.20
   89 G    1 -2 -1  1  5 -2  0  1  1 -1 -2 -1 -2 -3  0  0  0 -4 -3  0   16   0   3   9  16   0   7  11   5   3   3   3   0   0   4   5   5   0   0   8  0.22 0.21
   90 S    0  1  1  1 -3  1  0  0  2 -2 -1  0  1 -2  1  0  0 -3 -2  0    7   7   7   7   0   7   7   7   6   0   7   7   6   0   7   7   7   0   0   7  0.09 0.10
   91 S   -1  1 -3 -3  3 -3 -3 -1  2 -3  1  0 -3 -1  1  4  0 -4 -3 -2    4   8   0   0   6   0   0   4   5   0  16   5   0   2   8  34   4   0   0   3  0.39 0.36
   92 H    1  1 -1 -1  1  1 -1 -2  2 -2 -1  1  0  0  3  0 -1 -3 -1 -1   15   7   2   3   3   5   2   2   7   2   6   8   3   5  18   5   2   0   2   3  0.21 0.20
   93 C   -2  1 -1  1  5  1 -1 -2  2 -3  0 -1  0 -4  2  1 -1  1 -3 -2    0   7   3   7  13   8   3   3   5   0  10   4   3   0  12  14   2   2   0   3  0.29 0.28
   94 D    0  0  1  1 -2  1  0  0  2 -2 -1 -1 -1  0  1  0  0 -3 -1  0    7   7   7   7   0   7   7   7   7   0   7   0   0   7   7   7   7   0   0   7  0.08 0.10
   95 S   -1  1 -2  0 -3  0 -1 -1  2 -1 -2 -1 -3 -4  2  3  0 -4 -3  0    4  10   0   4   0   5   3   3   5   3   4   3   0   0  12  32   3   0   0   8  0.32 0.32
   96 P   -1  2  0  0 -4  1  0 -1  1 -1 -2  0  0 -1  3 -1 -1 -4  0 -1    5  13   5   6   0   5   7   5   4   3   3   5   3   3  18   4   4   0   3   4  0.22 0.19
   97 S    0  1  0  0  2  1  0  0  1 -3 -2  0 -3 -4  1  2  1 -4 -3 -1    6  10   5   5   4   8   4   7   3   0   4   4   0   0   8  18   9   0   0   5  0.19 0.21
   98 P   -2  3 -4 -3  0 -2 -3 -1  0 -3 -3 -3 -4 -5  5  1  0  4 -2 -2    2  17   0   1   2   1   0   6   3   1   2   0   0   0  34  13   7   7   1   2  0.82 0.52
   99 Q   -1  0 -2  1 -5  5 -1 -2 -1 -3 -4  0 -4 -5  3  3 -2  1 -4 -2    3   4   1   9   0  27   2   3   1   2   1   4   0   0  14  22   1   2   0   3  0.60 0.49
  100 E   -2  1 -1  4 -5  3  1 -1 -1 -4 -3  0 -2 -5  1  0  0 -5 -4 -3    2   8   1  23   0  18  10   4   1   0   3   5   1   0   6   7   7   0   0   2  0.43 0.36
  101 D   -1 -1  0  3 -4 -1  0 -1  1 -2 -3  0 -3 -3  1  2  3 -5 -4 -2    3   3   2  20   0   2   5   4   3   2   2   6   0   1   7  14  23   0   0   3  0.37 0.34
  102 G   -1 -2  2 -3 -5 -1 -2  3  0 -5 -5 -2 -5 -6  5  2 -2 -6 -5 -2    4   2   9   1   0   3   2  23   3   0   0   1   0   0  31  17   2   0   0   3  0.82 0.52
  103 Q    0  2 -1 -2 -2  3 -1 -3  3 -3  0 -1  0 -4  3  0 -2 -4 -3 -2    9  14   2   2   1  18   3   1   7   0  12   1   2   0  16   6   2   0   0   2  0.40 0.35
  104 I    1 -1  0  0 -3 -1 -2  0  0  2  1  0 -1 -2  1  0  0 -4 -2  0   14   3   4   5   0   2   1   6   3  14  13   5   1   1   8   9   4   0   0   6  0.08 0.14
  105 M    0 -1  0 -2  0  0 -1 -3  0 -1  0 -1  2 -2  2  3  1 -4 -2 -1    5   3   3   2   2   5   4   0   2   4   9   2   5   1  10  31   8   0   1   4  0.27 0.31
  106 F    1  0 -1 -3 -1 -1  1 -1  0 -2 -1 -1 -2  3  3  0  0  2 -2 -1   11   7   2   0   1   2  11   4   2   2   6   2   0  13  16   7   6   4   0   4  0.22 0.23
  107 D    0 -1  1  2  1 -1  1 -1  0 -2 -2 -1 -2 -4  2  2  1 -4 -3 -2    7   4   7  15   3   1   9   4   3   2   5   1   1   0  11  15   8   0   0   2  0.23 0.22
  108 V    0 -1  1  2 -3 -2  1 -1 -2  0 -1 -2 -2 -1  1  1  1 -4 -3  2    6   3   8  11   0   0  12   3   0   4   5   1   0   3   7  11   8   0   0  17  0.16 0.20
  109 E   -1 -1 -1  1 -4  2  4 -1  2 -4 -2  0 -3 -2  1  2  1 -4 -3 -3    3   3   2   6   0  10  29   4   5   0   3   4   0   2   6  14   7   0   0   1  0.40 0.33
  110 M   -1  0 -1 -3  0 -1 -1 -2  3 -1  0 -2  3 -3  4  1  0  3 -3  0    3   6   2   0   2   3   3   2   7   3   8   0  11   0  18  13   5   4   0   6  0.31 0.31
  111 H    0  0  0 -1  0  0 -1  1  4 -2 -2 -1 -3 -1  2  2  0 -4 -1 -1    8   5   5   2   2   5   3   9  11   2   3   3   0   2   9  18   5   0   2   4  0.18 0.21
  112 T    0 -1  0 -1  0 -1  0  2 -3 -1 -1 -1  0 -4  1  3  1 -4 -3 -1    6   2   4   3   2   3   5  13   0   4   6   2   2   0   8  26   9   0   0   4  0.22 0.25
  113 S    0  0  0  0  2  0  0  0  2  0 -1 -1 -1  0  1  0  0 -2  1  0    6   6   6   6   6   6   6   6   6   6   6   0   0   6   6   6   6   0   6   6  0.04 0.08
  114 R   -1  2  1  1  0  1  2  1 -2 -3  0  0 -2 -1 -1  0 -1 -3 -1 -2    2  13   5   7   3   6  20  10   0   0  11   5   0   2   2   5   4   0   2   2  0.17 0.20
  115 D   -1  0 -1  3  3 -1  2 -1 -2 -3 -1  0 -2 -3  2  0  0  1  0 -1    3   4   3  16   7   0  16   3   0   0   6   6   0   0   9   8   5   2   4   6  0.22 0.22
  116 H   -1  0  3 -1  2 -1  0 -2  3 -3  0  1 -2 -3  2  1  0 -4 -3 -3    4   5  16   3   5   2   5   2   9   0  11  11   0   0  11   9   5   0   0   1  0.25 0.23
  117 S    0 -1  1  0 -3  0  1 -1  1 -1  0  0 -2 -2  1  2  1 -3 -1 -1    4   3   6   6   0   2   8   4   3   2  10   6   0   1   8  19  11   0   2   4  0.12 0.15
  118 S    0  0 -2  0  2  0  0  0 -2  0 -1  0 -1  0  1  0  0  3 -1  0    6   6   0   6   6   6   6   6   0   6   6   6   0   6   6   6   6   6   0   6  0.03 0.11
  119 Q   -1  0 -1  0  1  4  0 -1  2  0 -1 -1 -3 -1 -1 -1 -1  2  0  0    4   5   3   4   3  19   7   5   5   5   5   3   0   3   3   5   3   3   3   6  0.11 0.22
  120 S   -1  0  0  0  2  0  0 -1  2 -2 -1 -2  1  0  0  0  0  3  1 -1    5   5   5   5   5   5   5   5   5   0   5   0   5   5   5   5   5   5   5   5  0.04 0.15
  121 E   -1  0  1  1 -2  1  0  0 -1  0 -1  0 -1 -2  1  0  0 -2  1  0    0   7   7   7   0   7   7   7   0   7   7   7   0   0   7   7   7   0   6   7  0.03 0.09
  122 E   -2 -3  1  2 -4  0  4  0  0  0 -2 -1 -3 -4  0  0 -1 -4 -1 -2    3   0   7  10   0   3  32   6   2   6   3   2   0   0   5   5   3   0   2   3  0.33 0.35
  123 E   -2 -2  1  4 -4  1  2 -2 -3 -1 -4 -1 -1 -4  0 -2 -3 -4  0  2    2   2   7  21   0   7  17   4   0   3   1   2   2   0   6   2   0   0   4  16  0.34 0.37
  124 V   -1 -2 -2 -1  2  0  0 -2 -1 -1  0 -1  0  0  2 -1  0  0  4  0    4   1   2   3   6   4   7   3   1   3   8   2   3   4   9   5   4   1  17   8  0.14 0.23
  125 V   -1 -2 -2 -1  0  0  1  1 -3  2  1 -1  1 -1  0  0 -1 -3 -3  1    4   1   0   3   3   5   9  10   0  12  17   4   3   2   4   6   1   0   0   9  0.05 0.16
  126 E   -3 -2  2  1  3  0  4 -1 -3 -5 -4  0 -1 -5  1 -1 -1 -5 -1 -3    0   2  12   7   7   4  32   4   0   0   1   7   2   0   7   3   3   0   3   2  0.49 0.45
  127 G   -1  2 -1 -1  0  0 -1  0  1  1 -3  1 -1 -3  1  0 -1  1  3 -2    5  14   2   2   2   4   3   9   4   9   0   8   2   0   6   7   3   2  11   2  0.13 0.25
  128 E   -2  2  0  1 -4  2  1 -2  1 -1 -2  1 -1 -1 -1 -1 -1  4  0 -2    2  13   5   9   0   8  10   3   3   3   3   9   2   3   3   3   4   6   3   3  0.16 0.23
  129 K    0  0  0  0  2  0  0 -1 -2  0 -1  0 -1  0  0  0  0  3  1  0    5   5   5   5   5   5   5   5   0   5   5   5   0   5   5   5   5   5   5   5  0.02 0.09
  130 E   -1  2 -1  2 -1  0  4 -2  0 -1 -3  1 -3 -4 -3 -2 -2 -1 -2 -2    6  10   3  12   1   3  31   3   2   4   2  10   0   0   0   2   0   1   1   3  0.35 0.33
  131 V    0 -1  0  1 -3  1  1  0 -2 -1  0 -1  0 -1  1 -1 -1 -3 -2  1    9   2   5   6   0   7  13   8   0   1   7   3   2   2   6   2   3   0   0  15  0.05 0.14
  132 E   -1  1 -1  2  1  1  3  0  0 -2 -2 -1 -1 -3 -1 -2 -1  1 -2 -3    4   9   2  14   4   8  23   7   2   2   4   2   2   0   3   1   4   2   1   1  0.22 0.24
  133 A    0  2  0  2  1 -1 -1 -2 -1  0  0 -1  0 -1 -1  0 -1  3 -2 -1   10  15   4  14   4   0   2   1   2   7   9   2   2   2   3   7   1   5   0   2  0.09 0.17
  134 L   -1  1 -1 -3 -3 -1 -3 -2 -3  0  3  0  1  0 -1 -2 -1 -3  0  0    4   7   3   1   0   3   1   2   0   4  39   6   4   3   3   2   3   0   3   6  0.20 0.23
  135 K   -1  1  0  2 -4  1  1 -1  0 -2 -2  2  2 -3  2 -1 -1 -4 -3 -2    3   8   3  13   0   7   6   3   2   2   2  16   6   0  12   4   2   0   0   2  0.23 0.24
  136 K    0  1  1  1 -4  0  0 -1 -3 -4 -2  4 -3 -4 -1 -1 -1 -4 -3 -2   10   7   7   9   0   3   5   4   0   0   3  36   0   0   2   2   2   0   0   2  0.39 0.35
  137 S   -1  0  4  2  0 -2  1  0 -3 -3 -4 -1 -4 -4 -3  3 -1 -5 -4 -2    3   4  22  10   2   0   7   8   0   1   1   3   0   0   0  28   2   0   0   2  0.45 0.40
  138 A    2 -2  0 -2 -3 -2  0  0  0 -2  0 -2 -1 -3 -1  2  3 -4 -3  0   17   1   5   0   0   0   7   5   2   0  10   0   1   0   3  15  20   0   0   5  0.19 0.28
  139 D   -3 -2  0  7 -5 -1  1  0 -1 -5 -5 -1 -5 -5 -4 -2 -1 -5 -5 -5    2   2   3  58   0   2   9   6   1   0   1   3   0   0   0   3   4   0   0   0  1.11 0.63
  140 W   -3 -1 -6 -2  0 -2 -6 -6 -6 -6 -3 -6 -5 -2 -2 -6 -6 12 -2 -6    2   3   0   2   2   2   0   0   0   0   3   0   0   1   3   0   0  72   0   0  3.13 1.21
  141 V    0 -2 -4 -4 -3 -3 -4 -4 -4  4  1 -3  2 -1  2 -3 -1 -4 -1  3    9   2   0   0   0   0   0   0   0  26   9   0   5   2   9   0   4   0   1  24  0.43 0.34
  142 S    0 -2  0  0  4  0  0  0 -2 -2 -1  0 -2 -2 -3  0 -1  6  1 -1    6   0   3   4  12   5   8   6   0   0   8   5   0   0   0   8   3  14   7   3  0.25 0.23
  143 D    0  1  2  4 -3 -1  1  0  1 -3 -3 -1 -3 -3 -2  0  0 -3  0 -3    6   8  11  26   0   0  11   8   4   0   1   0   0   0   0   5   8   0   4   1  0.30 0.24
  144 W    0 -1 -3 -4  0 -3 -3 -3 -3 -3 -2 -3 -3 -1 -3 -3  0 11 -1 -3    8   3   1   1   2   1   1   1   0   1   3   1   0   2   1   1   5  57   1   1  1.85 0.55
  145 S    1 -2  3 -2 -1 -2  0 -2 -2 -3 -1 -2 -2 -3 -1  4  1 -4 -3 -2   13   0  14   0   1   0   5   0   0   0   8   0   0   0   3  37   8   0   0   0  0.31 0.29
  146 S   -1  4  0 -2  2 -1 -2 -1  1 -3 -3 -1 -3 -4 -3  4  0 -4 -3 -3    0  29   4   0   4   0   0   4   3   2   1   0   0   0   0  39   4   0   0   0  0.51 0.37
  147 R   -3  6 -1 -3  2  0 -2 -1  3 -4 -4  1 -3 -4 -1 -1 -2 -1 -3 -4    0  54   2   0   5   2   0   4   7   0   1   6   0   0   3   2   2   1   0   0  0.75 0.41
  148 P   -1 -3 -3 -3 -4 -3 -3 -1 -1 -2 -3 -3  0 -4  7  0 -3 -4 -4 -2    5   1   0   0   0   0   0   3   2   2   2   0   3   0  62   6   0   0   0   2  1.33 0.50
  149 E   -2  1 -2  3 -4  2  5 -3 -2 -4 -2 -1 -3 -4 -1 -1 -2 -4 -3 -4    0   7   0  13   0  10  50   0   0   0   4   0   0   0   2   2   1   0   0   0  0.70 0.39
  150 N   -1  0  4 -1 -1  3  1 -3  4 -3 -3  0 -2 -1  1 -1  0 -3  1 -2    3   3  23   0   1  15   7   0  13   1   1   3   0   3   7   2   5   0   5   1  0.30 0.26
  151 I   -1  1 -1 -2 -2  2 -1 -3 -1  2  2 -1  1 -1 -1  0 -1 -3 -1  0    2   9   3   0   0  12   1   0   2  16  24   1   2   2   2   7   2   0   1   6  0.09 0.16
  152 P    0  1 -1 -2  3  1 -1  1 -2  0 -2 -1 -1 -2  2  1  1 -2 -2 -1   10  10   0   0   9   9   1  10   0  10   1   1   0   0  10  10  10   0   0   1  0.10 0.10
  153 P    1  0  1  0 -2  0 -1 -2  1 -2 -1 -1 -2 -3  4  0 -1 -3 -2 -1   15   7   9   5   0   5   1   1   5   0   6   1   0   0  25   6   1   0   0   5  0.29 0.16
  154 K   -1  1  0 -2 -3  1  0  0  2 -2 -2  4  0  0 -2  0 -1 -3 -2 -2    3   7   3   0   0   3   4   6   5   0   3  38   2   6   0   4   4   0   0   3  0.21 0.21
  155 E    0 -1  1  4  0  1  4 -2 -2 -2 -3  0 -3 -1 -2  0  0 -3 -3 -3    6   0   7  23   2   6  31   1   0   3   1   5   0   3   0   7   4   0   0   1  0.44 0.24
  156 F   -1 -4  0 -4  1 -3 -4 -4 -3 -1  1 -4 -2  5  0 -3 -3  8  2  0    5   0   6   0   3   0   0   0   0   2  16   0   0  25   5   0   0  22   5   7  0.80 0.36
  157 H    0  2  0 -2 -1  0 -1 -2  2  0  1  2  0 -2 -1 -1 -1 -3  0  0   11  14   4   0   1   3   0   2   7   7  16  19   1   1   2   1   1   0   2   8  0.13 0.15
  158 F   -3 -4 -4 -4  4 -1 -4 -2 -3  0  1 -4  1  6  0 -3 -3 -2  1 -1    1   0   0   0   9   4   0   3   0   6  10   0   4  48   5   1   0   0   3   3  0.80 0.38
  159 R   -1  3 -2 -2 -3  0  1 -1 -1 -2 -2  4 -1  0 -3 -1 -2 -3 -2  0    5  21   0   0   0   3   8   4   1   1   3  32   2   5   0   4   0   0   0  10  0.36 0.25
  160 H    0  2 -1 -1  3  1 -1 -3  7 -3 -3 -1 -3 -3  2 -1 -2 -4  0 -1    7  10   1   3   8   7   3   1  35   0   1   1   0   0  11   5   0   0   2   4  0.69 0.36
  161 P   -2 -2 -3 -3  2  0 -1 -1 -4 -2 -2 -1 -3 -5  7  1 -3 -5 -4 -3    2   2   0   0   5   5   3   4   0   3   3   4   0   0  55  12   0   0   0   1  1.18 0.47
  162 K   -1  2  0 -2 -4  2 -1  0  0 -4 -3  4 -3 -4  3  0 -1 -4 -3 -3    5  13   3   1   0  10   1   7   3   0   2  31   0   0  16   4   4   0   0   1  0.49 0.30
  163 R   -2  5  1 -2  0  2 -2 -2  0 -4 -1  2 -3 -4  1  0  0 -4 -3 -3    1  39   7   0   2  11   0   3   2   0   5  11   0   0   6   5   6   0   0   0  0.55 0.33
  164 S    0  1  1  0 -2  0 -1 -2  0 -3 -3  0 -2 -4  3  3  2 -4 -3 -3    7  11   7   5   1   3   0   2   2   1   1   5   1   0  18  24  12   0   0   0  0.39 0.25
  165 V    1  0 -1 -1 -2 -1 -1  0 -1 -1 -2  1 -1 -2  3  0  1 -3 -1  1   12   4   3   2   0   1   3   8   1   2   2  11   1   1  15   8  10   0   2  15  0.18 0.13
  166 S    0  1  0 -2 -3  0  0  1 -2 -2 -1 -1  1 -3  1  1  3 -3 -3 -1    6   9   4   0   0   2   5   9   0   0   6   1   4   0   7  12  27   0   0   4  0.22 0.21
  167 L   -2 -3 -4 -4  1 -3 -2 -4 -3 -1  4 -3  0  1  0 -2 -3  6  4 -2    2   0   0   0   3   0   3   1   0   0  43   0   2   5   6   2   0  11  17   0  0.67 0.37
  168 S    0 -2 -1 -3  0 -1  0 -2 -1 -4 -2 -3 -4 -5 -1  6 -1 -5 -4 -4    5   2   2   0   2   2   5   1   1   0   3   0   0   0   3  73   2   0   0   0  1.05 0.58
  169 M   -2 -2 -3 -1 -2  0 -1 -3 -3  3  2 -1  4  1 -3  0  0 -3 -2  1    0   0   0   4   0   3   3   0   0  19  19   5  17   5   0   6   6   0   0   7  0.23 0.23
  170 R   -1  5  1 -3  2  2  0 -4  3 -4 -4 -1 -3 -4  1  0  1 -4  1 -4    5  33   6   0   4   9   6   0   7   0   0   0   0   0   8   5   9   0   6   0  0.56 0.36
  171 K   -2  0  1  0 -3  2  0  1  3 -2 -1  0  1 -1  0  0  1 -3  0 -1    1   4   9   3   0  10   4  10  10   0   4   7   5   3   5   8   8   0   3   6  0.13 0.14
  172 S    0 -2  0 -1  3 -2 -1  1 -2 -1 -2 -2 -2  0 -3  1  3 -2  2 -1    6   0   4   3   8   0   3  12   0   3   1   0   0   5   0  14  24   0   9   5  0.24 0.22
  173 G    2  1  0 -2 -2  0 -1  1 -2 -2  0  2  1 -3 -2  2 -1 -3 -1 -1   21   6   5   0   0   2   3   9   0   0  12  16   4   0   0  16   2   0   2   2  0.17 0.19
  174 A    0 -1  0 -3 -2 -2 -2 -2 -2  0 -1 -1  0 -2  2  1  0 -3  1  3    8   4   6   0   0   0   0   2   0   4   2   4   2   0  10  11   4   0   7  34  0.23 0.23
  175 M   -2 -1 -2  2  0 -2  0  0 -2  1  1 -2  5 -1 -3 -2 -2 -2  0  1    2   3   1  12   2   1   7   8   0   8   9   1  29   1   1   1   1   0   4  10  0.28 0.22
  176 K   -1  4 -1 -2 -4  0  1  2 -2 -3 -3  4 -3 -4 -3 -2 -1 -4 -3  0    2  22   1   0   0   2   7  17   0   0   1  35   0   0   0   0   2   0   0  10  0.51 0.29
  177 K   -1  2  1  0 -4  0  1 -3  1 -4 -2  5 -3 -4 -3  0 -1 -4 -3 -3    3  12   5   3   0   1   9   0   3   0   4  49   0   0   0   6   3   0   0   0  0.61 0.32
  178 G   -1  0  2  1 -3  0  1  3 -2 -2 -3  1 -1 -3  1  0  1 -3 -3 -2    3   3  11   9   0   2   8  25   0   1   1  10   2   0   6   4  10   0   0   3  0.25 0.14
  179 G   -1  1 -1 -1  2  0 -2  4 -2 -3 -3  1 -1 -3 -1  2 -1 -3 -3 -2    2   7   1   3   5   4   1  37   0   1   1  12   2   0   2  17   1   0   0   3  0.40 0.21
  180 I   -2 -3 -3 -3 -2 -1 -1 -3 -3  3  4 -3  0  0 -2 -1 -1  0 -2  1    2   0   0   1   0   4   3   1   0  19  45   1   1   3   2   7   3   1   0   8  0.37 0.22
  181 F   -4 -4 -4 -5 -2 -2 -4 -5 -3  0  0 -4  4  8 -5 -4 -3 -2  0 -2    1   0   0   0   1   2   0   1   0   5   7   0  10  69   0   1   0   0   0   1  1.44 0.51
  182 S   -1 -1  3  0 -1 -2 -2 -2 -3 -4 -4 -2 -3 -2 -1  6 -1 -4 -3 -1    0   2  12   5   1   0   0   0   0   0   0   1   0   1   3  68   0   0   0   4  0.90 0.47
  183 A    2  3 -1 -2 -2 -1 -2 -2 -2 -1  0  1  0 -2  0  1  0  2 -2  0   19  18   2   0   0   0   0   0   0   2  13   7   3   1   3  14   7   3   0   8  0.17 0.17
  184 E   -2  1  0  2 -5  1  5  0  0 -4 -4  0 -3 -5  1 -2 -1 -4 -3 -3    2   6   5  12   0   3  48   6   2   0   0   3   0   0   6   0   4   0   0   2  0.65 0.33
  185 F   -1 -3  1 -3 -3 -3 -3 -2 -3  1  2 -3  1  4 -4 -3 -2 -2 -1  3    6   0  10   0   0   0   0   3   0   7  18   0   4  24   0   0   0   0   0  27  0.41 0.26
  186 L   -3 -4 -5 -5 -3 -4 -4 -5 -4  3  5 -4  3 -1 -4 -4 -3 -3 -3  2    0   0   0   0   0   0   0   0   0  14  60   0   8   2   0   0   0   0   0  14  0.85 0.37
  187 K    0 -1 -2 -3  1  0 -2 -3 -1 -2  0  3 -1  2  0 -1 -1 -2  4  0    7   2   0   0   3   4   0   0   0   0  12  23   1   8   6   4   2   0  21   7  0.26 0.22
  188 V    0 -3 -2 -3 -2 -1 -2  1 -3  2  2 -2  0 -1 -1  0  1 -3 -1  2    6   0   0   0   0   4   0  13   0  13  21   0   0   1   2   7  10   0   2  19  0.17 0.15
  189 F   -3 -4 -4 -5 -3 -4 -4 -5 -4  1  3 -4  1  6 -4 -4 -3 -2  0  2    0   0   0   0   0   0   0   0   0   6  27   0   3  43   0   0   0   0   0  17  0.88 0.36
  190 I   -2 -4 -4 -4 -3 -4 -4 -2 -1  4  3 -4  0  2 -4 -3 -2 -3 -2  3    0   0   0   0   0   0   0   4   2  30  33   0   1   9   0   0   0   0   0  21  0.57 0.26
  191 P   -2 -4 -4 -4  2 -3 -4 -4 -4  1  0 -3 -1  1  6 -1 -2 -4 -3  2    1   0   0   0   5   0   0   0   0   8  11   0   1   6  43   5   0   0   0  19  0.89 0.35
  192 S   -1 -3 -2 -3  1 -2 -3 -2 -3 -2 -2 -3 -3 -4  0  5  4 -5 -4 -3    2   0   0   0   3   0   0   2   0   2   3   0   0   0   4  50  34   0   0   0  0.85 0.44
  193 L   -3 -2  5 -2 -4 -3 -3 -3  1  0  3 -3 -1 -1 -4 -1 -2 -1 -3 -2    0   1  40   0   0   0   0   0   4   6  42   0   1   1   0   4   0   1   0   0  0.70 0.37
  194 F   -2 -4 -4 -5  0 -4 -4 -5 -4  3  3 -4  1  2 -4 -3 -1 -3 -2  3    2   0   0   0   2   0   0   0   0  18  41   0   2  10   0   0   3   0   0  22  0.58 0.26
  195 L   -1 -3 -4 -4  1 -3 -4 -4 -1  2  3 -3  1  1 -2 -3 -1 -3  1  2    4   0   0   0   3   0   0   0   2  16  43   0   3   7   2   0   3   0   4  13  0.44 0.21
  196 S    0 -3 -2 -3 -3 -2 -2 -3 -3 -1 -4 -2 -3 -4 -3  6  3 -5 -4 -3    6   0   0   0   0   0   0   0   0   3   0   0   0   0   0  72  18   0   0   0  1.10 0.49
  197 H   -3 -3 -1 -4 -4 -3 -3 -4  8  0  2 -3 -2  3 -4 -1 -3 -3  0 -2    0   0   2   0   0   0   0   0  45   5  26   0   0  17   0   4   0   0   0   2  1.01 0.40
  198 V   -1 -4 -5 -5  2 -4 -4 -5 -4  4  3 -4  1 -1 -4 -3 -2 -3 -2  3    4   0   0   0   4   0   0   0   0  25  41   0   3   2   0   0   0   0   0  21  0.63 0.26
  199 L   -3 -4 -4 -5  2 -4 -4 -5 -4  2  4 -4  1  1 -4 -2 -2 -3 -2  1    0   0   0   0   5   0   0   0   0  12  63   0   1   4   0   4   0   0   0  11  0.72 0.29
  200 A    3 -3 -2 -3 -2 -3 -3  5 -3 -3 -3 -3  0 -4 -3  0  2 -4 -4 -2   28   0   0   0   0   0   0  49   0   0   0   0   4   0   0   3  15   0   0   1  0.77 0.29
  201 L    3 -3 -3 -4 -2 -3 -3 -3 -3  1  3 -3  1  2 -3 -1  1 -3 -2  0   35   0   0   0   0   0   0   0   0   8  34   0   2  10   0   1   8   0   0   3  0.37 0.21
  202 G    2 -4 -2 -3  0 -3 -4  6 -4 -5 -5 -3 -4 -1 -4 -2 -3 -4 -4 -3   16   0   0   0   2   0   0  77   0   0   0   0   0   4   0   0   0   0   0   2  1.32 0.38
  203 L   -2 -4 -4 -5 -3 -3 -4 -5 -4  3  4 -4  2  1 -4 -3 -1 -3 -2  2    0   0   0   0   0   0   0   0   0  22  49   0   6   7   0   0   2   0   0  15  0.66 0.24
  204 G   -2 -4 -3 -3 -5 -4 -4  7 -4 -5 -5 -4  2 -5 -4 -2 -4 -4 -5 -5    0   0   0   0   0   0   0  92   0   0   0   0   6   0   0   0   0   0   0   0  1.77 0.46
  205 I   -1 -4 -4 -4 -2 -4 -4 -4 -4  4  1 -4  1  3 -4 -3 -2  0 -1  3    2   0   0   0   0   0   0   0   0  36  12   0   2  14   0   0   0   1   0  31  0.61 0.23
  206 Y    0 -4 -4 -5  3 -3 -4 -4 -1 -2 -1 -4 -2  3 -5 -3 -3  7  7 -2    7   0   0   0   8   0   0   0   0   2   6   0   0   9   0   1   0  19  47   1  1.24 0.37
  207 I   -3 -4 -5 -5 -3 -4 -4 -5 -4  5  3 -4  1  1 -4 -3 -2 -4 -2  2    0   0   0   0   0   0   0   0   0  56  24   0   2   4   0   1   0   0   0  13  0.81 0.27
  208 G    0 -2 -2 -2  4 -1 -3  5 -2 -3 -2 -1  0 -4 -3  1  0 -4 -3 -2    3   1   0   0  11   1   0  47   1   0   3   5   4   0   0  16   5   0   0   2  0.57 0.22
  209 K   -2  5 -2 -3 -2  0 -1 -4 -2 -4 -3  6 -3 -5 -3 -2 -3 -5 -4 -4    1  41   0   0   1   2   0   0   0   0   2  54   0   0   0   0   0   0   0   0  1.18 0.37
  210 R   -3  7 -2 -3 -5  0 -2 -4 -1 -5 -4  3 -3 -1 -4 -2 -3 -4  0 -4    0  74   0   0   0   1   0   0   1   0   0  16   0   3   0   0   0   0   4   0  1.30 0.38
  211 L   -2 -3 -3 -4  2 -3 -4  2 -4  1  4 -2  2 -1 -4 -3 -2  2 -2  0    0   0   0   0   6   0   0  21   0   8  53   2   6   0   0   0   0   3   0   1  0.48 0.21
  212 S    2 -2  0 -2 -1 -1 -2  1 -2  0  0 -1  1 -1 -2  1  2 -3 -2 -1   25   0   4   0   1   0   0   9   0   8   9   4   4   2   0  12  22   0   0   1  0.17 0.11
  213 T    1 -2  0 -2 -2 -2 -1 -2 -2  1  1 -2  2 -2 -2  1  3 -3 -2  0   14   0   5   0   0   0   2   0   0   7  19   0   8   0   0  11  33   0   0   2  0.25 0.15
  214 P    0 -1  1 -2 -2  0 -1 -2  0 -2 -2 -1  1 -1  4  2  1 -3 -1 -1    7   2   7   0   0   4   0   0   3   1   3   0   5   4  27  20  11   0   1   4  0.39 0.13
  215 S    1 -1  0 -2  1  0 -1  0  0 -2 -3  0 -2 -3  2  3  2 -4 -3 -2    8   2   1   0   4   2   0   4   3   2   0   7   0   0  11  42  13   0   0   1  0.37 0.17
  216 A    2  0 -1 -2 -2 -1 -2 -1 -2 -2  0 -1  0 -3 -2  2  3 -3 -2 -1   27   5   0   0   0   0   0   0   1   0  10   0   3   0   0  24  31   0   0   0  0.34 0.16
  217 S    0 -2  2 -1 -2 -1 -1 -1 -2 -1 -3 -1 -2 -3 -2  5  2 -4 -3  0    0   0  11   0   0   0   0   3   0   2   0   0   0   0   0  63  11   0   0  10  0.52 0.20
  218 T    0 -2 -1 -2 -2 -1 -1 -2 -2 -2 -2 -1 -2 -3 -2  3  5 -3 -2 -1    0   0   0   0   0   0   0   0   0   0   0   0   0   0   0  24  76   0   0   0  0.72 0.16
  219 Y   -3 -3 -3 -4 -3 -3 -3 -4  0 -1 -1 -3 -1  6 -4 -3 -2  1  6 -1    0   0   0   0   0   0   0   0   0   0   0   0   0  60   0   0   0   0  40   0  0.94 0.09

                      K         Lambda
Standard Ungapped    0.1268     0.3081
Standard Gapped      0.0371     0.2670
PSI Ungapped         0.1217     0.3089
PSI Gapped           0.0371     0.2670
