
Last position-specific scoring matrix computed, weighted observed percentages rounded down, information per position, and relative weight of gapless real matches to pseudocounts
           A  R  N  D  C  Q  E  G  H  I  L  K  M  F  P  S  T  W  Y  V   A   R   N   D   C   Q   E   G   H   I   L   K   M   F   P   S   T   W   Y   V
    1 M   -2 -3 -4 -5 -3 -2 -3 -4 -3  0  1 -3  9 -1 -4 -3 -2 -3 -2 -1    0   0   0   0   0   0   0   0   0   0   0   0 100   0   0   0   0   0   0   0  1.55 0.30
    2 I   -2 -4 -3 -3 -2 -3 -3 -4 -4  5  0 -3  0  2 -3  0 -1 -3 -1  1    0   0   0   0   0   0   0   0   0  77   0   0   0   9   0  14   0   0   0   0  0.59 0.16
    3 P   -2 -4 -4 -3 -4 -3 -3 -4 -4 -4 -4 -2 -4 -5  8 -2 -3 -5 -5 -4    0   0   0   0   0   0   0   0   0   0   0   0   0   0 100   0   0   0   0   0  2.61 0.31
    4 L   -1 -2 -2  0 -2 -1  2 -2 -2  0  3 -1  2 -1  1 -1 -1 -2 -2 -1    1   1   1   5   0   1  22   1   0   1  44   1   6   1   6   6   1   0   1   1  0.21 0.08
    5 E   -2  3 -1  0 -4  3  5 -3 -1 -4 -4  1 -3 -4 -1 -1 -1  2 -1 -3    0  17   0   0   0  13  57   0   0   0   0   3   0   0   3   0   3   3   2   0  0.74 0.20
    6 K   -1  1 -1 -2  5  0  1 -1  1 -3 -3  4  0 -3 -2  1 -1 -4 -2 -3    0   7   0   0  15   0   7   3   4   0   0  47   3   0   0  11   1   0   0   0  0.48 0.16
    7 P   -2 -2 -3 -3 -4 -3 -3  0 -4 -4 -4 -2 -4 -5  8 -2 -2 -5 -4 -4    0   3   0   0   0   0   0   7   0   0   0   0   0   0  88   0   1   0   0   0  2.18 0.33
    8 G   -1  2 -1  0 -3  1  1  3 -2 -3 -3  0 -2 -3  3  1 -1 -3 -3 -1    0  18   0   3   0   6   9  30   0   0   0   0   0   0  14  12   0   0   0   6  0.38 0.11
    9 S    1  0 -1 -1 -2  0  1  1 -2 -2 -2  0 -2 -3  2  3  0 -3 -2 -1   11   6   0   2   0   3   8  10   0   0   5   2   0   0  12  33   4   0   0   3  0.25 0.09
   10 G    0  1 -1 -2 -2 -2 -2  5 -2 -4 -4 -2 -3 -4 -3  0  1 -3 -3 -3    6   9   0   1   1   0   0  62   0   0   1   0   0   0   0   6  10   0   0   0  0.75 0.17
   11 G   -1  0 -1  3 -3  0  1  4 -2 -3 -2 -1 -2 -2  1 -1 -2 -3 -1 -2    4   8   0  20   0   3   7  38   0   0   4   2   0   1   6   0   0   0   3   2  0.37 0.11
   12 S    1 -2  0 -1 -2 -1 -1  0 -2 -2 -2 -1 -2  1  1  3  2 -3 -2 -2   14   0   3   0   0   0   3   5   0   0   2   0   0   8   7  41  17   0   0   0  0.33 0.14
   13 S    1  3 -1  0  0 -1  0 -2 -1 -2  0  0 -1 -2  1  2 -1 -3 -2 -1   11  22   0   4   2   0   3   1   1   0  10   1   2   1   8  28   1   0   0   3  0.20 0.10
   14 P    0 -2 -2 -1  0 -2 -1  0 -2 -3 -1 -2 -2 -3  6  2  0 -3 -3 -2    6   0   0   2   2   0   3   5   0   0   9   0   0   0  39  27   3   0   0   1  0.69 0.16
   15 G    2  2 -1  1  0 -1 -1  2 -2 -2 -2 -1 -2 -1  0  0  0 -3 -2 -1   29  16   1   8   2   0   2  20   0   1   1   1   0   3   4   4   5   0   0   3  0.21 0.09
   16 A    2  1 -1 -1  2 -1 -1  0 -2 -1 -2  0 -1 -3  1  1  2 -3 -2 -1   26  10   0   3   6   1   2   4   0   1   2   4   0   0   7  10  16   0   0   4  0.18 0.08
   17 T    2  2 -1 -2  3  1 -1 -1 -2 -1 -2  0 -1 -3  0  1  0 -3 -2  0   26  17   0   1   8   8   1   3   0   0   2   2   0   0   4  13   3   0   0  10  0.19 0.09
   18 S    1  1 -1 -2  4 -1 -2  0 -1 -1  1 -1 -1 -2  1  2  1 -3 -1 -1   10   9   0   1  11   0   1   5   1   0  17   1   0   0   7  24   8   0   2   3  0.15 0.08
   19 G    1  0 -1 -1 -3  0  1  4  4 -3 -3 -1 -2 -3  2 -1 -1 -3 -1 -3   10   6   0   2   0   2  11  36  13   1   1   1   0   0   9   2   3   0   2   1  0.39 0.11
   20 S    0  0 -1 -2  3 -1 -1  0  3 -2 -2 -1 -2 -2  1  2  1  3  0 -2    8   7   0   1   8   1   1   7  10   1   2   3   0   0   8  26   9   6   3   1  0.23 0.10
   21 G    0  0  0 -1 -3  0 -1  4  0 -2 -3 -1 -2 -3  2  1 -1 -3 -3 -2    3   7   3   1   0   4   1  41   3   4   1   2   0   0  12  14   2   0   0   1  0.42 0.11
   22 R    0  3  0 -2 -3  0  0 -1  2 -2 -1  0  0 -2  3 -1 -1  1 -2 -2   12  23   3   0   0   4   5   5   7   0   5   2   4   0  18   1   4   2   0   2  0.27 0.09
   23 A    3 -1 -1 -1  1  0 -1  0  1 -2 -2 -1 -1 -3  1  1  1 -3 -2  0   42   3   0   1   3   6   2   3   5   0   1   1   0   0   5   6  11   0   0   8  0.24 0.10
   24 G    1  1 -1 -2  0 -1 -1  3 -1 -2 -2  0 -2 -3  2  1  0 -3 -2 -1   19  10   0   0   2   0   3  31   1   0   3   3   0   0  11   8   4   0   0   4  0.29 0.08
   25 R    0  4 -1 -2  3 -1 -1  2 -2 -2 -2  0 -2 -2  0 -1 -1  2 -2 -2    7  37   2   1   8   1   3  22   0   2   2   2   0   1   4   1   4   4   0   1  0.34 0.12
   26 G    0  1  0 -1 -1 -1 -2  4 -1 -1 -1 -1  0 -2 -1  0 -1 -2 -2  0    6   9   3   2   1   3   1  40   1   1   6   1   5   2   2   4   1   0   1  12  0.25 0.08
   27 L    0 -1 -2 -2 -2 -1 -2 -1 -1  0  3 -1  1 -1  0  0 -1 -2 -1  0    6   3   1   1   0   2   1   5   1   1  43   1   3   1   5  12   1   0   2   7  0.14 0.07
   28 S    0  1  1  0  0  0 -1  0 -1 -2 -2 -1 -2 -2  1  3  1  1 -2 -2    3  10   5   4   2   5   1   6   0   1   2   1   0   1   7  38  10   3   1   1  0.26 0.10
   29 G    1  0 -1  0  0  0 -1  1 -2  1 -1 -1  0 -1  0  1  1 -2 -2  1   21   4   1   5   2   4   3  11   0  11   2   1   3   2   3   8   9   0   1   9  0.06 0.04
   30 P    0  2 -1 -2 -3 -1 -2 -1 -2 -2 -1 -1 -2 -3  6  1 -1 -3 -3 -2    7  14   2   1   0   1   1   4   0   1   6   1   1   1  44  11   3   0   0   2  0.74 0.16
   31 C    0  4 -1 -1  1  0 -1  2  1 -2 -1  0  0 -2  0  0 -1 -3 -2 -2    6  33   1   1   4   1   2  17   3   1   6   3   4   1   5   8   2   0   0   1  0.25 0.11
   32 R   -1  4 -1 -2  0  0  0 -1  3 -3 -2  1 -2 -2 -1  1 -1 -3 -2 -2    3  39   1   1   2   3   3   5  10   1   2   6   0   1   1  14   1   0   1   1  0.35 0.14
   33 P    0  1 -2 -1 -3  0 -1 -1 -1 -1  0  1 -1 -3  5  0 -1 -3 -3 -2    7   8   0   3   0   5   3   5   1   4  15   9   0   0  32   6   1   0   0   0  0.43 0.12
   34 P    1 -2 -1  1  1 -1  0 -1 -1 -2 -1 -1 -1 -2  5  1  0 -4 -3 -1   15   1   1  12   3   1   3   2   2   0   6   3   1   1  34   9   3   0   0   3  0.50 0.13
   35 P    0  0  0 -1 -2  2  1 -2  0 -3 -2  0 -2 -1  5  0 -1 -3 -2 -3    7   5   6   0   1  15  10   2   2   0   3   6   0   3  32   7   2   0   0   0  0.53 0.15
   36 P    0  0  2 -1 -2  0 -1  0  0 -2 -2  0  0 -3  4  1  2 -3 -2 -1    8   5  11   1   0   2   1   5   2   1   1   3   3   0  24  15  14   0   0   3  0.37 0.12
   37 P   -1  1  0 -2  0  1 -1 -2  1 -3 -2  1  2 -3  5  0  0 -3 -3 -3    1  11   5   0   2   6   1   3   5   0   1   8   9   0  36   5   7   0   0   1  0.60 0.18
   38 Q    0  2  2 -1 -3  3  1  0 -1 -3 -2  0 -2 -3 -1  2  0  0 -2 -2    7  11  10   1   0  20   7   7   0   1   3   3   0   0   1  23   3   1   0   0  0.28 0.13
   39 A    1  2 -1 -1  1  0 -1 -1 -2  0 -1  1 -1 -1  2  1  0 -3 -2 -1   20  18   1   2   3   2   1   2   0   7   6   6   0   3  11   9   5   0   0   3  0.15 0.08
   40 R    1  2  1  0 -1  1 -1  0 -1 -2 -2  0 -2 -3 -1  3  0 -3 -2 -2    9  15   6   6   1   7   1   7   0   1   5   4   0   1   2  29   5   0   0   1  0.21 0.11
   41 G    0 -3 -2 -2 -3 -3 -3  6 -3 -4 -3 -3 -2 -4 -2  0 -2 -3 -4 -3    5   1   1   1   0   1   1  77   0   1   2   1   1   0   2   5   1   0   0   2  1.19 0.28
   42 L   -1 -1 -3 -3 -1 -1 -3 -3 -3  0  4 -2  3  1 -3 -1 -1 -2 -2 -1    4   3   1   1   1   2   1   1   0   2  59   1   9   6   1   6   2   0   0   1  0.47 0.19
   43 L    0 -2 -3 -3 -2 -2 -3 -3 -3  1  4 -1  2 -1 -3 -1 -1 -3 -2  1    7   1   0   1   0   1   1   1   0   6  59   5   5   1   1   5   1   0   0   6  0.47 0.19
   44 T    0 -1 -1 -1 -1 -1  0 -1 -2 -2 -2 -2 -2 -3  0  2  4 -3 -3 -1    4   3   2   1   1   2   6   5   0   1   4   1   1   0   5  20  42   0   0   2  0.41 0.20
   45 E   -1  1 -1  1 -4  1  4 -2 -1 -4 -3  1 -3 -4  2  1  1 -4 -3 -3    2   9   2   8   0   5  34   2   1   0   0   5   0   0   9  10  12   0   0   0  0.44 0.18
   46 I   -1 -3 -2 -3  0 -2 -2 -2 -4  4  2 -2  0 -2  3 -2 -1 -4 -3  0    2   0   1   0   2   1   2   3   0  38  21   1   1   0  19   2   3   0   0   3  0.47 0.21
   47 R   -1  3 -1 -2 -4  4  1 -3  3 -3 -2  1  4 -3 -1 -1 -1 -4 -2 -2    3  21   2   1   0  24   6   1   8   0   0   8  16   0   3   4   1   0   1   1  0.48 0.24
   48 A    2  1 -1 -3 -2 -2 -1 -2 -2 -1 -2 -2 -1 -1 -1  1  4 -4 -2  0   21  10   1   0   0   0   2   1   1   2   2   0   1   2   1   8  40   0   1   6  0.40 0.23
   49 V    2  0 -2 -2  1  0 -2 -3 -1 -1  1 -1  0 -2  4 -1  0 -3 -3  1   20   6   0   1   3   4   0   0   2   2  14   2   1   1  23   2   8   0   0  11  0.31 0.15
   50 V   -1 -3 -4 -4 -3 -3 -4 -3 -4  4  1 -3  3  3 -3 -2 -2 -1 -1  2    3   1   0   0   0   0   0   1   0  39   7   1  10  18   1   1   0   1   0  16  0.56 0.23
   51 R   -2  5  0 -2  1  0 -1 -3  2 -2 -3  4 -3 -4 -3  1 -1 -4 -3 -3    1  34   3   0   3   2   1   0   6   3   2  32   0   0   0  11   2   0   0   0  0.65 0.27
   52 T   -1 -1  0 -2 -2  3  0 -2 -2 -2 -2  1  3 -2 -2  1  4 -4 -3 -2    4   2   5   0   1  18   3   2   0   0   1  11  10   2   1   7  33   0   0   1  0.38 0.23
   53 E   -1 -2 -1  3 -5  4  5 -1 -2 -5 -5 -1 -4 -5 -3 -1 -1 -5 -4 -4    3   0   1  13   0  19  54   5   0   0   0   1   0   0   0   1   2   0   0   0  0.96 0.34
   54 P   -1 -2  4 -1 -4 -1 -2 -2 -1 -4 -4  1 -3 -5  6  0  0 -5 -4 -4    3   0  21   3   0   1   1   1   1   0   1  11   0   0  45   8   4   0   0   0  1.01 0.30
   55 F   -3 -3 -4 -5 -1 -4 -4 -5 -4  2  1 -3  1  6 -4 -4 -3  0  0  2    0   1   0   0   2   0   0   0   0  14  13   1   2  46   0   0   0   1   0  19  0.82 0.28
   56 Q   -1  0  2  0 -4  3  3 -1  2 -3 -2  0 -2 -3 -1  0  2 -4 -1 -2    2   3  11   4   0  13  28   3   6   0   3   2   1   0   2   3  15   0   2   1  0.36 0.18
   57 D   -1 -1  4  5 -4 -1  2 -1 -1 -4 -4 -1 -4 -4 -3  1 -1 -5 -4 -3    5   2  23  35   0   1  13   3   1   0   0   3   0   1   0  12   1   0   0   1  0.65 0.24
   58 G   -1  0 -1 -2  0 -2 -2  0  3 -1  0 -1 -1  4 -3  0 -1 -2  2  0    2   7   3   1   2   0   0   9   9   2   8   3   1  28   0   7   3   0   5  10  0.21 0.14
   59 Y   -4 -3 -5 -5 -5 -4 -4 -5 -1 -3 -3 -4 -3  2 -1 -4 -3  1  9 -3    1   1   0   0   0   0   0   1   0   1   0   0   0   4   3   1   1   1  86   1  2.16 0.54
   60 S   -1  0  0  2 -2  0  2 -1 -1 -2 -2 -1  0 -2 -2  2  3 -4 -3 -2    2   5   3  12   1   1  20   3   1   1   4   1   2   2   0  17  23   0   0   1  0.28 0.16
   61 L   -2 -3 -3 -4 -1 -3 -4 -4 -4  3  3 -3  2 -1 -3 -3 -1  0 -2  3    1   1   1   0   1   0   0   0   0  21  38   1   5   0   1   0   2   1   0  26  0.54 0.20
   62 C    0 -1 -1  0  2  0  0 -1 -1  1  0 -1  0 -1 -1  1  2 -1 -1  0    5   2   2   7   7   5   3   3   1  11   7   2   1   2   2  14  18   0   2   5  0.07 0.04
   63 P   -1 -1  0  1 -1  0  2 -1 -1 -1 -2  0 -1 -2  4  0 -1  2 -1 -1    5   3   4   6   1   2  16   3   1   3   4   4   1   2  27   5   4   4   2   3  0.36 0.07
   64 G    0 -2 -1  0 -3  0  1  5  0 -3 -3 -1 -2 -3 -2  2 -1 -3 -2 -3    5   1   1   3   0   3   9  46   2   1   3   1   0   1   1  19   2   0   1   1  0.51 0.16
   65 R   -1  3 -1 -1 -1  1  3  1 -1 -3 -3  3 -2 -3 -1 -1  0 -4 -3 -3    3  20   1   1   2   5  23  12   0   0   1  22   0   0   2   1   6   0   0   1  0.39 0.16
   66 E   -1 -2 -2  0 -5  0  6 -2 -1 -4 -4 -1 -4 -5  3 -2 -2 -3 -3 -3    3   0   0   1   0   1  70   2   1   0   1   0   0   0  17   1   2   0   1   1  1.14 0.35
   67 L   -3 -1 -4 -5 -3 -3 -4 -4 -2  1  5 -3  1  3 -3 -3 -3 -1 -1 -1    0   4   0   0   0   0   0   0   1   6  68   0   0  16   1   1   0   1   0   0  0.73 0.25
   68 G    2 -4 -2 -3 -4 -2 -3  6 -3 -5 -4 -3 -4 -4 -2 -1 -2 -4 -4 -4   18   0   0   0   0   1   1  74   0   0   1   0   0   0   1   1   1   0   0   0  1.21 0.30
   69 R   -1  6 -1 -3 -4 -1 -2 -3 -2 -4 -4  1 -2 -4 -3  4 -1 -4 -3 -4    1  54   1   0   0   0   0   0   0   0   0   3   0   0   0  40   0   0   0   0  1.00 0.32
   70 G    1 -3 -2 -2 -3 -3 -3  6 -3 -4 -4 -2 -3 -4 -3 -1 -2 -3 -4 -3   13   1   0   1   0   0   1  78   0   1   1   1   0   0   1   1   1   0   0   1  1.24 0.27
   71 K    1  1 -1 -2 -3  4  0 -2 -2 -3 -3  5 -2 -4 -2 -1 -2 -3 -3 -3   13   6   0   1   0  23   1   1   0   1   1  51   0   0   1   1   1   0   0   1  0.69 0.23
   72 F   -3 -3 -3 -4  1 -3 -4  1 -2 -2 -1 -3 -2  7 -4 -3 -3 -1  4 -2    1   1   0   1   3   0   1  12   0   1   1   1   0  64   1   1   1   0  12   1  1.05 0.27
   73 A    5 -3 -2 -3 -2 -2 -2  2 -3 -3 -3 -2 -2 -3 -2  0 -1 -3 -3 -2   75   1   0   1   0   0   1  15   0   1   1   1   0   0   1   2   1   0   0   1  0.82 0.26
   74 V    0 -3 -3 -3 -2 -2 -3 -3 -3  4  0 -3  0 -2 -3 -1  1 -3 -2  4    5   1   0   1   0   1   1   1   0  31   1   1   1   0   1   5  11   0   0  39  0.44 0.17
   75 V   -2 -4 -4 -4 -2 -3 -4 -4 -4  1 -1 -3 -1  2 -4 -3 -2 -3 -2  6    1   0   0   0   0   0   1   1   0   0   1   1   0  12   0   1   1   0   0  80  1.00 0.31
   76 R   -2  5  1  1 -1  0 -1 -3 -2 -4 -3  4 -3 -4 -3 -2 -2 -4 -3 -3    1  42   5   7   2   0   1   1   0   0   1  37   0   0   0   1   1   0   0   1  0.81 0.25
   77 K   -2  4 -2 -2 -4  3 -1 -3 -1 -4 -3  5 -2 -4 -2 -2 -2 -4 -3 -3    1  27   0   0   0  15   1   1   1   0   1  49   1   0   0   1   1   0   0   1  0.87 0.26
   78 C   -2 -5 -4 -5 11 -4 -5 -4 -4 -1 -2 -4 -3 -4 -4 -3 -3 -4 -3 -2    2   0   0   0  84   0   1   1   0   4   2   1   0   0   0   1   1   0   1   1  2.44 0.46
   79 I   -2  3 -2 -3 -1 -1 -2 -3 -2  2 -1  0  1 -2 -3 -2  0 -2 -2  3    1  27   0   0   1   2   1   1   0  18   2   6   3   0   0   1   7   1   0  29  0.32 0.16
   80 K   -1 -1  1  1 -3  1  4 -2  4 -3 -3  0 -2 -3 -2  1 -1 -3 -2 -3    4   1   8   4   0   4  41   1  13   1   1   5   0   1   1  11   1   0   1   1  0.49 0.17
   81 K    0  3  0  0 -3  0 -1 -2 -2 -1 -1  5 -2 -3 -2  0 -2 -4 -3 -2    7  13   3   5   0   1   1   1   0   4   6  52   0   0   0   4   1   0   0   1  0.52 0.20
   82 D    1  0 -1  2  0  0  2 -1 -1 -2 -3  0 -2 -2 -2  3  0 -3 -2 -1    9   5   0  13   2   3  15   3   1   2   1   3   0   1   0  32   4   0   1   4  0.25 0.12
   83 S   -1  1 -1 -2 -2 -2  0 -2 -2 -3 -3 -1 -2 -3 -2  3  5 -4 -3 -2    1   7   0   0   0   0   5   1   0   0   1   1   0   0   0  23  58   0   0   1  0.76 0.27
   84 G   -1 -2  0  0 -4 -2  1  6 -3 -4 -4 -1 -3 -4 -3 -1 -2 -4 -4 -3    1   1   3   5   0   0  10  71   0   0   1   2   0   0   0   1   1   0   0   1  1.04 0.26
   85 K   -1  2 -1 -1 -3  2  2 -3  0  0  0  3  0 -2 -2 -1 -1 -3 -2  0    2  11   1   0   0   9  19   1   2   5  11  23   1   0   0   1   3   0   0  10  0.22 0.11
   86 E    1 -1 -2  0 -3  2  5 -2  0 -3 -3 -1 -2 -4 -2 -1 -2 -4 -3  0   15   1   0   2   0   9  55   1   2   0   1   1   1   0   1   1   1   0   0  10  0.63 0.23
   87 F   -3 -3 -4 -4 -3 -3 -4 -4  0 -2 -2 -3 -2  6 -4 -3 -3  4  7 -1    1   1   0   0   1   0   1   1   2   0   1   1   0  38   0   1   1   5  44   4  1.24 0.31
   88 A    5 -2 -2 -3 -2 -2 -2 -1 -3 -3 -3  0 -2 -3 -2  1  0 -4 -3 -2   77   0   0   0   0   0   1   1   0   0   1   7   0   0   0   5   4   0   0   1  0.83 0.28
   89 A    5 -2 -2 -2 -2  0  1  0 -3 -3 -3 -2 -2 -3 -2 -1 -2 -4 -3 -2   73   0   0   0   0   4  12   4   0   0   1   1   0   0   0   1   1   0   0   1  0.78 0.28
   90 K   -2  0 -2 -2 -4  0  1 -3 -2 -4 -3  7 -3 -4 -2 -2 -2 -4 -3 -3    1   1   1   1   0   1   5   1   0   1   1  83   0   0   1   1   1   0   0   1  1.21 0.33
   91 F   -3 -3 -3  2  1 -3 -3 -3 -2 -1 -1 -3 -2  7 -4 -2 -3 -1  1 -2    1   1   1  12   3   1   1   1   0   1   2   1   0  68   1   3   1   0   2   1  1.08 0.28
   92 M   -2 -3 -3 -4 -2 -3 -3 -4 -3  4  3 -3  3 -1 -3 -1 -2 -3 -2  2    1   0   0   0   0   0   1   1   0  38  26   1   9   0   0   5   1   0   0  15  0.53 0.19
   93 R   -2  5  0 -2 -4  1 -1 -3 -2 -4 -3  5 -3 -4 -3 -2 -2 -4 -3 -3    1  41   5   0   0   4   1   1   0   0   1  43   0   0   0   1   1   0   0   1  0.96 0.28
   94 K   -2  3 -2 -2 -4 -1 -1 -3 -2 -4 -3  7 -3 -4 -3 -2 -2 -4 -3 -4    1  14   0   0   0   0   1   1   0   0   2  77   0   0   0   1   1   0   0   1  1.21 0.35
   95 R   -3  7 -2 -3 -4 -1 -2 -4 -2 -4 -4  1 -3 -4 -3 -2 -1 -4 -3 -4    1  86   0   0   0   0   1   1   0   0   1   2   0   0   0   1   5   0   0   1  1.58 0.40
   96 R   -2  7 -1 -3 -4  3 -1 -3 -2 -4 -3  1 -3 -4 -3 -2 -2 -4 -3 -4    2  71   1   0   0  14   1   1   0   0   1   4   0   0   0   1   1   0   0   1  1.23 0.34
   97 K   -2  5 -2 -3 -3  0 -1 -3 -1  1 -1  3  0  0 -3  0 -2 -3 -2 -2    1  47   0   0   0   1   1   1   1  10   5  18   2   4   0   5   1   0   0   1  0.59 0.22
   98 G    1 -1 -1 -2 -1 -2 -2  5 -3 -3  0 -2 -2 -3 -3  1 -2 -3 -3 -2   10   4   2   0   1   1   1  54   0   0  10   1   0   0   0  13   1   0   0   1  0.63 0.20
   99 Q    0  1 -1 -1 -3  3  2 -2 -1 -2 -2  1  0 -3 -2  0 -1 -3 -2  1    9   8   0   0   0  23  19   1   0   0   1  10   3   0   0   7   3   0   0  14  0.29 0.15
  100 D   -2  1  0  5 -3 -1  1  1 -2 -3 -4 -1 -3 -4 -2  1 -2 -4 -3 -3    1   7   2  50   0   1   8  10   0   1   1   1   0   1   1  14   1   0   0   1  0.67 0.21
  101 C   -1  0 -2 -3  8  0 -2 -3 -1 -1  0 -2 -2 -2 -3  0 -1 -3 -2  1    2   6   1   1  44   6   1   1   1   2   8   1   0   1   1   7   2   0   1  13  0.77 0.22
  102 R   -1  7 -2 -3 -4 -1 -2 -2  1 -4 -3  1  0 -4 -3  0 -1 -4 -3 -3    3  67   0   0   0   0   1   2   4   0   1   5   3   0   0   7   3   0   0   1  1.00 0.30
  103 M    1 -1  0  0 -3  0  3 -1  1 -2 -1  0  2  1  1  0 -1 -2 -1 -1   18   2   3   3   0   3  24   5   4   0   2   3  10  10   7   2   2   0   1   2  0.17 0.11
  104 E   -2 -2 -1  3 -4  0  6 -1 -2 -3  0 -1 -2 -4 -3 -2 -2 -4 -3 -2    1   0   1  14   0   2  60   4   0   0  10   1   0   0   0   1   1   0   0   4  0.78 0.27
  105 I   -1 -3 -3 -3 -3 -3 -2 -4  3  6  0 -3 -1 -2 -3 -3 -2 -4 -2  2    6   0   0   0   0   0   4   1   9  67   1   1   0   0   0   1   1   0   0   8  0.80 0.28
  106 I   -2  0 -2 -2 -3  0  2 -3  1  2  2 -1  1 -1 -3 -2  0  0 -2  0    0   6   0   0   0   4  19   0   4  17  32   0   3   2   0   1   5   1   0   3  0.22 0.14
  107 H   -3  4  2 -2 -5 -1 -1 -4  9 -5 -4 -1 -3 -3 -4 -2 -3 -4 -1 -4    0  23  10   0   0   0   3   0  57   0   1   2   0   0   0   0   0   0   0   0  1.42 0.38
  108 E   -3 -2  1  1 -5  0  7 -4 -2 -5 -5 -1 -4 -5 -3 -2 -3 -5 -4 -4    0   0   5   4   0   0  85   0   0   0   1   0   0   0   0   0   0   0   0   0  1.48 0.41
  109 I   -1 -4 -4 -4 -2 -4 -4 -4 -4  5  0 -4  2 -2 -4 -3 -2 -4 -3  5    2   0   0   0   0   0   0   0   0  42   1   0   5   0   0   0   0   0   0  46  0.87 0.28
  110 A    5 -1  0  0 -2 -2 -2 -1 -1 -2 -3 -2 -2 -2 -3  1 -1 -4 -2  1   58   2   4   5   0   0   1   2   1   0   0   0   0   1   0   9   2   0   1  13  0.50 0.24
  111 V   -2 -4 -4 -5 -3 -4 -4 -5  3  4  0 -4  1 -2 -4 -3 -2 -4 -2  5    0   0   0   0   0   0   0   0   9  27   5   0   4   0   0   0   0   0   0  55  0.87 0.30
  112 L   -4 -4 -5 -6 -3 -4 -5 -6 -1  0  6 -5  0 -2 -5 -5 -3 -4 -3 -1    0   0   0   0   0   0   0   0   2   0  98   0   0   0   0   0   0   0   0   0  1.42 0.41
  113 E   -2  2 -1  3 -5  2  5 -3  0 -4 -4  0  0 -4 -3  0 -2 -4 -2 -4    1  14   0  14   0   8  48   0   2   0   1   4   3   0   0   4   0   0   1   0  0.74 0.26
  114 L    1 -2 -2 -2 -3  2  0 -3 -1  1  4 -2  2 -2 -3 -1 -2 -3 -2 -1   12   1   2   1   0  15   6   0   1   5  48   0   5   0   0   2   1   0   0   1  0.34 0.19
  115 A    3 -2 -2 -3  4 -2 -2 -2 -3  1 -1  1  0 -3 -3  1  0 -4 -3  1   39   1   0   0  11   0   0   1   0  11   1   9   2   0   0  11   5   0   0   8  0.35 0.19
  116 Q    0  2 -1 -1 -2  3  0 -2  1 -2  0  2 -1 -3  2  0 -1 -3 -2 -2    8  10   1   2   1  19   2   0   4   0  14  17   1   0   9   6   3   0   0   2  0.24 0.13
  117 D    0 -1  1  1  0  2  0  0  1 -2 -1  0 -1 -2  2  2  0 -2 -1 -2    8   2  10  10   2  12   2   6   5   1   5   4   0   2   9  18   2   0   1   2  0.16 0.07
  118 N   -2 -3  5 -2  6 -2 -3 -3  7 -4 -4 -3 -4 -4 -4  1 -1 -5 -2 -4    1   0  29   1  23   0   0   0  31   0   0   0   0   0   0  13   1   0   0   0  1.16 0.36
  119 P    0 -3 -1 -3 -2  0 -2 -2  2  0 -3 -2 -3 -4  7  0 -1 -5 -4 -3    7   0   4   0   1   4   1   2   6   9   2   0   0   0  55   8   2   0   0   0  1.10 0.29
  120 W   -3  5  4 -3 -5 -1 -2 -3  3 -4 -1  0 -3 -2 -4 -2 -3  5  1 -4    0  43  22   0   0   2   0   1   7   0   8   1   0   1   0   0   0  10   5   0  0.80 0.29
  121 V   -2 -4 -5 -5 -3 -4 -5 -5 -5  5  2 -4  0 -2 -4 -4 -2 -4 -3  5    0   0   0   0   0   0   0   0   0  34  22   0   0   0   0   0   0   0   0  43  0.89 0.28
  122 I   -2 -4 -4 -5 -3 -4 -4 -5 -5  5 -1 -4 -1 -2 -4 -3  2 -5 -3  4    0   0   0   0   0   0   0   0   0  50   0   0   0   0   0   0  12   0   0  38  0.98 0.32
  123 N   -1  0  4  2 -3  0 -1  0  0 -4 -4  1 -2 -4 -3  2  2 -4 -3 -3    2   5  30  10   0   2   1   5   1   0   0  10   0   0   0  15  19   0   0   0  0.48 0.20
  124 L   -3 -4 -5 -5 -3 -4 -4 -5 -4  0  6 -4  1 -1 -4 -4 -3 -3 -2 -1    0   0   0   0   0   0   0   0   0   0  99   0   0   1   0   0   0   0   0   0  1.15 0.24
  125 H   -3 -1 -1 -3 -5  0 -2 -4 10 -3 -3 -2 -3 -2 -4 -3 -3 -3  3 -3    0   1   0   0   0   3   0   0  81   2   2   1   0   0   0   0   0   0   8   1  1.77 0.31
  126 E    0 -1 -1  4 -4  2  5 -3 -1 -4 -4  0 -3 -4 -2 -1 -2 -4 -3 -3    9   0   0  28   0  12  49   0   0   0   0   3   0   0   0   1   0   0   0   0  0.80 0.18
  127 V    0 -4 -4 -5 -2 -4 -4 -4 -5  2  0 -4 -1 -2 -4 -3 -1 -4 -3  6    6   0   0   0   0   0   0   0   0   9   0   0   0   0   0   0   0   0   0  86  0.96 0.23
  128 Y   -4 -4 -4 -5 -4 -3 -4 -5  1 -3 -2 -4 -2  5 -5 -3 -3  0  8 -3    0   0   0   0   0   0   0   0   2   0   0   0   0  26   0   0   0   0  72   0  1.66 0.29
  129 E   -3 -2 -2  0 -5  1  7 -4 -2 -5 -5 -1 -4 -5 -3 -2 -2 -5 -4 -4    0   0   0   0   0   3  97   0   0   0   0   0   0   0   0   0   0   0   0   0  1.54 0.30
  130 T   -2 -2  4 -2 -3 -2 -2 -3 -1 -3 -3 -2  0 -4 -3  1  6 -4 -3 -2    0   0  25   0   0   0   0   0   1   0   0   0   3   0   0   5  66   0   0   0  0.88 0.23
  131 A    1  2  1  0 -3  0 -1 -2  0 -3 -3  1 -2 -3  3  1  1 -4 -3 -2   19  15  10   6   0   2   1   0   1   0   1  10   0   0  19   9   9   0   0   0  0.36 0.09
  132 S   -1 -2  2 -2 -2 -1 -2 -2  3 -3 -3 -1 -2 -3 -2  3  5 -4 -2 -2    1   0  10   0   0   0   0   0  10   0   0   3   0   0   0  29  46   0   0   0  0.61 0.18
  133 E   -2 -2 -1  4 -5  1  6 -3 -2 -5 -5 -1 -4 -5 -3 -2 -2 -5 -4 -4    0   0   0  28   0   3  69   0   0   0   0   0   0   0   0   0   0   0   0   0  1.18 0.24
  134 M   -2 -3 -4 -4 -2 -3 -4 -4 -4  4  2 -3  6 -1 -4 -3 -2 -3 -2  3    0   0   0   0   0   0   0   0   0  32   9   0  32   1   0   0   0   0   0  26  0.66 0.16
  135 I   -1 -4 -3 -4 -2 -4 -4 -4 -4  5  0 -3  0 -1 -4 -3 -1 -4 -2  4    4   0   1   0   0   0   0   0   0  53   0   0   0   1   0   0   2   0   0  40  0.73 0.17
  136 L   -3 -4 -5 -5 -3 -4 -4 -5 -4  1  5 -4  1  0 -4 -4 -2 -3 -2  0    0   0   0   0   0   0   0   0   0   4  95   0   0   1   0   0   0   0   0   0  1.03 0.21
  137 V   -2 -4 -4 -4 -1 -4 -4 -5 -4  4  1 -4  0 -2 -4 -3 -1 -4 -2  5    0   0   0   0   1   0   0   0   0  32   5   0   1   0   0   1   0   0   0  61  0.76 0.17
  138 L   -3 -3 -4 -5 -3 -3 -4 -5 -4  0  5 -4  2 -1 -4 -3  0 -3 -2  0    0   0   0   0   0   0   0   0   0   0  92   0   3   0   0   0   5   0   0   0  0.94 0.20
  139 E   -2 -2 -2  0 -5  1  7 -3 -2 -5 -5 -1 -4 -5 -3 -2 -2 -4 -3 -4    0   0   0   0   0   1  98   1   0   0   0   0   0   0   0   0   0   0   0   0  1.50 0.28
  140 Y   -3 -3 -4 -5  2 -3 -4 -4 -1 -1  3 -3  1  2 -4 -3 -3  0  6 -1    0   0   0   0   6   0   0   0   0   0  38   0   4   4   0   1   0   0  47   0  0.82 0.18
  141 A    5 -3 -3 -3  3 -2 -2 -2 -3 -1 -1 -2 -1 -3 -2  0 -1 -4 -3  2   66   0   0   0   6   0   0   0   0   0   4   0   0   0   0   2   0   0   0  21  0.58 0.17
  142 A    4 -2 -2 -2  0 -2 -1  0 -2 -2 -2 -1 -2 -3  2  2  0 -4 -3 -1   53   1   0   0   1   0   1   4   0   2   2   1   0   0   9  23   3   0   0   1  0.46 0.13
  143 G   -1 -2 -2 -2 -4 -3 -3  7 -3 -5 -5 -3 -4 -5 -4 -2 -3 -4 -5 -5    0   2   0   1   0   0   0  97   0   0   0   0   0   0   0   0   0   0   0   0  1.64 0.24
  144 G   -1 -4 -2 -3 -4 -3 -4  7 -4 -5 -5 -2 -4 -5 -4 -2 -3 -4 -5 -5    0   0   0   0   0   0   0  98   0   0   0   2   0   0   0   0   0   0   0   0  1.68 0.25
  145 E   -2 -2  0  1 -5  0  7 -4 -2 -2 -4 -1 -3 -5 -3 -2 -2 -4 -4 -3    0   0   2   5   0   0  89   0   0   4   0   0   0   0   0   0   0   0   0   0  1.25 0.25
  146 I   -1 -4 -4 -4 -2 -3 -4 -4 -4  4  4 -4  1 -1 -4 -3 -2 -3 -2  1    4   0   0   0   0   0   0   0   0  43  50   0   1   0   0   0   0   0   0   3  0.67 0.15
  147 F   -2 -3 -3 -3 -3 -3 -3 -3  1 -1 -1 -3 -1  7 -3 -2 -2  0  2 -2    2   1   1   1   0   1   1   1   4   1   2   1   0  75   1   4   1   0   1   1  1.00 0.17
  148 D   -2  0  3  5 -3  0  0 -2  1 -3 -3 -1 -2 -1  0  0 -1 -3 -2 -3    2   4  19  45   0   1   3   1   4   1   2   1   0   3   5   3   2   0   1   1  0.52 0.10
  149 Q   -2  0  0 -1 -3  5  1 -2  4 -2  1  0 -1 -2 -2 -1 -1 -2 -1 -2    1   1   3   1   0  47   6   1  13   1  16   1   0   1   1   1   1   0   2   1  0.47 0.12
  150 C   -1  1 -2 -3  9 -2 -2 -2 -1 -2 -1 -1  2  0 -2  0 -1 -2 -2 -2    2   9   1   1  54   1   1   1   2   1   2   3   8   4   1   6   2   0   1   1  0.89 0.15
  151 V   -1 -3 -4 -4 -2 -3 -3 -4 -3  2  1 -3  0  3 -3 -2 -1 -2 -1  4    2   0   0   0   0   0   0   0   0   6  13   0   1  19   0   3   0   0   0  54  0.48 0.13
  152 A    2 -1 -3 -3 -1 -2 -2 -2 -3  2  2 -2  0 -1  2  0 -1 -3 -2  1   24   2   0   0   1   0   0   1   0  13  35   0   0   0  12   6   0   0   0   5  0.24 0.08
  153 D    1 -2  0  5 -3 -1  3 -1 -2 -3 -3 -1 -3 -3 -2  0 -1 -4 -3 -3   20   1   2  47   0   0  19   3   0   1   1   1   0   0   1   3   1   0   0   1  0.59 0.12
  154 R   -1  3  1  1 -1  3  1 -1  0 -1  0  1 -1 -2 -1 -1 -1 -3 -2 -1    2  25   5   8   2  18   7   3   1   2  13   2   0   1   2   2   3   0   0   3  0.19 0.06
  155 E    0  0  0  4 -3  1  3 -1  0 -3 -3  3 -3 -4 -2 -1 -1 -4 -2 -3    6   0   1  31   0   4  26   2   2   0   1  24   0   0   0   1   0   0   0   1  0.51 0.11
  156 E   -2 -1  0  3 -4  1  6 -2 -1 -4 -4 -1 -3 -4 -2 -1 -2 -4 -3 -4    1   0   2  13   0   2  78   1   0   0   0   0   0   0   0   0   0   0   1   0  1.07 0.20
  157 A    2  0 -1 -2  2 -1 -1  0 -2 -1  0 -1  1 -2 -1  2  0 -3 -2  0   26   7   0   0   6   0   1   3   0   2   8   0   6   1   2  27   3   0   0  10  0.18 0.08
  158 F   -2 -2 -4 -4 -3 -3 -3 -4 -3  2  2 -3  0  5  2 -3 -2 -1  0  1    0   2   0   0   0   0   0   0   0  16  30   0   0  34  10   1   0   0   0   6  0.46 0.11
  159 K    0  0  0 -1 -2  0  1  0 -1 -3 -3  2 -2 -2  1  3  2 -3 -2 -2    2   4   3   1   1   1  10   5   0   0   0  18   0   2   8  30  15   0   0   0  0.29 0.09
  160 E   -2 -2 -2  0 -5  1  7 -3 -2 -5 -4 -1 -3 -5 -2  0 -2 -4 -3 -4    0   0   0   0   0   2  92   0   0   0   0   0   0   0   0   4   0   0   0   0  1.33 0.25
  161 K    0  2  1  1 -3  1  2  0  0 -3 -3  3 -1 -3 -1  1  0 -3 -2 -2    6  12   7   4   0   3  22   5   1   0   0  24   1   0   1   8   4   0   0   1  0.30 0.07
  162 D   -1 -1  0  5 -4  2  4 -3  0 -4 -4  0 -3 -4 -2 -1 -1 -4 -3 -3    3   0   0  45   0  13  29   0   2   0   0   4   0   0   0   0   2   0   0   1  0.76 0.15
  163 V    2 -3 -3 -4 -2 -3 -3 -3 -4  3  0 -3  0 -2 -3 -1  0 -4 -2  4   27   0   0   0   0   0   0   0   0  19   0   0   0   0   0   0   3   0   0  49  0.48 0.14
  164 Q    0  1 -2 -2 -2  1 -1 -3 -2  2  0  1  0 -2 -2  0  2 -3 -2  1    8   8   0   0   0  10   0   0   0  19   4   9   0   0   0   1  25   0   0  14  0.18 0.08
  165 R   -1  6 -1 -2 -4  2 -1 -3  0 -4 -3  2 -2 -2 -3  0 -1 -2 -2 -3    5  66   0   0   0   7   1   0   1   0   0   7   0   2   0   6   2   0   0   1  0.82 0.18
  166 L   -1 -3 -4 -5 -2 -3 -4 -4 -3  0  4 -4  1  4 -4 -3 -2 -2  0  0    7   0   0   0   0   0   0   0   0   1  64   0   0  25   0   0   0   0   1   2  0.66 0.16
  167 M   -1 -1 -4 -4 -2 -2 -3 -4 -3  4  3 -3  5 -1 -3 -3 -1 -3 -2  1    6   4   0   0   0   0   0   0   0  35  24   0  29   0   0   0   0   0   0   3  0.49 0.12
  168 R   -2  5  0 -2 -4  1 -1 -2  0 -2 -3  4 -2 -4 -3 -1 -2 -3 -3 -2    0  45   4   0   0   2   0   1   2   2   0  42   0   0   0   0   0   0   0   2  0.74 0.14
  169 Q   -2  0 -1 -2 -4  8  1 -3  1 -4 -4  0 -2 -1 -3 -2 -2 -3 -2 -4    0   0   0   0   0  91   1   0   4   0   0   0   0   4   0   0   0   0   0   0  1.37 0.25
  170 I   -2 -4 -4 -4 -2 -4 -4 -5  0  6  1 -4  1 -1 -4 -3  0 -4 -2  2    0   0   0   0   0   0   0   0   4  85   1   0   1   0   0   0   4   0   0   5  0.85 0.18
  171 L   -3 -3 -5 -5 -2 -3 -4 -5 -4  1  5 -4  1 -1 -4 -4 -2 -3 -2  0    0   0   0   0   0   0   0   0   0   1  96   0   1   0   0   0   0   0   0   2  0.95 0.17
  172 E   -1 -1  0  4 -4  1  5 -2 -1 -4 -4  0 -2 -4 -2 -1 -1 -4 -3 -2    4   0   3  25   0   1  58   1   0   0   0   1   0   0   0   1   3   0   0   3  0.75 0.14
  173 G    0 -3 -2 -2 -4 -3 -3  6 -3 -5 -5 -3 -4 -4 -3  0 -2 -4 -4 -4    5   0   0   0   0   0   0  91   0   0   0   0   0   0   0   4   0   0   0   0  1.42 0.19
  174 V   -1 -4 -4 -4 -2 -3 -4 -4 -4  3  2 -3  0 -1 -4 -3 -1 -4 -2  5    0   0   0   0   0   0   0   0   0   9  21   0   0   0   0   0   0   0   0  70  0.68 0.14
  175 H    2 -1  2 -1  3  0 -1  0  4 -2 -2 -1 -2 -2 -2  1 -1 -3  0 -1   22   3  11   2   8   5   0   4  19   1   3   2   0   0   0  11   1   0   4   4  0.19 0.06
  176 F   -3 -3 -1 -4  2 -2 -3 -4  3 -2 -1 -3 -1  6 -4 -3 -3  0  6 -2    0   0   4   0   6   1   0   0   8   0   2   0   0  44   0   0   0   0  35   0  0.90 0.16
  177 L   -2 -3 -4 -5 -2 -3 -4 -5 -4  1  5 -3  2 -1 -4 -2 -2 -3 -2  0    0   0   0   0   0   0   0   0   0   4  92   0   2   0   0   2   0   0   0   0  0.86 0.16
  178 H   -3 -2 -1 -3 -5 -1 -2 -4 10 -5 -4 -2 -3 -3 -4 -3 -3 -4  2 -5    0   0   0   0   0   0   0   0  96   0   0   0   0   0   0   0   0   0   4   0  2.15 0.29
  179 T    0  2  0  1 -3  3  2 -2  0 -3 -3  1 -1 -3 -2  2  1 -3 -2 -2    7  13   2   5   0  19  14   1   1   0   0   5   0   0   0  22   8   0   0   3  0.29 0.07
  180 R   -2  2  4 -1 -2  0  0 -2  3 -2 -1  2 -1 -3 -2  0 -1 -4 -2 -3    0  16  32   0   0   2   4   0  12   1   6  20   1   1   0   4   2   0   0   0  0.39 0.09
  181 D   -2  1  6  3 -4  0 -1 -1  0 -4 -4  2 -3 -4 -3  0 -1 -5 -3 -4    0   7  56  15   0   1   0   1   1   0   0  16   0   0   0   4   0   0   0   0  0.74 0.14
  182 V   -2 -4 -4 -4 -2 -3 -4 -4 -4  5  1 -3  2  0 -4 -3 -1 -3 -2  4    0   0   0   0   0   0   0   0   0  53   3   0   4   2   0   0   0   0   0  37  0.67 0.14
  183 V    3 -3 -3 -3 -2 -2 -3 -2 -3  1 -1 -2 -1 -2 -3 -1 -1 -4 -2  4   41   0   0   0   0   0   0   0   0   0   1   0   0   0   0   1   1   0   0  56  0.53 0.14
  184 H   -3 -2 -1 -3 -5 -1 -2 -4 10 -5 -5 -2 -3 -3 -4 -1 -3 -4  0 -5    0   0   0   0   0   0   0   0  96   0   0   0   0   0   0   4   0   0   0   0  2.12 0.29
  185 L   -2 -3 -4 -4 -2 -3 -4 -4 -3  0  5 -3  1  4 -4 -3 -2 -2  0  0    0   0   0   0   0   0   0   0   0   0  76   0   0  21   0   0   0   0   0   0  0.73 0.14
  186 D   -3 -3  0  7 -5 -2  0 -3 -2 -4 -5 -2 -4 -5 -3 -1 -2 -5 -4 -4    0   0   0  96   0   0   0   0   0   0   0   0   0   0   0   0   0   0   0   0  1.59 0.22
  187 L   -2 -3 -4 -4 -2 -3 -4 -4 -4  3  5 -3  1 -1 -4 -3 -2 -3 -2  0    0   0   0   0   0   0   0   0   0  18  79   0   0   0   0   0   0   0   0   0  0.73 0.14
  188 K   -1  1 -1 -2 -4  0  0 -3 -2 -4 -4  7 -3 -4 -2 -1 -2 -4 -3 -4    4   0   0   0   0   0   0   0   0   0   0  96   0   0   0   0   0   0   0   0  1.19 0.22
  189 P   -2 -4 -4 -3 -4 -3 -3 -4 -4 -4 -5 -3 -4 -5  8 -2 -3 -5 -5 -4    0   0   0   0   0   0   0   0   0   0   0   0   0   0 100   0   0   0   0   0  2.63 0.27
  190 Q   -2  0  0 -1 -4  7  3 -3 -1 -4 -4  0 -2 -5 -3 -1 -2 -4 -3 -4    0   0   2   0   0  76  21   0   0   0   0   0   0   0   0   1   0   0   0   0  1.19 0.22
  191 N   -3 -2  8  0 -4 -1 -2 -2 -1 -5 -5 -2 -4 -5 -4 -1 -1 -5 -4 -4    0   0 100   0   0   0   0   0   0   0   0   0   0   0   0   0   0   0   0   0  1.66 0.25
  192 I   -2 -4 -4 -4 -2 -4 -4 -5 -4  6  2 -4  1 -1 -4 -3 -2 -4 -2  2    0   0   0   0   0   0   0   0   0  78  19   0   1   0   0   0   0   0   0   1  0.86 0.17
  193 L   -2 -3 -4 -5 -2 -3 -4 -4 -4  1  4 -3  5 -1 -4 -3 -2 -3 -2  1    0   0   0   0   0   0   0   0   0   1  69   0  21   0   0   0   0   0   0  10  0.73 0.14
  194 L   -3 -3 -5 -5 -2 -3 -4 -5 -4  1  5 -4  1  0 -4 -4 -2 -3 -2  0    0   0   0   0   0   0   0   0   0   0  98   0   0   2   0   0   0   0   0   0  0.98 0.18
  195 T   -1 -2 -1 -2 -2 -2 -2 -3 -3 -1  1 -2  1 -2 -2  2  5 -3 -2 -1    0   0   0   0   0   0   0   0   0   0  21   0   4   0   0  15  60   0   0   0  0.56 0.15
  196 S    0 -1  0  3  1 -1  0  1 -1 -3 -3  0 -3 -3 -2  4  0 -4 -3 -3    2   2   2  20   3   1   2  11   1   1   0   6   0   0   0  47   2   0   0   0  0.39 0.10
  197 E    0  0 -1  1 -3  0  2 -1 -1  0 -1  2 -1 -2  1  0  0 -3 -2 -1    9   2   1   6   0   1  25   4   0   7   6  21   0   1   7   4   4   0   0   3  0.17 0.05
  198 S   -1  0  3  0  0 -1 -1 -1  1 -2 -2 -1 -2  3 -2  2  0 -2  2 -2    2   4  23   2   2   2   0   4   4   0   2   1   0  17   1  26   2   0   8   1  0.23 0.08
  199 P   -2 -3 -2 -3 -4 -3 -2 -3 -3 -4 -4 -2 -4 -5  8 -1 -2 -5 -4 -3    0   0   1   0   0   0   2   0   0   0   1   0   0   0  91   3   0   0   0   2  2.23 0.23
  200 L   -2 -2 -1  1 -1 -1 -1 -2  0  1  3 -2  1  0 -1 -1 -1 -2  0  0    0   1   4  11   1   1   3   1   4  11  51   1   0   1   2   2   3   0   2   1  0.19 0.07
  201 G   -1 -3 -2 -2  4 -3 -3  5 -3 -4 -4 -2 -3 -4  4 -1 -1 -4 -3 -3    0   0   0   2  13   0   0  56   0   0   0   0   0   0  23   3   2   0   1   0  0.91 0.13
  202 D   -3  1  1  6 -5 -1  2 -3  4 -4 -4 -1 -4 -4 -3 -1 -2 -5 -2 -4    0   8   3  68   0   0   8   0  12   0   0   0   0   0   0   0   0   0   0   0  1.01 0.16
  203 I   -2 -4 -2 -4 -2 -4 -4 -5 -4  6  1 -4  0 -1 -4 -3 -2 -4 -2  3    0   0   2   0   0   0   0   0   0  74   2   0   0   0   0   0   0   0   0  22  0.81 0.16
  204 K   -2  2 -1 -2 -4  0  0 -3 -2 -3 -3  6 -2 -4 -2 -1 -2 -4 -3 -3    0   9   0   0   0   0   0   0   0   1   2  88   0   0   0   0   0   0   0   1  1.05 0.20
  205 I   -2 -4 -4 -4 -2 -4 -4 -5 -4  5  3 -4  1 -1 -4 -3 -2 -3 -2  1    0   0   0   0   0   0   0   0   0  56  42   0   0   0   0   0   0   0   0   2  0.72 0.14
  206 V   -1 -4 -4 -4  6 -4 -4 -4 -4  3  0 -4  0 -2 -4 -3 -1 -4 -3  4    0   0   0   0  26   0   0   0   0  23   0   0   0   0   0   0   0   0   0  51  0.77 0.15
  207 D   -3 -3  0  7 -5 -2  0 -3 -3 -5 -5 -2 -5 -5 -3 -2 -2 -6 -5 -5    0   0   0 100   0   0   0   0   0   0   0   0   0   0   0   0   0   0   0   0  1.73 0.24
  208 F   -4 -4 -5 -5 -4 -5 -5 -5 -3 -1  0 -5 -1  8 -5 -4 -4  0  2 -2    0   0   0   0   0   0   0   0   0   0   5   0   0  95   0   0   0   0   0   0  1.62 0.23
  209 G   -1 -4 -2 -2 -4 -3 -2  7 -3 -5 -5 -3 -4 -4 -3 -1 -3 -4 -4 -5    0   0   0   0   0   0   2  98   0   0   0   0   0   0   0   0   0   0   0   0  1.60 0.20
  210 L   -2 -3 -4 -4 -2 -3 -4 -5 -4  3  4 -3  3  1 -4 -3 -2 -3 -2  1    0   0   0   0   0   0   0   0   0  25  60   0  11   4   0   0   0   0   0   0  0.63 0.12
  211 S    3 -2 -1 -2 -1 -1 -1 -1 -2 -3 -3 -1 -2 -3 -2  5  0 -4 -3 -2   35   0   0   0   1   0   0   0   0   0   0   0   0   0   0  64   0   0   0   0  0.72 0.17
  212 R   -3  6 -1 -3  2  0 -1 -3  5 -4 -3  1 -3 -4 -3 -2 -2 -4 -2 -4    0  72   0   0   5   0   0   0  21   0   0   3   0   0   0   0   0   0   0   0  1.09 0.19
  213 I   -1  2 -2 -2 -2  0  0 -3 -1  2  0  2  0 -1 -2 -1 -1 -2  1  1    2  12   0   0   1   4   6   0   1  19  11  26   2   0   0   0   0   0   8   7  0.15 0.06
  214 L   -2 -3 -4 -4 -1 -3 -4 -4 -4  4  2 -3  4 -1 -4 -3 -1 -3 -2  2    0   0   0   0   1   0   0   0   0  47  20   0  17   0   0   0   2   0   0  14  0.56 0.12
  215 K   -1  0  1  1 -2  1  3  1  0 -3 -3  2 -2 -3 -2  1 -1 -4 -3 -3    2   1   8   8   1   3  25  14   1   0   2  22   0   0   0  12   1   0   0   0  0.31 0.07
  216 N    0 -1  3  3 -3  0  1 -1  2 -3 -3  0 -2 -3  0  1  0 -4 -2 -2   10   0  23  20   0   4   4   1   6   0   0   7   1   0   4  15   5   0   1   0  0.32 0.07
  217 S    1 -2  1 -2 -1 -2 -1  4 -1 -1 -3 -2 -2 -2 -2  2 -1 -3 -2 -1    8   0   7   0   1   0   2  47   1   3   0   0   0   1   0  20   1   0   0   7  0.46 0.09
  218 E    1 -1  0 -1  1  1  3  0 -1  0 -2  0 -1 -3 -2  0  1 -3 -2  1   11   1   5   0   5   4  29   7   1   4   0   2   0   0   0   6   8   0   0  18  0.15 0.06
  219 E   -2 -1 -1  3 -5  1  6 -3  0 -4 -4  0 -3 -4 -2 -1 -2 -4 -3 -4    0   0   0  15   0   2  80   0   2   0   0   1   0   0   0   0   0   0   0   0  1.11 0.19
  220 L   -2 -3 -4 -4 -2 -3 -4 -4 -3  3  3 -3  1  4 -4 -3 -2 -2  0  2    0   0   0   0   0   0   0   0   0  22  42   0   0  22   0   0   0   0   0  14  0.51 0.10
  221 R   -2  6 -2 -3  0  0 -1 -3 -2 -4 -2  3 -2 -4 -3 -2 -2 -4 -3 -3    0  74   0   0   3   0   0   0   0   0   2  21   0   0   0   0   0   0   0   0  1.07 0.18
  222 E   -2 -1  3  1 -4  1  5 -3  0 -4 -3  0 -3 -4 -2 -1 -2 -4 -3 -4    0   0  20   5   0   4  68   0   1   0   2   0   0   0   0   1   0   0   0   0  0.87 0.16
  223 I   -3 -4 -5 -5 -3 -4 -5 -5 -5  7  0 -4  0 -1 -4 -4 -2 -4 -3  1    0   0   0   0   0   0   0   0   0 100   0   0   0   0   0   0   0   0   0   0  1.20 0.22
  224 M   -2 -3 -4 -4 -2 -2 -3 -4 -3  2  3 -3  5  3 -4 -3 -2 -2  0  1    0   0   0   0   0   0   0   0   0   8  30   0  33  21   0   0   1   0   0   8  0.55 0.12
  225 G   -1 -4 -2 -3 -4 -3 -3  7 -3 -5 -5 -3 -4 -5 -3 -2 -3 -4 -4 -5    0   0   0   0   0   0   0 100   0   0   0   0   0   0   0   0   0   0   0   0  1.66 0.21
  226 T   -1 -3 -1 -2 -2 -2 -2 -3 -3 -2 -3 -2 -2 -4 -2  0  7 -4 -3 -1    0   0   0   0   0   0   0   0   0   0   0   0   0   0   0   0 100   0   0   0  1.29 0.24
  227 P   -2 -2 -3 -3 -4 -3 -2 -4 -4 -3 -4 -2 -4 -5  8 -2 -1 -5 -4 -3    1   2   0   0   0   0   0   0   0   0   1   0   0   0  90   0   4   0   0   1  2.20 0.23
  228 E   -2 -2 -1  4 -5  0  6 -3 -1 -4 -4 -1 -4 -5 -2 -1 -2 -4 -4 -4    0   0   0  29   0   0  71   0   0   0   0   0   0   0   0   0   0   0   0   0  1.13 0.19
  229 Y   -3 -3 -4 -5 -4 -3 -4 -5  0 -2 -2 -3 -2  5 -5 -3 -3  1  8 -3    0   0   0   0   0   0   0   0   0   0   0   0   0  22   0   0   0   0  78   0  1.61 0.23
  230 V   -1 -4 -4 -4 -2 -2 -4 -4 -4  2  1 -3  0 -2 -4 -3 -1 -4 -2  6    0   0   0   0   0   2   0   0   0   2  11   0   0   0   0   0   0   0   0  86  0.81 0.17
  231 A    6 -3 -3 -3 -2 -2 -2 -1 -3 -3 -3 -2 -2 -4 -2  0 -1 -4 -3 -1   97   0   0   0   0   0   0   0   0   0   0   0   0   0   0   3   0   0   0   0  1.00 0.20
  232 P   -2 -4 -4 -3 -4 -3 -3 -4 -4 -4 -3 -3 -4 -5  8 -2 -3 -5 -4 -4    0   0   0   0   0   0   0   0   0   0   2   0   0   0  98   0   0   0   0   0  2.51 0.26
  233 E   -2 -1 -2  0 -5  1  7 -4 -1 -5 -4  0 -3 -5 -3 -1 -2 -4 -3 -4    0   0   0   0   0   0 100   0   0   0   0   0   0   0   0   0   0   0   0   0  1.46 0.24
  234 I   -2 -4 -4 -4 -2 -4 -4 -5 -4  6  0 -4  0 -1 -4 -3 -1 -4 -2  3    0   0   0   0   0   0   0   0   0  74   0   0   0   0   0   0   1   0   0  25  0.88 0.17
  235 L   -2 -3 -4 -5 -2 -3 -4 -5 -4  1  5 -3  1 -1 -4 -3 -2 -3 -2  2    0   0   0   0   0   0   0   0   0   1  79   0   0   0   0   0   0   0   0  20  0.75 0.15
  236 S   -1 -2  6  1 -3  0  0 -1  1 -4 -4 -1 -3 -4 -3  3 -1 -4 -3 -4    0   0  58   4   0   2   2   0   4   0   0   0   0   0   0  30   0   0   0   0  0.83 0.16
  237 Y   -3 -3 -4 -5 -4 -3 -4 -5  0 -3 -3 -3 -2  3 -5 -3 -3  1  9 -3    0   0   0   0   0   0   0   0   0   0   0   0   0   4   0   0   0   0  96   0  1.92 0.27
  238 D   -2 -2 -1  4 -5  0  6 -3 -1 -4 -4 -1 -4 -5 -2 -1 -2 -4 -4 -4    0   0   0  30   0   0  70   0   0   0   0   0   0   0   0   0   0   0   0   0  1.12 0.19
  239 P   -2 -3 -3 -3 -4 -2 -2 -3 -3 -4 -4 -2 -4 -5  8 -2 -2 -5 -4 -4    1   0   0   0   0   0   0   0   0   0   0   1   0   0  95   1   0   0   0   0  2.40 0.24
  240 I   -2 -4 -4 -4 -2 -3 -4 -5 -4  5  3 -3  1 -1 -4 -3 -2 -3 -2  2    0   0   0   0   0   0   0   0   0  68  27   0   0   0   0   0   0   0   0   3  0.73 0.14
  241 S    0 -2  0 -1  0 -1 -1  3 -2 -3 -3 -1 -2 -3 -2  4  3 -3 -3 -2    0   1   2   2   1   0   0  26   0   0   0   0   0   0   0  44  23   0   0   0  0.51 0.12
  242 M   -2 -2 -2 -3 -2 -2 -3 -3 -3  1  3 -1  3 -1 -3 -1  4 -3 -2  0    0   0   0   0   0   0   0   0   0   3  43   2   9   0   0   0  39   0   0   0  0.42 0.12
  243 A    5 -2 -2 -2 -2  0  2 -1 -2 -3 -2 -1 -2 -3  0  1 -1 -3 -2 -1   69   0   0   0   0   4  14   0   0   0   2   0   0   0   3   6   0   0   1   0  0.54 0.14
  244 T    2 -2 -1 -2 -2 -2 -2 -2 -3 -2 -2 -2 -2 -3 -2  1  6 -4 -3 -1   25   0   0   0   0   0   0   0   0   0   0   0   0   0   0   3  71   0   0   1  0.78 0.18
  245 D   -3 -3  0  7 -5 -2  0 -3 -3 -5 -5 -2 -5 -5 -3 -2 -2 -6 -5 -5    0   0   0 100   0   0   0   0   0   0   0   0   0   0   0   0   0   0   0   0  1.73 0.24
  246 M   -2 -3 -4 -5 -3 -2 -4 -4 -3  2  1 -3  9 -1 -4 -3 -2 -3 -2  0    0   0   0   0   0   0   0   0   0  10   6   0  84   0   0   0   0   0   0   0  1.34 0.25
  247 W   -4 -5 -6 -6 -4 -4 -5 -4 -4 -5 -4 -5 -3 -1 -6 -5 -4 12  0 -5    0   0   0   0   0   0   0   0   0   0   0   0   0   0   0   0   0  99   0   0  3.72 0.35
  248 S    0 -2  2 -1 -2 -1 -1 -1 -2 -4 -4 -1 -3 -4 -2  6  0 -4 -3 -3    0   0  10   0   0   0   0   0   0   0   0   0   0   0   0  89   1   0   0   0  0.95 0.20
  249 I   -2 -4 -4 -4 -2 -4 -4 -5 -4  6  1 -4  1 -1 -4 -3 -2 -4 -2  3    0   0   0   0   0   0   0   0   0  70   8   0   1   0   0   0   0   0   0  21  0.78 0.15
  250 G   -1 -4 -2 -3 -4 -3 -3  7 -3 -5 -5 -3 -4 -5 -3 -2 -3 -4 -4 -5    0   0   0   0   0   0   0 100   0   0   0   0   0   0   0   0   0   0   0   0  1.66 0.21
  251 V   -1 -4 -4 -5 -2 -4 -4 -5 -4  2  0 -4  0 -2 -4 -3 -1 -4 -2  6    0   0   0   0   0   0   0   0   0   5   0   0   0   0   0   0   0   0   0  95  1.00 0.20
  252 L   -2 -3 -4 -4 -2 -3 -4 -5 -4  4  4 -3  1 -1 -4 -3 -1 -3 -2  1    0   0   0   0   0   0   0   0   0  38  56   0   1   0   0   0   2   0   0   4  0.65 0.13
  253 T    3 -2 -2 -2  0 -2 -2 -2 -3 -1  0 -2 -1 -2 -2  1  4 -3 -2  0   31   0   0   0   2   0   0   0   0   3   8   0   0   0   0   6  50   0   0   2  0.45 0.13
  254 Y   -3 -3 -4 -5 -2 -3 -4 -5  0 -3 -3 -3 -3  2 -5 -3 -3  1  9 -3    0   0   0   0   1   0   0   0   0   0   0   0   0   0   0   0   0   0  99   0  2.00 0.28
  255 V   -1 -3 -4 -4 -2 -2 -3 -4 -4  3  0 -3  4 -1 -3 -3 -1 -3 -2  5    2   0   0   0   0   1   0   0   0  21   0   0  18   0   0   0   0   0   0  58  0.63 0.14
  256 M   -2 -3 -4 -5 -2 -2 -4 -4 -3  0  4 -3  6 -1 -4 -3 -2 -3 -2  0    0   0   0   0   0   0   0   0   0   0  58   0  42   0   0   0   0   0   0   0  0.89 0.18
  257 L   -2 -3 -5 -5 -2 -3 -4 -5 -4  1  5 -4  1 -1 -4 -4 -2 -3 -2  1    0   0   0   0   0   0   0   0   0   1  94   0   0   0   0   0   0   0   0   5  0.92 0.17
  258 T   -1 -2 -1 -2 -2 -2 -2 -2 -3 -2 -3 -2 -2 -3 -2  3  6 -4 -3 -2    0   0   0   0   0   0   0   0   0   1   0   0   0   0   0  29  70   0   0   0  0.86 0.19
  259 G    0 -3 -1 -2 -4  0 -3  6  2 -5 -5 -2 -3 -4 -3 -1 -2 -4 -3 -4    3   0   0   0   0   5   0  82   7   0   0   0   0   0   0   1   2   0   0   0  1.17 0.17
  260 I    1 -2 -2 -2  4 -1  2 -2  1  2 -1 -2 -1  0 -2 -1  0 -2  1  1   20   0   0   0  12   0  19   0   4  19   3   0   0   3   0   0   8   0   6   6  0.15 0.07
  261 S    0 -2 -1 -2 -2 -1 -1 -2 -2 -4 -4 -1 -3 -4 -2  6  1 -4 -3 -3    0   0   0   0   0   0   0   0   0   0   0   0   0   0   0  96   4   0   0   0  1.06 0.22
  262 P   -2 -4 -4 -3 -4 -3 -3 -4 -4 -4 -5 -3 -4 -5  8 -2 -3 -5 -5 -4    0   0   0   0   0   0   0   0   0   0   0   0   0   0 100   0   0   0   0   0  2.63 0.27
  263 F   -4 -4 -5 -5 -4 -5 -5 -5 -3 -2 -1 -5 -1  8 -5 -4 -4  0  2 -2    0   0   0   0   0   0   0   0   0   0   0   0   0 100   0   0   0   0   0   0  1.78 0.25
  264 L    1 -3 -3 -2 -2 -2 -3  1 -3  0  3 -3  1 -1 -3 -1 -1 -3 -2  1   16   0   0   1   0   1   0  15   0   0  53   0   1   0   0   1   1   0   0  12  0.30 0.09
  265 G    0 -4 -2 -3 -4 -3 -3  7 -3 -5 -5 -3 -4 -4 -3 -1 -3 -4 -4 -4    2   0   0   0   0   0   0  95   0   0   0   0   0   0   0   0   0   0   0   0  1.52 0.20
  266 N    0 -2  2  5 -4  0  4 -2 -2 -4 -4 -1 -3 -4 -2 -1 -2 -5 -4 -4    7   0   7  51   0   0  32   0   0   0   0   1   0   0   0   1   0   0   0   0  0.85 0.14
  267 D   -2 -2  3  5 -3 -1  0 -2 -2 -3 -3 -1 -3 -4 -2  1  4 -4 -3 -2    0   0  14  41   0   0   2   0   0   0   0   0   0   0   0   5  38   0   0   0  0.68 0.14
  268 K   -2  1  2 -1 -4  1  0 -3 -1 -3 -4  6 -3 -4 -2 -1 -2 -4 -3 -3    0   0  10   2   0   3   0   0   1   1   0  83   0   0   0   0   0   0   0   1  0.92 0.19
  269 Q   -2  0 -1 -2 -5  8  0 -3  0 -4 -4  0 -2 -5 -3 -2 -2 -4 -3 -4    0   0   2   0   0  98   0   0   1   0   0   0   0   0   0   0   0   0   0   0  1.57 0.27
  270 E   -2 -1 -1  1 -5  2  7 -3 -1 -5 -4  0 -3 -5 -2 -1 -2 -4 -3 -4    0   0   0   1   0   4  94   0   0   0   0   1   0   0   0   0   0   0   0   0  1.32 0.22
  271 T   -1 -3 -1 -2 -2 -2 -2 -3 -3 -2 -3 -2 -2 -4 -2  0  7 -4 -3 -1    0   0   0   0   0   0   0   0   0   0   0   0   0   0   0   0 100   0   0   0  1.29 0.24
  272 F   -3 -3 -4 -5  0 -4 -4 -4 -2 -1  2 -4  0  6 -4 -3 -3  0  4 -1    0   0   0   0   2   0   0   0   0   0  22   0   1  55   0   0   0   0  18   2  0.87 0.15
  273 L    1 -3 -3 -4  5 -3 -3 -2 -3  0  4 -3  1 -1 -3 -1  0  1 -1  0   13   0   0   0  15   0   0   2   0   0  58   0   2   0   0   2   5   3   2   0  0.42 0.11
  274 N   -3 -2  8  0 -4 -1 -2 -2 -1 -5 -5 -2 -4 -5 -4 -1 -1 -5 -4 -4    0   0 100   0   0   0   0   0   0   0   0   0   0   0   0   0   0   0   0   0  1.66 0.25
  275 I   -2 -4 -4 -4 -2 -4 -4 -5 -5  6  0 -4  0 -1 -4 -4 -2 -4 -3  3    0   0   0   0   0   0   0   0   0  88   0   0   0   0   0   0   0   0   0  12  1.02 0.19
  276 S    0 -2 -1 -2 -2 -1 -1 -2 -2 -3 -3 -1 -2 -4 -2  5  3 -4 -3 -2    3   0   0   0   0   0   0   0   0   0   0   0   0   0   0  78  20   0   0   0  0.83 0.19
  277 Q    2  1  0 -2 -3  6  0 -2  0 -3 -1  0 -1 -4 -2  0 -1 -3 -3 -2   19   7   3   0   0  58   0   1   1   0   5   2   0   0   0   3   3   0   0   0  0.60 0.15
  278 M   -1 -3 -4 -4  5 -3 -4  0 -4  2  0 -3  4 -2 -3 -2 -1 -3 -2  4    3   0   0   0  15   0   0   7   0   6   4   0  17   0   0   1   0   0   0  47  0.52 0.15
  279 N   -1  1  6  0 -3  0 -1 -2 -1 -3 -4  0 -3 -4 -3  1 -1 -5 -3 -3    5   7  65   2   0   2   0   0   0   2   0   6   0   0   0   8   1   0   0   2  0.81 0.18
  280 L   -2 -3 -4 -4 -2 -3 -4 -4 -2  2  3 -3  0  0 -4 -3 -2 -2  4  3    1   0   0   0   0   0   0   0   0   9  39   0   0   1   0   0   0   0  20  31  0.52 0.13
  281 S   -2 -2  1  6 -3 -1  2 -2 -2 -4 -4 -1 -4 -4 -2  2 -1 -5 -4 -4    0   0   3  57   0   1  12   0   0   0   0   0   0   0   0  24   2   0   0   0  0.89 0.18
  282 Y   -4 -4 -4 -5 -4 -4 -4 -5 -1 -2 -1 -4 -2  7 -5 -4 -3  0  7 -3    0   0   0   0   0   0   0   0   0   0   1   0   0  52   0   0   0   0  47   0  1.53 0.25
  283 S   -1 -2 -1  3 -2 -1  0 -1 -1 -4 -4 -2 -3 -4  5  4  0 -4 -3 -3    2   0   0  19   0   1   2   1   1   0   0   0   0   0  27  43   3   0   0   0  0.73 0.16
  284 E   -2  0 -1  3 -5  2  5 -2 -1 -4 -4  0 -3 -4  0 -1 -2 -4 -3 -4    0   4   1  17   0   7  60   3   0   0   0   3   0   0   3   2   0   0   0   0  0.81 0.17
  285 E   -2 -2  0  4 -5  0  6 -3 -2 -5 -4 -1 -4 -4 -3 -1 -2 -4 -2 -4    0   0   1  29   0   0  67   0   0   0   0   0   0   0   0   1   0   0   1   0  1.12 0.22
  286 E   -1 -2 -2  0 -2 -1  2 -3 -1  0  2 -2  0  2 -3 -1  1 -2  1  0    5   0   0   6   0   0  18   1   1   2  26   0   1  14   0   1  14   0   7   3  0.15 0.07
  287 F   -4 -4 -5 -5 -4 -5 -5 -5 -3 -2  0 -5 -1  8 -5 -4 -4  1  1 -2    0   0   0   0   0   0   0   0   0   0   6   0   0  92   0   0   0   1   0   0  1.73 0.28
  288 D    0  0  0  3 -1  1  3  0 -1 -3 -3  0 -2 -4 -2  3 -1 -4 -3 -3    5   3   0  20   2   4  22   7   0   0   0   6   1   0   0  30   0   0   0   0  0.39 0.11
  289 V   -1  0  2  2 -1  1  0  2  2 -2 -1 -1 -2 -3 -2  1 -1 -3 -2  0    1   6  11  15   1   7   2  16   8   0   5   0   0   0   0  17   0   0   0  10  0.18 0.07
  290 L   -1 -3 -3 -4 -2 -3 -3 -4 -3  3  1 -2  0 -2 -3 -2  2 -4 -2  4    0   0   0   0   0   0   0   0   1  21   9   3   0   0   0   0  21   0   0  46  0.48 0.14
  291 S    0 -2  1  0 -3 -2 -1 -2 -2 -4 -4 -2 -3 -4 -2  6  0 -4 -3 -3    0   0   3   5   0   0   0   0   0   0   0   0   0   0   0  90   1   0   0   0  1.05 0.25
  292 E   -1 -1  0  2 -4  3  5 -2  0 -4 -3  0 -3 -4  1  1 -1 -4 -1 -3    3   1   3   7   0  14  50   0   2   0   1   2   0   0   6  10   0   0   2   0  0.59 0.14
  293 S    0 -1 -1  0 -1  0  1 -2 -1 -1  3 -1  0 -2  1  1  0 -3 -2 -1    7   1   1   4   1   4   9   1   1   0  42   0   0   0   5  19   4   0   0   1  0.16 0.08
  294 A    6 -3 -3 -3  1 -2 -2 -1 -3 -3 -3 -2 -2 -4 -2  0 -1 -4 -3 -2   95   0   0   0   3   0   0   1   0   0   0   0   0   0   0   1   0   0   0   0  1.08 0.24
  295 V   -1  1 -2 -3 -3  1 -1 -3 -2  2 -1  3 -1 -2 -3 -2  0 -4 -2  3    0   9   0   0   0   5   0   0   0  18   2  33   0   0   0   0   5   0   0  28  0.32 0.12
  296 D   -3 -2  0  7 -3 -1  0 -2  0 -5 -5 -2 -4 -5 -3  0 -2 -6 -4 -5    0   1   1  85   1   1   2   2   3   0   0   0   0   0   0   4   1   0   0   0  1.40 0.24
  297 F   -4 -4 -5 -5 -4 -5 -5 -5 -3 -1  1 -5 -1  8 -5 -4 -4 -1  1 -2    0   0   0   0   0   0   0   0   0   1   9   0   0  90   0   0   0   0   0   0  1.65 0.27
  298 I   -3 -4 -5 -5 -3 -4 -5 -5 -5  7  0 -4  4 -2 -4 -4 -2 -4 -3  1    0   0   0   0   0   0   0   0   0  87   0   0  12   0   0   0   0   0   0   1  1.16 0.24
  299 R   -2  4 -1 -2 -2  4  0 -3 -1 -4 -3  4 -2 -4 -3 -1 -1 -4 -3 -3    1  32   0   0   1  26   2   0   0   0   0  31   0   0   0   2   4   0   0   0  0.72 0.16
  300 T    0  2  0 -1 -2  1  0 -2 -2 -3 -3  4 -1 -4 -2  2  2 -4 -3 -2    4  13   1   1   1   4   1   1   0   0   0  37   2   0   0  21  14   0   0   0  0.41 0.12
  301 L   -2 -3 -4 -5 -1 -3 -4 -5 -4  1  5 -4  1 -1 -4 -3 -1 -3 -2  0    1   0   0   0   1   0   0   0   0   2  89   0   2   0   0   0   4   0   0   1  0.89 0.19
  302 L   -3 -4 -5 -5 -1 -3 -4 -5 -4  1  5 -4  3 -1 -4 -4 -2 -3 -2  0    0   0   0   0   1   0   0   0   0   2  90   0   7   0   0   0   0   0   0   0  1.01 0.21
  303 V   -2 -2 -4 -4 -2 -1 -2 -4 -3  3  0 -3  0 -2 -4 -3 -1 -4 -2  5    0   2   0   0   0   4   2   0   0  14   2   0   0   0   0   0   1   0   0  73  0.72 0.19
  304 K   -2  2 -2 -2 -4  0 -1 -3 -2 -3 -3  6 -2 -4 -3 -2 -1 -4 -3 -1    0   6   0   0   0   1   0   0   0   1   0  82   1   0   0   0   4   0   0   6  1.00 0.23
  305 K   -1  0  3  4 -4  0  2 -2 -1 -4 -3  2 -3 -4 -2 -1 -1 -5 -3 -3    3   1  22  36   0   2  13   0   1   0   1  19   0   0   0   0   2   0   0   0  0.61 0.13
  306 P   -1 -3 -3 -3 -4 -3 -3 -4 -4 -4 -4 -2 -4 -5  8 -1  2 -5 -4 -3    3   0   0   0   0   0   0   0   0   0   0   1   0   0  81   2  14   0   0   0  1.99 0.27
  307 E   -1  4  0  0 -3  1  4 -2 -1 -4 -3  2 -2 -4 -2  1 -1 -4 -3 -3    1  29   4   2   0   5  36   1   0   0   0  10   0   0   0  10   1   0   0   0  0.56 0.13
  308 D   -1  0  0  4  0  0  3 -1 -1 -4 -3  4 -1 -4 -2 -1 -2 -4 -3 -3    2   3   2  26   3   1  21   3   0   0   1  34   2   0   0   1   0   0   0   0  0.50 0.13
  309 R   -3  8 -2 -3 -5  0 -2 -4 -2 -5 -4  1 -3 -5 -4 -2 -3 -4 -3 -4    0  97   0   0   0   2   0   0   0   0   0   0   0   0   0   0   0   0   0   0  1.72 0.30
  310 A    2 -3 -3 -3 -2 -2 -3 -2 -3  0  2 -2  3 -2  4 -1 -1 -3 -1 -1   27   0   0   0   0   0   0   0   0   3  31   0  14   0  20   2   1   0   1   0  0.43 0.13
  311 T   -1 -2  0 -1 -2 -2 -2 -2 -3 -2 -3 -1 -2 -4 -2  2  6 -4 -3 -2    0   1   3   1   0   0   0   1   0   0   0   2   0   0   0  14  76   0   0   0  0.94 0.24
  312 A    4 -3 -3 -3 -2 -2 -2 -2 -3  2 -1 -2  0 -3 -2  0 -1 -4 -3  2   62   0   0   0   0   0   0   0   0  19   0   0   1   0   0   2   2   0   0  13  0.54 0.17
  313 E    0  1 -1  0 -3  3  4 -3  1 -3 -2  1 -2 -4 -2 -1  0 -3 -3 -2   10   5   0   3   0  16  42   0   3   0   3   9   0   0   0   1   7   0   0   1  0.47 0.13
  314 E   -1 -1 -1  2 -4  3  5 -3 -1 -2 -4 -1 -3 -4 -2 -1 -2 -4 -3 -3    5   0   0  12   0  13  60   1   1   3   0   0   0   0   0   1   1   0   0   1  0.80 0.19
  315 C    1 -4 -4 -4 10 -4 -4 -3 -4 -3 -2 -4 -3 -4 -4  0 -2 -4 -4 -2   15   0   0   0  74   0   0   1   0   0   1   0   0   0   0   7   1   0   0   0  1.84 0.29
  316 L   -2 -3 -5 -5 -3 -3 -4 -5 -4  0  5 -4  2 -1 -4 -4 -2 -3 -2  0    1   1   0   0   0   0   0   0   0   1  92   0   5   0   0   0   0   0   0   0  1.03 0.22
  317 K   -1  2  1  0 -1  3  2 -2  0 -3 -2  2 -1 -3 -2  2  1 -3 -2 -2    1  10   8   2   1  18  12   0   1   0   2  14   2   0   0  21   7   0   0   0  0.32 0.09
  318 H   -4 -2 -1 -3 -5 -1 -2 -4 10 -5 -5 -3 -4 -3 -4 -3 -4 -4  0 -5    0   0   0   0   0   0   1   0  97   0   0   0   0   0   0   0   0   0   0   0  2.48 0.38
  319 P   -1 -2 -3 -3 -4 -1 -2 -3 -1 -4 -2 -2 -3 -4  7  2 -2 -5 -4 -3    4   1   0   0   0   2   1   1   1   0   3   0   0   0  67  18   0   0   0   1  1.49 0.23
  320 W   -5 -5 -6 -6 -5 -4 -5 -5 -5 -5 -4 -5 -4 -1 -6 -5 -5 12  0 -5    0   0   0   0   0   0   0   0   0   0   0   0   0   0   0   0   0  98   0   0  3.93 0.46
  321 L   -2 -3 -4 -4 -2 -3 -4 -5 -4  3  4 -4  1  2 -4 -3 -2 -3 -1  0    0   0   0   0   0   0   0   0   0  26  62   0   1   8   0   1   0   0   0   0  0.70 0.16
  322 T    0  0  1 -1 -2  3  0 -2 -1 -2 -2  2 -1 -3 -2  1  2  3 -2 -2    7   3   8   0   0  19   3   1   1   1   1  16   2   0   0   9  19   6   0   2  0.25 0.09
  323 Q   -1 -1 -1  0 -3  4  1  0 -1 -2 -2  1  0 -3  3  1  0 -3 -2 -2    2   1   0   4   0  32   4   8   1   1   3   6   4   1  14  11   5   0   0   2  0.33 0.10
  324 S    0 -1  0 -1 -1  0  1  1  2 -2 -1  0  0  1 -1  2  0  3  0 -1    3   2   3   2   1   4   9   9   6   1   3   3   3   8   2  22   4   5   2   6  0.09 0.05
  325 S   -1 -1  1  3  2  1  2 -1  1 -3 -3  0 -2 -2  0  2  0 -3 -2 -2    3   1   5  22   6   4  17   4   4   0   1   2   0   1   4  20   2   0   1   3  0.27 0.08
  326 I   -1 -1  0  0 -2 -1 -1 -2  0  1  0  0  0  2  2 -1 -1 -1  0  0    1   3   5   8   0   1   2   2   3  16  10   9   1  13  12   3   2   1   2   6  0.09 0.04
  327 Q   -1  1 -1 -1  0  2  0  0  0 -1 -1  1 -1 -1  3  0 -1 -2 -2 -1    3  10   2   2   3  18   4   6   2   6   5   7   1   3  19   6   1   0   0   2  0.23 0.07
  328 E    0  0  0  2 -2  2  2 -1  1 -2 -1  0 -1 -2  1  1  0 -3 -2 -1    4   2   3  13   0  16  19   4   4   2   6   2   1   0   5   9   4   0   1   4  0.19 0.06
  329 P    1 -1 -1 -1  0 -1  0 -2 -2 -2  0 -1 -1 -2  5  0  0  0 -2 -1   13   3   3   2   2   2   8   2   1   1  12   2   1   1  36   3   4   1   0   2  0.51 0.10
  330 S    0  0 -1 -1 -1  0  1 -1  1  0  0 -1  0  0  3  1  0 -2  0 -1    7   5   2   2   1   2  10   3   4   5   8   1   4   5  14  15   4   0   3   4  0.11 0.04
  331 F    0  0 -1 -1  0  0  0 -2  1  0  1  0  0  1  2  0  0 -2  0  0    7   6   2   1   2   4   4   1   5   2  18   4   1  11  10   5   5   0   1  10  0.06 0.03
  332 R   -1  3 -1  0 -1  1  0 -2  0 -1 -2  2 -1 -2  3  1  0  1 -2 -1    3  20   2   3   2   5   3   2   3   5   2  12   1   0  15  10   5   3   0   5  0.23 0.07
  333 M    0  1  0 -1 -1  0  0 -2  0  1  1  0  1 -1  1  0  0 -2 -1  1    5  11   4   1   1   3   5   1   3   7  15   6   6   1   8   3   7   0   0  11  0.06 0.03
  334 E    0  1 -1  0 -1  1  2 -1  0 -2 -1  3  0 -2  0  1  0 -2 -1 -2    4   4   1   2   1   6  19   2   1   1   7  23   3   1   5  11   7   0   2   2  0.19 0.07
  335 K    0  0  1  0 -1  0  1  1 -1 -1 -1  1 -1 -2  1  2  1 -2 -1 -1    3   5   6   4   1   2   9  10   1   3   4   8   1   1   5  22  10   0   1   3  0.13 0.05
  336 A    1  0 -1 -1  2 -1  0 -1 -1 -1 -1  0 -1 -2  2  1  2 -2 -2  0   16   4   1   2   6   1   8   3   2   2   6   5   0   1  11   9  15   0   1   9  0.13 0.05
  337 L    0  0 -1 -1 -2 -1  0 -1 -2  1  1  0  0 -1  2  0  0 -1 -1  1    4   6   3   2   0   2   8   4   0   6  22   4   0   2  10   8   4   1   1  15  0.07 0.03
  338 E    0  1  1  1 -2  1  2  0  0 -1 -1  0 -1 -1  0  0  0 -2 -2 -1   10   8  11   7   1   3  18   5   2   2   8   5   1   3   4   6   4   0   1   3  0.10 0.03
  339 E   -1  0 -1  0  0  0  3 -2 -1 -1  0  0  0 -2  0  0  0 -2 -2 -1    4   5   2   4   2   3  32   2   0   2  15   5   4   1   4   9   4   0   1   2  0.18 0.07
  340 A    1  1  0  1 -1  0  2 -1  0 -2 -1  0 -1 -2  0  1  1 -3 -2 -1   15   7   4   6   1   2  22   2   2   1   5   4   0   1   3  10   8   0   1   6  0.14 0.05
  341 N   -1 -1  3  1  1  0  1 -1  0 -2 -2  0 -1 -2  0  1  0 -1  1 -2    3   2  25   7   4   3   7   2   1   2   3   3   2   1   5  15   6   1   6   2  0.19 0.07
  342 A    1 -1 -1 -1  1  0  0  0  0 -1 -1 -1 -1  1  0  1  1 -2  0  0   16   1   2   3   3   5   5   5   3   3   3   3   1  10   3  14  12   0   2   7  0.07 0.04
  343 L   -1 -1 -2 -1  1 -1 -1 -1 -2  1  2  0  0  0  1  0  0 -2 -1  1    4   2   1   2   4   2   3   6   0  12  24   8   1   3   8   5   4   0   1  10  0.06 0.04
  344 Q   -1  1  0 -1 -1  2  2 -1  0 -1 -2  2 -1 -3  1  0  0 -3 -2 -1    1   8   2   1   1  14  15   3   2   6   2  20   1   0   5   8   7   0   0   3  0.21 0.09
  345 E    0  0 -1  1  0  2  3 -1 -1 -2 -2  1 -2 -3  1  1  0  0 -2 -2    5   2   1   7   3  12  26   3   0   1   2   8   1   1   6  13   4   1   0   3  0.26 0.09
  346 G    0 -1  1  0 -1 -1  0  2  3 -2 -2 -1 -2 -2 -1  2  1  2 -1 -2    9   1   8   4   1   0   7  17  11   3   1   2   1   0   2  17  11   4   1   1  0.20 0.08
  347 H    0 -2  0  2  2 -1  0 -1  3 -2 -3 -1 -2 -1 -1  3  1 -2  0 -2    6   0   2  16   5   1   6   3   9   1   1   2   0   3   2  28   7   0   4   2  0.24 0.11
  348 S    1 -1 -1 -1  3 -1  0 -1 -2 -2 -3 -1  0 -1  1  4  0 -3 -3 -2    7   3   1   2   7   1   5   4   1   2   1   1   3   3   6  48   2   0   0   2  0.38 0.17
  349 V    1 -1 -1 -2 -1 -1  0 -2 -1  1  0 -1  2 -2  1  2  1 -3 -2  1    9   1   1   0   0   2   4   1   1   7   8   2  10   1   8  21   7   0   1  15  0.14 0.09
  350 P   -1 -2 -2  0 -2 -1  0 -1 -1 -3 -3  0 -2 -3  6  2 -1 -4 -3  0    4   1   0   6   0   2   5   3   1   0   1   4   1   1  40  20   2   0   0   7  0.72 0.19
  351 E   -1 -1  0  1 -3  2  4 -2 -1 -2 -2  0 -2 -4  3  1  0 -4 -3 -2    3   2   4   7   0   8  31   2   1   2   3   4   1   0  15  13   4   0   0   2  0.41 0.15
  352 I   -1 -1  2  0 -1  0  0 -2 -2  1  0 -1  0 -2  2  0  1 -2 -2  1    3   2  12   5   1   2   4   2   0  12  11   3   3   0  10   8  10   0   1   9  0.10 0.06
  353 N   -1  0  4  0  3  2  1 -1  1 -3 -3  0 -2 -4  3  1 -1 -4 -2 -3    1   4  24   2   7  10  12   3   3   1   1   3   1   0  14   9   2   0   1   1  0.38 0.14
  354 S    0 -1  2  1 -3  0  1  0 -2 -2 -2 -1 -1 -3  1  2  2 -4 -3 -1    3   2  11   9   0   2   9   6   0   2   2   2   2   1   5  24  14   0   0   4  0.22 0.10
  355 D   -1 -1  0  3 -2  0  0 -1  5 -3 -2  0 -2 -1 -2  1  0 -3  2 -2    2   3   2  22   1   2   4   3  21   1   3   4   1   1   1  15   4   0   8   2  0.36 0.15
  356 T    1 -1  0 -1 -1  1 -1 -2 -2  0  0 -1 -1 -1  0  1  3 -3 -2  0   11   1   3   3   1   7   2   1   0   5  11   3   1   2   5   9  30   0   1   4  0.17 0.10
  357 D    0 -1  1  1 -2  1  2 -2 -1 -1 -2 -1 -2 -1  0  2  2  1 -1 -1    3   1   9   6   0   5  16   1   1   4   3   2   0   3   3  21  15   2   1   4  0.19 0.10
  358 K   -1  3 -1 -1  2  1  2 -1 -2 -2 -2  3 -2  0 -1  0 -1 -3 -2 -2    1  19   2   2   5   4  17   3   0   2   2  24   0   5   2   6   4   0   0   1  0.30 0.12
  359 S    1 -2  0 -1  2 -1  1 -1 -2 -2 -3 -1 -2 -2  3  3  1 -3 -3 -2    9   1   3   2   6   1   8   3   0   2   2   1   1   2  13  36   8   0   0   1  0.37 0.15
  360 E   -1  0  0  1 -3  0  4 -1 -1 -2  0  0 -2 -2  0  2  0 -3 -1 -2    1   3   2   7   0   2  34   5   1   2  10   2   0   2   3  18   3   0   1   2  0.27 0.13
  361 T    0 -1  0  0 -3  0  3 -1 -2 -1 -2 -1  0 -1  2  0  1 -3 -2  0    7   2   5   2   0   1  28   3   0   3   3   2   4   4  11   6  13   0   0   6  0.22 0.11
  362 E   -1  1  0  2 -4  0  4 -2 -1 -3 -3  2 -3 -4 -1 -1  0 -4 -3 -3    5   6   2  11   0   2  40   3   1   1   3  15   0   0   2   3   4   0   0   1  0.47 0.16
  363 E   -1  1 -1  0 -3  1  3 -1  1 -3 -3  2 -1  0 -1  1 -1  1 -2 -2    2   8   1   2   0   3  30   3   4   0   2  19   2   4   1  11   1   2   0   3  0.33 0.14
  364 S    1 -2  0  0 -2  0 -1  1 -2 -1 -2 -1 -2 -3  2  3  1 -2 -2  0    8   1   5   3   0   5   1   9   1   3   4   2   0   0  12  29   7   1   0   9  0.23 0.11
  365 I    1 -1  0 -2 -2  0 -1 -1  1  1  0  0  0 -2  2  0  0 -2 -1  1   12   2   3   1   0   4   2   4   5   9   9   6   2   1   9   9   4   0   1  15  0.07 0.04
  366 V    0 -2 -2 -2  0 -1  0 -1  0  1  1 -1  0 -1  2 -1  0 -2 -2  3    5   1   1   2   1   2   6   4   2   6  14   4   1   1   9   5   5   0   1  30  0.13 0.07
  367 T    0  0 -1  0 -2  0  0 -2 -1 -1 -1 -1 -1 -2  0  2  4 -2 -2  0    6   5   1   4   0   5   4   2   1   2   5   3   2   1   3  14  35   0   1   6  0.25 0.11
  368 E   -2 -1 -1  1 -3  1  5 -2 -1 -1 -3 -1 -2 -3  2 -1  0 -3 -2 -2    2   1   1   7   0   6  47   2   1   4   2   2   0   1  12   4   5   0   1   2  0.56 0.16
  369 E   -2 -1  0  2 -3  0  5 -2 -1 -2 -2  0 -1 -3 -1  0 -2 -3 -2 -2    2   2   3   9   0   2  54   3   0   2   3   4   2   1   2   5   1   0   1   3  0.62 0.18
  370 L   -1 -1 -1 -2 -2 -1 -1 -2 -1  1  3 -2  1  1 -1 -1 -1 -2 -1  0    3   2   4   2   0   2   5   3   1   4  48   2   2   5   3   4   2   0   1   3  0.22 0.10
  371 I   -1 -1 -1  1 -1 -1 -1 -1 -1  3  0 -1  1 -1  0  0  0 -2 -2  1    4   3   3   8   1   2   3   3   2  33   5   2   4   3   6   6   6   0   1   7  0.12 0.07
  372 V   -1 -1 -1 -2  0 -1  0 -2 -1  1  1  0  0 -1 -1 -1  0 -2 -1  3    4   2   3   2   2   2   6   2   1   7  12   5   1   1   3   4   4   0   1  37  0.15 0.08
  373 V   -1 -1 -1 -1  0 -1 -1 -1 -1  1  0 -1  3  0 -2 -1  1 -2 -2  3    3   4   3   2   3   3   3   5   1   8   6   2  13   3   2   4   8   0   1  28  0.12 0.08
  374 T    2  0  0 -1  0  0  0  0  0 -2 -1  1 -1 -3  0  0  2 -3 -2 -2   20   5   4   1   2   3   7   8   2   1   4  13   1   1   5   4  18   0   1   1  0.16 0.08
  375 S    2 -1  0 -1 -2  0 -1 -2  0 -3 -3 -1 -2 -1  0  5  0 -3 -2 -2   14   2   5   2   0   4   2   1   2   1   1   1   0   3   5  52   2   0   1   2  0.51 0.19
  376 Y   -2 -1 -2 -2  1  0 -1 -1 -1 -1 -2 -1  0  1 -2  2 -1 -1  6 -2    2   3   1   2   3   5   3   3   0   3   1   2   3   3   1  23   2   0  38   1  0.55 0.20
  377 T   -2 -2  0 -1  6 -1 -2 -2 -3 -2 -1 -2 -2 -3 -1  2  5 -3 -3 -2    1   1   3   2  20   2   1   1   0   1   4   1   0   0   3  14  44   0   0   1  0.73 0.24
  378 L   -1 -2  2 -2  1 -1 -2 -3 -2  0  3 -2  0 -1  0 -1 -1 -3 -2  0    3   1  16   1   4   2   1   1   1   2  46   1   1   2   6   5   4   0   0   5  0.31 0.15
  379 G    0  2 -1 -2 -2 -2 -2  5 -1 -3 -3 -1 -3 -4  0  0 -1 -3 -3 -2    6  12   1   1   1   1   1  56   1   1   1   2   0   0   4   5   3   0   0   3  0.73 0.20
  380 Q    0 -1  1 -1 -2  5  0 -2 -1 -3 -3 -1 -1 -4  0  1  2 -3 -3 -2    5   2   8   3   1  39   4   1   0   1   1   2   2   0   4   8  16   0   0   2  0.52 0.21
  381 C   -1 -2 -4 -4 10 -4 -4 -1 -4 -2 -3 -3 -3 -4 -3  0 -1 -2 -3 -3    3   2   0   1  69   0   1   5   0   2   2   2   0   0   1   7   3   1   1   1  1.96 0.40
  382 R   -2  5 -1 -1 -4  0  2  0  2 -3 -3  0 -3 -4  0  1 -2 -4 -3 -3    2  39   2   2   0   2  15   9   6   1   1   4   0   0   5  10   1   0   0   1  0.53 0.19
  383 Q   -2 -1  1  3 -3  5  0 -1  0 -3 -2  1 -2 -4 -1  1 -1 -3 -3 -3    1   1   5  20   0  36   2   3   2   1   3   7   0   1   3  12   1   0   0   1  0.55 0.20
  384 S   -1  1  0  1 -3 -1  1 -2 -1 -3 -3  0 -2 -3 -1  4  1 -4 -3 -2    2  10   2   8   0   1   7   1   1   1   2   6   1   0   3  46   6   0   0   3  0.43 0.18
  385 E   -2 -2  0  3 -4  0  5 -3  0 -3 -1 -1 -3 -2 -3  0 -1 -4 -3 -2    1   1   3  18   0   2  49   1   2   1   6   2   0   1   1   6   4   0   0   2  0.66 0.22
  386 K   -1  0 -1 -2 -4  2  2 -2 -2 -3 -3  5 -3 -4 -2  0  0 -4 -3 -2    4   2   2   1   0   7  11   2   0   1   2  52   0   0   1   6   5   0   0   3  0.62 0.22
  387 E   -2 -2 -1  1 -4  0  6 -3 -2 -3 -3  0 -3 -4 -1  0 -2 -4 -3 -3    2   1   2   7   0   0  65   1   0   1   2   5   0   0   3   5   1   0   0   1  0.96 0.28
  388 K   -2 -1  4  2 -4  0 -1 -2 -1 -3 -2  4 -3 -3  0  1 -1 -4 -3 -2    2   1  25  14   0   1   1   1   1   0   3  31   0   1   5   9   2   0   0   3  0.49 0.19
  389 M   -2 -2 -3 -2 -3  0 -1 -3 -3  4  1 -2  4  0  0 -1  0 -3 -2  1    1   2   0   2   0   6   3   2   0  33  10   0  15   5   5   4   7   0   0   5  0.30 0.15
  390 E   -1 -1 -1  4 -4  1  4 -3  0 -2 -2 -1 -3 -4  0 -1 -1 -4 -2 -3    3   2   2  28   0   5  36   0   2   2   5   2   0   0   5   4   3   0   1   1  0.59 0.20
  391 Q   -1  1  0 -1 -4  5  1 -3  0 -4  0  0 -1 -4 -2  3 -2 -4 -3 -3    2   8   3   2   0  35   9   0   1   0  11   3   1   0   1  24   0   0   0   0  0.56 0.24
  392 K   -2  2 -1  0 -4  0 -1 -3 -3 -5 -4  6 -3 -5 -3  3 -2 -5 -4 -4    1   8   1   4   0   2   1   0   0   0   1  55   0   0   0  27   0   0   0   0  0.95 0.31
  393 A    4 -1 -2 -3 -2 -2 -2 -1 -3 -2 -2 -2  1 -4  1  1  3 -4 -3 -1   46   3   0   1   0   0   1   2   0   1   3   0   5   0   5  11  19   0   0   2  0.51 0.22
  394 I   -2 -3 -3 -4 -3 -3 -2  0  1  4  1 -2 -1 -2 -3 -2  1 -4 -2  3    1   0   0   0   0   0   2   8   5  36   8   2   0   1   1   0  12   0   1  23  0.43 0.19
  395 S   -1  2 -2 -1 -3 -1 -2 -2  0 -4 -3 -2 -3 -4 -1  6  2 -5 -4 -3    3  11   0   2   0   1   0   1   2   0   1   0   0   0   2  66  10   0   0   1  0.88 0.32
  396 K   -3  0 -1  0 -5  1 -1 -2 -1 -5 -4  7 -3 -5  0 -2 -2 -5 -4 -3    0   0   2   5   0   4   1   2   1   0   1  78   0   0   3   0   1   0   0   1  1.18 0.34
  397 R    0  7 -2 -2 -2 -1 -1 -4  1 -5 -3  1 -3 -5 -4 -2 -1 -5 -4 -4    7  74   0   1   1   1   1   0   3   0   2   4   0   0   0   0   4   0   0   0  1.26 0.34
  398 F   -4 -5 -3 -5 -1 -4 -1 -5 -3 -2 -2 -5 -2  8 -3 -3 -3 -1  1 -3    0   0   1   0   1   0   6   0   0   0   1   0   0  85   2   2   1   0   0   0  1.75 0.38
  399 K   -2  5  0 -2 -3  0 -1 -3 -2 -4 -4  5 -3 -4 -2  1 -1 -4 -3 -4    1  33   3   0   0   1   0   0   0   0   0  47   0   0   2  10   2   0   0   0  0.88 0.24
  400 F   -4 -5 -1 -5 -4 -5 -5 -5 -3 -2 -2 -5 -2  9 -1 -4 -4 -1  1 -3    0   0   3   0   0   0   0   0   0   0   0   0   0  91   4   0   0   0   0   0  1.97 0.39
  401 E   -2 -2  0  4 -4  0  5 -3 -2 -4 -4 -1 -1 -4 -3  0 -1 -4 -4 -4    0   1   2  27   0   0  53   1   0   0   0   2   2   0   0   7   3   0   0   0  0.91 0.24
  402 E   -3 -2 -1  4 -5  0  6 -3 -2 -5 -5 -1 -4 -5 -3 -1 -2 -5 -4 -4    0   0   1  27   0   0  65   0   0   0   0   0   0   0   0   4   0   0   0   0  1.23 0.29
  403 P   -2 -1 -2 -2 -3 -2 -2 -3 -3 -4 -4 -2 -3 -4  7  3 -1 -4 -4 -3    1   4   0   1   0   0   1   1   0   0   1   0   0   0  58  29   1   0   0   1  1.38 0.27
  404 L   -1 -3 -4 -4 -3 -3 -4 -4 -3  0  4 -3  0  4  1 -3  0 -2 -1  0    4   0   0   0   0   0   0   0   0   2  56   0   0  19   7   0   6   0   0   4  0.55 0.17
  405 L   -1 -2 -3 -3 -2 -1 -3 -3 -2  0  4 -2  1  1  3 -2 -2 -2 -2 -1    6   1   0   1   0   3   1   1   1   1  57   1   2   8  15   1   1   0   0   1  0.48 0.15
  406 Q   -1  1  1 -2 -3  6  0 -2  1 -4 -3 -1 -2 -4  3  0 -2 -3 -3 -3    3   5   6   1   0  54   1   2   4   1   1   1   0   0  15   6   1   0   0   1  0.80 0.22
  407 E   -2 -1 -1  1 -4  2  6 -3 -1 -4 -4  1 -3 -4 -1 -1 -2 -4 -3 -3    2   1   1   3   0   9  68   1   0   1   1   9   0   0   2   1   1   0   0   1  0.96 0.22
  408 I   -2 -2 -3 -3 -2 -3 -3 -2 -1  5  1 -3  1  1 -3 -3 -2 -2  1  2    1   2   1   1   0   0   1   3   2  55   8   1   3   5   1   1   1   0   7   9  0.49 0.15
  409 P   -1 -3 -3 -1 -4  2 -2 -3 -3 -4 -4  0 -3 -5  7  1 -1 -5 -4 -4    5   0   0   2   0  11   0   0   0   0   0   4   0   0  63  11   2   0   0   0  1.45 0.27
  410 G   -1 -2 -2 -2 -4  4 -2  5  3 -5 -4  0 -3 -4 -2 -1 -1 -4 -3 -4    2   0   0   0   0  24   0  54   9   0   0   4   0   0   1   2   3   0   0   0  0.88 0.22
  411 E   -3 -2 -2  4 -6  0  6 -4 -2 -5 -5 -1 -4 -5 -3 -2 -3 -5 -4 -5    0   0   0  24   0   0  76   0   0   0   0   0   0   0   0   0   0   0   0   0  1.42 0.31
  412 F   -3 -4 -1 -5 -4 -4 -5 -5 -3  1  2 -4 -1  7 -5 -4 -3 -1  1 -1    0   0   4   0   0   0   0   0   0   6  25   0   0  62   0   0   0   0   0   2  1.09 0.25
  413 I   -2 -4 -5 -5 -3 -4 -4 -5 -5  6  0 -4  2 -2 -4 -4 -2 -4 -3  4    0   0   0   0   0   0   0   0   0  64   0   0   7   0   0   0   0   0   0  29  1.00 0.24
  414 Y   -3 -3 -3 -4 -4 -3 -3 -4  1 -2 -2 -3 -2  3 -4 -3 -3  1  8 -2    0   0   0   0   0   0   0   0   0   0   0   0   0   5   0   0   0   0  95   0  1.66 0.20

                      K         Lambda
Standard Ungapped    0.1345     0.3159
Standard Gapped      0.0477     0.2670
PSI Ungapped         0.1552     0.3111
PSI Gapped           0.0477     0.2670
