
Last position-specific scoring matrix computed, weighted observed percentages rounded down, information per position, and relative weight of gapless real matches to pseudocounts
           A  R  N  D  C  Q  E  G  H  I  L  K  M  F  P  S  T  W  Y  V   A   R   N   D   C   Q   E   G   H   I   L   K   M   F   P   S   T   W   Y   V
    1 M   -1 -1 -2 -3 -1  0 -2 -3 -2  1  2 -1  5  0 -2 -1 -1 -1 -1  1    0   0   0   0   0   0   0   0   0   0   0   0 100   0   0   0   0   0   0   0  0.33 0.00
    2 N   -2  0  6  1 -3  0  0  0  1 -3 -3  0 -2 -3 -2  1  0 -4 -2 -3    0   0 100   0   0   0   0   0   0   0   0   0   0   0   0   0   0   0   0   0  0.72 0.00
    3 A    4 -1 -2 -2  0 -1 -1  0 -2 -1 -1 -1 -1 -2 -1  1  0 -3 -2  0  100   0   0   0   0   0   0   0   0   0   0   0   0   0   0   0   0   0   0   0  0.40 0.00
    4 L   -1 -2 -3 -3 -1 -1 -3 -3 -2  1  3 -2  4  0 -3 -2 -1 -2 -1  1    0   0   0   0   0   0   0   0   0   0  66   0  34   0   0   0   0   0   0   0  0.38 0.00
    5 Q    0  0  0  0 -2  4  1 -1  0 -3 -2  1 -1 -3 -1  2  0 -2 -2 -2    0   0   0   0   0  66   0   0   0   0   0   0   0   0   0  34   0   0   0   0  0.46 0.00
    6 E   -1  0  0  1 -4  2  5 -2  0 -3 -3  2 -2 -3 -1  0 -1 -3 -2 -3    0   0   0   0   0   0  78   0   0   0   0  22   0   0   0   0   0   0   0   0  0.64 0.02
    7 D   -2 -1  3  5 -3  0  1 -1  4 -3 -3 -1 -3 -3 -2  0 -1 -4 -1 -3    0   0  18  63   0   0   0   0  19   0   0   0   0   0   0   0   0   0   0   0  0.66 0.02
    8 T    0 -1  0 -1 -1 -1 -1 -2 -2 -1 -1 -1 -1 -2 -1  1  5 -3 -2  0    0   0   0   0   0   0   0   0   0   0   0   0   0   0   0   0 100   0   0   0  0.59 0.05
    9 P    0 -1 -1  0 -2  0  2 -2 -1 -2  0  0 -1 -2  4  1  0 -3 -2 -2    0   0   0   0   0   0  29   0   0   0  13   0   0   0  32  26   0   0   0   0  0.52 0.02
   10 P    0 -2 -1 -1 -2 -1 -1  1 -2 -3 -3 -1 -2 -3  6  1  1 -3 -3 -2    0   0   0   0   0   0   0  13   0   0   0   0   0   0  58  17  13   0   0   0  1.04 0.03
   11 G    0  2  2 -1 -3 -1 -1  4 -1 -3 -3  0 -2 -3 -2  1 -1 -3 -3 -3    0  19  13   0   0   0   0  56   0   0   0   0   0   0   0  12   0   0   0   0  0.54 0.02
   12 P   -1  2 -1 -1 -3  2  0 -2 -1 -3 -3  0 -2 -3  5  1  0 -3 -2 -2    0  25   0   0   0  17   0   0   0   0   0   0   0   0  40  13   6   0   0   0  0.71 0.02
   13 S    1 -1  0 -1 -1  2  0 -1 -1 -2 -1  0  1 -2 -1  3  1 -3 -2 -1    0   0   0   0   0  17   0   0   0   0   0   0  13   0   0  70   0   0   0   0  0.34 0.03
   14 T    0  1 -1 -1 -1  0  1 -2 -2  0 -1  0 -1 -2 -2  1  4 -3 -2  1    0  10   0   0   0   0  10   0   0   0   0   0   0   0   0   0  62   0   0  18  0.29 0.03
   15 V    2 -2 -2 -1 -1 -1  1 -2 -2  2  0 -1  0 -2 -2  0  1 -3 -2  2   29   0   0   0   0   0  15   0   0  18   0   0   0   0   0   0  10   0   0  28  0.14 0.02
   16 F   -1 -2 -1 -2 -2 -1 -2 -2  0 -1 -1 -2 -1  4 -2  1 -1  1  4 -1    1   1   0   1   0   0   1   1   0   1   1   1   0  38   1  26   1   0  27   1  0.36 0.03
   17 R   -1  4 -1  0 -3  1  3 -2  0 -3 -2  1 -2 -2 -1 -1 -1  3 -1 -2    1  39   0   1   0   0  47   1   0   1   1   1   0   0   1   1   1   5   0   1  0.47 0.03
   18 P   -1  2  0 -1 -3  1  0 -2  5 -3 -2  0 -2 -2  4 -1 -1 -2  0 -2    1  16   0   1   0  11   1   1  36   1   1   1   0   0  29   1   1   0   0   1  0.60 0.03
   19 P    0 -2 -2 -2 -2 -1 -1 -2 -2 -1  0 -1 -1 -2  6 -1 -1 -3 -2  0    6   1   0   1   0   0   1   1   0   1  16   1   0   0  60   1   1   0   0  11  0.97 0.03
   20 T    0 -2 -1 -2 -1 -1 -1 -2 -2  1 -1 -1 -1 -2  1  1  4 -3 -2  0    0   0   0   0   0   0   0   0   0  18   0   0   0   0   5   0  78   0   0   0  0.41 0.04
   21 S    0 -1  3  0 -1  0  0 -1 -1 -3 -3  0 -2 -3 -1  4  1 -3 -2 -2    0   0  29   0   0   0   0   0   0   0   0   0   0   0   0  71   0   0   0   0  0.48 0.04
   22 S    1 -1  0 -1 -1  0 -1 -1 -1 -2 -1 -1 -1 -2 -1  4  1 -3 -2 -2    0   0   0   0   0   0   0   0   0   0   9   0   0   0   0  91   0   0   0   0  0.45 0.05
   23 R    0  2  0 -1  2  0 -1  0 -1 -3 -2  0 -2 -2 -2  3  0  5 -1 -2    0  23   0   0   7   0   0   5   0   0   0   0   0   0   0  50   0  15   0   0  0.38 0.03
   24 P    0 -1 -1 -1 -3  2  1 -2 -1 -3 -3  0 -2 -3  6  0 -1 -3 -2 -2   10   0   0   0   0  24   9   0   0   0   0   0   0   0  57   0   0   0   0   0  1.06 0.04
   25 L   -1 -2 -2 -2 -2 -1 -2 -2 -2 -1  2 -2  0 -1  3  1 -1  6 -1 -1    0   0   0   0   0   0   0   0   0   0  35   0   0   0  19  27   0  20   0   0  0.44 0.03
   26 E    2 -1 -1 -1 -2  0  2  2 -1 -1 -2 -1 -1 -2 -2  0 -1 -3 -2  1   27   0   0   0   0   0  30  25   0   0   0   0   0   0   0   0   0   0   0  19  0.23 0.02
   27 T    0 -1  0 -1 -2  0  1  3 -2 -2 -2 -1 -2 -3 -2  0  3 -3 -2 -1    0   0   0   0   0   0  19  36   0   0   0   0   0   0   0   0  45   0   0   0  0.39 0.03
   28 P   -1 -2 -1 -1 -2 -1 -1 -2 -2  0 -1 -1 -1 -2  4  1  4 -3 -2  0    0   0   0   0   0   0   0   0   0   8   0   0   0   0  30   0  62   0   0   0  0.60 0.04
   29 H   -1 -1 -1 -2 -2 -1 -1 -3  5  0  1 -1  0 -1 -2 -1  1 -2  0  1    0   0   0   0   0   0   0   0  39   0  17   0   0   0   0   0  19   0   0  25  0.26 0.03
   30 C    0 -2  0 -1  6 -1 -1 -1 -2 -2 -2 -1 -2 -3 -2  3  1 -3 -2 -1    0   0   0   0  39   0   0   0   0   0   0   0   0   0   0  61   0   0   0   0  0.58 0.04
   31 R   -1  3 -1 -1 -3  1  0 -2 -1  0 -1  4 -1 -2 -2 -1 -1 -3 -2 -1    0  30   0   0   0   0   0   0   0  19   0  52   0   0   0   0   0   0   0   0  0.36 0.03
   32 E   -1  0  0  1 -3  1  5 -2  0 -3 -3  0 -2 -3 -1  1 -1 -3 -2 -3    0   0   0   0   0   0  85   0   0   0   0   0   0   0   0  15   0   0   0   0  0.69 0.04
   33 I   -2 -3 -3 -3 -1 -3 -3 -4 -3  4  2 -3  1  0 -3 -3 -1 -3 -1  2    0   0   0   0   0   0   0   0   0  85  15   0   0   0   0   0   0   0   0   0  0.46 0.04
   34 R   -1  3 -1 -2 -2  3  0 -3 -1 -1  2  1  0 -1 -2 -1 -1 -2 -2 -1    0  31   0   0   0  34   0   0   0   0  35   0   0   0   0   0   0   0   0   0  0.30 0.03
   35 I   -2 -3 -3 -3 -1 -3 -3 -4 -3  5  1 -3  1  0 -3 -3 -1 -3 -2  2    0   0   0   0   0   0   0   0   0 100   0   0   0   0   0   0   0   0   0   0  0.52 0.05
   36 G    0 -3 -1 -2 -3 -2 -2  6 -2 -4 -4 -2 -3 -3 -2  0 -2 -3 -3 -3    0   0   0   0   0   0   0 100   0   0   0   0   0   0   0   0   0   0   0   0  1.16 0.04
   37 I   -2 -3 -3 -3 -1 -3 -3 -4 -3  4  2 -3  1  0 -3 -3 -1 -2 -1  2    0   0   0   0   0   0   0   0   0  74  26   0   0   0   0   0   0   0   0   0  0.43 0.03
   38 A    2 -2 -1 -2 -2 -2 -2  5 -2 -3 -3 -1 -2 -3 -2  0 -1 -3 -3 -2   31   0   0   0   0   0   0  69   0   0   0   0   0   0   0   0   0   0   0   0  0.73 0.03
   39 G    0 -1  0 -1 -2 -1 -1  3 -2 -3 -3 -1 -2 -3  3  3  0 -3 -2 -2    0   0   0   0   0   0   0  31   0   0   0   0   0   0  15  54   0   0   0   0  0.50 0.03
   40 I    1 -2 -2 -2 -1 -2 -2 -2 -2  3  0 -2  0 -1 -2  0  2 -3 -2  2   15   0   0   0   0   0   0   0   0  41   0   0   0   0   0   0  34   0   0  10  0.21 0.02
   41 T   -1 -2 -1 -2 -1 -1 -2 -2 -2  2  0 -1  0 -1 -2  0  4 -3 -2  1    0   0   0   0   0   0   0   0   0  34   0   0   0   0   0   0  66   0   0   0  0.34 0.04
   42 I   -2 -3 -3 -3 -1 -3 -3 -4 -3  5  1 -3  1  0 -3 -3 -1 -3 -2  2    0   0   0   0   0   0   0   0   0 100   0   0   0   0   0   0   0   0   0   0  0.52 0.05
   43 T    1 -1  0 -1 -1  0  1 -2 -2 -1 -2 -1 -1 -2 -1  1  4 -3 -2 -1   10   0   0   0   0   0  15   0   0   0   0   0   0   0   0   0  75   0   0   0  0.42 0.04
   44 L   -1 -2 -3 -4 -1 -2 -3 -4 -3  2  4 -3  2  0 -3 -2 -1 -2 -1  2    0   0   0   0   0   0   0   0   0   0  84   0   0   0   0   0   0   0   0  16  0.46 0.03
   45 S    1 -1  0  0 -1  0  0 -1 -1 -3 -3  0 -2 -3 -1  4  1 -3 -2 -2    0   0   0   0   0   0   0   0   0   0   0   0   0   0   0 100   0   0   0   0  0.57 0.05
   46 L   -2 -2 -3 -4 -2 -1 -3 -4 -3  1  4 -2  2  0 -3 -2 -1 -2 -1  1    0   0   0   0   0   4   0   0   0   0  96   0   0   0   0   0   0   0   0   0  0.49 0.04
   47 C   -1 -3 -2 -2  6 -2 -2 -2 -3 -2 -3 -2 -2 -3  6 -1 -1 -3 -3 -2    0   0   0   0  31   0   0   0   0   0   0   0   0   0  69   0   0   0   0   0  1.50 0.05
   48 G    0 -3 -1 -2 -3 -2 -2  6 -2 -4 -4 -2 -3 -3 -2  0 -2 -3 -3 -3    0   0   0   0   0   0   0 100   0   0   0   0   0   0   0   0   0   0   0   0  1.16 0.04
   49 C   -1 -2 -2 -3  6 -2 -3 -3  0 -1 -1 -2 -1  2 -3  0 -1  0  5 -1    0   0   0   0  41   0   0   0   0   0   0   0   0   9   0  10   0   0  41   0  0.63 0.04
   50 A    4 -2 -2 -2 -1 -1 -1  0 -2 -2 -2 -1 -1 -2 -1  1  0 -3 -2  0  100   0   0   0   0   0   0   0   0   0   0   0   0   0   0   0   0   0   0   0  0.51 0.04
   51 N    0 -1  3  0 -1  0 -1 -1 -1 -2 -2  0 -1 -3 -1  3  3 -3 -2 -1    0   0  31   0   0   0   0   0   0   0   0   0   0   0   0  34  35   0   0   0  0.40 0.03
   52 A    2 -2 -3 -3 -1 -2 -2 -2 -3  2  0 -2  0 -1 -2 -1  0 -3 -2  3   31   0   0   0   0   0   0   0   0   0   0   0   0   0   0   0   0   0   0  69  0.28 0.03
   53 R   -2  5  0  2 -4  1  0 -2 -1 -3 -3  2 -2 -3 -2 -1 -1 -3 -2 -3    0  85   0  15   0   0   0   0   0   0   0   0   0   0   0   0   0   0   0   0  0.73 0.04
   54 A    2 -2 -2 -3 -1 -2 -2 -2 -1  1  0 -2  0  0 -2 -1  0 -1  2  3   31   0   0   0   0   0   0   0   0   0   0   0   0   0   0   0   0   0  15  54  0.22 0.03
   55 P   -1  1 -2 -3 -2 -1 -2 -3 -2  0  3 -1  1 -1  4 -2 -1 -2 -2  0    0  15   0   0   0   0   0   0   0   0  58   0   0   0  27   0   0   0   0   0  0.44 0.03
   56 T    0 -1  0 -1 -1 -1 -1 -2 -2 -1 -1 -1 -1 -2 -1  1  5 -3 -2  0    0   0   0   0   0   0   0   0   0   0   0   0   0   0   0   0 100   0   0   0  0.62 0.05
   57 L   -1 -2 -1 -2 -1 -1 -2 -2 -2  0  2 -1  0 -1 -2  0  4 -2 -2  0    0   0   0   0   0   0   0   0   0   0  31   0   0   0   0   0  69   0   0   0  0.35 0.04
   58 R   -2  6 -1 -2 -4  1  0 -3  0 -3 -2  2 -2 -3 -2 -1 -1 -3 -2 -3    0 100   0   0   0   0   0   0   0   0   0   0   0   0   0   0   0   0   0   0  0.91 0.05
   59 S    1 -1  0 -1 -1  0 -1 -1 -1 -2 -2 -1 -2 -1 -1  4  1 -1  2 -2    0   0   0   0   0   0   0   0   0   0   0   0   0   0   0  85   0   0  15   0  0.43 0.04
   60 A    4 -2 -2 -2 -1 -1 -1  0 -2  0 -1 -1 -1 -2 -1  1  0 -3 -2  1   85   0   0   0   0   0   0   0   0   0   0   0   0   0   0   0   0   0   0  15  0.38 0.04
   61 T    0 -1 -1 -1 -1 -1 -1 -2 -2 -2 -2 -1 -1 -3  4  2  4 -3 -2 -1    0   0   0   0   0   0   0   0   0   0   0   0   0   0  28  15  57   0   0   0  0.61 0.03
   62 A    4 -2 -2 -2 -1 -1 -1  0 -2 -1 -1 -1 -1 -2 -1  1  0 -3 -2  1   90   0   0   0   0   0   0   0   0   0   0   0   0   0   0   0   0   0   0  10  0.42 0.04
   63 D    0 -2  1  5 -3  0  2  1 -1 -3 -3 -1 -3 -3 -2  0 -1 -4 -3 -3   15   0   0  68   0   0   8   9   0   0   0   0   0   0   0   0   0   0   0   0  0.63 0.03
   64 N    1 -1  4  2 -2 -1  0 -1 -1 -2 -1 -1 -1 -2 -2  1  0 -3 -2 -2   18   0  40  19   0   0   0   0   0   0  12   0   0   0   0  12   0   0   0   0  0.31 0.03
   65 S    1 -1  0 -1 -2 -1 -1  3 -1 -3 -3 -1 -2 -3 -1  4  1 -3 -2 -2    0   0   0   0   0   0   0  31   0   0   0   0   0   0   0  69   0   0   0   0  0.52 0.06
   66 E   -1 -1  0  2 -4  1  4  2 -1 -4 -3  0 -2 -3 -2  0 -1 -3 -3 -3    0   0   0  10   0   0  71  19   0   0   0   0   0   0   0   0   0   0   0   0  0.63 0.06
   67 S    2 -2  0  2 -1 -1  0 -1 -2 -1 -1 -1 -1 -2 -1  2  0 -3 -2  1   35   0   3  20   0   0   0   0   0   0   0   0   0   0   0  23   0   0   0  19  0.21 0.03
   68 T    0 -1  0 -1 -1 -1 -1 -2 -2 -1 -2 -1 -1 -2 -1  1  5 -3 -2  0    0   0   0   0   0   0   0   0   0   0   0   0   0   0   0   0 100   0   0   0  0.68 0.08
   69 G    0 -3 -1 -2 -3 -2 -2  6 -2 -4 -4 -2 -3 -3 -2 -1 -2 -3 -3 -3    0   0   0   0   0   0   0 100   0   0   0   0   0   0   0   0   0   0   0   0  1.21 0.07
   70 F    0 -1  0 -1 -1 -1 -1 -1 -1 -2 -2 -1 -1  3 -2  4  1 -2  0 -2    0   0   0   0   0   0   0   0   0   0   0   0   0  26   0  74   0   0   0   0  0.38 0.06
   71 K   -1  4  0 -1 -3  1  0 -2 -1 -3 -3  3 -2 -3 -2  1 -1 -3 -2 -3    0  49   0   0   0   0   0   0   0   0   0  38   0   0   0  14   0   0   0   0  0.55 0.05
   72 N   -1  3  4  0 -3  0  0 -1  0 -3 -3  1 -2 -3 -2  2  0 -3 -2 -3    0  37  38   0   0   0   0   0   0   0   0   0   0   0   0  25   0   0   0   0  0.47 0.05
   73 V    2 -1 -2 -2 -1  2 -1 -1 -2  1  1 -1  0 -1 -2  0  0 -2 -2  2   37   0   0   0   0  18   0   0   0   0  19   0   0   0   0   0   0   0   0  26  0.16 0.03
   74 P    0  0 -2 -2 -2  1 -1 -3 -2  0  2 -1  0 -1  4 -1 -1 -3 -2  1    7   8   0   0   0  10   0   0   0   0  37   0   0   0  26   0   0   0   0  12  0.34 0.03
   75 D   -2 -2  1  6 -4 -1  1 -2 -1 -3 -4 -1 -3 -4 -2 -1 -1 -5 -3 -4    0   0   0 100   0   0   0   0   0   0   0   0   0   0   0   0   0   0   0   0  1.15 0.08
   76 L   -1 -2 -3 -3  4 -2 -3 -3 -3  1  4 -3  1  0 -3 -1 -1 -2 -2  0    0   0   0   0  18   0   0   0   0   0  75   0   0   0   0   7   0   0   0   0  0.42 0.05
   77 R   -1  5 -1 -2 -3  0 -1 -2 -1 -3 -3  1 -2 -3  3  1 -1 -3 -2 -3    0  63   0   0   0   0   0   0   0   0   0   0   0   0  18  19   0   0   0   0  0.62 0.05
   78 T   -1 -1  0 -1 -2  0 -1 -2  5 -1 -1 -1  1 -1 -1  0  3 -2  0 -1    1   1   1   1   0   1   1   1  37   1   1   1  12   1   1   1  39   0   0   1  0.33 0.04
   79 D   -1  3  0  3 -2  0  0 -1 -1 -2 -2  1 -2 -2  2  0 -1 -2 -2 -2    2  38   1  28   0   1   2   2   1   1   2   1   1   1  13   2   1   0   1   2  0.36 0.02
   80 Q    0  3  0 -1 -2  3  1 -1  0 -2 -2  2 -1 -2 -1  0 -1 -2 -1 -1   14  32   1   1   0  27   2   2   1   1   2   8   1   1   1   2   1   0   1   2  0.28 0.02
   81 P    1 -1 -1 -1 -2 -1 -1 -1 -2 -2 -2 -1 -2 -2  6  0 -1 -2 -2 -1   14   1   1   1   0   1   2   2   1   1   2   1   1   1  64   2   1   0   1   2  1.11 0.04
   82 K   -1  4  0 -1 -3  1  0 -2 -1 -3 -2  4 -1 -3 -1 -1 -1 -2 -2 -2    1  37   1   1   0   0   1   1   0   1   1  52   0   0   1   1   1   0   0   1  0.51 0.04
   83 P   -1  4 -1 -2 -3  0 -1 -2 -1 -3 -3  1 -2 -3  5  1 -1 -3 -2 -3    0  48   0   0   0   0   0   0   0   0   0   0   0   0  38  14   0   0   0   0  0.81 0.05
   84 P    1 -1 -1 -1 -2 -1 -1 -1 -2 -2 -2 -1 -1 -2  5  0  3 -3 -2 -1   13   1   1   1   0   0   1   1   0   1   1   1   0   0  41   1  38   0   0   1  0.69 0.04
   85 S    1  1  0 -1 -1  2  0 -1 -1 -2 -2  0 -1 -2 -1  3  0 -2 -2 -2   13  10   1   1   0  22   1   1   0   1   1   1   0   0   1  46   1   0   0   1  0.29 0.03
   86 K    0  2  0 -1 -2  1  0 -1 -1 -2 -2  3 -1 -2 -1  2  0 -2 -2 -2    1  12   1   1   0   0   1   1   0   1   1  41   0   0   1  38   1   0   0   1  0.32 0.03
   87 K   -1  3 -1 -1 -3  2  0 -2 -1 -3 -3  2 -2 -3  5 -1 -1 -3 -2 -3    0  25   0   0   0  12   0   0   0   0   0  26   0   0  37   0   0   0   0   0  0.75 0.04
   88 R   -1  4 -1  0 -4  1  3 -2  0 -3 -3  2 -2 -3 -2 -1 -1 -3 -2 -3    0  49   0   0   0   0  37   0   0   0   0  14   0   0   0   0   0   0   0   0  0.60 0.05
   89 S    0 -2 -1 -2 -1 -1 -2 -2 -2  3  0 -1  0 -1 -2  2  1 -3 -2  1    0   0   0   0   0   0   0   0   0  48   0   0   0   0   0  40  12   0   0   0  0.22 0.05
   90 C   -1 -2 -2 -3  6 -2 -2 -2 -1 -1  1 -2  0  0 -3  1 -1 -1  3 -1    0   0   0   0  40   0   0   0   0   0  23   0   0   0   0  18   0   0  19   0  0.45 0.05
   91 D   -1 -2 -1  3 -2 -1  1 -2 -2  2  0 -1  0 -2 -2  0  0 -3 -2  2    0   0   0  26   0   0  12   0   0  18   0   0   0   0   0  14   0   0   0  31  0.18 0.03
   92 P    0 -2 -1  1  3 -2 -1  2 -2 -3 -3 -1 -2 -3  5 -1 -1 -3 -3 -2   10   0   0  12  14   0   0  27   0   0   0   0   0   0  38   0   0   0   0   0  0.71 0.04
   93 S    1  1 -1 -2  3 -1 -1 -2 -2 -1  0 -1 -1  2 -2  1  0  4  0 -1   14  12   0   0  12   0   0   0   0   0   8   0   0  19   0  26   0  10   0   0  0.20 0.03
   94 E    1  1  0  0 -2  0  2 -1 -1 -2  0  0 -1 -2 -1  2  0 -3 -2 -1   12  12   0   0   0   0  26   0   0   0  14   0   0   0   0  36   0   0   0   0  0.22 0.03
   95 Y    2 -2 -2 -3  5 -2 -2 -2 -1  1 -1 -2 -1  0 -2 -1 -1 -1  3  1   27   0   0   0  23   0   0   0   0  12   0   0   0   0   0   0   0   0  26  12  0.30 0.04
   96 R   -1  3 -1 -2 -2  0 -1 -3 -1  0  1  3  0 -2 -2 -1 -1 -3 -2  0    0  34   0   0   0   0   0   0   0   0  25  31   0   0   0   0   0   0   0  10  0.27 0.03
   97 V   -1 -1  1  0 -2  0  3 -2 -1  0 -1  0 -1 -2 -2 -1 -1 -3 -2  2    0   0  14   0   0   0  48   0   0   0   0   0   0   0   0   0   0   0   0  38  0.29 0.05
   98 S    0  1  1 -1 -2  0  0 -1 -1 -2 -1  2 -1 -2  2  2  1 -3 -2 -2    0   7  12   0   0   0   0   0   0   0   8  26   0   0  12  26  10   0   0   0  0.26 0.02
   99 E   -1  2 -1  0 -3  3  4 -2  0 -2  0  1 -1 -3 -2 -1 -1 -3 -2 -2    0  13   0   0   0  24  51   0   0   0  12   0   0   0   0   0   0   0   0   0  0.46 0.05
  100 L   -1  0  2 -1 -3  4  1 -2  2 -1  1  0  0 -2 -2 -1 -1 -2 -1 -1    0   0  14   0   0  52   0   0   8   0  26   0   0   0   0   0   0   0   0   0  0.33 0.05
  101 K    1  1  2 -1 -3  1  0 -1 -1 -3 -3  4 -2 -3 -1  0 -1 -3 -2 -2   14   0  19   0   0   0   0   0   0   0   0  67   0   0   0   0   0   0   0   0  0.43 0.05
  102 E   -1  2 -1  1 -4  3  5 -2  0 -3 -3  1 -2 -3 -2  0 -1 -3 -2 -3    0  12   0   0   0  14  75   0   0   0   0   0   0   0   0   0   0   0   0   0  0.71 0.06
  103 S   -1  0  4  1 -2  0  1 -1  0 -3 -3  1 -2 -3 -2  2  0 -3 -2 -3    0   0  49   0   0   0  14   0   0   0   0  12   0   0   0  26   0   0   0   0  0.46 0.05
  104 L   -1 -2 -3 -3 -2 -2 -3  1 -3  1  4 -3  1  0 -3 -2 -2  4 -1  0    0   0   0   0   0   0   0  14   0   0  77   0   0   0   0   0   0  10   0   0  0.41 0.05
  105 I   -1 -3 -3 -3 -2 -3 -3  1 -3  4  1 -3  0 -1 -3 -2  0 -3 -2  2    0   0   0   0   0   0   0  17   0  78   0   0   0   0   0   0   5   0   0   0  0.32 0.05
  106 T    0 -1  0 -1 -1 -1 -1 -2 -2 -1 -2 -1 -1 -2 -1  2  5 -3 -2 -1    0   0   0   0   0   0   0   0   0   0   0   0   0   0   0  17  83   0   0   0  0.54 0.06
  107 T    0 -1  2 -1  3 -1 -1 -2 -1 -1  1 -1  0 -2 -2  2  2 -3 -2 -1    0   0  17   0   9   0   0   0   0   0  25   0   0   0   0  23  25   0   0   0  0.18 0.02
  108 T   -1  3  0 -1 -2  0 -1 -2 -1 -1 -1  0 -1 -2 -1  0  4 -2 -2 -1    1  32   0   1   0   0   1   1   0   0   5   1   0   0   0   1  55   0   0   1  0.33 0.04
  109 P    0 -1  0  0 -2  0  2 -1 -1 -2 -2  0 -1 -2  4  1  1 -2 -2 -1    2   1   1   1   0   1  22   2   0   1   2   1   0   1  31  18  12   0   1   1  0.48 0.02
  110 S    0  0  1  0 -2  1  2 -1  0 -2 -2  2 -1 -2 -1  2  0 -2 -1 -2    6   1   8   1   0   1  26   2   0   1   2  18   0   1   1  27   1   0   1   1  0.23 0.01
  111 R   -1  4  0 -1 -3  0  0  2 -1 -3 -2  2 -2 -3 -2 -1 -1 -2 -2 -2    1  46   1   1   0   1   1  22   0   1   1  21   0   1   1   1   1   0   0   1  0.41 0.03
  112 P    0 -1 -1 -1 -2 -1 -1 -2 -2 -1  0 -1 -1 -2  5  1  1 -2 -2 -1    1   1   1   1   0   1   1   1   0   1  12   1   0   1  45  17  16   0   0   1  0.70 0.03
  113 R   -1  3 -1 -1 -2  0 -1 -2 -1  0 -1  2 -1 -2  4 -1 -1 -2 -2 -1    1  25   1   1   0   1   1   1   0  11   6  17   0   1  32   1   1   0   0   1  0.47 0.02
  114 T   -1 -1 -1 -1 -2  0  0 -2 -2  2  1  1  0 -1 -2  0  2 -3 -2  1    0   0   0   0   0   0  10   0   0  21  10  16   0   0   0   0  29   0   0  13  0.13 0.02
  115 A    2  2 -1 -1 -1  0  1 -1 -1 -1 -1  1 -1 -2 -1  0  0 -3 -2  0   45  17   0   0   0   0  10   0   0   0   0  14   0   0   0   0   0   0   0  13  0.21 0.03
  116 K   -1  4  0 -1 -3  1  0 -2 -1 -3 -3  5 -2 -3 -2 -1 -1 -3 -2 -3    0  28   0   0   0   0   0   0   0   0   0  72   0   0   0   0   0   0   0   0  0.63 0.06
  117 R   -1  5 -1 -2 -3  0  0 -2 -1 -2  0  2 -1 -2 -2  1 -1 -3 -2 -2    0  59   0   0   0   0   0   0   0   0  14  10   0   0   0  16   0   0   0   0  0.43 0.04
  118 R   -1  4 -1 -2  4  0 -1  3 -1 -3 -3  1 -2 -3 -2 -1 -1 -3 -2 -2    0  48   0   0  19   0   0  33   0   0   0   0   0   0   0   0   0   0   0   0  0.49 0.04
  119 I   -2 -3 -3 -4 -1 -2 -3 -4 -3  3  3 -3  2  0 -3 -3 -1 -2 -1  2    0   0   0   0   0   0   0   0   0  40  60   0   0   0   0   0   0   0   0   0  0.41 0.02
  120 R   -2  6 -1 -2 -4  1  0 -2  0 -3 -2  2 -1 -3 -2 -1 -1 -3 -2 -3    0 100   0   0   0   0   0   0   0   0   0   0   0   0   0   0   0   0   0   0  0.80 0.02
  121 L   -2 -2 -3 -4 -1 -2 -3 -4 -3  1  4 -3  2  0 -3 -3 -1 -2 -1  1    0   0   0   0   0   0   0   0   0   0 100   0   0   0   0   0   0   0   0   0  0.49 0.01

                      K         Lambda
Standard Ungapped    0.1294     0.3135
Standard Gapped      0.0358     0.2670
PSI Ungapped         0.1191     0.2966
PSI Gapped           0.0358     0.2670
