
Last position-specific scoring matrix computed, weighted observed percentages rounded down, information per position, and relative weight of gapless real matches to pseudocounts
           A  R  N  D  C  Q  E  G  H  I  L  K  M  F  P  S  T  W  Y  V   A   R   N   D   C   Q   E   G   H   I   L   K   M   F   P   S   T   W   Y   V
    1 M   -1 -1 -2 -3 -1  0 -2 -3 -2  1  2 -1  5  0 -2 -1 -1 -1 -1  1    0   0   0   0   0   0   0   0   0   0   0   0 100   0   0   0   0   0   0   0  0.33 0.00
    2 N   -2  0  6  1 -3  0  0  0  1 -3 -3  0 -2 -3 -2  1  0 -4 -2 -3    0   0 100   0   0   0   0   0   0   0   0   0   0   0   0   0   0   0   0   0  0.72 0.00
    3 A    4 -1 -2 -2  0 -1 -1  0 -2 -1 -1 -1 -1 -2 -1  1  0 -3 -2  0  100   0   0   0   0   0   0   0   0   0   0   0   0   0   0   0   0   0   0   0  0.40 0.00
    4 L   -1 -2 -3 -3 -1 -1 -2 -3 -2  1  3 -2  4  0 -3 -2 -1 -2 -1  1    0   0   0   0   0   0   0   0   0   0  61   0  39   0   0   0   0   0   0   0  0.37 0.00
    5 Q    0  0  0  0 -2  4  1 -1  0 -3 -2  1 -1 -3 -1  2  0 -2 -2 -2    0   0   0   0   0  61   0   0   0   0   0   0   0   0   0  39   0   0   0   0  0.44 0.00
    6 E   -1  1  0  1 -4  2  4 -2  0 -3 -3  2 -2 -3 -1  0 -1 -3 -2 -2    0   0   0   0   0   0  76   0   0   0   0  24   0   0   0   0   0   0   0   0  0.62 0.02
    7 D   -2 -1  3  5 -3  0  1 -1  4 -3 -3 -1 -3 -3 -2  0 -1 -4 -1 -3    0   0  20  60   0   0   0   0  20   0   0   0   0   0   0   0   0   0   0   0  0.64 0.02
    8 T    0 -1  0 -1 -1 -1 -1 -2 -2 -1 -1 -1 -1 -2 -1  1  5 -3 -2  0    0   0   0   0   0   0   0   0   0   0   0   0   0   0   0   0 100   0   0   0  0.59 0.05
    9 P    0 -1 -1  0 -2  0  2 -2 -1 -2  0  0 -1 -2  4  1  0 -3 -2 -2    0   0   0   0   0   0  32   0   0   0  14   0   0   0  27  27   0   0   0   0  0.46 0.02
   10 P    0 -2 -1 -1 -2 -1 -1  1 -2 -3 -3 -1 -2 -3  6  1  1 -3 -3 -2    0   0   0   0   0   0   0  14   0   0   0   0   0   0  56  18  13   0   0   0  0.99 0.03
   11 G    0  1  2 -1 -2 -1 -1  4 -1 -3 -3  0 -2 -3 -2  1 -1 -3 -3 -3    0  14  13   0   0   0   0  60   0   0   0   0   0   0   0  13   0   0   0   0  0.58 0.02
   12 P   -1  3 -1 -1 -3  2  0 -2 -1 -3 -3  1 -2 -3  5  1 -1 -3 -2 -2    0  26   0   0   0  18   0   0   0   0   0   0   0   0  43  13   0   0   0   0  0.79 0.02
   13 S    0 -1  0 -1 -1  2  0 -1 -1 -2 -1  0  1 -2 -1  3  1 -3 -2 -1    0   0   0   0   0  18   0   0   0   0   0   0  14   0   0  69   0   0   0   0  0.33 0.03
   14 T    0  1 -1 -1 -1  0  1 -2 -2  0 -1  0 -1 -2 -2  0  4 -3 -2  1    0  11   0   0   0   0  11   0   0   0   0   0   0   0   0   0  58   0   0  20  0.27 0.03
   15 V    1 -2 -2 -1 -1 -1  1 -2 -2  2  0 -1  0 -1 -2  0  1 -3 -2  2   26   0   0   0   0   0  16   0   0  20   0   0   0   0   0   0  11   0   0  26  0.13 0.01
   16 F   -1 -2 -1 -2 -2 -1 -1 -2  0 -1 -1 -1 -1  4 -2  1  0  1  4 -1    1   1   0   1   0   0   1   1   0   1   1   1   0  37   1  28   1   0  26   1  0.34 0.02
   17 R   -1  4  0  0 -3  1  3 -2  0 -3 -2  1 -2 -3 -1  0 -1 -2 -2 -2    1  43   0   1   0   0  47   1   0   1   1   1   0   0   1   1   1   0   0   1  0.50 0.03
   18 P   -1  2  0 -1 -3  1  0 -2  5 -3 -2  0 -1 -2  4 -1 -1 -2  0 -2    1  17   0   1   0  12   1   1  36   1   1   1   0   0  27   1   1   0   0   1  0.56 0.02
   19 P   -1 -2 -2 -2 -2 -1 -1 -2 -2  0  0 -1 -1 -2  6 -1 -1 -3 -2  0    1   1   0   1   0   0   1   1   0   1  17   1   0   0  63   1   1   0   0  12  1.03 0.03
   20 T    0 -2 -1 -2 -1 -1 -1 -2 -2  1 -1 -1  0 -2 -2  1  4 -3 -2  1    0   0   0   0   0   0   0   0   0  20   0   0   0   0   0   0  80   0   0   0  0.42 0.04
   21 S    0 -1  3  0 -1  0  0  0 -1 -3 -3  0 -2 -3 -1  4  1 -3 -2 -2    0   0  32   0   0   0   0   0   0   0   0   0   0   0   0  68   0   0   0   0  0.48 0.04
   22 S    1 -1  0 -1 -1  0 -1 -1 -1 -2 -1 -1 -1 -2 -1  4  1 -3 -2 -1    0   0   0   0   0   0   0   0   0   0  10   0   0   0   0  90   0   0   0   0  0.42 0.04
   23 R    0  3  0 -1 -2  0 -1 -1 -1 -3 -2  0 -2 -2 -2  3  0  6 -1 -2    0  26   0   0   0   0   0   0   0   0   0   0   0   0   0  57   0  16   0   0  0.46 0.03
   24 P    0 -1 -1 -1 -3  3  1 -2 -1 -3 -3  0 -2 -3  6  0 -1 -3 -2 -2   11   0   0   0   0  26  10   0   0   0   0   0   0   0  53   0   0   0   0   0  0.97 0.03
   25 L   -1 -2 -2 -2 -2 -1 -2 -2 -2  0  2 -2  0 -1  3  1  0  6 -1 -1    0   0   0   0   0   0   0   0   0   0  39   0   0   0  16  29   0  16   0   0  0.36 0.02
   26 E    2 -1 -1 -1 -2  0  2  2 -1 -1 -2 -1 -1 -2 -2  0 -1 -3 -2  1   25   0   0   0   0   0  29  27   0   0   0   0   0   0   0   0   0   0   0  20  0.23 0.02
   27 T    0 -1  0 -1 -2 -1  1  3 -2 -2 -2 -1 -2 -3 -2  0  3 -3 -2 -1    0   0   0   0   0   0  16  39   0   0   0   0   0   0   0   0  45   0   0   0  0.40 0.03
   28 P   -1 -2 -1 -1 -1 -1 -1 -2 -2  0 -1 -1 -1 -2  4  1  4 -3 -2  0    0   0   0   0   0   0   0   0   0   9   0   0   0   0  29   0  62   0   0   0  0.58 0.03
   29 H   -1 -1 -1 -2 -2 -1 -1 -3  5  0  1 -1  0 -1 -2 -1  1 -2  0  1    0   0   0   0   0   0   0   0  38   0  19   0   0   0   0   0  16   0   0  27  0.25 0.03
   30 C    0 -2  0 -1  6 -1 -1 -1 -2 -2 -2 -1 -2 -3 -2  3  1 -3 -2 -1    0   0   0   0  38   0   0   0   0   0   0   0   0   0   0  62   0   0   0   0  0.57 0.04
   31 R   -1  3 -1 -1 -3  1  0 -2 -1  0 -1  4 -1 -2 -2 -1 -1 -3 -2 -1    0  29   0   0   0   0   0   0   0  16   0  55   0   0   0   0   0   0   0   0  0.39 0.03
   32 E   -1  0  0  1 -3  1  5 -2  0 -3 -3  0 -2 -3 -1  1 -1 -3 -2 -2    0   0   0   0   0   0  84   0   0   0   0   0   0   0   0  16   0   0   0   0  0.68 0.04
   33 I   -1 -3 -3 -3 -1 -3 -3 -4 -3  4  2 -3  1  0 -3 -3 -1 -3 -1  2    0   0   0   0   0   0   0   0   0  84  16   0   0   0   0   0   0   0   0   0  0.45 0.04
   34 R   -1  3 -1 -2 -2  3  0 -3 -1 -1  2  0  0 -1 -2 -1 -1  3 -1 -1    0  25   0   0   0  33   0   0   0   0  36   0   0   0   0   0   0   5   0   0  0.27 0.02
   35 I   -2 -3 -3 -3 -1 -3 -3 -4 -3  5  1 -3  1  0 -3 -3 -1 -3 -2  2    0   0   0   0   0   0   0   0   0 100   0   0   0   0   0   0   0   0   0   0  0.52 0.04
   36 G    0 -2 -1 -2 -3 -2 -2  6 -2 -4 -4 -2 -3 -3 -2  0 -2 -3 -3 -3    0   0   0   0   0   0   0 100   0   0   0   0   0   0   0   0   0   0   0   0  1.15 0.04
   37 I   -1 -3 -3 -3 -1 -3 -3 -4 -3  4  2 -3  1  0 -3 -3 -1 -2 -1  2    0   0   0   0   0   0   0   0   0  72  28   0   0   0   0   0   0   0   0   0  0.43 0.03
   38 A    2 -2 -1 -2 -2 -2 -2  5 -2 -3 -3 -1 -2 -3 -2  0 -1 -3 -3 -2   31   0   0   0   0   0   0  69   0   0   0   0   0   0   0   0   0   0   0   0  0.73 0.03
   39 G    0 -1  0 -1 -2 -1 -1  3 -1 -3 -3 -1 -2 -3  3  3  0 -3 -2 -2    0   0   0   0   0   0   0  31   0   0   0   0   0   0  16  53   0   0   0   0  0.51 0.03
   40 I    1 -2 -2 -2 -1 -2 -2 -2 -2  3  0 -2  0 -1 -2  0  2 -3 -2  2   16   0   0   0   0   0   0   0   0  41   0   0   0   0   0   0  33   0   0  10  0.21 0.02
   41 T   -1 -2 -1 -2 -1 -1 -2 -2 -2  2  0 -1  0 -1 -2  0  4 -3 -2  1    0   0   0   0   0   0   0   0   0  33   0   0   0   0   0   0  67   0   0   0  0.34 0.04
   42 I   -2 -3 -3 -3 -1 -3 -3 -4 -3  5  1 -3  1  0 -3 -3 -1 -3 -2  2    0   0   0   0   0   0   0   0   0 100   0   0   0   0   0   0   0   0   0   0  0.52 0.04
   43 T    1 -1  0 -1 -1  0  1 -2 -2 -1 -2 -1 -1 -2 -1  1  4 -3 -2 -1   10   0   0   0   0   0  16   0   0   0   0   0   0   0   0   0  74   0   0   0  0.41 0.04
   44 L   -1 -2 -3 -4 -1 -2 -3 -4 -3  2  4 -3  2  0 -3 -2 -1 -2 -1  2    0   0   0   0   0   0   0   0   0   0  81   0   0   0   0   0   0   0   0  19  0.44 0.03
   45 S    1 -1  0  0 -1  0  0 -1 -1 -3 -3  0 -2 -3 -1  4  1 -3 -2 -2    0   0   0   0   0   0   0   0   0   0   0   0   0   0   0 100   0   0   0   0  0.56 0.05
   46 L   -2 -2 -3 -3 -1 -1 -2 -4 -3  1  4 -2  2  0 -3 -2 -1 -2 -1  1    0   0   0   0   0   6   0   0   0   0  94   0   0   0   0   0   0   0   0   0  0.47 0.03
   47 C   -1 -3 -2 -2  6 -2 -2 -2 -3 -2 -2 -2 -2 -3  6 -1 -1 -3 -3 -2    0   0   0   0  31   0   0   0   0   0   0   0   0   0  69   0   0   0   0   0  1.49 0.05
   48 G    0 -2 -1 -2 -3 -2 -2  6 -2 -4 -4 -2 -3 -3 -2  0 -2 -3 -3 -3    0   0   0   0   0   0   0 100   0   0   0   0   0   0   0   0   0   0   0   0  1.15 0.04
   49 C   -1 -2 -2 -3  6 -2 -3 -3  0 -1 -1 -2 -1  2 -3  0 -1  0  5 -1    0   0   0   0  40   0   0   0   0   0   0   0   0  10   0  10   0   0  40   0  0.62 0.04
   50 A    4 -2 -2 -2 -1 -1 -1  0 -2 -2 -2 -1 -1 -2 -1  1  0 -3 -2  0  100   0   0   0   0   0   0   0   0   0   0   0   0   0   0   0   0   0   0   0  0.51 0.04
   51 N    0 -1  3  0 -1  0 -1 -1 -1 -2 -2  0 -1 -3 -1  2  3 -3 -2 -1    0   0  31   0   0   0   0   0   0   0   0   0   0   0   0  33  36   0   0   0  0.40 0.03
   52 A    2 -2 -3 -3 -1 -2 -2 -2 -3  2  0 -2  0 -1 -2 -1  0 -3 -1  3   31   0   0   0   0   0   0   0   0   0   0   0   0   0   0   0   0   0   0  69  0.28 0.03
   53 R   -2  5  0  2 -4  1  0 -2 -1 -3 -3  2 -2 -3 -2 -1 -1 -3 -2 -3    0  84   0  16   0   0   0   0   0   0   0   0   0   0   0   0   0   0   0   0  0.71 0.04
   54 A    2 -2 -2 -3 -1 -2 -2 -2 -1  1  0 -2  0  0 -2 -1  0 -1  2  3   31   0   0   0   0   0   0   0   0   0   0   0   0   0   0   0   0   0  16  53  0.21 0.03
   55 P   -1  1 -2 -3 -2 -1 -2 -3 -2  0  2 -1  1 -1  4 -2 -1 -2 -2  0    0  16   0   0   0   0   0   0   0   0  53   0   0   0  31   0   0   0   0   0  0.47 0.02
   56 T    0 -1  0 -1 -1 -1 -1 -2 -2 -1 -1 -1 -1 -2 -1  1  5 -3 -2  0    0   0   0   0   0   0   0   0   0   0   0   0   0   0   0   0 100   0   0   0  0.61 0.05
   57 L   -1 -2 -1 -2 -1 -1 -1 -2 -2  0  2 -1  0 -1 -2  0  4 -2 -2  0    0   0   0   0   0   0   0   0   0   0  31   0   0   0   0   0  69   0   0   0  0.35 0.03
   58 R   -2  6 -1 -2 -4  1  0 -3  0 -3 -2  2 -2 -3 -2 -1 -1 -3 -2 -3    0 100   0   0   0   0   0   0   0   0   0   0   0   0   0   0   0   0   0   0  0.90 0.05
   59 S    1 -1  0 -1 -1  0 -1 -1  0 -2 -2 -1 -2 -1 -1  4  1 -1  2 -2    0   0   0   0   0   0   0   0   0   0   0   0   0   0   0  84   0   0  16   0  0.42 0.04
   60 A    4 -2 -2 -2 -1 -1 -1  0 -2  0 -1 -1 -1 -2 -1  1  0 -3 -2  1   84   0   0   0   0   0   0   0   0   0   0   0   0   0   0   0   0   0   0  16  0.37 0.03
   61 T    0 -1  0 -1 -1 -1 -1 -2 -2 -1 -2 -1 -1 -3  4  2  4 -3 -2 -1    0   0   0   0   0   0   0   0   0   0   0   0   0   0  25  16  59   0   0   0  0.57 0.03
   62 A    4 -2 -2 -2 -1 -1 -1  0 -2 -1 -1 -1 -1 -2 -1  1  0 -3 -2  1   90   0   0   0   0   0   0   0   0   0   0   0   0   0   0   0   0   0   0  10  0.41 0.04
   63 D    1 -2  1  5 -3  0  2  1 -1 -3 -3 -1 -3 -3 -2  0 -1 -4 -3 -2   16   0   0  65   0   0   9  10   0   0   0   0   0   0   0   0   0   0   0   0  0.60 0.03
   64 N    1 -1  4  2 -2 -1  0 -1 -1 -2 -1 -1 -1 -2 -2  1  0 -3 -2 -2   20   0  42  16   0   0   0   0   0   0  11   0   0   0   0  11   0   0   0   0  0.30 0.03
   65 S    1 -1  0 -1 -1 -1 -1  3 -1 -3 -3 -1 -2 -3 -1  4  1 -3 -2 -2    0   0   0   0   0   0   0  27   0   0   0   0   0   0   0  73   0   0   0   0  0.51 0.05
   66 E   -1 -1  0  2 -4  1  4  1 -1 -3 -3  0 -2 -3 -2  0 -1 -3 -2 -3    0   0   0  11   0   0  73  16   0   0   0   0   0   0   0   0   0   0   0   0  0.63 0.05
   67 S    2 -1  0  2 -1 -1  0 -1 -1 -1 -2 -1 -1 -2 -1  2  0 -3 -2  1   37   0   4  20   0   0   0   0   0   0   0   0   0   0   0  23   0   0   0  16  0.22 0.03
   68 T    0 -1  0 -1 -1 -1 -1 -2 -2 -1 -2 -1 -1 -2 -1  1  5 -3 -2  0    0   0   0   0   0   0   0   0   0   0   0   0   0   0   0   0 100   0   0   0  0.66 0.08
   69 G    0 -3 -1 -2 -3 -2 -2  6 -2 -4 -4 -2 -3 -3 -2 -1 -2 -3 -3 -3    0   0   0   0   0   0   0 100   0   0   0   0   0   0   0   0   0   0   0   0  1.19 0.07
   70 F    0 -1  0 -1 -1 -1 -1 -1 -1 -2 -2 -1 -1  3 -2  4  1 -1  0 -2    0   0   0   0   0   0   0   0   0   0   0   0   0  27   0  73   0   0   0   0  0.37 0.06
   71 K   -1  4  0 -1 -3  1  0 -2 -1 -3 -2  3 -2 -3 -2  1 -1 -3 -2 -2    0  47   0   0   0   0   0   0   0   0   0  39   0   0   0  15   0   0   0   0  0.54 0.04
   72 N   -1  3  4  0 -2  0  0 -1  0 -3 -3  1 -2 -3 -2  2  0 -3 -2 -3    0  36  39   0   0   0   0   0   0   0   0   0   0   0   0  25   0   0   0   0  0.46 0.04
   73 V    2 -1 -2 -2 -1  2 -1 -1 -2  0  1 -1  0 -1 -2  0  0 -2 -2  2   37   0   0   0   0  20   0   0   0   0  16   0   0   0   0   0   0   0   0  27  0.16 0.03
   74 P   -1  0 -2 -2 -2  1 -1 -3 -2  0  2 -1  0 -1  4 -1 -1 -2 -2  1    0   9   0   0   0  11   0   0   0   0  37   0   0   0  27   0   0   0   0  16  0.36 0.03
   75 D   -2 -2  1  6 -4 -1  1 -2 -1 -3 -4 -1 -3 -4 -2 -1 -1 -4 -3 -3    0   0   0 100   0   0   0   0   0   0   0   0   0   0   0   0   0   0   0   0  1.13 0.08
   76 L   -1 -3 -3 -4  5 -2 -3 -4 -3  1  4 -3  1  0 -3 -2 -1 -2 -1  0    0   0   0   0  20   0   0   0   0   0  80   0   0   0   0   0   0   0   0   0  0.51 0.05
   77 R   -1  5 -1 -2 -3  0 -1 -2 -1 -3 -3  1 -2 -3  3  1 -1 -3 -2 -3    0  64   0   0   0   0   0   0   0   0   0   0   0   0  20  16   0   0   0   0  0.65 0.05
   78 T   -1 -1  0 -1 -2  0 -1 -2  5 -1 -1 -1  1 -1 -1  0  3 -2  0 -1    1   1   1   1   0   1   1   1  36   1   1   1  12   1   1   1  39   0   0   1  0.31 0.04
   79 D   -1  3  0  3 -3  0  0 -2 -1 -2 -2  1 -2 -3  4 -1 -1 -3 -2 -2    1  37   1  28   0   1   1   1   0   1   1   1   0   1  23   1   1   0   0   1  0.50 0.03
   80 Q    0  4  0 -1 -2  3  0 -1  0 -2 -2  2 -1 -2 -1  0 -1 -2 -1 -2   13  39   1   1   0  28   1   1   0   1   1   9   0   1   1   1   1   0   0   1  0.37 0.03
   81 P    0 -1 -1 -1 -2  1 -1 -1  1 -2 -2 -1 -2 -3  6  0 -1 -3 -2 -2   13   1   1   1   0  11   1   1   5   1   1   1   0   1  60   1   1   0   0   1  1.02 0.04
   82 K   -1  4 -1 -1 -3  1  0 -2 -1 -3 -3  4 -2 -3 -2 -1 -1 -3 -2 -3    0  47   0   0   0   0   0   0   0   0   0  53   0   0   0   0   0   0   0   0  0.65 0.05
   83 P   -1  4 -1 -1 -3  0 -1 -2 -1 -3 -2  1 -2 -3  4  1  1 -3 -2 -2    0  47   0   0   0   0   0   0   0   0   0   0   0   0  27  15  11   0   0   0  0.60 0.04
   84 P   -1 -2 -1 -1 -2 -1 -1 -2 -2 -1  0 -1 -1 -2  5  0  3 -2 -2 -1    1   1   1   1   0   0   1   1   0   1  12   1   0   0  42   1  37   0   0   1  0.68 0.04
   85 S    0  1  0  0 -2  3  1 -1  0 -2 -2  1 -1 -2 -1  2  0 -2 -2 -2    1  12   1   1   0  24  11   1   0   1   1   1   0   0   1  44   1   0   0   1  0.32 0.03
   86 K    0  1  0 -1 -2  0  0 -1 -1 -2 -2  3 -1 -2  2  2  0 -3 -2 -2    1   1   1   1   0   0   1   1   0   1   1  42   0   0  11  37   1   0   0   1  0.34 0.03
   87 K   -1  4 -1 -1 -3  0  0 -2 -1 -3 -3  3 -2 -3  5 -1 -1 -3 -2 -3    0  37   0   0   0   0   0   0   0   0   0  27   0   0  36   0   0   0   0   0  0.79 0.05
   88 R   -1  4 -1  0 -4  1  3 -2  0 -3 -3  2 -2 -3 -2 -1 -1 -3 -2 -3    0  49   0   0   0   0  36   0   0   0   0  15   0   0   0   0   0   0   0   0  0.59 0.05
   89 S    0 -2 -1 -2 -1 -2 -2 -2 -2  3  0 -2  0 -1 -2  2  0 -3 -2  1    0   0   0   0   0   0   0   0   0  58   0   0   0   0   0  42   0   0   0   0  0.23 0.05
   90 C   -1 -2 -2 -3  7 -2 -2 -2 -1 -1  0 -2 -1 -1 -3  1 -1 -1  2 -1    0   0   0   0  53   0   0   0   0   0  11   0   0   0   0  20   0   0  16   0  0.61 0.05
   91 D    0 -2 -1  3 -1 -1 -1 -2 -2  2  0 -1  0 -2 -2  1  0 -3 -2  2   11   0   0  27   0   0   0   0   0  20   0   0   0   0   0  15   0   0   0  27  0.16 0.02
   92 P    0 -2 -1  2  4 -1 -1  2 -2 -3 -3 -1 -2 -3  4  0 -1 -3 -3 -2   11   0   0  22  15   0   0  25   0   0   0   0   0   0  27   0   0   0   0   0  0.55 0.03
   93 S    1 -2 -1 -2  5 -2 -2 -2 -2 -1  0 -2 -1  2 -2  1  0  5  0 -1   15   0   0   0  22   0   0   0   0   0   9   0   0  16   0  27   0  11   0   0  0.31 0.03
   94 E    2 -1 -1  0 -1  0  2 -1 -1 -1  0  0 -1 -2 -1  2  0 -3 -2 -1   27   0   0   0   0   0  27   0   0   0  15   0   0   0   0  32   0   0   0   0  0.22 0.03
   95 Y    2 -2 -2 -2  5 -2 -2 -2 -1 -1 -1 -2 -1  0 -2  1 -1 -1  3  0   25   0   0   0  26   0   0   0   0   0   0   0   0   0   0  11   0   0  27  11  0.32 0.04
   96 R   -1  3 -1 -2 -2  0 -1 -3 -1  0  1  2  0 -2 -2 -1 -1 -3 -2  0    0  36   0   0   0   0   0   0   0   0  25  27   0   0   0   0   0   0   0  11  0.27 0.03
   97 V   -1 -1  2  0 -2  0  3 -2 -1  0 -1  0 -1 -2 -2 -1 -1 -3 -2  2    0   0  15   0   0   0  47   0   0   0   0   0   0   0   0   0   0   0   0  38  0.28 0.04
   98 S    0  0  1 -1 -2  0  0 -1 -1 -2 -1  2 -1 -2  2  2  1 -3 -2 -2    0   0  11   0   0   0   0   0   0   0   9  31   0   0  11  27  11   0   0   0  0.25 0.03
   99 E   -1  1 -1  0 -3  3  4 -2  0 -2 -1  1 -1 -3 -2 -1 -1 -3 -2 -2    0   8   0   0   0  28  53   0   0   0  11   0   0   0   0   0   0   0   0   0  0.49 0.04
  100 L   -1  0  2 -1 -3  4  0 -2  2 -1  1  0  0 -2 -2 -1 -1 -2 -1 -1    0   0  15   0   0  49   0   0   9   0  27   0   0   0   0   0   0   0   0   0  0.30 0.05
  101 K    1  1  2  0 -3  1  0 -1 -1 -3 -3  4 -2 -3 -1  0 -1 -3 -2 -2   15   0  21   0   0   0   0   0   0   0   0  65   0   0   0   0   0   0   0   0  0.41 0.05
  102 E   -1  2  0  1 -4  3  5 -2  0 -3 -3  1 -2 -3 -1  0 -1 -3 -2 -3    0  11   0   0   0  15  74   0   0   0   0   0   0   0   0   0   0   0   0   0  0.69 0.06
  103 S   -1  0  4  1 -2  0  1 -1  0 -3 -3  1 -2 -3 -2  2  0 -3 -2 -3    0   0  47   0   0   0  15   0   0   0   0  11   0   0   0  27   0   0   0   0  0.45 0.04
  104 L   -1 -2 -3 -3 -2 -2 -3  1 -3  1  3 -3  1  0 -3 -2 -2  5 -1  0    0   0   0   0   0   0   0  15   0   0  74   0   0   0   0   0   0  11   0   0  0.41 0.04
  105 T   -1 -3 -2 -3 -2 -3 -3  1 -3  4  1 -2  0 -1 -3 -2  0 -3 -2  2    0   0   0   0   0   0   0  17   0  78   0   0   0   0   0   0   5   0   0   0  0.30 0.04
  106 T    0 -1  0 -1 -1 -1 -1 -2 -2 -1 -2 -1 -1 -2 -1  2  5 -3 -2  0    0   0   0   0   0   0   0   0   0   0   0   0   0   0   0  17  83   0   0   0  0.53 0.05
  107 T    0 -1  2 -1  3 -1 -1 -1 -1 -1  0 -1  0 -2 -2  2  2 -3 -2 -1    0   0  17   0  11   0   0   0   0   0  18   0   0   0   0  24  30   0   0   0  0.22 0.02
  108 T   -1  3  0 -1 -2  0 -1 -2 -1 -2 -2  1 -1 -3 -1  1  4 -3 -2 -1    0  29   0   0   0   0   0   0   0   0   0  11   0   0   0   0  60   0   0   0  0.40 0.04
  109 P    0 -1 -1  0 -2  0  2 -2 -1 -2 -2  0 -2 -3  4  2  2 -3 -2 -2    0   0   0   0   0   0  21   0   0   0   0   0   0   0  33  20  26   0   0   0  0.60 0.02
  110 S    0  0  1  0 -2  1  2 -1 -1  0 -2  2 -1 -2 -1  2  0 -3 -2 -1    0   0  10   0   0   0  24   0   0  13   0  20   0   0   0  33   0   0   0   0  0.22 0.02
  111 R   -1  4 -1 -2 -3  0 -1  2 -1 -2  0  2 -1 -2 -2 -1 -1 -3 -2 -2    0  52   0   0   0   0   0  21   0   0  13  14   0   0   0   0   0   0   0   0  0.36 0.02
  112 P    0 -2 -1 -1 -2 -1  1 -2 -2 -2  0 -1 -1 -2  6  1  0 -3 -2 -2    0   0   0   0   0   0  13   0   0   0  14   0   0   0  53  20   0   0   0   0  0.86 0.03
  113 R   -1  4 -1 -1 -3  0  0 -2 -1 -3 -3  2 -2 -3  5 -1 -1 -3 -2 -3    0  45   0   0   0   0   0   0   0   0   0  20   0   0  35   0   0   0   0   0  0.78 0.03
  114 T   -1  0 -1 -1 -2  0  1 -2 -1  1 -1  2 -1 -2 -1  0  2 -3 -2  0    0   0   0   0   0   0  14   0   0  21   0  34   0   0   0   0  31   0   0   0  0.18 0.02
  115 A    3  3 -1 -2 -2  0  0 -1 -1 -2 -2  2 -1 -3 -1  0 -1 -3 -2 -1   52  38   0   0   0   0   0   0   0   0   0  11   0   0   0   0   0   0   0   0  0.35 0.03
  116 R   -1  4 -1 -1 -3  1  0 -2 -1 -2  0  4 -1 -2 -2 -1 -1 -3 -2 -2    0  31   0   0   0   0   0   0   0   0  13  55   0   0   0   0   0   0   0   0  0.42 0.03
  117 R   -2  5 -1 -2 -3  1  0 -3 -1 -2  0  2 -1 -2 -2 -1 -1 -3 -2 -2    0  86   0   0   0   0   0   0   0   0  14   0   0   0   0   0   0   0   0   0  0.62 0.03
  118 C   -1  3 -2 -3  7 -1 -2 -2 -2 -2 -2  0 -1 -3 -2 -1 -1 -2 -2 -1    0  42   0   0  58   0   0   0   0   0   0   0   0   0   0   0   0   0   0   0  0.66 0.01
  119 I   -1 -3 -3 -3 -1 -2 -3 -4 -3  3  3 -3  2  0 -3 -2 -1 -2 -1  2    0   0   0   0   0   0   0   0   0  58  42   0   0   0   0   0   0   0   0   0  0.36 0.00
  120 R   -1  5  0 -2 -3  1  0 -2  0 -3 -2  2 -1 -3 -2 -1 -1 -3 -2 -2    0 100   0   0   0   0   0   0   0   0   0   0   0   0   0   0   0   0   0   0  0.74 0.00
  121 L   -1 -2 -3 -4 -1 -2 -3 -4 -3  2  4 -2  2  0 -3 -2 -1 -2 -1  1    0   0   0   0   0   0   0   0   0   0 100   0   0   0   0   0   0   0   0   0  0.45 0.00

                      K         Lambda
Standard Ungapped    0.1291     0.3138
Standard Gapped      0.0359     0.2670
PSI Ungapped         0.1215     0.2982
PSI Gapped           0.0359     0.2670
