
Last position-specific scoring matrix computed, weighted observed percentages rounded down, information per position, and relative weight of gapless real matches to pseudocounts
           A  R  N  D  C  Q  E  G  H  I  L  K  M  F  P  S  T  W  Y  V   A   R   N   D   C   Q   E   G   H   I   L   K   M   F   P   S   T   W   Y   V
    1 M   -2 -2 -3 -4 -2 -1 -3 -4 -3  0  2 -2  8 -1 -3 -2 -2 -2 -2  0    0   0   0   0   0   0   0   0   0   0   7   0  93   0   0   0   0   0   0   0  1.01 0.16
    2 S    1 -2  0 -1 -2 -1 -1  0 -2 -2 -2 -1 -2 -2  0  4  2  1 -1 -1    9   0   0   0   0   0   0   3   0   0   2   0   0   1   4  62  13   3   1   1  0.41 0.09
    3 R    0  6 -1 -2 -4  0 -1 -3 -1 -2 -2  2 -2 -3 -3 -1 -2 -3 -2 -3    8  82   0   0   0   0   0   0   0   3   4   3   0   0   0   1   0   0   0   0  0.85 0.13
    4 R   -2  6 -1  0 -1  0 -1 -3 -1 -4 -3  1 -2 -4 -3  0 -2 -4 -3 -3    0  84   1   5   2   0   0   0   0   0   0   2   1   0   0   5   0   0   0   0  0.96 0.15
    5 R   -2  5 -1 -1 -4  1  0 -2 -1 -3 -1  3 -2 -3 -2 -1 -2 -3 -2 -3    0  59   0   1   0   6   4   1   0   0   6  18   0   0   0   1   0   0   0   0  0.63 0.11
    6 F   -1 -1 -2 -3 -2 -1 -1 -2 -1  0  2 -2  1  5  1 -1  0 -1  1  0    2   2   0   0   0   2   5   1   1   2  21   0   4  38   8   6   5   0   0   3  0.25 0.07
    7 D   -1  0  0  4 -4  1  4 -2 -1 -4 -4  0 -3 -4  2 -1 -1 -4 -3 -3    3   3   2  36   0   6  36   1   0   0   0   1   0   0   9   1   2   0   0   0  0.64 0.10
    8 C    0 -2  2 -1  5 -1 -1 -1 -2 -2 -2 -1 -2 -3  0  2  2 -3 -2 -1    6   0  15   0  21   0   4   3   0   1   2   0   0   0   5  22  17   0   1   2  0.33 0.08
    9 R   -1  4 -1 -2  0  0  0 -2 -1 -3 -2  2  0 -3  1  0  2 -3 -2 -2    1  41   1   0   2   1   4   0   0   0   1  13   5   0   8   7  17   0   0   0  0.42 0.10
   10 S    0 -1  2  0 -1  0  0 -1 -1 -3 -3 -1  0 -3  0  4  1 -3 -2 -2    2   1  10   3   1   4   2   3   1   0   0   0   4   0   4  59   3   0   1   2  0.41 0.12
   11 I   -1  0 -1 -2 -1  0 -2 -1 -1  2  2 -1  1 -1 -1 -1  0 -3 -2  1    5   7   2   1   1   6   0   5   2  28  23   4   1   1   3   1   4   0   0   7  0.09 0.04
   12 S    0  1  1 -1 -2  1 -1 -1 -2 -2 -2  0 -2 -3  4  3  0 -3 -3 -2    7   7   5   0   0   8   1   1   0   1   2   2   0   1  24  36   4   0   0   1  0.45 0.10
   13 G    1 -2 -1 -2  0 -1 -2  6 -2 -4 -4 -1 -3 -4 -1  0 -1 -3 -4 -3   14   2   0   0   2   3   0  70   0   0   0   1   0   0   2   4   2   0   0   0  0.88 0.15
   14 L   -1 -2 -2 -3 -2 -2 -3  1  3  1  3 -2  2 -1 -3 -1 -2 -3 -1  0    2   0   0   0   0   1   0  15  11   6  49   0   8   0   0   6   0   0   0   3  0.29 0.10
   15 L   -2 -2 -4 -4 -2 -2 -3 -3 -3  1  4 -3  5 -1 -4 -1 -1 -3 -2  0    0   1   0   0   0   0   0   2   0   3  64   0  21   0   0   5   1   0   0   3  0.61 0.15
   16 T    1  1 -1 -2 -1  0 -1 -1 -2  0  1  0  0 -1  0  1  2 -3 -2  0   15   9   0   1   0   3   0   2   0   1  20   7   1   2   5  10  17   0   0   7  0.10 0.05
   17 T    0 -2 -1  1  1 -1  1  0 -1 -2 -2 -1 -2 -3  2  1  4 -3 -3 -1    3   1   0   9   3   1  11   5   1   2   2   0   0   0  11  12  39   0   0   0  0.33 0.10
   18 T   -1 -1  0  0 -2  0  2 -2 -2  0 -1  0 -1 -3  2  1  2 -3 -2 -1    2   1   2   5   0   1  17   1   0   8   6   5   0   0  10  13  26   0   0   2  0.21 0.07
   19 P   -1 -2 -1 -2 -2 -2 -2  0 -2  2  0 -2  0 -2  5 -1 -1 -3 -2  0    3   1   4   0   1   1   2   9   0  25  11   1   3   1  30   4   3   0   0   2  0.38 0.08
   20 Q   -1  2 -1 -1 -3  4  1 -3  3 -3 -2  1  3 -3 -2  0 -1 -3 -1 -2    1  16   1   1   0  34   6   0   9   0   0   7  14   0   1   5   3   0   1   0  0.44 0.13
   21 I    1  2  0 -2 -2 -1 -1 -2 -2 -1 -2 -1 -1 -2 -1  1  4 -3 -2  0   15  13   2   0   0   0   2   0   0   3   0   1   1   1   1   8  43   0   0   8  0.32 0.12
   22 P    1  1 -2 -2 -2  0 -1 -3  0 -1  1 -1  0 -2  5 -1 -1 -3 -2  0   13   9   0   1   0   6   1   0   2   1  19   2   1   0  32   3   2   0   0   8  0.43 0.09
   23 I   -2 -3 -4 -3 -2 -3  0 -4 -3  4  1 -3  2  4 -3 -3 -2 -2  0  2    0   0   0   0   0   0   8   0   0  42   2   0   7  24   0   0   0   0   1  14  0.46 0.14
   24 K   -2  5  0 -2  1  0 -1 -3  0 -3 -2  4 -2 -3 -3  0 -1 -4 -3 -3    0  40   3   0   4   2   0   0   2   1   2  39   0   1   0   5   1   0   0   0  0.65 0.16
   25 M   -1 -1  0 -2 -3  3  0 -2 -2 -2 -1  2  2 -2 -1  1  4 -3 -2 -2    2   0   2   0   0  24   2   0   0   1   2  13  10   1   2   6  35   0   0   0  0.37 0.14
   26 E   -1 -1 -1  3 -4  4  5 -2 -1 -4 -4  0 -3 -4 -2 -1 -2 -4 -3 -3    3   0   0  20   0  27  46   2   0   0   0   0   0   0   1   0   0   0   0   0  0.81 0.18
   27 N   -1 -1  3  0 -3 -1 -1 -2 -2 -4 -3  1 -3 -4  6  0  1 -4 -3 -3    1   1  24   2   0   0   0   1   0   0   1  13   0   0  41   6   9   0   0   0  0.84 0.15
   28 F   -2 -4 -4 -4 -3 -4 -4 -4 -3  2  2 -4  1  5 -3 -3 -2 -1  1  2    0   0   0   0   0   0   0   0   0   9  21   0   3  44   0   0   0   0   0  23  0.63 0.14
   29 N   -1  0  2  1 -3  2  4 -1  3 -3 -3  0 -2 -3 -2  0  2 -3 -1 -3    4   2  12   6   0   8  35   2   8   0   1   2   0   0   0   3  15   0   1   0  0.39 0.11
   30 N   -1 -1  3  4 -3  0  2 -1  0 -3 -4  0 -3 -4 -2  1  0 -4 -3 -3    3   1  20  36   0   0  16   1   1   1   0   3   0   0   0  14   3   0   0   1  0.55 0.12
   31 F   -1  0  0 -2 -1 -2 -2 -2  1  0  1 -1  0  4 -3 -1  0  0  2  1    2   5   5   1   1   0   0   2   4   2  13   5   0  31   0   6   5   0   4  13  0.17 0.07
   32 Y   -4 -4 -4 -5 -4 -3 -4 -5  0 -3 -2 -4 -3  2 -4 -3 -3  1  9 -3    0   0   0   0   0   0   0   0   0   0   0   0   0   4   1   1   0   0  94   0  1.99 0.33
   33 I   -1 -1  0  2 -3  0  3 -2 -1 -2 -2 -1  0 -3 -2  1  2 -1 -3 -2    1   1   3  15   0   1  33   0   0   1   2   0   4   0   0  14  20   1   0   2  0.37 0.11
   34 L   -2 -3 -4 -4 -2 -3 -4 -4 -4  4  3 -3  2 -1 -3 -3 -1 -3 -2  3    0   0   0   0   0   0   0   0   0  30  34   0   5   1   0   0   0   0   0  29  0.53 0.12
   35 T    0 -1  0  1 -1  1  2 -2 -1 -1 -1  0 -1 -2  1  1  2 -2 -2  0    2   1   1   6   1   6  24   2   1   1   4   1   1   1   6  13  21   0   1   6  0.21 0.06
   36 S    0 -2 -1  0 -3 -1  0  5  0 -4 -3 -2 -3 -4  1  1 -1 -3 -3 -3    1   0   1   3   0   2   8  53   3   0   2   0   0   0   8  17   1   0   0   0  0.60 0.12
   37 K   -1  2  0  0 -1  2  3 -2  0 -3 -3  3 -2 -3 -1 -1  0 -3 -2 -2    3  14   2   1   1   9  26   1   1   0   1  28   0   1   1   1   5   0   1   4  0.36 0.09
   38 E   -2 -2 -1  1 -4  0  6 -3 -2 -4 -4 -1 -3 -4  4 -1 -2 -4 -3 -4    0   0   1   2   0   1  74   0   0   0   0   0   0   0  19   1   1   0   1   0  1.05 0.20
   39 L   -3 -3 -4 -5 -2 -3 -4 -5 -3  2  4 -4  1  3 -3 -3 -2 -2 -1  0    0   0   0   0   0   0   0   0   0   8  71   0   0  19   0   0   0   0   0   0  0.70 0.15
   40 G    2 -3 -2 -2 -3 -2 -3  6 -3 -4 -4 -2 -3 -2 -3 -1 -2 -3 -3 -3   20   0   0   0   0   1   0  74   0   0   1   0   0   3   0   1   0   0   0   0  1.05 0.18
   41 R   -2  6 -1 -2 -4  0 -1 -3 -2 -4 -3  1 -2 -4 -3  2 -1 -4 -3 -3    0  73   0   0   0   0   0   0   0   0   0   0   0   0   0  25   0   0   0   0  1.02 0.21
   42 G   -1 -3 -2 -2 -4 -3 -3  7 -3 -5 -5 -3 -4 -4 -3 -1 -3 -4 -4 -4    0   0   0   0   0   0   0  97   0   0   0   0   0   0   0   0   0   0   0   0  1.59 0.22
   43 K   -2  2 -1 -2 -4  4  0 -3 -1 -4 -3  6 -2 -4 -2 -1 -2 -4 -3 -3    0   6   0   0   0  22   0   0   0   0   0  69   0   0   0   0   0   0   0   0  0.90 0.19
   44 F   -3 -4 -4 -4  1 -4 -4 -4 -2 -2 -1 -4 -1  7 -4 -3 -3  0  4 -2    0   0   0   0   4   0   0   0   0   0   0   0   0  80   0   1   0   0  12   0  1.34 0.22
   45 A    6 -3 -3 -3 -2 -2 -2  0 -3 -3 -3 -2 -2 -3 -2  0 -1 -4 -3 -1   92   0   0   0   0   0   0   4   0   0   0   0   0   0   0   1   0   0   0   0  0.92 0.21
   46 V    0 -3 -3 -3 -2 -2 -3 -3 -3  3  0 -3  0 -2 -3 -1  1 -3 -2  4    5   0   0   0   0   1   0   0   0  22   0   0   0   0   0   2  13   0   0  54  0.47 0.13
   47 V   -1 -4 -4 -4 -2 -3 -4 -4 -4  1  0 -3 -1 -2 -4 -3 -1 -4 -2  6    0   0   0   0   0   0   0   0   0   0   0   0   0   0   0   0   0   0   0  97  1.06 0.23
   48 R   -2  6 -1 -2 -4  0 -1 -3 -2 -4 -3  5 -2 -4 -3 -2 -2 -4 -3 -3    0  53   0   0   0   0   0   0   0   0   0  45   0   0   0   0   0   0   0   0  1.01 0.19
   49 Q   -2  4 -1 -2 -4  2  0 -3 -1 -4 -3  5 -2 -4 -2 -1 -2 -4 -3 -3    0  31   0   0   0   9   0   0   0   0   0  56   0   0   0   0   0   0   0   0  0.85 0.18
   50 C   -2 -5 -4 -5 11 -4 -5 -4 -4 -2 -2 -5 -3 -4 -4 -2 -2 -4 -3 -2    0   0   0   0  93   0   0   0   0   2   2   0   0   0   0   0   0   0   0   0  2.42 0.31
   51 I   -2  3 -2 -3 -1  0 -2 -3 -2  3  0  0  0 -2 -3 -2  0 -1 -2  2    1  31   0   0   1   2   0   0   0  29   2   4   2   0   0   0   5   1   0  22  0.31 0.11
   52 S    0 -1  1  1 -4  1  5 -2  3 -4 -3  1 -3 -4 -2  1 -1 -4 -2 -3    6   0   8   3   0   5  51   0  10   0   0   7   0   0   0   8   0   0   0   0  0.57 0.13
   53 K   -2  3  0 -2 -4  0  0 -3 -2 -3 -2  6 -2 -4 -2 -1 -2 -4 -3 -3    0  17   3   0   0   1   0   0   0   1   5  70   0   0   0   3   0   0   0   0  0.79 0.18
   54 S    1 -1  0  2  0  0  1  0  0 -2 -3  0 -2 -2 -2  3  1 -3 -2 -1   11   0   0  11   2   4   9   3   2   2   1   2   0   1   0  44   5   0   0   2  0.30 0.10
   55 T   -1 -2 -1 -2 -2 -2 -2 -2 -3 -2 -3 -2 -2 -3 -2  3  6 -4 -3 -2    0   0   0   0   0   0   0   0   0   0   0   0   0   0   0  27  71   0   0   0  0.88 0.21
   56 G   -1 -3  0 -2 -4 -2 -1  6 -3 -5 -5 -2 -4 -4 -3 -1 -3 -4 -4 -4    0   1   3   1   0   0   4  87   0   0   0   2   0   0   0   1   0   0   0   1  1.28 0.20
   57 Q   -1  2 -1 -2 -3  2  0 -3  0  0  0  3  0 -2 -2 -1  0 -3 -2  0    1  14   1   0   0  15   5   0   2   5  11  30   1   0   0   0   3   0   0  11  0.24 0.08
   58 E   -1 -1 -1  1 -4  3  5 -3  0 -3 -3  0 -2 -4 -2 -1 -2 -4 -3  0    3   0   0   3   0  14  67   0   1   0   0   1   0   0   1   0   0   0   0   9  0.79 0.17
   59 Y   -3 -3 -3 -4 -2 -3 -3 -4  1 -2 -2 -3 -2  5 -4 -3 -3  5  7 -1    0   0   0   0   0   0   0   0   2   0   0   0   0  29   0   0   0   9  52   5  1.16 0.20
   60 A    6 -3 -3 -3 -2 -2 -2 -1 -3 -3 -3 -2 -2 -3 -2  0 -1 -4 -3 -1   97   0   0   0   0   0   0   0   0   0   0   0   0   0   0   0   0   0   0   0  1.03 0.23
   61 A    6 -3 -3 -3 -2 -2 -2  0 -3 -3 -3 -2 -2 -3 -2  0 -1 -4 -3 -1   93   0   0   0   0   0   0   4   0   0   0   0   0   0   0   0   0   0   0   0  0.95 0.22
   62 K   -2  1 -1 -2 -4  0  0 -3 -2 -4 -4  7 -3 -4 -2 -1 -2 -4 -3 -3    0   0   0   0   0   0   0   0   0   0   0  95   0   0   0   0   0   0   0   0  1.20 0.24
   63 F   -3 -4 -4 -4  1 -4 -4 -4 -2 -1 -1 -4 -1  8 -4 -2 -3  0  2 -2    0   0   0   0   4   0   0   0   0   1   0   0   0  86   0   2   0   0   2   1  1.36 0.23
   64 L   -2 -3 -4 -4 -2 -3 -3 -4 -3  4  3 -3  4 -1 -3 -3 -2 -3 -2  1    0   0   0   0   0   0   0   0   0  38  41   0  15   0   0   0   0   0   0   3  0.58 0.13
   65 K   -2  6 -1 -2 -4  0 -1 -3 -1 -4 -3  5 -2 -4 -3 -2 -2 -4 -3 -3    0  53   0   0   0   0   0   0   0   0   0  44   0   0   0   0   0   0   0   0  0.99 0.18
   66 K   -2  1 -1 -2 -4  0  0 -3 -2 -4 -3  7 -3 -4 -2 -1 -2 -4 -3 -3    0   0   0   0   0   0   0   0   0   0   1  95   0   0   0   0   0   0   0   0  1.20 0.24
   67 R   -3  7 -2 -3 -5  0 -1 -4 -2 -4 -3  1 -3 -4 -3 -2 -2 -4 -3 -4    0  96   0   0   0   0   0   0   0   0   0   1   0   0   0   0   0   0   0   0  1.50 0.25
   68 R   -2  7 -1 -3 -4  1 -1 -3 -1 -4 -3  1 -3 -4 -3 -2 -2 -4 -3 -4    1  90   1   0   0   2   0   0   0   0   0   2   0   0   0   0   0   0   0   0  1.36 0.23
   69 R   -2  6 -1 -2 -4  0 -1 -3 -1 -4 -3  4 -1 -4 -3 -1 -2 -4 -3 -3    0  67   0   0   0   1   0   0   0   0   1  27   1   0   0   1   0   0   0   0  1.02 0.19
   70 G    1  0 -1 -2 -3 -2 -2  6 -3 -4 -4 -2 -3 -4 -3  0 -2 -3 -3 -3   13   6   1   0   0   0   0  71   0   0   0   0   0   0   0   7   0   0   0   1  0.93 0.15
   71 Q    0  1 -1 -2 -3  5  1 -1 -1 -1 -2  1  1 -3 -2 -1 -1 -3 -2  1    5   8   0   0   0  40   5   5   0   1   1  10   4   0   0   2   2   0   0  17  0.33 0.11
   72 D   -2  1  0  6 -3 -1  2 -2 -2 -3 -3 -1 -3 -4 -2  0 -1 -4 -3 -2    1   8   2  59   0   0  11   1   0   0   1   1   0   0   0   9   0   0   0   5  0.71 0.13
   73 C   -1 -2 -2 -3  9  0 -3 -3 -2 -1  0 -2 -1 -2 -3  0 -1 -3 -2  0    1   2   1   1  57   5   1   1   1   2  12   1   0   1   1   6   1   0   1   5  0.93 0.15
   74 R   -3  7 -2 -3 -4  0 -1 -3 -2 -4 -3  2 -1 -4 -3 -2 -2 -4 -3 -4    0  87   0   0   0   0   0   0   0   0   0   8   2   0   0   0   0   0   0   0  1.31 0.22
   75 A    2 -1 -1  0 -2  0  3 -1  1 -2 -1 -1  3 -2 -1  0 -1 -3 -2 -1   31   1   2   4   0   3  25   2   4   0   2   1  16   0   2   3   2   0   0   2  0.23 0.09
   76 E   -2 -1 -1  3 -5  1  6 -2 -1 -4 -4  0 -3 -4 -2 -1 -2 -4 -3 -3    0   0   1  13   0   2  80   2   0   0   0   0   0   0   0   0   0   0   0   1  1.07 0.20
   77 I    0 -4 -4 -4 -2 -3 -3 -4 -4  6  0 -3  0 -1 -3 -3 -2 -4 -2  2   10   0   0   0   0   0   1   0   0  78   0   0   0   0   0   0   0   0   0   9  0.75 0.17
   78 L   -2 -2 -3 -2 -2 -1  2 -4 -2  3  3 -2  2 -1 -3 -2 -1 -3 -2  1    1   1   0   0   0   1  20   0   0  24  43   0   5   1   0   0   0   0   0   4  0.33 0.10
   79 H   -3  4  1 -2 -4 -1 -1 -3  9 -5 -4 -1 -3 -3 -3 -2 -3 -4  0 -4    0  26   7   0   0   0   1   0  64   0   0   1   0   0   0   0   0   0   0   0  1.32 0.23
   80 E   -2 -1 -2  0 -5  1  7 -4 -1 -5 -4 -1 -3 -5 -3 -2 -2 -4 -3 -4    0   0   0   0   0   0  99   0   0   0   0   0   0   0   0   0   0   0   0   0  1.47 0.26
   81 I   -1 -4 -4 -4 -2 -3 -4 -4 -4  5  0 -3  2 -1 -3 -3 -1 -4 -2  4    2   0   0   0   0   0   0   0   0  47   0   0   8   0   0   0   0   0   0  42  0.68 0.15
   82 A    4 -2  0  0 -2 -2 -2  0 -2 -2 -2 -1 -2 -1 -2  1  0 -3 -2  0   66   1   6   4   0   0   0   2   1   0   0   0   0   2   0   8   3   0   1   5  0.45 0.14
   83 V   -1 -4 -4 -4 -2 -3 -4 -4 -4  4  0 -3  2 -2 -4 -3 -1 -4 -2  5    3   0   0   0   0   0   0   0   0  27   0   0   6   0   0   0   0   0   0  64  0.72 0.17
   84 L   -3 -3 -5 -5 -3 -3 -4 -5 -2  0  6 -4  1 -1 -4 -4 -2 -3 -2  0    0   0   0   0   0   0   0   0   1   0  99   0   0   0   0   0   0   0   0   0  1.03 0.21
   85 E   -2  2 -1  2 -4  3  5 -3 -1 -4 -3  1 -2 -4 -2 -1 -2 -4 -2 -3    0  10   0   9   0  12  60   0   0   0   1   4   1   0   0   0   0   0   1   0  0.77 0.16
   86 L    1 -2 -2 -2 -2  2  0 -3 -1  0  3 -1  2 -1 -3 -1 -1 -3 -2  0   14   0   1   0   0  16   5   0   1   3  48   0   5   0   0   4   1   0   0   2  0.25 0.10
   87 A    4 -2 -2 -3  1 -2 -2 -1 -3  1 -1 -2  1 -2 -2  1  1 -3 -2  1   54   0   0   0   3   0   0   1   0  12   3   0   4   0   0  10   7   0   0   6  0.34 0.11
   88 K    0  2 -1 -1 -2  3  1 -2  0 -2  0  2  0 -3 -2 -1 -1 -3 -2 -1   11  16   1   2   0  24   4   0   1   0  13  20   2   0   0   1   3   0   0   1  0.26 0.08
   89 S    1 -1  2  1  1 -1 -1 -1  5 -3 -2 -1 -2 -2  0  1 -1 -3 -1 -3   12   1  14   9   4   1   1   4  27   0   2   2   0   1   4  17   1   0   1   0  0.33 0.10
   90 C    0 -2  4 -1  6 -1 -1 -1  3 -2 -3 -1 -2 -3 -2  2 -1 -3 -2 -2    6   1  31   1  26   1   1   1   8   1   1   1   0   1   1  16   1   0   0   1  0.50 0.11
   91 P   -1 -2 -1 -2 -2  0 -1 -2  2 -3 -2 -2 -3 -4  7  1 -1 -4 -3 -3    4   1   2   0   1   4   2   2   6   0   4   0   0   0  61  10   1   0   0   0  1.18 0.16
   92 R   -3  5  3 -2 -4  0 -1 -2  3 -4 -3  0 -3 -1 -3 -2 -2  6  1 -4    0  44  22   0   0   1   0   1  10   0   0   1   0   1   0   0   0  14   6   0  0.77 0.16
   93 V   -2 -4 -4 -4 -2 -3 -4 -4 -4  4  2 -3  0 -1 -4 -3 -1 -4 -2  4    0   0   0   0   0   0   0   0   0  32  16   0   0   0   0   0   0   0   0  52  0.66 0.15
   94 I   -2 -4 -4 -4 -2 -4 -4 -5 -4  5  0 -4  0 -2 -4 -3 -1 -4 -2  5    0   0   0   0   0   0   0   0   0  50   0   0   0   0   0   0   0   0   0  50  0.83 0.18
   95 N   -1  0  5  1 -3  0 -1  0  0 -3 -3  1 -2 -4 -2  2  2 -4 -3 -3    3   5  39   7   0   1   0   4   1   0   0   7   1   0   0  16  16   0   0   0  0.45 0.11
   96 L   -3 -3 -5 -5 -3 -3 -4 -5 -4  0  6 -4  1  0 -4 -4 -2 -3 -2  0    0   0   0   0   0   0   0   0   0   0  99   0   0   1   0   0   0   0   0   0  1.05 0.21
   97 H   -3 -1 -1 -3 -5 -1 -2 -4 10 -3 -3 -1 -3 -2 -4 -2 -3 -3  2 -3    0   2   0   0   0   1   0   0  86   2   1   2   0   0   0   0   0   0   6   1  1.78 0.28
   98 E    0 -1 -1  4 -4  3  5 -3 -1 -4 -4  0 -3 -4 -2 -1 -2 -4 -3 -3    6   0   0  25   0  13  54   0   0   0   0   1   0   0   0   1   0   0   0   0  0.82 0.16
   99 V    0 -4 -4 -4 -2 -3 -4 -4 -4  2  0 -3  0 -2 -4 -3 -1 -4 -2  6    6   0   0   0   0   0   0   0   0   9   0   0   0   0   0   0   0   0   0  85  0.86 0.20
  100 Y   -3 -3 -4 -5 -4 -3 -4 -5  1 -2 -2 -4 -2  5 -5 -3 -3  1  8 -3    0   0   0   0   0   0   0   0   3   0   0   0   0  23   0   0   0   0  74   0  1.57 0.25
  101 E   -2 -2 -2  0 -5  1  7 -4 -2 -5 -4 -1 -4 -5 -3 -2 -2 -4 -4 -4    0   0   0   0   0   0 100   0   0   0   0   0   0   0   0   0   0   0   0   0  1.50 0.27
  102 N   -1 -2  4 -1 -2 -2 -2 -2 -1 -2 -3 -2  0 -3 -3  1  5 -4 -3 -2    0   0  30   0   0   0   0   0   1   0   0   0   3   0   0   5  62   0   0   0  0.79 0.20
  103 T    1  2  2  1 -3  0  0 -2  0 -3 -3  1 -2 -3  3  1  1 -4 -2 -2   14  14  11   6   0   2   1   0   2   0   1  10   0   0  19  10  11   0   0   0  0.34 0.07
  104 S   -1 -2  2 -1 -2 -1 -1 -2  3 -2 -3 -1 -2 -3 -2  3  5 -3 -2 -2    2   0  10   0   0   0   0   0  12   0   0   0   0   0   0  25  49   0   0   0  0.57 0.15
  105 E   -2 -2 -1  4 -5  0  6 -3 -2 -5 -4 -1 -4 -5 -2 -1 -2 -5 -4 -4    0   0   0  31   0   0  69   0   0   0   0   0   0   0   0   0   0   0   0   0  1.15 0.21
  106 I   -2 -3 -4 -4 -2 -3 -4 -4 -4  4  1 -3  5 -1 -4 -3 -1 -3 -2  3    0   0   0   0   0   0   0   0   0  36   7   0  30   1   0   0   0   0   0  26  0.64 0.15
  107 I   -1 -4 -3 -4 -2 -4 -4 -4 -4  5  0 -3  0 -2 -4 -3 -1 -4 -2  4    3   0   1   0   0   0   0   0   0  51   0   0   0   0   0   0   0   0   0  46  0.75 0.17
  108 L   -3 -3 -5 -5 -3 -3 -4 -5 -4  0  6 -4  1  0 -4 -4 -2 -3 -2  0    0   0   0   0   0   0   0   0   0   0  99   0   0   1   0   0   0   0   0   0  1.05 0.21
  109 I   -2 -4 -4 -4 -2 -3 -4 -4 -4  4  1 -3  1 -1 -4 -3 -1 -4 -2  5    0   0   0   0   0   0   0   0   0  32   6   0   1   0   0   0   0   0   0  61  0.74 0.16
  110 L   -3 -3 -4 -5 -2 -3 -4 -5 -4  0  5 -4  1 -1 -4 -3  0 -3 -2  0    0   0   0   0   0   0   0   0   0   0  94   0   1   0   0   0   5   0   0   0  0.93 0.19
  111 E   -2 -2 -2  0 -5  1  7 -3 -2 -5 -4 -1 -4 -5 -3 -2 -2 -4 -4 -4    0   0   0   0   0   1  99   1   0   0   0   0   0   0   0   0   0   0   0   0  1.47 0.27
  112 Y   -3 -3 -4 -4  2 -3 -3 -4 -1 -1  3 -3  1  2 -4 -3 -2  0  6 -1    0   0   0   0   7   0   0   0   0   0  37   0   5   3   0   0   0   0  49   0  0.78 0.16
  113 A    5 -3 -3 -3  2 -2 -2 -1 -3 -1 -2 -2 -1 -3 -2  0 -1 -4 -3  2   69   0   0   0   5   0   0   0   0   0   0   0   0   0   0   3   0   0   0  23  0.58 0.15
  114 A    4 -2 -2 -2  0 -1 -2 -1 -2 -1 -3 -1 -2 -3  2  3  0 -4 -3 -1   59   1   0   1   1   0   0   0   0   3   0   1   0   0   9  25   1   0   0   1  0.52 0.13
  115 G   -1 -2 -2 -2 -4 -3 -3  7 -3 -5 -5 -3 -4 -4 -3 -1 -3 -4 -4 -4    0   3   0   1   0   0   0  96   0   0   0   0   0   0   0   0   0   0   0   0  1.52 0.21
  116 G   -1 -3 -2 -3 -4 -3 -3  7 -3 -5 -5 -1 -4 -4 -3 -1 -3 -4 -4 -4    0   0   0   0   0   0   0  97   0   0   0   3   0   0   0   0   0   0   0   0  1.57 0.21
  117 E   -2 -1  0  1 -5  1  7 -3 -1 -5 -4  0 -3 -5 -2 -1 -2 -4 -3 -4    0   0   3   1   0   0  96   0   0   0   0   0   0   0   0   0   0   0   0   0  1.36 0.23
  118 I   -2 -4 -4 -4 -2 -3 -4 -5 -4  5  4 -4  1 -1 -4 -3 -2 -3 -2  1    0   0   0   0   0   0   0   0   0  49  47   0   1   0   0   0   0   0   0   3  0.68 0.14
  119 F   -3 -3 -3 -4 -4  2 -3 -4  0 -2 -1 -3 -1  7 -4 -2 -3 -1  1 -2    0   0   0   0   0  17   0   0   2   0   0   0   0  79   0   3   0   0   0   0  1.14 0.21
  120 S   -2  1  4  5 -4 -1  0 -2  1 -3 -3 -1  2 -2 -3 -1 -1 -4 -3 -3    0   9  24  46   0   1   2   0   4   0   0   0   9   3   0   2   1   0   0   0  0.61 0.13
  121 L   -2 -1 -1 -2 -3  3  0 -3  3  0  1 -1  0  3 -3 -2 -2 -2  0  0    0   0   2   0   0  25   5   0  10   5  22   0   0  21   0   0   0   0   1   7  0.25 0.09
  122 C   -2 -4 -4 -5  9 -4 -4 -4 -4 -1  3 -4 -1  0 -4 -2 -2 -3 -2 -1    0   0   0   0  58   0   0   0   0   1  35   0   0   4   0   0   0   0   0   2  1.21 0.19
  123 L    2 -2 -2 -2 -1 -2 -2 -2 -2  1  1 -2  0 -1 -2  0 -1 -2 -2  3   24   1   1   2   0   1   1   1   0   1  14   1   1   1   1   4   1   0   1  45  0.23 0.07
  124 P    2  0 -1 -1 -1  2  1 -1 -1 -1 -2  0 -1 -2  3  1  0 -2 -2  0   27   4   1   1   1  17   6   2   0   3   2   1   0   1  17   9   1   0   1   5  0.27 0.06
  125 E   -2 -1  0  5 -4  0  4 -2 -1 -4 -4  2 -3 -4 -2  0 -2 -4 -3 -4    0   0   1  43   0   0  31   1   0   0   0  21   0   0   0   3   0   0   0   0  0.75 0.14
  126 L   -1  3  0  0 -1  0  0 -1  0  0  1  1  0 -1 -1 -1 -1 -2 -1 -1    2  29   7   5   2   3   4   3   2   5  19   4   1   2   3   4   2   0   1   3  0.10 0.03
  127 A    0 -1  0  4 -2  1  3 -1  0 -2 -2  0 -2 -2 -1  0 -1 -2 -1 -2   12   2   3  29   1   5  22   2   3   2   3   5   1   1   2   3   2   0   1   2  0.29 0.04
  128 E   -2 -1 -1  3 -5  1  6 -3 -1 -4 -4  0 -3 -4 -2 -1 -2 -4 -3 -4    0   0   0  14   0   1  84   1   0   0   0   0   0   0   0   0   0   0   0   0  1.15 0.20
  129 M    2  0 -1 -2 -2 -1 -1  0 -2 -1  0 -1  2 -2 -2  2  0 -3 -2  0   29   6   0   0   0   0   1   4   0   1   7   0  10   1   0  28   3   0   0   9  0.19 0.07
  130 V   -2 -3 -4 -4 -2 -3 -3 -4 -3  2  2 -3  0  5  2 -3 -2 -1  0  1    0   0   0   0   0   0   0   0   0  11  31   0   0  36  10   1   0   0   0  11  0.46 0.10
  131 S    0 -1  0 -1 -1  0  1 -1 -1 -3 -3  2 -2 -3  2  3  2 -3 -2 -2    1   0   1   1   1   0  11   3   1   0   0  20   0   0   8  35  17   0   0   0  0.35 0.09
  132 E   -2 -1 -1  0 -5  1  7 -3 -1 -4 -4  0 -3 -4 -2 -1 -2 -4 -3 -4    0   0   0   0   0   2  97   0   0   0   1   0   0   0   0   0   0   0   0   0  1.31 0.22
  133 N    0  2  1  1 -3  1  3 -1  0 -3 -3  3 -1 -3 -1  1  0 -3 -2 -2    4  10   7   5   0   2  24   3   2   0   0  28   2   0   1  10   2   0   0   1  0.33 0.07
  134 D   -2 -1  0  5 -4  3  4 -2  0 -4 -4 -1 -3 -4 -2 -1 -2 -4 -3 -3    1   0   0  51   0  14  29   0   2   0   1   0   0   0   0   0   0   0   0   1  0.84 0.14
  135 V    2 -3 -3 -3 -2 -3 -3 -3 -3  3  0 -2  0 -2 -3 -1 -1 -3 -2  4   27   0   0   0   0   0   0   0   0  20   0   1   0   0   0   0   1   0   0  50  0.44 0.12
  136 I    0  0 -2 -2 -2  1 -1 -3 -2  2 -1  1 -1 -2 -2  0  3 -3 -2  1   10   4   0   0   0  11   0   0   0  27   0   9   0   0   0   0  29   0   0   9  0.21 0.08
  137 R   -2  6 -1 -2 -4  2 -1 -3  0 -4 -3  1 -2 -4 -3  0 -1 -2 -3 -3    1  73   0   0   0   9   1   0   2   0   0   3   1   0   0   6   3   0   0   1  0.91 0.16
  138 L   -3 -3 -4 -5 -2 -3 -4 -5 -3  1  4 -4  1  4 -4 -3 -2 -2  0  0    0   0   0   0   0   0   0   0   0   1  71   0   0  26   0   0   0   0   1   1  0.72 0.14
  139 I   -1 -3 -4 -4 -2 -2 -3 -4 -3  4  2 -3  5 -1 -3 -3 -1 -3 -2  1    6   0   0   0   0   0   0   0   0  41  21   0  31   0   0   0   0   0   0   2  0.56 0.13
  140 K   -2  5 -1 -2 -4  1 -1 -2 -1 -3 -3  5 -2 -4 -2 -1 -2 -3 -3 -2    0  45   0   0   0   1   0   2   0   1   0  48   0   0   0   0   0   0   0   2  0.83 0.15
  141 Q   -2  0 -1 -2 -4  8  1 -3 -1 -4 -4  0 -2 -5 -3 -1 -2 -3 -3 -4    0   0   0   0   0  98   2   0   0   0   0   0   0   0   0   0   0   0   0   0  1.53 0.26
  142 I   -2 -4 -4 -4 -2 -4 -4 -5 -4  6  1 -4  1 -1 -4 -3  0 -4 -2  2    0   0   0   0   0   0   0   0   0  90   1   0   1   0   0   0   5   0   0   3  0.93 0.18
  143 L   -3 -3 -5 -5 -2 -3 -4 -5 -4  1  5 -4  2 -1 -4 -4 -2 -3 -2  0    0   0   0   0   0   0   0   0   0   1  97   0   1   0   0   0   0   0   0   0  0.94 0.17
  144 E   -2 -1  0  4 -4  1  5 -2 -1 -4 -4  0 -2 -4 -2 -1 -1 -4 -3 -2    0   0   3  25   0   1  60   2   0   0   0   1   1   0   0   1   3   0   0   3  0.77 0.14
  145 G    0 -3 -2 -2 -4 -3 -3  7 -3 -5 -5 -3 -4 -4 -3 -1 -3 -4 -4 -4    5   0   0   0   0   0   0  95   0   0   0   0   0   0   0   0   0   0   0   0  1.49 0.19
  146 V   -1 -4 -4 -4 -2 -3 -4 -4 -4  3  2 -3  0 -1 -3 -3 -1 -4 -2  5    0   0   0   0   0   0   0   0   0  11  15   0   0   0   0   0   0   0   0  74  0.69 0.15
  147 Y    2  0  2 -1  3  0 -1 -1  4 -2 -2 -1 -2 -1 -2  1 -1 -2  2 -1   23   3  13   0   9   5   0   1  19   1   3   0   0   0   0   9   1   0   9   4  0.22 0.07
  148 Y   -3 -3 -3 -4  2 -2 -3 -4  2 -2 -1 -3 -1  6 -4 -3 -3  0  6 -2    0   0   1   0   7   1   0   0   5   0   2   0   0  44   0   0   0   0  40   0  1.00 0.16
  149 L   -2 -3 -4 -5 -2 -3 -4 -5 -4  1  5 -3  1 -1 -4 -2 -2 -3 -2  0    0   0   0   0   0   0   0   0   0   0  97   0   0   0   0   2   0   0   0   0  0.91 0.17
  150 H   -3 -2 -1 -3 -5 -1 -2 -4 10 -5 -4 -2 -3 -3 -4 -2 -3 -4  0 -5    0   0   0   0   0   0   0   0 100   0   0   0   0   0   0   0   0   0   0   0  2.20 0.29
  151 Q    0  2  0  1 -2  3  1 -1  0 -3 -3  0 -1 -3 -2  2  1 -2 -2 -2    8  14   2   6   0  23  10   1   1   0   0   1   0   0   0  23   8   0   0   3  0.29 0.07
  152 N   -2  2  4 -1 -2  0 -1 -2  4 -2 -1  2 -1 -2 -3  0 -1 -4 -2 -3    0  10  38   0   1   1   0   0  14   1   8  21   1   1   0   4   2   0   0   0  0.42 0.10
  153 N   -2  1  6  2 -4  0 -1 -1  0 -4 -4  2 -3 -4 -3  0 -1 -5 -3 -4    0   5  65   9   0   1   0   1   1   0   0  14   0   0   0   4   0   0   0   0  0.84 0.15
  154 I   -2 -4 -4 -4 -2 -3 -4 -5 -4  5  1 -3  0 -1 -4 -3 -1 -4 -2  4    0   0   0   0   0   0   0   0   0  57   4   0   0   0   0   0   0   0   0  39  0.72 0.14
  155 V    3 -3 -3 -3 -2 -2 -3 -2 -3  1  0 -2 -1 -2 -3 -1  0 -4 -2  4   38   0   0   0   0   0   0   0   0   1   2   0   0   0   0   0   2   0   0  58  0.50 0.14
  156 H   -3 -2 -1 -3 -5 -1 -2 -4 10 -5 -4 -2 -3 -3 -4 -2 -3 -4  0 -5    0   0   0   0   0   0   0   0 100   0   0   0   0   0   0   0   0   0   0   0  2.20 0.29
  157 L   -3 -3 -4 -5 -2 -3 -4 -5 -3  0  5 -4  1  4 -4 -3 -2 -2  0  0    0   0   0   0   0   0   0   0   0   0  78   0   0  22   0   0   0   0   0   0  0.78 0.15
  158 D   -3 -3  0  7 -5 -2  0 -3 -2 -5 -5 -2 -5 -5 -3 -2 -2 -6 -5 -5    0   0   0 100   0   0   0   0   0   0   0   0   0   0   0   0   0   0   0   0  1.68 0.23
  159 L   -2 -3 -4 -5 -2 -3 -4 -5 -4  3  5 -3  1  0 -4 -3 -2 -3 -2  0    0   0   0   0   0   0   0   0   0  16  83   0   0   0   0   0   0   0   0   0  0.79 0.15
  160 K   -2  1 -1 -2 -4  0  0 -3 -2 -4 -4  7 -3 -4 -2 -1 -2 -4 -3 -4    0   0   0   0   0   0   0   0   0   0   0 100   0   0   0   0   0   0   0   0  1.24 0.22
  161 P   -2 -4 -3 -3 -4 -3 -3 -4 -4 -4 -4 -2 -4 -5  8 -2 -3 -5 -4 -4    0   0   0   0   0   0   0   0   0   0   0   0   0   0 100   0   0   0   0   0  2.60 0.26
  162 Q   -2  0 -1 -1 -4  7  3 -3 -1 -4 -4  0 -2 -5 -2 -1 -2 -3 -3 -4    0   0   0   0   0  77  22   0   0   0   0   0   0   0   0   1   0   0   0   0  1.19 0.22
  163 N   -3 -2  8  0 -4 -1 -2 -2 -1 -5 -5 -1 -4 -4 -3 -1 -1 -5 -4 -4    0   0 100   0   0   0   0   0   0   0   0   0   0   0   0   0   0   0   0   0  1.60 0.25
  164 I   -2 -4 -4 -4 -2 -4 -4 -5 -4  6  2 -4  1 -1 -4 -3 -2 -3 -2  2    0   0   0   0   0   0   0   0   0  80  16   0   2   0   0   0   0   0   0   2  0.84 0.16
  165 L   -2 -3 -4 -5 -2 -3 -4 -5 -4  1  5 -3  1 -1 -4 -3 -2 -3 -2  1    0   0   0   0   0   0   0   0   0   1  89   0   1   0   0   0   0   0   0  10  0.82 0.15
  166 L   -3 -3 -5 -5 -2 -3 -4 -5 -4  1  5 -4  1  0 -4 -4 -2 -3 -2  0    0   0   0   0   0   0   0   0   0   0  98   0   0   2   0   0   0   0   0   0  0.94 0.17
  167 S   -1 -2  0  3 -2 -1 -1 -2 -2 -2 -3 -1 -2 -3 -2  2  5 -4 -3 -2    0   0   0  21   0   0   0   0   0   0   1   0   0   0   0  19  60   0   0   0  0.66 0.15
  168 S    0  1  0 -1  1  0 -1  1 -1 -3 -3  3 -2 -3 -2  4  0 -4 -3 -3    1   4   3   1   3   1   0  11   1   0   0  24   0   0   0  51   0   0   0   0  0.43 0.12
  169 I    0 -1  2  1 -2  0  2 -2 -1  0 -1  0 -1 -2  1  0  0 -3 -2  0    8   0  19   8   0   1  19   1   0  12   7   4   0   1   7   5   5   0   0   3  0.15 0.05
  170 Y    0 -1  0 -2  0 -1 -2 -2  0  1  0 -1 -1  3 -2  1  0 -1  3  0    4   4   7   0   3   2   0   0   2  11   3   1   0  16   1  23   2   0  13   8  0.12 0.06
  171 P   -2 -3 -3 -3 -4 -3 -2 -3 -4 -4 -4 -2 -4 -4  8 -2 -2 -5 -4 -4    1   0   0   0   0   0   0   0   0   0   1   0   0   0  96   1   1   0   0   0  2.40 0.24
  172 L   -2 -2 -1  1 -2 -2 -1 -3  0  1  3 -2  1  0 -1 -2 -1 -2 -2  0    0   1   4  12   0   1   3   1   3  10  56   0   0   1   3   2   1   0   0   1  0.24 0.08
  173 G   -1 -3 -2 -2  4 -3 -3  5 -3 -4 -4 -2 -3 -4  4 -1 -1 -3 -3 -3    0   0   0   0  13   0   0  59   0   0   0   0   0   0  22   3   2   0   1   0  0.93 0.14
  174 D   -3  1  1  6 -5 -1  1 -3  4 -4 -4 -1 -4 -4 -3 -1 -2 -5 -2 -4    0   9   3  71   0   0   5   0  12   0   0   0   0   0   0   0   0   0   0   0  1.02 0.16
  175 I   -2 -4 -2 -4 -2 -4 -4 -5 -4  6  0 -4  0 -1 -4 -3 -1 -4 -2  3    0   0   2   0   0   0   0   0   0  75   0   0   0   0   0   0   0   0   0  23  0.80 0.16
  176 K   -2  3 -1 -2 -4  0  0 -3 -2 -3 -4  6 -2 -4 -2 -1 -2 -4 -3 -3    0   9   0   0   0   0   0   0   0   1   0  89   0   0   0   0   0   0   0   1  1.05 0.20
  177 I   -2 -4 -4 -4 -2 -3 -4 -5 -4  5  3 -4  1 -1 -4 -3 -2 -3 -2  1    0   0   0   0   0   0   0   0   0  56  42   0   0   0   0   0   0   0   0   2  0.69 0.14
  178 V   -1 -4 -4 -4  6 -3 -4 -4 -4  3  0 -4  0 -2 -4 -3 -1 -4 -2  4    0   0   0   0  24   0   0   0   0  22   0   0   0   0   0   0   0   0   0  54  0.73 0.14
  179 D   -3 -3  0  7 -5 -2  0 -3 -2 -5 -5 -2 -5 -5 -3 -2 -2 -6 -5 -5    0   0   0 100   0   0   0   0   0   0   0   0   0   0   0   0   0   0   0   0  1.68 0.23
  180 F   -4 -4 -4 -5 -4 -5 -5 -5 -3 -1  0 -4 -1  8 -5 -4 -3  0  2 -2    0   0   0   0   0   0   0   0   0   0   4   0   0  96   0   0   0   0   0   0  1.58 0.23
  181 G   -1 -4 -2 -3 -4 -3 -3  7 -3 -5 -5 -3 -4 -4 -3 -1 -3 -4 -4 -4    0   0   0   0   0   0   0 100   0   0   0   0   0   0   0   0   0   0   0   0  1.63 0.20
  182 M   -2 -3 -4 -4 -2 -3 -4 -4 -3  3  4 -3  4  1 -4 -3 -2 -2 -2  1    0   0   0   0   0   0   0   0   0  23  57   0  16   3   0   0   0   0   0   0  0.61 0.12
  183 S    3 -2 -1 -2  0 -1 -1 -1 -2 -3 -3 -1 -2 -3 -2  5  0 -4 -3 -2   35   0   0   0   1   0   0   0   0   0   0   0   0   0   0  64   0   0   0   0  0.69 0.16
  184 R   -3  6 -1 -3  1  0 -1 -3  5 -4 -3  1 -3 -4 -3 -2 -2 -4 -2 -4    0  74   0   0   4   0   0   0  22   0   0   0   0   0   0   0   0   0   0   0  1.12 0.19
  185 K   -2  2 -2 -2 -2  0  0 -3 -1  1  0  3  0 -1 -2 -1 -1 -2  2  0    0  14   0   0   1   1   6   0   1  15  11  33   2   0   0   0   1   0  10   5  0.20 0.07
  186 I   -2 -3 -4 -4 -1 -3 -4 -4 -4  4  2 -3  4 -1 -3 -3 -1 -3 -2  2    0   0   0   0   1   0   0   0   0  45  20   0  18   0   0   0   2   0   0  14  0.53 0.11
  187 G   -1  0  2  2 -2  1  3  2 -1 -4 -3  2 -2 -4 -2  1 -1 -4 -3 -3    0   1  10   8   1   2  27  19   0   0   1  16   0   0   0  14   1   0   0   0  0.35 0.07
  188 H    1 -1  3  3 -3  0  0 -1  2 -3 -3  0 -2 -3 -2  1  0 -4 -2 -2   11   0  25  20   0   2   3   1   8   0   0   6   1   0   0  16   6   0   1   0  0.34 0.07
  189 A    1 -2  1 -2  0 -2 -2  4 -1 -1 -2 -2 -2 -2 -2  2 -1 -3 -2  0   13   0   8   0   2   0   0  44   1   3   0   0   0   1   0  18   1   0   0   8  0.41 0.08
  190 C    1 -1  0 -1  3  0  2  0 -1  0 -2  0 -1 -3 -2  0  1 -3 -2  1   11   1   5   0   9   4  23   8   1   3   0   2   0   0   0   7   7   0   1  19  0.14 0.05
  191 E   -2 -1 -1  3 -5  1  6 -3 -1 -4 -4  0 -3 -5 -2 -1 -2 -4 -3 -4    0   0   0  16   0   0  84   0   0   0   0   0   0   0   0   0   0   0   0   0  1.17 0.19
  192 L   -2 -3 -4 -4 -2 -3 -4 -4 -3  3  3 -3  1  4 -4 -3 -2 -2  0  2    0   0   0   0   0   0   0   0   0  18  46   0   0  23   0   0   0   0   0  13  0.51 0.10
  193 R   -2  6 -1 -3 -3  0 -1 -3 -1 -4 -2  3 -2 -4 -3 -2 -2 -4 -3 -3    0  74   0   0   1   0   0   0   0   0   2  23   0   0   0   0   0   0   0   0  1.08 0.18
  194 E   -2 -1  3  1 -4  1  5 -3  0 -4 -4  0 -3 -4 -2 -1 -2 -4 -3 -4    0   0  21   4   0   4  69   0   2   0   0   0   0   0   0   1   0   0   0   0  0.90 0.16
  195 I   -3 -4 -5 -4 -2 -4 -5 -5 -5  7  0 -4  0 -1 -4 -4 -2 -4 -3  2    0   0   0   0   0   0   0   0   0 100   0   0   0   0   0   0   0   0   0   0  1.14 0.21
  196 M   -2 -3 -4 -4 -2 -2 -3 -4 -3  1  3 -3  5  4 -4 -3 -2 -2  0  1    0   0   0   0   0   1   0   0   0   7  28   0  35  22   0   0   1   0   0   6  0.55 0.12
  197 G   -1 -4 -2 -3 -4 -3 -3  7 -3 -5 -5 -3 -4 -4 -3 -1 -3 -4 -4 -4    0   0   0   0   0   0   0 100   0   0   0   0   0   0   0   0   0   0   0   0  1.63 0.20
  198 T   -1 -2 -1 -2 -2 -2 -2 -3 -3 -2 -3 -2 -2 -4 -2  0  7 -4 -3 -1    0   0   0   0   0   0   0   0   0   0   0   0   0   0   0   0 100   0   0   0  1.24 0.24
  199 P   -2 -3 -3 -3 -4 -3 -2 -4 -4 -3 -3 -2 -4 -5  8 -2  0 -5 -4 -3    0   0   0   0   0   0   0   0   0   1   1   0   0   0  94   0   5   0   0   0  2.33 0.24
  200 E   -2 -1 -1  4 -5  1  6 -3 -1 -4 -4 -1 -3 -5 -2 -1 -2 -4 -3 -4    0   0   0  26   0   0  74   0   0   0   0   0   0   0   0   0   0   0   0   0  1.11 0.18
  201 Y   -3 -3 -4 -5 -4 -3 -4 -4  0 -2 -2 -3 -2  5 -4 -3 -3  1  8 -2    0   0   0   0   0   0   0   0   0   0   0   0   0  23   0   0   0   0  77   0  1.54 0.22
  202 L   -1 -3 -4 -4 -2 -2 -3 -4 -4  2  2 -3  0 -2 -3 -3 -1 -4 -2  5    0   0   0   0   0   2   0   0   0   2  16   0   0   0   0   0   0   0   0  80  0.70 0.16
  203 A    6 -3 -3 -3 -2 -2 -2 -1 -3 -3 -3 -2 -2 -3 -2  1 -1 -4 -3 -1   97   0   0   0   0   0   0   0   0   0   0   0   0   0   0   3   0   0   0   0  0.95 0.20
  204 P   -2 -4 -3 -3 -4 -3 -3 -4 -4 -4 -3 -2 -4 -5  8 -2 -2 -5 -4 -4    0   0   0   0   0   0   0   0   0   0   2   0   0   0  98   0   0   0   0   0  2.48 0.25
  205 E   -2 -1 -2  0 -5  1  7 -3 -1 -5 -4  0 -3 -5 -2 -1 -2 -4 -3 -4    0   0   0   0   0   0 100   0   0   0   0   0   0   0   0   0   0   0   0   0  1.41 0.23
  206 I   -2 -4 -4 -4 -2 -4 -4 -5 -4  6  1 -4  0 -1 -4 -3 -1 -4 -2  3    0   0   0   0   0   0   0   0   0  74   0   0   0   0   0   0   1   0   0  25  0.84 0.16
  207 L   -2 -3 -4 -5 -2 -3 -4 -5 -4  1  5 -3  1 -1 -4 -3 -2 -3 -2  2    0   0   0   0   0   0   0   0   0   1  78   0   0   0   0   0   0   0   0  21  0.72 0.14
  208 N   -2 -2  6  1 -3  0 -1 -1  1 -4 -4 -1 -3 -4 -3  3 -1 -5 -3 -4    0   0  67   3   0   2   0   1   2   0   0   0   0   0   0  26   0   0   0   0  0.93 0.17
  209 Y   -3 -3 -4 -5 -4 -3 -4 -5  0 -3 -3 -3 -2  2 -5 -3 -3  1  9 -3    0   0   0   0   0   0   0   0   0   0   0   0   0   1   0   0   0   0  99   0  1.94 0.27
  210 D   -2 -2 -1  4 -5  0  6 -3 -1 -4 -4 -1 -3 -4 -2 -1 -2 -4 -3 -4    0   0   0  31   0   0  69   0   0   0   0   0   0   0   0   0   0   0   0   0  1.09 0.18
  211 P   -2 -3 -3 -3 -4 -2 -2 -3 -3 -4 -4 -2 -4 -5  8 -2 -2 -5 -4 -4    1   0   0   0   0   1   0   0   0   0   0   1   0   0  95   1   0   0   0   0  2.35 0.23
  212 I   -2 -4 -4 -4 -2 -3 -4 -5 -4  5  3 -3  1 -1 -4 -3 -2 -3 -2  1    0   0   0   0   0   0   0   0   0  71  26   0   0   0   0   0   0   0   0   0  0.74 0.15
  213 T    0 -2  0 -1 -2 -1 -1  3 -2 -3 -3 -1 -2 -3 -2  3  3 -3 -3 -2    0   1   2   1   0   0   0  25   0   0   0   0   0   0   0  42  28   0   0   0  0.51 0.12
  214 T   -2 -2 -2 -3 -2 -2 -3 -3 -3  0  3 -2  2 -1 -3 -1  4 -3 -2  0    0   0   0   0   0   0   0   0   0   3  44   0   6   0   0   0  45   0   0   1  0.46 0.13
  215 A    5 -2 -2 -2 -2  0  2 -1 -2 -3 -3 -1 -2 -3 -1  1 -1 -3 -1 -1   73   0   0   0   0   4  15   0   0   0   0   0   0   0   2   5   0   0   2   0  0.57 0.14
  216 T    2 -2 -1 -2 -2 -2 -2 -2 -3 -2 -2 -2 -2 -3 -2  1  6 -4 -3 -1   22   0   0   0   0   0   0   0   0   0   0   0   0   0   0   1  76   0   0   1  0.81 0.18
  217 D   -3 -3  0  7 -5 -2  0 -3 -2 -5 -5 -2 -5 -5 -3 -2 -2 -6 -5 -5    0   0   0 100   0   0   0   0   0   0   0   0   0   0   0   0   0   0   0   0  1.68 0.23
  218 M   -2 -3 -4 -5 -3 -2 -4 -4 -3  1  2 -3  9 -1 -4 -3 -2 -3 -2  0    0   0   0   0   0   0   0   0   0   4   7   0  89   0   0   0   0   0   0   0  1.40 0.26
  219 W   -4 -5 -6 -6 -4 -4 -5 -4 -4 -4 -3 -5 -3 -1 -6 -5 -4 12  1 -5    0   0   0   0   0   0   0   0   0   0   0   0   0   0   0   0   0  99   0   0  3.65 0.34
  220 N    0 -2  3 -1 -2 -1 -1 -1 -2 -4 -4 -1 -3 -4 -2  5  0 -4 -3 -3    0   0  16   0   0   0   0   0   0   0   0   0   0   0   0  84   1   0   0   0  0.87 0.19
  221 I   -2 -4 -4 -4 -2 -4 -4 -5 -4  6  1 -4  0 -1 -4 -3 -2 -4 -2  3    0   0   0   0   0   0   0   0   0  73   5   0   0   0   0   0   0   0   0  22  0.80 0.15
  222 G   -1 -4 -2 -3 -4 -3 -3  7 -3 -5 -5 -3 -4 -4 -3 -1 -3 -4 -4 -4    0   0   0   0   0   0   0 100   0   0   0   0   0   0   0   0   0   0   0   0  1.63 0.20
  223 I   -1 -4 -4 -4 -2 -3 -4 -4 -4  3  0 -3  0 -2 -4 -3 -1 -4 -2  6    0   0   0   0   0   0   0   0   0  10   0   0   0   0   0   0   0   0   0  90  0.90 0.18
  224 I   -2 -3 -4 -4 -2 -3 -4 -5 -4  4  4 -3  1 -1 -4 -3 -2 -3 -2  1    0   0   0   0   0   0   0   0   0  45  54   0   1   0   0   0   0   0   0   0  0.69 0.13
  225 A    3 -2 -1 -2 -2 -2 -2 -2 -3 -1  0 -2 -1 -2 -2  1  4 -3 -2  0   32   0   0   0   0   0   0   0   0   3  10   0   0   1   0   6  47   0   0   2  0.42 0.12
  226 Y   -3 -3 -4 -5 -2 -3 -4 -5  0 -3 -3 -3 -2  2 -5 -3 -3  1  9 -3    0   0   0   0   1   0   0   0   0   0   0   0   0   0   0   0   0   0  99   0  1.93 0.27
  227 M   -1 -3 -4 -4 -2 -2 -3 -4 -4  3  1 -3  5 -1 -3 -3 -1 -3 -2  4    0   0   0   0   0   1   0   0   0  22   0   0  25   0   0   0   0   0   0  51  0.62 0.14
  228 L   -2 -3 -4 -4 -2 -2 -3 -4 -3  1  4 -3  6 -1 -3 -3 -2 -2 -2  0    0   0   0   0   0   0   0   0   0   0  60   0  36   0   0   0   0   0   0   0  0.74 0.15
  229 L   -2 -3 -4 -4 -2 -3 -3 -4 -4  1  5 -3  1  0 -3 -3 -2 -2 -2  1    0   0   0   0   0   0   0   0   0   1  89   0   0   0   0   0   0   0   0   7  0.76 0.14
  230 T   -1 -2 -1 -2 -2 -1 -2 -2 -2 -2 -2 -1 -1 -3 -2  3  5 -3 -2 -1    0   0   0   0   0   0   0   0   0   1   0   0   0   0   0  29  66   0   0   0  0.73 0.16
  231 H    0 -2 -1 -2 -3  0 -2  6  2 -4 -4 -2 -3 -4 -3 -1 -1 -3 -3 -4    3   0   0   0   0   5   0  77   8   0   0   0   0   0   0   1   2   0   0   0  1.01 0.14
  232 T    2 -2 -2 -1  4 -1  2 -2  1  1 -1 -1 -1 -2 -2  0  0 -2  0  0   22   0   0   0  15   0  21   0   5  16   1   0   0   0   0   1   8   0   4   5  0.18 0.07
  233 S    0 -2  0 -1 -2 -1 -1 -1 -2 -3 -3 -1 -2 -3 -2  6  1 -4 -3 -3    0   0   0   0   0   0   0   0   0   0   0   0   0   0   0  93   3   0   0   0  0.93 0.19
  234 P   -2 -3 -3 -3 -4 -2 -2 -3 -3 -4 -4 -2 -4 -5  8 -2 -2 -5 -4 -3    0   0   0   0   0   0   0   0   0   0   0   0   0   0  95   0   0   0   0   0  2.39 0.23
  235 F   -3 -4 -4 -4 -3 -4 -4 -4 -2 -1 -1 -4 -1  8 -4 -3 -3  0  2 -2    0   0   0   0   0   0   0   0   0   0   0   0   0  95   0   0   0   0   0   0  1.53 0.22
  236 V    1 -2 -3 -2 -2 -2 -2  1 -3  0  3 -2  1 -1 -3 -1 -1 -2 -2  1   14   0   0   2   0   1   0  14   0   0  51   0   1   0   0   1   1   0   0  13  0.24 0.08
  237 G   -1 -2 -1 -2 -3 -3 -3  6 -3 -4 -4 -2 -3 -4 -3 -1 -2 -3 -4 -4    1   3   0   0   0   0   0  92   0   0   0   0   0   0   0   0   0   0   0   0  1.36 0.17
  238 E    0 -2  1  5 -4  0  4 -2 -1 -4 -4 -1 -3 -4 -2  0 -1 -4 -3 -3    9   0   4  50   0   0  31   0   0   0   0   1   0   0   0   2   0   0   0   0  0.75 0.12
  239 D   -1 -2  2  4 -3 -1  0 -2 -2 -3 -3 -1 -2 -3 -2  1  4 -4 -3 -2    0   0  14  36   0   1   2   1   0   0   0   0   0   0   0   6  39   0   0   0  0.57 0.12
  240 N   -2  1  2 -1 -4  1  0 -2 -1 -3 -3  6 -2 -4 -2 -1 -1 -4 -3 -3    0   0  11   0   0   2   0   0   1   1   0  80   0   0   0   0   1   0   0   1  0.82 0.16
  241 Q   -2  0 -1 -2 -4  8  1 -3  0 -4 -3  0 -2 -4 -2 -1 -2 -3 -3 -3    0   0   0   0   0  95   0   0   1   0   0   0   0   0   0   0   0   0   0   0  1.40 0.24
  242 E   -2 -1 -1  1 -4  1  6 -3 -1 -4 -4  0 -3 -4 -2 -1 -2 -4 -3 -3    0   0   0   2   0   3  89   1   0   0   0   1   0   0   0   0   0   0   0   0  1.14 0.19
  243 T   -1 -2 -1 -2 -2 -2 -2 -3 -3 -2 -2 -2 -2 -3 -2  0  7 -3 -3 -1    0   0   0   0   0   0   0   0   0   0   0   0   0   0   0   0  96   0   0   0  1.11 0.21
  244 Y   -3 -3 -3 -4 -3 -3 -3 -4 -1  0  2 -3  0  6 -4 -3 -2  0  4 -1    0   0   0   0   0   0   0   0   0   0  22   0   1  53   0   0   0   0  18   3  0.78 0.13
  245 L    1 -2 -3 -3  4 -2 -3 -2 -3  0  3 -2  0 -1 -3 -1  0  2 -2  0   13   1   0   0  15   0   0   3   0   0  56   0   0   0   0   2   6   3   0   0  0.36 0.09
  246 N   -3 -2  8  0 -4 -1 -1 -2 -1 -4 -4 -1 -3 -4 -3 -1 -1 -5 -3 -4    0   0  95   0   0   0   0   0   0   0   0   0   0   0   0   0   0   0   0   0  1.44 0.22
  247 I   -2 -4 -4 -4 -2 -4 -4 -4 -4  6  1 -3  0 -1 -3 -3 -2 -3 -2  2    0   0   0   0   0   0   0   0   0  87   0   0   0   0   0   0   0   0   0   9  0.87 0.17
  248 S    0 -2  0 -1 -2 -1 -1 -1 -2 -3 -3 -1 -2 -3 -2  5  3 -3 -3 -2    1   0   0   0   0   0   0   0   0   0   0   0   0   0   0  76  19   0   0   0  0.74 0.16
  249 Q    2  2 -1 -2 -3  6  0 -1  0 -3 -2  0 -1 -3 -2  0 -1 -3 -2 -2   21   9   1   0   0  57   0   2   1   0   3   1   0   0   0   3   0   0   0   0  0.60 0.14
  250 V   -1 -3 -3 -4  5 -3 -3 -1 -3  2  0 -3  3 -2 -3 -2 -1 -3 -2  4    2   0   0   0  15   0   0   4   0   6   5   0  15   0   0   1   0   0   0  49  0.45 0.13
  251 N   -1  1  6  0 -2 -1 -1 -2  0 -3 -4  0 -3 -4 -3  1  0 -4 -3 -3    2   9  66   1   1   0   0   0   0   2   1   6   0   0   0   8   2   0   0   0  0.80 0.17
  252 V   -1 -3 -3 -4 -2 -3 -3 -4 -2  2  3 -3  0  1 -3 -2 -1 -1  4  3    2   0   0   0   0   0   0   0   0   7  33   0   0   1   0   0   0   0  21  32  0.41 0.11
  253 D   -2 -2  1  6 -3  0  2 -2 -2 -4 -4 -1 -3 -4 -2  2  0 -4 -3 -3    0   0   4  55   0   1  14   0   0   0   1   0   0   0   0  18   3   0   0   0  0.76 0.15
  254 Y   -3 -3 -3 -4 -3 -3 -3 -4 -1 -2 -1 -3 -2  6 -4 -3 -3  0  7 -2    0   0   0   0   0   0   0   0   0   0   1   0   0  48   0   0   0   0  46   0  1.25 0.21
  255 S    0 -2  0  3 -2 -1 -1 -1 -1 -3 -3 -1 -3 -3  4  3  0 -4 -3 -3    2   0   1  20   0   2   1   2   1   0   1   0   0   0  22  42   3   0   0   0  0.58 0.13
  256 E   -2  0 -1  3 -4  2  5 -1 -1 -4 -3  0 -2 -4 -1  0 -2 -4 -3 -3    1   4   1  16   0   7  58   3   0   0   1   2   0   0   3   3   0   0   0   0  0.69 0.14
  257 E   -2 -1  0  4 -4  0  5 -3 -1 -4 -4 -1 -3 -4 -2 -1 -2 -4 -2 -3    0   0   2  27   0   0  64   0   0   0   1   0   0   0   0   1   0   0   2   0  0.93 0.18
  258 T    0 -2 -1  0 -2 -1  1 -2 -2  0  2 -1  0  2 -2 -1  1 -1  1  0    6   0   1   6   0   0  15   1   0   2  26   0   1  15   0   2  15   0   4   4  0.11 0.06
  259 F   -3 -4 -4 -4 -3 -4 -4 -4 -2 -1  0 -4 -1  8 -4 -3 -3  1  2 -2    0   0   0   0   0   0   0   0   0   0   7   0   0  87   0   0   0   1   0   0  1.41 0.23
  260 S    0 -1  0  3  0  1  2  1 -1 -3 -3  0 -1 -3 -2  3  0 -3 -3 -2    6   1   1  17   2   4  21   8   1   1   1   2   1   0   0  32   1   0   0   0  0.34 0.09
  261 S   -1  0  1  2 -1  1  0  2  2 -2 -1 -1 -1 -2 -2  1 -1 -3 -2 -1    2   7   9  13   1   7   3  16  10   1   5   1   0   1   0  17   1   0   0   7  0.15 0.05
  262 V   -1 -3 -3 -3 -2 -2 -3 -3 -2  3  1 -2  0 -2 -3 -1  2 -3 -2  4    1   0   0   0   0   0   0   0   1  21   5   0   0   0   0   0  22   0   0  45  0.42 0.12
  263 S    0 -2  0  0 -2 -1 -1 -1 -2 -3 -3 -1 -3 -3 -2  6  0 -4 -3 -3    0   0   2   5   0   0   0   0   0   0   1   0   0   0   1  86   2   0   0   0  0.88 0.21
  264 Q   -1 -1  0  2 -3  2  4 -2 -1 -3 -3  0 -2 -3  1  1 -1 -3 -1 -3    1   1   3   8   0  11  47   1   0   0   2   3   0   0   7  10   1   0   3   0  0.51 0.11
  265 L    0 -2 -1  0 -1  0  1 -2 -2  0  3 -1  0 -1  0  1 -1 -3 -2 -1    5   0   2   4   1   5   9   2   0   0  45   0   0   0   5  17   1   0   0   2  0.15 0.08
  266 A    6 -2 -3 -3 -1 -2 -2 -1 -3 -2 -3 -2 -2 -3 -2  0 -1 -3 -3 -1   93   0   0   0   1   0   0   0   0   0   1   0   0   0   0   1   0   0   0   0  0.93 0.21
  267 T   -1  2 -2 -2 -2  0 -1 -3 -2  2 -1  3 -1 -2 -2 -1  0 -3 -2  2    1  11   0   0   0   3   0   0   0  17   2  33   0   0   0   0   5   0   0  25  0.25 0.10
  268 D   -2 -2  1  7 -2 -1  1 -2  1 -4 -4 -1 -4 -4 -2  0 -2 -5 -3 -4    1   1   2  80   1   0   2   0   3   0   1   1   0   0   0   4   1   0   0   0  1.17 0.20
  269 F   -3 -4 -4 -4 -3 -4 -4 -4 -2 -1  1 -4 -1  8 -4 -3 -3  0  2 -2    0   0   0   0   0   0   0   0   0   1  10   0   0  84   0   0   0   0   0   0  1.33 0.22
  270 I   -2 -4 -4 -4 -2 -3 -4 -4 -4  6  1 -3  3 -1 -4 -3 -2 -3 -2  1    0   0   0   0   0   0   0   0   0  82   1   0  11   0   0   0   0   0   0   2  0.90 0.20
  271 Q   -1  4 -1 -1 -1  4  1 -2 -1 -3 -3  3 -2 -4 -2  0 -1 -3 -2 -3    2  27   1   0   1  29   3   0   0   0   1  28   0   0   0   3   3   0   0   0  0.59 0.13
  272 S    0  2  0 -1 -2  1  0 -1 -1 -3 -3  4 -1 -3 -2  2  1 -3 -2 -2    5  12   2   0   1   5   0   1   0   0   1  37   2   0   0  22  11   0   0   1  0.35 0.10
  273 L   -2 -3 -4 -4  0 -3 -4 -4 -4  0  5 -3  1 -1 -3 -3 -1 -3 -2  0    0   0   0   0   2   0   0   0   0   0  89   0   0   0   0   0   3   0   0   2  0.80 0.17
  274 L   -2 -3 -4 -4 -1 -3 -3 -4 -3  1  5 -3  3 -1 -3 -3 -2 -2 -2  0    0   0   0   0   1   0   0   0   0   2  83   0   8   0   0   0   0   0   0   1  0.78 0.17
  275 V   -1 -2 -3 -3 -1 -2 -1 -4 -3  3  0 -3  0 -2 -3 -2 -1 -3 -2  5    0   2   0   0   1   1   4   0   1  15   3   0   0   0   0   0   1   0   0  70  0.58 0.15
  276 K   -2  1 -1 -2 -4  0  0 -3 -2 -2 -3  6 -1 -4 -2 -1 -1 -4 -3 -1    0   3   0   0   0   1   0   0   0   1   1  82   1   0   0   0   3   0   0   5  0.88 0.20
  277 N   -1  0  3  4 -3  0  2 -2 -1 -3 -3  2 -2 -3 -2  0 -1 -4 -3 -3    4   2  22  32   0   3  13   0   0   0   2  16   0   0   0   1   2   0   0   1  0.48 0.10
  278 P   -2 -3 -3 -3 -3 -2 -2 -3 -3 -3 -4 -1 -3 -4  8 -2  2 -4 -4 -3    1   0   0   0   0   0   0   0   0   1   1   2   0   0  77   0  14   0   0   0  1.79 0.23
  279 E   -1  4  1  0 -3  1  4 -2 -1 -3 -3  2 -2 -3 -2  1 -1 -3 -2 -3    1  27   6   1   0   4  35   1   0   0   1   9   1   0   0  10   2   0   0   0  0.48 0.11
  280 K   -1  1  0  3  1  1  3 -2 -1 -4 -3  4 -2 -4 -2 -1 -2 -4 -3 -3    2   2   2  22   4   2  22   1   0   0   1  40   0   0   0   1   0   0   0   0  0.53 0.13
  281 R   -3  7 -2 -3 -5  0 -2 -4 -2 -5 -4  1 -3 -4 -4 -2 -3 -4 -3 -4    0  97   0   0   0   2   0   0   0   0   0   0   0   0   0   0   0   0   0   0  1.63 0.29
  282 P    2 -3 -3 -3 -2 -2 -2 -2 -3  0  2 -2  3 -2  4 -1 -1 -3 -1 -1   25   0   0   0   0   0   0   0   0   1  31   0  14   0  23   2   0   0   1   1  0.46 0.13
  283 T   -1 -2 -1 -1 -2 -1 -2 -3 -3 -2 -3 -1 -2 -4 -2  2  6 -4 -3 -2    1   1   1   2   0   1   0   0   0   0   0   2   0   0   1  15  76   0   0   0  0.91 0.23
  284 A    5 -3 -3 -3 -2 -2 -2 -2 -3  2 -1 -2  0 -3 -2  0 -1 -4 -3  1   66   0   0   0   0   0   0   0   0  20   1   0   1   0   0   1   0   0   0   9  0.56 0.17
  285 E    0  0 -1  0 -3  3  4 -3  0 -3 -2  1 -2 -4 -2 -1  0 -4 -3 -2   11   3   0   2   0  14  46   0   2   0   3   9   0   0   0   1   8   0   0   1  0.50 0.13
  286 I    0 -1 -1  2 -4  3  5 -2 -1  0 -3 -1 -2 -4 -2 -1 -1 -4 -3 -2    6   0   0  13   0  14  54   1   0   9   0   0   0   0   0   1   1   0   0   1  0.64 0.16
  287 C    2 -4 -4 -4 10 -4 -4 -3 -4 -3 -3 -4 -3 -4 -4  0 -2 -4 -4 -2   16   0   0   0  75   0   0   1   0   0   0   0   0   0   0   6   1   0   0   0  1.81 0.28
  288 L   -3 -3 -4 -5 -2 -3 -4 -5 -4  1  5 -4  2 -1 -4 -4 -2 -3 -2  0    0   1   0   0   0   0   0   0   0   1  92   0   5   0   0   0   0   0   0   0  0.97 0.21
  289 S   -1  1  1  0 -1  3  1 -2  0 -3 -2  1 -1 -3 -2  2  2 -3 -2 -2    1   9   8   3   2  19   7   0   1   0   2  10   2   0   0  23  13   0   0   0  0.29 0.09
  290 H   -3 -2 -1 -3 -5 -1 -2 -4 10 -5 -5 -3 -3 -3 -4 -3 -3 -4  0 -5    0   0   0   1   0   0   0   0  97   0   0   0   0   0   0   0   0   0   0   0  2.37 0.36
  291 S    0 -2 -2 -2 -3 -1 -2 -2 -1 -3 -2 -2 -3 -3  7  2 -1 -4 -3 -3    4   1   0   0   0   2   1   1   2   0   4   0   0   1  59  24   1   0   0   1  1.24 0.20
  292 W   -5 -5 -6 -6 -4 -4 -5 -5 -4 -5 -4 -5 -3 -1 -6 -5 -4 12  0 -5    0   0   0   0   0   0   0   0   0   0   0   0   0   0   0   0   0  98   0   0  3.80 0.44
  293 L   -2 -3 -4 -4 -2 -3 -4 -5 -4  3  4 -4  1  2 -4 -3 -2 -2 -1  0    0   0   0   0   0   0   0   0   0  27  62   0   1  10   0   0   0   0   0   0  0.68 0.16
  294 Q    0  0  1 -1 -3  3  0 -2  0 -3 -3  2 -1 -3 -2  1  2  3 -2 -2    5   3   8   0   0  22   2   1   1   1   0  17   2   0   0  12  18   6   0   0  0.30 0.11
  295 Q    0  0 -1  0 -1  4  1  0 -1 -2 -2  1  0 -3  2  1  0 -3 -2 -2    4   3   1   3   2  34   3   6   1   0   3   5   4   0  11  14   3   0   0   2  0.30 0.10
  296 W    0 -1  0 -1  0  0  0  0  2 -1 -1  0 -1  1 -1  1  0  5  0 -1    5   2   3   1   2   4   4   9   7   4   5   4   1   9   2  18   5  12   0   3  0.14 0.06
  297 D   -1  0  1  4  0  1  2 -1 -1 -3 -3  0 -2 -2  1  1  0 -3 -2 -2    2   2   4  28   2   4  18   3   0   1   2   6   0   1   8  12   3   0   1   2  0.32 0.08
  298 F   -1  0  0  0 -2  1  0 -2  1  1  0  0  0  2  1 -1 -1  0  0  0    2   5   4   7   0   9   6   2   5  11   6   5   1  17   6   4   2   1   1   5  0.06 0.04
  299 E   -1  1 -1 -1 -1  2  1  1 -1 -1 -2  0 -1 -2  3  0  0 -2 -2 -2    3   8   2   2   1  15   9  13   1   5   3   6   2   1  17   8   4   0   1   1  0.24 0.06
  300 N   -1  0  2  2 -3  1  2 -1  1 -2  0  0  0 -2  0  0 -1 -2 -2 -2    3   3  16  11   0   9  19   4   5   2  11   1   2   0   3   8   2   0   0   1  0.19 0.07
  301 L    0 -1 -1 -1  1 -1  0 -1 -1  0  1 -1  0 -1  3  0  0  0 -2  1   10   1   3   2   4   0   7   2   1   2  23   2   0   1  17   6   4   2   1  12  0.15 0.06
  302 F    0  0 -1 -1  2 -1 -1 -2  0  0  0 -1  0  2  2  1  0  0  1  0    5   7   2   1   5   1   3   1   4   7  10   1   2  13  12  13   6   1   3   4  0.09 0.04
  303 H    0  0  0 -1 -2  1  0 -2  2 -1  1  0  0 -1 -1  2  0 -3 -1  0    4   2   5   1   0   8   6   1   9   1  20   6   0   2   2  21   1   0   0  10  0.09 0.07
  304 P   -1  0 -2 -1 -3  0  1 -2  0 -3 -3  1 -3 -4  6 -1  0 -4 -3 -2    4   6   1   2   0   3  10   2   2   1   2   8   0   0  47   4   4   0   0   3  0.84 0.16
  305 E    0  0  0  1 -2  2  4 -2  0 -2 -1  0 -2 -3  0  0  0 -1 -2 -2    5   4   2   9   0   8  37   1   1   3   7   3   0   0   4   7   7   1   0   1  0.30 0.10
  306 E    0  0  0  0 -3  1  3 -1  0 -1 -2  0 -1 -3  2  1  0 -3 -2 -1    4   2   3   2   0   3  36   3   3   4   3   4   1   0  10  13   3   0   1   3  0.28 0.10
  307 T    0 -1  2  1 -1  0  0  0  0 -1 -1  0  1 -2  0  2  2 -3 -1 -1    6   2  11   6   1   1   6   6   2   2   2   5   7   0   4  18  16   0   2   3  0.13 0.06
  308 S    0  0  0  1  3  0  0 -1  0 -2 -2  1 -1 -3  1  2  1 -3 -2 -1    8   3   2   7   8   2   4   1   3   1   4  11   1   0   5  29   8   0   0   2  0.19 0.09
  309 S    0  1  0  0  2  0  1 -1 -2 -2 -2  1 -2 -2  0  3  1 -2 -2 -2    8   6   2   6   5   4  10   1   0   2   2   9   0   2   5  30   6   0   1   1  0.20 0.09
  310 S    0  0  0 -1 -2  0  1 -1 -1 -2 -2  0 -2 -3  4  2  1 -3 -2 -1    7   3   5   1   0   3  12   2   0   2   2   5   0   1  21  20  10   0   1   5  0.33 0.10
  311 S    0  0 -1  0 -1  0  2 -1 -2 -2 -1  0 -2 -1  3  2  0 -3 -2 -2    5   5   0   2   2   2  20   4   0   1   6   5   0   4  17  19   6   0   0   1  0.26 0.09
  312 Q   -1  1  0  1 -3  3  1 -1  0 -2 -1  1 -1 -3  1  0  0 -2 -2 -2    3   8   3   7   0  21  11   4   2   2   7   8   2   0   8   9   4   1   0   1  0.21 0.08
  313 T    0  1 -1  0 -1  0  1  0 -2 -1  0  0  0 -2  2  1  1 -3 -2  0    5  10   1   5   1   1  12   7   0   4   9   4   4   0  10  12   9   0   0   6  0.11 0.05
  314 Q   -1  1  0  0 -1  3  2 -2  0 -2 -2  1 -2 -3  2  0  0 -3 -1 -2    2   9   3   2   2  21  16   2   2   1   4   7   0   0  12   7   7   0   1   2  0.30 0.10
  315 D   -1 -1 -1  3 -3  0  3  0 -2 -1  0  0 -1 -2  0  0  1 -3  0 -1    2   3   1  21   0   2  24   6   0   2  11   2   0   0   5   6   9   0   4   2  0.22 0.10
  316 H   -1  0  0  0 -3  1  2 -2  4 -1 -1  2  0 -2 -1  0  0 -3 -1 -1    3   1   3   4   0   6  17   2  16   2   4  18   4   2   2   8   4   0   1   3  0.22 0.10
  317 S    0  1  0 -1 -2  0  0 -1  0 -2 -2  0  0 -3  1  2  3 -2 -3 -1    5   8   2   2   0   2   5   3   2   1   3   4   2   0   7  22  31   0   0   1  0.29 0.13
  318 V    0  0 -1 -1 -2  1  0 -2 -1  0  0  0 -1 -2  2  0  2 -3 -2  1    5   3   2   2   0   6   7   1   1   7  11   7   1   0  10   3  19   0   1  13  0.13 0.07
  319 R    0  4 -2 -2 -3  0  0 -2 -2 -1 -2  2 -2 -3  0  0  0 -4 -3  1    5  34   0   1   0   1   6   2   0   1   3  14   0   0   4   8   3   0   0  17  0.33 0.14
  320 S    0 -1 -1 -1  3 -1  1 -2 -2 -1  0 -1 -1 -2  1  2  2  1 -2 -1    5   3   2   2   7   0  13   1   0   3  11   2   0   0   6  17  20   2   0   4  0.17 0.10
  321 S   -1  0  0  0 -3  0  3 -2 -1 -2 -1  1 -2 -2  1  2 -1 -3  1 -1    2   3   3   2   0   3  24   1   0   2   6  11   0   1   5  25   1   0   6   3  0.23 0.12
  322 E   -2  1 -1  1 -3  1  5 -2 -2 -4 -2  0 -3 -3  0 -1  0 -4 -3 -2    1   7   1   4   1   3  57   3   0   0   3   4   0   1   5   1   6   0   1   2  0.66 0.22
  323 D   -2 -1 -1  2 -3 -1  3 -3 -1 -1  2 -1  0 -1  0 -1 -1 -2  2 -2    1   2   2  14   0   0  24   0   1   2  30   1   1   1   5   4   2   0   9   0  0.27 0.15
  324 K   -1  2 -2  0 -3  0  0 -3 -1  2 -1  2 -1 -2 -2 -1  1  0  0  0    2  15   0   4   0   1   7   1   1  23   3  19   1   1   1   3  11   2   4   2  0.18 0.12
  325 T   -1 -1  1 -2  2 -1 -1 -2 -3  1 -1 -1 -1 -3 -2  2  2 -4 -3  2    2   2   9   1   6   1   3   0   0  11   3   2   1   0   1  19  17   0   0  22  0.22 0.13
  326 S   -1 -2 -1 -2  3 -1  0 -2  1  1  0  0  2 -1  1  0  0 -3 -1  2    2   0   3   0   7   2   5   2   6   6   8   9   7   2   7  10   4   0   0  19  0.08 0.08
  327 K    2  0 -1 -2  0 -1 -1  0 -1 -1 -2  2 -1 -3 -1  2  1 -3 -3  0   17   5   1   0   2   1   3   8   1   2   2  20   0   0   1  18  12   0   0   7  0.20 0.11
  328 S    1 -2 -1 -2 -3 -1 -1 -1  4 -3 -3 -1 -2 -4  2  4  1 -2 -3 -2    8   1   1   0   0   2   2   2  11   0   1   2   1   0  12  48   5   0   0   2  0.57 0.22
  329 S   -1 -1 -1 -1 -2 -1  0 -2  0 -1 -2  1 -1  0  1  3 -1 -1  4 -2    1   1   1   2   0   0   5   2   1   3   4   8   2   4   8  33   1   0  23   1  0.36 0.18
  330 C   -1 -2 -2 -3  6 -1 -2 -3 -3 -2 -3 -1 -3 -3  2  2  4  4  0 -2    2   1   1   1  20   2   1   0   0   1   1   2   0   0  12  14  30   7   3   2  0.63 0.23
  331 N   -1 -2  5 -1 -3 -2  0 -2  0 -1  2 -1 -1 -2 -1  1  0 -4 -2 -2    5   0  39   2   0   0   5   1   2   2  25   1   1   1   2   8   3   0   1   2  0.41 0.19
  332 G    0 -2  3 -2 -2 -1 -2  5  0 -4 -4 -1 -1 -4 -2  0 -1 -4 -3 -3    9   2  21   1   1   1   2  47   2   0   1   2   1   0   2   5   2   0   1   1  0.66 0.20
  333 T   -1 -2 -1 -2 -1  4 -1 -3 -1 -3 -2 -1 -1 -3  2  1  4 -4 -3 -2    2   0   2   0   1  24   0   0   1   0   4   2   1   0  12   8  38   0   0   2  0.58 0.24
  334 C   -2 -4 -4 -5  9 -3 -4 -3 -2 -2 -1 -4 -2 -2  0 -1 -1 -3  5 -2    1   0   0   0  48   1   1   2   1   1   7   0   1   0   6   4   4   0  21   2  1.26 0.32
  335 G    0  4 -2 -1 -2  0  1  0 -1  0 -2  0 -2 -3 -1  1 -1 -2 -2  0    5  30   0   1   0   2  12   7   1   7   3   3   0   0   2  13   2   0   1  10  0.23 0.13
  336 D   -2 -2  4  4 -4  4  0 -2  0 -4 -3 -1 -2 -4 -1  1 -1 -4 -3 -3    1   1  24  22   0  28   4   2   1   0   1   0   1   1   3   8   2   0   0   1  0.66 0.23
  337 R   -1  2 -1 -1  1  0 -1 -2  0 -2 -1  0 -1  3  1  2 -1 -3 -1 -2    2  13   3   3   4   3   2   2   2   0   4   6   1  20   8  25   2   0   0   2  0.22 0.14
  338 E   -2 -1 -2  0 -5  0  6 -3 -2 -4 -4 -1 -2 -5 -1  0 -1 -4 -4 -3    2   1   1   1   0   2  74   2   0   0   1   1   1   0   2   6   2   0   0   2  1.19 0.34
  339 D   -2  3  0  4 -3  0  1 -1  1 -2 -2  0 -1 -3 -1  1  0 -3 -2 -3    2  19   4  32   0   2   7   3   3   1   4   3   2   1   2  10   4   0   1   1  0.38 0.13
  340 K   -2  0 -1 -3 -4 -1 -1 -2 -2 -3 -2  5 -1  4 -1  0 -1 -3 -1 -3    0   2   2   0   0   1   2   2   0   0   2  52   1  20   3   6   4   0   1   1  0.66 0.25
  341 E    1 -1 -1  1 -4  0  5 -2 -2 -3 -2  0 -3 -4 -2  0 -2 -4 -3 -1   16   3   1   6   0   2  50   1   0   0   3   3   0   0   1   7   1   0   0   4  0.60 0.22
  342 N   -2  1  5 -1 -3  1 -1 -2  2 -3 -2  3 -1 -4 -2  0 -1 -4 -2 -2    2   7  35   1   0   7   2   1   4   1   3  23   1   0   1   7   2   0   1   4  0.50 0.19
  343 I   -1 -2 -2 -2  2 -2 -3 -3 -3  4  1 -2  3  1 -3 -2 -1 -3 -1  3    2   1   2   2   5   1   1   1   0  29  10   1  10   6   0   1   2   0   1  23  0.36 0.14
  344 P   -1 -1 -2 -2 -2 -1  0 -2 -2  0  0 -1  0 -1  4  0  1 -3  0  2    3   2   1   1   0   2   6   2   1   2  11   4   3   1  23   6  10   0   3  18  0.27 0.10
  345 E   -1 -1 -1  1 -4  1  5 -1 -2 -3 -3  0 -2 -4  0  0  0 -4 -3 -3    5   1   1   8   0   3  50   5   0   1   2   3   0   0   5   7   5   0   0   1  0.59 0.20
  346 D   -1 -1  0  5 -4  1  3 -1 -2 -4 -4  0 -3 -4 -2  0 -1 -4 -4 -3    3   1   3  44   0   5  21   4   0   0   1   4   0   0   1   5   3   0   0   1  0.72 0.21
  347 S    0 -1 -2 -2 -3  3 -1 -1 -1  1  0 -1 -1 -3  0  3  0 -4 -3  0    4   2   0   1   0  21   0   5   1  10   8   3   1   0   4  30   3   0   0   7  0.25 0.16
  348 S    1  0 -1 -1 -3 -1  0 -1  2 -4 -3  4 -3 -4 -1  3  0 -4 -3 -3   10   2   2   3   0   0   6   4   6   0   1  29   0   0   2  33   2   0   0   0  0.46 0.21
  349 M    2 -1 -2 -1 -2  0 -1 -1  1  0  1 -2  1 -2  1  0  1 -1 -2  1   27   2   0   3   0   3   1   3   4   2  13   0   4   0   6   6  13   1   0  10  0.14 0.11
  350 V   -1 -2 -3 -4 -3 -2 -3 -3  2  4  0 -1  3 -2 -3 -2  0 -2 -2  3    4   1   0   0   0   0   0   1   8  27   4   5  10   1   1   2   5   1   1  29  0.40 0.18
  351 S    1 -1 -1  0 -3 -1  3 -1 -2 -4 -4 -2 -3 -4 -2  4  1 -4 -3 -3   12   3   0   4   0   1  19   2   0   0   1   0   0   0   1  48   5   0   0   0  0.60 0.24
  352 K   -2  1  0 -2 -5  2  0  0 -1 -4 -4  6 -3 -5 -2 -1 -1 -5 -4 -4    1   3   3   1   0   8   3   9   1   0   1  64   0   0   1   2   4   0   0   0  0.92 0.30
  353 R   -2  6 -2 -3 -1 -1 -2  0 -2 -4 -2  1 -3 -4 -1  0 -1 -4 -4 -3    3  63   1   0   1   1   1   9   0   0   3   3   0   0   3   5   3   0   0   1  0.95 0.30
  354 F   -3 -4 -4 -5  3 -3 -3 -5 -3 -2  0 -4  0  8 -4 -3 -4 -2  1 -2    1   0   1   0   6   1   2   0   0   1   5   0   2  76   1   1   0   0   1   1  1.56 0.36
  355 R   -2  5  0 -2 -1 -1 -1 -3 -2 -4 -3  4 -3 -4 -2  2 -1 -4 -3 -3    1  40   2   1   1   0   1   1   0   1   1  29   0   0   2  15   3   0   0   1  0.72 0.22
  356 F   -2 -3 -3 -3 -3 -3 -2 -2 -2 -2  0 -3  0  7 -3 -2 -3 -1  1 -2    4   1   1   1   0   1   2   3   0   1   5   1   2  68   1   2   1   0   2   2  1.11 0.25
  357 D   -1 -1  0  4 -3  0  4 -2 -1 -3 -2  0 -2 -3 -2  1 -1 -3 -2 -2    2   1   1  26   0   1  36   2   1   1   3   3   0   1   1  12   3   0   1   2  0.52 0.15
  358 D   -2 -1 -1  4 -3  0  5 -1  0 -3 -3 -1 -3 -3 -2 -1 -2 -3 -3 -2    1   3   1  24   1   1  52   3   2   2   2   2   0   1   1   2   1   0   1   2  0.77 0.21
  359 S    0 -2 -2  0 -3 -2  1 -1 -3 -4 -4 -2 -3 -4  6  3  0 -4 -4 -3    7   1   1   4   0   1   8   3   0   0   0   0   0   0  40  29   5   0   0   1  0.89 0.24
  360 L   -2 -2 -4 -4 -3 -3 -4 -4 -3  1  4 -3  1  4 -3 -3 -1 -1  0  0    1   2   0   0   0   0   0   0   0   4  59   0   2  19   1   1   4   1   1   4  0.65 0.21
  361 P    2 -1 -1 -2  0  1  0 -1 -1 -2 -2  0 -2 -3  5  1  0 -3 -2 -2   20   3   2   1   2   9   5   2   1   1   2   4   0   1  31   9   3   0   1   2  0.51 0.13
  362 N    2 -1  1 -1 -2 -1  0  0  0 -2 -2  0 -1 -1 -1  2  1 -2  1 -1   22   1   8   1   0   1   4   8   2   1   3   4   2   1   2  17  12   0   8   4  0.16 0.08
  363 P    1  1 -3 -2 -1 -2 -3 -3 -3 -1  3 -2  0 -3  4  0 -1 -4 -3 -1   13  11   0   1   1   0   0   0   0   0  33   0   1   0  25   7   3   0   0   1  0.47 0.18
  364 H   -3 -1  0 -2 -5  6  0  0  7 -5 -4  0 -3 -4  1 -1 -2 -4 -2 -4    0   2   2   0   0  40   3   6  31   0   0   3   0   0   7   3   2   0   0   0  1.01 0.31
  365 E   -3 -2 -1  5 -5  0  6 -3 -2 -5 -5  0 -4 -5 -3 -1 -2 -5 -4 -5    1   0   1  32   0   0  59   1   0   0   0   3   0   0   1   3   1   0   0   0  1.22 0.33
  366 L   -2 -3 -3 -3 -2 -2 -3 -4 -3  4  2 -3  0  1 -3  0  1 -3 -2  1    1   0   0   0   0   2   1   0   0  39  19   0   1   8   0  11  10   0   0   7  0.39 0.16
  367 V   -1 -2 -2 -3 -3  2 -2 -3 -3  1  1  0  1 -2  4  0 -1 -3 -2  2    4   0   0   0   0  12   0   0   0   7  16   5   4   0  25   6   3   0   1  16  0.38 0.14
  368 S   -1  0 -2 -2 -4  5 -1  4 -1 -4 -4  0 -3 -5 -1  1  1 -4 -4 -4    1   4   0   0   0  33   1  35   1   0   0   3   0   0   3  11   9   0   0   0  0.69 0.24
  369 D   -3 -3 -1  6 -6  0  5 -4 -3 -5 -5 -2 -4 -5 -3 -2 -3 -6 -5 -4    0   0   0  44   0   1  53   0   0   0   0   0   0   0   0   1   0   0   0   1  1.38 0.34
  370 L   -3 -4 -3 -3 -3 -4 -4 -5 -2  1  2 -4 -1  6 -5 -4 -3 -1  0  1    0   0   1   2   0   0   0   0   1   6  26   0   0  52   0   0   0   0   0  13  0.85 0.22
  371 L   -2 -4 -5 -5 -2 -4 -4 -5 -4  5  3 -4  0 -1 -4 -4 -2 -3 -1  3    0   0   0   0   0   0   0   0   0  56  27   0   0   1   0   0   0   0   1  16  0.77 0.19
  372 C   -2 -5 -4 -5 11 -5 -5 -4 -5 -3 -3 -5 -3 -4 -4 -2 -2 -4 -4 -2    0   0   0   0 100   0   0   0   0   0   0   0   0   0   0   0   0   0   0   0  2.59 0.30

                      K         Lambda
Standard Ungapped    0.1340     0.3179
Standard Gapped      0.0498     0.2670
PSI Ungapped         0.1628     0.3127
PSI Gapped           0.0498     0.2670
