
Last position-specific scoring matrix computed, weighted observed percentages rounded down, information per position, and relative weight of gapless real matches to pseudocounts
           A  R  N  D  C  Q  E  G  H  I  L  K  M  F  P  S  T  W  Y  V   A   R   N   D   C   Q   E   G   H   I   L   K   M   F   P   S   T   W   Y   V
    1 M   -2 -3 -3 -4 -3 -2 -3 -4 -3  2  1 -3  8 -1 -4 -3 -2 -3 -2  0    0   0   0   0   0   0   0   0   0   9   0   0  91   0   0   0   0   0   0   0  1.20 0.27
    2 A    4 -3 -2 -2 -2 -2 -2 -2 -3 -3 -3 -2 -3 -4 -2  5 -1 -4 -3 -2   43   0   0   0   0   0   0   0   0   0   0   0   0   0   0  57   0   0   0   0  0.90 0.36
    3 G    2 -2  1 -2 -3 -2 -2  4 -3 -3 -3  0 -3 -4 -3  2 -1 -4 -3 -1   25   0   7   0   0   0   0  43   0   0   0   5   0   0   0  15   0   0   0   5  0.61 0.24
    4 K   -2  3 -2 -2 -5  1 -1 -3  1 -4 -4  6 -3 -5 -3  1 -2 -5 -3 -4    0  15   0   0   0   4   0   0   4   0   0  66   0   0   0  10   0   0   0   0  1.04 0.41
    5 K   -2  2  2 -2 -3  2 -1 -2  0 -4 -3  4 -2 -4  0  1  1 -4 -3 -3    0   9  11   0   0   8   0   0   2   0   0  44   0   0   5  11   8   0   0   0  0.54 0.26
    6 N    0 -2  3 -2 -3 -2 -2  0 -2 -3 -4 -2 -3 -4  1  4  1 -4 -3 -1    5   0  20   0   0   0   0   4   0   0   0   0   0   0   7  48   9   0   0   3  0.64 0.35
    7 V    2 -1 -3 -3 -2 -2 -3  0 -3  0  1 -1  3 -2 -2 -1  0 -3 -2  2   25   3   0   0   0   0   0   7   0   2  18   3  11   0   1   0   6   0   0  22  0.26 0.21
    8 L   -2 -6 -6 -7 -5 -5 -6 -5 -6 -2  3 -6  9 -2 -7 -6 -5 -6 -5 -3    4   0   0   0   0   0   0   1   0   1  29   0  65   1   0   0   0   0   0   0  2.35 1.03
    9 S    3 -1 -1 -2 -4 -2 -3 -1 -1 -4  1 -3  0 -4 -4  4  0 -2 -4 -3   23   3   2   2   0   1   0   4   1   0  15   0   3   0   0  40   5   1   0   1  0.62 0.49
   10 S    1 -4 -2 -3 -3 -4 -4  5 -5 -5 -1 -4 -4 -5 -5  4 -1 -6 -5 -4   12   1   1   1   0   0   0  39   0   0   6   0   0   0   0  35   3   0   0   1  1.01 0.62
   11 L   -4 -6 -8 -8 -5 -6 -7 -5 -7 -1  7 -7 -2 -4 -7 -7 -4 -6 -5 -3    1   0   0   0   0   0   0   1   0   2  95   0   0   0   0   0   1   0   0   0  2.14 0.99
   12 A    3 -5 -5 -3 -4 -5 -4  1 -6 -1 -2 -5 -3 -5 -5 -2 -1 -6 -5  5   27   0   0   1   0   0   1  10   0   2   2   0   0   0   0   2   4   0   0  53  1.07 0.67
   13 I    3 -2  1  2 -4 -3 -1  3 -1 -3 -4 -3 -3 -5 -4  1 -1 -5 -5  0   29   1   7  14   0   0   3  21   1   1   0   0   1   0   0  11   3   0   0   9  0.53 0.43
   14 Y   -5 -6 -4 -5 -7 -6 -7 -8 -3 -6 -1 -4 -6 -2 -5 -6 -2 -3 10 -6    1   0   1   1   0   0   0   0   0   0   5   1   0   0   1   0   3   0  88   0  3.07 1.33
   15 A    2 -4  0  2 -1 -2  2  4 -2 -4 -5 -3 -4 -4 -2  0  0 -4  0 -3   21   0   3  10   1   1  15  29   1   0   0   0   0   0   1   5   7   0   3   2  0.52 0.40
   16 E   -1 -3 -1  3 -5 -3  2 -1  1 -5 -4 -2 -5 -1 -4  5 -1 -5 -3 -5    4   1   2  19   0   0  11   4   3   0   1   1   0   3   0  45   3   0   1   0  0.83 0.59
   17 Y   -3 -3 -2  5 -5 -2  0 -3 -2 -6 -6 -4 -5 -5 -3  5 -2 -6  0 -4    1   1   1  38   0   1   5   1   1   0   0   0   0   0   1  42   2   0   4   1  1.22 0.74
   18 S   -3 -4 -1  4 -5 -3  2 -3 -4 -5 -5 -4 -5 -6 -3  6 -2 -6 -5 -5    1   0   2  21   0   0  13   2   0   1   1   0   0   0   1  56   2   0   0   0  1.29 0.80
   19 D   -2 -3 -3  5 -7 -1  6 -3 -4 -6 -4 -3 -6 -7 -3 -1 -2 -7 -6 -5    3   1   1  32   0   2  50   1   0   0   1   0   0   0   1   4   3   0   0   1  1.41 0.81
   20 P   -2 -4 -2  4 -6 -1  5 -2 -4 -6 -4 -3 -3 -6  5 -1 -3 -6 -3 -5    3   0   1  21   0   1  35   3   0   0   2   1   1   0  25   5   1   0   1   0  1.09 0.67
   21 E   -2 -4  0  5 -6  1  5 -3 -4 -4 -5 -2 -3 -6 -1 -1 -3 -6 -5 -4    2   0   5  29   0   6  45   2   0   1   1   1   1   0   3   3   1   0   0   1  1.18 0.71
   22 S    0 -2  0  2 -4  0  3 -1 -3 -2 -3 -1 -1 -1 -2  3 -1 -4 -3  1    8   1   4  12   0   3  20   4   0   2   2   3   1   3   1  23   3   0   0  10  0.31 0.32
   23 D   -1 -3  1  4 -4  0  3 -3 -2 -3 -3 -2 -3 -5  1  1 -1 -5 -3 -1    6   1   5  27   0   5  22   2   1   1   2   1   1   0   7  11   4   0   1   5  0.54 0.41
   24 G   -1 -1  0 -1 -3  1  0  1 -1 -2 -3 -1 -1 -4  4  1  1 -4 -3  0    5   3   4   2   0   8   7  12   2   2   2   3   1   0  21  13   9   0   1   6  0.34 0.28
   25 E   -1  0 -1  2 -5  1  5 -3 -2 -3 -4  0 -2 -3  1  0 -1 -5 -4 -3    5   4   2  13   0   6  38   1   1   1   1   5   1   1   8   8   3   0   0   2  0.62 0.46
   26 T    1 -2 -1 -1 -4  2 -1 -1 -2  0 -2 -1 -3 -4  4  0  1 -5 -4  1   13   1   3   3   0   9   4   5   1   4   3   3   0   0  21   6  10   0   0  12  0.34 0.31
   27 G    0 -1 -2  0 -4  2  3  2 -3 -2 -3  0 -2 -3  1  1  0 -5 -3 -2    6   2   1   5   0  10  24  14   0   2   1   6   1   1   6  13   6   0   1   2  0.35 0.33
   28 V    0 -1 -1  0 -3  0  0 -1  0  0  0 -1 -1 -3  3  1  0 -4 -2  1    9   2   2   6   0   4   7   4   2   5  11   3   1   0  14  10   4   0   1  14  0.14 0.16
   29 D    0  0 -1  0 -4  2  2 -2 -1 -2 -2  1 -1 -4  1  1  1 -4 -3 -1    9   3   1   5   0  10  18   3   1   2   4   9   2   0   7  14   7   0   0   5  0.24 0.25
   30 A    1  0  1  0 -2  1  1 -1 -3 -2 -2 -1 -3 -3  3  1  1 -4 -2 -1   13   4   5   3   1   8  11   5   0   2   3   3   0   1  13  13   9   0   1   4  0.23 0.23
   31 V    0 -1  0  0 -2  0  1 -1 -1  1 -1  1 -1 -2  0  1  1 -3 -1  1    9   2   4   5   0   3   8   3   1   7   6   8   1   1   4  12   7   0   2  16  0.08 0.12
   32 G    1 -1  1  0 -2 -1  0  1  0 -1 -2  0 -2 -1  1  1  1 -3 -2 -2   13   3   7   6   1   1   6  13   3   3   4   7   1   3   7  13   8   0   1   1  0.14 0.15
   33 G    0 -2 -1  0 -1  0  0  0 -2  0 -1 -1 -1 -2  2  2  1 -2 -2 -1    9   1   3   6   2   3   7   8   1   5   5   3   1   2  12  18  10   0   1   5  0.16 0.18
   34 A    1  1  1 -1 -1  2  1 -1 -2 -2 -2  1 -2 -3  2  1  0 -4 -3 -2   14   7   8   3   1   8   8   3   0   2   4  11   1   1   9  10   7   0   0   3  0.18 0.19
   35 T    0  2  0  0 -3  1  0 -1 -2 -1 -2  1 -1 -3  1  1  2 -4 -3  0    9  12   4   6   0   6   5   3   1   4   3   7   1   1   8  10  14   0   0   6  0.16 0.18
   36 E    0  1  0  1 -4  1  2  0 -1 -2 -3  2 -2 -4  0  1  0 -4 -3 -1    7   8   4   8   0   6  16   9   1   2   2  11   1   0   5  10   5   0   0   4  0.21 0.20
   37 E    0  2  0  1 -4  1  3  0  1 -2 -3  1 -2 -3 -1  1 -1 -4 -3 -3    8  12   4   7   0   6  22   5   4   3   2   9   0   1   2  10   3   0   0   1  0.29 0.26
   38 K    0  2  0  0 -3  1  1 -1  0 -2 -2  3 -2 -3  1  1 -1 -4 -1 -2    8  14   3   5   0   6   7   5   2   3   3  21   1   0   7   9   3   0   2   3  0.25 0.23
   39 G    0 -1  0  0 -3  0 -1  4  0 -3 -3  0 -3 -3  0  0  0 -4 -1 -1    9   3   4   6   0   5   4  32   2   1   2   7   0   0   5   5   6   0   2   5  0.31 0.24
   40 G    1  2 -1  0 -3 -1  0  3  1 -3 -2 -1 -3 -2  0  1  0 -3 -3 -2   12  11   3   6   0   3   5  24   3   1   3   3   0   1   4  11   6   0   0   3  0.24 0.21
   41 L   -1 -2 -1 -2 -3 -1 -2 -2 -1  1  3 -1  0  0  0  1  1 -3 -1 -1    5   2   2   2   0   2   2   3   1   8  35   4   1   5   5  10   7   0   1   3  0.21 0.21
   42 V    1 -2 -2 -2 -3 -2 -1 -2 -1  1 -1 -1 -1 -2  0  0  3 -4 -3  3   13   2   2   1   0   1   4   3   1   6   6   4   1   1   5   6  19   0   0  24  0.25 0.25
   43 S    0 -1  0 -1 -2  0 -1 -2  0  3 -1 -1 -1 -3 -1  3  1 -3 -2  0    6   4   4   3   1   4   4   3   2  21   4   4   1   0   3  24   7   0   1   5  0.21 0.24
   44 D    1 -2  0  2 -3  0  1 -2 -1 -1 -2 -1 -2 -3  0  0  0 -3  2  2   11   1   3  14   0   5   8   2   1   2   2   3   0   0   4   8   4   0  10  21  0.23 0.26
   45 A    2 -1 -1  4 -3  0  0  0 -1 -2 -3 -1 -2 -4  1  1 -1 -4 -3 -2   21   3   1  23   0   4   4   8   1   2   2   3   1   0   8  12   2   0   1   2  0.37 0.31
   46 Y   -2  0  1 -2 -4 -1  1 -3  2 -1 -3 -2 -3 -1  0  1 -2 -2  6 -1    3   6   6   2   0   3  10   2   5   4   2   2   0   2   5   9   2   0  31   4  0.53 0.39
   47 G    1 -1 -1  0 -3 -1  0  4 -3 -1 -2 -2 -2 -4  0  0  0 -4 -4 -2   13   4   2   6   0   2   5  37   0   5   3   2   1   0   4   6   6   0   0   3  0.44 0.31
   48 E    0 -1  1  2 -4  1  3 -3  5 -4 -4  0 -3 -4 -1  1  0 -4 -3 -2    8   3   7  11   0   6  18   2  18   1   2   5   0   0   3   9   5   0   0   3  0.47 0.35
   49 D   -1 -1 -1  5 -4 -1  2 -2  0 -1 -3  0 -4 -3  0 -1  0 -5 -4 -3    4   3   3  38   0   2  14   3   2   4   2   6   0   1   5   4   5   0   0   2  0.63 0.42
   50 D   -1 -2  2  4 -4 -1  4 -2  1 -3 -3  0 -3 -4 -2 -1 -1 -5 -3 -3    4   2   9  26   0   2  29   3   3   1   2   6   1   0   2   4   4   0   1   2  0.64 0.43
   51 F    0 -1  0  0 -2 -1 -1 -1 -2  1  0 -1  0  1  1  0  0 -3 -1  2    7   2   6   6   0   3   3   4   1  10   9   3   3   8   6   8   6   0   1  16  0.06 0.10
   52 S    3 -1  2 -1 -3  0  0 -2 -1 -2 -2  0 -3 -3  0  3  1 -5 -4 -2   22   3  11   3   0   3   5   2   1   2   3   5   0   1   4  23   8   0   0   3  0.34 0.33
   53 R   -2  4 -2 -3 -1  2  0 -2  1 -2 -2  0  5 -3  2  0  1 -5 -2 -2    2  21   1   1   1   8   7   3   3   2   2   6  16   1  10   6   7   0   1   2  0.43 0.39
   54 P   -1 -3 -1 -2 -4  0 -1 -3 -2 -1 -1  0  0 -3  4  3  2 -5 -4 -1    5   1   2   2   0   3   3   1   1   4   7   5   3   1  22  24  12   0   0   4  0.47 0.41
   55 G    1 -1 -1  0 -3 -1  1  0 -2 -2 -3 -1 -2 -5  5  0  0 -5 -5 -2   11   3   2   5   0   2   9   6   1   2   2   4   1   0  32   8   5   0   0   3  0.56 0.41
   56 G    1 -1  0  1 -4  1  3  2 -1 -1 -2 -1 -3 -2 -1  1 -1 -4 -4 -2   10   3   3   7   0   5  25  16   1   3   5   3   0   2   2   8   3   0   0   3  0.28 0.28
   57 D    1 -1 -2  2 -4  0  0 -1  1 -1 -2 -2 -3 -5  4 -1  0 -5 -4  0   11   3   2  14   0   5   6   4   3   4   5   1   0   0  26   4   5   0   0   6  0.44 0.36
   58 E   -1 -1 -1  2 -5  0  5 -2 -2 -2 -3  0 -4 -5  2  1  0 -5 -2 -2    5   2   2   9   0   2  36   3   1   2   3   6   0   0  10   8   5   0   1   3  0.53 0.43
   59 D   -1 -1  0  4 -5  1  3 -4 -1 -4 -4  0 -4 -5  1  1  1 -5 -3 -3    5   4   4  24   0   5  22   1   1   1   2   4   0   0   6  10   8   0   1   2  0.55 0.42
   60 G    0 -1  1 -2 -3  1 -2  4  0 -1 -2  0 -3 -3  0  1 -1 -5 -3 -2    6   3   7   1   0   7   2  34   3   4   4   7   0   1   5  10   3   0   1   3  0.40 0.33
   61 Y    0  0  0 -2 -3  0  2  0 -1 -1 -1  0  0 -1  1  0  0 -3  2  0    6   5   5   1   0   4  16   6   1   4   6   4   3   2   8   8   5   0   8   6  0.11 0.16
   62 E    0  0  0  1 -4  1  3  0  0 -1 -1  0 -2 -1  0  1  0 -4 -2 -2    8   5   3  10   0   5  19   5   2   5   5   5   1   2   5  12   6   0   1   2  0.16 0.19
   63 E    0 -2 -1  3 -5  0  3  0  0 -3 -2  0 -4 -2  2  1 -1 -5 -3 -3    8   2   2  17   0   4  22   8   2   1   4   5   0   2  11   9   3   0   1   2  0.37 0.33
   64 E    0  0  0  1 -3  1  3 -1  1 -3 -3  0  0 -5  1  2  0 -5 -3 -2    6   5   4   9   0   6  19   4   4   1   1   5   2   0   6  17   6   0   1   3  0.29 0.29
   65 E   -1 -2  0  1 -5 -1  3 -1 -2 -1 -3 -1 -2 -5  2  2  1 -5 -5 -1    5   1   5   9   0   3  25   4   0   3   3   3   1   0  11  14   8   0   0   6  0.38 0.36
   66 D    0 -2  1  4 -3  0 -1 -1  2 -1 -2 -2 -2 -4  2  1 -1 -2 -4 -2    6   2   7  27   0   5   2   5   4   5   4   2   1   0  12   9   4   1   0   3  0.39 0.34
   67 E    0 -1 -2  1 -5  1  4  0  1 -2 -2 -1 -3 -3  1  2 -1 -5 -4 -1    9   3   2   6   0   6  28   6   3   3   3   2   0   1   7  14   4   0   0   4  0.35 0.35
   68 N   -1  0  3 -1 -2  1  0  1  1 -1 -2 -1 -2 -3  1  2  1 -5 -2 -1    5   4  15   3   1   6   6  10   3   4   3   3   0   1   8  14   7   0   1   6  0.19 0.22
   69 S    1 -2 -2  0 -2  0  1 -1 -3  0 -3 -2 -1 -3  2  3  2 -5 -4  1   10   1   1   6   1   4   9   4   0   5   1   2   2   1   9  20  14   0   0   9  0.28 0.32
   70 K    0  2 -1 -2 -4  1  0 -1  0 -1 -2  1 -1 -3  4  1  0 -5 -4  0    7  11   2   2   0   6   5   4   2   3   4  11   2   1  19  11   5   0   0   8  0.30 0.29
   71 Q   -1  0  0  0 -3  4  0 -1  0 -2 -1  0 -1 -4  2  2  0 -5 -4 -1    5   5   4   6   0  21   6   5   3   2   5   5   1   0   9  13   6   0   0   4  0.29 0.32
   72 S   -1  0  1  0 -4  1  0 -1 -1  0 -1  0 -2 -3  1  2  1 -5 -3  1    5   4   6   6   0   6   6   4   1   7   5   4   0   0   6  21   7   0   0  10  0.17 0.23
   73 E    0  0  0  0 -4  1  3 -1  1 -1 -1 -1 -1 -2  1  1  0 -4 -2  0    9   5   4   4   0   8  19   5   3   4   6   3   1   2   6   9   6   0   1   6  0.14 0.18
   74 D   -1 -1  0  2 -2  0  1  1 -1 -1 -2  0  0 -4  2  1  0 -5 -4  0    5   2   4  14   1   4  11  10   1   3   3   6   3   0  11   9   6   0   0   9  0.20 0.22
   75 D   -1 -1  0  4 -5  0  2 -1  0 -2 -3 -2 -3 -4  3  0 -1 -2 -3 -1    4   3   3  23   0   5  12   5   2   2   3   2   0   1  17   7   4   1   1   6  0.42 0.36
   76 D    0 -1  1  3 -3 -1  1 -1  0 -1 -1 -1  0 -4  1  0  0 -5 -2 -1    9   3   6  22   0   3  11   5   2   3   5   2   3   0   6   8   6   0   1   3  0.24 0.24
   77 S    0 -2  0  0 -4  0  0  2 -1 -2 -2 -2  0 -2  2  3  1 -2 -1 -2    7   2   5   6   0   3   6  13   1   3   4   1   2   1  10  23   9   0   2   2  0.24 0.27
   78 E    0 -3 -1  0 -5  2  3  0 -1 -2 -3 -1 -2 -5  3  1 -1 -2 -3  0    8   1   3   5   0   9  22   7   1   2   2   2   1   0  14  10   3   0   1   7  0.35 0.35
   79 T    0 -1  0 -1 -4  1  0 -1 -1 -1 -1 -2  0 -1  2  2  2 -4 -3  0    7   3   5   3   0   6   6   5   2   3   5   1   2   2  10  16  14   0   0   8  0.18 0.23
   80 E    0 -1  1  1 -4  0  2  0  1 -2 -1 -1  0 -2  1  1  1 -4 -2 -1    8   2   6   8   0   3  16   7   3   2   6   2   2   2   7  12   8   0   1   5  0.14 0.18
   81 K   -1  1 -1 -1 -2  1  0  1 -2 -2 -1  0 -1 -4  3  1  1 -5 -3 -1    4   7   3   2   1   8   7  12   1   2   5   5   2   0  16   9  11   0   1   4  0.24 0.25
   82 P   -1 -1 -3  0 -6  0 -1  0 -2 -3 -2 -2  0 -4  6 -1 -1 -6 -6 -1    5   3   1   5   0   4   3   6   1   1   4   3   3   1  48   4   3   0   0   4  1.03 0.67
   83 E    0  0 -1  0 -4  2  2  0  1 -1 -1 -2  1 -4  1  1  0 -1 -3 -1    6   5   2   6   0   9  16   7   4   3   6   1   4   0   8  10   7   1   1   5  0.17 0.22
   84 A    1 -1  0  1 -3  1  0 -1  0 -1  0 -1  0 -2  2  1  0 -4 -3  0   13   2   4   7   0   5   5   5   2   4  10   3   2   1  11  14   6   0   0   5  0.14 0.18
   85 D   -1 -2 -1  4 -4  0  1  1 -2 -2 -2 -1  1 -2  1  2  0 -5 -2 -2    5   2   2  22   0   3   9  10   1   2   3   3   4   2   6  17   5   0   1   3  0.31 0.30
   86 D    0 -1 -2  4 -5  1  2 -2 -1 -2 -3 -2 -1 -3  1  0  0 -1 -1 -2    9   3   1  26   0   8  13   3   1   2   3   1   2   1   7   8   6   1   2   4  0.37 0.34
   87 P    0 -1 -1  1 -3  0 -1 -3  0 -2  0 -3 -1 -2  5  0  1 -2 -2  0    8   3   3   7   1   4   4   2   2   2   9   1   2   2  26   8  10   1   1   6  0.39 0.33
   88 K    0  0  0  0 -3  1  1 -1  0 -1  0  0  1  0  1  1 -1 -1 -1  0    6   4   5   6   0   8   8   4   2   4   7   6   5   5   6  10   3   1   2   9  0.05 0.09
   89 D   -1 -1  2  4 -5  0  2 -1  1 -2 -2 -1  0 -3  1  0 -1 -5 -2 -1    5   3  10  24   0   4  16   5   3   2   3   3   2   1   6   6   3   0   1   5  0.35 0.31
   90 N   -1 -1  2  2 -4  1  0  0  1  0 -2 -1  0 -1  1  2  0 -4 -3  0    3   2  10  13   0   6   5   6   4   7   4   3   2   3   6  15   6   0   0   6  0.16 0.20
   91 T    0 -1 -1  2 -3  0  0 -1  0  0 -1 -2  0 -2  2  1  2 -4 -1 -1    7   4   2  11   0   3   7   5   2   5   8   1   3   1  10  12  13   0   2   4  0.15 0.19
   92 E    0 -1  0  2 -5  1  4 -1  1 -2 -2 -1 -2 -3  0  0  0 -2 -2 -2    7   3   4  12   0   6  29   5   3   3   3   2   1   1   6   8   5   1   1   2  0.35 0.33
   93 A    1 -2  0  1 -1  0  0 -1  1 -1 -1 -1  0 -2  1  2  0 -4  0  0   14   1   4   7   1   5   6   4   3   3   6   2   2   2   8  16   7   0   3   7  0.12 0.17
   94 E    0 -2  1  1 -4  0  4 -2 -1 -1 -3 -2 -1 -2  1  1  0 -5 -4  0    6   1   6   9   0   4  26   3   1   4   2   1   2   2   8  13   4   0   0   6  0.33 0.34
   95 K    0  0  0  0 -4  1  1 -1  0 -1 -2  2  1 -3  3  1  0 -1 -2 -2    6   6   5   5   0   6   8   3   2   3   3  12   4   1  14  10   7   1   2   1  0.21 0.22
   96 R    0  1 -2  0 -1  1  2 -1  0 -1 -2  0  0 -2  1  2  0 -4 -1 -2    7  10   1   4   1   6  13   5   2   3   4   6   2   2   8  17   4   0   2   3  0.16 0.20
   97 D   -2 -2  0  4 -1  1  1 -1  0 -2 -2 -2 -2 -1  0  2 -1 -5 -1 -1    3   2   5  24   1   8   7   4   2   2   5   1   1   2   5  18   4   0   2   4  0.33 0.32
   98 P    0 -1 -1  1 -5  0  0 -1 -2 -1 -2  0 -2 -3  6 -1 -1 -5 -3 -2    8   3   3   8   0   5   7   4   1   4   4   5   1   1  37   3   3   0   1   3  0.66 0.47
   99 Q    1  0  0  0 -1  2  1 -1  1 -2 -1  0  0 -1  1  1  0 -3  1 -1   10   3   4   6   2  10  10   4   3   2   4   3   2   2   6  13   6   0   6   3  0.12 0.16
  100 E    0 -1 -1  2 -2  0  4 -2 -3 -3 -2 -2  0 -5  1  2  1 -5 -3 -2    6   2   2  12   1   4  28   2   0   1   3   2   2   0   6  14   9   0   1   3  0.42 0.38
  101 L    1  0  0  0 -2  0  1 -2  0 -1  1 -1 -1 -1  1  1  0 -3 -1 -1   11   6   4   4   1   5   8   2   2   3  18   2   1   2   7  10   7   0   2   5  0.07 0.12
  102 V    0 -1  0  0 -3  0  0  0  0  0 -1 -1  0 -1  1  1  1 -3  0  1    7   3   5   5   0   3   8   6   2   4   5   3   2   3   6  10  10   0   3  16  0.06 0.11
  103 A    1  2  0  0 -1  0  1  0 -1 -1 -2  0  1 -4  1  1  0 -4 -3 -1   14  16   4   4   1   5   7   7   2   3   3   4   4   0   6  11   5   0   0   4  0.16 0.19
  104 S    1  0  0  1 -1  1  1 -1  0 -2 -1  0  0 -3  1  2  0 -4 -1 -1   16   4   5   8   1   5   9   4   2   2   6   4   2   0   5  15   5   0   2   4  0.13 0.17
  105 F   -1  0  0  1 -2  0  0 -1  0  0  0 -1  0  1  0  0  0  1  0  0    4   4   5   9   0   4   4   4   3   7  11   4   3   7   5   9   6   3   4   6  0.03 0.05
  106 S    0  1  1  0 -3  0  0 -1  1  0 -1  0  0 -1  0  1  0 -3  0 -1    8   8   6   5   0   5   5   5   3   5   7   4   3   3   4  15   5   0   4   5  0.06 0.09
  107 E    0  2 -1  1 -2  1  3 -2  2 -3 -2  1 -2 -4  1  0 -1  2 -1 -2    7  13   1   8   1   5  24   3   6   1   3   7   1   0   7   5   3   3   2   2  0.31 0.24
  108 R    0  1  1  1 -2  0  1  0  0 -2 -1  1 -1 -1  1  0  0 -1 -1 -2    6  10   9   8   0   2   9   6   2   3   5  10   2   2   9   7   5   1   1   2  0.13 0.10
  109 V    0 -1 -1 -1 -3  0 -1 -2 -1  2  2 -1  0  0  0 -1 -1 -3 -1  2    7   3   2   4   0   5   4   3   1  11  21   3   1   4   6   3   2   0   1  19  0.12 0.14
  110 R   -1  3 -1  1 -3  0  1 -2  1 -3 -2  1 -2 -4  2  0  2 -4 -2 -2    3  21   2   8   0   4  11   2   4   1   3   6   1   0  10   5  14   0   1   3  0.32 0.24
  111 N   -1  0  3  2 -2  0  0 -2 -1  0  0 -1  0 -2  0  0  0 -4 -2 -2    6   5  20  13   1   2   7   2   1   7  12   3   3   1   4   7   4   0   1   1  0.17 0.17
  112 M    0  0 -2  0 -2 -2 -1 -2 -2 -1  0 -1  4 -2  4 -1 -1 -4 -1  0    7   4   1   7   1   1   5   2   1   2  10   2  16   1  25   4   3   0   2   7  0.42 0.28
  113 S    0 -2 -1  3 -3  0  0  0 -1 -2 -2 -1 -1 -3  1  3  1 -1 -3 -2    7   2   1  21   0   3   4   6   1   1   4   2   1   1   7  24  11   1   1   3  0.32 0.24
  114 P    0 -2 -2 -1 -2 -1  0 -1  2  0  0 -1 -1 -2  5 -1 -1 -3 -2  2    6   2   1   3   1   2   6   5   5   5  10   3   1   1  28   4   2   0   1  15  0.37 0.22
  115 D   -1 -1 -1  4 -3  1  1 -2 -2 -3  0 -1 -2 -3  3 -2 -2 -4  1 -2    3   3   1  23   0   8  11   2   0   1  13   2   1   1  18   1   1   0   5   3  0.42 0.28
  116 E   -1 -1  3  3 -4  0  3  0 -1 -3 -2  0  0 -3 -1  0 -2 -4 -3 -3    3   3  15  22   0   3  21   7   1   1   5   4   3   1   3   6   1   0   0   0  0.41 0.26
  117 I   -2 -1 -2 -2 -2 -1 -2 -3 -3  2  1  1  1  2 -1 -1  0  5  0  2    2   2   1   1   1   2   1   0   0  16  11  10   4   9   3   5   5  10   2  14  0.26 0.19
  118 K   -1  1  0  1 -3  1  1  2 -1 -2 -2  1 -2  2 -2  0  0 -2 -2 -2    3   7   2  10   0   7   8  15   1   2   3   9   1  12   1   6   8   0   0   2  0.14 0.14
  119 I   -4 -5 -5 -5 -4 -3 -2 -6 -5  6  4 -5  1 -3 -3 -2 -3 -1 -4  0    0   0   0   0   0   1   3   0   0  47  38   0   2   0   2   3   0   1   0   2  1.11 0.52
  120 P   -4 -5 -3 -5 -6 -5 -2 -5 -3 -6 -6 -5 -6 -4  8 -1 -4 -7 -6 -6    0   1   1   0   0   0   3   1   1   0   0   0   0   1  86   5   1   0   0   0  2.66 0.95
  121 P   -2 -5 -3 -2 -6 -4 -3 -4 -3 -4 -4 -4  0 -6  8 -1 -3 -7 -6 -5    2   0   1   2   0   0   1   1   1   1   1   0   3   0  79   5   1   0   0   0  2.28 0.85
  122 E    0 -2 -2 -1 -4 -1  5 -2 -3 -3 -1 -2 -4 -4  3  2 -2 -5 -3 -1    7   2   1   1   0   0  39   3   0   1   5   1   0   1  16  18   1   0   1   4  0.65 0.42
  123 P   -2 -5 -5 -5 -4 -3 -1 -5 -3 -5 -4 -4 -5 -6  8 -1  0 -6 -6 -2    3   0   0   0   0   1   3   0   1   0   1   0   0   0  76   5   6   0   0   3  2.17 0.82
  124 P   -1 -2  0 -1 -4  1  0 -2 -3 -3 -4  1 -4 -5  5  1  2 -5 -4 -2    5   2   5   3   0   6   5   3   0   2   1  10   0   0  34   8  14   0   0   2  0.68 0.38
  125 G    0 -3 -2 -1 -3 -1  1  5 -2 -4 -2 -1 -4 -3 -3 -1  1 -5 -3 -2    8   1   1   2   0   2   9  52   1   1   4   4   0   1   1   2   8   0   0   3  0.74 0.40
  126 R   -1  3 -1  0 -4  2  2 -3  0 -4 -4  3 -3 -4  2  2 -1 -5 -4 -4    4  20   2   4   0   8  12   1   2   1   1  19   0   0   9  16   2   0   0   0  0.48 0.32
  127 C   -1 -6 -4 -5  9 -5 -5 -5 -4  0 -2 -5 -4 -5  4 -4 -4 -1 -2  0    5   0   1   1  54   0   1   1   0   6   3   0   0   0  20   0   0   1   1   7  1.93 0.75
  128 S   -2 -3  1  4 -5 -3 -1 -3 -4 -5 -4 -2 -4 -2  4  4 -1 -6 -5 -4    1   1   7  23   0   0   2   1   0   0   1   1   0   2  24  32   3   0   0   1  0.89 0.50
  129 N    0 -2  0  0 -4  0  1 -1 -3 -2 -2 -1  0 -3  5  1  0 -5 -4 -3    7   2   5   6   0   4   9   3   0   2   3   4   2   1  36   9   6   0   0   1  0.63 0.33
  130 H    2 -1  0  1 -4  1  4 -2  2 -3 -3  0 -3 -4 -2  0 -1 -4 -2 -2   21   3   3   8   0   6  28   2   6   1   1   4   0   0   1   7   3   0   1   3  0.40 0.28
  131 L    0 -3 -4 -4 -3 -4 -4 -5 -4  1  5 -4  1 -2 -2 -2  0 -4 -3  0    6   1   0   1   0   0   0   0   0   8  62   0   2   0   2   2   7   0   0   6  0.82 0.42
  132 Q   -1  0  1  0 -4  6  1 -2 -2 -3 -3  1 -1 -5 -2 -1  0 -4 -4 -2    3   3   7   4   0  45   8   3   0   1   2   6   1   0   1   4   6   0   0   3  0.75 0.44
  133 D    2  0  0  2 -3  1  3 -2 -2 -3 -2  1 -3 -4 -3  0 -1 -4 -3 -1   22   5   3  14   0   4  23   2   0   0   5   9   0   0   0   4   3   0   0   6  0.35 0.26
  134 K   -2  2 -1 -4 -5  0 -2 -4 -4 -3 -4  7 -2 -5 -4 -1 -2 -5 -5 -4    3   8   2   0   0   3   1   0   0   2   1  72   1   0   0   3   2   0   0   1  1.46 0.65
  135 I   -3 -4 -5 -5 -4 -4 -5 -5 -4  5  1 -4 -1  5 -4 -4 -2 -3 -1  2    1   0   0   0   0   0   0   1   0  40   8   0   1  26   0   1   1   0   1  16  1.03 0.45
  136 Q    2  0  1  1 -1  1  2 -2 -1 -1 -1  0 -1 -2 -2  0  1 -3 -1 -1   20   4   8   8   1   8  13   1   1   2   7   5   1   1   0   6   8   0   2   4  0.14 0.14
  137 K   -2  2  1 -2 -4  3  0 -2  4 -3 -3  4 -2 -4 -3 -1 -1 -3 -3 -3    2  12   7   2   0  15   4   2  10   1   2  33   1   0   0   2   4   0   0   1  0.62 0.36
  138 L    0 -4 -4 -5 -1 -4 -3 -4  0  0  2 -3  0  6 -4 -4 -3  2  2 -2    8   0   0   0   1   0   1   1   3   4  24   1   2  44   0   1   1   2   5   1  0.95 0.43
  139 Y   -3 -3 -4 -2  2 -2 -4 -4  2  0  3 -3  1  3 -4 -3 -2 -1  4  0    1   1   0   2   5   1   0   1   6   4  36   1   2  12   0   1   2   0  19   4  0.60 0.33
  140 E    0  2  0  1 -4  2  3 -2  1 -3 -3  1 -3 -3 -3  1  0 -4 -3 -3   10  14   3   8   0   8  26   2   3   1   2   6   0   1   0  11   4   0   0   1  0.41 0.27
  141 R   -3  2 -3 -3 -4 -1 -2 -3  0  0  3  2 -1 -2  1 -3 -3  1  1 -1    1  14   1   1   0   3   1   2   2   3  38  15   1   0   6   1   1   2   5   3  0.40 0.30
  142 K   -2  1 -2 -2 -4  1 -2 -4 -3 -3 -2  6  4 -4 -4 -2 -2  2  0 -4    3   8   1   1   0   6   1   1   0   1   2  54  13   0   0   2   1   3   3   1  1.00 0.49
  143 I    0  2  0 -1 -2  1  2 -1  0  0  0  1  0 -2 -1  0  0 -2  0  0    6  13   5   2   1   8  14   3   2   7   7   7   2   1   2   6   3   0   3   6  0.09 0.07
  144 K    0  2  0  1 -3  2  0 -2  1 -3 -1  4 -2 -3 -3  0  0 -3  0 -3    8  11   4   7   0   8   6   1   3   1   7  28   0   1   0   6   5   0   4   0  0.30 0.22
  145 E    0  1  0  1 -2  2  2  0 -1 -2 -2  1 -1 -1 -1  0  0 -3 -2 -2    7   9   5   9   1  13  13   9   0   3   2  10   1   4   1   5   6   0   1   1  0.19 0.13
  146 G   -2 -2  2  1 -4 -2 -2  6 -3 -4 -4 -2 -4 -4  0 -2 -3 -4 -4 -4    3   2   9   8   0   1   2  62   0   1   1   3   0   0   4   2   1   0   0   1  1.13 0.45
  147 M   -1  0 -2 -2 -1  1 -2 -3  0  1  1  2  3  0 -3 -2  0 -3 -1  2    3   6   1   1   1   6   1   1   2  10  10  15  12   5   1   1   7   0   2  15  0.17 0.16
  148 D   -3 -1  1  4 -4  0 -2 -3  7 -4 -4  0 -4 -4 -4  1 -1 -2 -1 -4    1   3   5  30   0   4   1   1  28   0   2   5   0   0   0  13   4   1   2   1  0.94 0.44
  149 M   -3 -4 -4 -5 -4 -4 -4 -1 -2  0  1 -1  5  6 -2 -4 -2 -1  0  0    1   0   0   0   0   0   0   5   1   3  10   4  16  45   2   1   3   1   1   7  0.94 0.43
  150 N   -4  0  7 -2 -5 -1 -2 -3  0 -3 -2  0  0 -5 -4 -1 -2 -5 -4 -3    1   5  67   0   0   2   1   1   2   1   5   4   2   0   0   4   2   0   0   1  1.42 0.59
  151 Y    1  0  0  1  0  1  2  0  0 -2 -2  1 -1 -2  0  0  1 -3  0 -2   15   3   3  10   2   6  15   6   2   1   2   8   1   1   4   7   9   0   3   2  0.16 0.12
  152 I   -1  2  0  0 -3  1  1 -2  0  1  0  2  0 -2  0  1  0 -3 -2 -1    3  13   4   5   0   5   7   1   3  14   8  13   2   1   4  11   4   0   1   3  0.11 0.12
  153 I   -3 -4 -5 -5 -3 -4 -5 -5 -5  4  4 -4  1 -2 -4 -4 -3 -4 -3  2    1   0   0   0   0   0   0   1   0  27  51   0   2   0   0   1   0   0   0  14  1.04 0.43
  154 Q    1  2 -2 -2 -2  3  1 -2 -1  1 -2  0  1 -2  1  0  0 -3 -2 -1   14  13   0   0   1  19  10   1   1   9   2   3   4   1   6   5   6   0   1   3  0.23 0.20
  155 R    1  2  2  2 -1  2  0  1  0 -3 -3  1 -3 -3 -2  1 -1 -4 -3 -3   12  10  11  10   1  11   3   8   2   1   1  11   0   1   0  14   1   0   0   0  0.27 0.19
  156 K   -1  2  2 -1  2  1 -1 -3  0 -1 -3  3 -2 -4 -3  3 -1 -4 -3 -3    1  13  11   2   4   7   1   0   2   4   1  19   1   0   0  29   2   0   0   0  0.44 0.30
  157 K   -1  2 -2 -3 -4  0  0 -2  3 -2 -3  5 -2 -4 -1  2  0 -4 -3 -3    4  12   0   0   0   2   4   1   8   2   1  41   1   0   3  14   4   0   0   1  0.59 0.34
  158 E    1 -1  0  2 -1 -1  1 -1 -2 -2  0 -1 -1 -3  1  1  0 -3 -2  0   17   3   5  12   1   2  10   4   0   1   8   2   1   0   6  14   4   0   0  11  0.14 0.13
  159 F   -1 -4 -4 -4  3 -4 -4 -4 -3 -1  2 -4  1  6 -4 -3 -3  2  4 -2    5   1   0   1   6   0   1   1   0   2  20   1   3  42   1   1   1   2  13   2  0.95 0.39
  160 R   -1  5  0 -2 -2  0 -2 -3 -1 -2 -2  3 -3  0 -3 -2 -3  1  1 -3    4  44   4   1   1   3   1   2   1   2   2  18   0   5   1   1   1   2   6   1  0.72 0.36
  161 N   -4 -3  8  0  2 -3 -3 -3 -3 -5 -5  0 -5 -5 -4  0 -3 -6 -5 -5    1   0  77   4   4   0   0   0   0   0   1   4   0   0   0   6   0   0   0   0  1.88 0.70
  162 P   -4 -4 -4 -4 -5 -4 -1 -5 -5 -5 -3  0 -5 -5  8  0 -4 -6 -5 -5    1   0   0   0   0   0   4   0   0   0   3   5   0   0  78   6   0   0   0   0  2.19 0.74
  163 S    0  1  0  1 -1 -1 -1  0  2 -3 -3 -1  0 -2 -3  4  0 -3  1 -3    6   7   3   9   1   2   2   7   6   1   2   1   2   1   1  40   4   0   5   1  0.37 0.27
  164 I   -1 -3 -3 -4 -1 -2 -3 -4  1  5  2 -3  1  2 -3 -2 -2 -3 -1  0    5   1   1   1   1   2   1   1   4  38  23   1   4  11   1   3   1   0   1   4  0.53 0.28
  165 Y   -2 -4 -4 -4 -1 -3 -4 -4 -2 -1  4 -4  4  2 -4 -2 -1 -2  6 -2    2   0   0   0   1   0   1   1   1   1  40   0  10   6   0   2   3   0  29   1  0.86 0.40
  166 E    1 -1 -1  2 -3  2  3 -3  0 -3 -1  0 -2 -4  0  0  0 -4 -3 -2   13   3   1  11   0  10  28   0   2   0   7   5   1   0   5   8   4   0   0   1  0.34 0.23
  167 K   -2  0 -1 -3 -4  1 -2 -3  3 -4 -3  6 -2 -4 -3 -1  1 -2 -3 -1    1   3   3   0   0   7   1   1   9   0   2  55   1   0   0   3  10   1   0   4  0.87 0.43
  168 L    0 -3 -4 -4  0 -3 -4 -4 -4  0  5 -2  3 -1 -1 -3 -2 -3 -3  0    9   0   0   0   2   0   0   0   0   3  58   3  10   2   4   1   1   0   0   4  0.71 0.36
  169 I   -2  0 -4 -4 -1 -2 -3 -4 -4  3  1 -3  5 -2 -4 -2 -1 -4 -3  3    2   7   0   0   1   2   0   0   0  21  13   1  16   0   0   3   3   0   0  29  0.57 0.31
  170 Q    0  1 -1  3 -3  3  3 -1 -1 -3 -2  0 -3 -4 -1  1 -1 -4 -3 -2    9   9   1  18   0  14  19   4   1   1   3   4   0   0   3  10   2   0   0   2  0.35 0.23
  171 F   -3  0 -1 -2 -4 -2 -3 -4  5 -3  0 -3 -2  6 -4 -3 -2  2  4 -3    1   5   2   2   0   1   0   0  14   0   8   1   0  42   0   2   2   3  15   0  0.98 0.42
  172 C    2 -3 -3 -3  6  1 -2 -3 -2 -1  0 -3 -1  2 -3 -1 -2 -3  0  2   19   0   1   1  20   9   1   1   0   2   9   0   1  11   0   5   1   0   2  15  0.42 0.27
  173 A    0 -1  1  3 -4 -1  2  4 -2 -4 -4 -2 -4 -4 -3  1 -2 -4 -4 -3    6   3   5  19   0   1  13  38   1   0   1   1   0   0   0  10   0   0   0   1  0.66 0.32
  174 I   -1 -4 -4 -4 -3 -4 -2 -5 -4  6  2 -4  0 -2 -4 -3 -1 -4 -3  2    4   0   0   0   0   0   3   0   0  51  18   0   2   0   0   0   4   0   0  14  0.86 0.39
  175 D   -3 -3  2  6 -5 -2  1 -2 -2 -4 -2 -1 -4 -4 -3 -1 -1 -5 -2 -4    1   0   8  61   0   1   6   2   1   1   4   3   0   0   0   4   4   0   2   1  1.13 0.47
  176 E   -2 -2 -3 -1 -5  5  6 -3 -1 -5 -5 -2 -4 -5 -1 -2 -3 -5 -4 -4    3   0   0   2   0  28  57   2   1   0   1   0   0   0   2   2   0   0   0   0  1.36 0.59
  177 L   -2  0 -1 -3 -2 -2 -2 -3  1  2  1  1  0  1 -4 -2  0 -2  5  0    1   5   2   0   1   1   1   1   2  14  14   9   1   5   0   2   6   0  30   4  0.44 0.27
  178 G    2 -1 -1 -2 -3 -1 -1  5 -2 -4 -2 -2 -3 -3 -3  0 -1 -4 -4 -3   18   4   1   2   0   3   4  51   1   0   5   1   0   1   0   5   2   0   0   1  0.73 0.34
  179 T   -2 -3 -3 -3 -3 -3 -3 -4 -4 -3 -1 -3  1 -4 -3  4  5 -4  0  0    0   0   0   0   0   0   0   0   0   0   6   0   3   0   0  30  48   0   3   6  0.95 0.49
  180 N   -1 -2  5 -2  3 -2 -3 -1 -2 -2 -2  0  1  1 -1  1  1 -4 -1 -2    4   1  38   0   8   0   0   3   0   1   2   5   5   6   2  10   9   0   2   2  0.53 0.34
  181 Y   -1 -4 -5 -5  0 -4 -3 -5  2  0  3 -4  1  4 -5 -4 -3  4  4  0    4   0   0   0   2   0   2   0   5   2  32   0   2  22   0   0   0   6  16   7  0.73 0.35
  182 P    0 -2 -1  0 -4 -2 -2 -2  0 -3  0 -1 -3  1  5  2 -1 -4 -3 -2    7   2   2   6   0   1   1   2   3   0  11   3   0   6  35  17   2   0   0   1  0.63 0.33
  183 K   -1  1 -1 -2 -4  2 -1 -3  0 -2 -1  4 -1  1  3 -1  0 -4 -2 -2    4   8   3   1   0   8   2   0   2   2   5  31   1   8  14   3   6   0   0   1  0.38 0.26
  184 D   -1 -2  1  5 -5 -1  3  0  1 -2 -4  0 -4 -3 -4  0  0 -5 -3 -3    5   2   5  32   0   1  25   7   3   2   1   4   0   1   0   5   5   0   0   1  0.62 0.37
  185 M   -1 -1 -3 -3  0 -2 -3 -3 -4  2  2 -2  3  2 -4 -2 -2 -3 -1  3    6   4   1   1   2   1   1   2   0  13  21   1   9   8   0   1   1   0   2  25  0.35 0.24
  186 F   -2 -5 -5 -6  1 -5 -3 -3 -2 -1 -1 -5 -3  6 -6 -5 -5  9  4 -2    4   0   0   0   3   0   2   2   1   4   5   0   0  32   0   0   0  33  12   2  1.70 0.66
  187 D   -2 -4  3  6 -5 -1 -2 -4  0 -2 -2 -3 -2 -5 -4 -2 -1 -6 -5 -1    3   0  14  60   0   3   1   0   2   3   5   0   1   0   0   1   3   0   0   4  1.22 0.56
  188 P   -2 -3 -5 -3 -5 -4 -3 -3 -3 -3 -5 -4 -2  0  8 -2 -3 -6 -5 -1    4   1   0   2   0   0   1   2   1   1   1   0   1   5  73   2   1   0   0   5  1.98 0.77
  189 H    0  1  1  0 -2  0  0 -2  5 -2  0  0 -1 -1 -2  0  1 -3  1 -1    6   7   7   5   0   2   5   2  19   0   9   5   1   2   1   8   9   0   6   5  0.22 0.20
  190 G    1  0  0  2 -2 -1 -2  4 -2 -2 -3  0 -2 -4 -2  0 -1 -4 -4 -1   13   5   3  11   1   1   1  35   1   2   1   6   1   0   1   7   4   0   0   5  0.39 0.25
  191 W   -2 -4 -4 -5 -3 -4 -3 -5 -3  0  1 -4 -2  5 -5 -4 -3  7  4  0    3   0   1   0   0   0   2   0   0   4  16   1   0  29   0   0   1  20  15   7  1.14 0.49
  192 S   -2  0 -1  2 -5  0 -2  1 -1 -5 -3  0 -4 -5  6  0 -1 -5 -4 -4    3   6   2  12   0   4   2   9   2   0   2   5   0   0  41   8   3   0   0   0  0.87 0.42
  193 E   -1  2 -1  1 -4  0  3 -3 -1 -4 -3  3 -3 -4  3  0 -1 -5 -4 -2    4  10   1   8   0   2  22   1   1   0   2  21   0   0  15   6   3   0   0   2  0.50 0.31
  194 D   -3 -2 -1  3  1  0  3 -1  0 -5 -4 -1 -3 -3 -4  1 -2  7 -1 -4    1   2   2  17   3   3  25   5   2   0   1   3   1   1   0  11   1  19   2   0  0.80 0.43
  195 S    3 -2 -3  3  3 -3 -1  0 -1 -4 -4 -3 -2 -3 -1  2 -2  5 -2 -3   30   1   0  16   7   0   4   8   1   0   0   0   1   1   3  17   0   9   1   1  0.57 0.39
  196 Y   -4 -2 -1 -3 -5 -3 -5 -4  1 -2 -1 -4 -3  5 -5 -2 -1 -2  7 -4    0   3   3   2   0   1   0   1   3   2   7   0   0  24   0   2   4   0  48   0  1.40 0.62
  197 Y    2  0  0 -4  1 -3 -3 -3 -1 -1 -2  2 -2  0 -2 -2 -3 -1  6 -1   18   6   4   0   3   0   1   1   1   3   2  15   1   2   2   2   0   0  36   4  0.68 0.43
  198 E   -2 -2  0  5 -6 -1  5 -2 -2 -6 -5 -2 -5 -6 -4 -2 -2 -6 -4 -5    3   1   3  36   0   1  44   3   1   0   1   2   0   0   0   2   2   0   0   0  1.21 0.58
  199 A    2  1 -1 -1 -4  2  4 -1 -2 -4 -4  2 -3 -5 -1  0 -2 -2 -4 -3   16   8   3   3   0  11  29   4   0   0   0  14   0   0   3   7   1   1   0   1  0.48 0.33
  200 L   -3 -5 -6 -6 -4 -5 -5 -6 -2  4  5 -5 -1 -3 -5 -3 -1 -5 -4 -2    1   0   0   0   0   0   0   0   1  27  64   0   0   0   0   2   4   0   0   0  1.27 0.59
  201 A    4  1 -2 -2 -3 -1  2 -1 -1 -2  0  0 -1 -3 -1  0 -2 -2 -3 -2   38  10   1   2   0   2  13   4   1   1  10   4   1   1   2   6   0   1   1   2  0.32 0.29
  202 K    0  0  1  0 -2  1  0  0  2  0  0  0  1  0 -2  0  0 -2 -1  0    6   6   6   6   0   6   6   6   6   6   6   6   6   6   0   6   6   0   0   6  0.04 0.07
  203 A    1  0  0  1 -2  0  1 -1  0 -1 -1  0  0  0 -2  1  0  2  0  0   11   6   3   8   0   3   8   3   3   3   5   5   3   4   0  12   7   3   4   8  0.06 0.09
  204 Q   -3  1 -1 -1  1  6 -2 -1  1 -4 -1 -1  4 -4 -4 -2 -3  2 -4 -1    0   6   3   3   3  46   0   5   3   0   4   3  12   0   0   3   0   3   0   4  0.93 0.60
  205 K   -1  3  0  1 -4  2  1 -1  0 -2 -3  3 -1 -4  0 -1 -1 -4 -3 -2    4  15   4   6   0  11   9   4   2   2   2  25   2   0   5   3   3   0   0   2  0.37 0.31
  206 I    1  2  0  1 -1  1  1 -1  0  0 -1  2 -1 -3 -3  0  0 -4 -2 -1   12  14   4   7   1   6  11   3   2   6   4  13   1   0   0   4   6   0   1   3  0.17 0.18
  207 E    0  1 -2 -1 -1 -1  4 -2  0  1  0 -1  1 -1 -3 -1 -2 -1  0  0    8   8   2   2   1   2  30   3   3   9  11   1   3   2   0   3   1   1   3   7  0.26 0.27
  208 M    0  3 -1 -2 -1  1  1 -3 -1 -1  0 -1  5 -2 -2  0 -1 -4 -1 -1   10  17   2   2   1   6   8   1   1   2   9   2  19   1   1   7   4   0   2   3  0.32 0.31
  209 D   -1  0 -1  3 -5  0  4 -3 -1 -2 -3  2 -1 -5 -2 -1 -2 -5 -2 -2    6   6   3  14   0   3  33   2   1   2   2  15   2   0   2   4   1   0   1   3  0.56 0.41
  210 K    1  4 -2 -2 -5  2  2 -2 -1 -3 -4  4 -4 -5 -3 -2 -3 -5 -4 -2   10  26   2   1   0   9  14   3   1   1   1  24   0   0   1   2   0   0   0   3  0.70 0.47
  211 L    0  4 -3 -1 -4  1  0 -3 -2 -1  1  3 -1 -1 -4 -1 -1 -4 -2  0    7  24   0   2   0   5   7   2   1   3  15  19   1   2   0   3   3   0   1   5  0.34 0.30
  212 E    1 -1 -1  0 -5  3  5 -3  0 -5 -4  0 -2 -5 -4  0 -2 -5 -4 -3   14   3   2   4   0  11  46   2   2   0   2   5   1   0   0   5   1   0   0   1  0.82 0.54
  213 K    1  2 -1 -1 -4  3  2 -2 -1 -4 -3  4  0 -3 -1 -2 -2 -4 -3 -3   14   9   2   2   0  15  14   2   1   0   2  28   3   1   2   1   2   0   1   2  0.52 0.40
  214 A    3  0 -2  0 -4  1  3 -2 -3 -3 -2  1 -1 -2 -3  0  0 -4 -2 -3   29   6   1   3   0   7  24   2   0   1   4   7   2   2   0   4   6   0   1   0  0.42 0.37
  215 K   -1  4 -2 -3 -2  3 -1 -4 -3 -3 -2  4 -1 -5  1  0 -2 -5 -4 -2    5  24   1   0   1  11   2   0   0   2   3  30   1   0   6   7   1   0   0   3  0.67 0.46
  216 K    0  1 -2 -2 -5  1  0  3 -1 -3 -3  5 -4 -5 -4 -1 -1 -5 -4 -3    6   8   1   1   0   6   5  23   1   2   2  36   0   0   0   4   3   0   0   1  0.60 0.42
  217 E   -1  0  1  1 -4  3  2  1 -2 -4 -3  3 -3 -5  0 -1 -1 -4 -4 -3    3   4   7   7   0  15  16  12   0   0   2  22   0   0   4   3   2   0   0   1  0.45 0.34
  218 R   -1  6  1 -3 -3  0 -2 -1 -2 -5 -3  2 -2 -5 -2 -1 -1 -5 -4 -3    4  49   7   0   1   4   2   4   1   0   2  12   1   0   2   5   4   0   0   1  0.88 0.52
  219 T    0  1  0  1 -3  0  0  0  1 -1 -1  0  0 -3  1  1  1 -3 -2 -1    5   7   4  10   0   5   7   7   5   4   4   5   3   0   7  11  14   0   0   4  0.12 0.13
  220 K    0  1  0  0 -3  1  0  0  1 -1 -1  2 -2 -1  1  0  0 -3 -2 -1    8   7   4   3   0   6   4   6   4   3   6  20   0   4   7   7   6   0   0   3  0.12 0.14
  221 I   -1  0 -1 -3 -3  0 -1 -2 -3  3  0  0  1  0 -1 -1  0 -3 -2  2    4   5   3   0   0   4   5   3   0  27   8   6   2   3   3   4   4   0   0  18  0.20 0.22
  222 E    0 -1  1  3 -4  1  3 -2  2 -3 -2  0 -3 -4 -1  0 -1 -4 -3 -2    7   2   5  21   0   7  25   2   5   0   3   6   0   0   2   6   4   0   0   3  0.41 0.30
  223 F   -1 -1 -1 -3 -4  0 -2 -4 -1  0 -1  0 -2  6 -4  1  0  2  0 -2    4   3   2   0   0   6   2   1   2   4   3   6   0  44   0  10   5   3   2   2  0.65 0.42
  224 V    0 -1  0 -1 -2  0  0 -2 -3  1 -1 -1  0 -3 -1  0  2 -4 -3  3    9   4   4   2   0   4   5   2   0   7   3   3   2   0   2   6  13   0   0  33  0.21 0.24
  225 T    1  0  0  0 -3  0 -1  0  0 -3 -3  1 -1 -4  3  3  2 -4 -3 -2    9   3   3   4   0   3   2   5   2   0   2   9   1   0  14  24  13   0   0   2  0.33 0.27
  226 G    2 -1  0 -1 -3  0 -2  4 -3 -2 -2 -1 -1 -2  1  1 -1 -4 -3 -2   23   3   3   2   0   3   2  31   0   1   3   2   2   2   6  12   2   0   0   1  0.39 0.29
  227 T    1  0  0 -1 -1  0 -1  1 -1 -1 -1  0 -1 -3 -2  2  3 -3 -3  0   11   6   3   1   1   4   2   9   1   2   6   7   1   0   0  17  22   0   0   6  0.20 0.22
  228 K    1  1  1 -1 -2  1  0  0  0 -1 -2  2 -1 -2  0  2  1 -3 -2 -1   10   7   7   1   0   6   6   6   2   3   4  14   2   1   4  17   7   0   0   3  0.15 0.15
  229 K    0  0  1 -1 -3  2  0 -1 -1 -1 -2  2 -1 -3  2  1  1 -1 -3 -2    6   4   8   1   0  10   4   4   1   3   3  19   1   1  10  14   8   1   0   2  0.23 0.22
  230 G    1 -1  0 -1  0  0 -1  3 -2 -3 -2 -1  0 -2  2  0  0  2 -1 -1   12   3   5   3   2   5   3  22   0   1   3   4   3   1  13   8   5   3   2   5  0.22 0.18
  231 T    1 -2  0  1 -2  0  0  0  0 -1 -2  0  0 -2  2  2  2 -3 -2 -1   11   1   4   8   0   4   5   7   3   3   3   4   3   2   9  15  15   0   1   3  0.16 0.17
  232 T    0  0  1  0  0  0  0  0  0  0 -1 -1 -1 -3  1  2  1 -1 -2  0    7   5   6   4   2   5   5   8   2   5   4   3   1   0   7  18   7   1   0   9  0.09 0.12
  233 T    1  0  0  0 -1  0 -1  0 -1 -1 -2 -1 -2 -2  1  3  2 -3 -3  0   11   5   3   4   1   5   1   5   1   4   4   3   0   1   7  23  14   0   0   6  0.19 0.21
  234 N    1  0  2  1 -3  0  0  1 -1 -2 -2  0 -1 -2  1  1  1 -1 -2 -1   12   6  10   8   0   5   3   9   1   2   4   3   1   1   7  14   9   1   1   3  0.14 0.14
  235 A    3  0  0 -1 -1  0 -1  0 -1 -2 -2  0 -1 -3  1  2  1 -3 -3 -1   27   5   4   4   1   4   3   6   1   1   4   5   1   0   7  14   8   0   0   4  0.21 0.21
  236 T    1  1 -1 -1 -2  0 -1  0 -1 -1 -2  0  0 -1  2  1  1 -3 -2 -1   12  10   2   3   0   4   3   8   1   3   3   7   3   3  10  13  10   0   0   5  0.13 0.14
  237 A    1  1  0 -1 -2  0 -1  0  0 -1 -2  1 -2 -3  1  2  1 -3 -2 -1   14   7   4   3   0   3   2   8   2   3   4  12   0   0   6  15  11   0   0   5  0.15 0.16
  238 T    0  0  0 -1 -3 -1 -1  0 -1  0 -2  1 -1 -2  2  1  2 -3 -2  0    9   5   5   3   0   1   3   5   1   6   3   9   1   1  12  12  15   0   1   7  0.16 0.16
  239 S    2  0  0 -1 -2 -1 -1  0 -1 -2 -3 -1 -2 -3  3  3  1 -4 -3 -2   16   5   5   4   1   3   3   7   1   2   2   2   1   1  15  22   8   0   1   3  0.32 0.27
  240 T    1 -1  1 -1 -3 -1  0  1  0 -1 -2  0  1 -2  2  2  1 -4 -2 -1   13   3   8   2   0   1   4  10   2   3   2   4   5   1  10  16  11   0   1   4  0.19 0.19
  241 S    2  0  1 -1 -3 -1 -2  1 -1 -1 -2  0 -2 -4  2  2  1 -4 -3 -2   18   6   8   2   0   3   1  10   1   3   2   5   1   0  11  16  10   0   0   2  0.25 0.23
  242 T    1  0  0 -1 -1 -1 -1  0 -1 -1 -1  0 -1 -3  2  1  2  1 -3  0   14   6   3   3   1   2   2   5   1   4   6   4   1   1  10  11  18   2   0   6  0.16 0.18
  243 A    2  0 -1  2 -2  0  1  1  0 -2 -3  0 -1 -3  0  1  0 -2 -2 -2   22   6   2  11   1   4   7  10   2   3   2   4   1   0   4  12   7   1   1   2  0.19 0.19
  244 S    1  2  0 -1 -3  1  0  2  0 -1 -3 -1 -1 -1  0  1  1 -4 -3 -1   11  11   3   4   0   6   4  17   3   3   1   3   2   2   3  14   8   0   0   5  0.16 0.18
  245 T    1  0  0 -1 -2 -1 -1  1 -1  0 -1  0 -1 -1  1  1  1 -3 -2  1   15   5   4   3   0   2   2  11   1   5   4   5   1   2   6   9  12   0   0  10  0.10 0.13
  246 A    2 -1 -1 -1 -1  0 -1  1 -1 -2 -2  1  0 -2  2  1  1 -4 -3 -1   18   3   3   2   1   3   4  12   1   2   3   8   2   1  11  13   8   0   0   4  0.20 0.19
  247 V    1  2  0 -1 -2  0  0  0 -1 -1  0  0  0 -2  0  0  0 -1 -1  0   13  14   3   2   0   3   7   7   1   3   8   6   3   1   4   8   6   1   2   9  0.07 0.10
  248 A    1  0  0  2 -3 -1  1  1 -3  0 -2  0 -2 -2  0  1  1 -2 -2 -1   13   5   3  13   0   1  12  10   0   6   3   4   1   1   4  13   7   0   1   4  0.17 0.19
  249 D    0  1  1  3 -4 -2  1  2  1 -3 -3  0 -3 -3  1  1  0 -1 -3 -2    9   8   5  16   0   1   8  18   3   1   2   4   0   1   6   9   6   1   0   2  0.26 0.23
  250 A    3  4 -2 -2 -4 -1  1  1 -1 -2 -2 -1 -3 -3 -1  1 -1 -5 -4 -2   24  22   1   2   0   1  10  13   1   3   3   1   0   1   3   8   3   0   0   3  0.36 0.33
  251 Q    0  0  0  0 -2  1  0  0  1  0 -1  0  1  0  1  0  0 -2  1  0    6   6   5   6   0   5   6   6   5   6   6   6   5   5   6   6   6   0   5   6  0.03 0.06
  252 K   -1  1  2  0  1  0  0  0  1 -1 -2  3  1 -4  1  0 -1 -4 -3 -3    5   9   9   4   3   4   6   8   3   4   4  19   4   0   7   5   4   0   0   0  0.20 0.21
  253 R    0  4 -3 -1 -4  1 -1 -1 -3 -2 -2  3  0 -4  0  0 -1 -5 -4 -1    9  28   0   2   0   5   3   4   0   3   3  23   2   0   4   7   3   0   0   4  0.47 0.37
  254 K   -2  3 -1 -2 -5  0 -2 -1  2 -2 -2  5  2 -2 -2 -2 -1  0 -4 -1    2  13   3   2   0   2   0   4   5   2   3  44   6   2   2   2   3   2   0   4  0.65 0.47
  255 S    2  0 -1  0 -3 -1 -1  0 -3 -4 -2 -1  1 -4 -1  4  0 -5 -4 -2   14   5   2   5   0   2   2   6   0   0   4   4   3   0   2  43   5   0   0   2  0.50 0.42
  256 K   -1  4 -1  0 -4  0 -2  1  0 -4 -3  4 -3 -4  0 -1 -1 -4  0 -4    5  22   2   5   0   2   0  13   2   0   2  32   0   0   4   3   4   0   3   0  0.54 0.37
  257 W   -3 -2  0 -2 -4 -3 -1 -2 -4 -2  1 -2 -3  0 -4  1 -3 10  1 -1    0   3   6   3   0   0   3   3   0   2  12   2   0   4   0  15   0  39   3   4  1.23 0.57
  258 D   -1  0  1  6 -5  1  0 -3 -3  0 -5 -3 -4 -5  0  0 -3 -5 -5 -4    6   4   5  58   0   6   3   0   0   7   0   0   0   0   4   6   0   0   0   0  1.04 0.51
  259 S    0  3 -2 -2 -3  2 -1 -1 -2  0 -2  2  0 -2  0  2  1 -4 -3  0    7  18   0   0   0  10   2   3   0   5   2  13   2   2   4  16   9   0   0   7  0.22 0.21
  260 A    0  0  1 -1 -3  0  0  2 -2 -2 -2  0 -2 -2  0  1 -1 -3  2  0   10   4  10   2   0   3   5  21   0   1   4   5   0   0   4  11   1   0  10   9  0.17 0.17
  261 I    1  0 -1  0 -2  0 -1  2 -2  1 -1  0 -1 -3 -1  0  1 -3 -3  0   14   7   0   7   0   4   1  19   0  11   4   5   1   0   2   6  10   0   0   6  0.12 0.13
  262 P    1 -3 -1 -2 -3  0 -2  0  0 -3 -1 -1 -2 -4  5  1  2 -4 -3 -2   13   0   2   2   0   4   0   8   2   0   7   2   0   0  31  12  14   0   0   2  0.54 0.29
  263 V    1 -1  3  0 -2  0 -1 -1 -2 -1 -1 -1  1 -1 -1  1  0 -3  0  1   14   1  18   5   0   5   1   3   0   1   4   3   4   2   3  12   3   0   5  13  0.14 0.16
  264 T    1  1  1  0 -2  0  0 -1 -2 -1 -1 -1 -1 -3  1  2  2 -3 -2 -1   12   8   5   6   0   5   3   4   0   2   5   3   1   0   7  16  18   0   1   4  0.18 0.16
  265 T    1  1  1 -1 -2  0 -1  0  0 -1 -2  1 -2 -2  2  2  2 -3 -2 -1    9   9   8   1   0   3   1   6   2   4   2  11   0   1   9  17  13   0   0   2  0.20 0.16
  266 I    0 -2  1 -1 -2  1 -1  0  0  0  0 -1  1  0  0  1  1 -2  1  0    7   0   9   3   0   9   1   8   2   6   7   1   4   3   5  11   8   0   7   7  0.07 0.10
  267 A    2 -1  1 -2 -2  1 -1  0 -1 -1  0  0 -1 -2  1  0  1 -3 -2  1   19   1   7   1   0   8   2   5   1   3  11   5   0   1   7   7   8   0   0  13  0.11 0.14
  268 Q    1  2 -1 -3 -4  5 -1  0 -1 -3 -1  2 -1 -4 -1  0 -1 -4 -3 -1   11  11   2   0   0  31   0   7   1   1   6  14   2   0   3   5   2   0   0   3  0.43 0.31
  269 P   -1 -2 -2 -1 -4  1 -3  1  0 -4 -3  0 -1 -4  6 -1  2 -5 -4 -2    4   1   1   3   0   6   0  11   2   0   1   5   2   0  42   4  15   0   0   2  0.85 0.40
  270 T    1 -2 -1  0 -3  1 -1 -1 -1 -2 -3 -2 -2 -4  2  2  4 -4 -3  0   11   1   2   4   0   9   1   5   1   1   2   0   0   0   8  21  28   0   0   5  0.39 0.30
  271 I    1 -2 -1 -1 -2 -1 -1  1 -2  1  1  0  0 -2 -1  0  0 -3 -2  2   14   0   2   4   0   3   2  10   1   9  12   7   2   0   3   5   3   0   0  23  0.11 0.13
  272 L    0 -2 -2 -2 -2  0 -1 -2 -1  1  1  1  1 -2  2  0  1 -3 -2  1    6   0   0   1   0   3   3   2   2   6  18  12   3   0  13   7   9   0   0  15  0.17 0.16
  273 T    1 -2 -1 -1 -3  0 -2 -1 -1 -2 -1  1 -2 -3  1  2  3 -4 -3 -1   14   0   2   3   0   4   0   3   1   1   5  10   0   0   8  17  26   0   0   4  0.30 0.24
  274 T    1 -2  2 -1 -3  0 -2  1 -1 -2 -2  0 -2 -3 -1  2  3 -4 -3 -1   14   1   9   2   0   4   1   8   1   1   4   4   1   0   3  15  27   0   0   3  0.30 0.24
  275 T    1 -1 -1 -1 -2  0 -1 -1  2  0  0  0 -1 -1 -1  1  2 -3 -2  1   12   1   2   3   0   3   1   2   8   5   9   7   1   3   3  10  18   0   0  10  0.11 0.13
  276 A    1  0  0 -1 -2  0 -1  1 -2  0  0 -1  0 -2 -1  1  1 -3 -2  1   16   7   3   2   0   3   3  10   0   3  12   1   1   0   2   9  12   0   0  16  0.10 0.12
  277 T    2 -1 -1 -1 -2  1  0 -1 -2  0  0  0  0 -2  0  1  2 -3 -2  1   18   2   2   2   0   9   4   4   0   6   7   6   2   0   3   9  17   0   0   9  0.13 0.13
  278 L    0 -1  1 -2 -2  2 -1 -2  4 -1  1  0  1 -2  0  0  1 -3 -2  0    9   1   6   1   0  15   1   2  12   2  14   5   4   0   5   7   9   0   0   8  0.18 0.18
  279 P    2 -3 -3 -2 -3  0 -2  0 -3 -3 -3 -1 -3 -4  6  0  0 -4 -4 -2   17   1   0   2   0   6   1   6   0   1   3   4   0   0  46   6   4   0   0   3  0.96 0.40
  280 A    3 -2  0 -2 -2  0 -2  1  0 -1 -2 -1 -1 -3  1  1  1 -3 -3 -1   39   1   4   1   0   4   1  12   2   3   2   3   1   1   7  10   9   0   0   2  0.35 0.23
  281 V    0 -2 -2 -3 -2  0 -2 -1 -1  1  1 -1  1 -1  1 -1  0 -3 -2  3    8   2   1   1   0   4   1   6   2   8  16   2   4   1   7   2   7   0   0  29  0.18 0.15
  282 V    1 -2  0 -2 -2 -2 -2 -2 -2  1  1 -1 -1 -1  1 -1  2 -3 -2  2   15   1   4   1   0   1   1   2   1   6  14   3   0   1   6   2  19   0   1  22  0.19 0.17
  283 T    0 -2 -1 -1 -2  0 -1 -1 -2 -3 -1 -1 -2 -3  2  3  3 -3 -3 -2    6   1   2   2   0   4   3   5   0   1   6   4   0   1   9  28  27   0   0   1  0.39 0.26
  284 V    1 -2  0 -1 -2 -2 -2 -2 -1  0  3 -1  0 -2 -3  0  1 -3 -2  2   13   1   5   3   0   0   1   1   2   4  37   3   1   0   1   6   8   0   0  15  0.24 0.19
  285 T    2 -2 -2 -3 -2 -2 -2  0 -1 -1 -1 -1 -2 -3  1  1  4 -4 -3 -1   16   2   0   0   0   0   1   6   2   2   7   2   0   1   8  10  38   0   0   4  0.42 0.29
  286 T    0 -2  2 -1 -3 -1 -2 -2 -2 -1 -2 -1 -1 -3  1  3  3 -4 -3 -1    8   0  14   2   0   1   1   1   0   2   4   2   1   0   7  27  26   0   0   5  0.43 0.29
  287 S    2 -2  0  0 -2 -2 -1 -2 -2 -1 -3 -1 -1 -3  0  3  2 -3 -3  0   24   1   5   3   0   0   3   1   0   3   1   3   1   0   4  31  14   0   0   6  0.37 0.26
  288 A    2 -2  1 -2 -2 -1 -1  2 -2  0 -2  0 -2 -3 -1  0  1 -3 -1  2   26   0   7   0   0   2   2  16   0   3   1   5   0   0   2   7   8   0   2  17  0.21 0.18
  289 S    1 -2  1 -2 -2 -2 -2 -1 -3 -1 -2 -1 -2 -2 -3  2  4  0 -3  1   12   0   8   0   0   0   1   3   0   3   1   3   0   2   0  22  30   1   0  14  0.39 0.29
  290 G    0 -3  0 -1 -4 -3 -3  6  1 -4 -4  0 -4 -4 -1 -1  0 -4 -4 -4    5   0   4   2   0   0   1  61   4   0   1   7   0   0   3   3   7   0   0   1  0.94 0.38
  291 S    1 -2 -1 -2 -2  1 -2 -2  1 -2 -3  1 -2 -3  0  0  4 -3  0 -1   14   0   2   0   0   7   1   2   5   1   1  10   0   0   4   5  41   0   3   5  0.41 0.28
  292 K   -2  1 -2 -2 -4  1 -1 -3  0 -1 -3  6 -2 -4 -3  0 -1 -4 -3 -2    2   6   0   1   0   3   1   1   3   4   2  64   0   0   0   6   3   0   0   2  0.83 0.39
  293 T    1 -1 -1 -2  0  0 -2  3 -2 -3 -3 -1 -2 -3  3  1  3 -3 -3 -2   12   3   0   1   3   4   1  26   0   0   1   3   0   0  13  10  22   0   0   1  0.41 0.21
  294 T    0  0 -2 -2 -2  0 -2 -3 -3 -1 -2  0 -2 -3 -2  1  5 -3 -3  1    6   4   1   1   0   4   1   1   0   2   1   4   0   0   1   8  54   0   0  12  0.59 0.31
  295 V   -1 -3 -3 -1 -2  0 -2 -1 -3  1  0 -2 -1 -2 -3 -1 -1 -3 -2  5    1   1   1   4   0   5   1   5   0   6   4   1   0   1   1   3   3   0   0  63  0.56 0.29
  296 I   -3 -4 -4 -4 -3 -1 -4 -4 -4  6  1 -3 -1 -2 -4 -2  0 -3 -1  1    1   0   0   0   0   4   0   1   0  69  11   0   0   0   0   3   6   0   2   1  0.89 0.39
  297 S    1 -3  0 -1 -3 -1 -2 -1 -3 -3 -4 -2 -3 -4  2  5  0 -4 -3 -2    8   0   4   2   0   2   0   4   0   0   0   0   0   0  11  61   2   0   0   3  0.74 0.38
  298 A    6 -2 -3 -3 -2  0 -2 -1 -3 -3 -3 -1 -3 -2 -3  0 -1 -4 -3 -2   81   1   0   0   0   4   0   2   0   0   0   3   0   2   0   2   3   0   0   0  1.03 0.46
  299 V   -1 -4 -4 -4 -3 -3 -2 -3 -3  2  0 -4 -1  6 -4 -2 -2 -2  1  2    4   0   0   0   0   0   3   2   0  16   5   0   0  44   0   4   0   0   3  19  0.67 0.30
  300 G    0 -4  0  1 -4 -3 -1  6 -3 -5 -5 -1 -4 -5 -4 -1 -3 -5 -5 -5    8   0   4   7   0   0   4  73   0   0   0   2   0   0   0   2   0   0   0   0  1.23 0.41
  301 T    0 -1  0  0 -3 -2 -2  0 -3 -3 -3 -2 -3 -4 -3  5  3 -4 -3 -2    3   2   3   4   0   0   0   6   0   1   1   0   0   0   0  53  25   0   0   1  0.71 0.37
  302 I   -3 -4  0 -4 -3 -3 -4 -5 -3  3  4 -4  0 -1 -4 -3 -1 -3  1  1    0   0   6   0   0   0   0   0   0  25  54   0   0   0   0   0   4   0   6   5  0.67 0.31
  303 V   -2 -2 -1 -3 -3 -1 -2 -2 -2  0 -1 -2  1  1  5  0  1 -3 -2  0    0   2   4   0   0   2   0   2   0   7   5   0   6   8  39   7   9   0   0   9  0.62 0.25
  304 K   -2  1 -2 -2 -5 -1  0 -4  1 -5 -5  7 -4 -5 -3 -2 -3 -5 -4 -4    3   5   0   1   0   0   3   0   4   0   0  85   0   0   0   0   0   0   0   0  1.44 0.52
  305 K   -3  2 -2 -3 -5 -1 -1 -4 -3 -5 -4  7 -3 -1 -3 -2 -3 -5 -3 -4    0  11   0   0   0   0   0   0   0   0   0  86   0   4   0   0   0   0   0   0  1.49 0.50
  306 A    2 -1 -2 -2 -3  1 -1 -2 -2 -3 -3  2 -2  1  4  0  1 -3 -2 -2   26   0   0   0   0   7   0   0   0   0   0  17   0   8  28   7   8   0   0   0  0.55 0.21
  307 K   -2  2 -2 -2 -5  2 -1 -3 -2 -4 -4  6 -3 -5 -3 -2 -2 -4 -3 -4    0   9   0   0   0   7   0   0   0   0   0  84   0   0   0   0   0   0   0   0  1.20 0.32
  308 Q   -2  3 -1 -1 -4  6  1 -3  0 -4 -3  2 -1 -4 -2 -1 -1 -3 -2 -3    0  18   0   0   0  68   0   0   0   0   0  13   0   0   0   0   0   0   0   0  0.82 0.15

                      K         Lambda
Standard Ungapped    0.1242     0.3049
Standard Gapped      0.0375     0.2670
PSI Ungapped         0.1218     0.3001
PSI Gapped           0.0375     0.2670
